hashmd5sum;separador;arquivo;;;;
9eff7b4bda6e3e5ec6cc384701a748f7; *;IMG-20220112-WA1401.jpg;;;;
ee512d5748a6e5776b25b11ed6a25059;;;;;;
33b6b0a1d465ae532b1a87e3ec054bdd;;;;;;
8b734263bda75132f90f8c9940d1e165;;;;;;
1296c4664b6d9e11db4ac82025c607b6;;;;;;
e529b338d55f67abd53618dc9806a3ea;;;;;;
fb62c88e799f555e052ba90aa2f174ef;;;;;;
871b94b4206947a858317177b335bb97;;;;;;
011b9d336b63acf9ba9783622db34d86;;;;;;
0ea368c0d93f6200cd742dc63f2e7acb;;;;;;
7fb344241cdd683497bf634d769a8f91;;;;;;
9785f4b2497d9cc78e8419dcb180c359;;;;;;
ad0924e0a1f45aedf9f55acae4070b24;;;;;;
d1459d49979882f52d0b3459497adcf1;;;;;;
289a8fe5a6ef358b713b9f8dc905800c;;;;;;
e3bf8f5d65b5b6b92fa9bb5d74dd2eac;;;;;;
99a08253d9d527c7ebfa16cad92081e9;;;;;;
5a64523f943994a80855f3dc65609013;;;;;;
07e2bf3b3d408ce7660ea715074e5426;;;;;;
8bbe1f34917219aa0aa078148d923c0d;;;;;;
be71680ab8d061e05955b8e49bd476b9;;;;;;
46ecd9192b45f17487acf7367cb83c4e;;;;;;
8a4f5d52f1a8e052fe9fcee6668ba972;;;;;;
5ac8213fed1b6e961cb3f7c570d9d5f3;;;;;;
b9051bafe6bf9f35c0a5b2ae698245ad;;;;;;
f8c498abcf4fc18d9e6a09268e81207b;;;;;;
cbc5967891fe92ce690f4efa18253908;;;;;;
b303e59192a6e0ef099f371a79c4af89;;;;;;
f619aaaa92bd6116bde1006928df3a26;;;;;;
e3555845bc3e6a51e35ed6ee7d5aeec0;;;;;;
e1a703b3a84e62e95a061ccf7aeb3809;;;;;;
c685060234f29ce449a2f0e52971b26f;;;;;;
13c2feba88504e0e43b474d5210b5ac5;;;;;;
efb8c95a0cbb27ea902a7a252cc85910;;;;;;
189587c7d28430aa99ea85a131aa3ceb;;;;;;
5be5d9cd8dd00992060cef6876dc4e7f;;;;;;
2f3e4ed0e2ad2a9d998fa4a70328ef69;;;;;;
6d2846b5e5171fb2bcbe2778b0e62644;;;;;;
80047f97f57a41b33b4bf1398d9ca883;;;;;;
c8662e1efbf1ac6cb0ea8da9a83872f3;;;;;;
a688b6289cc3c1a97eb556d64076c89c;;;;;;
132472317467e30f4ec4e6fe3416224d;;;;;;
6e7970b7a31371602c092a9deb2cac67;;;;;;
0350a8cf41df2497fed72b7b3e471e4f;;;;;;
5d42411e3391cfb23ab93eed457f925b;;;;;;
03d466f21e4645500298287c0b4e29ae;;;;;;
fb0a6e11e51c6ce0d32bf9b99a4d614f;;;;;;
c2cb3889a04455b34ff4c4a1ff4e5e40;;;;;;
0bb274a95925475b51a9096f2a6c32dc;;;;;;
ef7f1da629a548eac23f3b758298f9cb;;;;;;
999b7b60bb59d78a96488309e2c218d2;;;;;;
f19bc721220966e23dc304af3a81f37b;;;;;;
4d0d6d6d5dee602e1941ed84f243e380;;;;;;
a7210b5f26effbc902c1a4c6c13bd0e2;;;;;;
52aa08f782b6a07eacf41941cc542747;;;;;;
7ba4f2509daa65ee1cdd4845445401a2;;;;;;
657fe70cbee2771bf9ccf60c5cc9edaa;;;;;;
f74a87cbe99c0fb284ecf68051f7ec79;;;;;;
1b240a1dad4f2d9ecc4af9068e8c27f4;;;;;;
7921252aa6db20ba4dd421bb2fe67790;;;;;;
84b7750ca0d2243c3d760816cca766aa;;;;;;
e203339853d6dc7e62627bd6d51a4563;;;;;;
dfe38df22ea0436e0ad4b6a42b624302;;;;;;
41015f4f499a9d1c40eae308495d1f9d;;;;;;
1920ad75fa5e8c898ed2b6a396c3cd4a;;;;;;
e79d40ca06effd00de0662f7f0c76d9e;;;;;;
c32f3173c76ae237562017257f54f504;;;;;;
a092b884f6fd09ef77d9011e59f38207;;;;;;
716be50d8332a2be9198ff5e608b2a36;;;;;;
41a4902184db6cc4e0cb7f416bb71aba;;;;;;
7df297b3ff9a494ab92f734663c21f8c;;;;;;
3768d39c64640e5244eb2615dfa2bfc0;;;;;;
db76de39c8bd8079dcfed8510ab1dfc2;;;;;;
1bbee7ceb076c29eeacdf0a8cab9eead;;;;;;
af5b998e97cb33ab1fe000d629b73005;;;;;;
06f05d86d0491c76af7cda7b9d5f5161;;;;;;
ed30d52f1b4a7a26560a53b26f4ac95a;;;;;;
adb9f97771ebc7583b4244f7cbe7b22b;;;;;;
6c8c1eb3574db0c0763118c27d865a3a;;;;;;
6a022bfd40fba5f38d2aad1770bfa0a8;;;;;;
0974aafdf45676c52486897ce0317fd2;;;;;;
4e087510e75ecd95186579342a1b45ac;;;;;;
cc1849378960fe9071ce3bdc95e3ae48;;;;;;
3518f9edcefdee197e18bcc3fd573f8a;;;;;;
7af9385a31007ba13892e24e0bb24008;;;;;;
3a240a55e1c816e2cbe52d07e2f4a51d;;;;;;
a934f1a40caf5ada6ade9e13678a5dde;;;;;;
d4c8a1bd8abc1675a06d7e559eda8eaa;;;;;;
5e8757c3a82d74fddf40698d88bcc1a9;;;;;;
109dc573d042bf1cf5f5ec0c08a6bbc1;;;;;;
2e9ee4065a5adeb5535fd7dff0a9b17b;;;;;;
49c4d32e24d2e5063d57569f7e311fd8;;;;;;
daff7f222af09ab69f62ed2bc44275a3;;;;;;
74f8f089eda4c5864641cc8f7e50871f;;;;;;
7e0f9f945b9732f9d815e1413e849328;;;;;;
562b564c612c23dfdd0d47e425a7b1f4;;;;;;
00cabf44f46c3b84b68863103ec36888;;;;;;
a359cd7b53e14ec6ef1823af57b425fb;;;;;;
97160e49abd1d4985d866195b4f51e8b;;;;;;
93f5937823724a11c233da2d0d4f96e8;;;;;;
79a150a586e417a000d8086a621daf62;;;;;;
e621701849006f8cf77f2f986049906c;;;;;;
e1388376d028d803d9e02f4580b16dd3;;;;;;
5f0589d1316817e9d9dec9bb756ed0a9;;;;;;
18ed7a0eb150e970873486dfda4c7f20;;;;;;
42b2539a6dd110b06cd6cad88ba8d7c2;;;;;;
124ac11fd165f269faeec46d5bb5dbb9;;;;;;
dffeb1c0de029b64b18eb6256ef858b2;;;;;;
6122578cd07bba726ee195494d07eae8;;;;;;
aaefa2ad3a1af78961163028d05cb571;;;;;;
0289179c563f3038626ac05d29d0f097;;;;;;
99a7fc4baf2aae1acb78e4ad86f374b4;;;;;;
2c5880d7659ee78a29a75a7e34d7aa22;;;;;;
99d204fa67fdaaa7ac8eef5e3cf15835;;;;;;
b77b530ea4289463c8a3e1f933c3319d;;;;;;
9004cf80fa1247ab1a69499830ce947a;;;;;;
b15c912e91e0682483eb5a5ba725019f;;;;;;
b21e0fd5534ed9eefd158d0f8ab6ee45;;;;;;
b2215e592983fe69bf83da22f8a3223d;;;;;;
bb223b2b91829ca596e5c43e9b400100;;;;;;
8a3b6b4e40b1ae225ac78999c0f898f8;;;;;;
2e7be37aca659a8f6dcc09537a5f58d9;;;;;;
232b4172109cdbff84112da180057861;;;;;;
44faaef2e5ea50bac2e9bb156811dccf;;;;;;
11df99a251895318e34a03a3f334be2e;;;;;;
37b2bde8db90585591f31c00a9382533;;;;;;
d37f4efeeff2c8472720dd935372e273;;;;;;
97079cf21b01617fe2d1101ca3bab3ae;;;;;;
edfb57e85ae2139bd694a58016764aa4;;;;;;
c68709640cab7dec06a797156b326ddc;;;;;;
53de0a01b97292546f22e14e9975afed;;;;;;
8e215b6e99b04b98b5d48cf1a1461d90;;;;;;
29cc91b39cf07569210888ea69b6e3b8;;;;;;
3ca5fc222b584e35a78d7776e03a37e6;;;;;;
18d8911557c8a05e16e589d7c8476bd6;;;;;;
f538a93476f0e3fb282d5991dcc6ccf0;;;;;;
47a1d6c17f6b9f7f46a800111d8df116;;;;;;
16d41bfc52d8f5f626540fbd26502521;;;;;;
b114d89306dd5af0d9b5d87aff8a75a5;;;;;;
05a0ec9787569d5fb6fcc443ec0bc833;;;;;;
3aff9c1439c33a9057ebf8436a9f6229;;;;;;
f63dffff762dba80faeb0d0f53685c17;;;;;;
75a69770b2b964df1efb684cca54af98;;;;;;
e9550cdfa5991732da1ba9f65cec050d;;;;;;
bb6e0086919fe8ccee26f5973ec659ad;;;;;;
d36b55ed768e5c0e5cddae7478e44e1f;;;;;;
812862d8e7dabfa9b12b9cfde0d1ec0a;;;;;;
b94fba2a716efe2fb389cc57b7faaaae;;;;;;
157b14c3fab868a489ed1224cf32b4a6;;;;;;
c028830168f07e88d3c565dc79279ae9;;;;;;
692a47df10e79c714428c34c9626b6fc;;;;;;
48ddb05b0915c12dcc9f5c0396d9c847;;;;;;
2c09989dc71d704c902b125238d8596d;;;;;;
b547561eefefb2aa64201f3b1af4954d;;;;;;
2ae6c03982f01567de02456d9d77d6ce;;;;;;
0a7f59c873b53b1189ef87e80a4cf08c;;;;;;
359d19190f4f28e0e4f6279b5e3d97cc;;;;;;
017fcfeb5b8eddf97333db73218bd3ee;;;;;;
8cf86f10dcc9a029afc970bdc95fa5d9;;;;;;
884b0a8959ee8ecf0382f6080db5f2f7;;;;;;
6505ad534bb3f9f32f67e6377c8b50cf;;;;;;
deb3af12db3f70b34d2b490edeebae64;;;;;;
b7920c08df2d083528712f5f4b50519b;;;;;;
751cc9c89f163e58b6679ca2d4f34e32;;;;;;
abb20b9647cbf63a971c38656fccbf90;;;;;;
7eaed8b0ae553a3ca370c6011dfe4702;;;;;;
0449817e89742a861290ecc6a23dc481;;;;;;
383a886c6d7aa8d5b3cf5671de73c6d9;;;;;;
ae34e83287c5e00b3c2db52d275c08f5;;;;;;
11472a936bbccf55c8a0508f6e8c2f39;;;;;;
b1867c0bcf1a685e4fd33ea890202c4a;;;;;;
4bb7327be1474d2861f70a76b015a1be;;;;;;
fec6fa93c5d83731ce01cba9c9f43295;;;;;;
569f4b067269f6af60f860e0a1efc7a1;;;;;;
f78fc28e2dd6b28e1bd0a0dba6201f8d;;;;;;
0d5360c1ab04b57f58d992803a972a5f;;;;;;
962f66fec12f68298af36aca04c62303;;;;;;
ba61f74ceef8d83c00d5df49ff34b9ce;;;;;;
8adee76996dba1cd02ad252d96ba8ea2;;;;;;
8b736fd0388491912ebb06bdfc8a0779;;;;;;
7730cf6ea6663bcee65d883f6b4fcdb4;;;;;;
b271d3d346a17c702e0a60a5a726cd37;;;;;;
2c386d93529821bae33501726aaa173b;;;;;;
aa06c9c1beecf78c8420bee7d0d9aa06;;;;;;
72a12eb58a7e712722a11a3b379c1e70;;;;;;
a8052260a2a958ed7554a2d412c8d1be;;;;;;
0bf9d596fbecf0cc47285116dbb9c6ab;;;;;;
a789fbdbf8f5304fcb15ccd2efb594b0;;;;;;
5636da570c729a1dffabf7b786c3a447;;;;;;
fa908fcbe2e8f80018ef21c595b80ec3;;;;;;
56b035f00a6b3f0a89ab0f7de35ee6f6;;;;;;
cf65dec78b04a703651113c6a7f8872c;;;;;;
6fcb49d546f45d43c8b83601782f0b33;;;;;;
acd1baf94f8e7d4d2cd50569c2647281;;;;;;
bc3d7b8e20cb0461501ce38b5e6b5bdf;;;;;;
9b5fcbc7844e0a8b46cfd4b7ed6e434e;;;;;;
328169c0a2b40193d2125bd3e9539be2;;;;;;
59bfe2e1b7dc390403f4371a14e8876f;;;;;;
58a3cfc15f7737ec402c8daf89db9a6a;;;;;;
29294a1cba647f371c687a281aa6b746;;;;;;
029d1815a444d1fa9e88084804780021;;;;;;
9c2bdf41f6ee1dff7236899f67523349;;;;;;
0ad57dc4065abea9dd4de50c4224247c;;;;;;
108b456ed7b9ecea93d2c6ed4f43510a;;;;;;
86907a0c5099ea551f90a439682bef50;;;;;;
5c0c809288f18c1fa188487d39353e04;;;;;;
11e3b9efded5255ee1f41e17bcbac43a;;;;;;
37e571cef8b5c7de01a06a3c8ba694bc;;;;;;
4d1a16f7ac2424294112303a764f0158;;;;;;
892f749163416332d87b70037f798ab1;;;;;;
48da6ebe9b3132fb7f55853c6f2b4694;;;;;;
073c54ee74b4ef2ad8a2a86f5a1eabfd;;;;;;
60a4f8adb303dadb84087d34bfec0b96;;;;;;
88d2cc36f133afe27d2f4df29b2b6252;;;;;;
a96458166b17ff5b551859b9c6163720;;;;;;
f0a7a4c32bc9ea468207a6450dad4b1e;;;;;;
a751e06eab351732939531dce7f40ecc;;;;;;
481099678e81ba210f6fcdcbf5c93b11;;;;;;
b53cd59d3a29e9b0e116c916a7725321;;;;;;
9a01e0e18a7d648544f7837d2edf980a;;;;;;
14aed3297056c351b15c3f6c3a89a32d;;;;;;
ae287b7982dd7e5dd857a9c436884837;;;;;;
68ffde97fc70f83aa1b0d5bac34e3ccd;;;;;;
6e34c792bc3b1f90493aa93c0f5e69af;;;;;;
1c7dc1bf5ac08b71602a14529f110361;;;;;;
0e93b3260d426cee31a4b0a794d6b47c;;;;;;
7a3362b2e78c64a5d85b94ef062eff82;;;;;;
ab8eb565fa0ede18a37d6b3616b9ea65;;;;;;
13b48486821ae731c3074c8749dff76c;;;;;;
a92475764d4bab81b9f7a1525bcde193;;;;;;
6a9591c1ba35426b6fbf9fa6e14a9ea5;;;;;;
0a1c62260da2592e139adab1a6abea39;;;;;;
099ce55106fcda214e39aef56f16003a;;;;;;
8305005c54798547e906e31d8bd461d6;;;;;;
4026371db728f1a2802dc93c01f0ee1e;;;;;;
8861933d61c5ed827ed5def632dbe9d9;;;;;;
068f88d3ad7dc9701356965984cfaced;;;;;;
d802f9f2b27339ec85e896c491ad34fa;;;;;;
bec0af115142dc9f313fdb1808b62d65;;;;;;
fb01f44efa0484847e654c2b6f3bc646;;;;;;
4204cf6ef90f58234ef5459dd3fe0afb;;;;;;
9bc6d68c45dd30f9463e4d8778737e70;;;;;;
71eaa83aff2a5ae3c5806f61d33bcdbe;;;;;;
e8ca11e204840e85adcd154169280cd2;;;;;;
989f3a6ea6606cfcab49a36794e9b808;;;;;;
bcd3527302a52b60467482a10bfd15dd;;;;;;
b231fe3819052434c7b4fbd1d855212b;;;;;;
9469f48d3784d5926642fd031c59260d;;;;;;
950f6ab5728a1ed153773118a8260759;;;;;;
05a77fc5ff60101538085ee749e30c3c;;;;;;
872cdc2c8d2b772a8d385a3a46496fb4;;;;;;
e14116e68f1fe84ec34ac2c1a2807d00;;;;;;
714601d4390da8178cf921a2ed03f7fe;;;;;;
08fd2b0c9eec713a2da91c905b1741a9;;;;;;
e9ef5606a46c27e786937472be85f309;;;;;;
58a408ea75412e04737e0d8dd0b3e298;;;;;;
ed474a453c27c66d1ca0800b5c62d08f;;;;;;
9b7beb870b66619f1eb65af4921d0456;;;;;;
de4c30cc6bb88c4b82ddeda66ecf3e19;;;;;;
2249074cfce3beb2923d54c1ba439fba;;;;;;
4eb0aa883f0942f24026745328009bf3;;;;;;
539294ecfc5ebb5edadaa8dbd0c89e92;;;;;;
a26c1e0267d43d1c1421b8a33d787d34;;;;;;
13cb8a730eda44a260f6382394d03d79;;;;;;
84aa4f403b15472beeeb35123f63ade4;;;;;;
cf439ceee17778376118bf608e117405;;;;;;
411541950b6eeca5cf38deee307de7ce;;;;;;
a860e032fe00e50d3f4ab88247d824c1;;;;;;
6a2b051daaf7a02fada491b0e5853f04;;;;;;
83ffbad450c4a42afed693d776e92721;;;;;;
64ef52b02f3cd77b43940afe28c86916;;;;;;
b9827a4fc9bc47f3b5dafadc4a4c0e4c;;;;;;
1164586d49cb23870971b3094a37095a;;;;;;
b0ddc4bcd2146df8784a0c6e3df7a925;;;;;;
935433b9626a9fb33f6f7af415d728f8;;;;;;
a49da5b4b0d5b4a2f1d00bda02206705;;;;;;
1f40ba71e941969f5c5217da1c6bc259;;;;;;
4ecde6c3cc63f89a556100cd34ebd683;;;;;;
e418c4c35608b0543438f69fa0db06d0;;;;;;
6d8d4883e19e5ddf6a5a4f13c6621049;;;;;;
170c196381f33846803f92b16c917752;;;;;;
cae9f12cc28b5583550272fe5d6d5516;;;;;;
49430922f85bd540783aa46a431dca04;;;;;;
e0c0901d4d40bd33571e7182fb8e9956;;;;;;
05d649c70581f90bdd1285429cbde0ca;;;;;;
ac354abd41c9fee786e49960c774813d;;;;;;
7301db1340ac1f4053d278e221e59ed6;;;;;;
614f130650d4c995f0d8ed1bee686865;;;;;;
208ba9e259035d9398dd28f1ccec43f1;;;;;;
b222d44943e6129916f61219529b21f3;;;;;;
e712bc3f390b907ad5e1f96a84a1b1af;;;;;;
2a72d89a3e44031b1d9c5a6d79348531;;;;;;
61475c69d364ef4128710c7323faed39;;;;;;
545fcb2aade28b9d96de6b211deee62f;;;;;;
fe6810f960dbfe4d61f2a279f32018de;;;;;;
6cb5f95d1b2a96e980fbfe9d50fad3b5;;;;;;
8f4649cf82ca6e1287ee5c62e0a15ac7;;;;;;
635e54f58fd1dcd414384c270e544a8f;;;;;;
5b88ca6e31db4db738ba2cca18af550a;;;;;;
5445d72412148dc525d2d1f80e670f0f;;;;;;
365c9cdb2dbe316eb924f4a8e6a79e89;;;;;;
affcf9d950040ae376f669fdcda284f5;;;;;;
7cdb70699f680bcd2ee8ff155e342405;;;;;;
70076b1eeab05e99c164dc4a014296ee;;;;;;
e07419652841de8b2bca0c5a43606885;;;;;;
c3784fb97487439d5c597918b0433744;;;;;;
f3500b73aba4b5857394aa5727598dc7;;;;;;
3a1233014fce7f32d9844077a992099d;;;;;;
aaf8da635db105eb9260683763532325;;;;;;
8ce8a982a7a1d12b0861ff682dcc076e;;;;;;
2f19bf3e576a463c71a18871a4c09093;;;;;;
e958416c346ae6186c9acb937d5e31e6;;;;;;
7a5bdaaf74fd65e97b2d65f4a4bf7b6a;;;;;;
149da448d55757054ad9b8c6946405e1;;;;;;
5fc50c52c18d24be1c4cc8e51341cbfe;;;;;;
1ff1817a5d6a2f8cdd9cc6de10be51c5;;;;;;
7f85f20a19003e0d659fd91d8f705f85;;;;;;
8ce7f21583413f7dde8b5204de0963b7;;;;;;
3c47c21f4c630993ffee8cdfdeecf746;;;;;;
474de5607880c6fdef8216692947b846;;;;;;
47a1c9ca19fdab8ab225a5fd7605f012;;;;;;
97b671825ec1d11a08990dab4b08ed95;;;;;;
4ab5c41473e42bb0954138af94ae0adb;;;;;;
37acc140aedacbd9f10fc19ac6c788c0;;;;;;
f0740f65d6ce3c8056d356290bef2ef2;;;;;;
3920c6ef4e6a4998b4b285420454ca6c;;;;;;
cb2fad8c0f19f5b283576f03126bc427;;;;;;
d475d67bac0f97d5778cd4a3d454e48f;;;;;;
012aac6035e73e4e4a9a0e20ffab4437;;;;;;
9143079342af9e83feb7a4296a401095;;;;;;
6a50f8a145ed15b1c814edc4f60cd24b;;;;;;
348ae1f5fa157acc11affdd5b80d4577;;;;;;
862148118dbef12b6862bd8c2ada70fe;;;;;;
706e8c7a537669edc9566d5309fd9aaf;;;;;;
87343330731c16295698ab7c23747bb5;;;;;;
5d88ccbee63ce02cbe5ab30ffc07584a;;;;;;
5027dba926d2277955232123a7257af6;;;;;;
72195e82c8b7188a449d4fa73c860eda;;;;;;
5806b49d374dbbd5ac15c613098bcbb4;;;;;;
27581b5df4e0c88b2bf8788f3216a2a5;;;;;;
f13ab5eaea7da7d8179909a7d58aae37;;;;;;
37e634812b82da05d54fa55a5dd415ef;;;;;;
bde7f79e567ec8e62d54b3b5e1a5733f;;;;;;
ec013e485fd974769ac89ff5f2b31c32;;;;;;
081786343fcfc869d53e689054d87a32;;;;;;
f4d594a476c5fb91a212a2bac4ccf55e;;;;;;
4567b44532fef8193e18b7a14b52979e;;;;;;
fe2fbf358baa3f821be86c90291158d2;;;;;;
95c585db9b160acee6c50081143f4f77;;;;;;
ba0855049be0cb6573e12ecbdb0f3280;;;;;;
3a6e5b9f922ac7d3c5f0906e4f4b2076;;;;;;
02e50b1b1b301c565e99614ff522ca73;;;;;;
2821a6e46902bbd3f820f60cbc9a4806;;;;;;
4da97a353d289d73f2723a654d68358b;;;;;;
285819baf6e53e607649baef55809604;;;;;;
76acd116e0b4a6b3338d0d0ad6d9479b;;;;;;
9f9bf3dbd262ee65e683cd19e211a011;;;;;;
16f5022d5c6426a71a4c4a8133fab303;;;;;;
77eba19a9e39124de525afc711b1bc40;;;;;;
e7dd157d0667b032f5a5b98df0cac646;;;;;;
c6c02eda39fb3660f234c91d8ae5e981;;;;;;
7f1badd818489df1b38af45c6d22590c;;;;;;
121cf5af24b46383d77fd2be881e3e45;;;;;;
5d8b316ae3606fbba41ad0b058a85cc1;;;;;;
5cb84f2269cda7759b99937c18867d20;;;;;;
50b851e28160c20f796cb539a42bdca1;;;;;;
a5fb0cd32841f7817a4d5056616488f3;;;;;;
20b927e1dc28fcf8dc1c68c2c53081b0;;;;;;
1d21627ebb5769b0c3325bc43fdd85f9;;;;;;
6db08d740974897a77d812ca0ad5275e;;;;;;
cd53c96ae99ed96988516ac77f6f9bb0;;;;;;
1605fb6572a0b26a617432721c66c4eb;;;;;;
ae734ea8072e121f00505db0ec48e7a2;;;;;;
10daf280e5157905cb5565c157ceda9a;;;;;;
3b21cedb2a639b735867bc291e616cd2;;;;;;
02f0eee4cdca3f6ce46d6d304ab0e89c;;;;;;
f9dcfc9215836cef4739af039deb5332;;;;;;
2655e16483a51e295d6eae40a3e8ef53;;;;;;
e9696fe7f1cff72c01ca86aa7eac49cf;;;;;;
955cc36b5181b8f93fc171eee5317e3d;;;;;;
ed27ecaeedbd64426f0a519b3ddf882e;;;;;;
11e280daf1a3b4e4007c94ebf2f9fb13;;;;;;
5f987e1706704dc9edf7cc53b5b18ca0;;;;;;
74bd69ad78a93d95a254a08159c0c5b1;;;;;;
18378291841329760b2dff9a815e7ed5;;;;;;
28e091d5840236a8bc5f78f95bf6e682;;;;;;
8e441d57654b1015202220081d6cd52a;;;;;;
deac1f9623639b4cfdac2aaae3d7880b;;;;;;
a31bcfeadc9fb6e786c492284c90ebd5;;;;;;
738d495ce4cc0a192b4947d755cdf00c;;;;;;
63c11eb00d9eba26b77c00d9bf9d12f3;;;;;;
dfeb13de46a4701ceb85882273ba5ff4;;;;;;
a0b1d01d70d68e5d0056abc9851d81d3;;;;;;
e6ec4302270668d250f67ccff75223eb;;;;;;
aef501d3fd1038047fe888ae8b682b6c;;;;;;
d76ae7e57827c3b3bdac9e6cc1428f9d;;;;;;
debdef81ccc4d2517f01eb3ae3ae5ffe;;;;;;
73b390e24643180c2c9e77b4c427db39;;;;;;
270c315e3ea0522e2d9fad62884bb913;;;;;;
4193865aeba5be04f1f029bb64577257;;;;;;
49e149cd2bcfc9b2278cb566ce2ae247;;;;;;
2ffad496add119dceec188fbd2b9f98b;;;;;;
8535c4409ae55021f68c2d18e4867b6a;;;;;;
091f776c73b4f570529f9b16ce727a94;;;;;;
326ff2f75fb5203085123eef01c29e4c;;;;;;
641c99aa9308aefd977a2cbf11b872e5;;;;;;
e253118dd032f210087282ce858e9980;;;;;;
14365c5d259639680c4809fd30fae1bb;;;;;;
11e77d2f062ecafeb9d8ce26e8be8ab0;;;;;;
b69ca3092dab7cbcf91c75851e2c1003;;;;;;
e3e7626e9d6c52e5dc83c8b94ee9e3f7;;;;;;
b0891b5bf26fe7a273afd738e3524df2;;;;;;
6a503b5f5e202a8d1c140d46e0b1feef;;;;;;
84aeb4ae51c9bcd14e7d74d6eac48eb4;;;;;;
385c70a9fe1731d09f30b51e25d930c7;;;;;;
644bd32ca0fbb0c35e30a6aa36a5827c;;;;;;
f6a34a24abea9cfa73319309293e6073;;;;;;
08a483bfeebacfdf175338d608235b7c;;;;;;
b85a39594713a9b1b2513ea789d26707;;;;;;
5a3f31c05fd0515f393a54eca63b7d17;;;;;;
6b53fae798c1803b572c5b8ebbb2da1d;;;;;;
5cdea328cdeccf96f90144d61c77f587;;;;;;
ac2039a4d59b62ad63506fa614b23f73;;;;;;
f0bc7382318e581a6df97376d0b9c0da;;;;;;
d89c0fa44229d32e19d08a05659415f5;;;;;;
1857a453fb023d967f4d88ca977b5cba;;;;;;
4fb6e4562f07934b9bcd89eb6f0b9dd8;;;;;;
6514224d000bca93a133a6d46093609b;;;;;;
f4dd2ed0d352481e712e072c2ac9c910;;;;;;
97fc77a392f762ca1720815bfab39317;;;;;;
0425d00eeefd9162f9189fab81e9b4be;;;;;;
1fca448c3a1ca8c7e15c5ecb752a35aa;;;;;;
a1aa2f4a262432e0790caddb1dd661da;;;;;;
3c136bc0255951468b89816cf0854e93;;;;;;
269c99f1df4fe4f1e5bddec15fcc7617;;;;;;
d92783142fd898cd09716e43b2cf4b53;;;;;;
574ec5dbd31841d965c191b3718ca7a4;;;;;;
22fdc347dd379be539de3e3c50fbeae8;;;;;;
49686a0308a477ea79324b85a904cc7f;;;;;;
d4c393f35e7344e5169d00a801bd6ba0;;;;;;
298e57581b956ee9ea52fd3c7fd77bb0;;;;;;
b76145d08ad4c067996b31dd4c4e03f9;;;;;;
4760481d67d7b597b01424b976c451a6;;;;;;
3eb3a98d432baaf2726f4554105442dd;;;;;;
8f56069a90b602585ac9b0c54a98ac41;;;;;;
8bdd6f3f5c43424764ecbe436c48a70c;;;;;;
6bf0a7e832918f29d629d7241b779f52;;;;;;
9552aeffa582905c8ac1712af1b25fe5;;;;;;
b0382f5a3bec054766e8ea5cb74e418a;;;;;;
f4f3ab4a30b640898953aa838c2c6e53;;;;;;
d776b1d10f0960f30fb5c80aa870497e;;;;;;
add065a6c423366407d8ff67bc9a2ff8;;;;;;
3540bbb8187f745bbcc3a96e8a64b501;;;;;;
bc5d5529bb657c399188d2025c51605a;;;;;;
5067fcd5a8121717cb218d46db5162b7;;;;;;
9211b67e3414b74af409c013dac9bfa4;;;;;;
4b163591c1db85f3362f910461eb37c2;;;;;;
971a41b185336b05cb81472452e2fe9e;;;;;;
a600cc412ef3e75b0a818eca5a034417;;;;;;
bea867e13065b114f23ca87f5932d8ad;;;;;;
1f4c8ccaa786ae2ac06e18483f9ed6bb;;;;;;
84ce86f355517a50d0ec16276d7856ac;;;;;;
0a575bd475468f1b0a7dca1789999e9f;;;;;;
c7a380da19b70d61ef8e1b897bbf533a;;;;;;
66f1c98621374f7c3dfcd95078235ce9;;;;;;
6fa3e058b34a567c4653d22e807ed4f6;;;;;;
7eecd40621403509830d9c42184cd171;;;;;;
53e1bb62412ddb9421bfa8a7b668b865;;;;;;
3d223b761b018499680abb72ac5dd7b2;;;;;;
c72062b9b8ff538ec8afe009f4951e51;;;;;;
35e741824c057ff2cf28c69a3737e332;;;;;;
565b9962c5c611c56fcd3facd7caf81d;;;;;;
baf1ae1c98ec36e3575e3d15104f1133;;;;;;
ebf0bc768a14108a9af9c0bc91671811;;;;;;
9d22971528d0ce1f9df4577dfdd5129b;;;;;;
8810b07685cc4ebb97c8c58c4715bcc3;;;;;;
aa99a22ebdc541695f79bb7cb20484c6;;;;;;
9115e3e98473aed345c2f2a3d74ee642;;;;;;
b2f175ddae3959620a3bf694dc86140b;;;;;;
51e2b63a54931bff07a171fc387d7f3b;;;;;;
eb8ae8c290ca5a61925b610985074534;;;;;;
612167bd572d89194b6cda7bbf0ca2a3;;;;;;
f24e0f34ed59dec19840c70d8dcfa462;;;;;;
cb2f83bc08a3fee4fdfe0656832b69d2;;;;;;
fd89d3cb1576a404ac39208cc97ff322;;;;;;
8fa5a57338f2bb7d1df241e4dd1ec0aa;;;;;;
c8871c73a843e4cf31f5ce2c47ad19c3;;;;;;
a7ec77dc377352eac2b61c2f2ce2d50f;;;;;;
c79bb813f38bbc15cf47f6f0a18ab6b5;;;;;;
2498630e5b11f8498ec3deb536190919;;;;;;
fd932fc93ddec931783a8a58e00e6770;;;;;;
d4d1ea5e91cb898bc7198cf629de662c;;;;;;
bd59c3d59ae27586746cd7a4c518c448;;;;;;
31bbec46c9724abb5862ddde9701fb47;;;;;;
8ad49ba4bde0fdb125fef3e10c14da09;;;;;;
c62040961cf6b693396acfb7f3e50f61;;;;;;
71cfecf6f4488b0e7380f8a610e60b2b;;;;;;
8b6e8bdd653592546638c59d24388870;;;;;;
707a4f55ca516f2e64665aa420775c89;;;;;;
2f2dde60261036e1a4cd5eddadbcd837;;;;;;
75dabe13bf94774e9e25311c5807d89c;;;;;;
9a66d95dfae99f1ff79ccb2f395bca34;;;;;;
a22f7c53f91aa5c5134434f830bfc242;;;;;;
df9b29a90726b4d46cb43ef6f75c14ea;;;;;;
85e41b5cf3df7d1013e67dee524fe9c5;;;;;;
b32a110ce3b2d21a1d2ed0c10d479a71;;;;;;
22d5513dd425dca1c495047b5528b291;;;;;;
20b33ca247cdaf9fa42ada434bcf47cf;;;;;;
b9dabc921aa005df8bfbd34f3fea235c;;;;;;
ef3c0117b35a80f31616ad9aa5460535;;;;;;
4170e7e69bb21c7809192af067b0f97f;;;;;;
6144041df2a5b09fad5c037afa2a56b8;;;;;;
3435a32372ed5b664c43f7c34b496d78;;;;;;
5a5aa5f6d6a1be11841adf57fba9aa5e;;;;;;
1de62faf66ace3e8c8cd9e89ed693508;;;;;;
d11e7c51909d66a6c40226f0fe98b9c1;;;;;;
bbabde6ef94b52efed45af4f6e03cfe4;;;;;;
1ae5d4d2844d80bc2f67040e34b259b9;;;;;;
585240dfc96068bc58c38395cd6243f3;;;;;;
a5724a76eee053ed222fe653b86b43b1;;;;;;
a0277debbf841b551037641489140f42;;;;;;
3cb11b7dbb42188082a2cf051cf663ae;;;;;;
b7adf12363de41ff309adc648bda21e7;;;;;;
263ec0f138b755804934f4e1168c964c;;;;;;
85e67575cc82721250f51d6ec8e34b99;;;;;;
b58cc6739e0250085a962699ae660b01;;;;;;
313d900e6cbfead3388fbc2125aeadba;;;;;;
0514162629ed68db10c79709ed8ba774;;;;;;
2ba83a515af59622d0d7f14babca012b;;;;;;
b728ac445ac080ab5f8bdad5351f25c6;;;;;;
b87ee0c733b85c1859b4727160eb2fd0;;;;;;
79b383b748964f7fd1e79121cdb5c057;;;;;;
2d18f5b7d043b71dbd58d9914d0c22aa;;;;;;
f24a383c6e8a647f6c8b695228fb80ad;;;;;;
db56b9b8016c50df084cb25b6b8a0c70;;;;;;
c3b51cc1efa75900fccc6931d92edee0;;;;;;
1a3430bc11555b34414e28db81b7069a;;;;;;
63d32070b57c427e4526bc0fa7498c61;;;;;;
a8ab26ebf0629c21a210050812bf90ec;;;;;;
0a5d5ff5948de80678a041bcea86be55;;;;;;
11270e6b3254a54b7f43545c84b0f748;;;;;;
a3d4b1d3c88a95626f4de2e58894f80b;;;;;;
77935b954622f5c64571f64d261a1b2e;;;;;;
87941cd8c74ee02d040ef767089e0b1e;;;;;;
af755b1d1471ff2c1d04f27433d703fd;;;;;;
9c28f3e1ffc6ac7cafd36c592e190e4a;;;;;;
2c46505dc7f2230223c5ef76cfc40f36;;;;;;
4ed8bf8c2dbb12b2131d6f836b1fa363;;;;;;
812e694be2d4192ba4c9075d285dc0c6;;;;;;
3c64a2e25d2db504d8a33dc47f47d714;;;;;;
6c184145e65b2d469e7766375363e9a5;;;;;;
87ea59e3e7ebafcd6261422b78b6c537;;;;;;
2d5d582242e74bdace1f942f0c266273;;;;;;
3c717753edec52fe4a8be64462d9e154;;;;;;
887c0304c1205b4c217278ba6093e8ae;;;;;;
ea89f99a9a912f2fe2d5fb943a1e5463;;;;;;
ca2a2a4238549991f8a0ec831dfe54be;;;;;;
bc33e2b6a1e9a31c8f1670c4aa8d1791;;;;;;
9ab5415c37b338cb883a34a9760c5a28;;;;;;
29fbaca362bc6fd6bca7f720d08e43fc;;;;;;
a1d6a5f2956ac06cd5e7a3f56ebbcabb;;;;;;
a4c613dc2a35e210a6f16d6a44d82947;;;;;;
d907a096e2a90430a75ade94f825af97;;;;;;
e0529b0562cf012f12f27918b39e3d0f;;;;;;
8137819dac0c63907ba03d2ea45b97b7;;;;;;
740ef4290c007e1e7bb0dc75fc9f5bca;;;;;;
fd2efd08f0b9b8dea8d34d182f9f953a;;;;;;
df1a5ffb8dfd0e55e62d71bb7e0e1575;;;;;;
e0f0f7d5f66c7290f6038f958accc02d;;;;;;
31dfc3e3807e968256b42f103d7e4377;;;;;;
a5374c7dc2f83278c772a87859f67bb2;;;;;;
60068e1fe5874d86616b8fd3896c1758;;;;;;
029ac9a4d33263285e2b2c1e1da8848c;;;;;;
aef953fc7d9ecc14a20a4f584043e3c9;;;;;;
09db75f8b6e7c9807a5e0c5efc025748;;;;;;
ce83af81a910b2f1cdbbf794b0e98448;;;;;;
c476a0be153369b31236f2a2a8b52df6;;;;;;
868b9da20c1db3a16190375c5dc8d789;;;;;;
a8871f68f22dce68bba4aa212723c346;;;;;;
c4b8e3b9cd9ded46fba409ec866d82f4;;;;;;
c7338dc450d3d2d64833f1a5d7274e2a;;;;;;
e307e182474457188a839ae502a655d3;;;;;;
52b85e22ee4c5554ed7adb27efe2853a;;;;;;
bbbd6f4a3c26d8f1605999ddede9f65c;;;;;;
28a1699505c2fb44f8375a84e70d2dbb;;;;;;
9e50e3088cbb4f6b4b59fd2a0e0656f5;;;;;;
a261fe22fbb66ef2c55a0ac8c4ef694f;;;;;;
b823e9a79315103dfc7750bf127f68d0;;;;;;
94385b41382d743056f6385027ab103e;;;;;;
340d32110ec1e9275597d61a1ab412af;;;;;;
e703562813232fbf85bf42ce0c04ac57;;;;;;
85e0afb3006ede83a6b709419524acc6;;;;;;
4651f0045eb23f6b2cebb0efd4c918b9;;;;;;
d1c57d5d3d8896828e1a42d194daac25;;;;;;
5da5d6b50b5807117026c2eab7ac7058;;;;;;
43d1f4566e96d14226fdeabe1eff5efe;;;;;;
e40d9a3ffa90dc03cc69a91789f35b4b;;;;;;
73700fff4e4c062f554278185ae6aeb8;;;;;;
4837e0147736460aca9cba520f3ec1db;;;;;;
da5df7148d6bfce3b593c8be1b903e37;;;;;;
c37b5f32b9fb3e37b33b382ebee87903;;;;;;
1db377e4b53cd4c91bdc9c6db6e40ad4;;;;;;
3f22dd199b5776cadbf4fe770ad14a62;;;;;;
57a90f05b3023b2ef6c93ceb09b95ac3;;;;;;
88c70a37b03619ff5735dcce26874793;;;;;;
985384adb6d4bddc005dbcb3305a474e;;;;;;
178f636710c509487c5e3d58c8cdafed;;;;;;
8af9e7f7bbb1b58ce8916ef79fa884e0;;;;;;
5e9b18224d7b23ab60eca3cdf723b3d0;;;;;;
5ea1662e1e62ef08ef015b3fb773d7e8;;;;;;
d4c23baddda464c2a0fcad619c92b957;;;;;;
ce876a5b7cd8d26920164df3e46688dc;;;;;;
250508b92c659d6ceaa51639a1203dc2;;;;;;
83d2c49ca80349c05a23c80839b452ed;;;;;;
080d64dfb3bc9c21489a20c19307384f;;;;;;
f4de372a4ffe66184fd383983a766078;;;;;;
221ff14f8df19f2b6e3cdba036572e6b;;;;;;
ab5a685b32638d1ef6b5f40f147c23da;;;;;;
d89927c41edc29a935aa90165c4ebb23;;;;;;
310bda5b41190cdd5791b955cf53af38;;;;;;
5be0900a95be687e807de67e2ad01cb3;;;;;;
457450383f03c0ed1366278ac9f78148;;;;;;
392d1bf1f2d7397e02a83b885a2a8d80;;;;;;
c739a5f47de282d675e992f671a15a02;;;;;;
1188b92da78169169fe60dd76456959e;;;;;;
9d8eaa768d685583b874ceab6f8035c0;;;;;;
8efd054aa52a3b3fee9355c072cd1937;;;;;;
186be288d6be7f12d1b50f9ba450188f;;;;;;
fbb2fee89f4594052d685ca172222c9b;;;;;;
80842cedd770895ebcc0503c942642d2;;;;;;
54baff10ae59da966f073f3992635624;;;;;;
2703b73ba7f6355a782a6212a2366bc8;;;;;;
8c9231b898257e701778a22a1fd1b093;;;;;;
81de85b84210ebc1e9b3f5c01b61268f;;;;;;
d61fee8f189d2143cdb86ca46d4f6b92;;;;;;
1743dec0b4b0b563ea9203f2be4d4b02;;;;;;
bf11ea0418adb496ead6f1e6785937f6;;;;;;
b93c509a9f0a55b24ed1f700f03d689c;;;;;;
975a8b5b154058e1ae6b9a68de4cea15;;;;;;
6b3ade3e14f5e2908a807dea13c1e05c;;;;;;
0919d82c1ed1e651228ad5e01ed1fed2;;;;;;
60d6770be0da39eea050b5f5360ff20e;;;;;;
7ac50ed81d63c769bb231675861b17eb;;;;;;
83ce1ffa2a458f68e1531c9f6f9bf1ea;;;;;;
c04a3beec08b28a9b791af1c4e975106;;;;;;
bbf54f8a08284b52286aaa72a2c45e68;;;;;;
7268b307769575fe2b51b40d1ed13ab9;;;;;;
52ec37483ccd64c91150853bb34da6cc;;;;;;
3de41fc867e74c7cfc43ae47b89849b2;;;;;;
6ae42c9261e9b486e26a9add97490866;;;;;;
6eea58828a5df9ce6c5c8b4669389b9c;;;;;;
f6e80a42430b02aab66b48a396afa391;;;;;;
f149fa3caed153aa7c316a29238d248a;;;;;;
d5d3cfd3b67355bdeec98502bd62d2ca;;;;;;
335d2d209ed36e3ac18af33ef9e38a4c;;;;;;
c54e59a3809f3d15d8e0706b1bc7f194;;;;;;
5cc432ce73a4e06611c1059bea53a754;;;;;;
db882ef096d0ec660501a09fc99caf18;;;;;;
e35139d8237d6b007de971c84d82e3a2;;;;;;
c6a28ffff24383e1787143d2e56cd4b3;;;;;;
0bc92cb7634608b8ba95d8c56c9778e4;;;;;;
383967809485bea64de2e61d28855c10;;;;;;
ee236c481b01574c0eafd054fe786bb1;;;;;;
ea90b905cac18b6d44d2a3d965f8563d;;;;;;
07192e78cde55f88eed1997e3281ac70;;;;;;
2848e6109829a08b5dcd166c4437d88a;;;;;;
016959da8f9319e02356e5928024874c;;;;;;
e36b9cf5f6d54b4baad0e78e6be16939;;;;;;
899ea9821437e422b2a8936ec4e2920a;;;;;;
c5d1f0f5008f4c59264ecd929c9806a9;;;;;;
d442f997a09a213ff8e0400747a9af3a;;;;;;
aa43b222a6731ab3d2cfb0336c5a5934;;;;;;
5c7b03778de46c1869e98c590418b3ba;;;;;;
a229ff223852df1972007cc9767902cc;;;;;;
e2a866b4fcb3a14754a4514dbe75071b;;;;;;
effe3aa79b8ad2051e85eb48d7564c3b;;;;;;
de6944a1f6a36315953c704d7cba0c0b;;;;;;
b0b5860b26462e00b32b4eaf79b2c0b5;;;;;;
7db4d6ff33dcbace356dae2de029f88a;;;;;;
3ea094f39e452c2bf4a613f5eac6e052;;;;;;
c2fe542149304cb7c967879a71d24dfc;;;;;;
bc36c4504cf8368ca865af193c071684;;;;;;
060bcb631619dc8e9f8763f0fbbca1d3;;;;;;
e104965690795f88f662ac4788b22dba;;;;;;
83f46be575eb5b992cf1bdf47e47c575;;;;;;
618c141942a565222a8d0dd95a0df956;;;;;;
021f5cfcc654f8cce883c88080bbc01f;;;;;;
27aa376fa14714968405825e4cefd534;;;;;;
2a4f79887f69672d6affa42c3c0ee7f8;;;;;;
6947c73f396d405b34595b5e8b73d7ef;;;;;;
ee6b7848019b93289d99add2246398fd;;;;;;
0d704727291c92f9e3b8225dcdeb4022;;;;;;
7f63b740c83638e8753f0f5e1fa2ea88;;;;;;
d63a3162e538b490e9fb1cc7db5b1754;;;;;;
cfc290707c173dbf48727e6bd631b3e9;;;;;;
42764cd884dbd8baeb290522c1832267;;;;;;
7551398a863cb5ec66165eed4fc300c9;;;;;;
09b1200f29ff13b9e94da0544b9569eb;;;;;;
ed0f4d9914355bccff37db6b38cb7408;;;;;;
e8cb7cf5146fa1dca8ade5a75ded5683;;;;;;
1d8525613d028e6edfedf115953a4605;;;;;;
dd3a73c089ddbc5959eee59dbccba71d;;;;;;
b1d3fc5051bdfa645599725844459344;;;;;;
580a5a22a554648200e7b3ee5417d77c;;;;;;
82da300a126768b4b6f610813b929eee;;;;;;
8bdc6574ec4fc0a267b62241ebdd6f2f;;;;;;
c5ac72be6709f50f0d8dc82682f3b401;;;;;;
0e44dd8dd7250fc2069d882ccbb9a4eb;;;;;;
3c7bd20f4202b51b3b8df03428b1eedd;;;;;;
da2a432f4e09d58e2333b7474f34dcf9;;;;;;
ce3351f5b26afcebfb6b6e93a8f04576;;;;;;
a306f8e4174bc6a312801626e7eff6d9;;;;;;
001789c1ad32df291ada002e6ee2e4be;;;;;;
c6e6c2490c14bea0e5af752a372c9449;;;;;;
d735694952a9a3dbaf54c5cbb259718e;;;;;;
a7cbb1e9255744b7893b2f6676735a8e;;;;;;
09bc89e69083849cb5682a4c20295487;;;;;;
a886a0db98006027a4febe2b0e75675b;;;;;;
9a6eba8091e9432d9a561fa9bdb0d0c2;;;;;;
fd1e8c9a5483ed314b43e94d7f47dcc1;;;;;;
9d521d3a83c340fe2e485b33b477791f;;;;;;
86ce9e268b21fb8c3ba6625f9d930962;;;;;;
12899cb027b81b8aa0434ddff2e0560c;;;;;;
eaffa0cf22bdb8f5fd0a4beada3c0361;;;;;;
8143c3a6ee283616f89236ed29d7bce4;;;;;;
fd6a9f2d48f4ca1b0b1ede3b5282c658;;;;;;
da65d27dacdd354cafc7829063f3b192;;;;;;
00ac21b260ec2e5bbf963401328ed70b;;;;;;
0644deeb4c8489b911f3f7a92168acda;;;;;;
3d04f27f51d49d51197d135c5139d91d;;;;;;
1ca879954288c3114e0dc6742ec8ceec;;;;;;
a25bc155c9641c38f0d521e2e83f1c70;;;;;;
7c81e2aef63d148cda2c30ed106443cc;;;;;;
b2ebec9f4464a91a266198ef5ae70b9e;;;;;;
a7d8c6ddfe97253f12ca1f0c374e86c3;;;;;;
82ceb23cda383d93757406caba4c7ff1;;;;;;
da9e4798c57f38cb75400fd5bd39f646;;;;;;
92e3f6f15a9c7b7dea0359b67d2d1d3a;;;;;;
69e20555c35a5c44ce7a865c42b1b6dd;;;;;;
2dc4fce0c4229539860e21390abe3d39;;;;;;
6c58b07b5d3ac090d1c36d5787ba1e9e;;;;;;
cfc2e68b0c3f709f65f6f56180b734ab;;;;;;
611ed81c064aac90b145d8c34fcf1421;;;;;;
32de8fa54a2137e7f9e6c0312a5ba1cd;;;;;;
9f70ca1b339a15bac394e82b3cd12d46;;;;;;
9237a4a24e60177c514fb3bfa8f5b540;;;;;;
5ca643974437e2da5afa0ffac630ecfe;;;;;;
96bda45918d02955fa922e75afeb8dd1;;;;;;
f0cd117a8afe9be870367bd3c7866200;;;;;;
39b2cae7ff362af4110a586e435391e6;;;;;;
e21e1b53473adf343746e62697bb3b1c;;;;;;
e35271ce9cca24c9df7c695ab5e8d601;;;;;;
66b3162b73c77ed9e84051061163e2bf;;;;;;
41a5df59c39b844c200c6bae8e46a641;;;;;;
d142839f4bf716851bbceed8d2a8d546;;;;;;
5bd8064f33c8b114ae8e992b6a14a2ec;;;;;;
9431220a3a6399ca849c879f412b3984;;;;;;
34e8c063161cbfedd78fa5b34c39cd42;;;;;;
53f6727c48027c01e018afc26e607fbc;;;;;;
21748c74c7a95c772fb17989a9119a74;;;;;;
0f7c56444eb95b1d85d55eb1f9e92ae4;;;;;;
fc83cc37e21ae64b1c4d9bef8a76c1f7;;;;;;
9a20f30a241db2e0097e890c0ee5c342;;;;;;
87b63746697dca4db101aa5f4cea30aa;;;;;;
d2b740d1441dcfdc1778619789530d73;;;;;;
124edd15a5dec7a0c90e127026314cf8;;;;;;
79f3e2e0e7bd8ff43392c5411a95920b;;;;;;
39c1d3cc7cf78958895eb1d54bf443a5;;;;;;
61f0f24019472618b38cc8a104512db5;;;;;;
63a97d72ddd36fa5da20a667a7e8cff2;;;;;;
79fa82e7afe49136e434fde88b006d93;;;;;;
71e2b820a482268edd1c813cf51342d8;;;;;;
7f81c4c174d5af9634dbb19ad0be2c06;;;;;;
a519f30e3de6d082d6b50476fdf0d726;;;;;;
abe2b45ca6e58cec7b171b8747a8f0e5;;;;;;
1635b5a3c4037e4b2b6bf27468244b06;;;;;;
9c797b19a7b4a8b1464760dbbd08972f;;;;;;
80978bb7aa34322b8c3478ca573d54ec;;;;;;
324f7779a459b825a0d97a3a9b62532e;;;;;;
bf2400851d664d9fa0d82efd7ae5cd52;;;;;;
9c4bfacf67524eac8c9ad3b8618f10b2;;;;;;
3eb14f39b30463122c2cf2c1f5359c5f;;;;;;
4201ba9c9370d736045ac9d42fcd27a7;;;;;;
70274594e9ee9d807a031e232b947a7e;;;;;;
351430ef3f8b757a73ad711186b1f3c4;;;;;;
4a43cd2611bc6b8893ae7120dc321969;;;;;;
7040baee6b6117d0840af87ff54fabc7;;;;;;
d17a08ee09f9782fc783a27345772b2f;;;;;;
ceef00f5ca92ca2dc57ceef26d844f5d;;;;;;
5c2476945a4e8f94a9ae96aca50103bd;;;;;;
c72ffeba7207e166ca84a0c8c82ab829;;;;;;
bf53787aad00aba302d9092bba03c1a2;;;;;;
285b7f7ac6d8677b0d57d892fe0fe88b;;;;;;
9cf5a9981924139efd90cce015f61146;;;;;;
00a3f1f0d9d42a222f0ff90a0fc2ebb5;;;;;;
e8e5e5978817b5185e8c3cc886d5fa3d;;;;;;
083a8b740d25a356d54bedb509f09d9a;;;;;;
3a210d1da1f699b40f088b6ecdc0f470;;;;;;
476abffe0cdb53e647a19793dfbef12a;;;;;;
04ffd31b098010aacffebdd4152e5ecd;;;;;;
985bd54af0094366fb90d506777e32c4;;;;;;
5947edfc898f0bd2cfa307d403b9cd8a;;;;;;
c3bd43c52a582cb4565dfa44d099d4ea;;;;;;
c3963286b2eef1fc3f4a69bef1beca62;;;;;;
8ab2db6f97dd1b0ee896439ae46224b5;;;;;;
50c7a57fd04c3c547ccbd9b3a432d26b;;;;;;
141c9d1b4d6e5a650db2f57bf1a61b0e;;;;;;
57b7c380fe738cbc7ef034e5d688e55a;;;;;;
bc2f238dbb1a1ffa14e7260496b1612d;;;;;;
6f7b98b470f79f3d854fbfea2ce015c6;;;;;;
22b63d585c0ff3be909d96113d66061a;;;;;;
fc570e078f456143035ae80824447402;;;;;;
025d0b8cd9047b80f2dd3cd6e8893b68;;;;;;
5c3b0d6cb479891f4a4c1169f995d09f;;;;;;
a7085254b7e47a46fa1a859109b0930a;;;;;;
d83b86bd18e6a519df6fd43502fcc3e4;;;;;;
d0b28512853dd9c31dfb4bff48337c87;;;;;;
d79d3a65b128362a0d70998b6a3c1007;;;;;;
e94de491db6f3be35a141611b9668e2c;;;;;;
e53d452c5ce1c015981e30086d58f11d;;;;;;
86891d17924e1f2544a32852120f0fd6;;;;;;
244277b4b1d50fbaaa9c42592f620f28;;;;;;
0ed539213397966db14318ec1d8c87cc;;;;;;
71ccb42c84ff41490cbec9e1a02fed22;;;;;;
b33f2f3260843525cd636f4db9c3e659;;;;;;
5b7c07880464021ac29ad762249d6534;;;;;;
20d4ed2e2724c1fe69df59b2e705d4d8;;;;;;
2c27a6efa43102009465dcfd382f3ec0;;;;;;
96c7c6aa6aeb701d5cf342f95980ad32;;;;;;
092c72ebe7c419751193a7c18c433aa4;;;;;;
cd42bc04211c464700f39da99b3a7d20;;;;;;
fa2068f2eb671b23abfc3363513fdf76;;;;;;
fa069aa7fff79cfbbf10b993a16bf9cf;;;;;;
b5f236956297c998053366f122514ac1;;;;;;
83687d2d86c2e036c1206b155c5d301d;;;;;;
b842ad82d2a0fb6bb2c6de291288ed97;;;;;;
7258513bb99da29d0583eee01fa7f71f;;;;;;
1f30d72b18a3aedb667c61e17d0784a3;;;;;;
b16f6c8bd3cd7e773e33f11601f9aad2;;;;;;
3b034bf6b611ce57965e3abcb6313a32;;;;;;
0ebd75465f8ae602c88cb617008d4b77;;;;;;
d378b9720b06170e24bad836b7bbb78a;;;;;;
8562aac0e0bbaad0dfad751ac8f689af;;;;;;
bdadfba4641497d10cbb28f8a4d995b9;;;;;;
8293036038213f44a3b59a4abfb61c95;;;;;;
541b22b250178f50fc210cd07510a4f9;;;;;;
d8ddca27e087dc44b1e4a7479d0a46ea;;;;;;
23370ec758d312a892127b831c5a4fbd;;;;;;
6062de32b6f3dc4c9ef8c7f25998a906;;;;;;
58f80dd80fca73747f2c56f91ae11b4c;;;;;;
62f982c238729ea5ee7e58ba68546a10;;;;;;
94a0628b83fee5aa2fd425bc75fb4075;;;;;;
253a4985fec0117cb787001d653741bc;;;;;;
80d78c2b8546140584fd50c2df8a9112;;;;;;
955e2196b877b17538aa0d3f790ea69c;;;;;;
20bf8ecf6a22d31710e503c53ab40571;;;;;;
44c862a168aa1940dd4be5c15c5a9114;;;;;;
eb52aef831c2a57ef2f9442697eabfd9;;;;;;
214a7ed020128c99dcc4f15ba59fe606;;;;;;
6d2a799277a314c8c513c15a229b0f92;;;;;;
edba4f390620dfd6d8f1cc9bb8045850;;;;;;
b0c36f8ca44efbf5a86e3227082f203e;;;;;;
56a670d42f8556c8bd4f00a947b07e3c;;;;;;
c35ef61aef583d49cbb2dac3ba416bd8;;;;;;
78a0a83bb229ac15c7a8c36c2595881a;;;;;;
f0c1c303869aa075486269225aa210f4;;;;;;
16b98b28bfef9ef7391e61334bcbbea5;;;;;;
c8bc92b8467f03af46beb5da68512d8f;;;;;;
66a36c62589e6edaaf781abf5f8430b1;;;;;;
9366b1d9a69149b1b2a2335a593e5588;;;;;;
aa5378c15067558866490b2283d0208c;;;;;;
feabbf5ae1f119ddf0ead36921aa83a2;;;;;;
59bb73e07ee5602e7b6ac79c3e7fda21;;;;;;
e7c9518784fa727fc2d9159fa0129f5a;;;;;;
9998fe5da39c17af29ee3060180fc321;;;;;;
d81a3ca9fbedd151214c57f95f3738bc;;;;;;
bbbdfa59e965c96b6164beddf6b58c70;;;;;;
8b30fe61d6c84f8e78c674fc42a98906;;;;;;
661d86de4ad8812ad47cdaaa7b99fd4d;;;;;;
6a1e4b188fe7b65acc78a95aec7cf03d;;;;;;
87e02c50d4d2d557d50f2b1fb0dbdaec;;;;;;
8832f3dbc607459f4d8ac5778e728d03;;;;;;
b620273128b765c27995144811e63c4d;;;;;;
89a025b06635766e87c4aa71219ceee4;;;;;;
226d3b4bdcf535c2e908d9162a1ea06b;;;;;;
357113d7589419d92f772bb134c1f1c4;;;;;;
457a769214b3517948d4e88f9c931be0;;;;;;
9501b50188642729120265c17ea49aea;;;;;;
e9fa1003a12c7510d057eff8344564eb;;;;;;
89e1723bd9cc11319ba6deb4dbec410e;;;;;;
362d0d321a50589c89f9fc67768089e9;;;;;;
596c4006254446b4b76fdd807d8b43b2;;;;;;
42dcb9fd8c9a7349d349e9ae0d7a3192;;;;;;
86938f82e9919bb8c76e75e99814a04c;;;;;;
6602e313aa7c6f07adb8e14f2781dcde;;;;;;
f8fc76d5f076fe31d088a976d8cdd98f;;;;;;
5076cd200c762d6fdc47c60308375f9c;;;;;;
de23ed347309c2b8ccfc647acd2bffe6;;;;;;
81c4257ab09edd351936c96c8768e2d3;;;;;;
59bee814e6c7c853454c8cf9a4c80cac;;;;;;
c3a082db72ad71a1098aa9745c93748a;;;;;;
661229ddbfc7300678657f11007b9622;;;;;;
d46927e81755abc83731436cb0b6f9a7;;;;;;
e71dce3f6420c5238c16b37098f1296a;;;;;;
77dbc85373f099a5b10a474eb4db3189;;;;;;
5e337b88205b6a146e91944a2e249a36;;;;;;
21927ac73b56c183241e5a87f5297b1a;;;;;;
6851190770e1b58b7a67866d33cd0a02;;;;;;
533d70fb81e18d01d734147466f39503;;;;;;
d6bdad638501c6fe81597ba4f984a23b;;;;;;
22b13dcdaf38208f7d82b52e4587a2a9;;;;;;
772a67744a96a87141421f27c48ae711;;;;;;
244dbb8f37d155897c6a253c31c4c5ec;;;;;;
8903e7ecf597534d7b1ff35802732c90;;;;;;
ecc7c1edbd7661bbd81fdc43b9840605;;;;;;
299d7fbe3398cf437b5614880af36de9;;;;;;
ebb5ea069c96c9e315d1b74fd5e88d87;;;;;;
4e9462a750409510be53346ba5935bf0;;;;;;
78fc489863e514f7b622f48febbc9c51;;;;;;
7ecd34eba7055f49fd473cab02e45bb0;;;;;;
2e8fb48a38fa2bf64096a9a1f6e9a861;;;;;;
fb79cfe9f29ac121ac229afe25a17507;;;;;;
54c5d82d2ec3b9da66120ba6c5c8cd27;;;;;;
811bb88596a297f854c4562c62e32715;;;;;;
0a19938541731ca9417c8172cc015cfb;;;;;;
a9546a3af91a69026fbf1204c9587aa3;;;;;;
60c0bf621a40874136ceafe70d892977;;;;;;
37083ccb628e7fdaa8cfb0d03bf69ff0;;;;;;
efa0db7ec9e10ffe347483be8f502a36;;;;;;
1c73f6bf46119505a927a6fc6036ea72;;;;;;
947437a9799bcaa888ba308278a9fd45;;;;;;
a7aa3a0faf9177b170294af68455b153;;;;;;
c38d4da3ff04a175f9377b81a45ffb16;;;;;;
61bfec041d5cac9d2f7f9f4e03821211;;;;;;
e42dd84dbaef5ae4e57044eddc7d6b16;;;;;;
0c1275d92e09c0c2b3cc34462607950f;;;;;;
3a09592b6247ceb1489ad29e5377be36;;;;;;
6af98c4ffbabe74c3ce7008f2de83985;;;;;;
dcfdbf787cc7118a509da9f91ddc8e3b;;;;;;
360d551fe4aa762d6c585dcba65339a6;;;;;;
4471a41bd765f2b9bb6a570816c21f80;;;;;;
6276f8e9776c65adc62ec1e3bfc58f89;;;;;;
5e8bb0f188abd348d683dcae8709c7ee;;;;;;
e7261035f49b009c36cd6d8bea0573fd;;;;;;
4c4c5132ae1c6b2b0863bdaf63a6b10e;;;;;;
8ca531f73fa2011a6f833b746955c9b7;;;;;;
241e221adcdb8305e8c5f0c07ebc6eb2;;;;;;
360d6dbbdaae2fcafd4160bdd0ae037c;;;;;;
baabf7bbaec2135b2723e4dccdcd6c19;;;;;;
319f9a8751e9f85867a73e6b720f7e9e;;;;;;
a6a84e67f9816ab20acbb9ea5386ea57;;;;;;
96914ed4c35a63b9fdac1b7404d477d5;;;;;;
507f59ebf4d9394af762a7c604f9dfc4;;;;;;
74ff5695a3d6a22de6413f4c1aaef95a;;;;;;
b052015bddadb990efcea794fa6bfbd8;;;;;;
bd0027245f2211bebcb63a2f75e38f25;;;;;;
2bd283648aff34f75f5d74d95accc882;;;;;;
fd1cbbd7234dca0b5b6c08cd5cf69ce3;;;;;;
9fe22ea86e55b59c0f4985a3cb982c5b;;;;;;
c4aa5c637217e0ce6abf84657e514e1e;;;;;;
3e3069f09d6be8b1d0a4c5664937fcb3;;;;;;
d1b0e6f253a3036adb82c61736d80db6;;;;;;
366d550cd28391ede8f2e80f507fad1e;;;;;;
a3768fa6b59f842b53da278d27fd73a2;;;;;;
c7bbd9475b308fb1fffa8ef376146b96;;;;;;
0cb70836d4f36d2f71b12a11b9f077bc;;;;;;
15cca76655a80519f6c14afb812d941e;;;;;;
9b1ef2046e5a02973e8077ea63411485;;;;;;
96460f8849ae7bc37787938ec82ac483;;;;;;
da226ce6bcd4514949694adf9e0d5eb2;;;;;;
d0a6261e261afec65f39cc0b44b8a18d;;;;;;
d097276b847b982862633b1ef30e6fc7;;;;;;
63d947f073f629c1130fcb79df545045;;;;;;
a5518d402df76665fb16a76c7cf051a2;;;;;;
39711b30498c486cd4e12f57ef32f0d6;;;;;;
2ad3873f64ea38e81939d639a4323617;;;;;;
e8b0d99baf5e346af5e284c3bb3fc5d9;;;;;;
740400b20fc0b55e47e0137a5e2bdac2;;;;;;
a5f5e04d86200f8503e320ec799027d5;;;;;;
f4988d145a6621b4c7cc64dd648fc623;;;;;;
6baa4dbfa1be6a123626d74da73273f6;;;;;;
b45a58188500e2849e991cc0b5ff5a86;;;;;;
7dfcf41501c1076c7accbf59ec855f06;;;;;;
5ff42c4344f8c592d9b4b758e6006cd3;;;;;;
dbf2423ab8069da44ae9f4fa6cc00c5c;;;;;;
30985508c35c4398430c22262fbbda92;;;;;;
fbcca5306bdb7504cc7a6ab470008fdb;;;;;;
e2a96391ebfdc987303f393e3933d244;;;;;;
8e185ea1f0f600fa51e10ce3dece9e56;;;;;;
4890b0cf5b8953b561fa8894dda3729a;;;;;;
4104f324433b79a421184ba24ac9b73c;;;;;;
4802237709ceeb84030a0cc2b640de05;;;;;;
d91520fa7463d5f57cf2684c62b135d3;;;;;;
6972cb3e58e946968fa9ddcb1bd7e599;;;;;;
4a2459accaff0fb920e17cf1ae801bd5;;;;;;
0780c63b40c1806f9a124ff93fa54e76;;;;;;
105345e3f581aaeacbdf9df1fa4db69e;;;;;;
291b8d0cf03a94c1cb55009dddf9e310;;;;;;
b413aca2946d84cdb08c1ba5ff126b6e;;;;;;
13393a11c3ea4fa4470a3cec9a53ee0e;;;;;;
810777dc279d066f34fe2fe94d50caf7;;;;;;
29d7bcc489843bf3b4912e5bfef2d06f;;;;;;
1e52a96810fe8f3424a764eb53feea22;;;;;;
e049262a2385767f0669aa3cc2926c50;;;;;;
c84abec4a31c79271bd62bf3c393c11b;;;;;;
cfb69abd3fce092d4f598f64b3e9926c;;;;;;
0c3ca3732b9b03fa8a16884fe8c21b54;;;;;;
04b6e3ec3d55f47d8b2eacde291bf19e;;;;;;
787914a6014107c2f9673f43718894c2;;;;;;
53318650d2458d85c35ba9d0616ec660;;;;;;
290e5876e6eae055bf44d0bb21b5b092;;;;;;
0ccdad52d684a93f6c9b8cfb5a93a7f9;;;;;;
5a5326cae4df13f5bcdf9d9ec8f8fc9c;;;;;;
5f9e224b6023f5af67bfe027d12192ae;;;;;;
df84107579504e4868c5e7b2a744e6fd;;;;;;
ced9c9727858f4380c827650038983b4;;;;;;
60c0e03c86b5cae211f400517780e70d;;;;;;
1996e14133e421202105fdba60ecef9b;;;;;;
8f4eaacc36830e0ad37579f4ee9b7682;;;;;;
6d2a03075ccf9e89820e1e462fe8821a;;;;;;
9c540ab430c908e181545c1a0e768cd5;;;;;;
e3c05842c9c1ec2062b3ca2dee9a029f;;;;;;
c1e1c212d87c1190c0bfc3c89b1c8dd3;;;;;;
4123efcbffc78644c5acd7ae8fadf579;;;;;;
a413c37f3367427149ab53330ba0ce82;;;;;;
6597391f24e090f5710ac6cc43727acb;;;;;;
975e6c46b697c424e979677ee4bb6aaf;;;;;;
a7093158eb06cbd8206e107227292569;;;;;;
2f467ad770995918e2d8696df0cbc305;;;;;;
2db622dd65939d4bbe3738516b340b2a;;;;;;
4bd85a390c215acdb1cf7753b63604a0;;;;;;
0800045bfeb0ea389f6fb5422fbe85d0;;;;;;
c9005be386a6fc9c0040fbf1255b7028;;;;;;
8b79c465b2e7e20cacf68c6ab475f513;;;;;;
29cc5f019bdc18432f2322384f2f8994;;;;;;
e0a7a5c1178238370ecca0c71a4ba433;;;;;;
db76f318d9d18b8b3855cdc3c664f3a6;;;;;;
a7c012407abae138eb1cedb8b2e0a0d0;;;;;;
9c0ad9017488b3cdd18d6dae74ec8b0a;;;;;;
a091d2219fe8436c0ee78f5d4dab9161;;;;;;
6742452b7ef1a6503148072198261a07;;;;;;
34c7411c553259a0708887c5466624d9;;;;;;
d6a05729211d5d3a134883cc26e3de5f;;;;;;
12d57a6a3105d46942442c6d964eb4c5;;;;;;
d539a4ae67468ac5c29b657a262daf36;;;;;;
197378f119bf35d1b425d65c0cc9f7cc;;;;;;
2b0e6b49f7bc99285cdc44a33ed5589a;;;;;;
339efbe119fe6ebc03e7ac02fb07f196;;;;;;
8b0efea3d137645e5135df77963f7996;;;;;;
be3dec099eba5aa4487fc89a9d658247;;;;;;
d9e9d9bc53d2685396e826df75266a45;;;;;;
ec287dfb42a35f193e9ab703a19e6a72;;;;;;
c210499626a75ceb302ed7f5612ade05;;;;;;
2bb9b2c5c8990d87f5487510b9facf6d;;;;;;
3106cc9dc679335c69cae07de422e8c5;;;;;;
6e355762da765830f14a552492c74d55;;;;;;
dfdc2375c20e572c12f0ef2efe34243a;;;;;;
33b0b0ab1c77c3263da9c1eb93502211;;;;;;
d1040b221fe0ddef95952ad7253963a8;;;;;;
e7dbab6a78f109a5b9144983e17cc9f9;;;;;;
c0bfdb4ee571d811c28fe3fde15d6d99;;;;;;
64aca91b7927bc992e88e3f4c95066c1;;;;;;
d9bf546c989b8f67b6d26994437cc853;;;;;;
d45d9756b8b5a674e1cddf4b7ab8abdf;;;;;;
53cb83954c6dc06a40ee1d099e41fc1e;;;;;;
ee39bf3bd4d9417671f0c3789f7f26b9;;;;;;
13babf85bfe6a6476ece041e41bc2ee3;;;;;;
ec01200f02d1a9582e3741d6e7962cc7;;;;;;
8486e3750509f92d471e9a965b8da388;;;;;;
fa996505afa0d9e1987f720b3b11b6e8;;;;;;
be46bbac80ece570e95aca3c1ab01e41;;;;;;
dc4f40e6b56624cbcf60a98f4a8207fd;;;;;;
d52c705550150bdfb2018bd93162dbcd;;;;;;
cbcb3e557eba714caf53015c24009641;;;;;;
41442ba5bb2c6654d3ba1dde248f98a9;;;;;;
b1bfa2b0465a710fa7109ac51635c697;;;;;;
09ce384230c1d85f4e159c407854b4ef;;;;;;
d1a100fcb908b3dbd22606f9c332ac14;;;;;;
06598d44771d5556b4c1080aec8dc170;;;;;;
b919e5b72121fbfdf0a0205f1c6cb9f3;;;;;;
9af1ac6732488c14b5f3384507118283;;;;;;
451280e6104e80a6cc523a153ed0d09c;;;;;;
9f2cd57eec59e8d78fee9cfc782813af;;;;;;
e13f5f69f79a08be0e41f9a33b309ea7;;;;;;
c995f1e808b6eb8f9412b2580558d676;;;;;;
d40d281558b32675b72261ed0b24e304;;;;;;
e8433c41a9254d3a54d71c34854a5128;;;;;;
072ecc7a6cbb44410a8996c8a01fc252;;;;;;
c3ac8f90fa242b294efcd46b9742b165;;;;;;
a09eb0adb3252884aab1e3da7a2e9f27;;;;;;
702f639d6a3b96842356f33fe9501449;;;;;;
b5ca1a91c9fbf1f34d9052e68f4ca623;;;;;;
6aef6818f5fb2f6835dae8946f8877c7;;;;;;
2cfb659abd647a9d1373c0bf3753fe28;;;;;;
b5202dd44abd818c82560f0521b6a83d;;;;;;
0a9888ccd440981de66ffab6cfd9c0ad;;;;;;
65bc6147184e97c18388977d1a785b30;;;;;;
cc9b7c9b747f90ff783b7d2eb30579ab;;;;;;
01bd6b8382110b06fc062962c0befbc5;;;;;;
5dd024c4913e4879cc3b67aba9834186;;;;;;
1ff1e586aff92474b8543b57576f822a;;;;;;
dd6961dc02162d99820c05f596908fbb;;;;;;
a6feca0d4db99cf5e1f0a6ba2aa11f3f;;;;;;
57381f77e65f738d5bf3585a6cdf21ef;;;;;;
5241b6a686fcf95ed031e82b899a81e7;;;;;;
9973de00f390d3404b4d471d30b1f0ca;;;;;;
e9923c96cde0cebe1f5a4e10c04e6d80;;;;;;
828013cb5434b8d53c009ea626abee32;;;;;;
3e6dcc1fa27ff234b1bae1d09c251711;;;;;;
a97ad981b2be3be2a1c43c4df646bded;;;;;;
51ef3d03f20dc415e3135ae06fb9e76a;;;;;;
44bb6ab051645ca24c02547eb6ee59d2;;;;;;
5eb1855d0868e756afd2d1cff0712110;;;;;;
aed3f1c2f922137137a4d92c0db0402a;;;;;;
50fa1a6f11f5ef78978f2a60da2a7680;;;;;;
df08ee78dae2c299abddc74f9f73877f;;;;;;
2239669129d3c695113814bf04f088c0;;;;;;
c760b6b6d91cd8fb6c03589e14c118b1;;;;;;
e8b10d10a1c3d4236674dae1a2f40452;;;;;;
5549b62bac0cfcd8b82f3812aa59a78b;;;;;;
0337ad5d30c91ac4cff5bee9c4c61051;;;;;;
cfe0ac68fa50c44fc06c58182b9e3a44;;;;;;
3e47f588a4d3685f7d19fe9cca215e09;;;;;;
1a6b28c784375aa21e8a89e28bdc4638;;;;;;
576b3ef78c71b9c243c8fb8525f950a6;;;;;;
6dadfa51cc16456737614365b741f490;;;;;;
0ab4f076d8905351885a996455ca9ca8;;;;;;
25f078f7938cd2ba5de3d55e3ad0030a;;;;;;
741dfc98984d7cc84571dc2aa0e9ff57;;;;;;
389e90bc6aa73a33b9a1bfee24e86f2d;;;;;;
d4d78711cf756b446496e0b3a85564c7;;;;;;
66eb9f3d6ca6f63d5cd03d56c42aa00d;;;;;;
0666d3d71ba5ea06c205cb0694397402;;;;;;
1aabfc5467e1292c04df28ba1c657123;;;;;;
dcce54d468b838af5539f45f41ebf809;;;;;;
17fac2360663503f81d8e9a7e1a228ba;;;;;;
2ecd9aab1028b971d58e92e82729717f;;;;;;
75a8659f894a7e12e98140f2d7325a98;;;;;;
a94737ed09a709c693b39f6ecf434bae;;;;;;
659fff676b82ac92d8ab312356dee34f;;;;;;
233046a19c7b0d023d13d2602c1e965f;;;;;;
74f52be8e1c673b179d43929351afc2f;;;;;;
e9bcd6af2706911e5d4dd9d2e8bcbbc9;;;;;;
496840c942e36fa5ca22e6e1814aef55;;;;;;
78d11ff03e48a870103e9b4381c753bd;;;;;;
adb0472e26f116a9a3bb1d6bfd077d95;;;;;;
32fb8fcc0975cd85f79ee7e7ae75800d;;;;;;
2244ca429cb766615b816bd5a42c217c;;;;;;
02d238f1008da65a180f2fa2859c0bca;;;;;;
5ac2560239ea60447d431aaa7cc2d3cf;;;;;;
084b62fe8636ad5be9c6eb3ea34ba558;;;;;;
f50075426f55d1e893e9afa3970168d7;;;;;;
b55ac357088fcbc28060c47fda64280b;;;;;;
7dcd764f1d43731828df38cd0c4086b9;;;;;;
de0c76ecdd4cf95fb461df9bdadaeebd;;;;;;
287df1b73d3e5ec1bcfded9ce2eb6100;;;;;;
715fa92663ff1f5e18cbd57099a55cd2;;;;;;
3dcfbf2fa07f3f87467e611bd19a71cc;;;;;;
682b1643a064ab68d9afcc1dc3b567c4;;;;;;
03a4b095bf24bdfdd8babdf0949f8fb4;;;;;;
ea56053f89a18583c10fa8c2222b4e78;;;;;;
f2635a913561b42bba05bea39b005b2a;;;;;;
d4ccf0e175cab5d25455ead5f3060e9e;;;;;;
b7d12a70df22157199f3715d455b5565;;;;;;
4315897889ef0d0bfe04eb462ce7fd63;;;;;;
9451e84cbb0af516a5a2b89b87be5a3d;;;;;;
c9c2f493741a66e66ef8d7d873fefbec;;;;;;
4a8e8ef74c8115adf5edfee0bfd1ff35;;;;;;
94ff7075b22177330f93dd43e822a41c;;;;;;
bbaf2ef1526e4d6f85b6c27d20259285;;;;;;
2c8ee3cca18526c4158b2bc4748960d4;;;;;;
1e47fa8f5162cb9bab45ddb9401ffed6;;;;;;
540cd8e84686a5d7d4e25c3b46a2ecf8;;;;;;
e10161f004c18de68759dfbfb69689cb;;;;;;
4429125dcfa7bfbdacd48ccb19b60c04;;;;;;
95d87b8f8abb71012dd01eaa7090cdd8;;;;;;
43dbb0a286dd1368dd1859bce8511062;;;;;;
c3e4818994d0906bd7bf448ca1471d8f;;;;;;
251d5dd65151211ea67ab2a8074ebe69;;;;;;
836994a05ae17c1f572f4f6903fd8977;;;;;;
6a17545396dc3b78b71750a82974ced9;;;;;;
dde5e3076c921819fd600cf8c8b417e9;;;;;;
aafaf09319263459d88b8a60c092090a;;;;;;
eb16ad67f79b84f3be339d2753cb80be;;;;;;
8bd69f6f2675780201baeabc286c2d11;;;;;;
722a21cdd3d16e53f59669f1c51ba7f2;;;;;;
1b3ca76a3663c0befae6a3a22ed5b0f5;;;;;;
d65d5e8848686053c217c6d711abc2cf;;;;;;
3b139e19b3f7a7ae4498c3762cb18c52;;;;;;
c70be8b494f946a53b92c3d981547a3e;;;;;;
326fe4442978c74b1bc86f0ff99e435e;;;;;;
3b61e8acc41f354ebf5a9165c0b5e1ba;;;;;;
c8a66c7909ce0dde6b3f7959c038add9;;;;;;
f0fa9966005e94be6c4b07bbfb0f08a9;;;;;;
b779f78e082f6323e30243f867b4eb08;;;;;;
94f52c2dfec3ebfe4d4827d6f699d4c6;;;;;;
dadcd951269023702ea78a35e9357663;;;;;;
aa3113c6a98f72fe48f440af8aeb000b;;;;;;
1ee07693b4a0624f88c8f35ed03a3e52;;;;;;
4d0977e5178021b491c767cc01a94e88;;;;;;
c86429237ee72de43f84cb0dd4fc644c;;;;;;
d46a07ac6bf0c78d2ba5d8da5bf95f55;;;;;;
6ad989807eb5756d4c1f1f4e1f8fbf95;;;;;;
5b45a1c6362e7bdb48a72f7b6f28a8db;;;;;;
765dedc98ae6df786541ccc285145da8;;;;;;
7a3de7a4c2365020573050ab9d90da7f;;;;;;
62487bc925c237d22350bdb06b5136bb;;;;;;
67c12e31f8f81de5a0495628601b2aa8;;;;;;
7c9a1343dd72a3af540ed9ff8d7b32a7;;;;;;
7998fd1ea1c04bc475b30b2178294687;;;;;;
3378cea7680c74767cf8fd4260da39bf;;;;;;
cbcc691bff3efa940c5370bf5e125f5d;;;;;;
b0226d9759dd5b40d898ebd6ed6a7a08;;;;;;
561521f379dddc1658aa049de9adc6ed;;;;;;
4c2deb89fad1c685eaea407dd02a16b5;;;;;;
e731703a436fca663ccf8f829d6fd010;;;;;;
50e966a61b6eb7879583799f5c3dd784;;;;;;
38b80963aa4d26f25cce679701c1f27d;;;;;;
0ddc1e564e086997f7fff15b25194f71;;;;;;
37d5009af19f7a9806a7f279bf4008b3;;;;;;
9421370238dd56029b7b4971ff96e68e;;;;;;
c89f4a8878642c1e116fd3eb6870b3b5;;;;;;
48dba73481bff867a671140119227143;;;;;;
34047d24d738c2f032a04bc0e391ed32;;;;;;
f55c971d7921ac5add8ccfbd34ad6bc2;;;;;;
2cda0c6857667973f011c996198cbed6;;;;;;
ef9a5783e2d6d6c1fbc64624ca77b948;;;;;;
17d570ada3248cfba07894dfb9c4da9d;;;;;;
87561c1394fe0fc1d7cf016e855ad5b2;;;;;;
6c081e5a97443f0f55970e30284bdceb;;;;;;
5440b987e7f5e690ab24d4183cd5536c;;;;;;
7224da504579c4cd74d5b31c1e3403e1;;;;;;
72886058ef2cb3a895547bf4339c1585;;;;;;
48c71dbd9d6833f0a833776d48741d06;;;;;;
c9753071dbabc91892edddf749ccd70b;;;;;;
06bc279ec23d8a288fcad4cb65297cf9;;;;;;
8610da4022ad69de42868f1958b55b25;;;;;;
706d62dec4053f65873648d996420f24;;;;;;
92fabba71df362153fefb347b828687f;;;;;;
f35e92e1f20458d8056f32d67405fa96;;;;;;
40c7be227010a8817cccb5cf739310fc;;;;;;
94c8a2ef022856592c9065329d0c60e2;;;;;;
fd09b5075b55f2f764b403afcca62298;;;;;;
d037e0fe4baec4a3a132a0fdafc9b2fc;;;;;;
d3ff60f559f56e1e2d940ad5962bf1a2;;;;;;
107e57213fe5e42adbda4303096863c7;;;;;;
707989b26467db4305c5cd9ca49ddf83;;;;;;
8c2c3494dc95f028790255585fb8ff9e;;;;;;
4d68812392795274ec8c455296faaa45;;;;;;
dc85108a6f6f173c2ef7ac4b2def7929;;;;;;
ae84e25bbcc10615bc32890f090482a4;;;;;;
8373d3093753540630138dd03603ccd7;;;;;;
26f835681057070769bf6a8aaac1770e;;;;;;
e0dddb025407d639e0863ba7d9480b27;;;;;;
0cab562036bfb39d9ccc1d6234625ec3;;;;;;
68356da172c0fdeeabef276b0f017099;;;;;;
60131ecad8b1ca62e7ce18dd055b0181;;;;;;
18cf88ee4a7cbcda95a3ecf03e6b36d6;;;;;;
e6bbb2ab1776149e3faf3cad102037a0;;;;;;
46fedfffd9ade3df0d601bf3e5a243ab;;;;;;
23ee789e92dacf04560b47fac7568b52;;;;;;
2fb09a0cac332998f1201f12b88387b5;;;;;;
524526e77a52b125399ef4a7df63e340;;;;;;
3115aab884d36763c221e442a2bd6e12;;;;;;
225191f9aefc2b022000d1d085e6b2ce;;;;;;
c12642af51e0aa6d97015e39ac196ef4;;;;;;
927ee6aca2429c7df13225037f8d5ff5;;;;;;
4a31a452bfdcfd8d30ebf715582fefe6;;;;;;
7ebe00e0e6affcca9e532d892f3fad73;;;;;;
d834d052aa1ca34aef1b1116f1dafef9;;;;;;
d118ff750f1ba7227fc67374600af337;;;;;;
96bbc867911e007335cc33f32b2fcae5;;;;;;
2a1eee3ca31405bf06c765ae9dd79ca0;;;;;;
4a3506a19121ae32f487f8e8d3093cce;;;;;;
c7abc4b620aea504f424d5ae334bf44b;;;;;;
eb6def43663488c93779f8ca7f37930a;;;;;;
ff3182eb0998b7d0269e8b276d4d6b71;;;;;;
c36b9b081a2331b930b4e2fe9bd96b5c;;;;;;
8c5f5eb4cb6addb24931882dc1f4cd1a;;;;;;
c99b14f212289d3662bba7ed8ef951a7;;;;;;
45c980714295c60852a72b135d8e80ca;;;;;;
42dd5f1aed4251acbe106d3f8b7bf7c4;;;;;;
2605f98e728b7f732ee81f7deaaf76a2;;;;;;
36c7bf9224f9ff90d1ff085731fc1e96;;;;;;
0cf0f8cb836047b7dbf95c6f7c2396f6;;;;;;
2ebdfb287cf6fd1f03e0118f3f11e673;;;;;;
162e9bbee33458649f35caa8be9878fa;;;;;;
9fc317cd0ce75813112301b8ea1eaec5;;;;;;
9b46ca5c2f2b75bd0adccc74482a4e27;;;;;;
a1fefd7a88a95dbc9145de0ce032ce84;;;;;;
e3162b2348ac737c7f5bc0957ed81825;;;;;;
e293d444b9dba150a44b87cba1d70a27;;;;;;
e085734dd84b53ba8732f9f741dba38c;;;;;;
cf875790f143b131862f991d65a8bf23;;;;;;
b9fff204d17c86094af66ef45815252b;;;;;;
bc1283f2f86dc7089f3da3416efd3905;;;;;;
a308c68a4e90236ff312cc00650d4443;;;;;;
114cc6e44ea852fb5da487919aafa53f;;;;;;
65b06e0eedabcd5ff4e9c60f2aff1534;;;;;;
6c17fd354fc7df996151724b48552e9b;;;;;;
8ef8568066febc061367128dfcffd20d;;;;;;
7fa83f0f8ddb28dc29494ace249440f1;;;;;;
ab7cc1cb6d3288421b6b4a09f44e0144;;;;;;
bdd112a549c7f1570b4cfee84dd27f45;;;;;;
0b5a6f6dc000a3c29d16f3b78b51dfb3;;;;;;
a2f0794c384902438df049ff3b718765;;;;;;
94efee247c45cdd046cc4e940378a375;;;;;;
cb68e1a07edd26ada0a09ed74c75b746;;;;;;
5bef435ba8ea2de4bb2d282243464e26;;;;;;
65e19aa4b7d9b49c40602889749f9212;;;;;;
728188c701bd1f052e999b1bf6bb2e11;;;;;;
89ac60a16376b0660855dd247dceb53f;;;;;;
0bbe4bcb6b7eb0b242a1c78afc616031;;;;;;
28fc51701cff2ed6ebc460e1ff20cc20;;;;;;
85384a98594b761570d95599f22f4ea4;;;;;;
57df13a7e3caf0594c9e5ddb3b428435;;;;;;
44836ed84cfb9a0e0bff5b36946ad4db;;;;;;
9b4fcf2a52b7bd373dba0889f48662f3;;;;;;
a7087e212ad56df11b08bac5e351778b;;;;;;
415c4de64a5bebed5bc45e91c087c03c;;;;;;
1a4045ef65681a5113f590ec1ceeda01;;;;;;
a982b6f3eda2d64983e3863a8c05a63e;;;;;;
a5d732b671762c65609dbe76faed60be;;;;;;
2b6a0b5a12744162d2c68a7b40557812;;;;;;
2a63ef4eb17b6f04706ae65419804e13;;;;;;
bfd2c75ff38b86927b047a78e9037b0e;;;;;;
a0ace1255950db6412a01146b25e3b7e;;;;;;
0e6eaf37865b5c37ec703a423f207c6a;;;;;;
2c5373665ee27940dd2e69c7b0f20288;;;;;;
d6d57ed5995400e5ec10b8455a3cc8bc;;;;;;
2ac2ab8cc4d9cfb309b1291e82407b16;;;;;;
bd7191b0257894d578725ff40edbe5b9;;;;;;
47d8d3412836f7a94f884d450f59ab7b;;;;;;
c119d42df81ee69693c90834307f9660;;;;;;
4ef9fa287cf4be494052e249ca4b354e;;;;;;
b0e79f5b18b6abdf794f1a00fc4af224;;;;;;
eea3c1a0b9fcf83489bec52ab1108c69;;;;;;
838b6e256ceffeeeed96dcb61e8d26cf;;;;;;
b9aa20ad209b24e223e474ac2920059e;;;;;;
6ee0278591cc2ab64d605a34e754c0a0;;;;;;
499e2ac7005fb7b82ffac94fb504a430;;;;;;
5dcf761bc4b4f29bf1e9e81bcd88ac38;;;;;;
6b2778f8608ecc9dda206609d63a68d2;;;;;;
1df1e39aae148e5ac5ba87f7efc85880;;;;;;
8c95ac1d318d785c0448cbcf19cf0ac6;;;;;;
50b9aa55cb1e8093e4fd7fb293456ace;;;;;;
a6f0fe23082e2d7a48cf08c3ab39096e;;;;;;
0dab816cc59a74792e5d8c1fa57516c2;;;;;;
1a33bf7a13755107888c02596473ee6b;;;;;;
79ff1a1c6f09c620bedfa4c5a1cf1c15;;;;;;
5106af588bd8d6f0f3089fd07f7cddd1;;;;;;
7cf5096062db3b6b4643a364422aeb93;;;;;;
21ed6b14117d939f7b52048aea459c95;;;;;;
52d49d8c4f02f70214d4f0b7d91762d5;;;;;;
68f6750dc4dd51ddde52e54421042600;;;;;;
beb621c3590b0147da75d2f955608d80;;;;;;
9f3ab688d59e2907347708980e51e531;;;;;;
812c3b890907797b8abcc6d3a63a8e1f;;;;;;
caa64e790965f37e8167fc3a4f94cbe3;;;;;;
1b5c1e7d1f408569a739c2dc75289b93;;;;;;
d8c416d6a4fa2076f6fd9e5bf7ae1a7c;;;;;;
e51ec70cba44fe2b7e96f1a9726ed3f6;;;;;;
d03e6d6a5cbe236fecd41f7826df7519;;;;;;
a9a7ad2ceec2a7e7c2437e60f34c5904;;;;;;
b222684c53812a04faca14e0978ef9f8;;;;;;
430a203e6ae82c699105cd915e9f4b90;;;;;;
cf2d794b1c91431f8c3382fee5892c0a;;;;;;
67ba0b9d25ecb522d69b804f7264126c;;;;;;
18c5f8851c66b611419f53efbabd68cc;;;;;;
f580a2514a7092801554adb18571fe6f;;;;;;
50b58ddeda192c465e944a26c1ab5360;;;;;;
1526acea0dbe24b323243ead7e86c6d9;;;;;;
b8e5e52917b10d4d1a0f9f9179b77d33;;;;;;
b90e64a200b6767f5ca3c17e670daf38;;;;;;
28d9fcbf8dcef92df1e6688f40aa183e;;;;;;
e8b8ce20534b92bf491469fdf103b651;;;;;;
a6cb8657318bea5b30c0bfe31f7bfbfc;;;;;;
cd91d2ed38c9ba11f695a7f9d6cebd07;;;;;;
da772d524e608833a3b9abd21a915c63;;;;;;
0d7f41adc7ef3f5505fab15fce70160a;;;;;;
aab5137179ab340bc45f117808ec0c74;;;;;;
b524522f4f9c55148176123cb303f253;;;;;;
c73801c2a5c911a9a3b19bc09ed76d4f;;;;;;
069287d116d0a4a2b232132cf366c6bc;;;;;;
88d2843f7871617f5564cf78e07999ba;;;;;;
20e17635dd3ac65a9cff429f4e702385;;;;;;
f0be39e03226f4c3e2301f41d670f7ce;;;;;;
9ee7cbe73b37ec802b693f83ab53e672;;;;;;
ec2c9a9905e8a4f7a9056b4c1b9f770d;;;;;;
900b709dee1bbbec08da99cc7e7eea0c;;;;;;
ca72c7791d86bd67e54f76bb5c745a7c;;;;;;
7df159eed953a739670343e94494d4ce;;;;;;
435e1491688b53c65e7b73ed9773eb88;;;;;;
35d687374fe7325e3bd3f1dc3f22699f;;;;;;
38f78f77597ddb538262ccf750b45318;;;;;;
6e80a1abab6430307689cd8610fa690a;;;;;;
8ea5c294cf3b0a0ddc10c479125d216b;;;;;;
e29d73b492fac0657dfb76b2b55c20e6;;;;;;
5d56e05711eff67ed37e6402411dc427;;;;;;
3f4c00118a2c72ea5eaa8678d1b87d7a;;;;;;
6d1bf765f66ccc6b1e2262b62477d0c6;;;;;;
f418a5e7b07891362bcea7851eb20512;;;;;;
e31b43c8ffb0d3d16b61c9912837c3b7;;;;;;
e59dc6c590e02bb5b787a91aff61f624;;;;;;
df7b70048817cd2cf9f495e263421a64;;;;;;
a1c0758112111d3dd81b203ba7914f54;;;;;;
242a81652472539556383a693987529b;;;;;;
c4a04ca85a17a556ae2d817d4fdaf395;;;;;;
5095074d51605b29841edb8f4214c765;;;;;;
fbc3d3c180f31eda361546be203494cc;;;;;;
63702ba1a4b0d0c77ff41054365ca5ec;;;;;;
39be6972d1354e01a8cc0f978c54dc2b;;;;;;
f4f89ab6dd8ff1ca8985cbfc0c6b9417;;;;;;
369dd53fc761f4ac1bcf2d4119b19fc2;;;;;;
0de77d4d271fe489cdaa362ac58640f4;;;;;;
537f922670f7934b9ecbb00784c3d0ef;;;;;;
2a19dc965c4ef79ac6ed6ad70132c491;;;;;;
a629ff83c62d03675e7731da3a7b5a33;;;;;;
d8ce74823615c767a45ea1e665b9f480;;;;;;
67df0095e66b3ca5047f9e0de30a7694;;;;;;
99df63e81fb9658d7fd1603304f534ee;;;;;;
03118945647bd1945dac83e1f2f80fb9;;;;;;
d5836142bd5e85d417b3237746c86678;;;;;;
086ed2a87ff08530109a8a899b90b1e7;;;;;;
db368c2a79cf747537236fb8988a94f1;;;;;;
859163a4d538f52e0fc19d938d92add9;;;;;;
7cf9594bf75fe48f1d93eb55176c531c;;;;;;
66cf1fad3725e9de0350ceb0f041a8b8;;;;;;
22fcf90ca4f33551f53ac0c96842e8e9;;;;;;
8a002a08f07dab0c0697d2993098401f;;;;;;
ad6cdd2864246408f2a121d059cffa47;;;;;;
c2163a110b8974e6d03b8367709bbc96;;;;;;
2669633ff73c79bd4a614302bb80b692;;;;;;
53921949084d75a51378a2866149a4ee;;;;;;
19c94ab5c23d0946e7f7548639c72c5f;;;;;;
b42230337693d7f4b253ca51c27c7dd6;;;;;;
9685d89db1889f0bccf57afca9d9d53d;;;;;;
0325f6b89f6c096e193eda0ae636872b;;;;;;
894f48da60f8f13dc7f387b003b2f94e;;;;;;
71e8d4fd4696144cddaa616fed2239f7;;;;;;
86693c9748d91060617ed22eda8bb790;;;;;;
e8ffaab36221b9717aa6ca212fcb6e24;;;;;;
3166e23d5271e97bf9a39a321f47d6a3;;;;;;
9f7d5f861adaa7e961b5efc6362727c2;;;;;;
9f8f26be33fbd931b039e4804a62e149;;;;;;
5f11412454aa24e9eec1a35eb67e1161;;;;;;
e7b4e147c349cce583d6d283fcbc9cba;;;;;;
51e616e64fae6d86d99e83ca959a2a80;;;;;;
a56c8907ebb5895ef12103d2724c1ea4;;;;;;
0c6b44812da686dff8443e43b6bc3636;;;;;;
7b970e3898a35e6ff02177cb956d4c7d;;;;;;
b8494c945dddbd87eaf8aefe5bc97ec2;;;;;;
18cd67598e4cef6476264cb8ebca70f4;;;;;;
56b3fd57b8592239f321e2ade4366435;;;;;;
f5b83207d4aa4ab4182c3ff4254b12e3;;;;;;
1168aa1173f6f67b3e9d1439fdc478ca;;;;;;
55bb784e7d7fbd9d1988dfcd6964ddc1;;;;;;
391c931b68b9ad94c39abc4f6383bf02;;;;;;
b0a89b774fc143148c6183759b29d74d;;;;;;
93141f2e90384034c0ad784cd0bdcd6f;;;;;;
adeeae1f4e968dc827a95c97e989437d;;;;;;
323713a1bdaa620305b36a10529ac1a8;;;;;;
a504b232773bbefa7437a6efbbf9447f;;;;;;
61a94f96621c51b3427855a376f5d9f7;;;;;;
d60a1b7911330c5a7aa60b0dd3e1abdf;;;;;;
a83866bdb0341df4981c334361899e99;;;;;;
139454e045cd74c3cae7422a823d562c;;;;;;
4db903a1db8fe38dcbe8dff37f48e0c2;;;;;;
3b2929de2e359da7e6b2abfadc697e91;;;;;;
726e1a6c75b26471569ecd25b36bd0f9;;;;;;
b01f9d5c1ed72bafaba2f0f61ae5bad9;;;;;;
a4f083f46e9d53fdeea90faef36fad4f;;;;;;
71d31137fdc6b60fa46c1a92cd0d5cb1;;;;;;
f607d22693a6130d125d58f47940f5d7;;;;;;
8433ea41f8d8f2fd5d291d8b80d55686;;;;;;
a24ffe9fdb91cc19b651949673f34912;;;;;;
cb3d1bf1ec171223f469180f92228694;;;;;;
4ce06be3ed2b7c7fdcd5ebd5ef7fc5e3;;;;;;
665e5283090c1c13c4b0dc594d47f768;;;;;;
bd5a794bb0f628d409540fd197b8ee0a;;;;;;
2e33d92a924992222bb3e1c02ec75695;;;;;;
9f062bf280f7924db04d5d2c1c242682;;;;;;
09f3dea20f3a0ad501500459e8299437;;;;;;
481c3c10de87c90994c8facbd2b9e8d1;;;;;;
0377d7d4f18dba7b2ed73bb00b513378;;;;;;
b2cdf7a1b4da5c8fd30f343962b5a3fa;;;;;;
f0b57fe317586f872dd32947222b9074;;;;;;
bad25e94bb15868464b4130be527c314;;;;;;
e6f2ea338b160eba8ee24e70e6219a11;;;;;;
8af4a84632735972d9e93c6247b42cba;;;;;;
139038bcefac04815697e38175961238;;;;;;
a3e85b835c94483faeebd1e91eb21535;;;;;;
9d28a02349cf9f1a26c16bd2a8519f69;;;;;;
361b5b00f00fb2fedbcc73c35aae0cfe;;;;;;
b07b911c376adbd9e55138ad5f9c82c0;;;;;;
971fefcf0debe14701f7826cd056b88b;;;;;;
cf58cbde85a4772370db0a79c9363c18;;;;;;
22d9eb6e50ca60775ad6a1f6a19a96e7;;;;;;
16aa13746790bdc497638557062e7312;;;;;;
86c5684e3252cc7d698540a239c4c340;;;;;;
c9a1bededfcd783867ca49bfb4c89069;;;;;;
43aaf6a4950b969656c568099ced49ed;;;;;;
6e8b5f8cfc9891703c1a8800b6415ab2;;;;;;
c50c5b67143a352cf68109a8ddcf81d7;;;;;;
cc64c5257ad215a8582ea2f87c85bcf9;;;;;;
9619aa1e7a209cf829ffa5c4c33864d2;;;;;;
f8cdd1d079a1db16a2137e4e4b83c704;;;;;;
bacc358f60bc0e9c541239aca2b7d9e8;;;;;;
f0671721e1f9a75034f3f5722336f391;;;;;;
668b3c897aa366eac8e33e1f769b1a21;;;;;;
0a3297cdb2459ad6e062ecad8dd6255a;;;;;;
7c1490ee51a69c3c554c492f8ddbf30e;;;;;;
aab19e236125d0af3d91207fa7b168d6;;;;;;
85784137e7bd47447a5f412e76571e5c;;;;;;
78b0cc53eccf713f58c6b7b5845d7323;;;;;;
7a54ff088b9ff5e351cbde1ebbdf08e4;;;;;;
57701924a6e24f4bb06a3a2aa7f8ab91;;;;;;
d2bbd05efd1dc223865715ad5f88c548;;;;;;
89c3c6c5a4c4055484b4ee8cc3c4ac1f;;;;;;
b669b4ece048dd4246481a017a1d24e5;;;;;;
e98fc2e686463c11e0f25ecf83118a37;;;;;;
8b1d74610d47e83a7529bb29aa6b02aa;;;;;;
dec78cbde0c2c386c54ce57430631cfe;;;;;;
fc8c19b8616bf54ef4846abef8ed076f;;;;;;
c75b2c9f498e4f436a0ba371480b637a;;;;;;
ce930469fe186cc59ae9de7448282b0f;;;;;;
a80010f52ed48c08c4a98b44a19f14bf;;;;;;
454ba8c42fe1d9f68037a8eccf58bd68;;;;;;
ac53e2b138f3c3942eef0ef091ed4b6a;;;;;;
d4a269ba60acd905f2c0e5c95451038a;;;;;;
4a79800df59fc7f88bd4b322b9a0cdda;;;;;;
ca4196890b620d2633e04f19dcc0d439;;;;;;
495d5d085fcca5847e3804ac1e309fd7;;;;;;
11b5d539fd5b7d309d7429d52a18dc2d;;;;;;
50653aa9e93d5ef22b40a51bd3b5ae36;;;;;;
220fea886435214d4a71caea6abcc30e;;;;;;
da245c5c0927d989a94fb307d2475fb0;;;;;;
56c42fd81cc0c4ac3c108d0e91b21082;;;;;;
bbe4e6645339940f6294b86e196fa53c;;;;;;
18a28ed2e5183eabfa27d0687363b2d1;;;;;;
bc8351ab786126ad3c788c6fd68d465b;;;;;;
47df66a6a698924e56bc43ff23fd8c9f;;;;;;
3802c752898128c55cb5a47983632c67;;;;;;
5ffe30607f3d06597674566a8fa03512;;;;;;
5a9f3012561969677fd4b7f7b9b7d956;;;;;;
d17993cf2166f69cd7e567936f4166d5;;;;;;
703a670fdf578d307717a0329f12074e;;;;;;
4e869ecc3c41c57b9140369761cd8931;;;;;;
cddf9948a590cb2291cbad9fd55593d0;;;;;;
46081d1e206d327d2d9294d58b383cee;;;;;;
98c05af564dd8efbb2c7834ebaede278;;;;;;
82d7bbead287d2e1f7fe1af32c08e001;;;;;;
b57bfef84e441510fc95bb9fac9a6c0a;;;;;;
aabc90bb09fa5092f50e21690381e2e0;;;;;;
4d3aeaaffa30b3cc0f08cf25f89c4901;;;;;;
cf64cf176215a4a8adad33544754f3bc;;;;;;
8726f1c577c1bcfda3127876d31a4137;;;;;;
180eb1792ab6afadbd268554e9d5ba3d;;;;;;
4a0dd2d817a63dbfa066034f8f729b30;;;;;;
0c9b034f7d4faca8b1fbd67de9bbda91;;;;;;
b3d75abd811d1c377b6e46e620550b4b;;;;;;
9b5278dc442dd6d49603c40b19e28f30;;;;;;
40cc20eb30438fc31c326cfb35b0e92f;;;;;;
18c6aee184cab0901bdcc045a295f006;;;;;;
862e5acd2d06b221a89945b6af74fa14;;;;;;
df85ac53206eb76ab50c627b70c8c791;;;;;;
6e077167896259af59fd827fc6a5e1d6;;;;;;
399530b4a7d2adad2edaf69f952e60bc;;;;;;
bbf143ee722487e20f680132bff29670;;;;;;
5814187adb5f44c6f1cbda9f2fc6ea12;;;;;;
1f177aca236d8942e59d6d1528120c16;;;;;;
d83df811acb94c0c73969e5da95d1197;;;;;;
f5e69e285264bbdaf57d5694fbddd95a;;;;;;
fe7c65885b67028214777a8326c2436c;;;;;;
adb01790bb350120c7e57a43f7065c03;;;;;;
c858390fd5db87eb123e619beb8ac9b4;;;;;;
69e153f7d50dbe3099996b0f32f33c2c;;;;;;
e9c7ec539fde8b59f0dc338af608a2b0;;;;;;
adc559c2d0d58389ce6fe01f6f6443e7;;;;;;
646a7928f6448ce299b5479c9d95a69d;;;;;;
fc4e5986c860e2aa7aa79009692a1a5c;;;;;;
9bf0d691a301524f4b00e3ed0b30b446;;;;;;
f5eda92a63900dc12a3d08070925e27c;;;;;;
235c5d185bbac2f9c039358ada7451b2;;;;;;
fe5164bc1d762c819e7d6fb28d89f29d;;;;;;
dc4ea7c639b0da8ed7f7b89f6420c13e;;;;;;
1baff602d0cce8b65a0f39c81d9f4c32;;;;;;
28204f25076851529ed243699aa44244;;;;;;
d3d05ccd1ed2614de863a3059c3f357f;;;;;;
d4b340297baf76f8afdfef6a3663c877;;;;;;
8fb21c91e37604c9311582f88439cb4c;;;;;;
55ce5e14900c28f950510ab342f56ef5;;;;;;
a688d2aa5ad6971e929c5e86bca9b386;;;;;;
aecd349325bd645c00eeedca8f70bc21;;;;;;
541f0a72e0e5da5145f9d5cc5fe56752;;;;;;
a0260d1f98d4f788c3bc5d3c2182b06a;;;;;;
c7908754479c07c263c81b55d0d4ae05;;;;;;
594645ffeb30efc42be6c5f633c3e381;;;;;;
15332957f7f9647f9c75363517acbd57;;;;;;
3cd0ae308351fa50188ba8ba6c6f5e1f;;;;;;
f7c3391458267843b1882cd31651cd66;;;;;;
3022b7a2b013006eb26367ffd433f4cc;;;;;;
9c547abe2b736841215ec0da877ae03d;;;;;;
241085d8b6288020aa598d734dbefc35;;;;;;
ce33843b2d1a9e783a8d87f0889e1933;;;;;;
11c7552856b0db2d2dfaa8b546ac6475;;;;;;
a331e759b3f0efd1dd4a05e037432ca5;;;;;;
55eb100ce3d2f57780aace23ea8fbb8d;;;;;;
d2b665c6ddc3ceae8e1e8857e14c3026;;;;;;
9e1445236a9f9bf73e327da10406beee;;;;;;
c73d1f05c91df325a11005700773f534;;;;;;
6e8b3fae5bdcac0134984128bf417cf0;;;;;;
4f91ddb8094efefa6c86cd7119d6085b;;;;;;
0b3daa638e7ad07aa7066779169ef2d7;;;;;;
414785133e7c086effaa6d6ee3a8f718;;;;;;
b6de481e9d9709908526f55ebfb2f456;;;;;;
613c9db776192af29285eb14660280c3;;;;;;
9f702298812fddd84cbed62e61da0e19;;;;;;
050f8bae0bdec41bd3c3419bc7920f23;;;;;;
a43cb464ab03cc793bba143daf4f9f40;;;;;;
39eb71c1834a48d237db824668325b9a;;;;;;
6a71ce926022ab9372e1d24c20ae8cf8;;;;;;
37066a85e53da1436fe191aa6828c3cc;;;;;;
49748bd2fd60d7f921e1dff43064b00f;;;;;;
9cb017039c3e543512daaec5150def69;;;;;;
e4cdeefd0dbcb857d591217740d276b0;;;;;;
2c60e64e1796d844739f132c70d8a3cd;;;;;;
21a59d9e7937527ad28a3316dd74eeb2;;;;;;
863ff1290e43764ba02fbaa8947c9235;;;;;;
c3cfb752638c9e312d0e5b784a0dc7de;;;;;;
4b2bb8dd5e281034edc1bed9f0631645;;;;;;
8ab5609cdadc9abbe711d85bfc03f5c6;;;;;;
5591295f8946233fd2347e23684c9f1f;;;;;;
229d9d8c05537b43322d65e8843be6fe;;;;;;
22b277b1796ec524a49ff9a42c10a714;;;;;;
e86f7946a8e10b39a3b5476132d05378;;;;;;
a7830351b261344c056fa39fa56b9edb;;;;;;
31993fb1e018a99f40d5d76b6a28eb56;;;;;;
acf5bfb5e627cfe7702294cbdf4c75fe;;;;;;
c52e77fe4e8ffc5f7381ef4b533d16ab;;;;;;
c49f9ce0248ca485d9431da37fb983e2;;;;;;
e4238a63ba322530c34611a082c8e4b5;;;;;;
1506baa9dd0c3448b114a499418cd4f6;;;;;;
dad91ea06afdbfc7bcb4d5146e62cb7d;;;;;;
0c008873d62f79b2f3ff16b537f78163;;;;;;
8f28a2335229387c32da0a82a4172421;;;;;;
fda9b85f6b628c1726efd4561512d987;;;;;;
2388900a717f01e76b3fcbd0c30ab32e;;;;;;
59834d1a72b06a1124a977407f65a5ed;;;;;;
5be65f036bcd71610158f0457a7ad18c;;;;;;
56be8d90eb8ed625282a8c8f3a440e40;;;;;;
5846584258805d2c0c1ec9d456d9e261;;;;;;
ea0c2939f6b20574b5ea2187de155311;;;;;;
672ee3e99b3888b37bf806d3b8e64ade;;;;;;
48160844050f482fe8c3f9795457a16f;;;;;;
6c3e11651ce5b77417edca057f3cfab7;;;;;;
46e1d4193b32bb7728bfde1f84876e69;;;;;;
613081440ec3daeee78bbcc7c8ad799b;;;;;;
3afe48237e8ab5680f8fdbe86a298156;;;;;;
7e98216544ad807254ceb3c4698288ee;;;;;;
6a089ab4241d2bfd042f9234fe872e28;;;;;;
15f323adbb6bbaeaca328b2b3a2c129d;;;;;;
c7d3df2f60a196bbbbbf115789ec6b51;;;;;;
c2122ac0ad755bc9b52730a15301e731;;;;;;
e24ce9a61168dbb6a81362ccdf232228;;;;;;
10688edbb5835697bf08432eb99d0c8d;;;;;;
b5498359c1833f65393159fd78af686b;;;;;;
3b4ee835c87e3c9aeba60163c939bce2;;;;;;
1073d3b6f4df00993a8108c45f9bc6c3;;;;;;
f2ba59ebae94d27f6e082e7e1ea4e8d6;;;;;;
9b8013579b5b316e46ecd26e4c6f1ef4;;;;;;
1c9c2ee15058a8eea3a9aa0b9d8402ed;;;;;;
5b0b20a159935e8b484db47eab653348;;;;;;
69b8098448a39ba90f0949c333a656f7;;;;;;
05369484f76dee36bb551af43c55a537;;;;;;
0c25d30a606b80d7e48581d010f0a6c2;;;;;;
d385582af92e15527af0e26e2bb51686;;;;;;
b7eb812592889d26ac17a415960c6489;;;;;;
d599f8067228a62faa8a1301902672af;;;;;;
fbb7b48c40e495259faac4f87b644209;;;;;;
e311ff8ab73a6bcc70a1b05e1c53fda8;;;;;;
1afcaf9a0bfc38c5da7496ee3f814eeb;;;;;;
05f1f9db6a2195e53732d070d040a1af;;;;;;
d3017807ffb1153fb0a993e58d57c47b;;;;;;
c2f9f560b50e5d40d40a6c5d7498be76;;;;;;
8f2fa7e10882e84de4d7fa5681915fe3;;;;;;
86af932ab1634609e0cd0b7edcced18d;;;;;;
4fbb362067edd51581a3932b6439f31a;;;;;;
1beb4856042ef103a77994b2f7921112;;;;;;
b9b9d52e494efd8e12deabc5138ecf80;;;;;;
26523c5a50750ec6ba50870e600fcff8;;;;;;
aced6f0b2ca93dbb017eff18644b13a2;;;;;;
4849311b041430168c89cb16deffd52d;;;;;;
5a9504b928d90da0b4adc065db4b7654;;;;;;
6b442eb1a41e011d4d5c33411089da3e;;;;;;
86b112afb58a6bbbd532a9a91090c192;;;;;;
65ba4f730b238baf5217562f70f1b27d;;;;;;
bee989a4f8faa93c6d09571aef32c97b;;;;;;
8ab2d1d31e20de112439feffa265d9a5;;;;;;
300bb3a1fe5d6d8e920713d04c3ca453;;;;;;
47195abe07b4a6abfc7d9d9df4515aee;;;;;;
6e0e688b1de3c4577f15edd988988ae2;;;;;;
71eda0e40c8f81af75bfc1cf4920630d;;;;;;
d15d8d2d759998d7890748e6cacaf477;;;;;;
e9ebbfc2a21bb4730eeb9b97007509f6;;;;;;
9a6ab7670209da63c59cf135b4de3cae;;;;;;
c3a389eef022cb4c2255a52cc42aa486;;;;;;
41c435e8fe149e2062e9a379105a34b2;;;;;;
f98eabcb275592acb420aae2205f9804;;;;;;
afda36c308825854fe7e0cee6895655c;;;;;;
5fdffe8310810fa61e977078cd11ba1b;;;;;;
3bf55d9ac55ff70093d8aae52726ebb2;;;;;;
349edec1365ddf8d943be0f14a527015;;;;;;
e7348766bdea81cd429286adb0b99d35;;;;;;
71df7bfefe8ee1f6f28b60508c28932b;;;;;;
2a39280d95bd9374447cbdd3152fdb6b;;;;;;
1916f16b8fe4711460daddf5e7b492b4;;;;;;
cef17fa0f7ef7fa2a8c355b6bbbaa40a;;;;;;
08f1085d9c1df429b39b36ed06f47255;;;;;;
9037881649102eb08b2e644f0e1f8577;;;;;;
ffba1b2a665c99df7cb2a97c358651d3;;;;;;
2452783e3331070573b29fba2f4bbb5a;;;;;;
64aeb690f62a06ef96b5f6158349b5e3;;;;;;
3c924d892b29727ad98882e0742e8670;;;;;;
cb2c1ce4df0ca5a8bc32074bab22db42;;;;;;
2901bcb6e7207ef64a3a30388bf6acc7;;;;;;
fea9e19ea59666fb02a85cf54af3e53e;;;;;;
11bd1bfdac84c353dda4f182d603fb8b;;;;;;
8ce813924a526db14bf3ef5ba9472fbc;;;;;;
8a6748e9cf193f5212ad9764140e55b7;;;;;;
e1914f8d6220405c0ef4a8dc46281b7d;;;;;;
ee874e0800d254e8c6927f92c6d7f510;;;;;;
310a4b51ac01b4da0859977cf3173940;;;;;;
e0266b7ce4af13a2c64a38323bac26a0;;;;;;
0d7e28324870183d662d94c1ffad33d6;;;;;;
ecc5b995fee2a7ba87095699aab4f733;;;;;;
09ee17462ef5f833608b1f4f1e4b5038;;;;;;
a8715b9b807aeb3ee24a9cd5a91d6a0c;;;;;;
77b61e04089a377c841b97ec17c3f952;;;;;;
e78e132724bca7b3a82add8a075480e3;;;;;;
0e6c3fbdf85babf279173fc06ec88f14;;;;;;
f2d9a6cdf3d94dcf69a8dfaf5bee4f98;;;;;;
7ba7c92cc44e04b370a07a969911db77;;;;;;
1a8f7814eb7b37e7a921b77d9b279122;;;;;;
317d487c4f85e630299ff5b3222516be;;;;;;
aec03f77bc2c28c1a0d8db953f3b2e8a;;;;;;
2f3217fff6c42ecea0d89664854a3651;;;;;;
663baf39632297d7861dd9cd5619aee1;;;;;;
4ed23fbe54c9daf1bf762d2c77f591bf;;;;;;
9768f9014f90c46dbe2ab78e23deb14c;;;;;;
a0dd6bdd7afcfd19fbeae8d137646967;;;;;;
a9da80ab2ebd9b0753f05b3b51f719c6;;;;;;
a27b2b96d9bf90b8a5b4305b593c747a;;;;;;
6bc1fceea7ab0a7fe69793881fbae68d;;;;;;
7b44242ca676e082c5aeb909e6a40b3d;;;;;;
ccecd94f231d2bb379181ef21f82fb21;;;;;;
cba0fb1ee27cbc165dc36aa40d553a1f;;;;;;
36c3b81294fef7e1aa0813e5681d58c4;;;;;;
19266be5efcbfa58062f3bd5fc2277ab;;;;;;
69124f683d9a8b9b980d7ca4550fc320;;;;;;
2baae569833ab4a404d814724fd23e80;;;;;;
7856e59f2f051cec225351a83119cf93;;;;;;
139f4b432baef58729f09ec29f96b5e5;;;;;;
5d2d91097f3704ace1462118612ca6e7;;;;;;
89a1dab0bf6ca7a0c1752243c0d62b3d;;;;;;
5e7449018618e32fdf0ada213690570c;;;;;;
ed87844e92ca544eda651386ef32128d;;;;;;
bacfd30064e2ee1d2e2cdcbd3b55cb52;;;;;;
1f391889607073c21edba4f632c92231;;;;;;
9f9046c17751c9a5111aa20558f9d8ed;;;;;;
2c5a2999829f344efa19a0d781e609ed;;;;;;
ddb0adafa33a09fb962bdb41ee7d1f44;;;;;;
2da5aad91f011172e312e56f806937ab;;;;;;
88fffdee1f19b6a63ced82c75d4bb4b3;;;;;;
2f74d91416079ad8095db08f3e8f0217;;;;;;
fdefeb59e7e04c99dfeb6fbdfd0b52d4;;;;;;
0068cf5ede9e66bfe5389eeb7c4f92b6;;;;;;
c3dbbbea0afec55a6b2c5c7ff6827035;;;;;;
7b8197dda608b1cc931fa704f3f9d16c;;;;;;
ba8200c5209fd98f0fec0a874b504d8e;;;;;;
eed4e0dab75e9ccb5582ed3d9572f4fc;;;;;;
1703f33c5ce99dc5416ea3a1775f02e0;;;;;;
736a10bb78680cc29f9ea84e103e744c;;;;;;
5de2c99174e1496babbdddf9c0de6fb8;;;;;;
07aa3457059f7a86f8b0adc455a18535;;;;;;
91168be89c762ddf427228f993e087ee;;;;;;
10144368e1afc36193d8abdc2835b636;;;;;;
0370dd7843edb5afe4795ffcf915aaeb;;;;;;
e7c317fd4d37fb659046bc5de62704be;;;;;;
b65b37465dd0366665f04cd0902fc3a3;;;;;;
bcdc33ddfc693d48ea21aab7ad168d4f;;;;;;
b6fbef67b60bb9a5df4e289236d68b5d;;;;;;
65371e6052106718b566b66cf3f843a3;;;;;;
93f6eff4b7ce5ac7db4ecd908fd00b8d;;;;;;
75ea45a8429ee73d7ab74847fd62c8e9;;;;;;
d7ef22eb5280b54965b2698bf8dd7c28;;;;;;
55e8eec5333de1aea399bfa451b7f87b;;;;;;
82cc6b7e4ee88763a4a1c8b019bd39ec;;;;;;
0424a1a031416c5077744ec93361563c;;;;;;
c95e3db3b1231090ccf9ad5d4f8aaf37;;;;;;
92534c1a1932cb2f64891548fdc93686;;;;;;
6eedbc04be5b54eedfcc4da67f743c53;;;;;;
3687c4defc09486acc1cde4a1db6d2d2;;;;;;
12e2cea85a64763643c6fc4100baee74;;;;;;
06ad9f452291390417de0c21d4ad7879;;;;;;
2c93425df3f27abdf8a54e593231456e;;;;;;
04bdf05450d8c7c4e0ab7ff867f43489;;;;;;
5befc69bfaeef8f7ec2ef40b57d3af52;;;;;;
64d088b207a2cebed0ffcd7b20b1f32c;;;;;;
894280e02421e7797eca56e41ac10107;;;;;;
edd983579206e3932f1b6c7286c1b0a3;;;;;;
c659ef1e50e2b5c5578f2248392d3a8a;;;;;;
4df97cefcdeb51c8d3c47b1b70cc1e1a;;;;;;
e81542ba2179e1e2a37402e5e5048eb5;;;;;;
f63bdfae3c85cf301164f00e47fb21ac;;;;;;
e2e4158eafd0d8144bb8e29cbe59f4c1;;;;;;
20ff646f7cfbddf4808708bdb7c08206;;;;;;
76075548f9254f7df7455c2e604b4cb8;;;;;;
ec1c8b82e202bd34d9ef66ba96c651a7;;;;;;
b1025e3249123ff7da2ff962a235498d;;;;;;
dc51f3a5ea2a32bf234f1fd00a04964b;;;;;;
d63d5005d3c7071717f61f033d569777;;;;;;
039f4ec010c76a7bb1916eb88261d9d7;;;;;;
ba52a8acbdf367c29052ab1944ef6f77;;;;;;
8bba6e72162b8c7dd45ca7269ab7ba40;;;;;;
183f3fc861c01039e03009af8db70f85;;;;;;
571e22d5592df0bfa5e57290bf996e51;;;;;;
73e2e48ae8485d69e5468d1831f17949;;;;;;
0a67f6b76c92d76d9a07fabb3ab640e6;;;;;;
6752211f62ca08a5272a644aace8b0df;;;;;;
e6b05a8628b03b50fa609900a25947e4;;;;;;
a7ae66be6984eeb4c06a992258507dc4;;;;;;
35d9f89daafb158c59812b075ba74200;;;;;;
e25f2a19d6b31395d9d96010460e07b3;;;;;;
53c5d6c16ce7512c759dccc8b6d3b594;;;;;;
86bacdea9eff5662b602026936e9ceb0;;;;;;
f55b3b59f7d07d6f60f296820769327a;;;;;;
6c83a73843ec1547f2582cc52a88fc32;;;;;;
7d840b8426bd1b1219166fea6d45cda1;;;;;;
764f9e431eeee5bb3eb0f111df6d5a4e;;;;;;
8838917f2da85c1f87b92d1a95294045;;;;;;
461d925d6fa2550d58915b430aa9f915;;;;;;
349b7b9c784e4ccd87136396da0d9e03;;;;;;
387955c9fd654cc8049293c59a306103;;;;;;
7e99e274b64ff586d62312e17717ed36;;;;;;
9078969035b6c0cbf878a2721b587df0;;;;;;
4edc6d39b0625c9da78c8f5562ec13b9;;;;;;
c6d6597a9277c23836791aa71e65118f;;;;;;
b6714635420852a8d14f352a958ac7dd;;;;;;
e3ed2b7ec69fd95e91e1a74c1766267b;;;;;;
d8d3c058602af512a8fed59dff874905;;;;;;
ddf365226a1cc8b873ae76bec0807451;;;;;;
baed4e95567df408c06feb558143520e;;;;;;
fbef62ed4d1539106fb82d5d267e5d48;;;;;;
5221d5dcc685974d58d1f729adbe310c;;;;;;
d3e0ce59d8af1b02acaa92c186b45136;;;;;;
c222a43432fa9adbd93f999bbf356c20;;;;;;
e0fbba06ebc16dd67755818bc50e6406;;;;;;
e29502a3967d9308c95e875d28176e11;;;;;;
8a7035658515e35527f0c8eed1831ac7;;;;;;
c77c2eeb90f167403fcf26c9f24f6dd0;;;;;;
72377466505491a0637bdf33edfadf45;;;;;;
7d25ed7c192955447e5e775d7934e9cd;;;;;;
9c486342814a79106385cf6ef504ee85;;;;;;
e662cb169d3d30439f3172a4f27b2d8e;;;;;;
45757e3396594caf7682cef24539429d;;;;;;
14f9e7f7fda9e15c778dd6c4d0497a5d;;;;;;
8231d11ad5a2c4988827a73f3e821506;;;;;;
8ca45042d25d954c2bde832347231589;;;;;;
c9b2b4ad13941af058e4e1282a3edd04;;;;;;
7b40ed76b7b09006eaf8296c3fbd62e1;;;;;;
2093fec7ed75d674c86291e910977502;;;;;;
10282cd76d71018c37bcf2c749ea43d3;;;;;;
f191ecbefcb6e55d335c96dacf99b3a0;;;;;;
ceeadff03dfc72716060e2b040de4ef3;;;;;;
930ff8cff8e352d44c0a5f89dd2b801c;;;;;;
675fd6e8359cd4ba3ed0fe17cbca5734;;;;;;
c6f7fc47f2c644232248a468e243d8af;;;;;;
5e609ae03bf9e4d6a1f629b61b00566d;;;;;;
35b0cd7d0af51d0ea75fd244f39ee258;;;;;;
7754dfbc3cb63374a9df1e593c347236;;;;;;
5c56923204db2992f674b3786a57e542;;;;;;
8880ca59e3d3b682bd298bd140ce68a0;;;;;;
48aa9d9c07bc1838cd9c1f8972cdd031;;;;;;
a4ec1027428c89fe38825967e6e18d8d;;;;;;
e9cc9a315af4355e3011bd017819bb4a;;;;;;
ff30092b9e7bcbb4062d7ea75f3e0856;;;;;;
031c2e4a8e7202a9f6970e1c03200d6b;;;;;;
356ca4d45f9932b0a3aaaefa0d18a9e5;;;;;;
6b84ec1ce05d3d153f3920574d2b1807;;;;;;
f591ef88d79b320e6d0489ae0c8b85bd;;;;;;
da5deb863e30b0132c6ff0c6bdce6566;;;;;;
29d23e3c0c15497cffdcaa67d4a8087b;;;;;;
e4a29e79ff0fa52083eafc2ef36eea4d;;;;;;
fcfc17be908571bd41252c21bb1f54e4;;;;;;
c53d82873343778130239ed750eae2e3;;;;;;
5942550915c5fb2f06765fd5bf37837f;;;;;;
831641869f6fc5d4bf0d5729f2561697;;;;;;
751aee39787a3feb9f382857a908eb1f;;;;;;
8515db5d618d21ab98f6812f979a8abd;;;;;;
dfc10666f20127fcff404c77fc88822d;;;;;;
d50b91ad6e2f0be42f8656f9ebc191f8;;;;;;
04a0d02cf80e95915639f45d73032aac;;;;;;
05b58d5872239087c93e73f2db8ba2eb;;;;;;
83fca2222526d75e7d803947ee23ae38;;;;;;
25860d703026dcd3a7f74d7fbdbf128d;;;;;;
44f4e56f76fc65cb24a182245be06e42;;;;;;
66236aba9f9b8fc2d5a70ba05fdfa045;;;;;;
9b24ec800f6f99a1ec193c7c8601fc56;;;;;;
5baad7181b140164b134f2a9f6f72b26;;;;;;
07a3a142f172ec989badf38883884b30;;;;;;
b9d85af02ed66fc91dcb1a2582385187;;;;;;
461bd4182913394b0621d19d0526f73b;;;;;;
98606d1712c9e32e7b260668c19ae03b;;;;;;
f5c1ed4b5723ed8900bea09ed810409b;;;;;;
302024a64a092fa6713fb5b71acec2da;;;;;;
156912d487bce80d8e2f392b91b68d73;;;;;;
39b914cd5556be87a0b74578bb85d717;;;;;;
ab1be841615b4c5c16f8b4541d1ab184;;;;;;
289c43700b828f7a36633ebac7f4e008;;;;;;
fdb5c9c2207f89e37e943054e4924a39;;;;;;
f421a717f42a3e890217658ae0745608;;;;;;
067cac07dce5286a2d914f90e18f8147;;;;;;
7feb0c744d009886b67fdce9386f8a88;;;;;;
4cdc624541623e679bb1bfe6adb89421;;;;;;
928c50540971e1ab9e269b7ea36e27b4;;;;;;
c405bc121a846805de35525308cb8048;;;;;;
a4a88225a1d42d4483cc08905a42e1a0;;;;;;
71b9316b259577c06d4fc7204a616ac4;;;;;;
2ce02b1393806cf480e8ad4d5c003c4d;;;;;;
2666790c9c307fe993347301e81c2c60;;;;;;
27f85c2e6681627f9699cdb7f01c140c;;;;;;
8a8c71a04f17327864a3f56c04f9a72e;;;;;;
063fe4662b94d98f9484fe802d1e40dc;;;;;;
8fae46ccb89d1ea3e30a4f4fa043a0bd;;;;;;
5029cdba1e1049f2546a62fb8ea706f9;;;;;;
b203a4060ad892a176393ad98396007b;;;;;;
b23f38c8db20fb75d4d047dbfef4ee7f;;;;;;
761cc4774762ccf019d660d48133b9fc;;;;;;
2862b1366b68d2858d0c16c06d9258d6;;;;;;
424be4a7baea0932b53127304dafe6ee;;;;;;
3f9a0c7f5a854b7c9d1484a69ec83faa;;;;;;
335f68c4ffa2ce7429075f3a2d60da9a;;;;;;
89ceb48edb792e16d8ad11045f465806;;;;;;
8b8ff05d0db9c8eda75950baef6aa9a2;;;;;;
4e229fbb74f2d182bd22a285ff8219f3;;;;;;
d1c6592b42a179ea925c3d80c7ccf6bb;;;;;;
067273a0fe3b3562fca5946476cbec81;;;;;;
ee6e5d104e74fa8013d6da04b64877e4;;;;;;
5cf4732a3e62808910df625e467ef83d;;;;;;
da49351a67bfe5df62c64d7256c4a3fb;;;;;;
04a0caf57f973cfa32ebfe2ed68fd31a;;;;;;
2e475d82e6ef167f4885eb054b47f827;;;;;;
59330865ff4e1190f247855d4d5ff8bf;;;;;;
080735d55be9f54b06f3de51b9144d00;;;;;;
a9f6044f315bdf0889093805d94945e2;;;;;;
7d344cea4728f0617708306334996d64;;;;;;
65370256eab6e562be48aef01060863b;;;;;;
c12ec8922fb79a8d10947dacdf9830ea;;;;;;
2f435547898880742706b36a724e9bd2;;;;;;
baa6a231b87a024358a4e83158a47b4c;;;;;;
1001cb6ee9653489c17394b74c224f46;;;;;;
f3b4a75e32a1cb224bc05e987e8f4e1a;;;;;;
d32a76964840e446db093bdd6b61cf09;;;;;;
9196c6ceaa6d9fa6d189ed9c2d2c581c;;;;;;
2450bc5cec7997a074539e2ff64fc521;;;;;;
518e863533a04f2f2e1c3e17413a7828;;;;;;
2d6b6af0e0ce63dc907eb384c3d03e04;;;;;;
8403b147318033519a42c9977259bec4;;;;;;
dc9fd32c26dba7f920ad28a762120979;;;;;;
efac4a5ee3bca8918406d20e2dc0536e;;;;;;
1b9fb94df35302979bb85c812f9a5408;;;;;;
b9dff44f1c320f53b9c7ba407a1e19af;;;;;;
97ae903c137b09eb31ceb8cc9482639d;;;;;;
f2812ccf4a70953f6c09eeca46c61a4c;;;;;;
1cc7e0638f6243040d8945dfda35994c;;;;;;
5bd504450e9dd9cce3a924871fb6b203;;;;;;
99a5f14541c9e182560e0362221bcf97;;;;;;
8af45e13229929b6d37eb8aa8bc8c1bc;;;;;;
da100528f17208374e03039b3a5c8c7f;;;;;;
65540aa743e1c33570b1a7f5476182c0;;;;;;
dab5b3ff27d6022005ec813bdd3deac9;;;;;;
86a1aa45f15efcd1fa0acaa044c99515;;;;;;
6d434f6cd88d3cbcdc5e82f0c782e287;;;;;;
251447c95fefc8c0838d44e7e1d2a4fe;;;;;;
ef9ae85a5b6f0e6831566dbc62394299;;;;;;
d34b35909efcbe1c11aee9e3806bf287;;;;;;
aa3ead5baf5f182eff63cd38f2120353;;;;;;
602934334795a12be8e3573f893c9ebd;;;;;;
8879016e14dd0a9e3fbef3d06dc21235;;;;;;
db5def96da6f238e79e564e2806e04a6;;;;;;
69da1055fd9ab5af0b8401d7b23c7604;;;;;;
fdc12c5927af30a9bbb145b55f7e03fe;;;;;;
b3ef579590a37fb285236606d66c5915;;;;;;
052be61ae017e0b93c8c30d7d6e86dd1;;;;;;
0e0d78a948985d04ee27e1a71af374e9;;;;;;
b0036c4842bf116cb180b6840219512c;;;;;;
3b4ea57fadb34a0246f655f4f00079f3;;;;;;
7b94a19470ca8ddc46f04a2547c84660;;;;;;
74161e92ce58b23507895fe82f8f1c38;;;;;;
11d2eda4fc6f0a45c8f2953af6ae49a6;;;;;;
746b511012b88a70453784c598c392fd;;;;;;
3a58a48f94810d621cbb5f5560606d21;;;;;;
bf7deed636aaa63d1c3026e13439212d;;;;;;
a3c5759b5c4449f69022684b9ffed4a6;;;;;;
1dac0d264efb4bf2467789ead7bb0af3;;;;;;
af400df02f5d3c4ee954c9031059c3d3;;;;;;
82751ccc8ae14840492fd5c9ee771fe6;;;;;;
81133fbb31990d1d3d3a970366f1a396;;;;;;
728c1b1d928d72ec7bece442586b9aa9;;;;;;
77a6950224607b24a5f54335a87e7e24;;;;;;
88d9ab80e37d0f58af3ae5464033250a;;;;;;
85cb392a2efaac322b925a931adabf90;;;;;;
8bc8b18d44bd5a3b4846d19ea94cf239;;;;;;
f9fcbaa9cca36bcdef37fb4158d19989;;;;;;
3ded11753fe17735c10190106ff76a88;;;;;;
16a842e0ea01e8fb815ef6ffc8899ca4;;;;;;
59a08a7937d3acc38c30f7031be33594;;;;;;
c7cea21ec7d91b00502e6cf3a9dd0d02;;;;;;
bb43796f4c93456a5669a0456b4f5144;;;;;;
73b55c78321dea3207ef6aaba7802ad1;;;;;;
8adae86351b58173d538c823a4a4d6fb;;;;;;
ea6c6416cf13638c80886e28ebeb2a60;;;;;;
035688fbb46748804a1e9266dafdcc82;;;;;;
d23987999a0c2d0547d439f967669073;;;;;;
971512f2c08690cf2dfe3124f9e4cff9;;;;;;
50f27eaf3aaf65ef89aac05db9cd8dc9;;;;;;
f4e575b01c451c0ec1603ef67954c912;;;;;;
435c69d14913af3fc2bfb5cc3f87ac55;;;;;;
a5d5d3886de4c5ddc381e64fa90200c6;;;;;;
2aa2a35f034982a2de977ea92a80e426;;;;;;
f035223bdaf9cb3984a406dbfe408ead;;;;;;
113983f2c990148c941077d567941003;;;;;;
d7bcc1829712e3282f06affc25b0d4d6;;;;;;
896d792d243c729e5a578f5e96b171d1;;;;;;
05ffd3d37e97797e8f60b50e36c46868;;;;;;
e86cc672fe35a300247b0e21a78217bb;;;;;;
e872d40f420d7155c94ef34911dc07c3;;;;;;
544af5d7de30265bda8cd90e3ccf1b23;;;;;;
e5610fe97cfd2085ace560a71bc3b84b;;;;;;
3d009ef6820d87852e4ee1e7400f6f0d;;;;;;
06fb1cff7206387f11df4f5efab3c60e;;;;;;
dc1980f08d08490f4c2deedeb0345265;;;;;;
e6f004cb22e3caa91291d862c29ad28d;;;;;;
13f7bc6042dd4da04eb67af8c5466747;;;;;;
89c8bdf05bb0b4da713ca489a795b87a;;;;;;
422d99f9fa4e6f76eb71a28d31957913;;;;;;
4c870b280e820b3b18824cfb37a9772d;;;;;;
17f4d7e9c68844528df5f4217262b964;;;;;;
098593005de1a3460f5fbd7c8f765b80;;;;;;
986dc9caf07931465a18a85eb52f5502;;;;;;
efa42b83cafa45b36974b58db67a44e4;;;;;;
8118ba1dce2d6b99f3c7c256715b7f87;;;;;;
f93731c57f88d4a60195fd701c5bc532;;;;;;
b8f4289bcc587e2b71b7e0d2d85f45e3;;;;;;
ee1ecba9763e93c3a3c38b1a64f83779;;;;;;
3ce5d96aeeda7fba756929645b1ec888;;;;;;
4ed4fd5947eca1c8d58c0c7b8c42a4cc;;;;;;
1f340212d6a6f49789498693ad0577da;;;;;;
11a79282594e80efefc0422c782586b3;;;;;;
dd1f2c7ecf2dba0af9d8f110cab5c42f;;;;;;
2eae7a9ac3f07a9c93cabf44d90aec53;;;;;;
497a442e73404b1719ae4d8356e415e3;;;;;;
b2cd824bff711c6e2cce3cff1b86e59a;;;;;;
cef90c6ba5c93eebe209e14f455c7475;;;;;;
da537025acd73ee9e0ebef0877aa5a84;;;;;;
44e485e119f02626842b2b863ba682f1;;;;;;
c8795463b8d7c6cfde4e9b564a04b8dd;;;;;;
b0ec6ac463a8c82cecd31e7bcb8341ea;;;;;;
05f51f9a1178959bcd7710dacfb452dc;;;;;;
03090ec52d25541bc739bef90d1b0da6;;;;;;
b8cb01d0680590c894cb18de4d3d164a;;;;;;
9ea7df4d1fa149df14da1defe4bcfcea;;;;;;
9542a9d80adb7f2efe6e8b5bf86c54ca;;;;;;
1344187d3facd935614045be8efe6cb3;;;;;;
d8532578badb37166140dead05a148e7;;;;;;
eca4c4d785f2d1af7256fa3222c2bfad;;;;;;
bc22a6535e74e45adf14beb51b102a0e;;;;;;
322a1277e8fdea56f0277fe68bf7d9d3;;;;;;
333bd4c5709ddaa98374ecf0285a0721;;;;;;
d11c9dc9e458c515696136eec433951c;;;;;;
4e3c9483b8146a0b7c47f9692788e92a;;;;;;
eec017dfd6f0ebf3557109a67b243e63;;;;;;
37ff3dac80f1b1a5b153372e45d8a6b0;;;;;;
e7f9a63cd45828daa52f8cb910a7c6dd;;;;;;
6273536eabab12f7f08471772711bced;;;;;;
c397567e6023b2fbf0db9ff948db5e6d;;;;;;
0f4006e8bc45e6fa91300cc56c08fca2;;;;;;
058be2e91ffb3677274e6ba0477d812a;;;;;;
4b6f6a5f63e4f5918ab71b446438d350;;;;;;
c9cbb2ccfb538bb3538ed78205429059;;;;;;
d06606236b12b8f9c9dffb9df7cd04d9;;;;;;
e3515e23a95964b26694659bfe53f606;;;;;;
bbc8d01a94af57072e147a052c9c6a24;;;;;;
c03c324dca20dde22e86cc95df2d4bf9;;;;;;
7b4d7f50952f76f2647b4306103505eb;;;;;;
292d5337460febc528e0e249d2a8570a;;;;;;
19a3087984987340163f77b5f333383f;;;;;;
4eb12c99f9a23e90282aead0119ae2a8;;;;;;
d6a47af7499f5dde4fd710cc9bf7eaf6;;;;;;
cb43886eacd09ba168b51b8538fad1a4;;;;;;
9088663194b7b6cad72af1e44ddca131;;;;;;
30eeda0d4039552a017113fdc095eca6;;;;;;
ddb94436cded4ad59df76090a450a49e;;;;;;
4e0d5ab5217dff12311eb1835e171240;;;;;;
37f5d030d97f248fdb5acaaca7afa2c8;;;;;;
adfc1cc966f57cd71b91516cb369645b;;;;;;
1efd144c760ffaefada66ca5f7efba7f;;;;;;
8852a89a5666d7566138afdf34df4e1c;;;;;;
870cb036ad562d4c0318a0bc2488208c;;;;;;
3c78402899fbb37141ab1ddf143a0bac;;;;;;
9e2e055fd99fb36ba952c5d99b63e861;;;;;;
dccaacd7082930f600e75e3e9ab0de62;;;;;;
463bcc22a97d0e03cb0a15e5f4c984a9;;;;;;
5259289181611c98a2848d1136ad5e27;;;;;;
7a52736bb6d0c6fce32b0a72c901a62b;;;;;;
625deeece57ae5c1da6549b52cb26123;;;;;;
6abde9abfab21aa306e02dbd2e81970a;;;;;;
b7058d4b8b747105d9039f6d5bb18975;;;;;;
ac435191d0edbb731afeb6ab3f30b689;;;;;;
73473f4e18ea67b9819c38edc8199877;;;;;;
623cf22e6cd58a802c2adc5d0c563a76;;;;;;
3d17d775f10701185d8df89486bbc4e7;;;;;;
1939ec8fa171b97cf6101e4229686bec;;;;;;
43ffa448bfc9e22fae8a36f5b488b915;;;;;;
eb8e72ea84f43775d3b5f1ba8aacb0b9;;;;;;
70b61ebc8f945d71e259ae28214409d8;;;;;;
879a1e965456181512c64a6c9a7befc8;;;;;;
075f4c32605433b09e71be8ad38a1461;;;;;;
d361620acbb3fda575159b82d83a7ec8;;;;;;
a0aaa303f53961f8d6e7ac76a39e97ba;;;;;;
0aec4d3f76cc4471c1ff7b22ac8641e3;;;;;;
276d2f45279da4f4f3a4617f3ef71fc1;;;;;;
ad55cef47cd79ff3e774690d7dca0e9f;;;;;;
6cb7ed7ab902d16ac7af6d2e6d75e944;;;;;;
bde7381a484b9cfc147b73505ac066b9;;;;;;
68aec49d5689974bf737c4f71ffe1431;;;;;;
56e0fc7232fcc4673565adfffbd3afd9;;;;;;
b4792e95ea22d3ba286ea7014374d83a;;;;;;
60d2aa7b93d6d704a92f7a1dd3c4040f;;;;;;
974678ab811e2e47d2d69cb60bb3e885;;;;;;
35a67d1647409b7831cbeb69bf417ca6;;;;;;
f686517e52d737555568578134cf8d86;;;;;;
22011935bc818cb205ac942be2b7196d;;;;;;
f8e2b6012ef663ce10ef02997df70230;;;;;;
88d797b0e7cd7b2dcca7eecb772f3263;;;;;;
86b1f1181347048025140689fc0231cb;;;;;;
055f921b3759f01d0899d4c10706a6d6;;;;;;
3802ee010c5fd23ad394a5e0a7486943;;;;;;
c1d7beaad9c098f746675efddccab4ea;;;;;;
346bd08eae92cc51a33c67aa253d053c;;;;;;
6bc6b2baa286cf359b9d91ae3927527e;;;;;;
c3513608405efe03f3e3deb21a182388;;;;;;
6c5ddfc822d9b278063b20f3fdd1f847;;;;;;
aededc4937c034ad5403f8ccf325e821;;;;;;
c04af7d27b32749f3e279f5e7402a0d2;;;;;;
de727e763a6da5254153fa1167e2d215;;;;;;
c608b261af5905e16a7c0dddd8605642;;;;;;
b4291ab414d8b086130e9fe186a5cc79;;;;;;
f7550d8aa9fe1c3dcccd48ffd650ecee;;;;;;
bd7a97742cedaa1453a3073509606757;;;;;;
0f8a1a1ee9f72b86376c35b14b2bc598;;;;;;
48a619d993b0e2f814d3157d07897093;;;;;;
9ecd71952b7f2592ec11298955514a9a;;;;;;
338ee36b9ad91986de80270a0b43afaa;;;;;;
75ba7ee166eb3f99e30b5da59fb9bb21;;;;;;
996a3dcb3e4efd6f235ce03c956a29a1;;;;;;
863a1f0e83f01c9e56aec92ca2895e68;;;;;;
21c7ffccd2d28bc691db25be1b383c6d;;;;;;
2e9972dff01a858068526f9f811f27e3;;;;;;
b4849dc8661d3ed87bf065fcbe32654b;;;;;;
c418af7aa9cdd8265f3f3007fa70bde6;;;;;;
3a510cf5ed26e67dffcf985802f99f5f;;;;;;
8496ed32aa375345112c2c3e2782cfeb;;;;;;
8f1e041ef0fe3df706b53d1e43fe3b3e;;;;;;
04ffa68c0e906f071a8be99092e36f96;;;;;;
cc7eaac7d77515b3dd49902ee083f5d8;;;;;;
93c6ae3372ea4688f3aeddce1f49aac5;;;;;;
92d5c96036b55dc3c11f119e51f86c64;;;;;;
6f777b1e1404147464915ce070e91e67;;;;;;
a223d4bc66211697b5a4587912242406;;;;;;
d97bf1830e1d2423400e54579796438a;;;;;;
5d465881bf45524a90381a4180f59a13;;;;;;
8b7c4685d63cf674761adbbd711f3171;;;;;;
1914675fc25657e77d85d78877d14a64;;;;;;
783668840425358846bfffb2023964cc;;;;;;
7504ba348eb429a072f24b61efe91253;;;;;;
5c37ff7d46a459ffdc3723cd30884683;;;;;;
944fe6a341be10615586a1dbd8721757;;;;;;
516c4a09030d74c16d3f887c3f715150;;;;;;
7b0933f22ce31aa9f86ed13ae0d8fd4f;;;;;;
03d77a8b9b272fe17e8cb7d344e08540;;;;;;
5e84095c3ef6484ae72ca728facac0c6;;;;;;
ce7541ef4d443a86e1dea612a13aeb90;;;;;;
80acbe38b24a365e8cfff408c768a581;;;;;;
aa241f3e3d89fbed7ef95fea9ddf3297;;;;;;
c16bde674b3e06559df25550d21381f1;;;;;;
18b40a761855fe93f826d80b5c971d3d;;;;;;
457ec4268db83bd6c3353b867a59eda6;;;;;;
0907dcc562a8c350183432667f19a32f;;;;;;
9e46b80ef46e246b5e2e9b94c06268fb;;;;;;
401ed603f3be3ec86b973a677b4e3928;;;;;;
932c3440a27f07306cca90d619d869e4;;;;;;
3685239967b24c5e872095a728c009d7;;;;;;
e5ae1d5a1f5279779fbbacbaf3049fc1;;;;;;
ee996397c1d1f34b406a755b5cf02fc6;;;;;;
1c55cd1240c92d3f4dc0d8553f2db836;;;;;;
438ea82e35df9bcc5a845b1e13ec017a;;;;;;
5130b86e27535f6e4ad4f6873e768a72;;;;;;
d4266e128bcd22aba3cd0dacae4f2d7d;;;;;;
28fc9b793cbc3853f43558f7ef0552aa;;;;;;
250928ebaf3bc55bd279fb781352eb06;;;;;;
e638223096784c8233f2c2ce393b9650;;;;;;
724987858af3a1ddda435a2c64dce1ff;;;;;;
1124ff196bf7cae3620ae489812e7183;;;;;;
4bb2a48504b2c632bfd6724f6558d22c;;;;;;
4bac992796bd78a49f5097edd257784a;;;;;;
e599f68df2e885c80e360845c6debab0;;;;;;
b5e5d9675b76f5b917874f8408816e41;;;;;;
eb13c556474ca5302091573093fdac6d;;;;;;
9208194ec842032623e3a3ca74587752;;;;;;
b753ea5d95153bc97ea1023af9078be0;;;;;;
8cf5c2510bceb06653b09b95e5fc2de8;;;;;;
9946043bbecf41d8eb328abf3b204dae;;;;;;
08593b85395ef43253d93d6dbe4dde11;;;;;;
d5592151a327cfdd2ba59e22ff279d10;;;;;;
2b361f6c8f294623bb2b17f728efce3c;;;;;;
e2f3d091f27a34b99c7962e77a69bdce;;;;;;
172fa8c75b4c4d724708136d49f78401;;;;;;
7832595dc9bbe1d2f28087fff3264c96;;;;;;
8bd7e7216c774539581b51b34b15fe1d;;;;;;
724de96fe43c2bfb08231d8222aa4461;;;;;;
7c94d54b0c25e44ca88381dab70e9b3d;;;;;;
41c5997a25eb2441bbec3b9db0d76e6a;;;;;;
b02128de23b6d9df4f526638095f7bc2;;;;;;
f3103c39759fdb743d365e078d9adedc;;;;;;
cb05efec8cf0d1c042736e7340d6e7b1;;;;;;
017720c017628a56d5320d56140b071f;;;;;;
a799c96ca7d26f9612fe21ead35a64bc;;;;;;
bb04c2cd8475697cd36b63e04008bbac;;;;;;
045abe19e4b83425f239bc205408c6a9;;;;;;
babbbc8b92b3da8106c8d068051675be;;;;;;
f5a7f3f43b20c6f06e09140bca1a0d94;;;;;;
2e727db58c9abb7ee6eaa8f160130828;;;;;;
0e706723d3d5da139da24d33e7dfbd8f;;;;;;
2ace903c816d11be1a8b494cc8da8f16;;;;;;
fd2ce738d9e9b47c8967e0d5c25d4128;;;;;;
761beaca793b65a9d820c14530f59fee;;;;;;
1420ef9b4a03689ea72f8c426dfb17b9;;;;;;
2818451e94904f101731f699b4f919cf;;;;;;
1de7bc5dfb76f43a1bb14678817cb1e8;;;;;;
d52e156d243a96c40781836469272fd2;;;;;;
bcddd81d0bd4f1a4b3ee9885d49eafed;;;;;;
7600bbd203ffbbfbb5bb72391c7870f2;;;;;;
e072673ad1228da383676a1c68c27b3e;;;;;;
c1ca5ee0d014daef188edf96a2fc5d86;;;;;;
88400e7275c88b65c892fc552a5a65cc;;;;;;
f9fdcf9029ef262af8b31ef25ea8fbcc;;;;;;
39801efa374c99fca80d7db94eb1e198;;;;;;
bc4c848571efd5f745f8cb0a319a17ff;;;;;;
0106451740f55c8d137fc50fbaab84b9;;;;;;
bbf87962dfb0660e2d124075afa06352;;;;;;
5b8fcd1937399741c8365dbac311e158;;;;;;
f46621916bc19e81f3cdf16f334d1b77;;;;;;
c027dc1bd416603de40c634e5c01d07f;;;;;;
6fde5db9a756ca6f8c300b4ecfbadf70;;;;;;
a77d2a22903ad04391c595f8b7217b64;;;;;;
17b673e966de0ddc3144037a0ef87a0a;;;;;;
7cb11cceead2ccdd876a9dd1ea873f10;;;;;;
8064a8bc9d269f8f908de3ac378dfa54;;;;;;
a291eda5aeb2532fb5f038ccf5f040b9;;;;;;
6710a31df93b6ab20f251ec0a096c232;;;;;;
70e773990eaf574cad0f9f95379b9a69;;;;;;
5e800db5bc073d263d88784c4a68b421;;;;;;
3305bfe0e8154feab9d2e2aa4fef7994;;;;;;
0393d64d10ab3ff5bbe7b5cdedd644f8;;;;;;
26a007d079cf2debb414085121280ec7;;;;;;
2c5de986fd32d2fa35a80e16c01d1068;;;;;;
70035043e38ef48a5ed43ded1a5c7f50;;;;;;
434b547adaabbf02cb6688fcf1fd5a42;;;;;;
7efb9aea1deeaf75aabc60c0c1093159;;;;;;
387edf1f533bad44052471dd9b873fc6;;;;;;
c4e6ea70b4a6d2e01d84b49659c4a992;;;;;;
8400e11d21196d52f5ccdb7b209794b3;;;;;;
2562335485c62b3fad31ac471be046ce;;;;;;
ab3dd8505af24e365ebf0f86516716fd;;;;;;
172974863b9885be3ec836872c636836;;;;;;
52c9775d9549e464858c3484316ce193;;;;;;
417e4f58e903a9441857e57ea65d5423;;;;;;
0048e569d9b560d20af8866848ea4ac7;;;;;;
f3b2423b7a8c27ad98850b57e48887a6;;;;;;
109633ae9668a6a44e2010cfdae6593e;;;;;;
6e2a03ada1878fb75a5b79a35988790d;;;;;;
424df8ac81122608d93410e6945881c3;;;;;;
efd19952a441c50a96b352af07c6d8f8;;;;;;
9b8847e322a40ec355ccec2390614643;;;;;;
5b34266304fb9cb684234183a19ee462;;;;;;
a51f2fea4154b030a567ae4f2254f74f;;;;;;
f0917ae29872788a4e59f3bae208c529;;;;;;
3d6e236b2562a85ac601584fff25b150;;;;;;
cde015780efcb3033b79d779f251b057;;;;;;
bf9cb51797c145d20708c2f2658216f6;;;;;;
be2ad62d6a9b28e9dde5b4b6510c9adb;;;;;;
5bb3b68d3fa0b071a041eb5b70855906;;;;;;
b74371cb33568c15b2f25878b4768a64;;;;;;
ad14b5d2e76c111d720f2c96b3d0914b;;;;;;
3c97a6f04c164195f425d55b30e2ca4a;;;;;;
5f7767e62c72f96544493b68769320bd;;;;;;
083714ebc12cd59ebfdec214f81e2227;;;;;;
09a665c3e1c154a5e855dab4ddf886fc;;;;;;
89cbb7365e1c88ba93e2d631855e252e;;;;;;
a8489e716eb35e46910ebfffa1b54225;;;;;;
752136b72c5c9059ce000fc6f96a2546;;;;;;
c0fcc3496d6e6242fbc4d3a11ce72630;;;;;;
2cb86216e8d3ce0dd2b47ebf898884a6;;;;;;
12a41139cd69be3da7705bf540273c7f;;;;;;
8e8cbfdf779ea41cf7f45cbfc26b139f;;;;;;
10dc96b37b45d5f77d7e6bdd7a2cbc16;;;;;;
78d0901c4197a489526a21e1ce228ded;;;;;;
839d861852c0223080ab02bd510a3a80;;;;;;
8fcc47427adfa09e3d7d4ab120cc0bbe;;;;;;
259bf481abed9e2db5110aed1efde022;;;;;;
b347c18516db0c82468951f508480e6d;;;;;;
c0516827b36155dfa2b0a3370aef7336;;;;;;
5b416c1b0f15ea2fde15f17451762d39;;;;;;
84aab22d52d74c49ced4ab61be076781;;;;;;
4dff478243090d08f282a6307b241b84;;;;;;
1e254d597c3ce85e5dc5c83f6f4ae9c7;;;;;;
c9f6bdf954a44247d14b40f721c73224;;;;;;
40bb1ad7d4e491073c67f42dc59dc4df;;;;;;
c26664d887fd80db84ff70e15b0a408f;;;;;;
370c8833459477044fd3ef278807f1b3;;;;;;
dab0ce760ac6e818352c6faf8c2658f4;;;;;;
05931fb4e372fd225a7c2f36ca375c2a;;;;;;
401b8063f86712f6bb27b0f12a5fd33c;;;;;;
ca196274aeae1c80bdf4fd23e3a4bacc;;;;;;
89753765f470245b154dfafe34c2d115;;;;;;
73721670e83396262cc60be05519ccf0;;;;;;
c59fa0689a0c434a8407e166c695d685;;;;;;
b361d1cd577f289e9e643d1f2429ef4f;;;;;;
ec155a7ceb1063be6b1b0f91067c54a6;;;;;;
48c04c23e64e897e00a7585ded5ac89b;;;;;;
1ccf39dba4b3d2655c1b3b24de6b004d;;;;;;
1fee793abb62f3a246ec47a947f3896e;;;;;;
3c9a9c8f0302db6875f7ac8aa6eceba4;;;;;;
fcc80f89cd1a12d0591a8ef683f6718a;;;;;;
ee675f1a5f717337ec1f9ffb31fb311a;;;;;;
49e15f4ad9f3a730e87c94a6f7dcdf36;;;;;;
b38abfd4f094e3278f1f5d5d49bd8c60;;;;;;
12511454a3f7fd18cd2d976ab872ca18;;;;;;
b69af5e691c88968d3f66570f3414068;;;;;;
5de919b9f2e818af91b3d25ca3638113;;;;;;
004931a57d0dee8d6c18d92862e24cc5;;;;;;
baa35cc44eac271d8d814b82656e9c2f;;;;;;
4996f111e52ba1d0f71794f8f9c97fdb;;;;;;
dcf9d7b9915f035b5d768e7e1abf51ad;;;;;;
636755ee5a825e5afa3046957300ec78;;;;;;
515f6d75a8e386fdd63b5056a449ca64;;;;;;
3d1992ea9b0c0976e4c66f1700ec5230;;;;;;
5bbfadec43c63100f382b238be263fda;;;;;;
f8da6b9937878900b64009bd42c3b9de;;;;;;
195a0d5f0c35598c56b5016602e8ed51;;;;;;
392a53bc209c83744fed762270240052;;;;;;
853a1b798e6a995e616760f80d17e8e2;;;;;;
34bc748b20e98b6728ecdaca5ae385ce;;;;;;
a8984347c7d3ffc032324ceec3304086;;;;;;
b218b94c87e396d7390c88e8f031ecf8;;;;;;
04e00f67c643b35d3785779f075b714f;;;;;;
81ad813c2222c4fadf089702e48723c2;;;;;;
16cbfe831355aeb156487de56e15c430;;;;;;
eaf1239e50b2d405da04e158a6fd0848;;;;;;
5adc1d6245a9cbebbe8ddcdf3f250ee6;;;;;;
50410133771d8b00158719e622105ce4;;;;;;
28d05858a57da7cb522230ed3ec99d0e;;;;;;
05992c6f8cf4ae888c8264c0d156fc96;;;;;;
80248c87bc658ad8a6848fbbbe96aa34;;;;;;
e22cdcd04253cfb4a728d7d8bd967cdd;;;;;;
0ac45899bc057f3c152f956208409c3c;;;;;;
86c2c9f6396cb5dc669da754faa8d1fc;;;;;;
6728bdef55d1f3f4a561b80cbfeb5665;;;;;;
ea8b337625b41f134a1f6e62b6388253;;;;;;
0e7ceaa55d473c1d5bbc6cecfbb96c12;;;;;;
0e2e5dc35e84939d9249b17755b84b5a;;;;;;
45c0342dc4adc44401e071e49013e850;;;;;;
4d28396df1178a383379d818579c01c2;;;;;;
01c6dfb39857a21196e4d5d7bb0bd120;;;;;;
9c8b1b48dd1ef73f44d2b43dc670a3aa;;;;;;
71d392f5177ed93c073a42332a71a6b7;;;;;;
a0238e5bec63f0146a74b28b6511e6c9;;;;;;
97d1e7236fca06f395b3f0fb55893d23;;;;;;
9f0d74564470b3b798299c34e1fcc130;;;;;;
1b6156c24186f5d09a2089ecdf17215e;;;;;;
8922d3ad427be3a56a5fd022e9cdeb07;;;;;;
c431c1c8221944a520d298e4433cf8bb;;;;;;
f9887c45711680c459b22a46503f14a7;;;;;;
5646b01cf9f805133bef754f01521a03;;;;;;
3672572baf5a5966dadfbcb6138bb308;;;;;;
64b1ff1ed2f58077f26bcd245f702f57;;;;;;
13ec2bd491a4bd17c09d9b4fa3101a2e;;;;;;
78ecd4e02d871f7834b20de847b71a71;;;;;;
d037ffa185a631c10117238db85b6c07;;;;;;
92357c06592a601728991d455e8f6b58;;;;;;
6f5cfe6f675bb35727f079869bcfe3ab;;;;;;
1e26c4c1126d5193c719eb502a996f44;;;;;;
416caccd91a87b09b5cc23e200cde4dd;;;;;;
7172f7077a9773c4ca930c830d0abcdf;;;;;;
d865b68e2fc4b26e8085eecdd7cf4bc7;;;;;;
669efdbb774f5b7720b5329482429c26;;;;;;
33deb5f649c17bee939dbe1532881947;;;;;;
d649085dae415d781355bf150c67a0ba;;;;;;
d48f76242ff856779ca4baccc3d64f94;;;;;;
8e7d4541f8d388fdc4eb2e8e0f42ab8b;;;;;;
a949af1be7f6ce45c1ead771962a4f74;;;;;;
91429acbb038ac0935178f961331b5df;;;;;;
eac3a548df4975b403757ab90c42e76c;;;;;;
ca8c528f9e43a741cdfa5f163e3a11f0;;;;;;
cdea5d8c8a1010741939f221947f69ec;;;;;;
f844fc698604510dbee0db4657a14a1c;;;;;;
916bc7af3f95b50e43fee394b7d53118;;;;;;
628ae7a94b74a686d020a8baddbcb3a3;;;;;;
206ecca1d847fe3873c27ca203542a4c;;;;;;
ec9c341f0584e052e62d4bcd2c01c8d4;;;;;;
02c1a32be03a42ad5134cae284ed8268;;;;;;
8d4187568a45337193d10c864148de6a;;;;;;
835bbb99ea158af0634d027dc057ad82;;;;;;
73f53a1143fc8c97d2bd31e017e74e19;;;;;;
7b0a38a4fe36f1e43da80c75bf819c4b;;;;;;
17aceb3c9215dcf6871b0dfe969c1f4d;;;;;;
2ae2ebbbe2f25dc9594ca3bc80b913c0;;;;;;
102b7b0ecb4065fb66aec522bb574b44;;;;;;
c50ccfda959807cdfc6222065def334d;;;;;;
0a71a9c322b2f8856dd5d4a83a407b01;;;;;;
9c67662885e623c3021e6db9d8ac7e93;;;;;;
9ed2e8f707c0c0c5ba1751ae390cb39d;;;;;;
8d867638be07e4aec257d767abb8f97c;;;;;;
c9c58e2ff7f58699ba2820d72292ac68;;;;;;
afce5867f38c7ce1589c257de370c5ab;;;;;;
99922f78ea99a31c2ddfeb5ed0f203d4;;;;;;
2433eaebe40266aaa924c40c5d52f2c2;;;;;;
7698906028eef86aceec75fda69da044;;;;;;
15a749f55dae4f17a951da4dc8964954;;;;;;
5bc86c7d43172c5ad22cb8741a4eb60a;;;;;;
d7b2d0bba3a0e38edb1325cee3c3ba64;;;;;;
14b762e951ac531858aac565ed8d44d3;;;;;;
0f9c59b66a76160047f9ffb757e08d9a;;;;;;
2e33caad0d4e9f20bd3b47fd8819790e;;;;;;
a1dbc56f7c7104dbb4639c482018cf8c;;;;;;
76ae05219663754f62ea349fc0d36350;;;;;;
5583c12fa5206ebb2c9f458ea77576d7;;;;;;
7bd5982596291e34b3b2c7dcee6581a9;;;;;;
ff59b31c7f90eb87ef108615b5531fad;;;;;;
bcfcbe2c91c113f10af1df57bce2edbc;;;;;;
8d5c695d42808450b77f784b41666aa0;;;;;;
3d548c1f2cbdd1505a6385f9cd8baf6e;;;;;;
33557c28ad1c66e20e705b9a2c98fa5e;;;;;;
fa5533bccca057b9e230ade33c8709dd;;;;;;
1ef3812eeceeb55b0ea473a840319f80;;;;;;
349998654ced069afb686d2bea20ce58;;;;;;
f31010781fc579d35897a8b5b04c5cd9;;;;;;
f97fd7d83a71140134658d7b94150748;;;;;;
a71f9c1bc4138ea2d81d9feaeabe7e62;;;;;;
2b520b0a634208dce7aefcc5d61fd1d6;;;;;;
65f51aa7910698fc19872c40bb0d3134;;;;;;
f6f52e1743df57fd6d554f6bfb66ec8f;;;;;;
aea850d57a1597c8927738e40f34bf71;;;;;;
33ee38c44e403c3b0cac5ec5c9ca2595;;;;;;
78ffc49c6e81f5ccf3b0bde994e5c715;;;;;;
42c86b0cb7996658ae4bb5cf65814404;;;;;;
b9b0579ea8f1e088ac52fdc77a32be0b;;;;;;
c41ec4f6fea81908e75343cc9b4f0ded;;;;;;
8b08c031162ed5e9c59f5e50589e9be8;;;;;;
16ac012f29fa12ce06cd20eb08a495d8;;;;;;
d77c8e4d813912e31d5d9b6aae6bcaeb;;;;;;
b8a90fd004833df41c37b9755c84846b;;;;;;
3aac550ca944f1b06d228ae60ff782b7;;;;;;
810bf5bce67100e4f8b802fa4bf3b157;;;;;;
5acae6492e5709df82696439a76f793d;;;;;;
ff2ad1fd7d8a45d20a6400047282ee99;;;;;;
13c747faa31044dffd436beab2c0a914;;;;;;
4fca093366244414b659684d20680b00;;;;;;
6382220bd80514cdc66d88432fd7af01;;;;;;
2673e7bd9c9ddf330cc99d763da9cf5e;;;;;;
da279418b136e2b29d317e7ee17f542a;;;;;;
967a2a91490474b5aa470341d2e966df;;;;;;
2b6678d00c75d18884c95fa147f212fd;;;;;;
cdac03eaf53ddbc4a118391c6016c99f;;;;;;
446eaf51368b5bff9578f42fd732af02;;;;;;
15fe9819ee3181372423c752af0aab43;;;;;;
536880667f5a10ad901a6258c9bd47c4;;;;;;
8cc7493558e48c256244d320d062898a;;;;;;
cffc69a07f13ad217ee500e78e39eec5;;;;;;
682bf36ff4eabdc652c86f798272f973;;;;;;
d82c4e204ed98310bc6862fcc01a7c28;;;;;;
333fb1cc0f5f4ec2aa2c3bdcf148e4a2;;;;;;
d62e30d044f6548c2f0a4b5446c61fae;;;;;;
04a98a7a06a18f357a4edaeeb9b801f7;;;;;;
4977784fd0e2eba6d7c81f0155ce7ea6;;;;;;
3337e49c091091cfbc02d129b1cba27d;;;;;;
0dd3f7725db1c7d00fb3a90c5a35a5fd;;;;;;
b35ef1a8ff5675b9834d7acace093b12;;;;;;
78606b768d69562dc66d5757804b0da8;;;;;;
07e6fa27946ed763507c6380c32cc14c;;;;;;
6e4d4b52135f234a7d3f6cc05a6bb2ff;;;;;;
2e96d5df3e90a0d8188112f5253bedf3;;;;;;
6504192189dddb40b595091c163aa572;;;;;;
95eeb0c944770fd22d1fd6c763f2fc30;;;;;;
2db570f3a9c31308f9077d6c8292faa0;;;;;;
1b7ba2255207579af5021842a93c6421;;;;;;
a6a5bc85510aa5d99c01ccd31b09aff4;;;;;;
b556c32f1c777a242ce6ffc200a77af9;;;;;;
4a94f5a3c53cd60b35bd435800c0c6df;;;;;;
d0566184dc0226f62ddbe9bba2b4ba92;;;;;;
dcf6e2defcb48023bd1589c0307b0d6d;;;;;;
ef1f784ff4a8113e19197e0d67008b49;;;;;;
40e2bf9bb4b378fa5d619d0b3f6ba9c4;;;;;;
f4bbdd4f904fc7426591b72500314a58;;;;;;
d890f8e9e3c4dee3df4d541839c431bb;;;;;;
2d63000799d517d53e575ae4b3634a40;;;;;;
9e135ca3ebb691d77539b44366d0134c;;;;;;
1ae0405f458b17e699c321579ee810e9;;;;;;
c97e616d51ad4306ecbccb9517632767;;;;;;
683874421185aad484c52ead2900106d;;;;;;
8cbc0b46160a13e025ffb7b3a0fdfa84;;;;;;
5e27aa72fa94e55e3a28d1f8ca2f7d03;;;;;;
65e10f79bcf9237383ee19085ebecbaf;;;;;;
49ea7d54d8dd0b6602114b9d68026b68;;;;;;
06b29e6c427d6d2a2f1e550c3b1fa43f;;;;;;
2f0733d9ff6b98e8d5d5ad19eea9bc09;;;;;;
e09381a1feadff2e90f8962da418c8c8;;;;;;
0eeefebc95e473ecff94558df3d1d7d1;;;;;;
23289e66ee94d2384fefe529965f98ba;;;;;;
4210558b4ae72c0b3015b38653f5c25d;;;;;;
f0dee0e96411c29c62f81b898a361d40;;;;;;
56864b320a39dc10835e7e7d8974db21;;;;;;
3e762a862f98042acd2b7ed2efd4f405;;;;;;
c7497c5fae0bb1a220d232423b737f94;;;;;;
a257427f3b84ce67240eb95758b2c650;;;;;;
bad76c14ac3b8231aa0a7865ad53b000;;;;;;
4acfdf523f453ab6c150a7907dca8f3b;;;;;;
fc9e8b1f810dd14604fc138b73da6f0d;;;;;;
ed3918bd8ca769c873312b7414ef8a28;;;;;;
4ccb1dbf886c4b70be112193ff3373e2;;;;;;
1c41733502fb257f8b28c77afe886bc0;;;;;;
962c08815bf84e9d1c8c150d26415cda;;;;;;
22b473ff390b3ccc71b1d99a0cd3257b;;;;;;
c559fe1b6fc9acea842fc56fbfdeb604;;;;;;
e47f961fc59fb0375d7ac436973fea5b;;;;;;
1c4afde8b330cf56d546b05e8c7422c6;;;;;;
18ae89b9dbfabeaf8e00d2fb623fd245;;;;;;
d7c9093917b83b882258dbae02313dc6;;;;;;
5ea065da8db00f154de01864353755a9;;;;;;
99030e034db640bfa8e426871e077e5f;;;;;;
d27b299d3250a6879e2a0ce008664669;;;;;;
c48d944aa953370cb21903e263f7de5a;;;;;;
828b6b9efc02faf866c12490a8f99779;;;;;;
8b0a6b617c91b4d908685fc1fd679659;;;;;;
79bcc6b97a7f5a5d473204411b28c842;;;;;;
834d13b2f8004c298e2dedc90f6ec4af;;;;;;
4fdfe2d2d9db474c01533158eaee01e3;;;;;;
0f9dc0a8edc7d8d68434cc4080c46dd8;;;;;;
f54e36975bc776529be6ca25bc13dca5;;;;;;
33158e8002a263cd1e6cc2d696434865;;;;;;
6f2e43e8e982faa6391833eeafc86a9d;;;;;;
dc7fef4de7487d683500e5f157484d9b;;;;;;
ce04b55ed4cc402716257d4c207842ef;;;;;;
2ed757be9d9e6a55fbd14de3a8530c42;;;;;;
4a455c7e0cee3459acf87ddd22538a6b;;;;;;
0977f65c74ec96b92e75c4d9da8a0d1f;;;;;;
92038c1e96b512088ca9c7d5e9bce0be;;;;;;
4733eb8772dab80772efc159fa0aa1d3;;;;;;
de06968feaa824962e121109c152acc4;;;;;;
a55ea123c33c655f4f86b150f36af642;;;;;;
d5943b20ff42d0844a87b50ff229a5cd;;;;;;
fbf7147e022a639ddf443bde84db157e;;;;;;
38552baab859e1eaf128c4808f3292ab;;;;;;
0c57f4a0df58f58cd024e918896121b4;;;;;;
5939a41aa798e9b3d843a33dabad4f2e;;;;;;
396c081fb11e1b5dc145d4ccc20d07b4;;;;;;
c843d196ba29950ffd406470b10d807c;;;;;;
8158772a651e19a64c5b52c68750a372;;;;;;
39aa1c1a580467b2ced3b6fcd8d4833c;;;;;;
731f663af4956dd3bb47c7f173a10b34;;;;;;
fa05c94d5d99eba99e26e20d7ea0cfae;;;;;;
7e36bf74771d92fecc765e8c904da0d3;;;;;;
c69c6e2b01bdb24c39de0280fce7d3c9;;;;;;
a2eb589203e7906c9dba8b3642e37226;;;;;;
cc02ec2249a74eae1def801b52f3b711;;;;;;
5bdc8b811ac572d0c0722392cc71ea15;;;;;;
6d385d83eb7f4163b710e0e0449ce60c;;;;;;
493bf86e91909319228d5ecc446c63fe;;;;;;
5045a750f13e05d0e28f605dcf5faf98;;;;;;
ce5846d707e012d57ed03b676b47a8c6;;;;;;
d0b26278b2439c7ac6755b9f032d7a9b;;;;;;
97eafd2b8698ea47957f668cee74487e;;;;;;
a56e20c49fbdbac7f6670d17ed372dbe;;;;;;
a5357845a04eb1e67b2c529116d3bac7;;;;;;
3bcfb4a2f3b53f4be353d3c7016fa76a;;;;;;
eafcf2f200d8262eb4e9de15c1b5a325;;;;;;
64c37f009497cf9acbf55f5c6b0b500a;;;;;;
e3d193fdd8c6cb6ce35db8d935b5e559;;;;;;
a26f16d3284310c9df5a139570ad8ca0;;;;;;
9784e30b9d1b718a2bfd135d72c5dd39;;;;;;
db5e96a78c5b10ce0bd91dc071c5caa4;;;;;;
ede41976edb1cd505a5b48d58855d2eb;;;;;;
afdf9f685aa6ba2156d8f21d09bdde83;;;;;;
81ed0a5e425ef5eed39acee1cac5d8fc;;;;;;
bbd6038e90570754d4fe10bfb2e9e31f;;;;;;
570d67b5a00cde0b1cbf612669ba9108;;;;;;
310da68b11705a6cce9a7e9a5cc9475f;;;;;;
7f9387f7f6573ccad9b6abd35e8f58af;;;;;;
48327a287f77bf0c450b3108026d44e7;;;;;;
2051502803bd15a1767d718487f8d3c0;;;;;;
e48d83387a0133934a7fa72db48c5150;;;;;;
4b9ae786498c5d628930dd6b399bf948;;;;;;
13a676404524a882f554f3ae5249c60d;;;;;;
03f67f09a7c7b871020a9d513ba4488a;;;;;;
63fd8c78669f16c6cc24c800349442de;;;;;;
262ef5b92a42316675cc84ef1fc1a9d6;;;;;;
3ec33d6113368a46781eb2559721a148;;;;;;
c4c76f7563e779619d2e0a17ba338dd5;;;;;;
bd53c8befbd828b12d42435e7ad8b47c;;;;;;
f9e06ee6417da549fe878e150b898399;;;;;;
f6d03bf1dd56ade9cead637aa439ab22;;;;;;
c691bbf2b86ea16615c113dbc7a60a42;;;;;;
8d07bf91d61985b0be9c2d607c716ab9;;;;;;
aec35714d9cb9f0d6e5b98137aebff02;;;;;;
001dae595b22ab51ffe7dc22e54d6a98;;;;;;
bf680a711a3be5b4f1b23638ccbf91d7;;;;;;
4f097d7f43a2a0693a29aaee0e68b49b;;;;;;
66db68cfab1d05573e43906a59b41c49;;;;;;
19b7e9bb29ae3b97df84b1867e5227fc;;;;;;
e3ada8208f5484a2fb582bd01b7549be;;;;;;
61d07b6ad15571dfe9a5b4976422eeaf;;;;;;
1b08ee1f900a3c77711a0c83bcd93325;;;;;;
8ca613477f857c23ee9f6732f8da91d9;;;;;;
1be9ce83326abc524919d741482f4d98;;;;;;
c2ebf4548ea44cee25db28c3bcad9bc8;;;;;;
19741cc6da5c8bef84446ec0304f7413;;;;;;
706b983097971ebf6c559b7dc585d79e;;;;;;
7edf2a5774fca98dbf03c09184f0042c;;;;;;
7377eaf3fb15455947c071b234c3a930;;;;;;
bb9b2778e70409358208560433a41efc;;;;;;
3465e796d3333eca2bc968795ef18824;;;;;;
c0052ccb1a509350b29ccbe880aceed1;;;;;;
91c811137774d0b9c2fa668e6c84b290;;;;;;
3c2dbbd52d0b3287d9e029f0af0f2ea3;;;;;;
78d9356f193f5b2ee5c8a08605e532fc;;;;;;
bd41251cad846b30501754eb6aa0b4f6;;;;;;
ee409b260ab375363740d3b69bac2816;;;;;;
87dc2774c6663d03dbcb3ea90a6bfe79;;;;;;
656dad34f7927bab4a33643a1d6f7bdd;;;;;;
077cb95fb787868f5432787dff9581fc;;;;;;
cc8428333c97ed534a8f91fd452e7f38;;;;;;
3db294ea5c6ca8bb4dce0690b28594cc;;;;;;
ea6d5c1be36e9bc8dd2520ebd5efc340;;;;;;
41f6509605cc262ff81eabe63d7c9490;;;;;;
11ea119d67bec67c099a1549bc671d3e;;;;;;
2b3e8242db8a75d28016f491e30a474a;;;;;;
61dccc6feac9ed1f3acd07a8ff25d7c8;;;;;;
9c387c726e25c05bf1ad91062424e2d2;;;;;;
455214dbef295900c5c606b50cca1f56;;;;;;
988094464795f21a30c96f0208e96d8c;;;;;;
d78c8f4ea3bb63798241e22aa99fc53e;;;;;;
608587ad91d4e50c9b8bd04abf8d4ca4;;;;;;
0e1f65c86d56eb230b597d3c83cf9d0b;;;;;;
72d5b97171284513afd1feee62785c50;;;;;;
2366bac8de23b89d52583efabb62bc2c;;;;;;
19de70baae15512187b8ace984b1b6ce;;;;;;
bf81261b13ee5ccf4d2dc33f99a3c499;;;;;;
b1b8d4142b842e27d8f52145b84a87f5;;;;;;
6614ec048754ef4660f7da657787cd4f;;;;;;
b300a32d1ec629e0623111717a1b1a4c;;;;;;
bf81a765bbd008ec65626709efda7928;;;;;;
830a4a88ddcf4b61828823f1445c73ea;;;;;;
2eded277678ba11868ada55990ef109f;;;;;;
499cde7d44808d71ef9e3baec729b8ac;;;;;;
4c3f6fa8cb65ae6efdb56ec36db5f438;;;;;;
20eb0c039276dad1b39fecadf1041770;;;;;;
775e2a9cb1609b5ffdc688958c5514e1;;;;;;
cab398813ebdfe31c47990f7a0475668;;;;;;
f5c135430b0e258cb4d02874775c1f94;;;;;;
f0ff6272cfecaa5f59f120340ca66822;;;;;;
cffde61d0c6842fdc6c14d31908cca20;;;;;;
d3732d026cb7a1d0ff409ab353b7c19b;;;;;;
d5535c14c2dbfa61cc6c00cf1553d1e7;;;;;;
75a3bc6885629fb0a678406670315052;;;;;;
21b3ec37ac0040318f102fffc3f4ad71;;;;;;
4cfe938556b86385dadfb91c07c94c44;;;;;;
76b9065735a336da75e4336ebaa25c79;;;;;;
648f6afae39d89649c1e3a3d040ec13a;;;;;;
f816955b2425b31b30e9c3120bc2f032;;;;;;
0774009af55217def10343dcf67c4c97;;;;;;
f77db713d1085f5c6ed98f500beb7b40;;;;;;
fc58a1a93d06540620423ede18a3f048;;;;;;
abca3c9d8ecb43dd82ad1819347d3cfe;;;;;;
33d5a53da20218762c5f277bf5a2713b;;;;;;
8c87f9b6f920fba43a6d17b00133ee1b;;;;;;
73c3b51a751292c3d25ea2bb0a47f5cc;;;;;;
085a6385be91afcd24dc78385a14066c;;;;;;
28fe4f1f0f5aaf69aa26f3dc9f70d71c;;;;;;
2e5d8fc0dd6ef638de094c23687172e3;;;;;;
ee86c78b5e11eb7f9008f6668e3a4ee9;;;;;;
30a0684cc030c75e89b88d7204300ac2;;;;;;
1770728fb78db7b5cd54c25905e6808f;;;;;;
46a0fc82ee9fbf908ef7929ac27e8a43;;;;;;
332eb6fd122b5f9d9c8a629a540a1baa;;;;;;
3580616f69b6e1772398b83ad78ab02b;;;;;;
9da81a21cfc1988c2b4be6c2eccb1775;;;;;;
e23da5a8ebed89087770032ce4245907;;;;;;
3b724c9df86db86a15f56f8368035021;;;;;;
db81d51cc1b53908f3b80e241f94d8e6;;;;;;
9a1bd2bdb683c531ed72bc53e3bf7b32;;;;;;
3f19c4a83a7f54e73c711fc8d702a75e;;;;;;
7d85ff32a91a394a865a55ac42f00f96;;;;;;
774f0d8b53b16bcf9a8a827329167331;;;;;;
cb24b453dacd4c09cb2cb1c98672ae51;;;;;;
49a56bb4d27b976ee53f26524913a9d5;;;;;;
43bc1759555f018987ddd3e0bef9dd5b;;;;;;
1f4f6f9fb272709cd57596c7091bae4f;;;;;;
1af887078d7edcf21f1a6b7fd4a2c188;;;;;;
878163dd868e1be4e5e1dde34d16f876;;;;;;
1badf95d1afb095f0396de1d5c8e5738;;;;;;
1010849b59a20959f429ff21d2f5d8b7;;;;;;
1f65eba502c3e964358d99d7f72630db;;;;;;
53aaf7c67b427171a73f16f0105f456e;;;;;;
85817bec15b52c143878e14fef6ea7cb;;;;;;
f0a25e16ec22e37d19effbf42d61c462;;;;;;
18ec704f1e5adb1498a1503246ae9fd1;;;;;;
12e59918a8f7d74179526649a5c6f716;;;;;;
51a87cdfe47025aff3295ad75be9498e;;;;;;
9e5b9649f24b5934cde40277f9515694;;;;;;
f38d198c7c96b963f176e0903c85fce9;;;;;;
0f75abd1c535cd4398457ef39e582b37;;;;;;
f6b8d99c3fc489c451a21ef9fd6c3fa4;;;;;;
57838b969457ce2b3ed80094f2ec4c37;;;;;;
915eb7c338ca03338ec6b27c6ae68913;;;;;;
dc78a2e436118a04230e3a4d40c132d2;;;;;;
a3588322b4723fecf75d4d2ce9882cb6;;;;;;
8799bcb1dfdc80a1e23a7f17865c9b88;;;;;;
9ec3c12c894477eb9dcfd694922627b3;;;;;;
0a240438047796cce3b24b4072705c8f;;;;;;
93ddebca647c4385bf201d7d7bff47ba;;;;;;
ce6c033ef8f5e8603787f8777987853d;;;;;;
9d1590b163986750723e354e06838f5d;;;;;;
eb866e2afab24fb7dc048926e6c2f708;;;;;;
13659ee226c4edd2cd511d8e18c2d067;;;;;;
49b4f7d9d3758b9d1a41601fdc6eacd9;;;;;;
f1ea17bc8901b6ebb61bba908e92ddb0;;;;;;
24a3f686e795150484bd8f97f7f57c80;;;;;;
4357b69e733afdea23cc6a3f6a84c7a1;;;;;;
c5d8322efd4feae068803d23f67644a8;;;;;;
f57034c928aead4e7b6ef875e3cc7b57;;;;;;
6858cab6d3a7f305e1a3e66754c9f05c;;;;;;
e58a7619e0d2b23ba87d139e96e2cd01;;;;;;
7384d04983c6716374c1be00894388e5;;;;;;
462d15e419192367f87253a35ac12480;;;;;;
5c12a7c033db90f821a66e8f9a015ba5;;;;;;
31a1b3c0bcdd0cceeef07802cafbd51f;;;;;;
2b7b169b6a93b209b27a4f2e3d0c1e56;;;;;;
4739209ddee0373fa8af9a53f8a806ac;;;;;;
bc3f915f7b1fc05ba821b1ca66712474;;;;;;
05d6e0d281efdb92c0a25dd3f46ad14b;;;;;;
de56f83f4f8043e904181d5d367f82e2;;;;;;
d8d76b5ba3e6c09db884a513666d4e0f;;;;;;
3d87efb0da1e751697d82985ab19c2a5;;;;;;
818de44686262b87c5ef3200f6eaa396;;;;;;
dc4d99107270ff2165fe4fc1adeb2c15;;;;;;
29434cddfebe9c12c8e4e67aa0a27897;;;;;;
ba92cd6784f4401878bbf4cd92fec7d3;;;;;;
12dd64112ce9ba563b6f928df8624ac0;;;;;;
15f9bad5da45aaff2d43d0a68b8d30d1;;;;;;
e72cad1b83167abe2e1fe29b01720fc7;;;;;;
951d117a329f0c01064179df961abcc1;;;;;;
bec196b2f0ca6ef3e5b333be8b5df403;;;;;;
2c19c700cec58dc42ec83b57fd4c285e;;;;;;
48cc0e05901d3fe7acf3313ef9f67d42;;;;;;
cab409464353e8b09e5911249d8a7833;;;;;;
72e9b0d6d66f0aa211e85b5065c7ce27;;;;;;
28450ef2a41364cade85b8139401a3a7;;;;;;
1b2642f0b5b98822c7c480d46387d34b;;;;;;
6db4149756ec7726a9d0a5e05c64fd6f;;;;;;
bf94e8b58310eee74c2c1c5f2593a8ac;;;;;;
4dbdb5063e04733c565552ca6b439f55;;;;;;
376e8e892f9300681e59aaec47c98d2c;;;;;;
2afdc14e8675081869389359c5c7c9b4;;;;;;
d1da3b427312fee499739fb1a8cd26ea;;;;;;
34e184cad24b4fb3183ad25505d859ac;;;;;;
553d53b52aa1c5512e5d898b273f885f;;;;;;
122195c88c7ac5a4468cd8e2907e00f7;;;;;;
96313e1a107e6328b295468c5c556257;;;;;;
68b2705f690ed5895307516620108532;;;;;;
5f3c4de23a0f29b90aabe6901246c571;;;;;;
7425a34c36e5379e017fb38bd7df273d;;;;;;
55ead7f1c90dd4a9a528977a26f63f47;;;;;;
e7330ec841422e3f6aa5aa016c06ab4c;;;;;;
37bd16f70154341cb7f21d5fffc56e6c;;;;;;
5e470d20db567bc151764cec9797695d;;;;;;
abf4d7bf889eb089872e34046e4680be;;;;;;
d85adfee3f43a438466c2080efa03a40;;;;;;
1cfbcff02e1847ba5a7e662f4849cece;;;;;;
a89e172945687881554952ab17d39e03;;;;;;
da092de855c4e99f32da71ef3bab3f36;;;;;;
7e699e27061d6fbd968e38dff3638f2a;;;;;;
b71a310ee03d600dd315afaf6242cbfe;;;;;;
6b503c3cbab0e2aa7e9c189c9da5e0cd;;;;;;
879797600421fb9bedf7f69f960bcd50;;;;;;
abf057b2b69cf4a3ad6f0fc4a7492226;;;;;;
30c7a5bef2796dee668c090f237f11eb;;;;;;
51d705bbf3451a40851a1245219dbba2;;;;;;
d7945b4a542301e47b0461d0372ccb13;;;;;;
241ce4228ee9b7eb9bd521fb0da1a27b;;;;;;
c4210bb1f597751415b509ac7eb9dce4;;;;;;
29f531a12ee2de0321036a86deba4071;;;;;;
0a9308daba33dcd032c738bd1b75c440;;;;;;
b6579f78ad369563ed2d09c8cea4f165;;;;;;
ec26d3ed4b5fefb6f64165ab49eaef40;;;;;;
593e007ec179d6abab5c619b58cbbe38;;;;;;
1d432faafe71b8c18fc6268cbe67fcba;;;;;;
224df02260ce326c573f9820d3236054;;;;;;
f77ca332821a2d023abda8361ae28277;;;;;;
45ccbee73c6412fcd76cbb21194aacb0;;;;;;
4c807525c8a17593f90bcbb5db9e6498;;;;;;
a092c49a33e59f688ff2477e2547e770;;;;;;
5173bc8b27f7c0628e2745ee47375998;;;;;;
56c9b4f9f731749a377aaf0f28a5f6e2;;;;;;
a641153880f00be9b902584f6d9fa458;;;;;;
76d659adc5a2d90cad94276cb38a3dda;;;;;;
335cf875c94a976f332b3b3124446806;;;;;;
66ceb029bc2ef8c5c94f828720ba9719;;;;;;
4dc32d213960796efcec50dc5c1395d7;;;;;;
e0270ebd984270d210b2be1ddcb92561;;;;;;
8a68fcf694237980459e07b0ace3a109;;;;;;
35d919a0684e167e3619912e99d8c829;;;;;;
62418f604f567b93d3ad195c4a3b6c33;;;;;;
fb962afe1cbc501ca5e066f40c2cdeaa;;;;;;
42f6a80526489824aa745e2c3590afc5;;;;;;
e530fd87874469c56fe7356406a773f8;;;;;;
9cf973082787d879ca36cd13f7570a79;;;;;;
bc663280cfe4dd7747c15f20f92cd560;;;;;;
8a11ce0b35b34a14045747962b9f9ff3;;;;;;
1e732b12b2043be87b7178f6dbafefd3;;;;;;
e001e997d64701509912dfca7e1f0940;;;;;;
eb08cb72955fc1bc1be3e165a8a5134c;;;;;;
018145adc90e36e5299325f63421e175;;;;;;
0346ddafc714a08c257389daf35354a6;;;;;;
0635b39b8e34acb4718c08f0cf2ca7e7;;;;;;
3fce814d59bb3341010e4e0faf99871d;;;;;;
24be0405e443e3ae95ff3b5c2e58d8ae;;;;;;
3f1f8f136ce639f26c681db7a9ba1371;;;;;;
9e0050d9d8be391b1379dac24f783b08;;;;;;
de0e1983789e0b62a5904dcbbc776f7b;;;;;;
98f0e33793374325fb310924962314d2;;;;;;
20779699a9c65f58c218a48193b9a59f;;;;;;
3e0eee0c899aa0a8bd9c0938f07e4e87;;;;;;
bdfa6ae622dc5dbcfc3b1b89a4c3aff5;;;;;;
c4bfc5b566299e9d9ae1df7531e62ee0;;;;;;
c265fc6d77f82120410fb9648ba9a90e;;;;;;
894d7aa9c97e66062d3b2282ae96e464;;;;;;
fcbe6b7a4b30268e36c683b030fdc9ac;;;;;;
6d3b0f96f069ae82786ed9b7339441f7;;;;;;
5c2eb734d256eca757fd0957495682fa;;;;;;
ce8fde7320d1384f6bd3d943a1e88c8e;;;;;;
c848b0174fdad55ceaed36f3db9b3376;;;;;;
5c2c66fe43d8e86f1d33aef2cb8a3696;;;;;;
071203ad44811bb7dceeebc2c9bd43e5;;;;;;
190ac2a2d4412b1982aeafafbaed1562;;;;;;
595c938786e71d6d1488f82d73f689c9;;;;;;
6bc7798ec06dda9bcd937aa3957e974b;;;;;;
55fc0e09ac683faf13ce10cdcc40f652;;;;;;
3a6d391db44d019009da71078e9ca856;;;;;;
014faf7b2a3c209fb80e65d29e233e40;;;;;;
0778ac60e54cde3fd438969f95e4699e;;;;;;
8cfb483570a9d2ab681917693331d6dc;;;;;;
280bd377d3a023b27c2a3182a900fde0;;;;;;
244eb79be98ba5c1ee61bffc7c15280d;;;;;;
a63a80ea3cf4e32d6335cc3c7fc7c48f;;;;;;
7ba44e38a922fd87aea5e1f3aa18521d;;;;;;
d400a36f490e4199a521bb41413e111a;;;;;;
ced898000a2987e41a5235dcb11d70a7;;;;;;
abc96049956f33e139b353a03b031573;;;;;;
39486373e38899cfac69bc324e0934ee;;;;;;
2f9f2125efe0a1b1bbfeb878c808f229;;;;;;
2e1f9302d6edd4b68b2ecff741256d6c;;;;;;
1fa60a1992abf1a710715c32e08751fe;;;;;;
d60a04bcec4b49c1a9253bca364e0ea5;;;;;;
3f1a108f44d19e5ccc4c9a3dc0ddc2f7;;;;;;
048cbe0c40d42384dfb1d2b6931e07a6;;;;;;
e895b05c4d410cc933ecc6063211514a;;;;;;
079387d4708cfa6100b468002f6af1a4;;;;;;
8775e3fc6af5f46a8d90dc2e99acd96f;;;;;;
6e1a668ef9c793232d86632d7bc16f4a;;;;;;
cd7b62dbd942f4fe353b2210bae12e42;;;;;;
9a978b3ae1d376b4e1852b73dadcd99b;;;;;;
984ad0043766a8b7d893bb9ded8b0a57;;;;;;
d1d3a8491c4206ada73dfb696170b982;;;;;;
faf800d3e145cd3b8d7f7a06195fff75;;;;;;
65b62073903686fd712d302b5d62e360;;;;;;
5976c5b4ff5ac9d0a606eabf227bfa8a;;;;;;
e95261489883bf3c7384f6ff4d87592d;;;;;;
134addb0d7bc8af9c2dddf71111e57c7;;;;;;
48382454f0d2de7d2bb8e722b6a245f1;;;;;;
a2e3b1e2ab04c747cbd334b6f3424975;;;;;;
b2e9ecfdae78f5476e95e251b05f6538;;;;;;
74f17d5f6a51f7ff781cdb8eea4b6b44;;;;;;
e6ef9f8374594d35fef846e6c085e2be;;;;;;
286233ca117604c63c64bea17d3c72b8;;;;;;
27f077ae79915e1e4e8c5f3150018c86;;;;;;
e613bb6848d8a785ced683664fd46b40;;;;;;
c056f9a3bdd5d41739e4439ff3103fbb;;;;;;
ecb8ce188590f95eaa6d0daaf9f95789;;;;;;
984e1e16b73d22f687abc3a65cff8d16;;;;;;
38979a483e2a8a8032a674777798508b;;;;;;
5311437fcbb0e617b97c62cb63d9d43c;;;;;;
08f65597f36758c10b2a1c968e018048;;;;;;
4b652912d3ca91be02008309cc16d0e0;;;;;;
13da08b78ba2fd5c1e95ad10a0fba673;;;;;;
53fc794c87e0a9c21cd6007ee816b157;;;;;;
3ba40c970729ee8b138f31a697c2a324;;;;;;
2ae7ad918301c30718ca50b41d5f1162;;;;;;
e3ef4f5a2e0871696469237ebba9acca;;;;;;
90d4807f51fabcf354260d2c72dce356;;;;;;
0dfad2d169b0988e17a976b2a8d65549;;;;;;
5d233e3f60a70b224379c3174ec01d54;;;;;;
1bbdc7aaed9474add9da2ef0660b818f;;;;;;
1e55a3819df8fd8eab405285954843b9;;;;;;
ca1e2acd26997c4a3bd43895fe5799de;;;;;;
c7e248597fbd366ef833693fbb7c15c2;;;;;;
7d01da8903e36e3462a0cea3912d8289;;;;;;
fcea5e193e67df279fd58460c9310adc;;;;;;
f46c1d42b6695448ff898954c848944c;;;;;;
71faccc305ec5b6fc2b8a9536f5d4647;;;;;;
3a8e512fa71a60da2705a619adde7d0f;;;;;;
5d8f4e09afc4a7c1ead158147785a2c3;;;;;;
c3caaa7b3dc829cc326aaa667393b8b0;;;;;;
cf0eadef267da59046c16ef0a59f8919;;;;;;
2100e4c2c1c2dc4d108e95164043d22d;;;;;;
a075b38e26774c3266e2423159cc4b8e;;;;;;
c7b9d6ad2fbcf7f54eb5c1763d33ab49;;;;;;
bd5e8dfe1a93053d1e68189aaaca89bd;;;;;;
486f73e20c661615327b441029b11db8;;;;;;
6fa00693a11ce0b1c7449bb649b349a9;;;;;;
3aad3c5673d3558fb528d5078cef2aa4;;;;;;
dca8786018f8645b575f1f20d0ae96b6;;;;;;
c69f449cf3b75dd5d7c2118455b0906a;;;;;;
23cdd6ee678f3674584e55af7ec136b8;;;;;;
3d793dc1a1acfda0a80529b1c1165ceb;;;;;;
33cdae0b1a15d5c22940c0357641827f;;;;;;
3ce9ae19114a3cab5ca07d325cb381ed;;;;;;
3297ced18f5ad25336ddf0a8793802a5;;;;;;
008dab27db6939dfc33eaf397aa5f194;;;;;;
47e32c3dda2ad29c6cb0a970d29c3103;;;;;;
41b0199c9564ef3ba18cb30bdead9cd5;;;;;;
d6b96d486a13cfc1cf0c451120642595;;;;;;
95d912bdeb9476d57c185c7a4af3a42d;;;;;;
f8a5d4d154452d4b248177ab1787fba6;;;;;;
487ff69c3112673a5167f8140b39a2f1;;;;;;
aff197817b37c6a0232a90121ab61251;;;;;;
8f5d3edd87cd7a6e8c05e364a3f6ffcf;;;;;;
6470a067dd2620ef948d62493fc2eb90;;;;;;
3c76c8fa8284defba4d2a833d26fde12;;;;;;
4bbf9d19471d5af4c0322d685eebb1bf;;;;;;
8cd5007dff76639a0dbaf11d53a71f3a;;;;;;
f6b398db0867f302d403da601c0aadc9;;;;;;
f4ba38f1f19c688ebc3fa9b1d4f06ffd;;;;;;
f1d7c10393daf64682d80c54044c7fad;;;;;;
d6bca7472cd9694cac0cc9b58b34f079;;;;;;
81a9df9880bb2d4c8bffce42d940c9f0;;;;;;
ab81eb23a86df6e94ba1004c7fb19838;;;;;;
9e36be4d9ff31efed4f0d9d7dd2900a5;;;;;;
1a623b0622e5586d0ec0997c3984cecf;;;;;;
a275b87ac783175917e367a815588058;;;;;;
24ee37d47eab18ba63f12194acea7062;;;;;;
b5dcd828e5437c2113cb40b59269fe4e;;;;;;
baae177f6fa06711a321452d100c8d36;;;;;;
419b55f8936cf6b78be0a38eafce76d5;;;;;;
ed99652ba4142fba54b375e3ceb57f55;;;;;;
f7d8ea304c41c6c6d826f19d37fe32f0;;;;;;
6aed666794073f7992a7335e13699d13;;;;;;
55dd5ec3e8de24e2de3aa9358e18e965;;;;;;
42cd592e097f02fb2dc5662698b032d4;;;;;;
bed783d3213bb61caef6afed2e919db4;;;;;;
5829e139e4e0d82be848dc19e7d80fb2;;;;;;
d2f321a4ce1a7ec1d48546eb87728fb9;;;;;;
188b1507806c293cef2cbfc05c10ef5a;;;;;;
4cc8e2d2f42d2640dc46b5026551bdb6;;;;;;
f2a9f53e14bf365fd95ffb22ed38a9e6;;;;;;
5efaa986e59aa1c92f3a6c909c83555e;;;;;;
613caed170ac81007d38e3cabe2ccf7c;;;;;;
aa8aab479cf082424ca688db98f61b70;;;;;;
0c5dfe7da70127a97ae42d2a29458506;;;;;;
57d40f9113e60e1089cba552c3106e41;;;;;;
08b5d3ca7fbcef2fedf0ab28dbcf7de4;;;;;;
1a32edabd10391b4881c3702d940f104;;;;;;
0db15c3930ff66d483213b09b4953ae4;;;;;;
036b78df4a23ef51cbd1c500371dc4b6;;;;;;
f6d09a4b058a50755cda8de8f74edeeb;;;;;;
9b617e29bbd876aa3cb6192093f694bf;;;;;;
5976ba19ccd9e9ec1cd7f8f9731cb4cd;;;;;;
b29702176f0108f504a096d298156503;;;;;;
b9f2333129f8fa44d7e7972caf2b4d0d;;;;;;
b097d73119b430c2eda606189ad0c7ab;;;;;;
f58fbc5f41d485ab866aaaf576de3cb4;;;;;;
1575da1fdb248c612bd4e665d4e63eb0;;;;;;
13ad33f34e5284958215631bfd7233f2;;;;;;
e96b9352bee6fa7fc6a92c94b8362007;;;;;;
8525a60f4d9e1c8bb17db16f2751d236;;;;;;
896af940e3995084ef14e41539bfd9ac;;;;;;
103bf7d3aae4f4b8ccd66287e78fc276;;;;;;
7927059ed053a8d376d8aa5b7ec86247;;;;;;
c13d8319d47c962c1ad7d22ee2e70863;;;;;;
bc73291aa451251f1cdfe286effc31a9;;;;;;
de597dff17b8f48110d0a539229b94cb;;;;;;
0cd94efbc16ec3749bb4d7097367e0af;;;;;;
52e0db05b2db74e0ea12d082c5bf214b;;;;;;
776080977ab680091e3e8c7ede9768d3;;;;;;
3913e27456124aec19539731125960d8;;;;;;
f0e378569516539e7adb826303415c89;;;;;;
40f88a352a287b20db91fab4b6e11e3e;;;;;;
8c30817de9774618ec8fdd0dd9628ee2;;;;;;
ee261e4535b0817067027b47b52594e6;;;;;;
9d89a88218340189d7dfd882dcdb6ae8;;;;;;
78dc68c7db2dfc25d79d6a65faf5a772;;;;;;
0791687a91affbc4e003dda14376ac8d;;;;;;
c3e2702cef1672f51ad191e26549d847;;;;;;
f058052be5255b7be0abdf69eec1b850;;;;;;
fe56b60261c707adf29648802d4681ae;;;;;;
50a9ad5edff2e552a77f6b3e36034d4f;;;;;;
4c16cd0838a809a6b94f25b651a257f7;;;;;;
d24ccfc9cebc3bbcdc3dd7a8eea521e1;;;;;;
3c11d04fa2babbdcb30143ef754c8981;;;;;;
a711846141dff360967c1e5d44045910;;;;;;
8ec3cc5043f117ed594b9a37df0e2153;;;;;;
127bc9b1921d27e2b4d7740cedc5ca82;;;;;;
8ff0a998f1ff4234a8159836b2471af8;;;;;;
d5b98c954ce18a3834d65d1a1484f34a;;;;;;
8e894121d0897f4ddebd8fb35fb46f9d;;;;;;
d385e4d8de129e475c4dfac414efc06f;;;;;;
32e071cf06a1b42ef08f385382b16eda;;;;;;
a2209dc008ee952aac4153e7ed2035ff;;;;;;
be9f38526a04c538051ca1420ba77076;;;;;;
84f50fbfbbecadca885291c98881a9d3;;;;;;
b682c75b158da52bec4573a0e7fee8c6;;;;;;
673e1c3baed3ba5795819d284838a4ad;;;;;;
614b7153f962209cef6aacbb348c332a;;;;;;
d5f81c43cc62e309c61ffd2ecb51489c;;;;;;
760161a58767c34381c153853e2b83d8;;;;;;
b19a1487463cb9290d41d7a033514f49;;;;;;
7b65c1e36acdc678d8fc2a0d8558c32c;;;;;;
6f7fb6e155ce47f609d37d5f62cc9b9e;;;;;;
a7a5a79107b8b4ec4f39540561ebc198;;;;;;
a7ead829996b32fed71a1971b07b3dc9;;;;;;
24f89c9c8c05681d2b7478a418e7c126;;;;;;
a9d0f8acba2eb4c748f6641360e909b3;;;;;;
a61f0b26dc4d782d7b3b1ac93b2d4fbb;;;;;;
c73d4d007c0ef6afda35eee1a49f5913;;;;;;
a18c85a5a21deac1fbf0ae600e5183ee;;;;;;
aaca86d5be509d152037a5f9a2d9ec4f;;;;;;
b275c9895556e8b34f263e3969210be3;;;;;;
05395d5eeb242bdcfff4354a46c2bc95;;;;;;
e50ca1e70c6a51e42880c1e454e44e81;;;;;;
16c250412c87efa270091315567ec71b;;;;;;
828be4742bf4a4d41a6cb7a7bb93e581;;;;;;
ae8f43236c048d0efb77770072c4e01f;;;;;;
053439b61e3bf518ff4a0208092c0035;;;;;;
fed3029832e6833b298cfdb5dc78202f;;;;;;
7aac621836ffe8f6fd3e42ed79bdec63;;;;;;
3f092a1b682bd0607afdeea260f7048d;;;;;;
6fb45bee0dbdbba601e7c85212d31c24;;;;;;
fe2c8cb404d119a1f71eb45d2dd9766a;;;;;;
58cc1bb54bb395287c283046fc8fc7b8;;;;;;
68dbacc800609c5d3207ebfea3918f0f;;;;;;
960b517fc3046c9bf4d94573ce4a5752;;;;;;
355d275933fd9dd8dc608604d4f0d894;;;;;;
de81ffd5f838207fe2acd00112d1f810;;;;;;
330a28e76899a8774e8db9cb22a80009;;;;;;
050ba5b0cfac5b1a4d34ae2ec496b83c;;;;;;
d2d527d77080e11f32fe43ec46e4483b;;;;;;
1e85a18f30b052206e4ebd34287fdb89;;;;;;
e1eab76820d16e35c6da5a85a2539817;;;;;;
7182d7c4f155c9060ab333fe47fbeaec;;;;;;
d4d8a62c1b59544c74f6a658de2bc903;;;;;;
c0a2f2087d845d24eaf00cbc156b3050;;;;;;
301a2892bdabdafa6ea1b1bbe523a125;;;;;;
0a4e65fa9c6eb3d3c0e9de372a23548d;;;;;;
e1ae36317cd899946ec2487221dffd1c;;;;;;
86ff4c5c9fb1318933f7306903bb0e03;;;;;;
c27fab8b53bc00c1628b990cc2ce9f28;;;;;;
2392e1818113add5d5eb06177425cc1a;;;;;;
4beacae135fa2b541874529c566369e0;;;;;;
c96c2741a9e47c5ce869a7b3f5cb3a5d;;;;;;
f0402c4a9b449da081dbcbad1bdf8895;;;;;;
375f147d861241b06139146643066a06;;;;;;
28d7e1a05480c9440e6261b52cc00a0b;;;;;;
4eaebe70314ffc1877d1488e3df309b9;;;;;;
368392da1eeebbf62e5c8ac7753649a0;;;;;;
b4ea7e1acaa6bc5b657cd274d02c8c77;;;;;;
1dc1a48b82ba5c9e7e9873df95f611d2;;;;;;
f5f827d0dedf1e3df0e07ae5a047fa1f;;;;;;
aa701bbe2351d310303de15533828333;;;;;;
fae17fc91d1b781d75bae9376885874d;;;;;;
848f2b783a1bf209b37f38b6b6c2c55d;;;;;;
f67f74066cdd4801b300567769343b98;;;;;;
ad5d1a447f039b5f74dcb9e8db6623ad;;;;;;
08255217e93c2ccb087e47e60590eef1;;;;;;
4858b48627f13c7fe2f984549ca72adb;;;;;;
6aa13a48b3f57096d6988f63b5a5cb47;;;;;;
96c112b0e52b48e0daee9cae715f2102;;;;;;
b815713d9cee9bf7f138bf67b7097569;;;;;;
d309690dccdd812054a8c6bb290db7ae;;;;;;
6735dc9eabae78001a03ddde0bf96fad;;;;;;
aff2e7217ae9ff81130cf1aa9726f4f5;;;;;;
a14c4a10d37524fd712204ed64a3c087;;;;;;
921ec04be583ae479fdc5a63efd7feab;;;;;;
d08997859941cb6597c01a9945d17ac2;;;;;;
948823cbcba9a2ad054962cd18948619;;;;;;
863da66769ef2594b15b0115427de5cc;;;;;;
e37a447f700ef55e54c270b6eececa9e;;;;;;
9603c0157c877ec66cbb05bdb661015e;;;;;;
da95fc9fede9da88f0e463c730b784a9;;;;;;
2993b7318e7807984b9c152c90c65723;;;;;;
391625f66df00b421b337f94668d3602;;;;;;
810c361019b82401757484e3eed22d7d;;;;;;
b3662ffcb373b8809dc89028f3a318fb;;;;;;
1735489a14b4b1033b7daf40bb5da82d;;;;;;
81c959f3cbfa375fdf4af3cd5335124f;;;;;;
ebb4a61e150f1ae7c1c29fa52909ed28;;;;;;
7e83fead607fde308a04bbad29db3c6d;;;;;;
c7467551efd3b8c865a8f71f3bdfc8b9;;;;;;
f21cf9b140c36da1ec5f79a2a4b5649f;;;;;;
ff9725d555368705ed147ae061f622d8;;;;;;
7c26a3c23b9b6345d3dbcdbd528aba91;;;;;;
4517112023a7d53aa30c66fa912e264e;;;;;;
890817597abe31e67b7a42f9591d5b24;;;;;;
2f3c489c332841930b7396c7bcc80323;;;;;;
1c027876aa82c31d3d69fc4e07a481a6;;;;;;
073cfa6b8f9025143dcc3e7603aa9255;;;;;;
1ef795ada72ba2779fcad3fb7ff89e01;;;;;;
1e80e2e2c44f48244ddc33b8300bed8a;;;;;;
0c3aec8df078e0329436c4156460259e;;;;;;
2370d62baf686deaa3733b6e1a1b8b6c;;;;;;
bcd307146e55795964b8674c06d22521;;;;;;
6c084002a46eaa94135b1f63aec08c74;;;;;;
7ed0d23eaa0448e7a30ef1d3a4200445;;;;;;
00b2dd96f20942535e8991f9fa9c8a35;;;;;;
8cbf2dd4372c59ed57a1e65dc501bdf3;;;;;;
5d7974a4f33a2671818c7757337a616a;;;;;;
f1d1918502ace559f25d7c17a49d1593;;;;;;
96ebf83f656d6c5a97aac71bc9502a85;;;;;;
9a4c6a3e04a919bf1832ef45ae408550;;;;;;
be23a37c221c10ed0386aba1f7a156d8;;;;;;
896c49d4465aac2bb671044fef9f9805;;;;;;
59153d92d726c2256b25e0c716ec4a0c;;;;;;
8decebcbca9798e46b91e1269745de8e;;;;;;
ccd5f0f30e4f2d3acf385cbd258fbebc;;;;;;
77a1f2db30d18006dd007a61c20c55b3;;;;;;
70faf4855845d198a82defefdda8285b;;;;;;
29172aaaae1160e0c4d85f43a29505a1;;;;;;
2930d6e2141dcac436bf0715c9992e92;;;;;;
2d0f001be53c1bc9ae00fdbe1c1e6422;;;;;;
e0dd9065f2be0226e9270bb1c3737c40;;;;;;
bb0cf6a12d6c579022ded64f1e7c511f;;;;;;
da24cef9f8683d4a5f2723b93d60c844;;;;;;
9c5aa927ccdd9c8c73e7bb99b4c20c71;;;;;;
fcf54dbea0cca7892d4faeea9bc36a90;;;;;;
2d3824e89023865aeccaceaa74bcfac5;;;;;;
fc0e6777b9c68fbcffd09d83313b516f;;;;;;
d5e78dc190d322f2ca499beba06423f9;;;;;;
865bd2831751a72a72e72e5d0c113ec8;;;;;;
f0d965923e0fc4859267dab5c3db5880;;;;;;
3e2cdf9893931f6d40a5afdbe04a6ac9;;;;;;
f0afa2c6a43c9e2d87579d6fbb6ff757;;;;;;
8a07459cf2affb1b3e3ed94298faea15;;;;;;
3b36b4d53d81a5ba86482d26a5f74d87;;;;;;
a52abecb7605a067668aadeb053958fa;;;;;;
08c598be58db14cf53a9b15500e4076d;;;;;;
b8c9fe5201b9e1565ea6216d26591a94;;;;;;
88cb1f3970795ee0cc0d1833de6383a5;;;;;;
5155d650566c1a8b0a7f86b97b1b304b;;;;;;
04070a03e29a458140de130ab04283ef;;;;;;
a3914d8625104c7b11a2b921d3f9980b;;;;;;
8eb54bca4b694e6dcbbcbb1a384bce9e;;;;;;
c64272e7bcd0a54ac3e135351d749b2d;;;;;;
8e975704bcc5db1a8497f98ecc6bfd88;;;;;;
c3b8123ad5947d929c39d089152c3831;;;;;;
e2e76392bab2760b1bd767abc231d2fc;;;;;;
5bcd4eb5ce180652b045d5388afe0501;;;;;;
6f943fd7db7cdc0b95cfce637b7a2169;;;;;;
6725e622ff7b5f1745fe6f8d45d2030f;;;;;;
167fb1eb5d33e8e14ec2b092d2bfebff;;;;;;
087fd081fc5476a9c1be83d1ea7c57c1;;;;;;
8facd46659c943669c76d93b77b609c9;;;;;;
e80673d5852b1bf7c0cf7cbfc7926647;;;;;;
497f7657f2b8942f55102ec215faa0c2;;;;;;
d80a2ad241475ec4a1293112d14e1b66;;;;;;
098915625622390b6e95cd9f6e267e6e;;;;;;
feb9e0eea4650f01d63c8820cc6e5ab6;;;;;;
49b04f8bdeda38a5fb09b008a3039504;;;;;;
0985d5acb86409df0e60a458a70f6fad;;;;;;
40d51402791b97bf97496319e1e47155;;;;;;
180d51195cc175743c9eb308f71810d0;;;;;;
e08f75b9b526c4f0641287d9ac2ca72d;;;;;;
97e8fd21839fb4f0bcd037a35630f2a2;;;;;;
472798e7292e7342b1f2f0238691333f;;;;;;
1a86ffd3f4666e857277c3e3863def0c;;;;;;
f1f42791d1a3603fbc40d1fadafd5d0f;;;;;;
8e06cf1f92145e4858de1e1e6a85fad0;;;;;;
f7e3af794824534733500038a11902b5;;;;;;
86d9fd76e3facbaf3985099fb423b83c;;;;;;
00a8a4cb62eeb9f06418ad75d6f429df;;;;;;
212482f1ab1a6d19c8fcad4c6a6e560d;;;;;;
94c85aa8e2846bd1faba2eebcac55680;;;;;;
8d9c97437a1f173b799f85733f60c485;;;;;;
b89b9aec60803183523df22bd9519fa0;;;;;;
bebdd10fee2d5abc1c027e72df41e8d8;;;;;;
9d91c54ffd409a3c0e16d088a0d44434;;;;;;
0f5a5902f6096a9b68bf3bd7bea4c3dd;;;;;;
1b6e4b735f2d5192869d30d85e59911d;;;;;;
ebd79cf481bf8db8c476897baddc8365;;;;;;
7e48aca56ea42b238f4b61d4f790b069;;;;;;
23910f749013417be9dc3b6487b7c1bc;;;;;;
76aea88d09411671b6a59111e8d9d273;;;;;;
50a3bbd10ca5dc879f6b20ed157059af;;;;;;
1bd2301c102d009d9c7d08bfd25d5102;;;;;;
cf2e9a991c9df73e684d234d8b178481;;;;;;
0a362f9d69d119716d6c4e49d5379048;;;;;;
5aa30e96ceb3fb68ea26614f34b904fd;;;;;;
ced55833ca96e68997500fba97cae339;;;;;;
44d4063ff582f3bc75ce199a67082ea7;;;;;;
3e3cc08042302f9142ed157b8c712dc4;;;;;;
1c8dadfd063afa79b778491b6c1db7b3;;;;;;
0d668dbb67d3d52186d88a6de433c1ca;;;;;;
9ed695c26c391089197b742527a069a5;;;;;;
8a6b8ae2b6fcbccafd59b110c4154101;;;;;;
689f4c958786c60bde67f71ffdd3cdbe;;;;;;
2f355911005def14542cb01827ed165d;;;;;;
e04dc15e61424d09308a5a923890443c;;;;;;
a7477c173e196c62062cd8ee4e067aef;;;;;;
d6df003ff8ebabaca4be663827d8d0ac;;;;;;
d2dc7d95873773db02674a03a9e1d6a2;;;;;;
eb9bcdb21593026d5f14a9293c39f58a;;;;;;
852bd4a50902ac849fba15e00c6b2859;;;;;;
eed6b411313660d312ce4dc6730fd24e;;;;;;
7812b5dba770e44a5e231eed79a447ba;;;;;;
e90c16fc6ffc31b5554ac2c43686b122;;;;;;
ce70d9fbde5adcbe5bd90f0905a13ed4;;;;;;
d4c10afdb0b7dfcfb75e6fe2badd2f41;;;;;;
9ba5769f40ccd095560af0a96f65712c;;;;;;
d65a9193465a37713a5086d7cb3e5011;;;;;;
8c3e3cba6632eaa30bee4f926fbe6826;;;;;;
f331e5ffa381f0b49870208a5c997af3;;;;;;
f50c995e78c50f26a8ce02ac652657fd;;;;;;
bb5588214b8c8f42f0c62e0cff9ccc65;;;;;;
e341be349535c38afe51bfa25b1ca499;;;;;;
764679b5e5313db2cd4f91d19a94a9cb;;;;;;
e09b7359e47051004d2a700acef51dc5;;;;;;
4f85b741a7441aa3db4c93bf5b99b0a7;;;;;;
b5c662fe57a58046e006d21313db223f;;;;;;
62293d68316f759ec108d7b84a2b2336;;;;;;
c473f2562b59769c141ee7bfe830ab91;;;;;;
afd14d425034e09ba980c32f679c4ac9;;;;;;
3cf13d875a60370edf3d0ca2f0858843;;;;;;
a0e526587b6b513982781c18de0c400c;;;;;;
82011281ab1b4ed3ca494f6e67f7a08d;;;;;;
f5e5a4af67f624685039228919593b26;;;;;;
7a0996979906fbc16afa1d57b1fbbb00;;;;;;
7bb189c3f98a3ba0402d44045a19661c;;;;;;
7951a018a55a3abf54812703d47e1a56;;;;;;
c7d0edea365774552b7e92b53cde0669;;;;;;
142c43deecf4ca05da70ec727b678543;;;;;;
fd0320bbd43ffbb8f8f15153f1dca7db;;;;;;
ab9438ed1fdcfc0dfa5983dfcd8e6951;;;;;;
3934aabbdb761092240aee2c74f1efd2;;;;;;
e971b1572b4c50cb49ccbe59c1f34ac6;;;;;;
9f1690c7cd5b9c74296f48fee218e25f;;;;;;
1f7f37659d9d815e721713c5a9e38af9;;;;;;
3174dbb9dd9afa846eb8802c2c9358fa;;;;;;
bedcfc5f898c2ffd4cce0991b1f7d87b;;;;;;
9cdccac56f6f53a4b4aa2525ff7f2ad0;;;;;;
2d911440c3233d31a4dc1749d4a740c1;;;;;;
54bcb2f9b00ca47cd7fdf3e77c8e2eba;;;;;;
1311304210b47dd5d0b23037c3a24877;;;;;;
38dc52c13f484766d83c26e3ef5b0979;;;;;;
bbf6fd9941631b198bf88311903ad4e2;;;;;;
35ef72a6a3ab686a10dae67bdd442931;;;;;;
0ec5f6fae83183fbda1167142ea3445b;;;;;;
9b3ef1cfdebeff0914bd3e46f2a2ee5c;;;;;;
01445bb125a1c4aa58539c9519a00192;;;;;;
58bbb0e8cf377311a5575bf72cd894a6;;;;;;
239abbdd13d52f4f9805d0da1a143e76;;;;;;
7955c24ba753e32cd74359e2769476fd;;;;;;
49e2fea724600a4d63585ed5437021e4;;;;;;
06f6a032246084f6246c4fa4f314eec4;;;;;;
1dd280d02d6bc3286d38955c321e454d;;;;;;
1b62eceb2b913ead9c8bf35c0bf875a0;;;;;;
cfea650afd543a6cce570445ab5f619b;;;;;;
d3369aa8b9539b1e05d3308468d7517d;;;;;;
f1d9ccde6bf4edb23ab2359033d845b8;;;;;;
2005d8ea405985d098f927137cacbffd;;;;;;
1e2b2ab3018b097e4f031a650b2cc50a;;;;;;
bdd91bfa287fce8bcef6eeb9daa33fbc;;;;;;
5ba32b956dc8082a509da0c14beb58f2;;;;;;
2fda0e7a68ef6bf582e8c2a3646cfe19;;;;;;
77fd25a5d3ef5c42aca4934b68662acc;;;;;;
abeea29fee7f5ff9480f62e13e94bc88;;;;;;
cc3a701d4087dac77a2466216bdbf925;;;;;;
3f2f86fbdde38e6c6d6f34a3be544f12;;;;;;
5b43eed820f71c361d5456ac48d74c63;;;;;;
2f12f08821683b95fac738f9cad58a4e;;;;;;
b2071fa2352629456c6030e7c8ba1a87;;;;;;
60174df759c7f2018cf084b00087a7ea;;;;;;
70cecc9a2e47bd225476030c67d804f5;;;;;;
dd4f98b56721cb854f1ebff99449dc1a;;;;;;
963c361348c1ead9fe7e98c87578f84a;;;;;;
908fc65b330a6b9cf9de8757ebfafc13;;;;;;
0da63bbcc7b3162ed7d8f0a615c48e9c;;;;;;
eddd22a98f15fb7fe956bb569affe04f;;;;;;
0b56f9ef0690fe37a234832b6182d6f0;;;;;;
ea8b3508318ac1136a9ff7cc0b35b1ae;;;;;;
54b51cc3dc43f1f61f9d196e4cd8299a;;;;;;
d7998f31a215b78b51243cf72b0c8fd0;;;;;;
c5244aa5839f94c7d61c7475c4570aa2;;;;;;
bff1e296ac91b0d9a6bbbaf0c4711a6f;;;;;;
ecd79782b3ddd3e486c05dcafcb3e2a0;;;;;;
34400f27deb3aa8865aa30b431c363a4;;;;;;
b1fcaa91ecedd17b613aa99f56e25762;;;;;;
471840b863a12ec517610c7db30c8f95;;;;;;
58bf2aa1db5129092d6866768f611597;;;;;;
8cedba7de7c3e80f6d9a747c217c65f2;;;;;;
fcf74310d9364bdbdd3c36dcaba7b35c;;;;;;
9bc99dfad7da87a58df999bd7cc4dd6f;;;;;;
341763387dbacdf8156c4865cc785f29;;;;;;
3d95abf8e207c5b6ad923babf8b9ce6e;;;;;;
60d110e94365d1c47f52e4287afcc049;;;;;;
52cd7fca2d2a610c96d25e939e69aac6;;;;;;
7c924012101a6d3939f0d0f85df7f437;;;;;;
296daa674d113a47ac570a132df30743;;;;;;
4f5993cc8f5aeb0bbb20e0a7ce986220;;;;;;
960ec77419bd7261d57824768d13970c;;;;;;
f0e5ac774673f01378434b0bbf1e595d;;;;;;
c361f5cd61165e0914f78254030572fd;;;;;;
083f17adc17418a763d04b4dfe7b4ab6;;;;;;
dfbfd27c2cf9f5b528725374483b70f2;;;;;;
48c8f57d45a84148cb8763b6683ceb1f;;;;;;
9cdabf95e08d438bc5e18b48aed5e441;;;;;;
486824e71a85dcc4cb0e70216e1efea4;;;;;;
33cfca487a3f843554891cdaaffaa77c;;;;;;
37689743c58269ff82521a021297f267;;;;;;
d155e1fc408db12d8c975b231615d63f;;;;;;
3bdfc6662a7ab8013fb8a12f5eeb6a2f;;;;;;
e83346c4d20eff69a9218d7c47cb88ef;;;;;;
2461be3f476d4bdb9a4d4c9e572eaa53;;;;;;
8a997f622ee231cbadb0bbcf7c3ef1fb;;;;;;
b06dd1244842a7748b046907541f0a8e;;;;;;
4822fc9dba231356cf63aa2237a3ab9e;;;;;;
9f2a473f96de492c75f5e199b64b6a3d;;;;;;
4c911e380f1691697bbc42e220801bb8;;;;;;
f72d22e0c40faf12f140b00ee64280a3;;;;;;
8fc1f1e6ecc848cdad009689ff207c0a;;;;;;
8f5016721f0cb1156f9cb7dd1b4dbb46;;;;;;
56cbbbc81a7f902d2bbd8c0020d59dff;;;;;;
0f7a5a4221e313e0c42afec28567ff92;;;;;;
9b82f346ebeafdf7fcc6ef6c807e5b80;;;;;;
e79815c5dc4345d8d73092f92df69b34;;;;;;
d3140832b6cd2c5969bab46081630153;;;;;;
2372157f66a9ffc0f7d4aee676d84cbb;;;;;;
def7641f2142f40dce724d95cb868e02;;;;;;
7ade45cf2b4ece2543de9d11d196c5be;;;;;;
836da4ff22336f041d570f5330b1252c;;;;;;
55863f7a9fd8619d540e76160ab30059;;;;;;
17d061a894997eeda0aa49b43de6125d;;;;;;
8405e0d5ff9df4408c0f27d4ab6761d3;;;;;;
217651c3e7f2d7c889193440ac8903fb;;;;;;
18c3fceda94d523b53544559419ec3a2;;;;;;
8700cb5f788f01ff2a76dad997e1290d;;;;;;
a61edbd38580014569fb1308a890f71c;;;;;;
40e93a29086434a9d2503db25056315b;;;;;;
090de3ac0fa1f6f33c52d46f5eb303c4;;;;;;
1b1e43ea3b643f62573909b86ebe58dd;;;;;;
f2829084101f1f913839b5e8101e643b;;;;;;
04c2d52397ba13bb41d13d8950a9d475;;;;;;
bfa785dde7ef3a3fe6a14231821fc190;;;;;;
c60ca7c5a51cf897b131e0b83c4a6382;;;;;;
559a07c7c0f3cce9abfd881e55eac74c;;;;;;
10aed6bec43eda1bf127b657777f58eb;;;;;;
65bfc57bcf4c7f95b6de599cbf5627b5;;;;;;
013a32a159b5f8c25ec2d0a3080e945a;;;;;;
07f5e88d2051a5ad04d7fdb93c21d254;;;;;;
5028c43530d6140decd26fc9b8718ce6;;;;;;
61ed13af47ec4a437680654513ae9f03;;;;;;
e08b52e812a27d6cbae75e3b229f29e9;;;;;;
eba82b5045cef7f8dec00007895af5d2;;;;;;
d9a6a33e1ca783b04a516a0385243aa4;;;;;;
8a62e42dfeb52403592d7f3bc4cf4c7e;;;;;;
284cf3994db4d7a3b620ff0c9003d671;;;;;;
0d1549c3cebebebd1c2954cd5c861802;;;;;;
5cb6c7865afab5ac696bbc87eeeadfda;;;;;;
680624eb84c758c3d0a5cc4575032945;;;;;;
1536467a47d4e7dc06012d8caebf7d2b;;;;;;
d0906fc4ff58e72cc742f6a345677c08;;;;;;
59f86c8a895e7871a9249155e371cab7;;;;;;
fef2d76d692bdaecbf952e99b261cacc;;;;;;
b88f86d883d9e2d7afc621e0321fe1d4;;;;;;
9444acb4a1c15f522cf4e148c1a3fff5;;;;;;
6c3efecd61f4064806166569d3c65050;;;;;;
5b9e5ff9d82550bc7183f297be00e6cd;;;;;;
295c9b14a17c545f9a39c24c658192a1;;;;;;
1ad40b3f2191fe1af346edd4917d05e2;;;;;;
f25ba7a15de74b73ee37ae579c71feaa;;;;;;
56c5526cea6c33d033687cf591c159e6;;;;;;
e24f2d9466da23f393613974b2537472;;;;;;
2020de2acdb01aa36149cce869783f57;;;;;;
b94158afcaeeb006f1136082e967ac90;;;;;;
45d44a5a2fe8abd768561fa606e8df72;;;;;;
23d14d383a42043d6bd7a4999837edd7;;;;;;
494ef3848bb50d296812bdc3d9ca54e5;;;;;;
86c5d39504aecae3c33475079f9cf8a2;;;;;;
2f65100da71be6ccd71e8026fabdba64;;;;;;
6f1375e377ae3ae5f383850f3037497b;;;;;;
96d312bc082cb02574637a8106cafaed;;;;;;
d5487c8acf4bfe9ed1c124dbf9a02323;;;;;;
9947145d4dca7e6f2b2cd03f69c21fd4;;;;;;
1a8061e146079ad676e5dec9f64dc440;;;;;;
2a537a6b7ef891c83dfa63186e130bc4;;;;;;
1157a67d7abe06f47d36332150f77b1b;;;;;;
157d66ebbeaf852f6779418cfad7292d;;;;;;
2a851c909cb5999789fd31de6034a298;;;;;;
ca62454264aa79e368e6092e62e0f89a;;;;;;
00b6a27e995e9c1ea7cfc4941dcae068;;;;;;
5e2ff03033da0cbb85ed4e089b534d83;;;;;;
31e44127caa573df1e7391d4a8e224e1;;;;;;
eae122b72fbe3f3499fc50df3b308a72;;;;;;
e79007058593afde3415e5fac9b21035;;;;;;
37a1500787bfe471778083d765d870c1;;;;;;
9cf972f510d3fa4c383c05ca86951d98;;;;;;
83c888321bdc63aed32be6ecaff26d16;;;;;;
6e97a9d8583a5bd9871a98ad3afad724;;;;;;
2046376aee07a256ce2ba92f92a1dbf5;;;;;;
60897a49c75c1d3735663dbb0d995c9e;;;;;;
c163978eb7444439c737e743652cf2f6;;;;;;
b8e87a38872eb7bafd472934e83e315f;;;;;;
d8e73c9ce6757036f748b4819795f1e8;;;;;;
30ce8056a77f59b43b367f4653b929b1;;;;;;
ef34f423f3854fe8fa36fcff4cb65ec1;;;;;;
3c78f3febc09486caa7af842e926ec33;;;;;;
33a7e1541fb99c6ae4602d7f8a801790;;;;;;
f570abf9df71f8251f708ab0cfb8dad8;;;;;;
3975d763717755847fbeb481ad6dd384;;;;;;
f89c5c8940164bf61d41780ac59594cf;;;;;;
9ffa3ce080d5b256abb6fb4eb68060eb;;;;;;
d23e72ff14e4c0d0da004c850e84f9df;;;;;;
e0237a3463bf1445146e54b64f4e6d60;;;;;;
7f85cf84c8fc961b60e4605b4e0c702d;;;;;;
3898ec5b90df8a0c0c87c68e0b54b40f;;;;;;
445b67e9ea774c1cdb7586e4d75d481c;;;;;;
8ea45b9e1c4823a6a892c1aa0c687f2f;;;;;;
7b5fb7b977a25ba5fd6715efeb8a1d8e;;;;;;
7151b1f2bd833cc067d38428269d8b25;;;;;;
0c22f01970fe89af895de7e7a4cb03a6;;;;;;
fb8b23441ec68c46384c49dd9c727262;;;;;;
9a8e27ead4de3593043bf33658f8cae4;;;;;;
bce282790d37c6c2744daf95a302aedc;;;;;;
e89d29d67db4e412e3819cb683a95bf9;;;;;;
44d20d726996fb8ab3b663d483e47f60;;;;;;
d57ea5947d49ccc9a14d6e1da1ed5c93;;;;;;
00a8009dfd151767f56a2e4f8552a466;;;;;;
6fb073bc8b5750af4724d1a236649334;;;;;;
58bc70ff4e516dec39d5072bdc2aac26;;;;;;
1e4987c1d8726fde28884af1b8308cb9;;;;;;
16d0d7643a4e1dd68b4ed5c2ea8ac367;;;;;;
a221f3fa61c6f6546184860321e6ee5a;;;;;;
194ce91085debfd4d913343b2bc0b252;;;;;;
d4c711a269e1a6a90d21e3470d014a22;;;;;;
9045b092bc3c2800a6a596bb9f660a91;;;;;;
b2804168ca3b5d9b5879b01ef1cc407b;;;;;;
8ee10cb6e9123c604e7e19d3b072bede;;;;;;
d365fd56eea7d69cd4e80dda011897b3;;;;;;
e9f67dd0c9c255c00ed60c62f064a195;;;;;;
a0bb9e893a009336fd5433dcc23c4f4e;;;;;;
3d3591429de73ac8e7c356c7eb6f1a79;;;;;;
2e5c180c3210bf284386195cfa953956;;;;;;
9d3b9ca6ebddc1f95660d406fb809ee6;;;;;;
2936326b735e11619ca86cc11777e6a8;;;;;;
4f48589c97f90eb16d9c7e37024ddacb;;;;;;
7668f45e0bcf85bc2fc2f01c4d937302;;;;;;
c8862ecaf0e367c16cd4ebf686b4ba52;;;;;;
779bb109cae41002170e3bc0139e3b51;;;;;;
d8834202c08d0268dcc320d9c346158c;;;;;;
2b3026a8297154d3cc91fbd7b5cb7fc3;;;;;;
ac8a81a76dde7d436b905c4ddc15bd7f;;;;;;
e6c18ef694062224a2546e23d869e912;;;;;;
edb96dfed5b334132e45c5fdc45df45a;;;;;;
24ce6b69adc41c6b8f0c1042d5592034;;;;;;
98923f1690fa359080bf413e12c30060;;;;;;
8021aa1cca25150099beaed8b6723aaa;;;;;;
b2d0550bb08fac8913a4eed622f996c6;;;;;;
b51c30a96bdc6cc2b4fa4afe0ceec3f4;;;;;;
a2c82ba90ac4e56779a67a34ab4b3072;;;;;;
dcfa6543c4de221d18d947877aa761a5;;;;;;
2f2387e02b773dda3e4bfa49dd92328f;;;;;;
828f77ef5013d8e3c16d11370fe9d991;;;;;;
9741c6f2d56895c3dd1dc5b5ff3239f9;;;;;;
4ed2976dcecfabde05ece8319ff976c8;;;;;;
6961a3d2de5e5f3311a935263fd30222;;;;;;
b23ead8a0ad665c245ca947bfb63028b;;;;;;
74d1608ab34d48b2c078a4eaa895fb43;;;;;;
628c1756c86c9eaedeb13c02e1487408;;;;;;
67ae5ff8bfb38c22764c8fd56fdce752;;;;;;
35621c226088efd3dc58d1d09101e046;;;;;;
e9221e5c2899a8627ed5af04ce977bba;;;;;;
80b4f9bbea15170fcca805533ce6dafd;;;;;;
fd087278baf5e1183a185c12927af1d9;;;;;;
a1e9737448d43088e6e43a69e5cd263b;;;;;;
05544c0b90b5decf49da3121374bd454;;;;;;
4eba8cabc2f75aa49c2baa3fb55afe9a;;;;;;
e3d77deda1463f68b512d653c9f2c5a9;;;;;;
64e18fa6f2958d10d007623d3d418f22;;;;;;
f8d989ffe187f20da2520db7bc315533;;;;;;
da6cc9fc06616ceba0608e6716eb5600;;;;;;
ccf238820aa020ac2a695d20423f5846;;;;;;
0b813552aebba1234073e4208fb98786;;;;;;
50680a1fdcd43fdc4f1314529f3d58a7;;;;;;
a8430310673affd62db56a0c691f4d79;;;;;;
4e691ca6f674429f7afb010af516e37e;;;;;;
ff5296d896e22e23bf330c1ffb33e86a;;;;;;
d8ee65c34d90e90d94a921f7608621f1;;;;;;
22908f20e159808b4870eddbbcb80a4a;;;;;;
46dd1d029edcd26e4c633162e957e4a8;;;;;;
ceeb099cee474185d49142c95240b70c;;;;;;
f802c887acc2b8918e70921e10eebf6c;;;;;;
91d8a90a3b275592701da9bf24192eda;;;;;;
887865e659e2c01da44eda8465a74076;;;;;;
422d2bc29f69923371b7cbcb677a9991;;;;;;
5231107c2cc2ddf8e94f78e6c7701cef;;;;;;
d9bf8a990608d6ea4470ff803b015bcf;;;;;;
114b32da6e41d4f31a077b4d2f219bf8;;;;;;
049f3c7137b742082419bc63658788c5;;;;;;
38666f42e608c29e3a57f858ebb542f4;;;;;;
b2ec026ad1d760ab51afafbff8554d4e;;;;;;
fbe0c346059fc80453dba1950434ca0c;;;;;;
cf7fcabb5e557cb6a92d9c0bdfd960ea;;;;;;
62c0f41a5d14af23608fefbe0633d885;;;;;;
64e9cb81c692d54dd565f12d915e81fe;;;;;;
f7ba030c182daa2c05d034f11512efb0;;;;;;
a2bc4ee93fdcb9ede52e20a359156b7b;;;;;;
c8aafab8587bb207d281341a2a586f80;;;;;;
5cb5406713bd190464aa04dafbb0bcd0;;;;;;
846cce60fda0191a4be6bfd5e565143c;;;;;;
7622854518409c4ba1a8cf58c3a3888a;;;;;;
bb0d9faac23b84ac09f5b5c53f8f03eb;;;;;;
638f48112729f719b00580a427f8e99e;;;;;;
94aa429aa9c00eb8b93bdcbc0b6addce;;;;;;
7f08b30c609fa4604b7680f8964fa19a;;;;;;
b051536f4b27a12b5d7e80c260869366;;;;;;
105630be0e61b7871a8c5c6aad07ae40;;;;;;
05d42533132659d90d50432497ab8aab;;;;;;
25394515b61d50efa9c29bec28392ee7;;;;;;
bb16291ff3f71f0a0edf1ba52232c5a9;;;;;;
d212bd5d18ce2d2ca15fdfa314a6fc33;;;;;;
139e7bf4e13e7930062f564b4612bad0;;;;;;
2ae2d72abbc7a28dfee775a1d895e0d5;;;;;;
6089af745806f04c75086a41fddc2595;;;;;;
1d4d19ee888246a88f6f4bf054753e2c;;;;;;
a7e5e81c50533a3ffd6c83eec1fcb4c7;;;;;;
c9599e460c23532661474b26878ecb64;;;;;;
7b29c0ba1793a0ef2d067a519073db4a;;;;;;
2eea24c0cd7e771c793344d86bb80f91;;;;;;
6a4cec503ea7a085d2b8c8e4a61c336a;;;;;;
0c7cb04ff967e56b545dc869e3fce4e7;;;;;;
b91bd35a78fc17eac3b4c89357e5759d;;;;;;
bd611a21256ecd475508fa3965d0c851;;;;;;
14c045a3080dd49f69cf922253bdfa5b;;;;;;
378703266d1405b40c2c1421829d0168;;;;;;
f599264cf0f73460e4b4207dee62dd2c;;;;;;
7e291569cdedbbaa367331f27f6d8cb7;;;;;;
2a45a75ddb5b6ef9fb36717b05dab1bd;;;;;;
a02d041e228be8e97bf5d0b663f328dd;;;;;;
8cc9dc8e9d8c96c206ae2d6869906c9f;;;;;;
d96ec5aa618842e1bd8100c8259b0dbd;;;;;;
43d019f5461cfafc3dfd9bfdc91c7893;;;;;;
be9197413b97b9f5d10ebcd37d74f794;;;;;;
a92ac23c5c6660d6f9fb58db0a81be48;;;;;;
6e453d49cad28b36219a796951ea3854;;;;;;
ad6a76880a2515a0d0c2a6f49577fb44;;;;;;
a09a0a1a88c9af7b08012a7af0b9090f;;;;;;
3b6cfbe052e687ce3dc8d2d156919f52;;;;;;
885745bc198acaf051102982a5b9ba27;;;;;;
6f3857cd9d27022fb06ae9c9c2ba8f72;;;;;;
098d90021934f6755a676a12c6106a08;;;;;;
82a3daad3f01e0e1227a5acbbd8950e5;;;;;;
4d2504e2d041cced68896122fdd202b0;;;;;;
a345cc1e3904e98efe32da73fac14b0b;;;;;;
d4d58f88d1bf6dc1a177990c1b25d59b;;;;;;
b507a4ccc43a8033ac767fd9eced2188;;;;;;
6777ee346d149992c0f303e6923f4b68;;;;;;
48492262aba9f78da3eab0f43ba1e3ac;;;;;;
62b9d727c7d37e49efd81b71c3a7da79;;;;;;
53c631cd977d663c7518f8b874efb4db;;;;;;
fd183ae5481db949b93595c8f83df2f6;;;;;;
04b87f5ab9661677a23bd8ffa7179193;;;;;;
9bd5efca21ad6bec5991f72632fd06c1;;;;;;
eec3f01ec6c00319da66d3a833a14e2d;;;;;;
0b402181d03091d2723aec8fef216e50;;;;;;
c60bda9c2406b0153c6c24c10f9876aa;;;;;;
16aef33a936b19ebe8a31c5c9e1c5212;;;;;;
d335dd4c53dc2d49e09df990e5704004;;;;;;
db5b0f83cab8e790d89dd41791eb8192;;;;;;
5ee8a6527ed745631a95bfe3fb0cd15a;;;;;;
a8c6996e2d3c4fef3add701cc172210a;;;;;;
d4d9d669b13ad09ad027f9f6fa32a02f;;;;;;
54ccd135e84ffc0391f984a625819826;;;;;;
67ef924314ea378b94c89cc0913bec31;;;;;;
764dd9c5624a27124bccc1131d2a2604;;;;;;
83a32afabc498bf565d56a8357ab5cee;;;;;;
c05adab9676d7cd2db96b0b56072a85f;;;;;;
72768f94f58be217d2c2330f1fa68613;;;;;;
59150d9d22953f22fcb4309a12f2a405;;;;;;
cc00f2fb49f7d43b28e11b9731d00876;;;;;;
7cf916696a2a77fc040c3a9caa8433b4;;;;;;
9fe38e8b191e06da94e9e010b1a41e75;;;;;;
7c9424b9f5c01ff4a1f9f0c736e2ee05;;;;;;
619883029a4dde247c23c93edd382b9d;;;;;;
3344a27b416c66feffa171be8eedc4ba;;;;;;
d2f36d68f1c7c7892e5a53ac5ac327bd;;;;;;
d384719ccd9efef0a67f2d8f01c5ff1c;;;;;;
395f7c290671145056fd657fe62965e3;;;;;;
ede3af75a421d252cb92f57ff1393004;;;;;;
04f23fc8aece473536faeb06c854b723;;;;;;
7378f8692af464205d6bf40e37631bc0;;;;;;
2f1b2a1c709777595c336976ac7c10d6;;;;;;
44b6cfb2baaf908315165060f5136ffa;;;;;;
5b317e04655938619b033022e21d4c85;;;;;;
1293a430e4bfaaecd2051f41f8624be9;;;;;;
f2fa7a6e08e1a4bb0715e3ff2540a28a;;;;;;
f676c8b3ae8a64a7f2ab60b2228a0f42;;;;;;
6a15c3ed2ed4002a7db95dff0de115e5;;;;;;
a5984d6a19fc1ded95bccd0a4eec7e66;;;;;;
634150ce22c4d39c27d2967586e28a11;;;;;;
daa688f9ae903a88db75f97a0f61ee03;;;;;;
7c3634ebf90ae5e583b64a50b5017c04;;;;;;
2a321471711f38211ce2305cdc0d0bab;;;;;;
cac8e6ed0f2d72e99fa8e75acf94e590;;;;;;
e3da29c18ca45ddba608679684a5d9c8;;;;;;
895031514fc0bf34eda4c15ff6648dfb;;;;;;
9792a243c4b2faa505d85764afd4cf82;;;;;;
96597a6275b4466c014577e239cdbab5;;;;;;
6888d2d03506f487b206b74f28371cd5;;;;;;
2a144b045e79e67aa0be2b8b0ad64276;;;;;;
7f214b8bb880c3b0534f7b82db92cb49;;;;;;
668d37539ed1e9f44b80e529a370a07a;;;;;;
a5d1cf7f1b8a587650f743a04ca05248;;;;;;
ccba4ce9e32d28d3c5c526adaf81509b;;;;;;
a49d9c15fa375ccff1c7b9762e26fb9a;;;;;;
c1e5d445853fe5c9540d2fc4ef9162f0;;;;;;
4d63a5a5d65362058cdc96db4e2d4e21;;;;;;
606c69d11855fb44ccf6e72a084b45f5;;;;;;
637a33d21ab496a29debda5e83e81b5d;;;;;;
9ae07cec5fe36d289972436b9316bb52;;;;;;
428b87b5a28bf677e82689544cff41e7;;;;;;
586490f573c01ac6700cbcd6beabef82;;;;;;
6e37926810038108b83f3b686bae212f;;;;;;
4610c73989f03f1b031f5b19c0da1f47;;;;;;
20f45c80351ab09e1f441c0e700b6c33;;;;;;
96af43d494925f457a84455dba5a85f1;;;;;;
6bcd2d8a250f1ac5f3a38fa370df6f75;;;;;;
5b9621d5653b33d651afe5cbed2ba2ea;;;;;;
ebf45378757bffc4462844585ac5c20f;;;;;;
a5a733c333a0daf99f0102540a51d8b5;;;;;;
4dbd151a01f5603be7666e6727deaa77;;;;;;
aa15734365b4c42f33bec04d63f5e3bd;;;;;;
ad75f8c248de793e475f88b4bcdd8eb3;;;;;;
8c35ab9a7b0f301fe1060f01e63c8d63;;;;;;
13aa63c4e316dc4dcc520aec5d521d6b;;;;;;
4bde821b8566ca104aaf0993c16a9cc1;;;;;;
aeac71de6101ebfb975d954ad01e6c38;;;;;;
d503558d25dcf8ece86129effea07baa;;;;;;
8973f207e30b1659391163aea5eea0e3;;;;;;
cbf85af62fe312e1a0b131173fba9928;;;;;;
cccd43b5cd247f5c4c46109a440f0077;;;;;;
a787f634b97215ab88750e53ab6a1405;;;;;;
79de75e852a29ed1cfcd269225864b6e;;;;;;
b884eddd4ac52440fef185b74d591c93;;;;;;
591c45a9fa1577c610ebddc53b45c3b6;;;;;;
ddd2775987033e35b53d8d116933ffff;;;;;;
6ea26cc3f4ac2a9ed319b73c8d5ce2fe;;;;;;
96718f9333d7ab19ba7c2c6b89e7aa04;;;;;;
4cd58cd9822c06fbc2dc8c36f5c72d7e;;;;;;
d799a96eb1c91adfebf5ceaad60df79f;;;;;;
7067688956715d01d651022092b548b8;;;;;;
0f56962f231bc9c03a09a2de08e40e37;;;;;;
70c9ff64a0509c9e4590e6d761480280;;;;;;
4935c44a5a38ca5617a69c578f3c5c7c;;;;;;
be72fcb7594c7b3e8fdef1e5a190160e;;;;;;
07bdbabb49d732e9fa5e0fa4350d8f44;;;;;;
9a2dfc9f2ee3d1e55d11614e5f3f292d;;;;;;
39931fd7ba9ef1828d544ccb76b2ad85;;;;;;
bd7694627dd20bc47d428cc254d76605;;;;;;
4a93f2a8f0842d83e9d700c9db4daf03;;;;;;
ed8f8bc148a2895c0a2adf750891a706;;;;;;
948fff4c82df58b873e09e2de846af7d;;;;;;
bfdc86e647c53aaf3ba152c51240bfc7;;;;;;
def80635127a6adc03bab0e4a19a23e7;;;;;;
75aec778f37ee9520eccc61145005384;;;;;;
e7f3dec6baf4327fd3c031207001534e;;;;;;
11290f7641864e444b8283141dd0b46c;;;;;;
4acdaf769d802e10a833a7ade50d0836;;;;;;
3c627efd06240396ebf6f3452f28edf0;;;;;;
778c44b0a953f1928a61100e49c1d43d;;;;;;
47ebb5c935dfc266923f84ec59a72c3d;;;;;;
2b95dc54f1d36ec4ab4d4da5c06d2dc6;;;;;;
a6f61db0b060c31885c818056ec6a9ec;;;;;;
d16fc6fa21f92e0aba5fa3b9b90c13de;;;;;;
9861261af2d5d64f44bbac4de9205e20;;;;;;
d763865c2f44a7ec8968e5150f32c36e;;;;;;
3d0eae4e5ea8953e01340c292ac90faa;;;;;;
27dd914a3ae031f06c2c4263cb8bf86a;;;;;;
390796309fec87f98c9eab78d99ceb97;;;;;;
3b6604ac64326456f155d19b37f99d0d;;;;;;
fb36ffe409802f2c5d2aa176ba4d09f8;;;;;;
04c1193d87fcfd4a8531fa5632cef36b;;;;;;
890e6e35cea7f2217f76ed3fc841dda8;;;;;;
0d9a0750fb62fe087fe45294affe41a3;;;;;;
c83d963d3fa450875d5aeb4c115e980c;;;;;;
2c13755a16462fb470cb9eea70844c00;;;;;;
f6662e6ab44c090d47af6190b415a7ec;;;;;;
fe96fec3e36e8100403278d4b9a89c62;;;;;;
ee9888758bb62f1205a43ea91a80fb7f;;;;;;
3cad6b0efe8278d2c2bee742e3e8c231;;;;;;
67c7bdfb83fd5c1199bd759f07d6e005;;;;;;
67d1f1e98382407a3eb091b794d2b672;;;;;;
bbf0e1821293137408731f759285348b;;;;;;
0a5c4fc09a2442b02f0c15dcbaaa1259;;;;;;
0933df27db07ba66c8338771e46af07c;;;;;;
9a36ef5aaec6b5e74b9b2637fada3de5;;;;;;
6a2f21b0f1a15e445cd93884d64a4fb8;;;;;;
a8c770e0579a78cb400f9725925a9d99;;;;;;
f889f39b097516dee1441f29901715ce;;;;;;
c75ff99dd069fc5cd98dcdb4d3be5530;;;;;;
6b9dca3bd7d0fde345de0dfdf4d74aea;;;;;;
aeac7bee5096e9add7ebd002685c39cf;;;;;;
061747802d589da1dec2ef8e7919a60c;;;;;;
2f4eef46bdab5fd93450a02054a9a355;;;;;;
dc46903de6c73f3fd2550d74a08d66fa;;;;;;
624867f16149b1151d1659fdec893540;;;;;;
0cef20e6c83c40d50126049e3a91a259;;;;;;
2e1598e0bdc8bb393a9f9262a5c145f6;;;;;;
64ca3462f315e99a6762aaa2ecc7552f;;;;;;
fb5532b87c0810e4999aadcbd1a8f7df;;;;;;
4676860126289a073f661dc4dd145ff7;;;;;;
3d84b5bde084384b8ebac511d4a98f5a;;;;;;
a3e2f1f24b0c30d390bd03e43861a038;;;;;;
5e2cedc66bff4392bf1e902145a018a3;;;;;;
78f4d519f5f593c03e5794a8f9f7f9e0;;;;;;
c93f69fed2acdc80842f7271f09c1fd3;;;;;;
80a312f4c4c92ef6a706c8126817dac0;;;;;;
87bde23b63bb6b58ba2f7a29d1cc119b;;;;;;
80e188c961df8496ae475b69dc1e355c;;;;;;
5cd08388e7cabe4840d2fd3ab886c8dc;;;;;;
36d9618153f16942bb71067755bfdae5;;;;;;
3ac2a77ceeb9711bd1d05a62747448ec;;;;;;
fd8ebdabaaf05120522a6727a41342b8;;;;;;
872b2c90992f5dd3b9e081271757f623;;;;;;
f320e96c6478f8c783a5b3ad739652c1;;;;;;
74d4e31fc24260c59d7830241a7f02ba;;;;;;
00acb2f4fb7cd78f774f41a9696426f5;;;;;;
d6a7769d1a29875a84b25052acc1483f;;;;;;
58ec41b89598c0877372fcad8e601f86;;;;;;
96046bde2c7ae15295c64cc36e9b0797;;;;;;
8cd713ddbeadb28a9d24b68b44c48531;;;;;;
a1f8be64ce248855ce88acba789b1b9f;;;;;;
56d4627e6ceaddad57957dec8987fe59;;;;;;
287687e841e8ac7cda652cdcdfcbec15;;;;;;
d5c00bbadebf4aec5d9dcbab1f845405;;;;;;
6dfded9bcc31ef8c0f8a3896b8c06533;;;;;;
dfe2feb5a40a5efbe347844b564c6e53;;;;;;
ab3e4c9d5d3281e6933ff02ca3d85e13;;;;;;
95ed5cfc2eea825df686d86b1278450e;;;;;;
d0a614f0ae0721098db8146202f82f67;;;;;;
6fbf66746fb2dd8251eba087467aed39;;;;;;
fb70b3110a0e613d2ff3dc593f8990c5;;;;;;
78ede75e78b1fd92c657b4db7afbe8b5;;;;;;
a27784995fcee8603de0a170a9ce24a4;;;;;;
50fadbab16213194cd83bfa53b90bc74;;;;;;
6b50180b3575a7c52a8998f399f7808d;;;;;;
1fd3fbac2d4b9b870b0dffc81a230f7d;;;;;;
7c64bf6269491e7d3c0d265deb54cff2;;;;;;
278f3eabfd54d824afcd970ca3fba9d3;;;;;;
19e6765e94c791fa7df6f7f947516819;;;;;;
b0a54d7ea93211dbf96286d379a54528;;;;;;
afb8e0ac1c92c5357f99976a52e63a55;;;;;;
51dd3c9b98780b7be6ad89d0ed86dcf7;;;;;;
1f0bae1a4489539a4b042fe908df9cdf;;;;;;
5da3bb60b36a2de6933155b0fd860007;;;;;;
e89e7e68bf3d316fb4735dbfc21bccb1;;;;;;
79406b32ed763ed5e56f74dd74febbcb;;;;;;
e3465611c74c5c9cf93c8fcef27e0c97;;;;;;
6baf588184f19540e4b0475f75913615;;;;;;
9271bfe4adbcf458d77fe6cd166839fc;;;;;;
e3ff63dd7876c2a1dc6e322191ae7ae7;;;;;;
fb80f043d2bec92dad93d11a149a7b13;;;;;;
a6093f6b33156b52bb2b4baa5952dd2b;;;;;;
c3556fd2fa3a59de9220d90c6743808d;;;;;;
3e85d2b4b816af74e971a551530fcdec;;;;;;
7ced4b012c9674ff20ee89f52ce5fa98;;;;;;
c480873218b8ee21c0a894508642b1d5;;;;;;
718cfb9a31754c3451d11f6a0e7cbca6;;;;;;
def210660447e333cf7f00ae3fa25ba7;;;;;;
6d9b3329e86f02f763c99db5fc9b09a6;;;;;;
254c9c9d75001f55450f3318c94fb313;;;;;;
7eafb8dd2383979f2790f5a1bcd6856e;;;;;;
8e7ce2c42cdffe812a7efadcaca01716;;;;;;
7704c8e79bdb099926d73be8f9ee811f;;;;;;
36e89143c0fe1a4a57a68a095750be85;;;;;;
efdf7b4e60bf4637e1d79747f59fedad;;;;;;
4620e3ba643346cfec96b9f1fdecce21;;;;;;
5fe3eb6913adc3352767158314ecad63;;;;;;
fc90c1d636bbb076ff855192aeb08585;;;;;;
4312a900d8e221f225eb5e3780dbb27d;;;;;;
fdd90fc2aea5a29390eeb8feb8dc64cb;;;;;;
f90fd0bbbddd60490acf37833b930896;;;;;;
02ee97a94525b508d6ddedb0f5585b0f;;;;;;
bb447a6f169f56f18a66d841b07b86da;;;;;;
c7cd3435587ff6eed73c0ed2ddacb0cd;;;;;;
2eab91c6d98ebe21943679e2a1d02a95;;;;;;
b58ca0fe406fdb4328441b13d8cd1c2b;;;;;;
a5b1afc9ad38d3cb27e36be927e5811d;;;;;;
683fcb4306a6eae1233c43a972f8dfe0;;;;;;
489971352d56ed21f5fe033f26b1eedb;;;;;;
39408bc12cd1c67a74acaafc2c4f255e;;;;;;
66685033f7855343607f1de0fc1d1c9f;;;;;;
3d0e7d795a949d9916e8cf4bf73e31be;;;;;;
b08fb5283f8eac89151fea39816b1cea;;;;;;
8c359c63d72f91129092619f5f739ac7;;;;;;
2ebb5de41f233e0bb51ad3bfa89294f4;;;;;;
fa91dfab12532f5810de0c795152db87;;;;;;
2780279a58b9fb919f1723550bff0f88;;;;;;
cbbd869e8da7bf89f8cdee27bde91de0;;;;;;
25375f0edf754d006a25906e2c484cca;;;;;;
7ad01eb7935fa5cbd598fd10164861cf;;;;;;
8d62bda5872f9e43214afb4472c0069a;;;;;;
83d5d69ae3e3d8a25874c54c9a07a040;;;;;;
4aae6df0a37c92cc14e448f3cdcb03c9;;;;;;
47a5ca87502811a32e7226bb31808cd5;;;;;;
fceed13fc272663cbe463d3a3b719af9;;;;;;
fb1f81ffa375e7a64677e0ec7bbf6d52;;;;;;
cbe43d4bf7edcb9af7c9019135bef299;;;;;;
d075a0958087beab1c0d9e2a899a93a8;;;;;;
1b6d2c4cd460b32cf8e4121748979690;;;;;;
0647b661a491302e0e3a500af41dccdd;;;;;;
2056bdaf74705121223a9d9bf6ead003;;;;;;
43c89a691e8e16704de68cbe3621108c;;;;;;
bc719a3301e1161394d62c24b2f55c20;;;;;;
682e067f80dbb89c5dc98d780a78fa95;;;;;;
e8d6a7c3daf0a107e6f65dcba89497a1;;;;;;
86034c3bded73de8fd5955317f246578;;;;;;
43b32f46f93b4436174cc2859f907da0;;;;;;
01be424fbfdac119bf53b8586e7aab8a;;;;;;
11735878396d967fcebb33dc2c26050a;;;;;;
8e98a75a4429aaeab2972b601b1e0973;;;;;;
783f6baf43c1707f49071bebdc9545a3;;;;;;
bffab33e96d31ff9e58420b7df6b5916;;;;;;
297fd96314fa607fc418ab3a8d6108ae;;;;;;
70e65d1fa63f6acbbf13740e14686b7c;;;;;;
de597bed99662d05d32da3a9e7574f30;;;;;;
b767c6239ec72ea8afa6ad147c894b92;;;;;;
ef00af65aff8ff903da618fd4bc658d4;;;;;;
59cd1f63494446add9630bce54585402;;;;;;
b26f2886d20566e645242ec62b06ab4c;;;;;;
a500850fb7e5daa192b79553c3681203;;;;;;
d3eac1b51492f6a33d52e2f8bd0326d4;;;;;;
6d3eb336d0a0f8f1b142c5451216e770;;;;;;
9a95f969fded7fea6d9ef00f1b4c93e8;;;;;;
92dcf8fb8319bae01a8aad83607e77d6;;;;;;
b2f211d5595d17c5181bd3465b37883b;;;;;;
b1a04a9066bc930df983721aaefa08a3;;;;;;
6bec77a2487902677c361887fde10847;;;;;;
8089a8721aff01e01b2784694fe8fcf0;;;;;;
4b1e087eb6ccad9989cae770e99ebb56;;;;;;
87db3662a131fafd637299dfa9623258;;;;;;
8548d8042df8ad6cc40fec1a8ff00b13;;;;;;
b8ec0bcdd45b59e193005c99bc5eeb80;;;;;;
224332431bb7a3e1e143fc385804cf30;;;;;;
de09865d6f46d4e6edb662a957cfc319;;;;;;
9fe3df46da1cb30a1e7440647b09551b;;;;;;
d6aa2d11b8e1565dee7561622e158754;;;;;;
382ab07ecb2cad51778282fbff176665;;;;;;
dc2965ce0d3886c07d4e3cc6697d855c;;;;;;
a92c36f493ada3352f31b5e3a34f4864;;;;;;
f5d247794a4259c7a9b4b3cfbbcb9a25;;;;;;
b5e8317068c891007d4278116fc88c55;;;;;;
df904da16d49a5662d027792dd643ecc;;;;;;
ecfdeb51496159c4ba1fa292621e1a0e;;;;;;
e5649294ea6c488911667d4aed9334e1;;;;;;
3e8c9019e21835ec1a18710c5e90ea04;;;;;;
47637719f475ec2e736060ac5c8f01f5;;;;;;
e4ecf8b28dd621201c6a92143862357f;;;;;;
049bc3eace9e75750e9642538f797d7e;;;;;;
814816bec0a6a7306db0ea087857a09b;;;;;;
9b36dcf3454aef02c0721c8b9c6988da;;;;;;
1ee2cef1fc6a5fe74c5eb85f3e07b8dc;;;;;;
e0f1114087db68f6cd65d3ecd5679e68;;;;;;
7e5656dbe7a3e069a8a6101c70ff9455;;;;;;
04b452f36ce6c34f6ef055731f188c15;;;;;;
1ad54f14d8a64dad04853fda43591182;;;;;;
cca0b830ca5f232f7736255a2e37e4ec;;;;;;
a6d396c9074ff262b194b35d71084b2f;;;;;;
ce207955d1d63b2d631f60b66d6965f8;;;;;;
45365622993732f419ff2c4493db1607;;;;;;
df8cf2753c6dd48766c3781b937d6a43;;;;;;
26a7c51a8af8f5567908d1fe39dca724;;;;;;
863011d224e5098b6aac6c9aa22ff844;;;;;;
071d94480e7a3120234bbdb947165718;;;;;;
e79d17ddde76248f870399e54b3703fc;;;;;;
751d8f34c42f31e27b2f56d1426c02f8;;;;;;
77c287329f3ec6dc2f3709e6b8245a0c;;;;;;
25da4b8c54d115a7a833da3d14173c9d;;;;;;
41a941657a32ab891d05519c9dd5dc81;;;;;;
008efd8ab4557f1870782ff8e9ece638;;;;;;
e011998ea935f1900d8b05e578320b67;;;;;;
899e3863771f0578b0f65916e2783496;;;;;;
68046d03827eeade476314bd93dee471;;;;;;
f5c9647f9e23542709c61118c5390e29;;;;;;
c0e7a0b00376f72b2e58b91d29295a0a;;;;;;
7a1bc8910548c393478d823542076b45;;;;;;
87b017d4fe7386cb9c7a5a9d3d7254b1;;;;;;
564821c6d5ed83c3e66b22f7f4e15bf0;;;;;;
26e7c8d58a443f62feba223390bf8e73;;;;;;
55cc51af6b585e85628424a7cc7fcd13;;;;;;
3fab143bb1f9d735cc91da942cb0fe38;;;;;;
6460189922b8713e1b34b2a9fbc297a7;;;;;;
629397c095cda626d17cc7df22911a04;;;;;;
175769cc2b2e3b75dea21d95af7ddd19;;;;;;
7957aa06220ae86458fbae2cf0b99221;;;;;;
0715f8d35a913179301aa12fbc346605;;;;;;
0937a91bd136d2250db5a53db23d26dc;;;;;;
1db30b65fa98a328e7e3204bf24e7aa8;;;;;;
33ef1093a9681b077d26711e11d758c3;;;;;;
2ef6cd28fa1cc438133b912b65be9524;;;;;;
281a265247cc77f2aee1e06d29f686c5;;;;;;
70dfd9f1e6fda4bb7248e5efc9ecf916;;;;;;
79e6a2783152271f55ac4d25d17db2c9;;;;;;
4ecc3229781481819a8d96221e299387;;;;;;
13900d2de8648733a3f56ae3d84dd56a;;;;;;
9fc854ca4a8bb768c7807e5028573a8d;;;;;;
151e073ba2080e86b57a0b2f4b576975;;;;;;
2a52187ee3f06ac14cd091f4d2dd9a29;;;;;;
a8c54c70e9bc1e718c9c7f084324fd84;;;;;;
5bb10b0a509230a067aef2bc69ec956d;;;;;;
dc7668ef0a924142b5dd234f5c004a3b;;;;;;
6ca4c69a79c4f069201b14ded35b5969;;;;;;
28fb622b4ea2e2dabd54073a768f18f7;;;;;;
8ed264ce0d7e7c7170d42f4165d49afd;;;;;;
ec0e05483babefad21351eeef76e1f9c;;;;;;
a127dea7c4c3dd773aa09ebc97e18dd6;;;;;;
9f3a0caacad8dcce76f4a9aee644006b;;;;;;
51d7f7a77b1219422b2bc43912bf70f1;;;;;;
a2b8b9aaebbfa8830c5ef03a56c07297;;;;;;
a8a3d0d3606f606b5722267644b856e1;;;;;;
80d2928609f31505b4402b22bc3e5bf2;;;;;;
fa46b8337417ab93c1f48b15f2aab46d;;;;;;
cdb9c5d7e561e546c9675d157e39aa34;;;;;;
66e45243f60b8a786796ea7364780fc6;;;;;;
d9231b5eec82ded689ef73f7c0714699;;;;;;
9bbcf361f9fd0587f4860d2c5e81aa35;;;;;;
4731d5c668f6674e37ac85c3830cab7e;;;;;;
b872fc6e93319d7ba03aa9abc4c48bd3;;;;;;
526ef4b29dbd1fcfc34654f74e17ead5;;;;;;
6b0954bf3d3240317946f35016f6546b;;;;;;
270a6781f4f6d06bc83ab6fa926797f1;;;;;;
a8d335d928baf9717d9dac0f4691d40e;;;;;;
d4efa2c92bc706ef7f5db0ae518d10c2;;;;;;
f7738a4aa731c2bf89d24bde783c49aa;;;;;;
2711ee0a8f38a51f270049ea5ea5dde2;;;;;;
f1a262930b879e7f82b0dc9ede0193b7;;;;;;
92c00758fa4549ccfef051084213b05a;;;;;;
fa3fb33b5826b3120223e8b6b5b38404;;;;;;
6fae07b3db51a8b1fc5f2acc087afb98;;;;;;
fe1a1e8a1412924949cd5ce37e59294c;;;;;;
b51d1ba594b5b6a3339b17b1e9cecfdb;;;;;;
b95d3fd69fed163ab69ce31dd550e07f;;;;;;
1ad99a065d6941b6674ff90b9e2a8e09;;;;;;
69b8bda88fee1428a03b53d37ecb9f6b;;;;;;
db1a42d6d8fa9c7e8cee1c204fe8cf7d;;;;;;
cd877a08ed2534705c320f1ba90d5fa0;;;;;;
6949125a0896ad931e4861700fff4af9;;;;;;
d28443f40b7070e92584ab0f5442ff02;;;;;;
4af51609b6957bc0776d0151e7b5c3aa;;;;;;
e99eef5cfece642428020e4230616b93;;;;;;
e5968d7671030b3e46e49396f22aa530;;;;;;
875c8dea560e66656cf3ea91871be1e3;;;;;;
c4bbec226a8e2c87822b600e4d50a819;;;;;;
e01abc1f7d78e82cdf25918652d08758;;;;;;
2a8153930913fd724eda7a1a1beac696;;;;;;
2978469d6972144b93533252309d448b;;;;;;
a0e58dbbb5faf61c1b45e3ca37ff5677;;;;;;
6a64aa4b9b1b0644fa61f0690e172ed0;;;;;;
5b7d0456bac0203b461ddf5d68787e27;;;;;;
01d645b90ec7cd98c47a35f4ccb34fff;;;;;;
e78b2cc9cb9039cc86b244ac2156c6a0;;;;;;
f4c170fb5f23fbfb9e14aa9425e1b594;;;;;;
a1ea99a8faea07efa329fe46f7910d08;;;;;;
b5318358d3843e155ca404aade5fdfa8;;;;;;
6439e1b4b08542042c8a5340a2ba02fb;;;;;;
c10d15d8600ce4bb58df3b1d367b1ec0;;;;;;
7fdb1afb9c174f033f2c48f05a2d71a3;;;;;;
026ae8ead800250c5caed24b7ac51caa;;;;;;
46b1249a44fb68f6dde7496a0ff1dd9e;;;;;;
48a40839edf92ba73f8b200ddada1db0;;;;;;
bed4570ba47e0ae2ced91c1717d1dc01;;;;;;
5e5ae8b7c665a1733836ec7d26bca493;;;;;;
4c24e4a86142532183bbe149d3246fbd;;;;;;
c70dcd1e5ff76a804ffbd5ac4a6a4260;;;;;;
21fb48bb30af44dce8e93b7acb59cf80;;;;;;
22ab6fb4c700c1be25c2c72577428abc;;;;;;
452ec7d73c354a5b3969b85682b9080b;;;;;;
3a11df949d121d840db615ea3b9a95ba;;;;;;
7dd9c871bf0e194b7efb8c5e5443add1;;;;;;
c979d71a05649a8fcece9653ab9dd12a;;;;;;
6ef3b1977683a7d8acd42bd3bd1974a5;;;;;;
a211932715b51c6390b1a8ed9bba11c0;;;;;;
afb4da0af1b2573effae0d093ac3e331;;;;;;
4a0c5267fa2e966a0e46bfdd4a0f7c58;;;;;;
b29de6906775c73a5e07e2cd77b5c5d7;;;;;;
2d8d85b57d32a3936c6fe6e33734bf31;;;;;;
15639ffa7910b3c1ee033e156c409300;;;;;;
9b0dcc9d4a38aa1701168068ad3ac8d3;;;;;;
59f17d4e5378e2f46234ae59acbafa85;;;;;;
1643fa599593f250d6e85edf09753120;;;;;;
217f50afe3eb1051ce687ce1a35eef0b;;;;;;
14e62df42b55463f8b524b309efa469c;;;;;;
1849ef832867d6f9fee301f81de0409d;;;;;;
8b7c03f356fa05bc9fe6a27d71c6e3bc;;;;;;
745b0be04749bc28c00b6e9c6f96530a;;;;;;
cc1d164374db1994704c73b0dd7a91d5;;;;;;
f83bc6dfa6e5a6e7b58577420c4e51e8;;;;;;
90619afc9736bee642d21bba9bb56af9;;;;;;
fa2c85e6d382099f41bbe09c75700515;;;;;;
bb7db43fef7c56482a7a06d3e148f77e;;;;;;
50c414b51f57ed58cbbeffdf0a02270f;;;;;;
147b27b3c17dd1c0263d2793fe5c86a9;;;;;;
4ccc5776b4eb29702ec5e8b403610741;;;;;;
34d4ff4781a5d9b19842faa265e1ad3e;;;;;;
5e4b44992fa68d841ca44e41d5fb0532;;;;;;
bff4308245947ef609bbdaeeed456c80;;;;;;
ae3f84788528468e11ae949ba841f887;;;;;;
b126c00d789df5101e674414e3c7b43e;;;;;;
75da5507a90809a40858cbd9e8b05f5e;;;;;;
56c3850f78de34b81c6ee91dd94fc18e;;;;;;
78b890f488913fb2f161fc8640eeaa48;;;;;;
2858dfe7491cb807469059d2b4db322b;;;;;;
60f99ae22f6e53940b3d75827e94be7e;;;;;;
5859fdac26ba00b1c692c5febad9b675;;;;;;
88f2d169a46b0808124174ae5d854688;;;;;;
4b954a370a69524cb4f31100caabb2e5;;;;;;
0e4bd66f240120cd07dc42e70126bdc1;;;;;;
5574644629c219d8dc44c8faa56f6f4a;;;;;;
7985f7fb44594ee1a0fef364d61f0669;;;;;;
5c343c809f6df8cbcf1afdaca1299d3f;;;;;;
4eca7f0a85398277445697b0580b60cd;;;;;;
377a2dc85e5cd3303aa23612365bdf47;;;;;;
4a3d74c282f2297b0be719b6bad83e24;;;;;;
a49d4bd490d69263c56b45851d78720e;;;;;;
e9dbbd885f05130a0eddcf289922c869;;;;;;
3193c2283cbd7773cfff65c08eee7717;;;;;;
d7b57a9a3f6b045336e9fa160675a23a;;;;;;
f113a6102680c16c07e78b78e7a6a74b;;;;;;
3c551255c908c0cb36c9cb6c0ad66915;;;;;;
7a7b764b9bd7a16b386c544faf9d3f53;;;;;;
07355109e87b1d077fc3e9acefd1ef76;;;;;;
96fc0b44c183140f0246c539dbd000d0;;;;;;
fd5d01fe4191330277d0bd83372a678b;;;;;;
be5bfc99dfb31ee04797d7b4314665f0;;;;;;
cde7fe7d6e377c6ab39dcc588ddaabb7;;;;;;
3e966dd3d09e161f9af86d99a780694e;;;;;;
5f7e13a85b7ded328d5659ead561227f;;;;;;
c1cf76621b3c6a5a807c7f2ad039f040;;;;;;
d38cfd87f62a2cc4284ac54f335ac55a;;;;;;
5d61006f9f091c9be62790a92c55eb7e;;;;;;
40dd847ec558af5a51c31c362cdb9cfa;;;;;;
ed8136bf37bf4b12c3dc7db9af80c0d6;;;;;;
4b07db09c460ea72d5f7021f82079edf;;;;;;
0a7d802fca18c2814e7c88b048855899;;;;;;
0801472af32181a792d44051295e58d5;;;;;;
b0f6c3135cb5d9b5393f4afbea57e4f4;;;;;;
8bdab277b75465afa1ac986289e0bcfd;;;;;;
036b4e2212efbb764404e6d9aff65ec1;;;;;;
c45fe2d63faf4be6ee9cc95aa29ec91e;;;;;;
ac5e13ba88b3f446c14a6172d7535f3a;;;;;;
5906009437fc8c89d06c3f4c88e2dd7a;;;;;;
e892c4f671b8bcf4dfe4ff61e4364763;;;;;;
0e3d36884c11349867e83021b833307f;;;;;;
4579f972b003bbef8c8ceb2238527f39;;;;;;
276ba3b4404231f1267bab8e57891e0b;;;;;;
6e6e46ee22b89a24aa4e31f1ba7452c8;;;;;;
334ee4382d9e5f561c5e364274938b4f;;;;;;
19c11c1811347c7a3ee0e537af1ea891;;;;;;
9cec6d1236a60b4dabd6bdc57c4ed694;;;;;;
72e1dfbdc73b49a04e509c2d65acb414;;;;;;
d44cb7afea93af43132385402c2ac881;;;;;;
6ec48c829f653fe613c25f8d32a58c04;;;;;;
c9dbf714573160229c3cafacd3efa47e;;;;;;
3799f43022b3c5505c1d22f1f4626a33;;;;;;
37dd986c9c74472b9b9951151e89f21d;;;;;;
8b8ed756d7fa5403c09de12a6ba2d318;;;;;;
359268a10bace61731b9cd8f50c10b1f;;;;;;
c432cde4d07f09bf81b13859b0677f27;;;;;;
489a366925656b4b81953e7ee604a8a2;;;;;;
dffa106094fe529e97d38c7ddfa976cf;;;;;;
5f30bd30d13a3813ad7fedde7d648612;;;;;;
3de75c1847953c27322558a9102034b5;;;;;;
886fedaac0e3c1532257e78963a82102;;;;;;
0093f4424be75408f24be5a011c8728c;;;;;;
6be78dc5ec946e6ef069891f26eb9841;;;;;;
1a394f67f99fbec85e87dd62552a7201;;;;;;
d33ba5352fb38588e53b592d4ff338a2;;;;;;
4e27414b77ae29f9051b74f0eef9805f;;;;;;
4db95125eb5998cbd2854cc36f5c97a5;;;;;;
70ce6dc559e201060995f7b86ff2eea5;;;;;;
d774af3026297817c70fb5cdc83f5090;;;;;;
80edb2ca336f912d2463f9b22a9a7489;;;;;;
e64e3be23c0621fb331e5b8d4d690379;;;;;;
efd547d95af737a0239f247de1bc53e9;;;;;;
bae8244e8c68b2608cd3a2b7d6ff61f6;;;;;;
4444b619766893200ee1b627acd9d585;;;;;;
66d6854b92fe77a9dd9a88aee1ea8981;;;;;;
cd9ff03ba18dbe5d131d691806c4b4b2;;;;;;
853643a8260e87b8e1251d8ad837fb38;;;;;;
67e2dcdca22812ec0b5f83e50067e76a;;;;;;
ee9db5679cbd7fb7c900f7b82936d585;;;;;;
8077a5216106bd5d68d26dcd09aaa0ac;;;;;;
d1623edc1f7819c9b25f5351d4b5c839;;;;;;
416ff868658048d9969619762c289763;;;;;;
b7cdd380d7b0d52bab43a90d1544b6c1;;;;;;
fdc777d8469b3f77c0c4e32da81b4609;;;;;;
7edc85141229f285865361844fff5473;;;;;;
3648f33ebc0a4521b88e3968128b91e4;;;;;;
fe59c320b600137c1ecfb96ead56db2b;;;;;;
5585f46803d635c4ff52c67099858145;;;;;;
cf7db9fd1306aa81bf38500324b47f4e;;;;;;
92ace50f4cdb30c85a47ded9bd64fe50;;;;;;
ce53c4edbc1c73903b6ed24fecc3a1f9;;;;;;
d6cf38d0fe6c46a91974f9f5216ad6a4;;;;;;
6807c9202e598df6f366dcf886e8c2fe;;;;;;
7382f1c35535799bc976c94b8e13cbc7;;;;;;
1049d11abd9fa76f3a2fef06739f2957;;;;;;
eb186f9df78c1d842dd99194b322cbf4;;;;;;
043c551f82213b8e2deac08edb8695ff;;;;;;
22c24610c3535c3d44c5b55f54b85adf;;;;;;
4f16dc744a6b764ea397bf2977df84ec;;;;;;
56bee3819a3a300a9f698d8460884148;;;;;;
c9677bb18496cc90345c74351086f9df;;;;;;
16801f3a0d8578b933b9f5fc838be0f0;;;;;;
8694802e9a94687377a233c1ebae0f9d;;;;;;
c605c0101236107120571dbd1bb850bc;;;;;;
cf82834609dc1ac33a925fa0a6ad9c6f;;;;;;
f6040e9653c5e0ec36cb0f0362152217;;;;;;
08dbb294c749ec5a336a1208c549c8d6;;;;;;
72a1c2f48fdae614062d11fe2816aac7;;;;;;
2cd8b150919ec7979140a78995e4ed33;;;;;;
0cea216aeefa06f07ad9153d7bcfebd7;;;;;;
9375be37cdb69339201de0c3b8cee90f;;;;;;
d8ae070e8d612057250d478f17535901;;;;;;
7da1c3e59a55881193f5e39499f2a309;;;;;;
9b73b0c9e3afec4f73766e22c09cbf85;;;;;;
d6e0c392c510e237b0ca90834beb70ef;;;;;;
15eb52b29b16041c77e9db7813065131;;;;;;
da133da5b6e03dbc3de61e4092635513;;;;;;
9b84f37785fdcea88b37c7936731c8ae;;;;;;
d8f95a0fbef6a78e62c9f768c8aa4756;;;;;;
53d89e6ed4902b75ce081c20a4f5093c;;;;;;
48b5e09a170399690b2e9aaec0e2a57c;;;;;;
00645277a46b08b1b036f5943391aec1;;;;;;
70fa277c9ea3ce7fa3ade00bfbcd292f;;;;;;
53b0e1d1270ae34ee3c8d494673baf79;;;;;;
b25354a10f2e417c1b7b416c2403c022;;;;;;
eafa3d52f5295f82846a348cf21da974;;;;;;
afbe2aa5e2b8b78f74499b548aae6638;;;;;;
d2d1c2c46df660f7b292a7f12822e0d4;;;;;;
c79222830373b86657045405d6b7bb73;;;;;;
4671644cf4a576ba5c6678efdf1d9beb;;;;;;
037eb7bba54b67e3606548f1c695f4e8;;;;;;
d91d4907f81fcb17f78b04d3381ae3fb;;;;;;
ea0c04925add8e400ede5a79ffccced3;;;;;;
089cbfa8dc6924307e9efa43d8b44f0c;;;;;;
f14f03d0276f95e21a7d03fca96c07f5;;;;;;
0e29d260c95e862926915541212dcd54;;;;;;
ab55630521d1dcd8e53a59f8394ec949;;;;;;
b5b64797cb447e233a0d4a3d72ef5412;;;;;;
735b4d465f4c432776fb99c8d1985525;;;;;;
a6bd266cfd7e4a95c2e36ea70ad7267d;;;;;;
33d6c71248d2232ff7f5a05c219ddfa8;;;;;;
e0028be4d011ae3a8a40af024ba58999;;;;;;
3e144187211153b5b1b3e952f2637ddd;;;;;;
38b17d4803388f36f782c560fa0198e2;;;;;;
f9d6debbaa666a3fbc6cee98f82668dd;;;;;;
0e3e2ca6fffe0298dd26b6d457713cdd;;;;;;
417db485bcc5df8f3802819ea809da65;;;;;;
0afa5ac8a98b0b819f2113da30f91efb;;;;;;
96eba71ae46deae3b253fcddc83c9c84;;;;;;
17c55d4f9a939fdde93e0171fb2558aa;;;;;;
e71e432b5a086c3c7da755edcde83788;;;;;;
df07403e89b7b6533688214af12ab37e;;;;;;
854b313efec8cb775fac0258569ed320;;;;;;
1d8863691a8f5d5539379a95f38dcb9d;;;;;;
b2b249c0cb8afbd5410ae51905bb5266;;;;;;
26fdfdd57f65ac47b2c087595c870877;;;;;;
f50acdf51f0438ca52981718de267517;;;;;;
da66aadc26b1c9ce024c4f6f2e909ddb;;;;;;
53464b4286a6e901a58ca077b8478eee;;;;;;
bcd2b667eec319e1d95459104865336a;;;;;;
79d727dcec41cf9e1bbf626ddd6e4f19;;;;;;
0b8621f17c1c0471c5d0494bf7731967;;;;;;
e2f15833856831793e5ef12bfdb9cea6;;;;;;
6bafa58c17f1fa78b416e16dd1d1f465;;;;;;
41a22434d102e728007b29bde8703483;;;;;;
3b5bfa95a76eeea2aa2d3c23d36cee28;;;;;;
856eee572751f15765ee12d2962f46b9;;;;;;
b5dc6c57447f6f478d2b03e44f296fb5;;;;;;
bdab55b535e4cffa30b1d45623033f49;;;;;;
bcb1e97fbaa86961c6e5a719235a617a;;;;;;
4d892f6e71b5f44f89432f46bc547b7d;;;;;;
85a8f43e13644467b23d960b2a60d38b;;;;;;
c87321e12ed1f498971a47cb86f2cc66;;;;;;
b9d2b315335e73d27875c664170d1efa;;;;;;
e8fd47b8b3ae08e0b222cf3f865b48c2;;;;;;
264fcc7f1e08823153d6fff4d69beeee;;;;;;
c36a4caf8a65c858f3ebb7123f632db8;;;;;;
256343258560bb57ed582bcd42014561;;;;;;
2845183002c663e1db249fa7109ba45f;;;;;;
ca3f0f166a02a852d7c6a73a20733003;;;;;;
97366df712b3aefa44312bb6020a73b3;;;;;;
51ff0d41c911379dad8e0d00ea50768c;;;;;;
40cc1eea6883c66a71c163ef05680213;;;;;;
de37b03760f3e30e01cfe93ba4935607;;;;;;
527a4b19c2f281e6a51ee4bff64ef569;;;;;;
1a4b917f0d2e06822464c9e1f8c3bdc1;;;;;;
bdb75bbf120a19aa31a825f6844bf833;;;;;;
5f21e16b8742e3b9eaffaca01dff74a6;;;;;;
8469857ce5d8d7dcdfea6c17df633761;;;;;;
c3cc37fa0d04ea43878007e4a24eaa9e;;;;;;
c8ef2adae4bc627de7e493b87e716029;;;;;;
bf4e9edeba8a2675cff99642a2bbb74c;;;;;;
c2dae9ac7afd96143d2f086f066baa0f;;;;;;
fe0da150a81ab6cac042cf155fd1ad93;;;;;;
c411d6872075ce2c1f45ef1ee2e6bd24;;;;;;
006d5e00bea982bb76722470a5e8080a;;;;;;
b60325384a56afcb12706b5119009d49;;;;;;
980cebf563142d20e3b64adb1d5427cd;;;;;;
f24e531bf7dba54d51959781583aca42;;;;;;
fa2fb4f4390b968cd421737bf2c0750d;;;;;;
948c5e0f05d54356c7452f5cf6b8be5d;;;;;;
9ad6aa2bddb2463b19c9564feed6eac0;;;;;;
01fb2addbed616c72c62c3d40ed87d43;;;;;;
20007821628b2c175e2a010adbf1cc51;;;;;;
52e636159384a84684a1c4eeeae7bff8;;;;;;
89edfc54a861ccc6d9a24e90a2f91eef;;;;;;
78d860f75087d432a71cee131b6fb522;;;;;;
5c037ebd2552de59ea2f041879bfefee;;;;;;
d0314313cdd202fb9ae18144fbab22b6;;;;;;
f309ded6652f21f620973f4edad71786;;;;;;
651ce0b5eb1b159dce6882b12c520a1a;;;;;;
443f84cabd348865d597df9adededc1a;;;;;;
7631989ae269b9aa804c3738c74e75c6;;;;;;
ef023ad8027c12b623055b2f8bcadc84;;;;;;
232122c02b506594f39498b105b22db3;;;;;;
0be8167d59507c32fd3183c1e75880a9;;;;;;
394671e48344811afe6419e12e50ed36;;;;;;
7a6d704b54d389ce96178a118f4043e3;;;;;;
3b762ecbcaf0cce2f22d65c77c195d8f;;;;;;
d48ee0f613780dad7aaf8e9427c44626;;;;;;
bca0038e6ea031b87a3378405e927235;;;;;;
3ba4ecd8a27e713b0ab37de22227d045;;;;;;
78b942b74a41d12b42aa6d62714789c1;;;;;;
c965dd0cd5bf24276690740ad006cd54;;;;;;
3253173fd3b99d2177f75473167dfeeb;;;;;;
47d4c11d09da6411f8a27ee655d798a9;;;;;;
621a956a0d207c40384c93524128824a;;;;;;
802975f9284edb35be5e2399b3b1c746;;;;;;
03c81cbeccf1a670be44a819e51187a8;;;;;;
ab5a1ea6ce3d33f8ae339d5e9c093055;;;;;;
f3ae7533180628d411d0a5a5ef5ff234;;;;;;
c0df7a81f3510af97cbb36453f8b723e;;;;;;
f507610c52282d371e2712c3b0979fe2;;;;;;
3f17191ef047f336069f8f24e285ec4c;;;;;;
26149a6960614bfaa4074900c54d5b39;;;;;;
dcaf6b446a328e0332049b44723939b2;;;;;;
69ceb3d08435c09c78f8b3c983d08f33;;;;;;
7790d6d66a348f47fa652aa9c4b23e8f;;;;;;
d39cf35a38966cdebf61cda2cefcf10c;;;;;;
e2af442b2dd18baf0277754b3076d415;;;;;;
5bcfaa191df8c810254348c58958210a;;;;;;
72adc2e732a9cda1401fcdab9ea80dab;;;;;;
ce31fe23ed632fe39be9c383e963c6c9;;;;;;
405c373e82a018da8e933c88d7b13e0c;;;;;;
7195c3cfca6a78f2d3bcd03eaf2b2565;;;;;;
7eb8b4ba09fa1ff0ffca4ae37c9ef1df;;;;;;
29335839d4c5d9c809c29f2fa8051a5a;;;;;;
2c1502ab6ecac3071a4ba854ff3ca91c;;;;;;
e95c811291519403155ecfdef7d47c07;;;;;;
5300d26d49a3859025e4aa6f6fb2eb92;;;;;;
473e8e1f23ab64c8e7ddd0770844851a;;;;;;
af89a81c98cfde69717a776fcb906099;;;;;;
33f2864f47e81d85df3e7d28aa703899;;;;;;
d857a2f5e1fa20f2258e13c5a9c594d4;;;;;;
9a38af4b7d0adfb5416a24fec35f7184;;;;;;
4cf4588a9080ef7914b4f16501ffb449;;;;;;
c499c99a77f01fed455ccdc2f4d41574;;;;;;
3cd069728b6d4b65fe87e466754fc1f8;;;;;;
bb3ff52a4eecd0e97031f3310d9180cf;;;;;;
aeb24c89bc9508ee141e6d680af60076;;;;;;
37343c09b47965f99584e1bbeda2261c;;;;;;
4b99ff8834e7da77b07f8a70e6654e6a;;;;;;
3fed6632eb797b1d37a4b40f6743d4f4;;;;;;
84daf031bce7e6e8da4fe3a689082304;;;;;;
3ae83331ca74f7ea6553128b11e69de9;;;;;;
9f767413e54cfec7277eb5473b52e696;;;;;;
3b7635619a95b2322d812f73e01c3ccb;;;;;;
0a42535ea228338fd86979d8c7cfb387;;;;;;
2e9d92987b429afc5d8e773bf3ab8b86;;;;;;
7a5e19dd633639cc3b829d52580da3b5;;;;;;
c3fc2bdce6211801682d0a10bf5c7cb8;;;;;;
27e7595d6333efe3dafae6f7d4b5c883;;;;;;
9f317063b51c8c5d763b44ce6df4ca56;;;;;;
8a0420e2f2b8a09d90aba0c3eb16b9fb;;;;;;
fd4ca93207ba85eaa2601817329efa76;;;;;;
be834a4b458380faaffd23e7ed95e505;;;;;;
928f258d8728a741c99825af4e8424de;;;;;;
8d9dc166975c2a5d00a62c0886138558;;;;;;
7a7b43f370d75b7bd70fe90b13aa063e;;;;;;
8af2d9d884e4527d71d72f6351a2eaa3;;;;;;
9e43fa44cb5afa6e0607da48b4f99b5a;;;;;;
dcfc4df016e9c9db7725718e09c38c05;;;;;;
537da60b3e19f1640433ce18b76293c8;;;;;;
2ff54a2f321ad23ec18be82523de38be;;;;;;
7dee6dcb8c1d4396627ec6f463e81a6b;;;;;;
53752a02aea77a55d81604e6b058e978;;;;;;
712893bd50e19673cf1b27ef8151ac79;;;;;;
b94d7aa4723eed6af76bd6d14bf58ad0;;;;;;
d8681854995588c15950a37f5903c9ef;;;;;;
844c3dc75cbdd6a29586f451f250f9b6;;;;;;
75f9202f5764717ad0d3cce0973e2737;;;;;;
5f000376e808b2bcf4d6f2cb95514e11;;;;;;
0caa3c202ea44028b9d81c6f309cb708;;;;;;
7b7ae79bb14eddf7aae18f064dbcadf8;;;;;;
b0c26c487800809bbafaab2f76df9cce;;;;;;
b663615c1b17c1ef1d0176ee97fafa19;;;;;;
999630a3fe3dcf0ed1edd5f7e1619a44;;;;;;
4e629b20b98a9684e45ca4d2c38a9391;;;;;;
227adeb64fff5b022f79c513a502bc1c;;;;;;
5782b0a85a1f44b0ae046c082e439459;;;;;;
3cf0cd1d5346517248004f52ec7f814c;;;;;;
20edddb93b4dd5cf2dbafae3d03a791d;;;;;;
84af5cd48d528143573ca43ef33b2222;;;;;;
68c3ebc44926b478c52ec3702209ef89;;;;;;
157e9ce8af13f4474df3768a791b6b0c;;;;;;
56136ed7b966d0822084d1cce1b74ad4;;;;;;
6dcb209955af7a5e79dc3a2d4ebf4b19;;;;;;
0fbddcec1c7c232564c23421c67834ee;;;;;;
ee8ffc10deca191b86e8713184dbb482;;;;;;
ed71cae2b6c991e4943fb8db99f13c1d;;;;;;
543a435731e55c41e6b1064c802c7d58;;;;;;
f1b185ba6bee494d61775953b08e211d;;;;;;
7ef440abbaa2656e58531594e79a76f3;;;;;;
aed7b4a23f40b9f719c14aefb370a1fb;;;;;;
e34a09e8bfe69c039b0a1ca7a595c0f7;;;;;;
7cd82767eedf7daaa30e1905280c9142;;;;;;
d933339a519ebaffe0bb42c75ade532e;;;;;;
c5fe641a954ee103d634ea1cff5d21e4;;;;;;
df436139b39d1bee43216496b0f10d3c;;;;;;
bc6c444f801b46575bf30213d26713b5;;;;;;
6b3cc3ff1dec6582678595d623657c3f;;;;;;
9bb246bdbf1ab7220d99776e149d62d7;;;;;;
925f4ea17d4b5c1b2b64f37f4a102623;;;;;;
a9130ca872d3498723646cff1fc16aa4;;;;;;
c5fea92ffe92eea87f19815ca0d0c3c6;;;;;;
5019c8a012f83493ef65ca7ef5d4d800;;;;;;
f5ffd7b1acec24ab6b4bbc8a3543c623;;;;;;
ce18f9a4e65beacb7dcfe7a7a765c3c8;;;;;;
4b3f39a549fc9ce89df9857ebd399dfb;;;;;;
d17dcd964ccf0d1a4251889d9d91c763;;;;;;
d907e169972182376763b6c82843938d;;;;;;
1472f4f7a0dcc80ea9bfa2b384147bb4;;;;;;
7aa4f2837d8a4e52766c1efb6c87e370;;;;;;
e3c7b8b4dbb42d94bc0f45b7edeedede;;;;;;
fd720bc2bb08e772c7b8fb8b57bf8334;;;;;;
45062346616933362cfbb4d9a03ebce2;;;;;;
168730abb9c0b0ac747b8e11358cbdba;;;;;;
ceaa7700f438aadaa3e2dad15597ea55;;;;;;
ced610d8314e1879984464050c11189f;;;;;;
13d3380a019bf4f93602b69086fd2473;;;;;;
9dd2c89d949f2d56cec15f2e43417e72;;;;;;
d935530869b8d338e07a51a9f15e13ff;;;;;;
95b53f839c466fc1ab74b1188c71c6f8;;;;;;
43ff323fc697a754f1edb93c18204eac;;;;;;
8d668a2998834a453b66d3d2468123dd;;;;;;
4e3cf40beb00ffe1374cf5b6a350ce4b;;;;;;
7037dbab0ec1f41ac6ece9d832ad528f;;;;;;
d8ab596b6b4c09d6f6a683d79df2b733;;;;;;
79f69efd2b08ee05c24c3c11242715da;;;;;;
23b7f785e14b7825f9a722c868e11e12;;;;;;
82880c8443507143a7a9cf949d4aac0a;;;;;;
261535ff487bfab212247042d381af5b;;;;;;
bcf3bdba8fb0f837f1db2231a9aeaf9a;;;;;;
c0a864ba272635a0513d9feae7a78ea3;;;;;;
df43db7761b3c77842b9ecc1565c815f;;;;;;
a9f577a71f194627b20625817acce367;;;;;;
ea3defa87c5c27683580c374d3897b74;;;;;;
f8acc0cfb12a7a78e57ff152cfd4bc3e;;;;;;
333791b8e7df8dd4690cd701da8945f8;;;;;;
fd6bc84c92a32cb2efe2114aeefcb76a;;;;;;
668da18346a5fde01e8408fdda42926a;;;;;;
ac60f59e274ba93d20bebbb575ce0614;;;;;;
24739ea84c35ad607ba45d96376d1a90;;;;;;
d687ea5f7ccd89cbbef20cf6a4e1d4f0;;;;;;
d207745968fe9fbc900da637b1e96f49;;;;;;
9d1f674822a72b41f1a696a7a40090a8;;;;;;
53100820c11a9fd1013b4735a7da207f;;;;;;
487ccfaab6f162cd66242ba2959495b9;;;;;;
25c75a120dfaceefcef058d6d95801a4;;;;;;
35578f22581b2d2edd04d97000ed6e1b;;;;;;
4d2ae5102b0bc9ea861f3779591e910a;;;;;;
31d2472e00859649c3df463f58d42098;;;;;;
5c44cfb4350e03f4e2fefc15b6947195;;;;;;
bce42a020a0b86bf366b7da8eac784c9;;;;;;
c9ab9237ad3c5e5216968b915a816bb3;;;;;;
cde8dd4ea69f590d8c2d5f54968a7054;;;;;;
a8a0c2708773ba8f5ac5139b98ca54ae;;;;;;
4efb489004316156fda1edec1c516726;;;;;;
3152a25f105ad5ce41bc9cf0148b5fbc;;;;;;
6402ebe3823ede0363beb3d254a3492c;;;;;;
d5e7e6fe44686774291bcb17783172af;;;;;;
9a9477578ea97f973d002fd5d372ed54;;;;;;
57b05f1b8398001da0d6343b63d5201b;;;;;;
563ef8ac34e1c3a63703903c725c290f;;;;;;
14d6cdc3b00a4c7ac667fd5cff20d3f0;;;;;;
d29591301492b2b6ddea92fc35e3018e;;;;;;
6e9bd4fcdc1d7a04ff503be050173f08;;;;;;
b619da772d0abb9d3c795ea0f9b0a8d5;;;;;;
569eb9a6541f4fab4294725875474995;;;;;;
fba934da37be9bf860f5c78525bd25fe;;;;;;
f68b886f8f665957f7263a21752f1a32;;;;;;
bb44764306ca6e39e8f37157023379d2;;;;;;
4f4ab164873babb8738be796d597013b;;;;;;
40e65a8dcb4a23bef295fc4e15183c79;;;;;;
91d2ba7495024e4cbf302c504c007070;;;;;;
c56a67460f24f7672f2f8b7d6a7a235f;;;;;;
1bc598532b4d9ad0e5206a4a6bdfa5ac;;;;;;
4fb489b61a27480da703e6d7a353d1d9;;;;;;
6d6c73925e7dac84bbe7685b582e376b;;;;;;
d9f2a8e962241b6f451082b246bc9ce0;;;;;;
a10252122390b0456f1e1064f42dd12b;;;;;;
ea53ebc331c1c599a661e0882b2d28d6;;;;;;
5bc2c3d5d0b96110d86228f4ddcaf9be;;;;;;
ae8a649b3b99b8da51c0f499596445d6;;;;;;
646f720e6038dd5a5456513780550960;;;;;;
c17cae14cc7caa9a91535c8ba376d1b6;;;;;;
987036c9a5cc416cb6fad08e7bfa0cbb;;;;;;
70dcbbd1bfc8d402d6d5d51ffa1e44b9;;;;;;
29467918daca5eb92fd90e8b59c67ca6;;;;;;
b3608fc0b623c9b08c062720682f90e8;;;;;;
57d1ed24f31da6f301064bd76e4b797f;;;;;;
86b012a049b78359cd852d7ad86999d0;;;;;;
a20daaeb09bddfda525f49e5a0fc1931;;;;;;
2c208e2ce3c162a4c60cbb97366edc24;;;;;;
5331fab83e28c9da775ece89e2bc4a8f;;;;;;
e98c50e89607fe06509da79060b3d427;;;;;;
551e8f9aa510c9e6ed4681b9aeece422;;;;;;
51a729fba4a467e54dcfb752519ac279;;;;;;
4a61a5f7ea80b03c2ad16582e52c4da7;;;;;;
dd0307ece55ecb070367946788481757;;;;;;
b8ec25f8eebda8512795e2d4654f4b4a;;;;;;
e8d0257cef41f6d96f9bffbc1d00d6eb;;;;;;
0d066c705f4b3540e358cc25a4d1c84e;;;;;;
6b646b11e025dcd7fcf94c00827b66eb;;;;;;
d5d53cb7c1f6f6dfa8e6026aec4ab339;;;;;;
380d177bfa3d5430a2314d0b090ff656;;;;;;
d760bf41e6fa7807942e051ff4260c32;;;;;;
131c0b2a0808eba06a87404db52031ab;;;;;;
572ce2da17234aa4b4f5ad3efd8aad09;;;;;;
19493960d3e6d21452d2c9b1b8a8b14d;;;;;;
df1934503016e53f076523bbd57b3d1f;;;;;;
a1ccf199f265fabab7d37099b1914777;;;;;;
761dfe4089e533818394745c842bfadf;;;;;;
88dbdc52c3f25b97bd7d4bea5738bb90;;;;;;
d2d0aacfc7eaa8edd4bb0e310390482f;;;;;;
921aa8d402ef8ed1b76bcb9a4429c197;;;;;;
c4b99df3f7f499080c44bd86d7033781;;;;;;
bc6dab29427eaef2ac075ad239fdc0fa;;;;;;
65c3c09111d9c5c5e047ea4d39633e13;;;;;;
9596e7c7b43dad00c7f0f780ade317bc;;;;;;
f4ce6ccbcc820d65241561ba60623eb2;;;;;;
026449d687e539fba9cdde0f1d0a177c;;;;;;
71690f52208b05fcf86ddeb76cdb95eb;;;;;;
837204415d68332fb561014a20e6605a;;;;;;
5995a5f822c0150d06ca806e93e589e4;;;;;;
e9081e6b876e346871f3378558547a95;;;;;;
55d4f1b34e09345cfe54c37bcef1c34c;;;;;;
dc5f70ae5f320a480a9ab354eb738f8f;;;;;;
8879ba56e5ab99122ba118e88601d3e9;;;;;;
4548c44b080187707418ba387ce3fb46;;;;;;
f9016c7c9f99a1f91738a249966f25af;;;;;;
dc89515ccef1339b1c6f728c3fed5f30;;;;;;
3f5d5ad94618978ce649a73e0d3fcb80;;;;;;
02ac1002bca341b432e98763614fec86;;;;;;
a1f70d306b6deafcd90341617fa93bfb;;;;;;
0d6d14beb4307b81b02ddeaa8b5a7e52;;;;;;
97056ef2649860c34c22912066b451a7;;;;;;
02fbaf2460a1f3c70e846a10ea3cb25d;;;;;;
ce877b86be9f657a338b0364258b4c0e;;;;;;
c39791a5c385c8b0e2a8de35900cae0e;;;;;;
fc7800449c293bd36d06bb549b731289;;;;;;
27d48615d620f0f7ab71581e92d6d4c2;;;;;;
bb19c7cdad1d4e2581125581f52ec519;;;;;;
0bcc0f871ccc4e43bac72c29f1278356;;;;;;
2cfda37067d7cb9ec100f94e05dc4501;;;;;;
a7aaf2ada1203b0e54c344d38390e69c;;;;;;
43899b4cb69dda5c67903b0daee53e7b;;;;;;
c941049b0f9846155229ec80a26d54f9;;;;;;
ad2d80f367773b594e893653c99b7120;;;;;;
38428f8e1faf97b656e168880bea6342;;;;;;
08c5d2f3cf279dc4ffd55cf6ce4eca91;;;;;;
d9b042902d2aed1aff057693e1aef635;;;;;;
45278252e706065a0c6398c77977ce20;;;;;;
289b213545b13d75ee7d9cfe7dbe6823;;;;;;
6372eedd4c1bd076187481a9cf60e2db;;;;;;
93b7846adc9b7811c8cbe56e83e39bbb;;;;;;
0f90fd6be5d7c281ee530ffca89b3842;;;;;;
45a5eff1d12df95409f508eb85f1a2fe;;;;;;
8aaf183d2fe57f5420d564b6a29d6405;;;;;;
fbf9efa8ed636fd249befcdfde5556ab;;;;;;
cae5d7771b92a6c2e301e1d7dde4a9e6;;;;;;
41c4ff44431f8864e347f64821b733dd;;;;;;
3a5f900645043bb8ba08100dd4b03b2f;;;;;;
69b18343af98eb3aca48462856a33c06;;;;;;
b54d437cfbeb787564510c8f48e0825e;;;;;;
319a4bfd25061ff681a530a1dc1b5c06;;;;;;
01aa8aa3c34eb9f88b48f6dd106e3a05;;;;;;
9f49cd141387f8f796519e8c3b2c6afb;;;;;;
24511b49267642795b57a071468fc0a9;;;;;;
1767b9758f85b3df2e4279c7fb6785c9;;;;;;
85e25e416467691ed2deaa493b8becfc;;;;;;
6b78ec949eada5d8b1cc7b492d4a4a92;;;;;;
6b7a310f9af1753e49806419dcb1cca3;;;;;;
db74c59ae0725522a66168175e8dec9b;;;;;;
577b69c4a68c90ae72c76ad701db6ccc;;;;;;
e09bfdbaf9e635b18b3d2499d92e3b8d;;;;;;
e047ff0a0ce175544d45a9a92acc4029;;;;;;
58b66bf708f0d335464ada20aaa53f19;;;;;;
b9f700412db7d5490f387f685203ddf0;;;;;;
6f9d7e50b1b929e80eb1c8eccf54ece6;;;;;;
d081baf447e7bc09bd206cd0f57e5ba8;;;;;;
81ddf48e37a7ce8f73193f3f339e5822;;;;;;
459fe691b99bac1d78f90b12faaca766;;;;;;
d99ab47465f7e5f4c225705218324efc;;;;;;
dfc4b6d3252b79de9e7433a4738284c1;;;;;;
18cbaba471c1843fdfae1257f561cdda;;;;;;
26c1f63c00ffd5187c73ed36db7b87d6;;;;;;
bf318cebaee2f716594f8658ed5d3dd8;;;;;;
0ff1735819e9920b7fd6845436eac9e7;;;;;;
e7ca6e9b3724e433145bb9dcc07f695c;;;;;;
a8ad82c180fa57ff7aee10dfabb7837c;;;;;;
5d334209ccbd6edb2fdbfd0e97f23c35;;;;;;
d28e0b4e633cfd87592413c55e0f1f9f;;;;;;
9b42a964317478aec5cd189b97848716;;;;;;
39b1768006443d0a71c2e32ced011550;;;;;;
676d481cf8f366fc9da9c772a249579a;;;;;;
b3af184061abde805e3d00de89d2c955;;;;;;
55f0e063e00ca3bf023ebd6d1c1355da;;;;;;
c2030711830ad3ae620b783643079349;;;;;;
6667af4f3fb5f48a4e8fba1b69fa9db1;;;;;;
5e23885dd26fb2a04fa58eaf3634877b;;;;;;
45daa016f5ecd99656f4df76db5f776d;;;;;;
b8994f2a883f9d5f798a89d4b2422d2a;;;;;;
4f380bd95ccd08ce3d169db3772b309c;;;;;;
bc3f2cd6fcffb2e1641eadb195816716;;;;;;
184d07ac53d89fadc1bb6b83e7415a45;;;;;;
cf93fd12d229afff6bdaf44d22236765;;;;;;
ac87378d238920784695570df30b569f;;;;;;
6df8540d2afff0ca30b19dc22d5eae72;;;;;;
7f682f9c75467d1353339fefe699a433;;;;;;
a96c2760af1ae65d8c786472b9730a8e;;;;;;
9068c19056538931f3b071611f317f90;;;;;;
262f4d1ff7345a3e135e75e5689cb6dd;;;;;;
bf36120b82c085910d74c2215fe20264;;;;;;
ad8b5903b46ff89e07fb3ae274aee1b2;;;;;;
b95495437c9701533fc2a67a9b4b1b3f;;;;;;
080baf061e1b47727dbc6088958b0d57;;;;;;
c65750d827128571afeab59525a7ba75;;;;;;
a772c105aa5a3783518e70d65d5e7935;;;;;;
8d7a81d6f750e7bf64c340c50c290009;;;;;;
4068bd2ce6cee4013f5f9f323baa2561;;;;;;
66094ac8886805d19f81d3cdf42873b9;;;;;;
dd50f45935e4f5b2dcc3e9980b527d86;;;;;;
671c324376bf7f8cc4cdcd61f07edad2;;;;;;
9fa462716c9afe3e9f3be9c81ebca9df;;;;;;
28b6b4acc3b49a30a3c146e11f9d0a4b;;;;;;
6a9f532867fec3db3e185ff71a0c4c20;;;;;;
ee6e070d8f8f56d393fadb37e9e37275;;;;;;
5056ff4e2d949bbcfd5f47976b2ca07c;;;;;;
e3627b39fc1ed81e165daf318a6e7d77;;;;;;
e7588ddb5055e923182991850348eed3;;;;;;
6cffeee9ca37580db443755f053198b7;;;;;;
34cb4babd262710b226585e84d62a857;;;;;;
fd6f7b993c2d301b4d5a9cc7aceab91e;;;;;;
ba74b91c8f6a1981e44042f866dac8fc;;;;;;
84ddd6b774d1bb3d656238d8223768b3;;;;;;
2c9ce4aeb238b352106d5d1b2b5bb8e0;;;;;;
8dd6b6bdf03b3f744bc0039522cda303;;;;;;
6c420b4d090fcf9d1e9183b7cb1e91c1;;;;;;
905a02bc80ef0684d4dbf2a6c6ef830b;;;;;;
931337ab488dbbab686831a021bfc294;;;;;;
3a1abef59cf1298f99dbc913506d057a;;;;;;
534eeaddb34461137e79487630d2bfab;;;;;;
f52f350c0bb3755b6ed0b840d58dec5d;;;;;;
e59445916684ab6ac3df2f81cacf6093;;;;;;
0c38ba6b637b3354c70f8f334671bf89;;;;;;
2e126132930897f601b0191f88416ae8;;;;;;
6d29a31036e2d07b1ba298d254b8e66d;;;;;;
11954d400f7ef99de1d4013d25fbf515;;;;;;
f969194c986f321ea02e21f96c24dfda;;;;;;
a8f5c32ad68f07945b99c8d8531b2469;;;;;;
8d53f0a2d9fe61560804b66cdb0176b1;;;;;;
3d869b829bd56b75162b1b19ba3ffff1;;;;;;
0d5d9c8e8ff07b9460ae9311ae09eb56;;;;;;
c00f2cc0ccc7f3ec0db98e6e3a2dd676;;;;;;
379f4aa85140461958af35ef3190754b;;;;;;
9ffd1b23fd43b69d6cda3082199aa226;;;;;;
880dd135378f5f20d42834d5ad4ac4e9;;;;;;
1ca629e9c45701efb25351fb0a577e7f;;;;;;
5c96b92e567ad6a05549201d8154caed;;;;;;
422d79bebb87697d11164107ce9c8c2a;;;;;;
08aa79bc313b868ea023a8c4ace88ff6;;;;;;
912502f821564314a3da6c5459899df5;;;;;;
874e4eb8352f263841d3ae2a39756828;;;;;;
78b5c6a61254f65a9372468475fc4f96;;;;;;
d6228c1bb70bd78129949f7c6ae21253;;;;;;
e1fe82cdaa889c31d40a5c19909387ad;;;;;;
a1c70cf04cca3825bc8c7aefb83801e4;;;;;;
3a83ac24369bb435148ac89954fa45a5;;;;;;
bb789f19d25cedc5b60e028cc93254c2;;;;;;
430aaa91ead80a091468417b820fd6e6;;;;;;
6054c27c2a7b3c512b6d1979695bfc70;;;;;;
320c93c87ba49392ef0499f6ba3869e3;;;;;;
d51468842a80a19e559e98e17b1821f0;;;;;;
9afe7ec818b1977ffb6331f7369c5d6f;;;;;;
ce4471628201ad640e3b04ef06f045a7;;;;;;
2197d4a6edc0876e3621fd218d280646;;;;;;
199b5589d93189b501dde27486450962;;;;;;
c97e2ea5390176f2b1a71976f655d38c;;;;;;
7ed2d7467710ad4e660db9917a3fd129;;;;;;
1ea90e14f2c5bbc1e3942f33e41706e3;;;;;;
cae365aae225c68d49f5af071043c15e;;;;;;
6d963cf1148f274af988510de947a7e1;;;;;;
7216d292917ae74cb97485975aa26aef;;;;;;
837ea7623628fd750b15ed26cb421b9e;;;;;;
b2e8ff1852534d1d1215ceb8e3c9781b;;;;;;
23f55b025bf6747a82c3027d8168319f;;;;;;
e8896254e15bee420a1bd7d350119329;;;;;;
1739412be535271be8dd3b5c58151cf0;;;;;;
d774830c52e5daf0d90be2cd41535508;;;;;;
ae683d1c61137cfbbc4e8386f67920d6;;;;;;
d4a8b4b8b34955489eaaa0a793e511c7;;;;;;
e33d61e48a9af62d828c271d8d3e8442;;;;;;
c0d2096619348b705fa27270ab5895ab;;;;;;
810a5b440bca27b368cab59e56bca638;;;;;;
8404e069c12823370a91e91528c069c7;;;;;;
120027d408812cd73ac8cba12b3a9a79;;;;;;
bb89e06f10ec1b5b4f6cb8b4d463cfdb;;;;;;
a40d1fcd73c74f8fb944c247790fae4c;;;;;;
17d38d8a7b8472fc476d4a3d0201981c;;;;;;
52a9594c927d779e9c19fb434694b788;;;;;;
9bd0eac69893d602f7feeebe78a2d57e;;;;;;
fb409ee6e1cd65924e5d5f5a6bccb482;;;;;;
43d1dcfaeb3d7763a90bb80bf31717fa;;;;;;
350d82761036829400e9e289ed54d2a0;;;;;;
a9ea45e8222040c635632f95ce0a8b3f;;;;;;
31d13b0e12647fc9c831a84457638786;;;;;;
a25887b1a7c2b3095efebc010b4c7fe5;;;;;;
710ec9cf49546f5642f3629239f3c9b7;;;;;;
acfac00aa9cd893e8ff7f63bb2f5a952;;;;;;
f7ecb8e0528e04e3d99e015c4916faba;;;;;;
f545773c7ae3ce4502a14436a43a44e7;;;;;;
dc2d8c3084eb59c8d6261ff32c846b61;;;;;;
1c6baf289d83ba601a6a465b38d17a46;;;;;;
2258ee10c5f0cb6f659d5287ce5a4f25;;;;;;
641f623504dbf5339399cecc23a16a8d;;;;;;
174606c5675108ac48f1f7e2a5f31a50;;;;;;
904e7d0e19944527e45c7d62b9e0a252;;;;;;
36b58d67a11cff3663b0c47635b708f0;;;;;;
c44190ea32519f89b5165913f0b935d4;;;;;;
551065f59f9d017be742c6fdd6261971;;;;;;
38f27c1dbbd6b46c76a5f342a7f72d78;;;;;;
47d2c1e3dc870a501ef58f528ccde106;;;;;;
80260455211c42f6d15e0dd54a2b7f1d;;;;;;
d7ca3620eebc47767f0ad32544354cf0;;;;;;
33ef6b4d9e2ce35da699d1693656ad82;;;;;;
77805e81f2b93b7286c76667f310b9e3;;;;;;
366aeec2a755b73abaa759f1e9ab3684;;;;;;
52cde3bcdec711dff2b9cb39d9e1d013;;;;;;
f3313b3ef207f59222e227e6a6295a14;;;;;;
f29b24794d80956d0e616d0766757198;;;;;;
c2a4c1fc10f2a454e9de7cf09d603bc4;;;;;;
c9060c31392ceee49bd0263c322c9cae;;;;;;
673e6841b046579aad2399a7f252d5f3;;;;;;
dd20b5d82e924e32c0cb6f9471571481;;;;;;
d23669426672d46bf647f1531483263a;;;;;;
385a22a95f7a60fa63420decf5d74bd3;;;;;;
313814bf5e50d2911acf34f3e635d68d;;;;;;
077d05aac9277b0934dbd5ae7f245c19;;;;;;
8d869ba088f3e094293e4ffecfde495b;;;;;;
75dd07ebd925677acea3e4b668733b41;;;;;;
eb347dd8fc8ff4ac097cffbda5b95e47;;;;;;
8c3c3ccc139139a7be5af1f85f9bf6e5;;;;;;
e50b252533f11068d727bf185168c930;;;;;;
2d4d397a76e7d53e92ee55eab8c48ad4;;;;;;
9cb7186095f9cd1be9c6b01fda91a9c6;;;;;;
9c57ae541e943a7fa4d662ef458a8834;;;;;;
94ca9ed390bc05e77d151c8713b61936;;;;;;
6fdc2bc478447ac44b40f9ffaab26637;;;;;;
a3bcb391d5ec56b51ce14e780a733f57;;;;;;
dc049e3a34a94113fe9e5d2190ec2b0b;;;;;;
e95589312b70ec4b50fe0f7fb2216d47;;;;;;
94afd6c43f2dd9f7544c24522d47a3db;;;;;;
960eb02a29e81f378e67bb02d6d52571;;;;;;
2f6f35cea68ffac4d59d32d1dd7fea46;;;;;;
92c11f9c80755402756892c8f2352c7d;;;;;;
3c36d88827be938ba061ba76dd390f7e;;;;;;
589e36f12d969f9b9d9cae7216f0f513;;;;;;
a8eaaba1ef0732d34147602376ab56e8;;;;;;
3b8aeb930261d4ad85a86301c71cfe7d;;;;;;
075ad7e77027ca7409189ae44b2a5c88;;;;;;
91e5b28e3d1be822b1e3d9b6caa057ab;;;;;;
26dd97f13980817c2de87ceddb2c134f;;;;;;
eb364962dbe8b826886653b8017a8c9d;;;;;;
df0b64b56a323b32065509f037e8c2b2;;;;;;
888000214b5e0fab8521a6a3ef091f6f;;;;;;
3817838a4ba25a18f0ba91a83103bf57;;;;;;
2c8723bd099f22711e2767a3902ac6cc;;;;;;
6c61bb7a251f04404134cc3d94b051f5;;;;;;
6fc436b8edb36db7baaf327db33480fd;;;;;;
234282998584967753bbd3c5173b6ba6;;;;;;
2876a1555f758f8af0ac88bac9842dbe;;;;;;
aaab5b1d033400b2a198a7d2586d9b83;;;;;;
e04f8536126770edf015f4b1229ef5e7;;;;;;
7ee74d929a6bc2f8521b6b6e37f63c6d;;;;;;
a71ae1abe819dcb94ac92defb9532013;;;;;;
8ed660c39e90c2712a5a33f7431169d4;;;;;;
12ef3cf97fdb08dc63c3551e8a598ab2;;;;;;
9422d13d02c4b1f3b720efc4991947dd;;;;;;
bd51b2116d08ef41d2c217760892f0b7;;;;;;
7caee9fcb5d6bb847d1b1e238401b263;;;;;;
56c94527265153d69cace7e25896bd8b;;;;;;
58df3b1b61a50e3bc7913534825f5786;;;;;;
256b1f18de0e61ace8d8586882eeb5e0;;;;;;
32e31dca6905ac3d58573cba65350d91;;;;;;
7328fb3138550dd4533d0a26229f6951;;;;;;
bce888405ff6dcc145a5382e2c703bfc;;;;;;
4d38ae43397a2f2ec68fddaf12fb9184;;;;;;
953ba366bbd25937243ed2beb32d8b99;;;;;;
62765df0d739b3414c8d14080b900761;;;;;;
e702e94882afa768be76e4929191e80c;;;;;;
db469a7fe22bb50f5061db85d05d9f0e;;;;;;
dd661138c001b73b2b9ae6e23a8b01a6;;;;;;
bf558180bed9758b8840a096aedae0af;;;;;;
12db5841fb2cad09cdbfce8ee1d40897;;;;;;
5c0fddb87c79f3da9a33ce84e2b97193;;;;;;
5132da0be257df4a96ae13691c10fadb;;;;;;
11bb6a3d07399f3b255134176b7bf618;;;;;;
1bca4daa74b6c7986e0535953d6e7bd4;;;;;;
c0844fb3a650f94ca7a9c51526b6c1d6;;;;;;
b697bbd7ed7c702975f8f4adb10ce58e;;;;;;
d182dd0a9225b3b532b44a330cc0d34c;;;;;;
852cae146fe09d05b82b10d920eecf4e;;;;;;
a129efd9af72c8503d7af1e35dd04f2e;;;;;;
93c3aa104c78edce05d4141c16b55673;;;;;;
48b8ed0b4a052e5f477ac8605ebe4d74;;;;;;
9bd83a1a68ddc367cc114f1650e52047;;;;;;
100c1c7834d850453a2748c9e553239a;;;;;;
2b01cf094c5b9c08ffffa7847e4d3769;;;;;;
4efcf28568130b6d44e68bc52fa85267;;;;;;
1f901a73390feb84087b750ad5692cfd;;;;;;
88b79f206f12abcaf51597a0c1fc15e5;;;;;;
77567a78fe4ba797bdb1732899e10a34;;;;;;
9843636208ab81435573f4ede8a734ab;;;;;;
b6c828984b45c2be431aec16d96b023d;;;;;;
95ac84329e92abdc06db406b028e123a;;;;;;
95cf01aa023299c172a2be7289b25a02;;;;;;
c9e40dcd952ab0199a89ff4d43e149af;;;;;;
2c6593220699dce3ca984b1c43fa7457;;;;;;
36f9bdd6b535bdff445210499aef5f50;;;;;;
dd76647789691c5b4eb77b10b2ef096a;;;;;;
8409d8a44109cf3628effb5c30669b34;;;;;;
1653666cd5f9f165227a7baebd420f6d;;;;;;
0692864d5ba4327f060a1b7a474260e7;;;;;;
3c77cc66ed8be541198b1738d3468ebd;;;;;;
66161dd50db44fdddd5c2571092bc097;;;;;;
261586f2cfa8a556835139c63b02d760;;;;;;
473b9f0240fc282d384d596471ffa48a;;;;;;
768adcda27fee9b7095c4096c88634ca;;;;;;
a8dada52fe94479e57e553e558a3ed23;;;;;;
1993250156c886cddd06c3b39e534813;;;;;;
cf82593857d1eeb3aca0b7b9a35c84eb;;;;;;
ee57208baba09ec1821db437aa59c81b;;;;;;
32914ba1f6ce4e2bb487f2d8946baef0;;;;;;
0487833d074ff2b88fc077a0f8db3bdd;;;;;;
0d2aa44d3fcbff8158dbb3fed5b93c65;;;;;;
843ec280aadcd32680774d5efdc6d21f;;;;;;
49ab4303bd1499799268588fe2ba5b14;;;;;;
55cf087caaeb9939b76af7ed38215a4a;;;;;;
acfe8f12af3f0b44b3becb4be0f912a5;;;;;;
635bac2adea41a7a89570d60798c3c26;;;;;;
1df9b8a5db40a63b7e78ef93b5455280;;;;;;
7fbe3c01a7f2515104cae48ca22cabd8;;;;;;
08510ea9fc0d74b8f8f23cf0cb4310c9;;;;;;
7e8314d4b04547f736fa02b1bfcd6cb7;;;;;;
264ef96266cd1eac5c3375f920ae791a;;;;;;
363a43c3c6800e49a924d5aebb975285;;;;;;
b808d3fc99690aac24f9ddecebd3473e;;;;;;
cd04d73689580914097cb60a8432b212;;;;;;
7ec4881b59ff23223a51cea9a1655ddd;;;;;;
42617ffa8290ab4a61937b0200f15c57;;;;;;
504aaf6730dfe2b069ea6f5912dbf2e1;;;;;;
8459c9a9ff73c7474380dff733521df6;;;;;;
0251604865c23f1a478f4f0041920640;;;;;;
1f127fb905892bc09ea491b947687ff4;;;;;;
0531081bd70c074f95945d893967235e;;;;;;
8ecebb67fd2756d2bb6e7ce41d8eebb3;;;;;;
3d420feac22a51edc6d56a199c817dd9;;;;;;
e328a73d7a9417db1f24409844371718;;;;;;
dc28df6bbab2511638675b37d87350bb;;;;;;
dc5108f563cfe9fb0efdbfb26050d011;;;;;;
3809ead49ef3cdb2d3680db4295e54c1;;;;;;
24a41a5dec5f38c740da44a2a6abec94;;;;;;
052414287300c5b82a35f53d1939c47c;;;;;;
3d4b4e4ac4dc9e4cae42de247a5da576;;;;;;
ebdfdabb868c2ac42d23af1d010bb6c4;;;;;;
4dc1a9326d4f64464becae4a7332f7d3;;;;;;
cba2e8c8baf4a108bf439f2dc840787f;;;;;;
20b4308ecf8d58e6e2b827bb38216740;;;;;;
e208d5ef25d05425510b3b063f75b98f;;;;;;
a365463aeaa3f6cb5adeb83d877a5374;;;;;;
24a763f48c79348abea10cd689b24d03;;;;;;
324a5ade357d55dc126aab747eb3d9d9;;;;;;
86d2f7b487bd7087719a172020f45ee7;;;;;;
6ad7874b6339874072f95daeb45314b0;;;;;;
4f92a798028ba0262e6a041132f31ca4;;;;;;
158619a39a209d3603a401f2d0a861bc;;;;;;
2ba727a49b6194e6e715a76d4fd12755;;;;;;
a1960d482adf83a425674c034fa44681;;;;;;
06b54ad456ecd0e9750c4463d5f76b59;;;;;;
bf98c50540804a24c721d2d155322fa8;;;;;;
d0314e32467d807f4efdffc92d2651de;;;;;;
fcf28127a3998d8fb085dedea9ced7c9;;;;;;
74a82496cdf6f91114b50cf59953d1c7;;;;;;
e9e15be0d3f2e0945bebbe0baa35380b;;;;;;
cde26e64070cf0a49d8fb4e8d464a5d6;;;;;;
eb79ac5f076f807a262e3771d082c40b;;;;;;
aa58540d438facba7603fbe96a123739;;;;;;
e8b4e64640df0f5a84c9407d2b5c24d7;;;;;;
42249acb071ac4fd24365c6aea716838;;;;;;
4e9ec240be38fccfaa1a272e1f6454f2;;;;;;
de93259d4ce3beb7933ca3fa3bb2d5d9;;;;;;
1a1b17c91b8686092c9dba526b4b77f6;;;;;;
81b07f19c6b190d65595e1222474bd39;;;;;;
99534c3cd571492add386c1fe225e326;;;;;;
2de0dd859e5195f16a6db5b79477231c;;;;;;
e72d636a2ed506c1128a63ffe4644f2b;;;;;;
64836d78861e3c27cb121e1254c49f44;;;;;;
e9d310b5b22ba545f40cc344d404a48f;;;;;;
c3e7a2cc46895f5511acb143df5381f0;;;;;;
9aa0208d723e4aa830e091e7d8d6a06e;;;;;;
4663a29084263517ef4734f583e03145;;;;;;
b82e2ff3b979653e7e5c7071abe49e53;;;;;;
82d6d11c4862871cfde135f0ddbb11e8;;;;;;
1c9b561d809867ab182ca08dafd80e68;;;;;;
72288831d6677861792b0a0f77c66c8e;;;;;;
ea9b0a649d078ac0f1149888999132aa;;;;;;
f9789de1e27779b06c8ee81820423014;;;;;;
ba582e88c1a507363ff40298f017e015;;;;;;
e88185bfe76ef21d532bb9fbd6a6332b;;;;;;
57be1d3805fa9d24ef0d7062b932f14a;;;;;;
ef8684d0423fc6bc4da1947c86a62a64;;;;;;
203c33ed3da2278bb161b0bf56c95136;;;;;;
d89a70519be3931fcaccae1cb3a36ced;;;;;;
300ee51e9de2eb6ce70ba49f2cb5cdef;;;;;;
ea88022516fa36aa814515bb5c845017;;;;;;
65f5a43a7990f548e98bbacf0eae0c51;;;;;;
c7f101e3f4fcd2d4330b757ef8b865d1;;;;;;
ac8303038fe828a96b22b588d7def8bd;;;;;;
9c81d6854513ed85ca53479d8db8baf3;;;;;;
1bdf539df5206dd74558ec2090f65b43;;;;;;
446a4c115abff698cc861d47d967ecfc;;;;;;
1ab7a9dc303eca7705115ae60ad49881;;;;;;
1dc05be046fc678578b6d117e25fcb7e;;;;;;
3612f2fbe03e5ddf637bfbc3fde5fc90;;;;;;
9488e310157ccea8395fc3130027943f;;;;;;
e5c1bdee64185fddaf1348512bc13e42;;;;;;
53c6e46eb9242e5624868b2cdb9e8907;;;;;;
b825ccc9ffbf5695156b5fcb26070a9b;;;;;;
c32308adc2c6c728b23874a38383d127;;;;;;
d6765f80637b68230dc60749c991e065;;;;;;
a9da076f8258ed139eb4bd1bce5a3db7;;;;;;
45aeb29d7eb7787f68b2fe1e2e8f57eb;;;;;;
a9e6466f437538b5ba7257e811dcf1e2;;;;;;
e4c0a54bccd46be71ebf3b3aaf39e16a;;;;;;
cfc6d31e207f4afb7a220c713f92edb7;;;;;;
523c0bf35f516fa7062f3f58117a3577;;;;;;
370a017a870fe1b107221285835a4a24;;;;;;
131ce7a59f4f96ed6e847091d7e2b002;;;;;;
e8df54eaef989df9fa0be9a997b6f7e5;;;;;;
1d846e0616ced3e4285dcf4a40ebb847;;;;;;
ba81d4daa74dbf94f0b4b9fdc5a3e5c1;;;;;;
cb7e0aecdc45c35e9ac0bfc864845ee4;;;;;;
fbb3671a9a44f7b32dcc0a4f51c4cb45;;;;;;
f52b7d9303caed90a4dc892eaf0b59f4;;;;;;
81065ab868dd6c7edc96c71f5258c165;;;;;;
06fa1127e628374abdaeaf2cb7325687;;;;;;
51690b70e97fa4148a850f38863befac;;;;;;
12b952dfdab2d1a500d34274528631b0;;;;;;
1ecab6e30acf66d7ed69fa5181e6189e;;;;;;
7201c40b551bb8bb4af7c5f971aea7b1;;;;;;
fbcf7b74522683fee5dd5d4bd1a869d2;;;;;;
09451c0dedbf34373b72eccee5427851;;;;;;
43494ebfbe5490756b8689ba553cc346;;;;;;
c18f0112ca282da9d36b19976f4b6b5f;;;;;;
bf32bfa1bae8473e18fdd33d0fb4eeed;;;;;;
0ccad642792fcf993b6911d5b9a5b60c;;;;;;
59f1d88db8d3dafcd45607603845aba0;;;;;;
e2eae8772572024e27808bc6588d1c83;;;;;;
e2478b08efbe72d57b94cb7cd6392ddc;;;;;;
41e4dbc7d0e83afcdea1033abfd0261d;;;;;;
7488742cdcd442ef590bed8b594d279c;;;;;;
e4102bf6fba6e681e7664efcf73d95b3;;;;;;
27d47dbeae9be4de0180065333b2f12a;;;;;;
333c9c62a79e584df99f532435092730;;;;;;
d20d21ccddeed0c0def9f4c88e780177;;;;;;
163649a34baded2ba05ea701dec8696e;;;;;;
7e698b53f19ba7454aaa2628a3489dbd;;;;;;
62149c90ffe7dea21e2639c23a16927f;;;;;;
71b85dd4a58326a2adc50f011b7af9f5;;;;;;
490dea551056e733c9d3a0643eebcb71;;;;;;
1184c462f8f9cafb8ad754e5bb57400b;;;;;;
ed0b142c06d9bc8932f891420f25507a;;;;;;
d02d653b109f88564f565a4877279cf3;;;;;;
649e8faff4236a978d479564f91f226f;;;;;;
1e13a6a344a3fd05b37d8a4c1d4609f5;;;;;;
1d0e5988df9cf70bfedf636dcb39a0cc;;;;;;
e782f838efc92b03182d374fe4ba5ea7;;;;;;
dad28b9566dbdaabf45779ce0c53dc02;;;;;;
2ea0002059d08773855f9ee06272125c;;;;;;
fb233296f129d6be74c8f92948743736;;;;;;
16f9db2547fe7ab1324ec0a6cf62c269;;;;;;
efafaaf6652eec0a2c2bb0185aceca95;;;;;;
4bc12d52c0d1ef1e8069fd077a34a470;;;;;;
9f1ef1bad9af927f2bde2e373eaeee77;;;;;;
6ef29f0fe9267c2a74fc48504951e700;;;;;;
819c3250e2431da33e013df040ab0de7;;;;;;
e46c263d929f5f1eef35c59cceddaed0;;;;;;
ba289966fcdc964bcb3a4b9ca7f277dd;;;;;;
b87efa554642f5f9f4ea0e956f3521ec;;;;;;
8bc66dc4a6cec2c7a7c5da875e03cf1c;;;;;;
a5d98da371946206d7d0f8c84415205f;;;;;;
d2964f324b77182162911bcf79f2bc6a;;;;;;
4034c45d554f27a3fb77de7aa24a7179;;;;;;
1c26c203b32c0e57ecba9e2b573a58a8;;;;;;
7ab3baf130fc765e5b08a94027904581;;;;;;
455e04d50c883bea59a542000a0f8def;;;;;;
acec8a211a361528ef40fe270ab9bb23;;;;;;
43df79ddc4f538cc1c3b2100b324ba39;;;;;;
bdec56a75472034cf200b35dcdca1001;;;;;;
2eed1d53ec6982965a29b6302ebc69ac;;;;;;
8c02122040366e04c175b8357e2ce5bc;;;;;;
d5b3da500eb355e767399de9a542c013;;;;;;
58bdd4681d134edca4788074b832cc55;;;;;;
f0a05cf007c1e61cb311611f9f86c7e4;;;;;;
80c4893c6e972484f9ff4363a90a4aa4;;;;;;
8c7cddae1161b21c3c96bec12b1ca7cf;;;;;;
4f6e7c28f279781ba76a71cd58352561;;;;;;
9dbbf0909e2200d17da2612971a1a0b3;;;;;;
ce544e35a1ff0092298272b701519289;;;;;;
8da283dbf051b727f0c305bfe0c4e28c;;;;;;
2a55f491bcea4c8472a3f87254caccfe;;;;;;
a57e7612f605d0ab35b8ba85baacd606;;;;;;
965dea84dccff4243f7b376b4ff7fe32;;;;;;
353e28e9476e218db43341e4eb5dd143;;;;;;
c1fa5dbcb471abf7019b9022d6f5ee89;;;;;;
f08eca60944ad5111dd66ccd8a2cbc06;;;;;;
f797146bc0110e5361e487f6b32793f0;;;;;;
92eb8f0c91363d468afa82733cf470e6;;;;;;
35459781c62639e4668aa81626307fd1;;;;;;
7e6198d057c948fe12881e475dfc07b3;;;;;;
cda78dd2478c0e7a68040f0eed841324;;;;;;
4703fe472b5d0be0fac4eeb91e9dab86;;;;;;
359c778b9bc1b0520da460b0b1bd2b81;;;;;;
24b7b7c67192cd46567f33b994b9a37d;;;;;;
cb96a3c92cc8409169e8a8cc1fd8e85f;;;;;;
e1700e1878be8f086e3ba1444d546b7f;;;;;;
6a46a85be2e8d99e0bbc5fc58bd65909;;;;;;
54b01ee10e64e85e2c3942f83acc4db3;;;;;;
9628ef53411473b3e079f91d409a511c;;;;;;
94721ae9e014b96586cfd970083ad472;;;;;;
bba3384d1999f7fc7d55e540aa04f698;;;;;;
945b6be7e14c51083c3bcd44df3bddac;;;;;;
b330ba2a347a74a031b90d430ca698e3;;;;;;
cef6b75853b0cc35f94037d15d2dc3cf;;;;;;
326b44278249aa6d9927aa6025527980;;;;;;
9e1e0f9985cb6ad5e906f5172b5fd61d;;;;;;
4f82bc0dc66140384c88e07a2b150534;;;;;;
9c6d4fe66a74b69319cc58abb7d3668e;;;;;;
2553d226ada97cbcc3bd85ef9984ceb5;;;;;;
d64c90ca7e9521db5e98698545f6d63e;;;;;;
4bbac765219ee013437d041dce6d14f7;;;;;;
aa0333ff5256dc5076f6e6970bed19d6;;;;;;
21f81f600a9f52691514d353c64ea1b6;;;;;;
8ab2f56bb48539c3d55360d1477e1a8e;;;;;;
ff1bd24af277618270b2c1fb8eba2539;;;;;;
ad893a34c439eca31f2f25bb85927f09;;;;;;
e676c20711e0ae2176d66ffc46404687;;;;;;
3a3126ebc833161f27e29fd0829559b3;;;;;;
20e34f0ef0e5e4d4f9e51028c19931ba;;;;;;
0ecf6ddee66b38b1e6eb8cbdc5c61b2c;;;;;;
790ab33c62fcc23b527b7528ab94fd54;;;;;;
942ce052a9ab1965cd1c969f1fa011bc;;;;;;
abc2541d533431653aa07cb8b72527b9;;;;;;
23e9340cc697fc342e39bff53f493028;;;;;;
ec386ccb5ff855a495865a07d0d3508a;;;;;;
7fa95e557a7a583da0fb01d55b694f36;;;;;;
1d202b933b4674663f88e986f8d43338;;;;;;
59e27d2d1863383cce7004094a30f2ac;;;;;;
9a4695827d7d281a7003403d51a80136;;;;;;
c22f04b4830d7c3c4a3c6d28caabde35;;;;;;
08fdcd77e9ab9879d6e84f64b0cc5fe8;;;;;;
95a3e06a731b23d09a8d84f2d3edd6b5;;;;;;
672f040e4c46d6db7d96e6aec79992cb;;;;;;
128ffdf64daafd1a94f30f280a295fec;;;;;;
91b91d138f4231839cdf6afd63045242;;;;;;
865aba21e64cfc617cbb95aec3848007;;;;;;
0a68f7c73f43c099eee362c38b794b77;;;;;;
c523bcae89860fcbecac1aa3ffb37b4e;;;;;;
ff600f863999b239a9eadae8bd24a77d;;;;;;
ea60e8e264e529abd2387a3fea70902f;;;;;;
ca3a44f9bda4fe44456406f5c100ce59;;;;;;
314938e26e3658408e943c772ff58703;;;;;;
93467b169f1156afb81c7bdbb95ccf67;;;;;;
b044c6796272e3a2b39deb5d3b65d587;;;;;;
5e03bea78b657357d3946a6096c726ad;;;;;;
b60d2fc62481ce9c8a131a738ebbdb74;;;;;;
63a0059100702473bb91515de87e9825;;;;;;
a4c685e88dc45bbad1e0b16db4d59926;;;;;;
b88f38b6659b47e173b96807fa66a330;;;;;;
8fc66da7870ca98cf552150da5c1ffb0;;;;;;
6750a0cfc3856dae4a7519aabf0abd67;;;;;;
cb8778695437c17e7d2d1842dac3106c;;;;;;
18475b476386d2227213a2d12f38df0e;;;;;;
81bb812b26c4d7461b0db50bef0354e4;;;;;;
0697e21f0b497af2aa71cdfb9ddef8aa;;;;;;
2d125ea5eee5fb6afeeb063cc3a96241;;;;;;
f28f3f3ced535b6fc1f90e81dc3c2fb4;;;;;;
f2f9f8cfd9b90c717ff8abf6f78fd315;;;;;;
1d14096a0a93645f1794511e59e87df1;;;;;;
b289df10252c37754fc886e37fab6df6;;;;;;
13785a9fc9e3ec216bc3d50ce6ba92b1;;;;;;
8c1c0bdad3cb33794938912c64124453;;;;;;
86dd0dca9aea3360070af1177dc61941;;;;;;
af84512908012ec5a10dfc6402a8e77a;;;;;;
938d21d5e1ff1c77bbc61d40d28c2672;;;;;;
a333a97ff82e1611e27f0c8298746173;;;;;;
c546854d2c3f80c6ffb60983b29050d1;;;;;;
c2adfb706f7816f843bd5cceeb45ae96;;;;;;
c1fb770918d982c4899db3b32576d04f;;;;;;
cad3d8cba71963d5f90ad021399d2dab;;;;;;
34749a8b57f5882e92e0eecc9dc09d9c;;;;;;
ca2cf59d42a8417af8d6ae478fbb48e2;;;;;;
5374d9d72299bb50ce49643a3e18d353;;;;;;
8452759fc3eab892fe7078eb0b6397ec;;;;;;
0bd62cb7b237e42734c969c47213c2e6;;;;;;
a94cc92cb1a5fd33c45ef47bb53ddc1a;;;;;;
f4e1289bd3b84ac88d0eedc7b72a707d;;;;;;
861ae0d331cb4145e4cff7c804eb6b95;;;;;;
dfb3cd827e037ce32eac9d4b4edcfc6a;;;;;;
49e5f1844da861b171e0400e7ba112a3;;;;;;
a8774d7e393ca89e603dddc2683ee35a;;;;;;
c8f03e9bbb7c4022e6fa91dd9e5f0572;;;;;;
859fc60e1005074e845bb7d885ee1070;;;;;;
c666252ac298796ce9fb781a94bb34c9;;;;;;
ebf541a60fbc51ea8f7992d8416725e7;;;;;;
145b5dffc25c53e7e44c342419dbc41b;;;;;;
64d1179f3a773c9f1a50e94bbbeadd40;;;;;;
9bf80368063dc74700419c6b4bfb3898;;;;;;
327a0ab9b23b53e9fdf9339970422015;;;;;;
64056ed6cb505a6073e0bc6559c20dc5;;;;;;
6d5016fafb5804ca28f87a8400d8e8a7;;;;;;
cbe40c64a01b7c605e174b4b9f8dab06;;;;;;
3ec14ac14512ec9365e38b8ae2297f89;;;;;;
d8f499eb109973e5d44a1f954dfea16b;;;;;;
4e8b944f22c8cce5f4ba422d3ddb04df;;;;;;
879930eedc82e6271e42e1048df766ce;;;;;;
f16d38eeab7720e19bd1ff93e6ea3f31;;;;;;
44ffb9675f7e43afaaf0629eecb9469a;;;;;;
51976f1b808f7219a240ac00383bb694;;;;;;
bbeb78c761215805237d36e545915c5a;;;;;;
c90e4d5f8b9738cd43b9315bf9c09cc0;;;;;;
2851e33ebc0d2f3f4649a98683877f4c;;;;;;
9b2eb62528fbab15c3265a24929c2138;;;;;;
05f6af2d4e0b1b6649fd4faa06b4f5df;;;;;;
324beb8aa135033e3d0767c0a76e5a8d;;;;;;
4d255c997bd97329312a5468f8afec06;;;;;;
f81c8de39cabaa9b42f8006b1f4e193f;;;;;;
5dee14e92b0b34f1b107ca24c8c5b76a;;;;;;
7cd8c50aa111dc98b68a4c372baceb33;;;;;;
db11ad9b3a141bbae673070ae9d23f05;;;;;;
48a234431ebe7160420af2410e746de3;;;;;;
14058053fc6c7c6476f48c4e384f3ec6;;;;;;
0b7c8201e63d9595aad891431a363a55;;;;;;
a9009c9143c9bf7f3fd5134dc74ad987;;;;;;
23e6dd5ce41fce90dffb97a7e32b1588;;;;;;
0b201190c6da3d4c8636c30acf160aa4;;;;;;
adbef043e377f93d201a36eece77945b;;;;;;
c47be0a0c4348b367786f9381ab8619b;;;;;;
e3a161801848c8b65f8a822215794754;;;;;;
635bcbb46c4bf6bcf3b8813cd33c882d;;;;;;
6e3f153a29e6455f497fb28dd10cfef0;;;;;;
fa34b60958ebf98631442e3996b5dd2c;;;;;;
a678731bec450989295de8073543c1c3;;;;;;
43abd46092df471ba9e321b756a55889;;;;;;
255115509be04355dbafb72e4afce68e;;;;;;
ac156eb7e05b4755e9276467497e61df;;;;;;
fd1d4933fb37a16124e9a18ff3be7d7c;;;;;;
ea0c8fe7dfea95062dfa8e8a54c03582;;;;;;
23f40853d097a3ab26360cfd67a277ba;;;;;;
0536511f17cb1f4cc9d53927f0f3c1fb;;;;;;
a352b8c54d7f4d58a502b6c791a1ce23;;;;;;
6666121246fcba5222f686e478c42343;;;;;;
6ce0e2958b8e2914f855649102dc5633;;;;;;
45af605a15368324035b3e772ff56c23;;;;;;
9977ea3c91e2224f4a3ec57a829f7308;;;;;;
b0ce82dfd86657ad4c1ad76d1f0ef9a7;;;;;;
2defca7cfb92ccd5516db41e4319e337;;;;;;
f3aa300b62b179be0497efe0c6c4fc5c;;;;;;
73bd29b18ce34fdc0a4b7b35fe2d18e8;;;;;;
047910d8a9c0752dfc4131b7873592e8;;;;;;
cfc006b47a476ce9cc6282eb6674b094;;;;;;
54bdb24c839955d39507dddf6c0958cd;;;;;;
0bf90f9a7853eef2661f1511ce4fb8c8;;;;;;
ac81e1af0b0f5403c1ceb4efcf09d3a3;;;;;;
dbd66fd6873eb1af8cbddddc6e91d68d;;;;;;
f5b3cffcabffd18a0f25460954bf783e;;;;;;
462ffb2bd981c2b223096f4e5ed11f12;;;;;;
b9cc88b5fae98685affed5b6d43b3b4e;;;;;;
75de1b4dc6150bdc513a6422b5cf41a1;;;;;;
712c43e52ba670401d8848339b470ea2;;;;;;
209a7558ccd6bd6268c81ad13d144d69;;;;;;
5ededb1dc8d48d3d8ff173c60615de8b;;;;;;
25e4165a94599126d1c8693985b167b2;;;;;;
13c921b9b70ca11bbd88009f5a013cf9;;;;;;
ca80f00a8f87dbc2eac3032a06623d03;;;;;;
26c5b1cd533d752acbb2adb3c2179ed2;;;;;;
cd3666353f073eb3eca800de53b5feca;;;;;;
2b2dcfdc14ca336696b4aaaff5c552aa;;;;;;
c35ed055681df8246f849ebd2d3f0f5a;;;;;;
d3691a623ade64bd96121a8413778554;;;;;;
c61d35aa5bc6079dd312d91110c92255;;;;;;
f4a125486afac3fca9de14708e44f1fd;;;;;;
ce14f956f0493f9c9a008c509f85fa96;;;;;;
e96a1d58d3d5f572b117eda9c471271f;;;;;;
183c4e82691787e4c489daa606c52453;;;;;;
5f11ced5ff50ce1a8d481e1ce0049eb3;;;;;;
215ba5eb85f8a90113a8f73353ecb9e3;;;;;;
b00260180f2cbc145b63e96b497092fc;;;;;;
0e07b4200fc97769f493853e8b283845;;;;;;
9aba010d35d80615d428068119bc74e2;;;;;;
a72e9d75f2d819569cc62e1af4a9ef0c;;;;;;
7f032a4b32210cbda67b7de9968c8783;;;;;;
d50545299631c11b1d829066cad014f3;;;;;;
c79a1a3b4b584c065eefea53fdb2c618;;;;;;
198f34e08c1980f85c2aa5ed635bfce7;;;;;;
11f92134a75482847154be3c725ae8de;;;;;;
0818ae7165af9e9da0e2ceddf79b2832;;;;;;
0838929fcff92f1cc765e66243e03f0f;;;;;;
6a8fcd0f7a60f1c419e8bcffb8b4e2ca;;;;;;
c4883c6b3c0a760bd5807db62045c952;;;;;;
0527e78f5183793521defb6b6aecd886;;;;;;
666ee2f64033e509fe3189168557ba52;;;;;;
74ca5a4db9bbd19b805dcc00a4018d3c;;;;;;
556c1eda101817d2cf0d17e5f7ae0bd0;;;;;;
b9c247bcf7dec1b2e5ca8e597b5038a8;;;;;;
f9fcc7a20045525214fee07b79f92fda;;;;;;
2cbadf2721077d4f91c495b012d868ec;;;;;;
51ea376c6ddea73a7c2a410d42cf34ea;;;;;;
a9ae1054abd46fcfff050e372c7920c2;;;;;;
e1b5ed427b5cdf7dbc77c0b9035c07d9;;;;;;
0c33cbe8939eccd7a967808f661d50d1;;;;;;
e59289a3d6de4787e220476ba7b46d73;;;;;;
75718af553e0ad7ad3e9edc2d3987ea7;;;;;;
acdd3e4a064ebefec5ff83e9da7ec5a5;;;;;;
2444700a28deafdfd693d0b07bc17811;;;;;;
4d295c56002665af2ef7777a9f86dc4e;;;;;;
e80db014ffcecf92faf155149b15390c;;;;;;
42db864b0adbdc19f34ea168cdccfa34;;;;;;
e148674490cbce62fe9450172cc05e76;;;;;;
151427f26a835c0826c5b7baeb73467f;;;;;;
feb8adc71caf7bafaaed64f811aa05fb;;;;;;
29e566976638cb16aeb3d9a77ec92224;;;;;;
ba099eba636874972a35f735524d8a24;;;;;;
69f29a56fb3afc63bf91f6d35268ef69;;;;;;
d72007300ab025cc01e2d2f75409c7e8;;;;;;
8db00dd69b23151edacdfae7a97bd039;;;;;;
3a2dfc1ced698d381042807bbda8986a;;;;;;
e6f01abd3078d1a3a3346337a5c4f359;;;;;;
2bd70e40e84aea536d498027883c6775;;;;;;
56b0ead406ce3d9967a7ce942ce531e9;;;;;;
63bde5cbb9933992be1dd8de386cd4b9;;;;;;
6252bd0d56e9655ad7f91a43aa4580da;;;;;;
2a63077efa0e8a33577de3d4236630b6;;;;;;
f2d70fb0f939e663e0c1f1f2fe7b1a0b;;;;;;
bfad7e6a8dd298e89428eedea410107c;;;;;;
107b64e6919a9508215ce03e95083652;;;;;;
83fc444ba2cf1bff998ff6fd491b13a9;;;;;;
6e9894b248e2457b542d5f0b8586842b;;;;;;
3e6b62705f0990075af52bdc6b79bf5f;;;;;;
45855d9a847f7733ce404bea2bd68678;;;;;;
52fd3452dacd2fd3c5a8c85037083327;;;;;;
acf0826b2aa3c963f94409e14c44e994;;;;;;
0e562c746d3b0a322af9afbd2929200b;;;;;;
732f7400a12377db926cb099c3335d26;;;;;;
43b36892d95d9e30f551897b9d064e5d;;;;;;
60c764d0dca3636e9e27848a2b2765d9;;;;;;
5380ed64bb9f2492431c0ab7d59370dc;;;;;;
618c60c0af7c64030b92670d40608a15;;;;;;
563778204de08a5680f43a65f7e00671;;;;;;
0eef3e3c53a446122ef5a127ea81e41c;;;;;;
0396cde7a9148228cafb8544a5733a70;;;;;;
3b2ef0d9228bbf07c7b333dd91b09158;;;;;;
406d7628abee1fbcae7764fd47b93f79;;;;;;
1379f2223963df91fe4e3b4b9a57b6cc;;;;;;
95463ae38b4450acf196f1ced79586e5;;;;;;
cb565928e97603542dbfaca0c3994756;;;;;;
2b63fff76e8b90a151c8b1365d4667a2;;;;;;
32ca4aa45a620d278949153da0af30bc;;;;;;
09406da231eba2ce132896663b69425e;;;;;;
0e0cb898733c9bb593d0bc60cad4c22b;;;;;;
990dbdf8fe9c4e35d54244728fe2fe12;;;;;;
2d19c72fd77321db9d6d325396bfcb11;;;;;;
eba30edc7201240f3da56be0288935b3;;;;;;
bae7232e5cc89cb5f3cabf7feb2a7be0;;;;;;
2a2df27d2cf02e935824bf8c5bf8ec43;;;;;;
7c74e7ac767dc7c05f3442bc6d3bc152;;;;;;
e916a73cc978994f1807794e6e53d3c6;;;;;;
5243f4c8df3462640c420c3e99a243bc;;;;;;
8d28cfdda08d7f25775046ecc187d66f;;;;;;
ca06979297b64c3d88260c2c3abbbe19;;;;;;
f18e544eee3f7aabb7eb1a8ca2838028;;;;;;
884ef035cb215184564e512197ceb2be;;;;;;
a558dc4427b6fbd610f1fb85bab01551;;;;;;
8c1113335c8c373ad0df462a853a18af;;;;;;
8280a1210ac47bc3d858a0c58257506a;;;;;;
088a76e1a46d6cb229cb3a848fe0b43f;;;;;;
4b2fd299b0e78083d74e9fb16da52460;;;;;;
8d7fb6d6914b72f0b15533986288cc7a;;;;;;
13b69867b2178df6a3b695499b0db553;;;;;;
aad03adc05647fdf61f69c1d93e21879;;;;;;
696722babeb7edd2bfcd968f3da212ee;;;;;;
b8700d7d1776f5ac7b905621e7ef79f1;;;;;;
dc56fcfb21b1adf6aac0a9270cf3a09f;;;;;;
728a41557ea957ce104b7a1a6880b8e4;;;;;;
acfa8cd202ef95a4bbf28ad1b99154b6;;;;;;
22b152d770040e7d30f52418230f130f;;;;;;
b0b9cdcebcad7c8a30ca582cbcf2b29a;;;;;;
b42c78f552d9265c0cc98c70aaed18d5;;;;;;
b467dc586ee5f741f047a36f9c191811;;;;;;
2a3f7272148f5c954da0db807268018b;;;;;;
75246c915288cf00a391b440361ef606;;;;;;
d781490eba7bbd324c4dd5808d0e6d91;;;;;;
b2c938eda2a9c163bd955bc23ff69569;;;;;;
d4068d6bac3c4a45665092bffcfad8e3;;;;;;
39db93ac1df4f874dfecad2b5af23148;;;;;;
936f227d6d8bbdca3a6768b239290134;;;;;;
98dc479990abdd82b9823221cd79a74e;;;;;;
de2d93fdc23742879bc263a1f47fef59;;;;;;
4a3a297003fb575f6c9c204caddff41d;;;;;;
c49d599e25f340ebb129196a1fc4275e;;;;;;
e8819871b16d67ebd6e33d741c241e26;;;;;;
1080c9074ab62cb215e25c30ed7ad6b3;;;;;;
10e1646ca8e5b909a2a88500a9070250;;;;;;
b60b466b84178037c266fe9253b1f3dc;;;;;;
47cfadc338826d00ba1d9a145eb6ebbc;;;;;;
5c62e7eb07ab688fd53e0763d96c04fb;;;;;;
5e964491023e8a156e6273a5851e5166;;;;;;
26ac05e2b235801c5c3ed7a53463cd8b;;;;;;
e50db69146ab3e670a16e8b6f2d3ad6a;;;;;;
4215c4b6546c6b803b0b27514060d95f;;;;;;
e83696c742f37c8adb53853bd43769c5;;;;;;
69840a7e8e6af1eb0faf1662097e7eeb;;;;;;
bf92ce5e993396ea1971250cb4344480;;;;;;
aaf61648d51b001c4d5c7efe02192c1d;;;;;;
76354b2aa0afed884b48a39c7ad10edd;;;;;;
37d28a3200a49a021566876b4013dd9e;;;;;;
006b0e8d6bff56ba2900b39d488c1f80;;;;;;
6b9c050bae13d7fd6cf957d1e1b724aa;;;;;;
9728001102bca15dc3e392872dd81904;;;;;;
7bb12c8c17cfd4b8126e927b28e70397;;;;;;
57f277525640c7992cb0eb6e15c1c8df;;;;;;
dc8616c8a0eb62f4ed81efb3f6237789;;;;;;
668b5ea60a54282bb9170786e5f255a5;;;;;;
e0678cfc27b68bcabc46e61615043390;;;;;;
70b8b6d12227d981645ccdb4ed5f3080;;;;;;
5651c5936d89177d047fd3237857612d;;;;;;
f0e6d812c17ec460cee7aeb4653bd26d;;;;;;
aa3915b8cf757083d0e153dc7cf9026d;;;;;;
fa26396ca0abd865eed641abead25f3b;;;;;;
00db5d59a919eb433365c873d1137cc3;;;;;;
cf5f03c7251c5bddf867abc027ed34fe;;;;;;
2559a08a282ed55cb24b752ff15c1dfd;;;;;;
d8776023204220ac5a6a344ce149223e;;;;;;
827e100f1eb2db52c484deb692bc2ad4;;;;;;
e354d76acb8fba2cdc2bb4e97dd6ac4b;;;;;;
5c0eef1d2506c05e6d4ba9e9f797a780;;;;;;
c4cc29b0833c634f87687e6a003a3c74;;;;;;
a07a9634aaac4a3ef67db58174e0feaf;;;;;;
580d3e756b7ff9eacf2a3b137f57f810;;;;;;
598baa6c50a972520ff96cb5c067533b;;;;;;
1452ffcaa3c1dc5592685b786fe68a54;;;;;;
5b74e971e13457364650e170e6de6955;;;;;;
fa65adcd0b1495acfbfff4ed27119150;;;;;;
4461990d7c79073743b165d644a3acaf;;;;;;
99e153c13219522b60aa6a4188a69247;;;;;;
819623a476a35d45ef41111da22a2d6a;;;;;;
c89ad7dd1569962179898e6b9aa44446;;;;;;
53143d2afb03ee8f5c00dab8e0eed834;;;;;;
a310bf02771f8b76289f620257d5ae15;;;;;;
6f6b85c3cdcf05f7fc87f6a2e952c8ce;;;;;;
95fcfe0b735b691128563d75dd212074;;;;;;
dfc8f2a55519da9eb20b7475d9dcfa08;;;;;;
a51a3272d7821a78ef853a2a642b3639;;;;;;
0cdc34021e53668eb000df4b88f995a8;;;;;;
0975190c2889a921d0b48e3bc769c01e;;;;;;
5a0a48f482ed3a5169cbc9b4b60cd40d;;;;;;
ead88e0533fade96f79e8a3be373dd80;;;;;;
a2ce6f2d0a5ec84afd159395ef1b0513;;;;;;
70276dbb5e18795111888733379d122c;;;;;;
1df018a3c8dc91d8202611e7d0b1a6cb;;;;;;
65c78db56f1bcc81646efa0a09a20af4;;;;;;
015307c8ad67d86a0685541a23bbd044;;;;;;
50f131e785d65406555323109e580518;;;;;;
0fd25407bc650457bebb9ec1293f1c5a;;;;;;
30bf2cb79ad7127377bc95445f68447c;;;;;;
0f66d15f5eaa96344085aed705210887;;;;;;
2dd5f90cd34a00080c2f34e69117b421;;;;;;
481a5cbe2c1864883a57a4f702bc4919;;;;;;
c300ac529b3e164d0020605b1f01c975;;;;;;
0f544dcfe88f48a2a7f850f87d15418b;;;;;;
e28eac8a6b9f81f26a9d031899d24066;;;;;;
a69a9619c268a60ab71b91793fd05138;;;;;;
a90e3c858c2c38e8eaa123ac1573bf5f;;;;;;
ae17c04773d14a252b6d5798140b1e35;;;;;;
5511ad4382cecdc701efee5a68d7b3e4;;;;;;
6b7a0051acb68bef71a26a8d50f4a5a9;;;;;;
f92f8eebc45f708b45781240c04b55b4;;;;;;
f7fac2179e1bcf79d7439baec9eb5534;;;;;;
bbf2ebbbbe639d6f3034eeeb71854236;;;;;;
855b38b50f7efe0e5168c5c3ee75b43f;;;;;;
7d5c66b527b359d4dc8433ed4dc8d021;;;;;;
f9e4caad27439b8a995facee9411a63c;;;;;;
b1d5c9811324c36291c1b9d64d785cba;;;;;;
af77a7c68fffe08012e562b007d6a1f3;;;;;;
9cf24aecafdd9b4bccfff659799c823b;;;;;;
00c3f870639d22d734afb658c50f7753;;;;;;
6174509938316f294bf728e1b70db7fe;;;;;;
86feaf467bfead28192854cf29d1d407;;;;;;
d52584b0e6e87001c80caf022f1c14e7;;;;;;
45c406b37282e4071ee83dc7b4c4b524;;;;;;
db746f182a5d5c74018fb9b822ed0664;;;;;;
1e6b84f08c3646f340cd69167202e689;;;;;;
c8fd105aad6cac560be47ab14677b872;;;;;;
f90408081676eb8ba8adf6fb26e1170b;;;;;;
6908775fedaf27f25c31dc29b4e1b1c4;;;;;;
88b41c3c06d32b251d87ebe346baab42;;;;;;
1c4b3a3fb7b82c3a6423b4e9f4107695;;;;;;
8a35d54a23d8d7f90e4f571cd7e0b387;;;;;;
894cd1a6faa753821be199484d92b21b;;;;;;
cdb973c169b91eded413b271fbc6ee7e;;;;;;
218666164a628a3da4e8774f837565e1;;;;;;
c15cf0aad42483e4ec140a70cbebe402;;;;;;
fe7c6d94bcaa617a2024ee41c263bfb8;;;;;;
027cd3f4d36acf8900377afd70cd6676;;;;;;
15063f43c93c483f101a74dd35ed2a40;;;;;;
9bf6e07b71c248dd81bf4a390705c3e4;;;;;;
b28b9e49aa6ead173bfb56c6be22099f;;;;;;
b219295e39ee5e3eec6a41bad263f1cc;;;;;;
6b31ef1f32f7c6379c8190fc281e3be1;;;;;;
f0ad97a72162e369952b1e069c477ff4;;;;;;
bc38589d527207812bbdad1cf59aacfe;;;;;;
110fe6727dc612f824a8957597b8b459;;;;;;
dbfad036ac8bf471049a8eb68681c698;;;;;;
bcc042a6be3fafcb88a5dcbccc48994c;;;;;;
9ef4d1ddf39631fed608bbe744c86f4c;;;;;;
391534a504cd1b3500739ce7be619ba8;;;;;;
0379b8bc71cad184f1ac63a467909592;;;;;;
bafc7776c83de37716bbae75e865cccf;;;;;;
c226d714118563dc507d23111ebc04fc;;;;;;
33a978b6959bf89c7b75cacb62f5e76a;;;;;;
92764ede5cdc2e7f1d6c3f513b86e5c8;;;;;;
33be4857d40f78c96f7e4444d5f82966;;;;;;
0f6746119a862558f04785aae0e12e85;;;;;;
faf4c605305c970d8c0b413bfb11be26;;;;;;
a893c0201d876e89192f4e78304d13c9;;;;;;
a1bd1ac14d9cf8d26bcfbc5d7b01b3df;;;;;;
819125bf2470f4f24e9ea2e23fedb6f6;;;;;;
9af73d73b6672e800c4f1f0651494dd4;;;;;;
beb2ec2cc7de66718095d1456a7223b1;;;;;;
8f1f3a508f41cbd778afd1ec5f78c799;;;;;;
03eec6dca81b8e5c9c91fc862eafc65f;;;;;;
7c96939f2f092810a6842296a988ef6d;;;;;;
0f3485d7b12ebf191e7782df2a034f5f;;;;;;
c230402c8c05111f8fcebb39d57b49af;;;;;;
29f156eb07a6a3f5cdae177f9867cb26;;;;;;
411231b61fe58158c608bd06e21a950c;;;;;;
969845a785bcc000e3ca34c608b52758;;;;;;
f43ad3c86611ff7ea05089c9d1f1e78e;;;;;;
11c347eebfdc3ef9409cdfbc8b0b40d5;;;;;;
f7bb7e782380fd6788865d6691a59a7b;;;;;;
311078d34a717efa0ef635535bebda4a;;;;;;
a85ad5b38a45670aa50ca46f0c4d4a32;;;;;;
8d5003338eadb63e47a4802113740287;;;;;;
942f8eec9b334232d5d502f8491ccab3;;;;;;
b8294f4e001c9732928cb5a9cd1ace7c;;;;;;
130094c21f383eb965acb099b6da27ab;;;;;;
550f3bc55cfd4c3bd19229152bfa8373;;;;;;
e1a461623eff6d6abcd023b0270fb3e8;;;;;;
e91c2cfd4fec14deed65fe8781b6848a;;;;;;
0a4864c2b8a004226a1af81ebb7d97b3;;;;;;
25b7da8866522af87f028c8a9ec9ec41;;;;;;
f799ccbcecab06687e3ce77c4d94e43e;;;;;;
cf00200037f8df006d24f148159fb842;;;;;;
a1fe86628c5cfd8980ef2e7b69f481c8;;;;;;
36810d4dcb42c3395a8e6bd51d140a7d;;;;;;
77bda73785ae22be9e9f9aaf46f42a1e;;;;;;
939a22f7cd95af8f4f888317835d5b6b;;;;;;
79403cb3e16dba19c58087b047dd498e;;;;;;
69f5a1668823ae8b044e44ba75207cd8;;;;;;
48aedcb9b8c5247db43c5ec044c0a34d;;;;;;
2017ffde7ba62c34937bbd28c3e2ba33;;;;;;
b9366c49f51f7ee84e1b4dbee8e7049b;;;;;;
ed0aad6afd8994e4cfbc46dc12965dde;;;;;;
0a1e16e2d1e0b1cd476143fe74f55d1d;;;;;;
755adc6bcb83e61f069b1f5c3149bd05;;;;;;
49591a4164053fcc756f08ed92f421c0;;;;;;
2fd08946bd4a91eb58697bb08147fe10;;;;;;
36be2079ef30ec7160cfb0e29225d236;;;;;;
1ed3487befabc515531f1a93763b199d;;;;;;
7c8cccf8d4724a559f03ff1af23ee6b9;;;;;;
db3818e10d0f0f2b4b6b0e1ad4a32e96;;;;;;
7eb396976fa1c294430c79001af403c1;;;;;;
f65af6922150d6f14e0081012e7ed3d5;;;;;;
e1f2b065a2bb7ce7002aec26e355518d;;;;;;
5cc88e4fed309960dfa415d31a37473d;;;;;;
5074b519cd283bfa2f5a836849d7432b;;;;;;
03538e4d8cca2b0dc0cb414c749fd506;;;;;;
5a490642c45c645a9da3f081729e0b78;;;;;;
ef1b4840fce7bb6b69bf4c15f9cbf52f;;;;;;
16fc7a88f82a4360bdbc0ecbd975cb56;;;;;;
8d47e85a2be756dd2f9b9389c8966363;;;;;;
652ec45a4aea2e4a9cbca79460c3878b;;;;;;
0604190105e986d9cccff81ae99b7818;;;;;;
c8c4e9a16136eb8d8855506e0a575b16;;;;;;
07d85491ed7cc5cf44ec3a5376c3e0f4;;;;;;
65aaa6f996006eefc757a31a255ca96b;;;;;;
71472a9acd53c7130d37efaa3e03bcfe;;;;;;
a70262ddcb519586340be705e9d68bfb;;;;;;
4a26207a8c5dc9314fae75fa40c78a82;;;;;;
33640eff0991479ab9d83ef243f0d265;;;;;;
7f3ef5bb3c861e937cbbe6a0d8c190ba;;;;;;
b5cc118194c1fd58e7bc8396455204d5;;;;;;
1297e8152c745750146e7be195c500d8;;;;;;
ecc3bbe3a66f67f5fbb836d9b26aeeb0;;;;;;
818a194566e1bda645e7ff8335e0459c;;;;;;
8247380a299a3e35d3e46a279d2153c0;;;;;;
f121fb50edf67b6f351d0e41c0b7a372;;;;;;
2bcc2ee0f42d7d6d70f980410f883ec1;;;;;;
188945dcd61aa8bcb736b2a25180b806;;;;;;
d95ef047eb5cde147feafa26a9e46c6a;;;;;;
3d3bb2634f9d33ea2ca1b7d40be2f3a5;;;;;;
f3c5a83248997b40ce2695c32d7ff869;;;;;;
c87f17a4740de01eaa752e7f3ca377a3;;;;;;
c045f763bf77fb4d9e1a603298f8dfd7;;;;;;
9f22711d72781cdce41b06d4025ae608;;;;;;
9e8baf410822041f1e25f6212b1e5ff9;;;;;;
0ba616e583630e2f22448f640fe896b9;;;;;;
c3a9c979e6963abc0f6f34b003be730b;;;;;;
8942932f5bd8a457168d660ea4c632fa;;;;;;
e9bf7d4dfeae15397be38f5bb84b3b53;;;;;;
0b9c45f12e154d8ecd09920633146d8a;;;;;;
387816b7f3915d1674ec11b41e98cecf;;;;;;
d1a499efbf3c50f9f4de1e7e4ef1082a;;;;;;
cd51106fa67caf35f603c128c6a2ccef;;;;;;
9ebf37f13b83b6df8fac36765725c0ee;;;;;;
8564a155ec11e859cfaa238011105a9a;;;;;;
e5f996566e3e4514be8303a14626cbed;;;;;;
71bd9a7cd9e0198d1580bf1c4977ff9d;;;;;;
8f8f75e052298270dda2e29072553666;;;;;;
96ca71dd8a809172edb1e6798b5e45a9;;;;;;
6486b06a60bb9e7aa245300fa4dcb080;;;;;;
f97c19930bad5490fb059d7c8094ce9a;;;;;;
17344b05ba657d587474cceec0056070;;;;;;
2de7e96ffdec86ddbe9380b3dd8bfa63;;;;;;
2b5e18d8fc5ffafca90072c06d6127f4;;;;;;
58487db88ae85da12b514698941361c2;;;;;;
f5cb271d3c3779347fcb6176ec63dc60;;;;;;
f6090f61187b5e9305a81fb343be0e4f;;;;;;
45c1a664b280ab1dcc8ff9ab9552c064;;;;;;
323e176e15cc975246830e6b13957270;;;;;;
558e72e66645dc2227b485c62808e217;;;;;;
328d89d4c868d67523960ace4dc19a4f;;;;;;
7efeef468bff5fb67d9021d39791f428;;;;;;
bef57516c38bcfa5b9071c4821db98f4;;;;;;
8744802f673daef2855f557622c83e8c;;;;;;
b31a789beca4d41584a0ede704708013;;;;;;
b8a7fd1f1012529767bae3a8ab95befb;;;;;;
657e0f080ae00ab972ad5d05283ced64;;;;;;
6bbd6a33565cc45c4c1019fe654a634e;;;;;;
937ea78eb5b955dcc2f81773de345666;;;;;;
830d0330101ee7b37059eb33e7521b3a;;;;;;
2d8404e706e70d02c2af42e584a89513;;;;;;
edc8eb1a0ab1f9502e334280c68ae0ba;;;;;;
f9ccd0f1b1a71226e6ff010d5ab916d6;;;;;;
5ff306984baf8ac478f99e9acaaba521;;;;;;
eee0d9fa6f6611208447d68b92efc99b;;;;;;
7acaa8e9add1faadaeb5e056898a3502;;;;;;
64355580d0778d1f2c154169c0d87f31;;;;;;
3b1e6c4daa884f5a8d7b686fd4b6c2a4;;;;;;
8cdd0832cb32aaddf39372aff980a3e0;;;;;;
5136cf6b4e6f1bf4ad0d5f20446d25de;;;;;;
9263957f1711d1bd382cdbcc942376db;;;;;;
1a2bd3ab768b84bc0761e9c409ed71de;;;;;;
5dd6d442db870223b3d9eafff7152e58;;;;;;
155c701ec6ef50f0ff16d48a4f7733ba;;;;;;
e944a003a008b7bbc86fbe3fe1721fa9;;;;;;
7c79a8f9c2f9d0405144531f2f49c433;;;;;;
df312115847dd8a919b430ced6c53c89;;;;;;
986c886466e28b24070c15b6842c4f51;;;;;;
ab7d52964f4a27c8b698f35fc040e2eb;;;;;;
154f82f1c357a01c080a61033fa891f8;;;;;;
c8c4afea10f48b26104f89a87cbf3170;;;;;;
19117f584167d3c9a80f096afaacfa50;;;;;;
0358bfdfd91477160e46bed80d54d789;;;;;;
aa312cb825827ed583f42b4d4bde1eec;;;;;;
8d102a1e4c448443cabbcf074a8c4f01;;;;;;
f020f7d20490c41e6cea37a08ae62472;;;;;;
c131ac1a4c869dd14681256d0aca4eaf;;;;;;
9fb6500d00c07d8fae7af752d31e1eb5;;;;;;
d1142732456036518d8f2364fb31e0f5;;;;;;
c4f4e5d4388ad46a2ca728a7d911da5e;;;;;;
aa74b9c1c3e5a9729044384ad9d6021d;;;;;;
81bef28a8ad697e33e49b9c3a14bb707;;;;;;
99489a72121e0e205df0f8b9272f0a28;;;;;;
d082c2f0a4c2ec9a0da9284d81268e3c;;;;;;
36469b1a248d737b44b7ae741a007d53;;;;;;
87bd64effa849f14a747a9c8a2afb720;;;;;;
b85417900e3c8f163ad42e4e056e7dc3;;;;;;
d634116a3ce91d7e2429b5d7d51ce415;;;;;;
786904647bde95b75f333d3b6da442df;;;;;;
c3f18a7edf09d38bd4c2b22a878b3830;;;;;;
d995e4e2038a412247887b7e7d010476;;;;;;
65bd67bf388981521528ba45c3f22a53;;;;;;
8674968bce2994f82a6d5e4578e1bd7d;;;;;;
60c5be5c7a89c679debdfd2bb197d088;;;;;;
1d748d3c8023d9af0ae742fff31e30d2;;;;;;
303a8adadd731b94398cee9382e6d31d;;;;;;
9fa93b2f117bb91b32b3af0ac1001935;;;;;;
861fe5f8b60c760785493c204e2dcdd3;;;;;;
892abf18ea117cbc24953231b7b29e24;;;;;;
ca4d176000ca698bb1c0411b9445e7e1;;;;;;
c34d6ecb68c26c901b563d5b521d999c;;;;;;
4fcda4e2d2f80c6ba0d8e392fc77d5b4;;;;;;
9b7d4fd1dce3a9983bf2fdf047b3fd50;;;;;;
7f599356102e4f8f87893d455a7248b9;;;;;;
fb952529cf39951023b2de3c7094a050;;;;;;
5825b3e7d0870c2f2d9a125e0d8aa0aa;;;;;;
f6f85d1e8682dc34c32dce990f993eb7;;;;;;
143d0226d6a231a5ce2d840d5632891f;;;;;;
b584593ee19e729b8fc95195e1f4a975;;;;;;
b1f7736e7fbdc7e27234d57965ee1850;;;;;;
56f9bfccd23eb35d6a8bb6def9ae5c56;;;;;;
389651de7578849d2b8e15141bd0c574;;;;;;
2bddf49d7c329f0f103832c89027cd2e;;;;;;
c15f507135f12b73f2d7c0a8177e725f;;;;;;
a9bef3b4381ecb38940a470a95082d7c;;;;;;
fb1913af4bf7f52575b6e6e65bdfb390;;;;;;
7e4eaf77b053d3209d41810440a7472f;;;;;;
8cd6b0f4a0b830656cd85db38a23bd3a;;;;;;
2621f7c224dfd257fc3a6eafabcaf78b;;;;;;
e0de0551660a89b0a0203627b6323a84;;;;;;
d9d85e98e263aa375c113e1f5cf77c9a;;;;;;
054deb1e96b1721604479cbb6a172a8f;;;;;;
d22f0a71ea623d167539a65921b922ba;;;;;;
0c9eea23265c7eb0f78fe14631e65bde;;;;;;
29dae9bc6bc73f509f95dd5f8b49400a;;;;;;
bd775b5e78ae3a805b7062f42b722386;;;;;;
6fa3fa9ea080a9f49357b6e42d199760;;;;;;
dee2b1f5a2d3edfa049b9b8c144e03fa;;;;;;
c928dbdf2eb6e65fddbf66ee02cd45ad;;;;;;
dd0ad42127674034358a06424c60a52e;;;;;;
82881731ad6bfdcd2b38460e8ec3f494;;;;;;
9a88706860c53333be50fc488b3bd5ce;;;;;;
1dd5888e7d69972d128f6505ed814063;;;;;;
e711c2703e434c6c9de64497218725a8;;;;;;
1cb7cb8108fa156a9ce889f3a3878442;;;;;;
c16370029331c937a04f63729bad5c11;;;;;;
a27459c52a6d8b2504ae83453cf23be7;;;;;;
39ae2bfba07ca72da1f5d64d2cb59b0b;;;;;;
1e9129a86e4188ed375c674be50fe57a;;;;;;
c749670c32f16430540b8df782b3ab8d;;;;;;
d5478f70d496f56d67eb60e0fb5a8ee5;;;;;;
9ed2c5e17c115da6b54a16527eab4eec;;;;;;
0049af1dc12fa240f94b168b340b03b7;;;;;;
67024a6b574e4e68e94a20d45b4ff985;;;;;;
83489490331e1719058186c556d2778c;;;;;;
4ed24284d0701497eecd2c45c15a47e3;;;;;;
cfe2aca7db815708c0db668fab92737e;;;;;;
e8d4d467378db6eb92afa630e25ab7b9;;;;;;
0dc9937d61a6f0ef650ecca9fa4036b1;;;;;;
3805669c8c88a9c9f557b4c6f92e9152;;;;;;
cb23c79c7de03ffc687c95744acfcc1b;;;;;;
34ae0b07bf6ede24ba1254698ef8a91f;;;;;;
863a88698f2a1ac7da1dfa3af3484608;;;;;;
642aab649935b7322a804ea6286a9c19;;;;;;
8b572879b28d5f59df8b923aa5d18ca6;;;;;;
7b7c89eaaf1df4b73d1217a9a0947e64;;;;;;
98ee3c495f345ba7f0b63cd6145b7092;;;;;;
dc2f9e17bb3b11a1321b4622e83101c4;;;;;;
c645b61a4f9377a466536cc44b3939db;;;;;;
cccf53eef9318cfe9e64829bb53005a2;;;;;;
425dd0f154307ea4b784279f9b355be3;;;;;;
bfb4c366290adda8d8323ce6ecf3e137;;;;;;
d1e6a230832c5c893c5a578c68881b1d;;;;;;
a51c4c394249c9134a9def4a103990ff;;;;;;
67a91fbd72463e1cc2706f8957aac8a8;;;;;;
c9a5ef929019f0f2cefe72398b553bf6;;;;;;
9d14c8ce7b5cdb8f304b5047d6696325;;;;;;
914b0a925ad29c9fb6b97ac007b53286;;;;;;
7cc448d94225ffbca393c4548d3fcbe2;;;;;;
53340d70a2c1f5c4f4152da1dc5d89e5;;;;;;
b9d068f4b3b354c8cb2df1dae14d075f;;;;;;
86f512b21a170f7939f675eff9300a6d;;;;;;
d919e2be30a847890b49c1250a56fb01;;;;;;
b09db06be6338a59ab7dcdbb0b07aa6a;;;;;;
6302694cdd84b6a744e805e76666fae7;;;;;;
9e13830e339ed4d410b8882dc157d243;;;;;;
1fa6631edb33af2cbe39465358739d74;;;;;;
caa94f214006c259de1bbd5edef4c4ee;;;;;;
b173b06ad8a9a83d2edf39418fac6fc2;;;;;;
770b07ae277fa2d6169871ae5f390cd2;;;;;;
b94994824b85f603326166a56c51db78;;;;;;
bb9472986e387737bce192f86ff6333a;;;;;;
6d94452a49265206b233b2e184d76235;;;;;;
a489e5796ec626b1f9b04cccf40974a2;;;;;;
24e6c508799eed9cd08a0059672d8258;;;;;;
57efa17dfa9dac43ec87698c1e47d55a;;;;;;
3414ec78707591ba97949377f02c0e28;;;;;;
d210a218bc6047287698fe4eefe5ea14;;;;;;
aafa6f7dfe273fe95d86552e5c4d09df;;;;;;
c28bb206a38943442b72fc84f9f56723;;;;;;
fd0abdaab16bf44ea2ec852f016f4bcc;;;;;;
91502b3811b8b02aedd154608babb252;;;;;;
6e0abc2875527eba50fdfa51b8b6ddee;;;;;;
b69fc96e7a41c868445acd8c2de7b8ea;;;;;;
8604c48cdd281529e6bae9bfa59275a3;;;;;;
3e64eaff726a8ae7b3ef849a9537886b;;;;;;
20fa61985d66a50c277cd7682bfd1eab;;;;;;
ffe74bcd5e48f5755aed0a01eb50afc0;;;;;;
a384e0682e0fe2974db6fac0fe6ac776;;;;;;
0883296f23e2d88ae5aea6ceae53f709;;;;;;
07008260e436ba5202d70b4686094a05;;;;;;
23b11e79f1b84ecafb800c57d01e2767;;;;;;
bebaf690245dd03668d9d05cb1701245;;;;;;
e30333c61eaa208fc5e5522633b25bfa;;;;;;
79f8dc05e76cba1f4bf10055f9baa22e;;;;;;
7fcd1c99943ae42663e62db7ee67b817;;;;;;
d0f20f858d9bf85da4ea5c4aa09567ac;;;;;;
4279050b0787c0efdbab7837c4e4f410;;;;;;
3718a1d4d76cdc1ea70d0f69f1fdd743;;;;;;
2166255e45ea9ed52f7944d1a21110ea;;;;;;
71c3eeaa482aeeef6f9fa1e1cc840298;;;;;;
2c3e0e97b2f6863360cf4d0a196f6982;;;;;;
36e34d4788a0e7278598514fac650254;;;;;;
9ab9fc87ebf826ccc2db6b83a0c144b3;;;;;;
4d4ef9cf98c95222e94c4472d4834980;;;;;;
8737e4f4429265d3619087f95af137de;;;;;;
ab8b6138bf7ec313689743713aecdecf;;;;;;
856ad5b15bf2a2c95408b106d3c7a1ba;;;;;;
0d2ed65a4ea138ab76f146d435e787f2;;;;;;
8b5047c7848a28b61b5ee812804a0edf;;;;;;
3e371e5c83d1b09b2d17fcecb676442a;;;;;;
8866863ab8c2043823e984d97cefa90b;;;;;;
72ed04e36592ac99ac1a86432ab5a48a;;;;;;
c7dc418377bde910652dc1ecf89d318f;;;;;;
933c81fba79e315f1b4e5f31b2cb6578;;;;;;
bd7f9cb582a911717a4331bde4ddbc75;;;;;;
86cabdde1beab256ba5c0208a1d93290;;;;;;
c10ba9fb909c57c7b9a7a9dc7ae49861;;;;;;
bd56e8be10eb600ac7d3fbd63b312ed3;;;;;;
3f1ce717dca689587cb9e4d127b0014c;;;;;;
2280425976ebc2bb174aa4046656fc4a;;;;;;
2b89efe6083e10ada44746dc2d257cb2;;;;;;
d0cb9b7ce9f8f1c0eccf02ad5353528a;;;;;;
cec7a30246ee5591484ef38e7548a1ea;;;;;;
f38f2fc1a81f8b594076724d1944357d;;;;;;
b1f994f2e77bb20e94a49b8a5ff71574;;;;;;
6b2c9b9670e1740ffbe53902e2965471;;;;;;
deb75de85ac897acbbd3288a2c541eee;;;;;;
ce6c132c4c9ed8eb638f302d4ed89f1d;;;;;;
ca695659fa914388d6abe1ec600060e5;;;;;;
8e7aae35411ba66467424bf76c488275;;;;;;
1944e7f74a3c850f2b5544cb762eda57;;;;;;
53307b5f4b2eca6e4b428f390f1341b5;;;;;;
9eb1f13d7a18137d48d798702c7dad24;;;;;;
13590a3708041cac862ac8d4f24c886a;;;;;;
5ad5ca02c9f7e9b5a04cce16fe020d7e;;;;;;
2004c6ba170975394c73873327c73cce;;;;;;
574b7bb47a2784169d087208bf7ba9ba;;;;;;
d0e6e258d63651831a81c4e9afef110a;;;;;;
5d2b0d3d4cdd99790a6c51d32dca9bc2;;;;;;
7c19e6af1f8f30d9859463a326eecb86;;;;;;
92535117ce75e6075167a41b37e2df94;;;;;;
cb71c92f2fd9b4edd87d7732d0a5c3b0;;;;;;
e5ced3e35a665dfeb2b5004043d545e3;;;;;;
9cd7ccabfaf5f03f589c6e05b63fc472;;;;;;
f6358e16af242c14ea1864e17bd8376e;;;;;;
057b1e4ffd347ca0093cbecdf6c8bcfd;;;;;;
e12876294e856581a3dca89c03d949bb;;;;;;
81e76acd671880102f132642b3137c63;;;;;;
5668abb9858beca878e0b21f2c5532bb;;;;;;
fdd221fe7598648874deb497199164ce;;;;;;
93ac184c3f4db65f02d20d2abe4e0f74;;;;;;
41d365f45a6b8aa5b23e8428981d1f2f;;;;;;
4fcb956d7be9e408d546478019287606;;;;;;
18bcfc9efdfd6f249e0f47e2409a6c65;;;;;;
8dde6f8ff1614ef92b45fdaa3a25608e;;;;;;
c85573664c98048ae14abe5c5d2005c6;;;;;;
8607ea0e6e75a896217d6c24ea878a2c;;;;;;
aceb5896f4cdbc3c9cff1c8a87c839c9;;;;;;
8932de0dd0d974727f980a6757721b3a;;;;;;
ae03047e0ec03484610c367a6ca414a1;;;;;;
d9b0013b255fb4f6d31936c18bc2825a;;;;;;
02e28b803cbbe1707306bce6fbd70eeb;;;;;;
32b292eceec174de95fce24f0b02b75d;;;;;;
0b9b6d73529cad4e90d483d57957484e;;;;;;
5e44cc0ed69d29c67dac34351180573e;;;;;;
e2d63bc7e4ee58392a9da424f579f282;;;;;;
5b41b76f24f11b0b728220336a618935;;;;;;
475ecbc66af7b011ade8278fccae8dcb;;;;;;
1cfe4c1a57d5bdca7975d1166a316671;;;;;;
2da12dc1563d675547c8c475b4c5ad8b;;;;;;
d3ed979bd2dea426554245b71329209a;;;;;;
dd4dc224f912ea3ba91a39e85ee059db;;;;;;
58c527f9f9ea213da6f34986e9f35155;;;;;;
1e1f71c0affcb311f8aabc6db4a0204b;;;;;;
445b5568721d38356d389e440be4d04f;;;;;;
aca22425242bc440ee63524727569aee;;;;;;
8520c26e5118269598b2797dc252cce8;;;;;;
c2d0ba472ba864969f46770aab5ca1fa;;;;;;
f8d528c0c426d4df84c38051e8a989b3;;;;;;
cbaa7683c25f213ed78f782e7c694511;;;;;;
2b1dea2a0d7e767f559746721f8496af;;;;;;
c353525079f1bdf7b6716b4b7bb3e0c4;;;;;;
adb0640a5b01aeb326beac70d1bf2aee;;;;;;
be552bcb7b60e7a3fb05ad8a02ed1ff6;;;;;;
8422c8b6c2e82891479ab556c9f19da7;;;;;;
a4350ef1d2e8009cd549bf0804330759;;;;;;
f02a26c2dff2efdff912adffa1d3b469;;;;;;
28f48deea40d6e6a6c5c5baefe94eb84;;;;;;
43a478421d9c665c2f7250c06efc69cd;;;;;;
2fe2b26442342c751d2c50fe666367fe;;;;;;
e6dd20b385d63f8eb6fb42b14e452099;;;;;;
41f5a85008836b899e1f1b78c0101bb5;;;;;;
69778703ead138b6e564906d43103809;;;;;;
33c94940e5db4c6757919e6b4b042d7a;;;;;;
8cdd528db633e1fad96ee719ceae13b8;;;;;;
b7327456c881990ec02a74f33e6f70f5;;;;;;
e930020f1a91431461d8bafea7a1f176;;;;;;
88b7978fad9d7d520cd408de709420ef;;;;;;
d5954e34afb11dbe4a4854026fc77c89;;;;;;
1f77114a4fc6c22c6b949e26feeafd28;;;;;;
d20d3a9b6c539cf7d2e7831d740552f7;;;;;;
71110e629d6f7da04df01b65e78cf4b7;;;;;;
e1b637bfab2e78a84fad396e77b9345c;;;;;;
5460b8b5d657dae1ab44e59adae850fa;;;;;;
5dffd77c037041165e9fb6626b78fa7e;;;;;;
db371c6498964867ec2537ffa5d42d1a;;;;;;
515cb524084f8cae9951acfe692127cd;;;;;;
62ab63a5b62a6748340066259732ef86;;;;;;
5315af897db704be56dc31b2397ec7de;;;;;;
a250aa1cd936012a34b28ce616ee65e3;;;;;;
23b3d6f61d037fb3233275f22d891dbe;;;;;;
bf240787ae4bb441f5a0f56a6f7a6dab;;;;;;
1c2494f9b5599a360d12dd298b407d8d;;;;;;
7de5c70ab08d537c2f9a0916ab107d67;;;;;;
7cf81f4558e2c18828fe5a32d3238244;;;;;;
a0f6b81b054c0ae931965a66f5feb02b;;;;;;
44f372b138b429f55cfb65e0774bf99b;;;;;;
6cd27b9103195e42299c1d76aa1d3ff2;;;;;;
97fab6118b24f412f6c9852f7c96d380;;;;;;
bc9bf3dc475adfe318d9a0704ccd8fcd;;;;;;
d186aece819704087a433da732d1b2d4;;;;;;
d1369aaab3846a614f2a551ab2d68181;;;;;;
da66b335ac13e442a9d7f166b613ef9e;;;;;;
c1334f279bea66b7c5406ff746079ec8;;;;;;
659a20bc9ce51b24b680586d0a14431f;;;;;;
bbef18a5d0c634fd05ffeb6d3adb622a;;;;;;
0e70592fcec1ff4f5a1758568647ee4a;;;;;;
5f70b474cd49d0d1341b6cdf7f73768a;;;;;;
c7927fffb1e0a83079ca326074354d29;;;;;;
802350a5ad0e99eca5b87c4636a1d37e;;;;;;
ed75dccd6237307c152a5bcd01f8f09c;;;;;;
90909ba2c6360742911c3f10dd259100;;;;;;
da12b695128e23544190472a32acd406;;;;;;
dd961efbded18fc1fc13b34950028cd1;;;;;;
8950f4385dfdc07e8a5c1297f5d513fd;;;;;;
40b975750f66d54f492ec793d91b4298;;;;;;
aaf82e8dd9c7a9b35d3fb3d1705e3f95;;;;;;
ca68fbf76b084e7d07c70de74db11780;;;;;;
1967587b7f130561a0a6990320e9bf8f;;;;;;
1f5695e0073c16b933acfcf228734dd2;;;;;;
0923e3e0dcc9133f8dd2da8ac5090461;;;;;;
59855a01386c91f9168dc6c1c3c5f79e;;;;;;
ba93e7376c95e5878218724f043c84ac;;;;;;
8b57ca20e1022c89ff7b784d9934156c;;;;;;
16f465fb480ce5a11c49100966df6aa9;;;;;;
b25d4ef2c870d78fcb86c9279205b5be;;;;;;
8c879d2ba0350a813a67a72490b0310b;;;;;;
43a2c5c4999b0c97fdff884979f875cb;;;;;;
10048a7fbfb579f8bac9b85211e2560d;;;;;;
5f203f9fec8ea260c0e0b1d4a1d94ccc;;;;;;
12ac8e2f6b6f94393f0f872d12c93e90;;;;;;
89a63e234c7e31e1b320a61e278646fd;;;;;;
0d749869a0f045af31bfed94cb7e600d;;;;;;
4808d07ccbf4606eef01eeaeaec8dfda;;;;;;
a6e0b1e56848e782d26727f80a064f94;;;;;;
8390e3a7cf420cd4163e8dfab256861e;;;;;;
887345ef93b09d62a927725f843392cc;;;;;;
778408187ec52dede6693dd2a2d358f4;;;;;;
aaa98a69fb387ef71f819757623af4b3;;;;;;
9e82e041b703240bfddaf2959df3c291;;;;;;
dd053211d7a1e36e61ef0ff68c24b3e1;;;;;;
37f3a5401ac3969b498aaca48855cad9;;;;;;
8501b49862b15dab7e913c603dd7bd2b;;;;;;
ec6113683a942bc7cf962cabdc7d9558;;;;;;
c236092b112bf0db5a8f5266564ff93b;;;;;;
4066ffc50a295e80f32ddcebb21ca9ef;;;;;;
8ac9d57bf8de6f006c64e81b3f24a63f;;;;;;
135beda2e7ef1aebd505ec4c383fb155;;;;;;
6927fedd702d776a4af17f23cd6765fb;;;;;;
62d7203761128e0b2c46f64eba56af08;;;;;;
84c6f09b3eb8e6bef373555e9988c0da;;;;;;
8dd87f422c465a794a875a2357e380d5;;;;;;
799641db013113e64d2696e83ffb3750;;;;;;
573941f07887745119ff2f0f1f3f802c;;;;;;
95bf27435fa3d1385f13ddaabf3bf60f;;;;;;
c90995d3c3ebeca37441e260dc17cc2d;;;;;;
28f5bb7dbb1ec811d1bd3bdf92493d63;;;;;;
03974b658a15de873dbbe59d96c08e67;;;;;;
8725eac70037b39ca22a354a8c1bb13c;;;;;;
1c43bf214a9b30be92ba4f207926cf2b;;;;;;
3cfe2c2f8577ffab1c7001f9f283bad3;;;;;;
85e8c477070d5a83dc8cd3641953d0d2;;;;;;
f42567ff7d83e40a717f75adb515e0e7;;;;;;
310281c216b1e9144d99708f2b74360c;;;;;;
09fc5a73c72eb22e626c30929a297ad7;;;;;;
1bd684b35f2968e2491a8dcc1fdd692a;;;;;;
3bf38969f23d1b3948a04718bd367b13;;;;;;
e4177aa7d66dbfec738d07ae15e24a2c;;;;;;
70488cfc7a8e38110e196e91d2a23c18;;;;;;
9b5fe0289428ee167b012b3044291757;;;;;;
4993fc7598df934e1f749ba2ab759b48;;;;;;
0a640815adfb9e6f371a6c79c600f883;;;;;;
29b4accc7595fb109db86d5ee9e21aa3;;;;;;
b17b298cf2a2f7c1670de0d304d90fa2;;;;;;
6900b460544ca6f1cbd4ecf53def1be4;;;;;;
48f9fad926ec232a35f3c43fa442f878;;;;;;
dde002105be43028b26eaad9d6abf10a;;;;;;
947241d7500a9613a5811a8bcb6abe42;;;;;;
7307037b83a6a1b7e8dffe364c612896;;;;;;
ebfd7f709304d10d0a11aabae430a8e5;;;;;;
c419423c036c196658f8dfd446b921f9;;;;;;
6c376b141d6e8a36e2b0601a6d245a74;;;;;;
d53d12cf6cf143c83285261ef4a89d03;;;;;;
1794547ed8e8bd1403da69cf4d5f9295;;;;;;
0dc1fc40a689fe3fd3eba24e0f95fe0a;;;;;;
86e4496f08f72945c094c5fa36d21e98;;;;;;
b8a9bf54c698cb9c9cb479b775eecb56;;;;;;
f4f0ca288bf6617ac55384fa360c8d10;;;;;;
851507df37268c34d0b28883499725b3;;;;;;
409d2120b1f69b33cabf41e26201612c;;;;;;
c6457c3d2c1b3581fecfd5c0014001fe;;;;;;
1e410bafdea37a1198d4a5140cd2e3dd;;;;;;
12b995e1dc30d9a3e395748059763d62;;;;;;
1ef0f7c1cef3a772b051d4ba5ba2d0c0;;;;;;
d2f297c4a4d0dcc07b4040568bc410ce;;;;;;
6d1f250ac2c4039862b89287c13142e9;;;;;;
eeeb377ef3ce2c2c9946177b6e6dc345;;;;;;
8b610ecbd679eab3d5e26537d1cf08fe;;;;;;
dc0dead2b6d98674237175dc8f268f96;;;;;;
14d9199adc1ed20f7e1488e60f77995b;;;;;;
9e9a16a56aec20f3559da777df2aa77b;;;;;;
455125828d8ebd2ab26d5e7fea475ab5;;;;;;
f666f767c7ea8dcca99ed01e04ca11e3;;;;;;
ee36e0a91a67761b2c2e13a69dd03fdd;;;;;;
d64a62dc4236fd31be630040b9c65ddf;;;;;;
4db7c5c5fc17485baa87ea27b0b05b49;;;;;;
bde837270d9b06b81c64217a949dfa7f;;;;;;
ebd4cd818aeb15121663b924fd7287f8;;;;;;
16615993cc3dddc735b795137daf55cb;;;;;;
7efd84f34585b265eef73cb4eed7572d;;;;;;
34f60b3fb519f35cdc57bcb780e17788;;;;;;
721cfb3d31e10e909443813d14e5dbb3;;;;;;
871fb90f74ad368e4715407931856231;;;;;;
f417eb5b6dc9a46d287389774a7656a3;;;;;;
30da66ca7203fc87c1a4898013824748;;;;;;
549d47a16074c8b59efa40772e6012df;;;;;;
6a5cdd80c1e18a3e4fff07379ebb824b;;;;;;
03b36aff0bbee13c7dde835978975b5a;;;;;;
7a2d0095acee2c5e66f1ca4877512663;;;;;;
8541982f301c1e15a546c936ffa4bd4a;;;;;;
3c0da0f7f4fa9534d8fa662fc15adb6b;;;;;;
0ed4fff487497c08fa3b0130fba672d2;;;;;;
65ed5e2afa5ad925256eaffee99a1cc7;;;;;;
758f9e3d810aa9341a6ce1bfe0f70e85;;;;;;
461ab692679b4bc4a710e723441130fe;;;;;;
028e891b4458a4ba2d369d47ece8cdfb;;;;;;
5d705dca0ecb344fb5b637c9ce82440d;;;;;;
767e5fb6ac08b3d5d31194e53828143b;;;;;;
519165f4a6b28546989793fb68374c5e;;;;;;
5ad8d11a06d7b61a3f962d3b3f84cd5d;;;;;;
0642a2b14eba6e1a54d60b9339e8c966;;;;;;
976758da01a6d9019306eb1c67c32dd4;;;;;;
b3655eb939de67d3dca9bbacba32b701;;;;;;
8baa046caed3841fbf0a15a446b9f9ed;;;;;;
43ad39faf839dc8d6841acf430c9f876;;;;;;
c7336a57abecedc7d1a27ba4dfe63e14;;;;;;
c1fb7abc47ef179641fdb40f05e92ea3;;;;;;
713a1ed38304ffdf2286035abb2be8f9;;;;;;
5b356d8391b6875bdaefedd1a0375abe;;;;;;
f2c59cc69cc56f4e7bf6c2b86d25f5aa;;;;;;
197bf0458066b0d62bfdb6a18059959b;;;;;;
16702373ad7f3ead465faa252183bbd6;;;;;;
a82526676c391ffab985319067be5d36;;;;;;
b1004f462302c006b35f6fdb724a85e0;;;;;;
6e22d8c052377db586373a07f1b886ca;;;;;;
e120cec62a958085b636e4c582df6c4c;;;;;;
538a2e79a49429cb221d589d28a7d5d7;;;;;;
b46e6078eb6bd86c58ad225c5b1d69ff;;;;;;
3e0cf69cf9706e043e39c0fb7f85ad88;;;;;;
37462a0d0da98e6b5ac224f3b772af59;;;;;;
39c8bd1d3b541a6b1f5763fb25dd55b6;;;;;;
86ae6a115527572cffc94b9a5ea09710;;;;;;
998b403d06c12e083c88e2751a233153;;;;;;
3d2c865dab18da854fbd645a10e29b62;;;;;;
28b8e3e580d03bb90c20cc6d3cf1884c;;;;;;
3e9afe5d4fe0de5782e8774143250e38;;;;;;
7673f7acbbcdb028f7728496a6fa841d;;;;;;
ee4477957e3708afaab550d0a29d510e;;;;;;
da92d031c27ac8fa72cfa8b90c8f1618;;;;;;
4c6e17f28dddffdbef3ae11d042d2b9a;;;;;;
f1dac399c9b46ce02f41c2ee8bad38d1;;;;;;
74bede0bc8cced8bda57f2df8901576c;;;;;;
01806cfdfbb72dc7907524a42e3e56b1;;;;;;
704029859ab4b6b5804d5ee31c8381b4;;;;;;
0504c67de685a5245636be12482b7644;;;;;;
cd138801033b1a10d5500c2a35befcdf;;;;;;
e59fae61a1514ebc2b60cea8fa3f4acc;;;;;;
9786dfc1ccfb334372fddff06ca37a6f;;;;;;
f91540ad812d744a6352334f0cbcebc9;;;;;;
3035f21571adf28b1cd52c69c6a084f1;;;;;;
b3b4e0df8a4e673254107c53772ee59e;;;;;;
3bd5826422dd725b2c38d9f0e7cacbca;;;;;;
b2945688292f3fe80521c01606a5f1c3;;;;;;
8149e66dc2e9e0b91aa1cd9d304f7a33;;;;;;
602e08c01c8451bb52dc36f8b23fa7a8;;;;;;
0c2abf4d37ee1678ece1c388c3e8bd78;;;;;;
55b6cbb2c5d33a84c385f9006a4c91b6;;;;;;
840e066dfb4c992a40e438aba038d36e;;;;;;
c0adea74d7e83bbd46e10adfbacec010;;;;;;
8aaf9ea6a91d0e2860c95bb15991b032;;;;;;
6ca77a41aa152fafaaaa84bfe151a814;;;;;;
d12aea7e1d5b199e43e6ec5a79d9783c;;;;;;
9b3f0df658422a1703721ccf5f8f70ae;;;;;;
dcb5ba8a018fa891bf571ed2d09c6c40;;;;;;
ff404bd8c2e7fe3c2bab0afc7b107308;;;;;;
691ac48e7ec15acaba9eb5c052ca38e8;;;;;;
7708b641a081f677ba4fedee832ee5f8;;;;;;
4cd3607ad63f0534b60158a11a6b8679;;;;;;
79b883b1119e55f6c698dea3cfe81c4a;;;;;;
efc14481e03539b33dd84dd85f2e244d;;;;;;
dd3996247b59c54ac9d0e2eb4a56c220;;;;;;
1284b5959646cd829fca346fc8eeb099;;;;;;
c18577ded8ad0a60337643c90667f57e;;;;;;
d712b825b19e2d873355ccc4cf74d429;;;;;;
49c527cc4a464d4ff218b5cf8deeb837;;;;;;
57afb76225762eae55c2202749c89afa;;;;;;
f4f8e5871334e58862ca071d2932ad5e;;;;;;
92fca7f82691df8763a40605aa8f632f;;;;;;
c4cc341ca0721a051c58a460b2c713d0;;;;;;
306179ffa0ea32b0d9318420b05a6ee0;;;;;;
5bd851b6ef05cf495408aad86eadf1de;;;;;;
34cdbaa0c160c42b62bb50811feb6f75;;;;;;
7d48a2e5ae601d19a7d396eba18c94db;;;;;;
415da127686e0915e1adf5bfcf74a3d3;;;;;;
c17c1b4041e6bbbdccb8d1bca82bcee4;;;;;;
e8dbcb4fc4f05a06bfd457edac4a82c9;;;;;;
f9a9026f6cb628fffbfd9725235c8815;;;;;;
243f7d070cbf04642bca0ec9741a062a;;;;;;
e8af971938513a4cfa88a4961338260f;;;;;;
d4fa3447d6aaab3af0d55ec87334c451;;;;;;
f0d2b72c87ab9d46de7acf9ad97fe50c;;;;;;
f2fdef8b95f7e1770d343475a91b5ea8;;;;;;
186040155e63df6c70d86b7d3663e33b;;;;;;
8ca0c7a9059df3b9d9a1b6176d16d490;;;;;;
d6c89c5050ba9a620733dbd6d022bc6b;;;;;;
98eb22fdce1746868b1cbfbafca5c9db;;;;;;
8dd319952eb353ceb6b6706448481773;;;;;;
770413fa67c3502c9fbd8cbb46419457;;;;;;
c3399f14e180e60db6283b83768e4301;;;;;;
327ab11eceb7894f244ab6e556cb4dd2;;;;;;
c4a408da416d67ef97523c8d7896f436;;;;;;
2585313b797cff3a7ebf8a8c3ebf6163;;;;;;
50247de6b43c3c5f3a99b3aac3d31475;;;;;;
a133d58dbc29ec9e3d619c3fac3b43d5;;;;;;
ba6993f50ee12a6cbb19165e2ccca6d1;;;;;;
087a4e3dfe5b2d35629823f0189579d0;;;;;;
5e7551df6d86515772d6682f4a062d16;;;;;;
a0842390a4d2481e63d7afeefea59bce;;;;;;
149e71a019667a047f7194bfa8279981;;;;;;
91c66834860c10906d7681e780142a48;;;;;;
42ef95d94f49a979a64e4a67af65d4e7;;;;;;
948bebb5bb7f39249e9fe089db9d2cad;;;;;;
8f77147bce645d76eb40de3fd0d484c4;;;;;;
45cdb048aacea6123512fcc4080de91d;;;;;;
aae0a50b1fc2d38db9baa3b48844e8c4;;;;;;
819e8c249a00d7cee2932e98f6cc7401;;;;;;
671147c62b6ff6e41777907b7e7c8792;;;;;;
5b4455477be02c77c8102c064c9513bb;;;;;;
15c5c0f33408572ab0d2016a2038fe44;;;;;;
c74bd779ac5dac5f4b57b9f78a275c00;;;;;;
63d1a5470e9502755abfe7dd1cf2e1fb;;;;;;
4b164e8e68e9d6e70b03c73fb7ba54c4;;;;;;
7c99f83d710e217599e60cad9288a5f2;;;;;;
9822ecfd4827d821283cb37c4545ce96;;;;;;
dcb978a9d2ae40b223e5eb58f7c007f0;;;;;;
ffe72687d70919503cb61efc2ad31b24;;;;;;
4ba7618dbcca401d1393e89e4eb246fd;;;;;;
9541750c2b3259ed08de63aed335dc90;;;;;;
9b6eccc3661cf765d84344c9adcb1d62;;;;;;
32987a5d9e4fb2024e1408ade08bff8b;;;;;;
df5befd8819050e74a5e5117db1fbf68;;;;;;
33cb0b545d0d70e7b184a6bfe45094c8;;;;;;
3fc6555a8b83d55c728f68a4f7ef2aff;;;;;;
b4120aebb2b46453586162e8611f256b;;;;;;
8a35f4646a7a8c1a4b1586f83e222f50;;;;;;
0bb565286ee625d2a0f654684267c314;;;;;;
868c9da254c81c72d4451aef354f2893;;;;;;
ed763901ce11bc8c31672dc90830e316;;;;;;
cbb9970032e0e8f554e89a0c46135006;;;;;;
90b6a87d89c8363c292d43a9ead11fce;;;;;;
857cc1308dbc5d4ac2fd903a25f0c728;;;;;;
4babd844d09faf8cdde223267876d4a6;;;;;;
4e590ae4b6e4774c74c9c3e56dfef6a7;;;;;;
554036c7dc325e1b0a69b817514cf72f;;;;;;
bfebafeb7b96d9e7069c175d8ed1237f;;;;;;
71163f751b673698ea2351bc07d3f0f1;;;;;;
c88f9c71cbef53754b1df6c705b9b9a7;;;;;;
36731ad98c868cad3f5a5513d847266e;;;;;;
f2a62f2a68d021abc87f6ca04f115f21;;;;;;
5bd9f3bc56f51dc2ab803c13f5648b96;;;;;;
a877d9535c24c8e69f722b78df1cb21c;;;;;;
b08c10fc2963cbb8718b488164ffdd44;;;;;;
a1fd0f0de785898952a41f8b5192fafe;;;;;;
5c299a95a96771533276884e344d8e5c;;;;;;
0e96a45bb85911cbfa5219d0945d81d4;;;;;;
738dd3f611aaea4604a738f29e0d3197;;;;;;
8709304e19ed5b2befd4905b961322b9;;;;;;
9ce1c0f62aa491a18f10178d5205f3c5;;;;;;
9cc3e4cb6b19d624600e4522ef277cec;;;;;;
21565f1956bb851aaf2b29ab01dc2180;;;;;;
be8c6f50a07b8e71bb2c883afd49fc85;;;;;;
d87899b375af6876266788c4be4db4c0;;;;;;
0b81579f7b63544b82d8cd3974d2d29d;;;;;;
245eb1d1d8d1c219d4b50519a1e12760;;;;;;
9f340fa064e502d1644907281136627b;;;;;;
4909573ff3f5c60c8e4a5a4389481b67;;;;;;
225090357d045a29786806339d9ee7d0;;;;;;
4decf384a459f97bcce39b73ede772dd;;;;;;
df9a74d5ab9760b7a1dce2091b58d9cc;;;;;;
b836a14dbff17068af25d039ce27fc1e;;;;;;
bf8b5488121a9e958765443bfb5064cd;;;;;;
ffedfad3330e13efcd4df3dd3bf181d5;;;;;;
7e601aa573bec23f6634b0d578763a41;;;;;;
93b45aa545066a984baab18299e40d88;;;;;;
57d9444dfe3c6c612ae0a5fd10c06a62;;;;;;
63904c6a58ebf28044b159aa9ff350b8;;;;;;
a86d72c0e6099709f49bb0b3e86d6c93;;;;;;
0855b2f24fe34850154fdf3b8f66d813;;;;;;
b200eb1c8418fb373e2957e1dac5b2e6;;;;;;
b0e0675974b4ccd280b2afba3d2dc807;;;;;;
5218eb60e54fdfba65b55e0f4531724f;;;;;;
243613ee926d8dce40c5d241822480b2;;;;;;
084a4d1716d33abcdb48d18a6c8ff477;;;;;;
f23648754e5af0e6460724bae139e08d;;;;;;
358e805aea03c471a7a5fd442b32883e;;;;;;
359efc25ef52d6404e59d4c93e00544c;;;;;;
1ab2bd286858d18825b1c2e343c90070;;;;;;
f8537aac0c43e9478bebc512d699191d;;;;;;
080449e18ac1384b8f3d0ac2435847ca;;;;;;
047ea11afed516c8f115778f1ac7ef9d;;;;;;
e93655f760e1d4d588b6e7b2d9a2fa3a;;;;;;
f6a035201b5c889f1cabcc91d98c702c;;;;;;
ab9e96ae5b999ee1c8b20bb156de56f1;;;;;;
2dc0e3afdadd204148f646642ca4078a;;;;;;
acb6ed92e3f1ffa62f27a5bbb35af9cf;;;;;;
22c3b954a3a233cb0fe0c5344107f5c2;;;;;;
f077f1a91ac077b1ed654d5e3b98b820;;;;;;
3100294c0a3f07f84e5d744dd404e5cc;;;;;;
348192107e670f1a67ab13852bd8392f;;;;;;
ea3133de6270a14fb22c6b04c93fe7dd;;;;;;
88aae3537e80c2d42523c923df893a77;;;;;;
e18034c57b680bc401a0ea1178a32e96;;;;;;
293288830962288ad2e2c53dff90e49c;;;;;;
75de7c8db1fcdc2b66ee5cba375b8476;;;;;;
0d57edd07bf30a15975b35a336116835;;;;;;
69395a6c722308593f10ecfcdc68d9d2;;;;;;
195dc54d7d5f64bcba3b0d07ab48d714;;;;;;
dd18d5af8bbe8ffba3e3358ed2f7a5fd;;;;;;
57720cfd240b51061e6a3c6c43af1b91;;;;;;
4f8a9cfecbb4acee3241517c069360e4;;;;;;
9681895a20c79e2de7f7c3b8bf1e40ef;;;;;;
17e8b0d71c445762769c3bb4e8f779f1;;;;;;
50d3d1d07444bf25087e40d7a54e44ea;;;;;;
6b10c100cda8506d7b32a546ed8d0f89;;;;;;
a71d6d35669afca5f2f22793bf84318d;;;;;;
8939b8ef22901cf64b41c230025420d6;;;;;;
96411477d58fc9edca2c5d7b3e8960a5;;;;;;
f2effbf0e4c35308c73a6a0a30ad8ae6;;;;;;
4b51c300d622bcb806bd3bad68a8e2d6;;;;;;
26586a24af8f4d4e11014a2f01b6582c;;;;;;
d9af2af47dae670a456bf63fd18e78c3;;;;;;
6ae01c6251d7f203e7aa3e1cd5df7670;;;;;;
a0b3d962a78a7541e6d73b558cc9ae6c;;;;;;
b840bda730362115444dba275b022e1f;;;;;;
12c8b25f5eede1439e15e63027b094f5;;;;;;
eb58d956d2a0675f312ac5de65ae1674;;;;;;
2a9d8ae46bf8f9eebaa4c3333ab5332d;;;;;;
b45457018e5ebb5435872745ce555031;;;;;;
f1d9bc81cf342ac168bb78414dbe5162;;;;;;
10369685d2ffc5493f3b74581ea1501e;;;;;;
9721fa54bdfb79ae8b376fad43a86c69;;;;;;
6896a3f1d5958662872764491acb3edb;;;;;;
ba2e8d7ed9208c3a76da43d52a6ffee5;;;;;;
2213eb70f9f3f1c6d632c5a8f3109074;;;;;;
137023cafa674974f5abd77fcdf61210;;;;;;
da08eb2284fa2a9df578d95d353b6dae;;;;;;
fc9182793b742c8bebfa8c013e429b97;;;;;;
293c5d467566a1471b3444f60189f02f;;;;;;
8da92ea996480c11985f99d3954f357d;;;;;;
5a56f21fcfb32a1a60bf6eda3fc78804;;;;;;
4ce16c048ff1140506143df8fa919a4d;;;;;;
41ca1dae876a7230f4079a98a8ed96c7;;;;;;
e017fa23f5984f2a98134b86b6d0a059;;;;;;
376ec4bd590e3f71b1614a59de07d43e;;;;;;
e7eef587d6e17d07e6e4e24b37086f90;;;;;;
59e766c3f85eb6a4c271b84b2b1c5efd;;;;;;
a88c74a9e52957d05ccfb26a67078c71;;;;;;
e1df3de3a8dd91bd96ba1dd5f2d94113;;;;;;
a3d9a0b3d920a492265b83e09e7cbc45;;;;;;
629679b205b1123ef6d3e410fb740468;;;;;;
3802bbb8e9f173d69d0da8a2df9a42e1;;;;;;
53485000a1e2ebce2a71b3b51f68f7bf;;;;;;
eaf79dfd1356dac096225bc589099785;;;;;;
be79104bb17e234d4bdc6b911bcdc97e;;;;;;
f0996551ffe05ef85bb22b6f43be4c9f;;;;;;
c3542fb7fedef3f283e76ad307a9e2a9;;;;;;
cd9aae9428a486ce2326f79aa2a14fa5;;;;;;
7a187f584e8703a39962e40c412ff496;;;;;;
97827c26215dda2c5479ff0a94d0cf67;;;;;;
1100125e5e2051fad17fa1e8c5548954;;;;;;
c0be12748195564ab42c0068b9d1ff18;;;;;;
dbf387f199a0378883c22692a48b69ae;;;;;;
0dfb90b73e3346817615ded201242011;;;;;;
797aef2ad749b7b0548ff336876b411c;;;;;;
3ab7d6bde4dc1b8c44fdd967e938fe3b;;;;;;
5c8e742ee1f9f6bf65f63ae17e84b52d;;;;;;
540b91ab408e370913000b93545232be;;;;;;
0b9aad5f232a5123f2534a1475369b82;;;;;;
e9018f5732838ae1b906701018e90bbf;;;;;;
9853b017caea81d926504dbe9e4eaefc;;;;;;
ce3dae28de6bba98957a8ae39725db65;;;;;;
c4ab837b5cd67eba058ef2ac2013407c;;;;;;
1ed19972e00c4a1dc41f3abe92bb7cbb;;;;;;
343e9be56e85447ec11095b0cc26b61f;;;;;;
6a587cf5339f125015d21f50e0127877;;;;;;
18fd3a85af32499bb2a401c70e5699ce;;;;;;
b16bfb36cd6d0472a7e8a040f23e0867;;;;;;
f592431812a8460b5ee410ca3a8536fb;;;;;;
cc6e99a7c5b6501aed5f81d471a7636d;;;;;;
fe8c177b8f3dfaaf52a02eb1ed6fa80f;;;;;;
6354bc6f4d097214e1bcee9a46f1063a;;;;;;
c0efe656b59d8332c1c880ad33add5a3;;;;;;
223059b01fab02ec17b45d74aae3b3ac;;;;;;
d2095e8fb9abe52eca5ab3012b50216b;;;;;;
232c12ae0f95ab43a946352b3d7b4e56;;;;;;
793b4139ba4b165d2ef2b1e20a9ffb63;;;;;;
3f39fef58ba299dfc7fa477532c0a770;;;;;;
a7e65a152cc011ff370d7fcafba32e1f;;;;;;
479ffc53fb127549cd9b9dac56e7f3f3;;;;;;
55522712489a68ab5244d1218b2b169d;;;;;;
2a487db74f4fe0c948e52a34aac7e964;;;;;;
859cdaa71508e6e43fdfc8e51c138a12;;;;;;
e18ab11ddc14ffa75bd383e41da98048;;;;;;
2ccb1f0fad12275abdaae5404c248175;;;;;;
9f776468d7da67160c49fff0ed8180c0;;;;;;
e3fe11c1c5231baea0ea0f0ad21bd3c7;;;;;;
a3cecac41a5dc5f6a19065f92a57e391;;;;;;
8d76ab308fd91edf50b3332be08aa665;;;;;;
60b8227188097d5b1b0890f7cb53bec6;;;;;;
1e0f05fda3e91176d9c9bc5db2e1e273;;;;;;
0a67965303e134a2a5db846e4b60b896;;;;;;
89f4d7f33fdb2a671bd053656d814f43;;;;;;
e483e7be37e1a09bfe537ed4affeba43;;;;;;
2d1759e79fa9d3ed1419d91aaad6f035;;;;;;
2a51ea8e6bdfa2ffa7b6e07557b97ece;;;;;;
bedf46e0acd2d5cafe4353feed53ffca;;;;;;
74de86de437f41e83fd860df038f33bf;;;;;;
31ae0515b45acc41bebb8514b51b6ecb;;;;;;
5b8cfa40660297664099fcf488584c52;;;;;;
dd17c6651d3f64f0feb47c240c12439a;;;;;;
76f672dda3438ba23710a49317444313;;;;;;
c2abf7557b078b73aac450ed8d138b6b;;;;;;
abf0bf6ffb22f0b53855d8a9422873cf;;;;;;
6140d1c4181c5b8c2d3af53b170147d2;;;;;;
67485276620eac0b8305e722dd7842df;;;;;;
d6bfbdca74002874d484d4b1acab0da3;;;;;;
5803487310f6d7a9987eaefae9160260;;;;;;
ae0904f1dc5082fe0b043850c1b940c5;;;;;;
9f834cf6089d22d5018b54a0ae92d3f2;;;;;;
aec3280a0f28afa8b3333ebf7378ce9e;;;;;;
67250649fdb5fcd1886c2bfe4706c9ac;;;;;;
da7b6eedfee06958e9d917fbf710ece5;;;;;;
c3738b72530136c0cb41379a165c0b19;;;;;;
4f32554779c572705d8a88a8d5701231;;;;;;
daf5f2857a29f1949e85147c8fb62b67;;;;;;
5ced9a4bcb0daac16423f08567ce0d77;;;;;;
12d36c7bd1b39b61fd45f108cc3c0f79;;;;;;
99c4e70cf4ff6509e8101684e56b5653;;;;;;
cc2fdf568228f56aef0ff789ecace18e;;;;;;
b3b7cbc218409fba617a35ba99fbcc3a;;;;;;
0e3936c3c170f63bbb2dfa534d8e443c;;;;;;
e420c86e9faa6507fbcf5a0c172aef08;;;;;;
214e161109b4936c23ebea53e37ff37b;;;;;;
7eaa85d4b10f819d51e0cd8cac952295;;;;;;
bbfbc3556bcf30c314d6e517510c8871;;;;;;
78d0c1f36f0763eac6a928d16fdb32aa;;;;;;
91be72c60bf9ad0619d3fb84b96b4917;;;;;;
e7f1755b2c5bdda547e9e0d255125bf1;;;;;;
3fad55ba9147a01c1afd894de8bdfa69;;;;;;
66738fc20821b59b9609f8f9b9819017;;;;;;
d5f11be54cc5bb8d8f2daa655c8c0703;;;;;;
9aeaeff98606a2080af6d2515190d5af;;;;;;
3199a4440a1bd7efcf2f0d578d1e1b0a;;;;;;
6d8b3afa9d5b65069b029ea9f0c009f9;;;;;;
33e6ba41872c146371c7715570687ac6;;;;;;
93393896109b85716a669f50a0b0e14a;;;;;;
0c7392357186c1a718a66e2437ad313e;;;;;;
d7703dd4b86eb63505255f6ae0849578;;;;;;
c66c26858c6b45997903f56ebe22d8b3;;;;;;
1ad4db587e6e7b1c02183a9c34f6e8a6;;;;;;
8c614cca23e451065ffbc2f1f2de4cf2;;;;;;
a98fe3808141422c8cfe23a6959060c4;;;;;;
fb00b52d8c3369bbe55b1d1ec7358a91;;;;;;
6f9b561f0b2885288410f79119fd66c1;;;;;;
71ed50aed929283965c72c227b655eb3;;;;;;
1c0de345e7b61b0954966a656e0bdfdf;;;;;;
4feb5be45fb706f5008c1da234c37b4f;;;;;;
b0c42e06b4386da68d07b739bdcebc17;;;;;;
52b8f6db24fe95061f2117adaee54fd2;;;;;;
03cb1abfdd9c619e7f185a4b2073b80f;;;;;;
ffa480a8c324e9c1bebd8eb0b2506d3e;;;;;;
18e850553e1786a4bf9b248c95c4ab95;;;;;;
cd71982979849837635b7160636259dd;;;;;;
898316e95ec64207799e85184fc5cf85;;;;;;
2100e66bc43cf09a993391c0c1843bee;;;;;;
00994dd3d8cc3f63c40a10a421074600;;;;;;
876a40b3a4c377d35fbc01a666879999;;;;;;
23c456ae4c2697171cef056bd85346f9;;;;;;
2acf93d23dfcc1b21c79e633e14696ce;;;;;;
5f28ec0d14a05e92cc81489d626a62f3;;;;;;
88b46b6c0893455cd6c3c01db1ea0c96;;;;;;
748a819a93f6dccd170dba8a0100da40;;;;;;
d89040eddc52ef05e7c8d85276e16bce;;;;;;
019e1838fd15d3a97d92d99d07531699;;;;;;
ad24c2119977001e4b4dafe83788e301;;;;;;
1e535c29e52b10e4ba14ff550921d7cc;;;;;;
cfc44a5fac2020239cf04213e60f3f28;;;;;;
c237527eca9070f32b00b1f5e8dbacc7;;;;;;
bf824d70123e46b47cad77afef7f786e;;;;;;
8e21e6838141da8a278c1572f4ce988a;;;;;;
db0c0474ec77368e2599e7fba869e27e;;;;;;
aba463271bb04b6cb2ad243364395021;;;;;;
aebc1c41b4e20f97f91ef6c2d6ba28ab;;;;;;
ebd7955a2c48d75959462717871a7a0d;;;;;;
f6da6328a7ea169cb9bd9ad587f9516a;;;;;;
61bf5e06397570a515e66a9753d556a9;;;;;;
7b2053fffb2c0de4ca9ad608aa8fda43;;;;;;
6cd1c469b62e18663b5e3d9998bbb465;;;;;;
fc73dd52cff5c5e4ea1eeec55ca2cb9d;;;;;;
910bcbb939d95a44fac544812f239c7e;;;;;;
009c33d4496a57deeeea2daa877a2abf;;;;;;
660022a5e7d1564e14cafeae05b83895;;;;;;
77a83929a57998b9358b45f2d5c74be9;;;;;;
e63cea4d03da52327358361f6a155296;;;;;;
7def5d5b61d78d5e58b2f282f9a368f2;;;;;;
dfd230b54d30a53fb168a7bd23770713;;;;;;
3c2e32d94d05ea8e5d9b7e52b3350073;;;;;;
fea0a6055f13a69bea48ffd47be7982f;;;;;;
6bed5d9f4de8b4158514373481d11047;;;;;;
296d892a473f12fd3771b8e95d46a0f2;;;;;;
342f955cebe95d7a671feab2905bf52f;;;;;;
9caa2d99ab89b0547b8dcacf0da375a6;;;;;;
74c9c35b807cb983ff6a99c1313869d8;;;;;;
fd85ac395094c47a0ad7802581c6fe69;;;;;;
898533a9938b967b9470c1a23c785ed1;;;;;;
6ee6f4d000e17ee8cc48185258815b45;;;;;;
e0e6c634e96bd34e62ea76ee8ed4a08d;;;;;;
abe61cb03c293c435c9508ebe044eeb5;;;;;;
57df319413098d3df29f20983e0fe1a7;;;;;;
596aa59de88c8e6ccbee55531d357efe;;;;;;
ce04b69941861f8f0ecacb1f6da0e8e9;;;;;;
842be158a62c08d5a4fce22a94f0c3fd;;;;;;
f8acae781a5de953a2517e8adf054f54;;;;;;
2c3c6d21d897e884d08229824978ccdc;;;;;;
bc10c47ec65db5454ac080770aff0cd0;;;;;;
20eeb5969da9d81b232aa51396a9f86b;;;;;;
e645648b08e296d4e8708c3389b37ec3;;;;;;
db857a3b58af4fc0adccbfce2ab4f64f;;;;;;
20ed4bcbc85eb34ea584733a72d3c907;;;;;;
4440db8d597914b3f7d264e420a71bd0;;;;;;
d8a4b00bbe8a3c14f68f18e0cfcb450e;;;;;;
f3eccae1da7bec241f20a02afffdaef6;;;;;;
731db35f5948d78ab2eb648c164f5b0f;;;;;;
3a859ec7d6bc3e21afb02ba60099dba0;;;;;;
0dad509862a2c9c6e695ded481543ab3;;;;;;
fd025e9fcb225d52d8076727800dae3a;;;;;;
8150d8139702db39655bf9a81064e6bd;;;;;;
d33a3fdf88faa3860cb1f7c054bfe6f8;;;;;;
5327e0ac8d2965d4bad21f5b06bf7d64;;;;;;
bbfe303e7149182e634f2fc2ec2efbc8;;;;;;
ed2c7649431355a7932531b615a9079e;;;;;;
371dafcd21aed1f518010927a4ed7014;;;;;;
052afb23e520620b660bd0954773b400;;;;;;
3f13c7c88c7ded18581b72430e4cf960;;;;;;
5754568ef213edddaa1e74e43e022fb9;;;;;;
fc1b9d5396883a52b4a03f66953ad05d;;;;;;
f815af7b37dc4812647dd5981a12bfe1;;;;;;
2c30b0b6878236edf6e279fdae4f3e5e;;;;;;
98779a52481c015ae7dbbbbc4963b9be;;;;;;
2f06e0770bee6d77dc1a3987f3569438;;;;;;
d54b12e3b10dc20bc0938a95958aedf8;;;;;;
8fff8588aab66abefda796a7da0c5786;;;;;;
e75910366a103127c40ea1fb28290661;;;;;;
625708f822d3cae13bd826a17f1cda53;;;;;;
9c234ce4b287c0e6edd049cc7014ead3;;;;;;
3e225910b0d2ec07e3fe6053f8e2e105;;;;;;
553179b6efbec2eed52e860d24b5844b;;;;;;
620b43a05b0439776f0ab03d034e4bcb;;;;;;
4e1dc69d1bcdfec0ecbb012e05e6d00d;;;;;;
570a7b6d8a9525fd9a3cdc5bf837a2c7;;;;;;
ed2950f499bee96732b1fd52a108b9a2;;;;;;
8cff65def6b7ab6d28255a85802fac35;;;;;;
80e1d7165956cc51f7af4979fa9fda96;;;;;;
b0a0b744c18b6c492d458caa1cf83cc5;;;;;;
14dcbb31e0bfa2baf43b20620547cc41;;;;;;
13eabc429daa7f44baba987a657abaf1;;;;;;
6504f7a0053694e6f082b75d1ebd31bb;;;;;;
fbcc295579b79c3e0ec1183e996ce80b;;;;;;
ff56a68adfdbd815accffe4be33f4c7d;;;;;;
39f1106a04cb92c4e67ef0e8f8f6a824;;;;;;
dd3e1e5ec64900ab04c9a4fada2fc995;;;;;;
6181ed6eab457eda9a8c94edd992cfa2;;;;;;
a95ad3c414013ecf922f55d528a83a00;;;;;;
87c3e63cf588a1e5c841069ce65013fa;;;;;;
78367dc286e5a5f906f65bcdfcc6f6c1;;;;;;
fc0f20be1bd647d2b9adf46657698b15;;;;;;
e0dc5ca7287708845824dc7cbe940521;;;;;;
2480553701be496ae005aeda932c2507;;;;;;
257e8d21c3a3f8e2138be3d5764ec58f;;;;;;
4c6aa0eaf7c08a5b68f839b225a23958;;;;;;
dbce22608df209c5f0796d8599f27de1;;;;;;
881aefd2030de4db89a6a2531f0e621f;;;;;;
706d7ebe93e8521f4e76f319c7bf4e9b;;;;;;
e5e0b06cf79d28e48a816b6917f082b9;;;;;;
815f7880ebbbdbcc79e4dfbf844c42e4;;;;;;
801d85b032a4a3ff1fb7f5425d404e90;;;;;;
c29b1a2854fbb18e04aecac5f5d68bae;;;;;;
54d0992bea103738f3a0d31be9ace0bc;;;;;;
ff3bdcd1f974005360c079ae7089ab95;;;;;;
4c008dd4ec250af3a8effd7603b82c35;;;;;;
b1b0bdfa4f07f43aaf907b9de68ac7a2;;;;;;
edf2cf214c2a257ca069903ead82eaec;;;;;;
5ed992e88c312adc1cecc58f4f28f3f7;;;;;;
fb20ff7eead857c013feb679f6117077;;;;;;
82a66047ef61669bb01f703879e8085a;;;;;;
69053e3d0d27c6baa0f3488eb7fd23ed;;;;;;
b01030b174d2f4af7fa82987b76e67e5;;;;;;
d3504100319d00a7d2c3c161ecef08f9;;;;;;
42fa5ee77c4283dcc865ae19e07dc4b9;;;;;;
f6783e8e04974751f2d2474ba58cab44;;;;;;
797395229f0fa3bdc8c38dd80821e629;;;;;;
7e58ebf00fcf87c4790eb074bcfcd747;;;;;;
19f42238bdca7d652b781d8623be16d7;;;;;;
cf349e79300012898dfe4f95c96744f3;;;;;;
cce5275fd25eaf319525af6fc31ddad3;;;;;;
09f24bf352cd2bfe7dea8c791e719751;;;;;;
b0a309443a25b533295499764bea70c1;;;;;;
f6bfe52b7584bb89dfdfd7d39b04af58;;;;;;
7aa430983e60f502b9f7c66135e2b1f6;;;;;;
31498723a6e7283b7ea889ca7161da69;;;;;;
c7ff459f91f86f452a2b1628aad1ae5b;;;;;;
b4bb2b40a0b2333e83e827fb42e1299b;;;;;;
edbef95f73197c55ef1af819b045fad7;;;;;;
b14cc5b95a25d23dd5b635b3268ebc53;;;;;;
ebdc1a5dff689431806b3bfdc8b31fed;;;;;;
4cba363853ba3b5626bb4e5d52a0b55d;;;;;;
020335a1bab48a7a8627c2b7af912fff;;;;;;
8669ce15f665236eed372b33270e2d6a;;;;;;
9b5166bb86fa360b9a397b62fb3dda46;;;;;;
4bef1847b35dc38163aa9ef757dae19b;;;;;;
5db5280838d5c713426091bb3a353f05;;;;;;
de012e582a73f915efe1241adc69ead1;;;;;;
60170a02ebff759f00f30b0e9371e3d1;;;;;;
7713ee0087b169407047ef409ae8e8ad;;;;;;
9cc430747ee7b9e22442992e02cf4209;;;;;;
fa95a8b810a63cb3893a4fbfd1287555;;;;;;
f4adfbbbdda3d5553a0eb7ee953b8a1f;;;;;;
e88772b9230d2436e257fbf8796ac714;;;;;;
8f24bad0ef1dae19d744533c78446788;;;;;;
7034313f734e1d2cad800b21ebb280d5;;;;;;
7b2b781b894955f42d37139e34aef73d;;;;;;
6ea0f0dd9feac49a5280363c945a1520;;;;;;
ec85f59d9dd6ba273b4dd6ad814ac30b;;;;;;
173a190b07501f35dc9553135aa223d6;;;;;;
61afcbdc5c1854a39e8164caea23f901;;;;;;
bebf0c7bb5ca1092e8c6f58d41d42a0e;;;;;;
bd7f26f6a287d856ec92c42f30bec6f3;;;;;;
173b2711f9d8c643e4ba4f8a4f00bc5d;;;;;;
8c8d76ad8ca1df5a8d05070e69112b00;;;;;;
213a654543d1f2d7efc3b4a949a01880;;;;;;
6a8074b41a466963c599ff07af7e7791;;;;;;
8d839f667e33cde45cd6d74d572a26aa;;;;;;
96e87a2a1f943bf84883b9099ab361c5;;;;;;
ca3aea53ad46596ae49c049cfe8d46a8;;;;;;
f392a7ac7e6f4bfb01eaaa977e17cee1;;;;;;
616ffaf0b152c90715165beed403aad4;;;;;;
5563d3f064d1cd8b40fa290c540c30a9;;;;;;
b0af0a9f3309943fb8766f9e01ae8bdd;;;;;;
2931622cc0811909dd9e4651f4c9f6e2;;;;;;
33b5d4fcb9a329693b8414380a93dc2c;;;;;;
a402d3c44496966b18c81a31bdffd2a4;;;;;;
f6604a42752985ae6ad0f479f8ee8bb3;;;;;;
8386b408347ac76bc58bd0599af5031b;;;;;;
6a33f1777500a13927d53ee0ff132aa9;;;;;;
2fd97596474f6a82306541d7f0b4891f;;;;;;
ad31476a7bd0b9d5e5398b91de700399;;;;;;
ac2c99f07f8c379452f95715c0cb4e49;;;;;;
6466dee933548abd564e02ff3c6c2f34;;;;;;
6a90d1fe2c7f0b03d2f24377d988684a;;;;;;
792b81e67b732409d83a99052c738fd3;;;;;;
92065a1d894a3dc608b3d7c1a86bc1eb;;;;;;
37784b7edece1cad4b3c1dde1861ce7e;;;;;;
d629c0a17fb35aa41b7f6400623083a5;;;;;;
096c2b7aab249ce94f48e7c68e51fb6f;;;;;;
b51b49453fb2f3a1a412e65feda29b41;;;;;;
f83f3903e8956d82603be7edfc4b1fb5;;;;;;
94248c562ad971aa8206e01458a2910b;;;;;;
56be44b29c455702f84cf0733cff1308;;;;;;
4c2150bc22e06b759b3df32e574bb0cb;;;;;;
b46a95395d4196a60cbad88280dd17fe;;;;;;
d5ebd30e026e3382aa7eb79549b79238;;;;;;
8c0db5d5ae0085ff134ca3720f44af86;;;;;;
26cc91dabe0af52b0fdc6e91a753068c;;;;;;
08e0fc19c4ae316321dd7af7319c11ea;;;;;;
b0489a46de13efb9a7f4723c28826078;;;;;;
bb948013af63ec4e513a06b3266e78f1;;;;;;
71ac45e98b2a656575067ba5e2131330;;;;;;
c0d61932594faef07c2b90c7beba6045;;;;;;
47b3dc21398ba8ea3fc4c7669508f4a2;;;;;;
1fdc1bd58127b0b8dcd25700bbc99e90;;;;;;
2f45743ef3d98ffc9511b3204f680740;;;;;;
b0a836a88bd4b81a049faf6eec01ce51;;;;;;
06301c870022cf033cd4e49c8af33067;;;;;;
fa0d3db3226036d6b299241362ba8e63;;;;;;
04b7f4bb8564015b79c1cce05dc320e0;;;;;;
64a4a05f06f1300ca2b242aeefcc0444;;;;;;
534e886b98e3d5d1d408daddb1fa2f96;;;;;;
bd85feab5c9554e0d61d42316d919bad;;;;;;
2f649a42ff9cf7472e430a64d0793af5;;;;;;
a9d0fd0e09cf9ddb039193ec00e8b7aa;;;;;;
0cace3e24f8285739b883b1bf062e220;;;;;;
2c25a8878830b718a3f665839dc249fd;;;;;;
3a1aad322241d6f4d11ffd42d3000514;;;;;;
08d6f7275222a6da3f03fb02adf219a2;;;;;;
728a0d398a9b4beb39a464101620d3f2;;;;;;
a84c388f99df29dbd3f555941f74faa2;;;;;;
7197886b5e95969ad3c9e995203d6d20;;;;;;
548c6073abe831638c7ca71bc3b3032f;;;;;;
e5660dbc0f45f5e74d2740defc89830a;;;;;;
2b767fa5533cb22241f803b6db79077a;;;;;;
a5a26a77090120732649a2c31870e792;;;;;;
b58011d52533298436368e2557361543;;;;;;
48fa657e1cea38dba433acead7d04325;;;;;;
00af10d8a7bc33a28a0799ae0d96f5fd;;;;;;
26c055976eec7ea0b006c1ddcc11e7f4;;;;;;
d53c9dda896baa378b03339a34f35a2f;;;;;;
1a4c90f482308da42badeebde6a611f7;;;;;;
c77c5aaa4079623167b32ed6f34e373f;;;;;;
c9abaf5c7a52c032201db08bed7a4fb8;;;;;;
e7555d4bab1a00c44f363630c5204e13;;;;;;
bc1a9f052bb5893d9802debcf43cad47;;;;;;
c760b95bcb055c6b53ccc78df7cc00a6;;;;;;
740cc0418d7c335ac0e67240391ac9e7;;;;;;
514a40cc67668fdce6130b69da49503b;;;;;;
24f5000730ef9e82d7b9b20c555defcc;;;;;;
b2302e1fb4931e0327efa742149289f8;;;;;;
b7009ab69fb1a35b0f728de252996565;;;;;;
f83909f5408d37ff33e2ef9fa2fd6f46;;;;;;
9173a6d7f5b8719ed1d13ff393d91e68;;;;;;
8b5ffe2ca67348c898f80d7a44bcb11a;;;;;;
3dbc5872a0ee37fedf2d53fd1e56af83;;;;;;
210aab91343758cb80fc72fa6e4a8fd7;;;;;;
1d956366e7b9cf7186cd368c307b54a2;;;;;;
553c909483efe341fdd54a5432c46473;;;;;;
3c3a4d3a783031b996373c10716d7fd0;;;;;;
54934919540fb22d955b1ab06b619eaa;;;;;;
912243ef20cc9ddbf920e3de608a3d5e;;;;;;
3a8e62ba9c75c2994ae7abca7c9746cc;;;;;;
fb56aa3f06f2e948d9c00466248e8494;;;;;;
f1e2ae18a8fa64a5609e17a2af599f1a;;;;;;
03f630a94ab715a1567212f92d6b8199;;;;;;
a1536c4bee9332277f5d29e1badd27d2;;;;;;
45a7668cb3435d5bac6369751c6d8c6f;;;;;;
9c4c172e5c24979e2bfbc8d27a5d1881;;;;;;
c76f01f1a638c935de80def1bb115e0b;;;;;;
12b07413e6b65e8ca6cf586d7bcb7618;;;;;;
6af3457132442d9be8218143a07bec7a;;;;;;
d01ebfd16a05688aad4d70f67c8d5b68;;;;;;
a21f2b735e7cf8a02d2e75aa410bdcba;;;;;;
668b6bbe97a75982876245d9dd7a4a61;;;;;;
9290509ef338e98a1eb1e9134acd1d8d;;;;;;
019c54e0ff123ea7835ced415e86a317;;;;;;
e8df2bf3948e69f21073e577e3e4e473;;;;;;
df048dba6fd1337ca97ec1450a312e9f;;;;;;
7f4890a8ca9aa617f36b1d5d37d4c664;;;;;;
bb75b110cdaa3a4b7c7de41619eee650;;;;;;
6be1d2c1f43c193b33b328bd629d127e;;;;;;
e801e19ab4724c076c5e9496981b58ff;;;;;;
b7c56d7f9342d0fe247a0a8e9d4f6c1a;;;;;;
1784775a7c609741aa72eb00d0bc325d;;;;;;
e51e6e1eb42d4b16bd4688eaf8a5b951;;;;;;
a0bec68b670c6fa823ed1c0cc6d4a218;;;;;;
325305bf4ab51f9b47622d80ab0ca9e8;;;;;;
77cc2ba2c918e55bb13ab0886ce56159;;;;;;
c496c30810a6d1f25ca68d38b4275f80;;;;;;
b313cd84801705eeb8b9c4fc77de273b;;;;;;
62e970d31ef7ce0c3018378bdaef9c9c;;;;;;
676349115630f303d3d49117b30afc5e;;;;;;
a7a72c019b99ac0dc98d48c3e8a07bd5;;;;;;
bad928b5710df666188ae8597193e799;;;;;;
65d6d818ce37d2a83b2fef49fc03e449;;;;;;
278c0a66be5a68eef71e1b8b1c80e1c6;;;;;;
66c0aebf904e248daf831e509b4c10fa;;;;;;
5fc4f2cfdc17cb73980c9f832d661d53;;;;;;
74f90c8414566792dcadefe3dbfdc287;;;;;;
232fe28406130d5386873727a9fa84f9;;;;;;
71b27ba5bba9752242dc33903143e279;;;;;;
9636e10a060964e9881d02430097c3a2;;;;;;
381c1e187ad24a24bfde0334f04e31c1;;;;;;
e960b2be419d36824108649e005c7d3c;;;;;;
e66a83840cf519029267001df0057b6c;;;;;;
ed827ba3e581fb6b7e32e277d8df604e;;;;;;
f0d0ea06c2ddf54182c5ab59b8f29ae8;;;;;;
5d6d5014f7f6e3aea8e36478a0ebd702;;;;;;
f0e59623c5085f7361091cb1c2160981;;;;;;
60912053310f57af7259334a6064af1e;;;;;;
83b00e51cc5532d713a2c5d50c684bca;;;;;;
2c1f3047033f2e56a39d3037fc9e7609;;;;;;
27efe630c7ee64dc9d8d9862544dac35;;;;;;
a6903907649a05cfe2c9b3080e8d3fcd;;;;;;
603adb636edac1f1e4d3d7f917fd6c2e;;;;;;
581d02696870e87f1dcae4ae7ac7d1f9;;;;;;
c0b5830e5d2633e8d63ab1ea81473427;;;;;;
937395f2bd10761802d113c72ac6f6e9;;;;;;
e1b8ddd121007abe3111ed47ecc3d3f4;;;;;;
17c2033c41561e66c9dec3b68e9ca0c2;;;;;;
6f4f31f30afb0bb85ca0c4ccfcde59a9;;;;;;
191341f2be1483b592197caa58408ebc;;;;;;
4935b9cdaf6b381a89605c4e4e3b6922;;;;;;
db9a7149422d76fd878ee4b8b3236f20;;;;;;
b72fede001772ee295c11d716c97d685;;;;;;
08ceeb7d1fed190862a316f5a5e898e4;;;;;;
8bfcfd6dd35ff3dce4cc101cbe572043;;;;;;
a9cca2de5ff3d4e4841a7866baef8c13;;;;;;
4ce420b34f55b051a05e54f5c70a62b8;;;;;;
af0aa55d636ccba58e036f403b532b6b;;;;;;
f0d19cd43fce296e24909c929b1328b3;;;;;;
279d7f9316555109827a36cbff35a18d;;;;;;
06248555b72a7528d9fe09fa94b51bc1;;;;;;
f0222f104f62ac1053250dc890c7157e;;;;;;
35aca8f1a94f9f64dfdda7878d59615d;;;;;;
b4fa3016b70b93fd9ccf9185940053f9;;;;;;
a89b4a0f5efa0c43aabf7abdf0356a26;;;;;;
607635eb2271491f66b5106c30fd4d33;;;;;;
00ac1ff331c779d5c1d4dc32b8d8ca8a;;;;;;
f5daa9dc5b35c77929c8afd6a6714d02;;;;;;
caca0238537ad0ddf4a1fd3bf2631763;;;;;;
670ce3d22016f615de93532da4ac5698;;;;;;
ccafc4d314b45473f82b226e080e769a;;;;;;
7465c6e11834483094d3b068bb7ad083;;;;;;
77c99c2b614d802e31cb223bc06b0b1a;;;;;;
f47a800cfeaee5489541082a278d4bea;;;;;;
072e8b6112827a5afe016361a6b41690;;;;;;
8dc1fc2c3e17b767841f7ae288a16e16;;;;;;
60e4a5ef5b3c9f90ad40c80904f416bb;;;;;;
fc469990f56ac1913a371c5feb204c8f;;;;;;
dfbc962f05d1fd9f6f6bcfb18d1f58b7;;;;;;
c8310baf8cf71e975919007e4c96ddb5;;;;;;
80b4378ebcf73e92f1d9d3a9bb0d72fe;;;;;;
fb82f4e0e55a1f37787b8a42084030e8;;;;;;
446ecf97344ee4327e1eb761b50377a9;;;;;;
f062897371078d558c382e5802c482cb;;;;;;
9f992b98f149afe347912fd8f211dc99;;;;;;
93a5607d11cba75a3203281f32d368db;;;;;;
6206f1fb5571dfbe5107d8970eca4ee5;;;;;;
0d99f16f48339cec2c0eb77ecd191021;;;;;;
ee43292690d5361a70da4ec9eb6e12c8;;;;;;
881a383fe660adbdad99d3e1a32671ba;;;;;;
25d7b277e56bcac506b68cc1bf124aa2;;;;;;
2986c3409a8b8a6d68dc2afd34c81121;;;;;;
8d8d31bd7131130e35e160bb2574e5e5;;;;;;
4c79f036e6a7c4c8ad64227b00009b29;;;;;;
d67cb34638d8ff9e3a8a5a85a9f8ae40;;;;;;
8eb00ce584ae0af5737f6fdfeec09a40;;;;;;
2a01352c5f4299e11013ad101d38e7cc;;;;;;
d2416761e5ef4666b051ee780d823268;;;;;;
498dfa30aac91c66fe5a8986d60dbb53;;;;;;
dd8632ba2283c4042447a92999267053;;;;;;
98383a8ae8727ce6d5474cf8954c66ae;;;;;;
c4dad1530fb945f65d23e1e93c43b69d;;;;;;
723094c4cc648a5eda17b3c32e4518c8;;;;;;
6c5b57a56fa1b790dedc3ea74446b1c2;;;;;;
7c2d1c433ab28f1b247d5d83378ff2da;;;;;;
343b093af5df2689db35ace17d553cc1;;;;;;
b853e9a45208fde47b5edb5d2ff2760d;;;;;;
40d1bdccff369ec1db050bb821a8583f;;;;;;
8a5888e2a5ecdeacd3f7549855cf5643;;;;;;
ab736e595bb383bef9775d1c0b8e3be4;;;;;;
52ffaf5e7a6a15c8a402cb2b4be35bd3;;;;;;
651138764bf32a431501511dd2bda094;;;;;;
f01f11f8119617562bb7e0a48e8f73a8;;;;;;
7af765e1ae971c707a4217a4b083577b;;;;;;
ff46f9a8a9065c35d1b2f782102b9e79;;;;;;
29c7d525933c44a99d9e21f90b3201e9;;;;;;
3f580ab46c149d75c4823e52774352ea;;;;;;
d4826b2fd7fe1b37c93044462902075a;;;;;;
394c1536bcee6a95433f26054250dc4c;;;;;;
2544485548770a81fbeba3edce716e41;;;;;;
ca90385a22334638b80fad05e248e3f7;;;;;;
a805d6f93adbdb649335117bb785756b;;;;;;
d490048c949bc213731cbc09ed2a14af;;;;;;
1559a8d6267bae349413daadea274b8f;;;;;;
bccad17818d7a1f1b2f2eb7cf4ff8e7e;;;;;;
6d61d6319a1ecbbcee02265d98ae071e;;;;;;
bbb1e19214558583d9336d019b84c256;;;;;;
9645a8fe0af4f46eb11a13606b5f3c7f;;;;;;
6da0832a54a8e20ed7b769a5df6d8983;;;;;;
6a08fe0101ff9108ef200e08591db15e;;;;;;
7181a9829ce7e26145e1c43a8ee6e4af;;;;;;
9ef2ef82d2acfb4ee3c4eb76976dbc3a;;;;;;
944a7501d50c02449f90f494b36567b8;;;;;;
2d588abc3839e11ce62a7aeeee2c97ae;;;;;;
2ea7ef7b09d5400932282dba896a2341;;;;;;
65ead2964b6d5facd6363c72963e9902;;;;;;
82c94d97bfd2034d176efe0636cb892b;;;;;;
579e8cfa8bfd0cbbf3ee5145738dd50b;;;;;;
e68892867b644a7f44e2366e7e068d6e;;;;;;
f70fe80d56255835d0b9a5d9582c370f;;;;;;
e2bedf6c33645ed8ddfd2665c28b8a53;;;;;;
ec9b96aea5ce4a33345096e7b57817b3;;;;;;
b6635660315b57d4282801b9768b0509;;;;;;
e4bfac92f50f139d235da9d699bdc98e;;;;;;
b46299a859f67251e2dc2f2d02378942;;;;;;
0363db0606b93fbbb5174d1faaf1c73d;;;;;;
a6b02fbbed0b9cf00954397c00c978e1;;;;;;
102ff334358cbf53bbad9c1f5d853b06;;;;;;
0144ac3671c5136851362409a6ec9cd0;;;;;;
260e1e52474e97724e2ff13c1069b6e9;;;;;;
fd00e9c08595fc62b5dca28ede6c36ac;;;;;;
39897ff9ac8d5e7d7d7addbc08b7da20;;;;;;
af0c99daffd3d10aa440e9f27b37863a;;;;;;
92f831984c58bb64369fff42486459a1;;;;;;
8bc38c6fc8c1b4b426ac981ffe607a1e;;;;;;
0c72331172587b98819ec0bc59369fdd;;;;;;
1cd3f135576be5cf14abc97a02006704;;;;;;
96e1683b1487323e55172592020e1ad1;;;;;;
33db56f8a2b474f20416a77e1b772885;;;;;;
5c0e97e136571bd9649204e96615d2f4;;;;;;
7476ef69db5a52c9f73b88eedd4ef8ca;;;;;;
fbc66e80f622b65ef54e593ec0764bf2;;;;;;
a65b0de3df843ef39ebbb93acad29d3b;;;;;;
6a8371a79bd62ca907a66d6760529f09;;;;;;
2edd2c4575b1ad6df06417934a87955b;;;;;;
3d26edda28eb7d66f2b9055b0021b482;;;;;;
938066accc115e10f5dd06d4a475ebf4;;;;;;
0ef3f2e47c86f724089de1f3410ce313;;;;;;
395209b5818edaaa56d5ee087289ca02;;;;;;
386fab8b1a8fd031df5558e8edc3a44c;;;;;;
7eb005110f63c12763fda4d79f14c91e;;;;;;
a2f33b62e8b3ee0bb6fb75705b00b82d;;;;;;
290b7c590990489dea8bc6a8a5eb6196;;;;;;
6500515a5494ac9deaa5784ee794af39;;;;;;
da9a858b4c70f79bf577f9b4548e3f90;;;;;;
ac7ecbb36f58cca90208b6f24e2d9261;;;;;;
5632adbb39dbe46967b2339958a3eca5;;;;;;
37e8e2d3e8fe4741ae7c97bbe1579a3a;;;;;;
e8c124ab0d5b9a8d4759cf18b64b2d08;;;;;;
4ae7cfa9a11459b5ac90257919227a69;;;;;;
1a24bfc76569c0461314c8c591756b26;;;;;;
1d7d153eec6e641d14b8c34fe38d2fea;;;;;;
f36c87244be0e304f26b6bc81792a296;;;;;;
95575978ddc786aa84102370d4ec09aa;;;;;;
7bc97e075795f6b7833eaf1cebe3c226;;;;;;
dd9808b0375eca7579cac8099810768a;;;;;;
12ff5921b21c9f6859e12d7f7c0e0bec;;;;;;
a6d7bf7c4929cecd1b463c810898e60e;;;;;;
d49400fd44697a3b3532e05b385bde21;;;;;;
5bc639973977d5bdc890119b534e12ff;;;;;;
8ac6ec9c1a99ca03ec47c9ee4b1baf1f;;;;;;
ba158aafb7e00a12013cc3219be3b63e;;;;;;
b5042153df3e6265670fa2f9fcdd2729;;;;;;
168130c00724b042960ffe06e0595f60;;;;;;
b35d850237cb0668d69c9f2a6ebd523c;;;;;;
28adc499da1291f18eea5f0532ee94cb;;;;;;
aab3ce956eaeba822cba9214f039691a;;;;;;
710f74405ac1115e566b13dd06c0f045;;;;;;
0afb13a03b2c9224963522a36d709a28;;;;;;
e1918dac7f4d13284a689334f237b69d;;;;;;
d311e9dda336217097b9460181e3ffa7;;;;;;
e2cbb71ecd68b7dba79fc3c5ea59f96d;;;;;;
f518522dc1d390b8008fd7dad7db3c0d;;;;;;
6835f5cd3aaa81fa7d245ccc886456ca;;;;;;
ea9f828b975b29a9ddb3bf8d5630ff4c;;;;;;
60ff69bc5d2c750d814ea1c9ba9b5fa7;;;;;;
40b0650cc360e9dc5b91188b206d11ff;;;;;;
14d70f9b2ede20e737285e9a9235f95b;;;;;;
c9f9371ea7d2ca10fd83f6d441fc8398;;;;;;
92dcfcf4681f4cc7ea40200e796242af;;;;;;
f0cb8918dca38df048bea5c9b926bde6;;;;;;
240f2cb32f696fed6830a35c11b5a7c4;;;;;;
b56a39e330144cb8c53311d53168fc35;;;;;;
a3198c3f8637f44b9f7b13bedab6ed53;;;;;;
04cc659d86c213ffabd25272ae92c91b;;;;;;
2e996041b9317398b8dcb8d12be9d599;;;;;;
08f9ebc8c54b24d41630cfed9a6691d0;;;;;;
c08171404117603092a1cf11528b73f1;;;;;;
01295f1bce13d6b7fa24e6f2f9b13f18;;;;;;
f6d71cacc94bc041ba582f9947974696;;;;;;
94e19f7a06a0833c30552016027ea441;;;;;;
fd64712ca6c9119ea3a0601e32906457;;;;;;
4079c0465b0cda8f4d5ed8f4d53fd4dd;;;;;;
e9a4180197c444f840f9b7929cc34f6d;;;;;;
c673cf29b79cd4db817257fec669cc01;;;;;;
e2d1faaaaa801e8267769197fa422aa5;;;;;;
30c019a6e226c2c8f348a2c54eda1752;;;;;;
66a9f5d14a40cd7ba98902a449b74f09;;;;;;
53a7036cab71d19b26b9c241ffb63cbb;;;;;;
36f96c6f21180d2d8687037a286c5149;;;;;;
e74c911817e6fd2bdc31bc9315c50183;;;;;;
e6dd5e9381378697b928e15fc4b50be1;;;;;;
cf3d7802cef27bc018fbcf3f8ad0a82c;;;;;;
bd71cc40b98885482915bc7667b932a1;;;;;;
9f0ed73d271833bef3f008983bca2baf;;;;;;
dcfe76921fa93aa2e236fb81bcde7655;;;;;;
b5369231191f2515fa007a68bf780a2a;;;;;;
14d5589a0f9cae059799011637fd108d;;;;;;
d93387cf30f68603ea99de3236e65dca;;;;;;
4315b8deafa04ef0c8ebe280fc5ec7b6;;;;;;
3ce912c47f2ef4012f51868a2b7cea07;;;;;;
6992c91926357745568bfa246fbaaaf4;;;;;;
6b7f149343232c3c193d7c0ba16cb811;;;;;;
9e296497856dfd5a0a8aa540f91dd5ac;;;;;;
f177ed805aad02298016579e64ca3a0b;;;;;;
67e83d3fed3951e4ae6c5fcddeb8a590;;;;;;
5e8593ead9c3f02f27197fae45800140;;;;;;
2942acd5c4c06dd82ce8204d3a0a3be2;;;;;;
0814197be9beacde0aa16ab644dbd183;;;;;;
9c053053e1f046395f427d26a59a2c95;;;;;;
012b5213b9a9f0027a07959e254df71c;;;;;;
01bb8bf1dbe5cea276b915f4101c7413;;;;;;
a98f6b91686e688d001e96d958abe379;;;;;;
2af352fb0297fe9ec1adec77e9128f67;;;;;;
3257935e5d70e73863ed02c5e032e84e;;;;;;
37de17f4cc1bfeac2cb53713bbc47c04;;;;;;
b5b3156055d77cdfca86bf2277a9bada;;;;;;
2de316391a9d0247172f5e440a0615fb;;;;;;
7db9315687deb48cfa0d407f7988a941;;;;;;
d7cd104083920fed73456dd87ab16d33;;;;;;
375db191b2b2cadb8790aa4e442d7a76;;;;;;
814a85d5802152f06f867953b2c87c41;;;;;;
02400a858d983a909b5acf56112b58ab;;;;;;
cba3c9e433c9b86e425652f1b4cae800;;;;;;
f0a6ddba714364005eab0f5c86ba413f;;;;;;
80de783bddc0899baccf10d507e16bfc;;;;;;
ae9adcd0046892e3f3ff0e069077c8b7;;;;;;
b265347757f1fcdd91228192c5031e26;;;;;;
3d2c503f57368dd16a113bd47fa22205;;;;;;
8743597d1f5d8ecf39e2057a8788703c;;;;;;
b6981db227c8019428b471076cd45588;;;;;;
a4b217c2f48349add969c0e130fdfa9e;;;;;;
8603ae5561f91cf29331fc27fd5e54c6;;;;;;
36f0d452e710b224543fc3ad01c33067;;;;;;
9ba2429c3e4f946c39dbdde2c1fd9fd2;;;;;;
f8f9214750105ad7e8b2d1b45df2e5d3;;;;;;
9e85f578946639f490e5856a255b7212;;;;;;
ffcf4a4eff91d0b8cd03faf0637222aa;;;;;;
3b0a6cfa6702c54cfe494cd1ebf92f1c;;;;;;
b597b54e2aeedddf69f90316d846f2ef;;;;;;
587a3eabb22754882e67c942b4f1bed1;;;;;;
6e13d93857497aea5d0b0650d8a62812;;;;;;
e915b1222fc97888934a9b1a5d721744;;;;;;
a32629b6bf73caffdb97fcdcac4bb9b2;;;;;;
0508ef5f0c6b158c7007c3921b28d023;;;;;;
c860d702fbe155fe418bd55d156668e4;;;;;;
c527fcf58331ae2c460d1b1698033d1f;;;;;;
8fba170f32e28fc87acb7f9c4a247fbb;;;;;;
4dd31a6dd656ecdb6f9e0cb580b10306;;;;;;
13dafe740f0282dfd668f2c22fdc3ba7;;;;;;
1a55fca193dc61cb836d944dfb8f8b99;;;;;;
2f6d3f148572eb76ac0b60e5c012c608;;;;;;
1c488f91bd9986bcffd67efae7faacb8;;;;;;
1d9ccb44c45f55d0d5321a01ad580507;;;;;;
4bc167ba88c2cd67216d8d30be6af4bc;;;;;;
f6e8a4039a1d05e5fe08cc8b3c02f1da;;;;;;
ed5dcafbdba3aa31327f893166bdd69e;;;;;;
d25c4027ca04cad5a907940e385c73f1;;;;;;
9633a8aea96226603736a11e3ddb6b4c;;;;;;
a545280109d58c2f0daec73314cd41b1;;;;;;
357ae18bf79c6e66e1841bd629e40e1e;;;;;;
86df27d4fe0fe8478d6951f977ec19f7;;;;;;
9aeceb502e9ce33e1cd55a9459edf972;;;;;;
17d21d759dae59b6497f91eddfae32b1;;;;;;
7b846da5612bc6b4f44e92c83ca0c7be;;;;;;
da446e7660aa43d456cbfcb2097d3e4d;;;;;;
f8180f58452b5457efb7cb27945ea20c;;;;;;
9d3b48668e78b7e27ea08025e50ad6ea;;;;;;
005ce1767c99f7ea1a3e98483f9b6297;;;;;;
968e95d8393b04fa0ff14b7a423cf0b6;;;;;;
186a2e5b1f7387876db2f52745be5b94;;;;;;
456e57dc0428e7c8555db711bf17646a;;;;;;
e41e609529f505ead55d032f56a8aa6c;;;;;;
ecdd3a11e1f68850caa6b0fb76f7a057;;;;;;
d6ad3e8afcb05db68fbf10bbac027b43;;;;;;
8ddc2f069451f8935212521ae3ce8e46;;;;;;
61bd84b326f5bfc37e17f222f94467a5;;;;;;
51b62ad1fef25e21a3df6b4de980b2f1;;;;;;
21f3785eaaa856aca742b58817d24370;;;;;;
6685e4053fef712302fe3832627c6cb7;;;;;;
0bf45a2faed9f87a27ea7b7fc5cc89d6;;;;;;
b37b7252c9213c3192159fbc04a91539;;;;;;
5146758d48520aa22466ab8dfb812e6b;;;;;;
357bcb74ee25d244c8b2985de1948800;;;;;;
fb52b2fd56942a4e037e81482f565307;;;;;;
e49e6dc8d4d166b9bb4ba44ab66b883b;;;;;;
2acbc091bf360ea51a6e8128d96a6206;;;;;;
dc916fde0c7439884d9edff69ca77048;;;;;;
1755f74c2de6028d8631dac4a2affdd6;;;;;;
f2a30a20879ae35cd796f79c9208061a;;;;;;
87a92711e2b5423e4b821957cb08417b;;;;;;
1801bcf66ab1556b665a63c55413e319;;;;;;
50b26e8c9935824df8f85b7be52a013f;;;;;;
46dbcbde74afb41183c87d3f00d77495;;;;;;
3b3e07b2bf35ad65e82380c40926457d;;;;;;
24ba7527b8e842fb31709e020d36c77b;;;;;;
c7271f306a8a26927fb8ae8f63d82bdf;;;;;;
c6768ae135260786d39de28c09951db3;;;;;;
d8e924c08d97d08a4e588fae190b89b3;;;;;;
7588b0f9ae881e78fc5565a5ff823d9b;;;;;;
44e14a8db1bcc765107485fb550dfe33;;;;;;
893ff1ec330b182b7cf1156300bc51a0;;;;;;
3a62e95caf24ce6abe33b2b886336255;;;;;;
7ab2621e7952c7192799ea9f9f139e5a;;;;;;
596916f0410c68f3ae3415e0c56eedee;;;;;;
a1494bf299de045ea95842f1d1a69655;;;;;;
a3a48c1160f447dad172239f20fa13da;;;;;;
8db5479106c5a74f6eb715f2f3dcb92a;;;;;;
dff47c860955e3b146c8b22894617a25;;;;;;
bf91d93b63cbd918a8b13c82c7e63c72;;;;;;
30b9dbdf0bd7399cffdf1c621fa76df1;;;;;;
5f6f2b3e9615a0417350965682fc34ab;;;;;;
7040748f7f924efb4a5adeaadafd3481;;;;;;
1ceabb37fedf7a0eebc369630b505d6e;;;;;;
8dfaee11bb3cd587a4b747162419c15e;;;;;;
22b6efa0cc1f1974de7149b8383a38b3;;;;;;
98fefbf87a239298ace1d321166f9c2c;;;;;;
535042252cd1c12b9be214e6389feffa;;;;;;
b71c96fd7636d9cc6c6d80e9ecea63a8;;;;;;
ab005bd66b8fba1e6ad1b4193dd8751b;;;;;;
1a8f30f0ff5968a9dcc36f8554c7a748;;;;;;
6b35b8d2b71a53fd9329eadd73a8c056;;;;;;
a9b8e90e2144922f52e0b4d41b115d4c;;;;;;
19a3ab9bdd23c261042e070c02403a06;;;;;;
d6909d60c440254354821dd92e3bd28c;;;;;;
c3496cb7be215f1b262f8c29ead95bf1;;;;;;
3b31c8557e0b14569c0304625747f4df;;;;;;
0af207b5cd39e1b75d8fbbf1626f04f9;;;;;;
68897f2459d7a86367ee44a7ac032858;;;;;;
ede2506de5649f2198ca1ab7e35ccb8e;;;;;;
fe88e9c72778e3781e95e883085538ac;;;;;;
9fc9c86ee0d26133ffb1506736d28a6f;;;;;;
79c01e0dcc11cc4698ca0ce06cd23830;;;;;;
06e4922110d6fb8b7ec29a71b5a60390;;;;;;
75f85de470596d4703faba29879240b6;;;;;;
4136f409c887c56edbd91125b914b195;;;;;;
bc2f8ac2515ad6490e45402da5f5c36d;;;;;;
500e2a27945617c9b570e3657aaea369;;;;;;
813bfff476734f0ec846ac933086e26a;;;;;;
dca91079241eaaf084dcf2fa09a36f3e;;;;;;
7c0a46d6da385eb1b6573715251950f2;;;;;;
d0f99d06495cf364cc9fae0d0778e72b;;;;;;
253a0b5341c07e7052a06271e0cd8110;;;;;;
34f1f33778aca3fe4d19442befe0f727;;;;;;
ea49e93d97bee221c6111703e807e1e5;;;;;;
a9a73f1caf52450f3c4d5b689e7576b0;;;;;;
3eb261dd9f185bdda292e45e8f6eb757;;;;;;
d02326901e793fceffe994fef2f34061;;;;;;
fdb7c8e86585aae86c0129e22a564f4c;;;;;;
cb09d300eefed5f73d66b149875a01da;;;;;;
2d579965ecf8b886d92b41210ade7341;;;;;;
88f67e0ac73dd9c54539019daa312cbb;;;;;;
9025572bc071c4c5565fe960fe00ee0a;;;;;;
22f2622daff19f99be962adbfdc5c59f;;;;;;
f7f3dd2e98a59e761546ecffab5e9e63;;;;;;
84faca43731cc5bd92b5b3468bf3fae4;;;;;;
2d38c714232e85eee7b58a747178616a;;;;;;
16ff5916aea8d3ba23cc05f1d769df3e;;;;;;
e11f38ea84ce49f8c983b492ac87e21f;;;;;;
36014aff2520d1e81c717ac9227638b4;;;;;;
dfef2e363e9d2ee110290aaf14bd621e;;;;;;
f12824a78d7b5018169f8f630f623e0f;;;;;;
fc98f63173d43ef6c1422a6da87810b6;;;;;;
d06fd4efee3eb0f8aeaf02ab7e35267f;;;;;;
f2e78f638b0af18d58f10d6897ac0a81;;;;;;
272ead6aa63762f574c426956d248afd;;;;;;
4e1e606beab1aa7cf43701c278f16023;;;;;;
61a654034d642d4e8f255f4cad2e5827;;;;;;
ed32a48a733f8700d2907e37fbdb8782;;;;;;
10abcb49f27ab0c951c29332926f51d5;;;;;;
9543900eb82a7662b45d1ad8cbc794e0;;;;;;
bc2e9b60cd2ac2d6b17e300b91f2b854;;;;;;
bf7709e491ffbf615726a2a9391576a5;;;;;;
b96201d94c73c4a9d81c3bb046ef6f05;;;;;;
0baa3e91108014c995bcb421bbd7a4bb;;;;;;
7023fe252e8ae2b14159f5d1ab8e44d9;;;;;;
92d7481e9cc73c393d92e3eb70310db4;;;;;;
4d0328c9ad0f891fd03c0aa4a6c807ee;;;;;;
55ae355ffdf1464ae74457d436217ebf;;;;;;
b60b08fe38441db4046023c415d7f19a;;;;;;
82e763eecc0a651189eb54fc2378f671;;;;;;
144788c30c6faca1a67d9b38814a37ba;;;;;;
f9ff6fdd7532e9f20f4d0902120d466b;;;;;;
610ccb789d6df9d1092a23c53a8a3f0b;;;;;;
bed5bc3b5305d7c909394fe5d321da31;;;;;;
dfc5a4b86a613d05fbf176969dc8c61c;;;;;;
8a9a18b45c0e1ccb3d732c05af243c57;;;;;;
0baa7b169541b4a30b271096f34a5023;;;;;;
906ddd55e1d62c5d613160c11b7179a6;;;;;;
1792956495e91e152f363ae25531cf2a;;;;;;
903b45ca94a5ffecfaa55667c11c3ac1;;;;;;
e53ba9080c3068e9d75b129b45a3feb1;;;;;;
0d69cd6fbac48b553f14dc2ca94d9946;;;;;;
05fda106ca077be487e4253c87dd17da;;;;;;
3edcd8ddcfdef623b6197662098bce27;;;;;;
bb8b87d1e839baf7dd03005606141855;;;;;;
95ac4831093e1e867071d8a4d7feef22;;;;;;
53ed792ba0802258c98696df4a2fb3e3;;;;;;
5fb5fb9d1825d0da6ad080f872d6c700;;;;;;
e6a37c57797764e014de0e159a699d16;;;;;;
9b798e9cfb2b2a2099bc9c01f221a952;;;;;;
9436e6fc0e9c132d2ed2a8ac174e2197;;;;;;
5af4ba2c9d388633fe6ac04266f2644b;;;;;;
fa4ab34f5e5e21edd63c25ba6b3d486f;;;;;;
7ac19be8f4b458fbd3910ef6176d601d;;;;;;
c726dc0083de333b453c8027fce302b2;;;;;;
70ae408b6aa7df50b98444e9abbf86e0;;;;;;
1a8d6bd797b60f7b9d569b61e05a8ea5;;;;;;
d6bae3c4b02c2f89af7d81bb33690687;;;;;;
b415d3176094b0feecf68e33c05cbecf;;;;;;
88da9ccc769d4c1aabd3e6a5ad111cd7;;;;;;
4dbd58e0902ef1c84142c0ada800580f;;;;;;
d35a9cb08b660a3484196b6bc9dcf124;;;;;;
6619ddbde1be397ed9ad4a1f5caf69ef;;;;;;
f692c5808795e57979ede4c1da181a74;;;;;;
f4fc85cc5678b50b099efaa8c0485aff;;;;;;
91f29920785e7abfbc832a7bed90bfc1;;;;;;
9d3ec6df99e8ed3e3bbf16e8629762df;;;;;;
af41cf5f95d520855b25c2758ac5a14c;;;;;;
976e9f1fc0bfa131a5ae8590f238444e;;;;;;
c66ab2cb1ae6f3a6eb80e6d6375aa3b9;;;;;;
7000914903e47f1d5e02602b03c6c71f;;;;;;
83428e34ed0c4f2d7cda5c9bc2ce125a;;;;;;
90f4a73dd3b5b2aac879fe468d9571f9;;;;;;
46f7270b8225b74796da8191f62866f8;;;;;;
fa12a53bc81b7c87e92883b320f8d66d;;;;;;
88730cdf90791c691454c08d3f089ec6;;;;;;
4f11e744350edbd66081080977397951;;;;;;
9af5aa16bfff2cf0af73c24b8fcbef09;;;;;;
d43496338a0975bd3da7d63386214867;;;;;;
752a28789f3dd31d28d8ff31bc06e54d;;;;;;
7034853067bcd5e2f22ecbf2bff7ba3c;;;;;;
6572779e1a5f543783f1e1dc262ace44;;;;;;
037d130200b16979c28809f8c4acd8f9;;;;;;
9c7906960e7692b99532878b59d020b6;;;;;;
00958f1bc34c66620de2d059f36beb8b;;;;;;
31d9df5ba37a74358777ef606c159401;;;;;;
7fc76ac3bb831f0b8110ea297d1d0d3a;;;;;;
c5da97bcbf84e9590ad6b1df431baac8;;;;;;
35b68bc7442fa8823b6732baf6e717fe;;;;;;
52f401234eb790c284ecbf02684ac81f;;;;;;
d6198f11e48a78fecdcf5aec9b14a93e;;;;;;
d495d6e49d4b04127d3a51e5713a9f88;;;;;;
3ceed6fd208d4d3123eb35b0085b8889;;;;;;
90afd6165bcf8aabbbbc9e8c69e83d03;;;;;;
78c6cde95a291f382895cfc348bf26b4;;;;;;
f276c414fef939d8db8bbb61b7b87806;;;;;;
e2ced54982de88dfd94e77c46a90c905;;;;;;
0073322a4369c859e5e84f8b313a0347;;;;;;
c9b52830d596998681874b8cf1997422;;;;;;
68ce33af2c1ae4722fa757b78443fe37;;;;;;
0533f0285a13d0c7f9c1370dded8c306;;;;;;
c64fcb75939e865053480d1735349947;;;;;;
44f11eabeb5791599e0df7380248b21a;;;;;;
a430b7765a6bf3e20032df2b12dbb2a3;;;;;;
42da518d12038676e2bcbdd45f33c2dd;;;;;;
990651afd19d7716dc692986c8405be2;;;;;;
960b9ecc1b982db936ecd2183731d7d0;;;;;;
760339ab44332a1a7c86c7f249155c55;;;;;;
2f44cea7112eab010219f4d7c45cc9cd;;;;;;
d5913bad8f49d62cdf08eef5de6b8e18;;;;;;
3336fed4f0b07aec3fd4152ccec266e7;;;;;;
69b0c5f791d398bd728b00e8e8747a59;;;;;;
009265ca7874a27fe89b86e626e32f8d;;;;;;
45f883a461baeb4f3302bee2c8cee37b;;;;;;
9cc737f6b38287fad93d5a52f8265f6f;;;;;;
9bc0b32992a37e71c560430409e51ed5;;;;;;
a4b480c067e4d96e2b11f23f9395c475;;;;;;
84e3885b3c21fae2d08121bd3f9773e3;;;;;;
9a4a8f62bb836ed04fe9692317ef5bd5;;;;;;
75b282890a1d4ea83694cc154a35c4fe;;;;;;
99636b03642c071f3ddc3384e84cbb9a;;;;;;
3c006771bdeb2486b13d259d5c7422bd;;;;;;
723b372a375e3aea9b5b1eeb1ace75d2;;;;;;
8a42265c3cfbacaef5aa501614cfc91d;;;;;;
011f9fb4748392428080cb2dbe4dab08;;;;;;
b42e667b0c119de817a5c614015e5b12;;;;;;
61516dc080db9bfc010b61b1367a83c9;;;;;;
56392b7fc2868ccd4a9a46ab333f34f6;;;;;;
f66cac2add558895c6299814ff638203;;;;;;
4153801cf86e00c165da9018e3b240ee;;;;;;
cdec5c29047e15cce51a05691ef2f49b;;;;;;
756cfaf67abf42087712c585f350d427;;;;;;
fc461036e3719e1f91861e7f6de338fa;;;;;;
4ccd975e8bc9ffc6002eaf1bed7bae6a;;;;;;
3f6f49b8c930020dbae4109b5b0d3e65;;;;;;
6fd6257ba440a14b8533384e6510ae59;;;;;;
b56ae57a495e2e830a255dfc05ce8c7a;;;;;;
ceccebd844123b26acd6151ddb7df7fb;;;;;;
d1dc3ad35092cc75d51e56b1940bb284;;;;;;
492d3dc75350998a8e1ea1320423c345;;;;;;
d1399f8bb8f8e52810544fcec80a7ebf;;;;;;
2b97e06395806e41f0220398e32b4204;;;;;;
0c6e11766f164f1662bb64c9f93764f5;;;;;;
e644792760acf0f7a3a26a5c10acd74b;;;;;;
c6a301c8d9db0f205a6c74a9061a4c25;;;;;;
fca5d2c661ecf1db506b8d0da8fd7853;;;;;;
3dd693cb32a1dabd2ad5d84ca83e6a74;;;;;;
51f96dfb94f96204214e61819ba938aa;;;;;;
d7f7286d8f1fe0848b0b8734ddc69e97;;;;;;
8d4f685ef6897b8049c080f829f48e30;;;;;;
a5846f6c01578fa6509be124339568e1;;;;;;
fddc8905bcd9197eda9e02ef126b5a8b;;;;;;
695892a704d99dd9c0fb47703737ce59;;;;;;
570f450492b02d6d5271a5c0522209ec;;;;;;
6f020af7ef2362bd184603773049f3f7;;;;;;
6a00574a56e0218371027ce41f70ead2;;;;;;
d298504aa3b5c923ff175cbdc62ff937;;;;;;
dbfc7b13c66ad57754ae5b08f2e3c5a7;;;;;;
9e3f77cf79f0cea012e099a972d8cbf9;;;;;;
91b3d7df62a468b1646e9ccb9a80c18f;;;;;;
79df78ca29f4271833b753e341031a59;;;;;;
68b9a31565af9812d6970e1ebeefc8a3;;;;;;
d840843ca05313b3db29a7b1737e07d7;;;;;;
d99dcd181ea508e48c1659c6a6b7e162;;;;;;
c8e0d76a633176133f361b648b754955;;;;;;
00c3ee27f8e3620a145e9b21768e9f11;;;;;;
7ab9cd3b076562ae267d62d70f515762;;;;;;
031b6db78eedfbb8429282a350bf70d8;;;;;;
f6155484c8658f7cdb5eb1c9979e506d;;;;;;
b640198bf801f8231cc150da3e50251b;;;;;;
84dded486de7a91e6deeca3d908fbcfe;;;;;;
cfebe68a540aba5cd4658beecc8be5a0;;;;;;
1dc69e765c7d146350c41a67d73cbe97;;;;;;
e0576f9511595c89bb3afb490f7382f4;;;;;;
b346b34638cd5c7682874203075ad4b4;;;;;;
fe4228d6974c3789502ddc4f47785b45;;;;;;
f98669e7323ae03e265f45893b50a3b1;;;;;;
b489ba9a3ffd64b0d6024bba6fe341f0;;;;;;
f0af07ded4a2197e4e6f3ece7e1a4891;;;;;;
2c45cd90c18f8f4d2b5f1dff1c538535;;;;;;
18914ef1f283d8606b063cf8fb919d34;;;;;;
4a9f282069ad7436f7e58342c7be2465;;;;;;
8aad20ec94076d10f2543738c130a1af;;;;;;
966f1bd2aff53af8e62fc256e643c028;;;;;;
95c291f034fbd11c8421fbb4d743670d;;;;;;
afbd9b5b9fe30b6e62539f1b245ccbcb;;;;;;
8848426f32f6ddb48c44c3434d69a53f;;;;;;
52442e8d65b01d9d0f61df09c024333a;;;;;;
c66f449b44f199f576e703b1c8d7f2ea;;;;;;
c90a9133ddde69009c4cd7ffabc84198;;;;;;
74372fc9177ded585e62c8ddbc94de95;;;;;;
b90a8953d77299d4c0e5bf617340a7fb;;;;;;
0f8c015aad273b64d680300f2a399778;;;;;;
a1e63dfb316652186c501ab9973ee509;;;;;;
005d26b1e677afbb7942f72241a2262c;;;;;;
2dbaffe1b1029461e1e592b3a1c50342;;;;;;
302c681130b48329668a5b2d77a4e35d;;;;;;
7dfa06deca6f4183b62bd98a92a9fc01;;;;;;
fff9e1c9ca9df5f9eac28b95d61c024f;;;;;;
196dcfec6ebaee88b807887f22489981;;;;;;
c78f8f52149e824122e085cad77504c4;;;;;;
1444199b9543f276ae7c179a21bd2f97;;;;;;
3aeac341586e01f42ce57ae378521397;;;;;;
dd3be3f504a2b1933562499a85018447;;;;;;
972fc7946569192553b9f513402fa0db;;;;;;
53ab83bdb4220bca35839a4f935c7d54;;;;;;
c5e6b534ab4ea9bd084d7a5f12de9c5e;;;;;;
1a87aa30207a16614d86745931fd894d;;;;;;
b88cdfb7cb535fa8459c228136242b74;;;;;;
10f419696d3d8c1d63ee83040025c8a1;;;;;;
1decd92475e1f18bf5d85207ea111021;;;;;;
47184e1fe653a40651b06f80515a8f90;;;;;;
f0491e9bcac6365f806c5bccce8d816d;;;;;;
d18ae30492363a743ab0c82ab7708e31;;;;;;
2b3c806cbae111f14ef89f948383932d;;;;;;
64966e3ebc4bb669520da89d9cefb8fc;;;;;;
42b25e8b23d409d572e9d2ea6616f073;;;;;;
3ea985499c610ecd5088869906677177;;;;;;
09e105d733a82d6ce1caa194b64c9463;;;;;;
65ced6deb7aa7c390fc0bb0513d895e4;;;;;;
b31a6009831400d5becde9e761881f72;;;;;;
422336e5abe6add166365aa1c630c2e5;;;;;;
9dce7450557af80317b8c8c90189c7c6;;;;;;
294227a2d05f26d3aeba4ba26951b16e;;;;;;
cde8d94b11e0829954cf6a94ccacff58;;;;;;
768a2306a86515739cd64b3987771392;;;;;;
4e722a0d6deca066a222ce30bf32ae75;;;;;;
c46b190584e72f4f6c9e5faf723da4aa;;;;;;
f10668128faaf003cb409adbf8d234f3;;;;;;
dcc48d57bc6146e37ce5210ca090ed46;;;;;;
3a1e2d92f4d2cb6423e3bb3222255abb;;;;;;
966770b0d2dc611181b18692821b865a;;;;;;
44fb3b9599ecedba4cdc2e57c7ed09de;;;;;;
b364ea4fa75aac33235bfb6ba1d26e4a;;;;;;
49fa2c3fce5300ed1ce6e23895ebf477;;;;;;
994da2ecbec215e6b0c567be153920f0;;;;;;
4c3967525ba098fc422014556294a9e0;;;;;;
006cbfe706c60a683a449254ff7e7c64;;;;;;
f38413d868e6829b48ae1c8bede9ad5e;;;;;;
03545174d6a8466d78ad4ade5ff51e3d;;;;;;
df223795de47f6ef9b9c95bac1b1155e;;;;;;
0bb6eed513a65a5e683f9fd435f43959;;;;;;
9d8c033b6ad7819c72b15a5a42a19295;;;;;;
c6c4f5828ca5829ae37219a1f50b5030;;;;;;
f67b414a1e8ca9b39695a55310b5e047;;;;;;
a678fecef368bc5ba8cbbac21ee01c57;;;;;;
82cd0e281f36644d442de17ec336b5b9;;;;;;
e92a2791a439c30e26fc178a638b797a;;;;;;
13fe9fd0bfed27f54ce60676c9d491f0;;;;;;
d5793242ec2b2e614ceb5bd8eff5c191;;;;;;
4cfd9fb587c55cb3f2b3d46c1ff3bed9;;;;;;
bd0d6fb0eebb19a79969523a6f879015;;;;;;
91a11aab01b039c4e6f18d660c9f2f09;;;;;;
df1d33554c91e7eef18e671c07d4e6d9;;;;;;
a5c4f11150f6320698d8181ffc2554ce;;;;;;
caf9249060a3c54ba822db057d841341;;;;;;
1a5cfb631f3a58152867eb61ff188707;;;;;;
23706d5e80689632c76fd849b67674ab;;;;;;
a3d862a67c17cbf9446f9d3e493985fe;;;;;;
cadeaec71aeddd3ea161dd007ad2637b;;;;;;
c00eea01f4a9116259bbee95afd30677;;;;;;
387b6d41dd9c52933d3fb4c28c5c219a;;;;;;
ac58e9fcdf0a45e5b6d7732f2cbf6fb5;;;;;;
d0cdbf1c401239d96acb5e1aab41a88e;;;;;;
01a008856308b55b07f200251eac83a5;;;;;;
929a329275d88b1f9a7b7870cfad9d37;;;;;;
38c9232f161c176d67981e45a9562733;;;;;;
083437f63a68d1fc196ee0836016cdbe;;;;;;
ff5dbcf76daca19c58169ededa06f117;;;;;;
d05432fa72e507cf8a5a3ec2218f8d88;;;;;;
45991c50547dae0964bf30abe55a028a;;;;;;
75858bee9902ea202df041956a9ce34b;;;;;;
ca290bfd556f35bfead4353deafc9da9;;;;;;
782c75687fcabbebd2037b2d2b5409ba;;;;;;
99fc76ad6a2620b16a50ac219c198d94;;;;;;
0429d074753fc5eafd67e4883af7cc7d;;;;;;
e351ae09db8fa28d4d72cc984c02fe56;;;;;;
d03747cb6a4ce7f3d768dda15535fea5;;;;;;
3910859685412352223d21d3bfb6cd77;;;;;;
d23539ca24a7a1f057d5bd797a91bf63;;;;;;
0f3548f3086fa894fda43fb6571b36d8;;;;;;
a50c384c3128ab0880fc682ed22dbbef;;;;;;
b5e1c3581f361477a1c64f1188d2edf2;;;;;;
e709e7caa0353c71dd57d77986fd5252;;;;;;
1e1faa45e5ad2919d8106d9f5e40098b;;;;;;
6a766d4a70927e8987ee6e9c291ee79f;;;;;;
a8a6b07f63b4b8417770454f32bb7f6e;;;;;;
678d55cf960e711a3660d251d393fbba;;;;;;
0b53df9be9ede492042dc8dc4fe8755b;;;;;;
c6ebf466108e8cdfedec290950e8d6de;;;;;;
d7df390985daa12c81b3809a497b4fd7;;;;;;
0aaa4047c1e258ac68adad29696ca6b1;;;;;;
506997db467ad10699cfac3dc7c305b7;;;;;;
17ea01ad3b2b5801ff9589f1ea372bc3;;;;;;
987c936940034a7c9db5d1012652f7a6;;;;;;
b8074adfabd60982121d46509aaa7605;;;;;;
847a98f21634af2c251f93e110909579;;;;;;
dda6f9c7e83d5550dd0d66e425f80a2f;;;;;;
a6c44912a7f3f03d0ca0dfe71d64366f;;;;;;
da2a4261826de979e29eeeeaa2fb03f9;;;;;;
2cdbe3f492455949c94811b2f5942022;;;;;;
68d2d5961b65db73bc2be8a19f6a2ced;;;;;;
66d7fbf3df05e28d5fb4921875392a2e;;;;;;
e78a97e6e1ceca2335e47fa4ee4c5e14;;;;;;
7fbf7102d50f5bece6ecd07cbf0eaca2;;;;;;
395abf1e7c96e1436f780be30bd86a26;;;;;;
e7dfe719f20ecdd0209ebb9bc0f3a0e7;;;;;;
3ffef3b1a01bed8e07f6d83b99f414b6;;;;;;
967a09f38b69cdb98065dd4c80774a08;;;;;;
6d4d9a5e250004848f316bb2a7b353b2;;;;;;
d60bd2427e4a0d7a79c8af410a01a881;;;;;;
910e4cb97daa409018142e1a73b4f5d0;;;;;;
a013fbd3d2299bdb3fcafefbf33ad1fb;;;;;;
dfe7ac2ae1db77e62b8a1648caa7ef3b;;;;;;
00d2f6caf43f931cc9e0f3db3715056f;;;;;;
f119ad42c39e19725320d0789a74975f;;;;;;
fc6a8956064fcab0afd3f4541c86e5a6;;;;;;
b3eedd0aa26e5dfe3c686a2a892cc7e3;;;;;;
ae38397c3615a0d995c71708372f3cc1;;;;;;
97a23142daec5706b28d16aae6c4a7b8;;;;;;
355fdee1ba7fa9e78943bac43e85190f;;;;;;
213b944ac950aeb8b6495a67976bd8de;;;;;;
de95ce244b537b5e98c117d570484ab0;;;;;;
ba9ffd27322d3a7aba930134f1f1c392;;;;;;
cca499b32eca40054d039db1bc9303e2;;;;;;
0afac435650e301fe03ccf68c3882824;;;;;;
c95706b3a404f2f76d59fc220b933ebd;;;;;;
823eefcd838e5d500f8bc1a0872401f5;;;;;;
1bb79cfd49cc109bd75727cafc3fdbf6;;;;;;
245972a3700b45c9f543c0c0de1c1f40;;;;;;
08cf590af69ff5174e9ea3bc582e5865;;;;;;
79eb27e04cfcdeb72f087b9c0dda0848;;;;;;
c8c48ccf7236a858bdf163b2a1476b62;;;;;;
f5a1be4ee6a5b7e3704e4cf780bb028b;;;;;;
e5a97ad1320fc2de90d6202ac12b356e;;;;;;
04384413cacadcfa9fcf6e51b7984db0;;;;;;
4dba4aea03b9f55cb6159bf29816e395;;;;;;
f6d32cec03929ee5e6651ce48e5d9096;;;;;;
c4a84cd13d1507a9f970f8802af114c5;;;;;;
0b9d1ebca6693e013a558674456d287d;;;;;;
921c749f404489174c8290820f55f950;;;;;;
35aab297d9b7d4cdef8ede2599231e71;;;;;;
1bc83b077fabe7c3986c5a22b06c289f;;;;;;
10df08d38142f168879d11df3b6907d1;;;;;;
9111067346f799772e099973de797778;;;;;;
b0946bc019ac2ba2d9e7906d31618254;;;;;;
40c4050e6d509cad63eed2bef7dfa671;;;;;;
bbc93fb093564b0b906f02ba8dbd19cb;;;;;;
58cee17e60ea999d0b04a1ab7b2d741a;;;;;;
de008d6f66286ad940b74c7aab772453;;;;;;
95bcee9526f04ef5104ab30582ffdbfa;;;;;;
a45dcf6132b118c17e24df7d5ff50076;;;;;;
879ed520da19853a2de468fe319f5f99;;;;;;
5c76b2ae31d35e719b3dc5e0809e8fe9;;;;;;
45a5de00e0489941b2dfb238ea964d54;;;;;;
4d29da13522369065bc4d0d3b7cb6756;;;;;;
df9731785e70158f93b7f929f5f6fbab;;;;;;
08892d3d1bf4496ab37f1b65dcf38ccf;;;;;;
6664aa989388b5b33e02d835e02f1b44;;;;;;
a7ce1e2c4116d3a9f2a9c215a593678e;;;;;;
518e14ff3fa0eddc45438d94337ebd31;;;;;;
ff67452e7f21166a87f5c642c5408337;;;;;;
18288824b4ad4f1beb0fb17180c1db98;;;;;;
c7c7227d1d0716ee7dc47c8a8bfb12ec;;;;;;
04a11ba18844053c16c4322a5ec811c1;;;;;;
14b6301fe784fc3442dffb437520e6d0;;;;;;
893ced80e5a24c027d392130102642ad;;;;;;
6b1b149a0f88eb49eda05afa4ca1b1a1;;;;;;
fd072f5236346809be40a563bb0e4a9c;;;;;;
698dc6be444bf2be6da8da2b2c8ced66;;;;;;
6d4a35dc4270061ec6f2a39b07a540e9;;;;;;
f95d5bb7be8dafcedd18f5fad6fdf021;;;;;;
c5f3d3a7da62abb77d7b07bb2b7fc385;;;;;;
7b0501b132f93eed34eebe0e1cd1ce8c;;;;;;
d2b9423511b42d518753e00c743b86f9;;;;;;
0eecbb1b4f6dd17f2895f12e40c33b36;;;;;;
2905d4ad24620e9267d823b6d2adf0fd;;;;;;
f1708092e3eed8033f6ea4ccafcf6d3e;;;;;;
e134dd75844725800ba50afbab9923c4;;;;;;
a579b39d8aef87c4af4b9fee463c3c75;;;;;;
8d24fb276388e926ca940bbcbd3dac79;;;;;;
28ce1b28d312c98633d986a8dd572ad9;;;;;;
03a4eac95ca037450de4171631b4e45b;;;;;;
ef506d489096e1fa939b7381ce0e3b04;;;;;;
82d9b33e75363676e827248f285cf21b;;;;;;
fceadc5384c699d2c083242767d6cb15;;;;;;
e09d2652015092c31c86a1843757407a;;;;;;
86449740c737b98c9e6bf8550f948375;;;;;;
b338cefb0893d1a98f738f04c4690e40;;;;;;
da7905fe5be47db13d51aa24dfc8fbb2;;;;;;
55a3f5e79a0371227bf63b8a4ade7dd4;;;;;;
b30f1eafc1929197866e411cc0a003c7;;;;;;
2fc2e709135ffde443cf3c662b5c601c;;;;;;
47052a3012e766b13a76b5d69bd89b79;;;;;;
348776d75bf8a18a66c57b4eccdf9fb1;;;;;;
f7bc2d035d6ddc3b4737cf62d075cc74;;;;;;
571b7a16f287f43c28db0b6087ce96bc;;;;;;
9fb4f89d2477252f966c320926e10bc5;;;;;;
b7fd23d42b5ea6c56b295642e16a6347;;;;;;
630220bcc36cddee9414248705286e1e;;;;;;
39d780e9352c3c5cfa71feda1031b677;;;;;;
f6d76ff54b0dc3e93e2ec8d2cbd935a0;;;;;;
1067dc52e4ee6835e4a5f38aa0896a75;;;;;;
a6e53769efdb53699359079c8755ea0a;;;;;;
553a28bb585a19a4ad66228017a6e31f;;;;;;
4b7916da3713ca4d442fbd68bb2a7d28;;;;;;
7cc048e642b71145c1d3b3270b4da471;;;;;;
64df726f4de9933e76b6fb28d9f24239;;;;;;
4b1c2fd14343ded951ef5cd0e4c5ca6f;;;;;;
71a7c61dcedd63289eca4777e4f08d2f;;;;;;
1f948f58ce663659124e13b660c1097b;;;;;;
da29a4ade27f3eb2db018576c02c95f6;;;;;;
326cf8ea5fdb19751a49d12467e49e05;;;;;;
c116b16962faa4ecb77daca03325b363;;;;;;
6b39c0f00040b823b4adeb4df4f9b8e6;;;;;;
97460e2d48d5d9791df0e272969d9e1f;;;;;;
c7dcdf5e47d5369642e99c216c44187b;;;;;;
748ce1a1f39ac45915dcbe438c7c9b0a;;;;;;
25c40c6b4b2fda035b5c56716128d8d7;;;;;;
4c2487fa9151fe2d598f3a03c4fb3899;;;;;;
644cad2e1cc8078a23555809a0987ca3;;;;;;
c4c69969a8435baca50c1d771df4cc17;;;;;;
bf6157d0459522183aab7355e7a9392e;;;;;;
bfe14ff746ac88accf5ed851db5f5426;;;;;;
3e28ba2038d034796d21c4abb1e1039d;;;;;;
d893eadc50017e37bee3442fac1038e3;;;;;;
58c7a9cdfceb7b9f33269d7be8d11045;;;;;;
55b7d2a13780157e682af4e9069df6fd;;;;;;
cf2f498e71e223d598ec38e79575dd89;;;;;;
63ac5d017c321327a605ee62d281fc19;;;;;;
f4ecda49ccd8f5e242677e9cb94b719c;;;;;;
d63b66d34c78e69036eb64ab5a3005ed;;;;;;
202b67fc41e07b5823ba0754c3052c5f;;;;;;
9e5dea7a3045ef98f92a088d64b74fb0;;;;;;
a54c53b4e09a6a35e44c54e116d0b5d6;;;;;;
ea066490e34c048b8bf6d6db1f0ca7bf;;;;;;
3538d187781dbdbb8878b6b43d7d4cd4;;;;;;
a1a94543d094306723b720fe05cbb7bc;;;;;;
4a86b05d5cf443efa99da53fa8a16a3f;;;;;;
ff6833a708a2c535ecabb58257e766ee;;;;;;
10792560274f75f20efa95fe5dbe3a20;;;;;;
13a101f2022f562b70b8381754d969b5;;;;;;
1dcaa8c376241b19acbec29471fb5d84;;;;;;
37ce8792d7d8ba8b4820c27863e71861;;;;;;
41dce2ca3f36d46b1d951f735ff9e79f;;;;;;
7a77f0b9b27603faa3ed86718a62adca;;;;;;
7febd0fa9cc04f9ca04f710b7e1deeca;;;;;;
84a0d84cc65f0762120644c0b9f404b0;;;;;;
dc08f3cefcd8df6a340b39653ffc1d12;;;;;;
8d4a2ff4f80ac2aee8141779b5e902e4;;;;;;
5616e84a421778b15bea72bb08f2d481;;;;;;
d6672fff59133ce566a098779ce39176;;;;;;
5830d524edc48d1ed6daae6c4d65cdc3;;;;;;
24f252af73592b4f936efad4ce0ed4a8;;;;;;
7a2e0d232987080aa02e236d18150a16;;;;;;
878fbc77634f9e4edd65466a6d09f6fc;;;;;;
699c48179c3c041a5a25705d5e90a0aa;;;;;;
c9f850d4f44ad2e5f6165a96f4a42e45;;;;;;
ef7a98203ed8e9f8ecb2e4e5dabe38d0;;;;;;
192ec83483a3f973bcd7a7f4f89ed43b;;;;;;
805b1bd524a370de1692e88e6306eabd;;;;;;
7aa48f385e7acb1f43f4644e33f91cc3;;;;;;
77d337ed7d7079a289000608447891a2;;;;;;
06373cac727d750c39bea98888b1af47;;;;;;
1618334462196ce52b9983c768a3cb25;;;;;;
bff7675bbe3aec27c34436344ffc41f5;;;;;;
1ea82d807252edc0335baee3adfdf429;;;;;;
34c9ff36f30b7c053c376d5092ef40a5;;;;;;
87885a6aa99ab126083e3277ff17542b;;;;;;
4f8c4c54a95495edcec5c7c6ace85d95;;;;;;
d0931ef987bc6389e4ef5c1523eec308;;;;;;
367a0bcae518aee8e1337ad75814a521;;;;;;
b7389a34469b453b539318f820eb0d5d;;;;;;
c7c9bd5b0ce271da3c0a678cde748778;;;;;;
1100088ac593ef4f204b253e02f70f01;;;;;;
a3687ac7607cb2cf22a595ed768001b8;;;;;;
5778c220fa03082b09c64d2e8ee2892b;;;;;;
71bddc84a94b4847fed6c1b6064defc6;;;;;;
e4ba1c8be74d5888bedc82a6152007cf;;;;;;
e41e547fbcd57d3ac459f452077025a2;;;;;;
8f5c37d362a9c0c9c17b3e60e2150e3e;;;;;;
43daebd78ea2541c274432b16b8bb33e;;;;;;
e4554a6d1b3ceae0d9f363f477a36333;;;;;;
fc26283feb0761e8d1214ec533e32b4b;;;;;;
7537e5c398091cabca979222921911ba;;;;;;
eaa0c5e2b49dbb3b18b3ab9def4c30eb;;;;;;
a0bf3e3a6cc7cca536101b4563c9ab65;;;;;;
2bb08c1e049817f6977c655ffc359a86;;;;;;
a59cdd8a524adab4c388a277dab1492e;;;;;;
55e3f1cd22feb4c5be051b0ac78c9c24;;;;;;
f56163194436364ef2a25bd4e99e8e6a;;;;;;
05a762388dd6bb62ee3e138b21227446;;;;;;
30eeb5cdb145c6b5ef869f6d536776b5;;;;;;
49689453bc03a613cedb1ff719473a16;;;;;;
8907ce8a8b0f730d5e5527ff1757f1d7;;;;;;
182bbf6df551a3512fd0294f688f68fe;;;;;;
e65aac3b41f002cd39f0ed508fc61756;;;;;;
36238bac86141e0da934fe3b3876ce26;;;;;;
a63c2002c9f8c1c49f4182be44c8511e;;;;;;
380bb510d82b231bc0ee16066530c71d;;;;;;
b35e16b3b3cc82b034aa12c286d7bccf;;;;;;
92a7710cbeee3d1919ee05a9dc3043c2;;;;;;
653ff4d288267512d35d2a1ab99a6256;;;;;;
973956ab7d96ca2b80fefd09ee84df6f;;;;;;
fe863acbceccfef4145bec5382df0921;;;;;;
2032856e507c1ce3489707a3c9db209d;;;;;;
ddd7f430714725ef19193f91ce95cdc8;;;;;;
3732f6d16a630899afbcd68f88029c65;;;;;;
7675a3f2f81af6ef3d55f470de6ad8af;;;;;;
7f2a38efb14a4fe76dd9555bddb9829f;;;;;;
1d956da847765422da540f180cb2c063;;;;;;
6fc0b2181535462777874c2a80b62c39;;;;;;
5d7264adeb1fabe0178bbd3bd3ef11c0;;;;;;
c1a708e6ad204047a0c5ab4887d03ada;;;;;;
cd89e80db1d2130a3b59b1fe7242079f;;;;;;
c5f7fdc7abd1746f9dd5ab8b816025cd;;;;;;
b8d80fd3258b8f1ba56999d2c2275143;;;;;;
7a566dd45e85e027aadf5dc19f8abb93;;;;;;
b3a0f38297f1807e740e63b501f8b598;;;;;;
f8bdb969f1db0e2a56c82692effb0543;;;;;;
5c6d3a49d45e6ee3b7f7326c1481b0e9;;;;;;
5cc5704da72faf0a45e87f3cd081d738;;;;;;
4c0daa8a3b06aef413d278fa7f68535a;;;;;;
97a7d7c17cbada889b2167f1b38165b3;;;;;;
ccd018a9661bca338de1dcd5c8859756;;;;;;
002575915bc57306270d34ec3ba36dbe;;;;;;
9df1e346881b0c95247607a2812281f3;;;;;;
bc15b85ae8a45a7c2b1a22caf9b1c00e;;;;;;
8903d9ef1d77beb06d8cf58449d20583;;;;;;
53dd9681ea4ab840c96a07afdfc4b2c6;;;;;;
063a2bd3d5a21dcebbf8195c31dec61f;;;;;;
4eefdec8e54c572d18fff7fe107f77ab;;;;;;
2cbc96c5a924985ccea3a2dbf9fe4486;;;;;;
7830c309b1454db9434d9228d49a310a;;;;;;
e21a6bf770c93350f8b92f7f1313b77c;;;;;;
8856043b1067014b3ed1004a6cc1d31c;;;;;;
baaecb302e7bed5633dae03a12592f8c;;;;;;
28014d88c548bdd28227989afdf2b1b3;;;;;;
f1641f227f35caaf3942fa0494b12031;;;;;;
79d84e712dd6934edd6821211317badf;;;;;;
3dae1ec4ceb0f954df738da4e77b41d7;;;;;;
fbe6440d59da501d74928f2f0813c0fe;;;;;;
7925cef5cee08b4867833a7b033790c8;;;;;;
7f35a40b3dd34131d71117876814c124;;;;;;
7288d7ccd2bf6730c26bc8965e3799a5;;;;;;
7f222b7fe67e173600b81d17bb93df3d;;;;;;
e39c11487f99d609c0dc6dadcd51070d;;;;;;
31f6aadaa06cf496f75ed9e197b522aa;;;;;;
2d6628fb7531be7d79ad713cd72e70d6;;;;;;
b49c4ca12040f4e0d1354a7333bb2680;;;;;;
61de08e480ae70770ef1a189106ec5f4;;;;;;
474f024c1a583777068f472fd764a39c;;;;;;
f8a9ae543409587c9bf8b6354ffdf5e6;;;;;;
e7056a4a132cde28c8d8304fb4aca370;;;;;;
ab254584d9ec7f030085ddf17b5e0852;;;;;;
79a688301ccc78e02950aa6ed5c24399;;;;;;
c5642ddca6c808a1c4185ed50f43233e;;;;;;
47152a5628feff74719713bc56fd5d79;;;;;;
341b7c292e94c050cbc653757095eaf9;;;;;;
7a18906521d1b7235f141bd61fdd265c;;;;;;
073febbaff5580d0bf39dbc56eea93ea;;;;;;
07be509f6840e93ee567fd3eff62e660;;;;;;
d0f14a11706d975d8bf6cf2fe3ddeea0;;;;;;
ca0a495d4f8b1905e2548b0d6c32e4d5;;;;;;
9ccdae95714663dd0e93c2f00345fd8b;;;;;;
26d01862a35ce50edc7301d195815670;;;;;;
93d8fb90671126e0b69c32a3c0f1ee47;;;;;;
5cde6b78880a92409623f0ebbf5756da;;;;;;
9e42dfd67bf30809ef4b5d1dae70cfed;;;;;;
c51b09e2e95b19df8870bd188fa23884;;;;;;
e7982759b2a34a993e883e17743a2faa;;;;;;
312b6fc48c061b7d88f87a41668caa94;;;;;;
3efa1d29d1d353ead68cc8321bf885cd;;;;;;
7cc6160ad281ce2e7128d2bbb885c74e;;;;;;
0f0b5a0d3d9408212e3563b94a463239;;;;;;
32902c45fa6ac09602abd3ba0ceaa5d7;;;;;;
bf8221e0ca7e6cb9a9dd66d94bca47ee;;;;;;
dfce061a1ff6a06313c1eedfc5a3d23a;;;;;;
bad722e41a028039e22ed0e7c1201497;;;;;;
ee879fe5f5011474d62995dc259f25ab;;;;;;
faf02e18f969609c8feb98f2cf993819;;;;;;
e22e8379e4e468968bfafd8a310bd332;;;;;;
2a9077b5f8d54de59f588004c9d88c13;;;;;;
8086deb30f105f0cba40afd815e53cbb;;;;;;
06c08bb40af645ce07f08f7ac377fd2c;;;;;;
78bc2f5e9427b74dda368fb4a5f3ff61;;;;;;
59a3c49ea20be46ff656271137dda706;;;;;;
00846434e1c6e31265c741235798d75e;;;;;;
f18f69515cfa2c26c83d48c4152b15d2;;;;;;
c581c1a63efb73207612edf8179ac338;;;;;;
a0c0357e04d89566e4b1b5388e8c957b;;;;;;
1e405e56e7f3d1448ef3c7fdcfd20988;;;;;;
0a636816ab65f6bc035969f7ed555bbe;;;;;;
43dc1d363c78e47da461d2a84c6aa6d0;;;;;;
a413879bd40c60ccf4d3c063c63c7fb7;;;;;;
6ea12d2f7ef732ef77184a30584261c9;;;;;;
e2f71a9e55b394240dd83e92ea45d1a8;;;;;;
f3056cb0e0fc0a297a27631bfd414a85;;;;;;
6b6841af8c4b01c2d731f357fb12a1d3;;;;;;
c48a56d5f7d67439de0b1df5865b701b;;;;;;
60c5d1597cc7836147f687b8ac8c8e10;;;;;;
1fdfa3ee87fc4d60f726edfb90f41b03;;;;;;
24d09b44dd506e2062a954a4545c3410;;;;;;
cabeae86da27f65ba451ed77f5e84f17;;;;;;
c39e6d3a91d631aea91402abd6f5175f;;;;;;
0eb919622db517a81882cb080f0939cb;;;;;;
4ef778d4a8de9da96308e6d455a513e1;;;;;;
7749d7968e139f9acf6473c5738aaa7a;;;;;;
05b46d7fd397fc6210339fe12967d04d;;;;;;
bf756078f395343bdc2388dcffdfeb7f;;;;;;
bc02f3651dbb75e082a3c644d7a04e6a;;;;;;
04dd54183ce1d3f65b311c274096b6f8;;;;;;
d5ae4c7a76c35b4de00bfc0f9f17c433;;;;;;
1889656879f99540d7d18ef9e9274bd2;;;;;;
6f4ec32612d4de60a311d45941c52c68;;;;;;
a76bbb461e5b8b7e6e9c6468ec8d89d4;;;;;;
4edd88fc3f798431e8b60fcc782b7d5a;;;;;;
0a97de1a1129691edab6ac41294a6206;;;;;;
791ec57a24936c29b101b5af504899a0;;;;;;
c541f3e2f0dbba1b28cf136635b5d204;;;;;;
846f505127436495ed18f2b969fe6cae;;;;;;
000f47725e4f0f7577d41ca749d40c2a;;;;;;
d1f4b4e4254ae69ee23faa34a8e49480;;;;;;
2acbf3715f401818afa89273cb4804b1;;;;;;
86b4dc55ea670932235b939c37a4413a;;;;;;
50b38ea330231e2202bfc097c3bad43e;;;;;;
bf6f65a34c3d76a7407c070e9de31d0e;;;;;;
6decd9a3a9aea6ae14cc15f22ddf280e;;;;;;
afe0a17f0f4f84be1295b39355e16723;;;;;;
1eb24c8b2c07efeeebfdef4286a71ea2;;;;;;
2f97f355852d626f7732faeca9e942d9;;;;;;
9f388713f7d7b6e0e6854f1c60fa654f;;;;;;
f1b123988ad908fe9f7c3cdf18616c93;;;;;;
5cfe1d76edbc96e44f6121901e536d61;;;;;;
c204a905d1b31e5e1792e53c075ae756;;;;;;
911468719b4a3181e5f5ea542fa5f95c;;;;;;
b94cdc256c0bb4407f7c45864cd4947f;;;;;;
38db6bf97a4714a899e3160206de2b41;;;;;;
9ade372e1eacfac6ed97bc3d0bdb6cfc;;;;;;
cd8d9d04ee2382ba823ca3cec4d83f01;;;;;;
40c33501f3fa713fabe8c187ab5accf2;;;;;;
f8d89550a4ed5b8dc93ae01613ffb3e4;;;;;;
0e18c7049692cea2c2dbaf79d2c25e29;;;;;;
7d4bef08e962730106b72b3a60e4bfef;;;;;;
9650fe758d0968acb34204f400bcd835;;;;;;
0b33f760d21ba28a41ff3e38b754f7e4;;;;;;
7cc600f4f76be1e995c19164b5f01dc6;;;;;;
2e6075ec65d7df1f9e26f27924acb338;;;;;;
fc58800a0f64251beb6e5d41c68f662c;;;;;;
b4918075b445f2f4df072c3bd3dce7ec;;;;;;
7fe999c6329f7550c384e5e1f01704ea;;;;;;
a770b82125b081a6b3dd5ce66a7ebeda;;;;;;
7fde9b28f8de89b93413367442cf30b9;;;;;;
019bea6bc44e3467c2d5f8e40035fcde;;;;;;
91599278c4ee806d2920569c99a5f082;;;;;;
0b82dd8e8cf74a65131b30adc620b52b;;;;;;
8cd52b8a855c60e42ebfab4d7ed44c81;;;;;;
143b68535cc0a63b97e8a5db908cf1d4;;;;;;
84298998a5d8d5f55a7249b3a984cfa4;;;;;;
20bc9f0c18039d8d287cc44e83a4abec;;;;;;
5f616d3709884f51c8a4cceb1b40998f;;;;;;
196a0c9354cc55168ccd050db742a0df;;;;;;
a176c5cd7d86623a52c6da7cc50e50e6;;;;;;
a0ee42260f7c7bbffd1dde50c1ecfbec;;;;;;
18a22ae646c2c9569357c401bb07fb6f;;;;;;
d36b3e032b103f6176dd7941aea9c5df;;;;;;
609cfa042efebab7aaa162b6a603a4e8;;;;;;
131136cc101e0f983b206ea66b4072b7;;;;;;
4eb816a87b59fd72da8cd4795861a692;;;;;;
b0d34cfd8e02c2a4ca544f04bf7806aa;;;;;;
52ec6e4aae4e21847b4e531a05322d50;;;;;;
5ed9fb2911d3fbce6f7204b673d7f89b;;;;;;
2887c735549dd2bbd7cc44fda01970a7;;;;;;
bb63a39230c45841f9961e4b5101ff1d;;;;;;
b689940fe8ddb5258245043793cb5d50;;;;;;
38ef29712509a23bce7186aa69bd18b4;;;;;;
1b440b12d37f853c3b61e74ceeab5f09;;;;;;
f7b7a533594969cfb64db6389077be9a;;;;;;
4eb152bd01ca504d03f1c9135c55fe33;;;;;;
20bdd664a4daae62458cb91ec81ab1b9;;;;;;
b97b751d60372075faaf792c3cdf1f67;;;;;;
03680393864a194cbbbd18d61c69ced5;;;;;;
eec0eec8f1b3248b38f795cf208eb455;;;;;;
c5446e89706e2a091d6b78fb49ae03f2;;;;;;
44c8d762c963615b3d06a06e826bc9fb;;;;;;
224eb2dc0d3f003addd4a99bd23e41eb;;;;;;
13fa349e0939be31938c5d6558168151;;;;;;
def76401718387be0a2c51fdcabf917d;;;;;;
6034b3f1db334daed5ddd63e416d859d;;;;;;
28a78033aa5cb0779c3d9adcf7e55bea;;;;;;
ad1b0ec5dfc100a35977049b5180924d;;;;;;
fb4f275a3b071062cedf64545c391e11;;;;;;
4621084ae5abf7068595c5c66fdce086;;;;;;
3ecfa5c9c54c296b88ad76e907b37c30;;;;;;
22542ebb5ab7f15693241b70b338e43c;;;;;;
6aaf8799d8f06d7ae46e95a5f8261287;;;;;;
f9a4349b750e17a67709f0327814003d;;;;;;
34228249019b7597101243738226a683;;;;;;
eeae7f69bc7945f55abee71fe3f5b051;;;;;;
9b69140fd5355a80fcd6262369168d9e;;;;;;
0011399cbac95532b4f27777e30ee575;;;;;;
90b7fd25734890a09267bd4c642a7009;;;;;;
7f99d8f162a9d3f15b9cfe32278c93ca;;;;;;
8df709a511f2ab331eee300d39dde58c;;;;;;
b84abc0bc2ea38af78621a002c8d15f3;;;;;;
c3265e8f9209ebcd6324b588d01f40c3;;;;;;
8bcb13fcf0e30e739d149970d78dbf45;;;;;;
afa6014ad793be4c75e71dcff3db9515;;;;;;
abfe231af1c968355f943da312f7b5ef;;;;;;
52c4925a41138fb632ce571e0f0ca6fd;;;;;;
9fe7ce09b0de9afcb44e2f51e9cf5370;;;;;;
3c72a57b4f1f19064bdbc57e33f95715;;;;;;
de95d0be87c9f13f7428963732a14662;;;;;;
c24db0b724d2d70e29222c1d2fde881e;;;;;;
56299923c7315883be5f492a19b07ce1;;;;;;
82bcc2ccc369a4d6be9f9d2deea88492;;;;;;
96fae3830130116f2248514c9852501e;;;;;;
f46f1d9912e876158e29959a86a8d140;;;;;;
22db59c0e36aa990b9353d9aa3d1a42e;;;;;;
ec008b3584a893b3a1b4b0f6d1319e26;;;;;;
4283de67f6923d9661bb26d39151986a;;;;;;
31b62915bb6c8cc338ad7ef64663d3e8;;;;;;
80ce7fb8ea6df2282d92a4df7d94a24a;;;;;;
d28b45bad697ad50580b0b970e9e8598;;;;;;
f626d12215a2cdc6442cedd789752bb3;;;;;;
d1be9c35ebc77284cc6b8bee8410dfe6;;;;;;
c788269b760614ff061a6203cd6209a5;;;;;;
106e898db9a7a535058ee6f7c69296f3;;;;;;
a4640cd102d81826e8bf6e61eea68f43;;;;;;
ee1a35dd97fd56f6f032f5c40d483ac1;;;;;;
a6a1afb75d65bfdc9324c4dca310e26a;;;;;;
2c239e70b82419dd7324f7584feedb3b;;;;;;
a75ba1d8daf04c887c1ea35c67ba3767;;;;;;
25632ef2c8d2891d3a0d6a889d331680;;;;;;
818713dce9ba1c3d7ea9f7f23088c9ff;;;;;;
26d599140bdf1c1ebe71f2fdc0c61092;;;;;;
10bc48d2d2e36b2be66500e880caf6d7;;;;;;
5f915c538cd2efdbcc9729189b169fad;;;;;;
0424d288022d7d9ccae98b33df97c096;;;;;;
3051a8690fe4c51b39d782ec3ce18641;;;;;;
0812d1211bb85d4789d636d1cf9a970e;;;;;;
0c3f060970f4e8fd3e5f6301bfd3734e;;;;;;
0c9ad6785321048ae2d444f585348475;;;;;;
57c199dd7e2d16fdaa4a86f821195309;;;;;;
1ef8ddac1de679f0929064a6475c1252;;;;;;
2061bc86b436104e727fd661069709b1;;;;;;
1a71bd4bee87e23497a8d9bc06cb25d1;;;;;;
e174815b7f873fb8dbe071967dde5055;;;;;;
aa6f598dea23075685b9b3dff1d2e019;;;;;;
cc3d6e779df194e0e9549cfcec81aeb7;;;;;;
a64cf0cef3d41dda8dbd46b9c9823cb1;;;;;;
563e978e9df5656e83e2b5405f0b7aaa;;;;;;
39593f70dc06d4de2779e2407a7f193d;;;;;;
9920d8afe0304490a1eb7352b92de8de;;;;;;
af7dcaa47e56b2d078f7a85d9275ada4;;;;;;
f8ba3188daa2a6232ae47c3f864214bc;;;;;;
a54a3553bf0cbf51010e51afec841e61;;;;;;
1c135b71b9d775d4db3779ab11821d56;;;;;;
629adbb164cb7b133a170c4b4c3ff3f0;;;;;;
fa9280808c6575477099040c17163a63;;;;;;
9d8bba63d2f3a66fe4e369ce969ee319;;;;;;
e453089dfc9fccfe5fd58441f0d6fc65;;;;;;
8b3dafd365036299f9f8aef0af12dd9d;;;;;;
7c518d4959ecd936e737fbf95dbf779e;;;;;;
55a869e8ef6ea6a1ec6e07de4bf67eb9;;;;;;
a976a5c92d2fdd0ceef5378f773341e2;;;;;;
8c467c408a92f90cdbce160909c5bf69;;;;;;
b6b3ebc467eada770332d818428f6aa4;;;;;;
af26354b93d0a6cff440195b8126eb4e;;;;;;
d255ab48dcaaec07857b34846bf82ecc;;;;;;
f05b36aef64c09b4d7adc56bcd54f834;;;;;;
1fc2de4218022473b2bfc9c73a217971;;;;;;
cb881aeda47b750acc1bf64bb99ba247;;;;;;
3c9c9faeea92129e07681d9d7a47259c;;;;;;
c75105beb9715f5a4162fa47bf5077ae;;;;;;
41b0dd07b993aaacdbcce98e951b2524;;;;;;
9a188dd7d2b257315331187bbbbe4e2f;;;;;;
5e1fc4b30a4277bc886fba89a96180f8;;;;;;
8cd3fc3d05ba337e9b1f803473227aa1;;;;;;
a13a2110964d5e1b540f011e6823a2ad;;;;;;
b0340c11e936368a305077f6e8052a4b;;;;;;
8c04a1e59792c277d6f442a3421046ed;;;;;;
014e942adbb28848df9a211ae4d2fcc3;;;;;;
f0a73a98026099db9f086a330389d2a3;;;;;;
049d6e21bdde1ec07ca6eec9e02ba169;;;;;;
4b9bb4074a05d8fea76cfe1f267de0db;;;;;;
9deb3b26b11c04071af30bb135e0ecc6;;;;;;
3d9f6864d74332df56937f7e88deac8e;;;;;;
38aff9482482f062109db3603ef076cc;;;;;;
3c1ac9fba80bcf4e6815bf86ab430b74;;;;;;
fcc2b97d07f95f22ac67c6a6b84e01a6;;;;;;
27fea2629674afd5934d387b5e0cf880;;;;;;
9015cac75699e50b9cea2e7d136870be;;;;;;
a3f976c56e470aa1acd162de2884d49b;;;;;;
565a0e7a2b8086971422d3f929edcbeb;;;;;;
fbcba5e9593bfc58e3116a01c5bbdc16;;;;;;
eb07d3a810d390c45739fa8183263600;;;;;;
8cdecaca0b70852d1ea84cf61c7bbec9;;;;;;
fa6f63344ead07b3272def4b16d2f884;;;;;;
8ade09969a201269ddecdc4341e1406e;;;;;;
291393ddc3341a19e4f76948175a0bb3;;;;;;
45dc3fdd1638ca304b750e5c8b449909;;;;;;
74cd3244bbdc8aae4944245cbff2b8ae;;;;;;
e8fd1995770124fd1cc4760cca5dee5d;;;;;;
0f9cacccd8fecfb4ce3bf3c64c190986;;;;;;
81b1182f8a69cc0d06c741192ed1e582;;;;;;
d4250312fcb4e1f916f4b45556cbf64c;;;;;;
7dd37705e876ce4ed8b145ca37bf722b;;;;;;
867bef4bf50c69575ca10522fe0fc688;;;;;;
35f3a3dee50ab21f950cd84bca67bbe4;;;;;;
14e6180d45e0d267f4e1b3e3c2e8c790;;;;;;
b580ad27b848a047004a6830b920ae6e;;;;;;
4a665158e911b5cada5a35d4c87ece2e;;;;;;
45f1e2864f590c4b33ff9a1e0a8ac7de;;;;;;
ae00eb82543cb39d79abebbd652cad9f;;;;;;
197e3cf4ecbbe2dc9653c930739e5b86;;;;;;
7f516c710377c0c1867efc5ca2154f27;;;;;;
998647f33bfe329abb7138e568140e22;;;;;;
9fe4b7b02b3d8a500a7b141ba6d1307b;;;;;;
4d224a223236dbd6c0d4e08fe193bc0e;;;;;;
3ee60ebd9f32e7bcdc8181a0d2b6030c;;;;;;
852a7333fe3123370af8a81c4c77ea83;;;;;;
8ea4211a07a162645f6a91e0a2f23bab;;;;;;
e3ba0c20494028812b718d0c33e36980;;;;;;
83569230d4965a6c43df65ffad04299c;;;;;;
0451db4104c8220a93965aa9763dce55;;;;;;
fd9671c1d3d978440f096320690ae6b7;;;;;;
ac179fe8956ae2d184975aa26cf55e8d;;;;;;
69e05e6683f410e4f6335d8a94e60730;;;;;;
1850fbb1b0febbbc0e95a480175fceff;;;;;;
8b964fd51502058c766d61abb7755426;;;;;;
f2ccd1647b5210c392227724ba7a6592;;;;;;
d41e0b224e40d50a8621082e0c8f13d9;;;;;;
ebaefedc08b46f5c5274c81bcd155905;;;;;;
6dd536ec80a0c9afa885c929fbb756d1;;;;;;
47d7af4d9f370496db503e37671ee559;;;;;;
7508ce188a0e42dda578ab75d5b45f09;;;;;;
28d66eb475aef97ae7a69d4d472f7498;;;;;;
b882a83d47bd0a0847b09c6068ce1bec;;;;;;
0f909a3e7069cd7a4b151064e879677c;;;;;;
a9a5128c1de35dab1b16de61b5cb71c3;;;;;;
1c28dad7c720bad80377a76d32a34bcc;;;;;;
715cdbc7937387237ffbc75cb62e0353;;;;;;
8b3489f772b6288f0f4f9d12e40960b5;;;;;;
660683c236c774c647795cb164ac13d6;;;;;;
ecc3544d38376fab2e4228388e8aeb16;;;;;;
1c4a6543e4cfb3a65114ef7950ea7818;;;;;;
edaf26488f424369b16b7ebc0b2ad084;;;;;;
aa54a88f6844cd9b7801f053cb26cbee;;;;;;
902ecace4a4ef8bf7a258e4d3c757185;;;;;;
cc3af8cf475d5f9ef8af06cbd91b2e10;;;;;;
37dc0c89efca37c37bde1fcf407c1432;;;;;;
2a1104b41dcae5175f5b8da4399258cd;;;;;;
cfaa52fa8f13576bc36f99ea96a4399b;;;;;;
4b59d2642e93e3ab044612e84d45c53a;;;;;;
1a951a820e4eebe167c9465d1aeab811;;;;;;
0b9a461abb9ddffdb25bd7f24d61bee9;;;;;;
36f571a3229564b5e649b69b601172c9;;;;;;
e6560ee37650dc280e2dd665560a39b3;;;;;;
6c277c9b96d5902894ec184d174ebda2;;;;;;
e5a30e88ba300cdbfe4691cc14879260;;;;;;
f20a7d250be2d57aea930d8cd02b1b73;;;;;;
3626a8cb4e1b3f4566b9c143bb697141;;;;;;
2e2cbfebd68eb94d2a6541895d37b867;;;;;;
db27a73caa9741d3100550079f343d04;;;;;;
245749412962b8b0f92eb75d9d5feba7;;;;;;
32f6ca174edd73b47170b14e1d9dc561;;;;;;
24ec5b8d216f95f292cb26803cb01c0c;;;;;;
4e54dddfe5f4347104992b3a06927695;;;;;;
1d61787e04df24b401ff2f20ade0cadf;;;;;;
ed38242703181d6d379a67956e452e25;;;;;;
9d6bae13ba8101be59ac28e0a833a577;;;;;;
9abd1eeb4fdd9628dbd69f895dfaa581;;;;;;
1edc1575581e084eef32115f025a8999;;;;;;
f3e99edf47b9cf52e27afa2440e7e5f8;;;;;;
b522b25114347ad4e6c812ccca5ba0e4;;;;;;
f49526b2436bce99c75cd9d871782102;;;;;;
2560a97c5bc2cf5ae03ed2f9330f371e;;;;;;
6dd14f450c24dec7c2cebd7981ea6888;;;;;;
e25828d9840be107796645ca1d292402;;;;;;
c0591d125832ade3e511dea250f9f83a;;;;;;
883112e96861be8d51943fcbf3d284b3;;;;;;
e77dc4b554719d65d3c8f97664eff026;;;;;;
90f6cf47e2fc3894731650ed403695ef;;;;;;
9f3f6d03ffccfa39a7a9bc2e0ac9c024;;;;;;
6a8388680cbbd3336672cb58a74885f7;;;;;;
1340cea4717594744ecebb91d2c10398;;;;;;
555b07127421a44706cdfde7c0df27d0;;;;;;
20958dcc1bb90af5e19ae19843cd40e2;;;;;;
7e391de40265ed98765067c1083e83be;;;;;;
b936233cfda436509758b42b4a772b4f;;;;;;
f7f6b06aaa85ecec5c53ec1687213091;;;;;;
85503942c4a579e3547efeef1d73d6a2;;;;;;
9df5a0457837e39fb00821b06497b6aa;;;;;;
4a1ac40962dcba627861d86442dc1c92;;;;;;
fb99d49f0e22ccef81f143ac9fa3b3d8;;;;;;
eb940eebea8084586a0b1312b04d9270;;;;;;
8d07b3eb9bb7db9679fa65ed2fc09577;;;;;;
1c3082312204d532caa72734fe5e44ea;;;;;;
1cc82b480cdfc7b7432dc54e1d6f8212;;;;;;
8c9e44ea323dd0755c9e6dc32d193de8;;;;;;
8c8f7ea23ff21d1849b183f4c3e0ee4c;;;;;;
0740d81a32d2434f6a3f2d3548fe6e12;;;;;;
edd3fe20cf57b08eb8acf17e79bac681;;;;;;
152be4cb90bc399246bd187d841e39f8;;;;;;
eca20c43a492bb9505e68db543bf7a2a;;;;;;
b1b0d762db4a8daf1ec68b2a0fc9ec72;;;;;;
4733b870521dad9e95b1217973d9610e;;;;;;
4f88b2bd8d67e8498a817790ac645652;;;;;;
307dd2835c4615b8e84f6f3cfab6e4b5;;;;;;
a751171d3e837a652a1ef714599b5273;;;;;;
ef28bafb508b07a7c990a749ae05a68c;;;;;;
3944d16411c169078bb9ccebb1f03734;;;;;;
5c9496dd3fb501044ecea04285f3f789;;;;;;
cff73decd5e97a0c5bb27ca32d12a4e6;;;;;;
7124114c8a686d89ed9f7da51763bf5c;;;;;;
4b4bf760980097755523dbc8ead01c79;;;;;;
1b3e108f308beee013d051e42feb62aa;;;;;;
3abb38880f5a54b0311756ee30861711;;;;;;
3b8f20d8c63886bf7f5e586e4b679dcf;;;;;;
227bbc4c4866d79004b996fd71a1b822;;;;;;
64898892eb19bce78a1c862809bf7b76;;;;;;
3adc8d64842faf02f01e25b930dae61d;;;;;;
3757a061140ce2421df6c05883edd9f0;;;;;;
7deaad2475f55e869d48330c82068145;;;;;;
4ef96f28454b2bb37be55bd04246da83;;;;;;
a8beccd9bc80ffff413c6cf5750bb072;;;;;;
8400d4807473cf7ac14baf1f00ce6830;;;;;;
54c92dd297b620e4a0dbce6ae4e7fa5c;;;;;;
93dd1da928ce36aff07963f948f72d17;;;;;;
3e4cb875259ccd3d37f1b54ab7fb1d7d;;;;;;
49ea99dde8131af85d32c70164c20d27;;;;;;
7924faa8064f1504016eb67f9bbfcdb0;;;;;;
41a564ce9a033109d1d90b31f773d1bb;;;;;;
9dd8dc2b18aca9b4f196e30135a2630e;;;;;;
64a683cdb688e8b47c3feaf5625b62d8;;;;;;
c48522bac45b554bd226bd215a0d0e15;;;;;;
3a7944dde81a71ce640b338f9ef237f6;;;;;;
fe561459c47151c99da88de0257ae2ca;;;;;;
ae39bc9fff8e0c645059f5c3417a431b;;;;;;
c0f0ca0188d07b2ae2b14f1b3c40cad4;;;;;;
a569954d18a56285e191cc3233e085ff;;;;;;
bc8f1180893ecd5d59d0250139ef9628;;;;;;
8cb24e480b8d829d69ad1680f0048bbf;;;;;;
2b98cd3366f013b85ce659b35587c6c4;;;;;;
777ba27c63c3596b12c73b9de77c5451;;;;;;
eb9ee6432b872f6d469c237ef1bda2dc;;;;;;
2aa752f6978e827117f007b6a3145274;;;;;;
7650301d323c24a3c0c824e213a88f20;;;;;;
5d9e2efa2f56844cc1543a2f455868bc;;;;;;
cfe69c4dc5ed7b4fbaa07d05af7220d0;;;;;;
88f225a0e4049ab2adb0b776d8c3a61b;;;;;;
a672bb636dd82b1be3f8e5a26d077672;;;;;;
1a05254d325f68669c47161420ed98c2;;;;;;
13331e85c3fbd461ddbd28cde6027faa;;;;;;
b12f79edb159898876fa9fe3bd3545ab;;;;;;
b19d7bb96ae4244780a1561ebc48fa68;;;;;;
23cd1def7570665ee4379a246bbb2882;;;;;;
4cb6bd4b10741e3774a8dba0c995bcc0;;;;;;
c58561045cf26ad01433c8e917efe4ff;;;;;;
03c9bb649a8962574d77b9dd70df376e;;;;;;
2301a45d53025f0d070b3252e518119f;;;;;;
be33c15cd144e17991b54f1d64552eb6;;;;;;
01fe7b17b5f274e605cfbf8f55fe3352;;;;;;
d520071b3d51d88d4123454265cd932d;;;;;;
ce7b55e87fca26eacfff2c0dfdb099cb;;;;;;
715ab5e89b0ecd3b6bdaa6658944e759;;;;;;
d20eb6461b5a9c71b7be384e700d4daf;;;;;;
c3a3b93adc61b6deb35c0eb23efcb459;;;;;;
bd0581aa625eaaa86a7b7b74658ef13c;;;;;;
2f1fb78235137a94b459ca258fc8c094;;;;;;
13a53307e6e0ddab4dcd4c5d3a10fc9f;;;;;;
fc7c5fa1058a0e00816de927e6e04a79;;;;;;
a29c4b8c466eb0de7a7635a7343cdc47;;;;;;
76fa9d2f774e0e09b1f097f7cdc66818;;;;;;
3dc68d10f6776bd887488458d85af1a5;;;;;;
f02785ee93789fd05a380b898278ab88;;;;;;
fb83df64d0be99c60a4da7453f756fc2;;;;;;
30a86d86f6437a308095708581113437;;;;;;
de8074357c9881eb24b9943c9eafe444;;;;;;
68a14f66fba1bb9556725597ef3dafe5;;;;;;
8afcef89285fd05fe100e40b3444334c;;;;;;
1c6d5707b54f93a4f45b030367c35556;;;;;;
0e8b9066647e3a132b45c1a021b24168;;;;;;
87914f35f3d58639b8a99e33a3622360;;;;;;
2fab01b64d09a896d3865e575341542d;;;;;;
30ab3433cb2d89eaf713f366aa76bc3c;;;;;;
85eb4d074c4acbf72479192253c55a79;;;;;;
03c2c94a511bda053758f05675e6c752;;;;;;
edfed35a3f623a668b0cd95fcc10ce44;;;;;;
618386ba77ee87db3f5f9d0a0104c756;;;;;;
e41e3bd3fb086f4fcd52d6012891f9f3;;;;;;
ed1e5937ba1c037b05107c4c8fc6c800;;;;;;
0512c847bfcb79b4b74fddf95bd8e440;;;;;;
0af3c44c111caab3fb41b32c4634aa92;;;;;;
1b8ce6bce78bbcfa4cd035fd4ed967c6;;;;;;
8649914b550bccdb15a223aac9a88a8d;;;;;;
21b2fa34f24e63a9c7a1f660ea7dc3a6;;;;;;
342c052d578a4a5eb660c1efcc7db262;;;;;;
97621204136f27edc43782398bb34338;;;;;;
82efe7d4c7cfcb03886274c782464687;;;;;;
d8822795fbd0ab15a13d94b6efaa17d7;;;;;;
69646819c61f0ccbccedbf42b2224dd2;;;;;;
c88fb6ba9ad48894575de5faa3823347;;;;;;
4f6b1268809a7dc783c8962e32b53e8a;;;;;;
8d32452be177bea3c811efdddc7476f7;;;;;;
692552cd9ceeea131629f9a86db8f7c0;;;;;;
007bcb8e0a87c6f8b207365e6575a84c;;;;;;
5812faad7f7dc8c855a0eb4b724b0165;;;;;;
5e596aef97fc711e7c0314f42bf8dbfa;;;;;;
6fe75381ab047cd30a6284c3c686c83b;;;;;;
a2bf2b889a11cc31dadcc31e29962b9a;;;;;;
98d70bcc85b9eb0734707bb5e1d23765;;;;;;
8e41e7888f606594bb2074e7d8fce986;;;;;;
7150b7b2b034ca2acfa260c1ce035923;;;;;;
27e6e4be44eecc73ccd23356a18b8cc6;;;;;;
e9568d7a9a35d09fb1b1f4a581e9c05b;;;;;;
e31b62666db1778aee4ae1ef94c823cd;;;;;;
b89281bb34a67d1ea65bc611af20f49a;;;;;;
f498b14abceb18f7dd90a1dd1f7f0250;;;;;;
aa0885aacc617fb8f7c2154eb0428124;;;;;;
d67a0cc34762608802abf65924361147;;;;;;
a0e297151cd9e82fbf183cfbe4b38957;;;;;;
7d9df3057ebe66d0b08dd6d7f9df1018;;;;;;
31aa797860ce8091b590bb9e6678fe28;;;;;;
8dec4c6c30a09429d8defc90d0a51852;;;;;;
2b25bb678b4167a3cec7770a1d0537f7;;;;;;
1c99ec9dbd95b010cb16b5be28b4ae49;;;;;;
7a2797d80699d48260918ce84990764d;;;;;;
8d5abefc578b63e4ce36b73397bf5b51;;;;;;
1353a681cfb5bff005a3d7cf4db9adc2;;;;;;
b00dade9ba9c039ebe6b536c7406473c;;;;;;
dcf9c93c1c57d57e2f75ac75c9670030;;;;;;
2312ab508e5add663dc8dcef11c6b587;;;;;;
2c510f480ff0ec0d55fe4d32d7738753;;;;;;
9606f8d7fa86f81c6cc5aa7502d2cc1b;;;;;;
3b7247a0a34efc9a3774b66e1e75b291;;;;;;
3c6ec6b2df5b966e612bf92513fd78c9;;;;;;
d0367775f4b26bd4b432fb16572c83b1;;;;;;
5467b278bc8b86cfef80fa424c2aac3d;;;;;;
0a81e37971b265983eb3061ade561cfc;;;;;;
06a0100808f9d780551a3181c3691fdd;;;;;;
c4caeb259cfdc04f636c4f96df31b0f7;;;;;;
92455227272ae3c84ffe86e804aeb397;;;;;;
08afffbdc51cba8c05975bfaabc17b9f;;;;;;
54fd08977355b48ef83eed0686e889b4;;;;;;
176f859f4f5c0e901c31b258c38bbc69;;;;;;
2fe4bfff7b663efc5a677fc74a133de9;;;;;;
ebd976a0f2114a557ff11e4398ed9e1b;;;;;;
9ecf376bb43f82d26fc197d229dc4857;;;;;;
882e496037789cf61a2aea706444e7ba;;;;;;
be8ebb09eb6787e99f8ae30f406c5426;;;;;;
c3784329cfe077dab6767a1a36ca6347;;;;;;
e6ff3c39f4b9c2e16e1345e3002b0a18;;;;;;
bc744a3c33a3d486774757540f679598;;;;;;
5f8926ae9fef84bbcce9e41b10df3e26;;;;;;
bd199cfebfcfc695d6f3b1eb6fbead60;;;;;;
6677fcdbc759497b5640c9fc21343b15;;;;;;
b482a7cff7c49010346f5accd803749e;;;;;;
c44af4e4d46ace676ef01f84f8b32ac1;;;;;;
72fa05d268ad070541ef4896ceb1a384;;;;;;
dbd87fd28466b054082c84f71f7ac279;;;;;;
a4d4a17be698747d55f079e021ab98e8;;;;;;
b39d4a8263b60c7f49748a9487039e21;;;;;;
36dd4904be1ac38e5d0d8bb0e21707e5;;;;;;
70dfb3bf98568a8fca98c65831f0b897;;;;;;
0904286a1b0be0fa24f7c3df15e69fef;;;;;;
313e8e434d2210a6a53780e79ccddb4e;;;;;;
3936d2c969f8c54e543ce8017545fae5;;;;;;
5768cb3c4ac8f4b58e8724d6c1d23b22;;;;;;
6d3cc07ec12bc360818ca44093d8ee7a;;;;;;
7f86cdfca15191d92d2a62f0aa41b3ae;;;;;;
14f39b3f04d6e6137c36a78b656b8c65;;;;;;
ead071862dad49cf486c2e1b4c28c52b;;;;;;
f898fc1e91767cf3218336a65e5baade;;;;;;
d814b65ca9a0019ef1db62cc25356a87;;;;;;
e67b64fae65c105e1864ba6e28309379;;;;;;
e7bb3a9ce8982507e46ef7506e151ecf;;;;;;
ef287bd14b5f0d81063a0e7282e3d47e;;;;;;
98812ec74ee034231e2a846542dd6249;;;;;;
0a922dd39e8fd4c7a3025a57efb17118;;;;;;
efcc68437ac3a97842db35e2ca1c061a;;;;;;
492e6699cad3cb8383db17c44ef002c3;;;;;;
3031f52649cfc249e9156d2c3da347da;;;;;;
b4baa96c00706e300aa141548d3a8bbb;;;;;;
6b85a9b5e5e7475d9e79989e4affb2e4;;;;;;
3400f79c8d189c2f373acd098748f80b;;;;;;
1570aa25c3efd8f51b1a3845efe41ece;;;;;;
7e0555a8f22bf34fbb551d47ba055f0e;;;;;;
d631505ecf1a9f096143540b94da83ce;;;;;;
c2aa591a509a45214ea9bdf293fc28fd;;;;;;
5cbb229e00e727c794d5f4e35d2bbcc6;;;;;;
af664dfdf4df5d47136c688ca3c30e27;;;;;;
36de72d45e138a00f4e95e831ca02ab0;;;;;;
a8b006f6f0351110e39b7b1c8ccbe6ad;;;;;;
a6e4208f1131d525b210d402ccd0246c;;;;;;
e6c1ece74d2b0aed21dd66868f3e5d09;;;;;;
7d00185b711d2c3f8b9c044097312bb0;;;;;;
779d6f4908976a3ccc80c0e5d92aa6e2;;;;;;
00af85b43576b713b1f242d2de0ce772;;;;;;
d3933c192801a5e4c6208d9adf002a97;;;;;;
05e90ba3984cb0005a8e110444fc622f;;;;;;
16163c182dacf462730e37cc9d0b9122;;;;;;
b4a0da0d6a66558af7245ee928d45a9a;;;;;;
2dcc2dc93841d35f55e572f3bffe5cc2;;;;;;
ff883a7568a162054a35c98d1c17304c;;;;;;
15011ec709b160cbeeddbb12c0473b77;;;;;;
732548ea4a1d4d240b2ca8ed506e6af9;;;;;;
8078f8616b84c2f2fe9e740b9f18eea2;;;;;;
5daada4ffaf6a2ab4b95b00d5cae91a4;;;;;;
c33868aa9b238588e7b3168968a7e215;;;;;;
2b6ef8b8fd73e52980f22e7d67580f92;;;;;;
4796787d27b844ed24c070fb07f49c9a;;;;;;
343436b1cb203bdaae09745c8afc1321;;;;;;
7f0ec9cb4a839c816131b16840b5155f;;;;;;
66aab7e2516c425da7a40297ce46b82a;;;;;;
8fb2e3e3326e1d76cb97ac10ef0fadf0;;;;;;
4cf223286e87c1232866457b2fc07fed;;;;;;
682dbecce4d20181b90be74e2f2e174f;;;;;;
eea5c39fc2ba41762442d6b1a35f05a6;;;;;;
a13b6105e7d2f9a1926cece9a6068128;;;;;;
0ed5a0ddd288c761345c5728982abf58;;;;;;
ef6fda774aa8bc02f03dd46f0b1e32d9;;;;;;
0cb77f2467cef894b83ca539ab06630b;;;;;;
f56d2d107aadb43c1d0c1df5dc19e97e;;;;;;
982efcee001ababbf03a33364f2f22c2;;;;;;
00dfa05346322bfe2a4c7a8e0eaccc23;;;;;;
78c3ffae924ed77831e20a197db79d97;;;;;;
1fbb5ac489e94597ece63c2f50e7597d;;;;;;
bb6893b129bc40aec63689c92e86e984;;;;;;
965b020a423ee0cb66d3f95b5b58f224;;;;;;
637653b4969b777c54058dda87ee3dbd;;;;;;
caf603ee28fe41d9117f06314ab2a915;;;;;;
8c5b6221611131a00e5ab0495dcfd040;;;;;;
333d7e0374ded262342aba8296df619a;;;;;;
6f13661eb1c25d10dfb89a53a16ed448;;;;;;
e82e38cd290cfe5636d49a28302e214b;;;;;;
603a27e2005fefc2bb09fcd6e6d29e68;;;;;;
8de1155b50db10dc4efacee6aac91833;;;;;;
f0ae9a6265bbc3834f5d4ac63df5cd39;;;;;;
10d572a7dffcf7cab75fb3e6288f15a4;;;;;;
122c916047beb7d07abdb0e02d7279bd;;;;;;
9c31fb18dfa205fc6dd27ce8b1fd9919;;;;;;
8607bac75ced14144caa102697bd4c7d;;;;;;
0a2e05431eddec2c083e6d4b38cf5a9a;;;;;;
6b4d18d30bc498b384794fa624253268;;;;;;
c1e995285415bcb12b7551445252ae2d;;;;;;
e7b29c6edd213a02dd1123c8c023f46d;;;;;;
31c75927e6ff9577a46228ddc1983281;;;;;;
a1dde43a4e50677ea13a16e276baf4b0;;;;;;
771a92afefc485e967d7d6d142613144;;;;;;
6d5e023089e45d7fcae800969e8f616c;;;;;;
d96ab3bd6b2b1b9d63e174119362865a;;;;;;
fc096e59656d32f87a396578a87a0e10;;;;;;
423ce8a19f5a53fb289cd54ee5d5f0f9;;;;;;
6130cb608024d24cedee0fc6ab8d136f;;;;;;
3702c8ea727889c3ee1ac25655a52028;;;;;;
199e94e21893604b936ae9e64d6edacf;;;;;;
fb1361f450278cec4d45201c8c87c478;;;;;;
4bfc871173986b5ec817fc530fb796fe;;;;;;
0d5e154309c0955fef7efd716fcca621;;;;;;
642b9ceae130416ff39ae2d908f7b8a3;;;;;;
9973fd9b53359378a37d991b80baaa5a;;;;;;
27ae8ae6077a470e30d0b95e552856ce;;;;;;
a3db8e9d4276ae0d3592edd6ed3766e2;;;;;;
8da61c628bba9c8c1eba486fd34c3b5e;;;;;;
4a79d3687b7015eea511d00dc69eea96;;;;;;
9c4e98ab8f1a420232314297989e6dfd;;;;;;
d90380bdead2612090b8a89986ad6b5d;;;;;;
f807677f07c723b8d21ce7061ec611c1;;;;;;
21039a5b4d01c6e1020213740db05da2;;;;;;
0f0441d2ccc5f5e4ba968d04f11ad034;;;;;;
df092846c59662d34abeae4c387b66df;;;;;;
9b459cf9902d59a37fe065c23804a5f7;;;;;;
9db0f02de62def105e029585be794aac;;;;;;
a21a52b0f0782c8a934f8433c7a51f39;;;;;;
a6fdb56fcb36607bdea2285bd20e86e2;;;;;;
90f2106e1c1af947fb535e728b7e32a2;;;;;;
a1b479c5434835ef11a3a4050ff22dff;;;;;;
ba22489ac84c3ba2c0e887528b656fdc;;;;;;
7e153c0afc409bab80a2b0fa0dc6615b;;;;;;
5bc3eb819f35fbc07cc64f32ba4c0d1a;;;;;;
28c4f92ac93d879096ab9152cea82bc5;;;;;;
f03f60f321d7d976ed98d3d8b375214a;;;;;;
a71f34233d0914a808d274be1cc2318e;;;;;;
7e0b83dc7a0a52b770359ffc43616495;;;;;;
601c6623b9a7bda91628c83f321ce607;;;;;;
40ed954a13de50811ed50e7bfbc16f8a;;;;;;
d842f85dc66ec10a4a96b90d0e61375f;;;;;;
13f244f8f95df36fbddfaca83d29ea7c;;;;;;
fd8602ceb00ba49af6802cf40d605ab9;;;;;;
43e0e884c70512850babc5cdff913f98;;;;;;
ff6f53c63c4bcd54ba5b78df02ffea11;;;;;;
3dbac99b8df2761b085fbe0f4dce5043;;;;;;
08fbc85c4ef22f4983c24895eb70459a;;;;;;
6d5ed61c64835e3d1dc18f1f3920ca4b;;;;;;
cfacd64e87a69c5c10315e5084f6d172;;;;;;
ea2ed4fe86e7442ec8a24f4581b47fab;;;;;;
229c512be077bf1e27cec7efe4e3a947;;;;;;
a98cd59f85a2cace0943cfb445295e49;;;;;;
13d6f8cbc019ba18c4b65003ddfba83e;;;;;;
eb19d270d12bbcddb0deb8c62ded04a7;;;;;;
d48c367e46541cd39a8634c09b99a255;;;;;;
b551fc8fb2fabb8409b56bdb5ea6bee4;;;;;;
a5aad0db82d53dc14a3920f6e7589e5d;;;;;;
1d70055466e0945096abdc871de93100;;;;;;
b4bf3aa23c4ab8fd2c1f791bd390c920;;;;;;
4a82b1150461ca6b343009164079c419;;;;;;
4d3233ec15af9e2305a36cdac321aa49;;;;;;
01d1806ad4c567d186b006648fea1eef;;;;;;
eceabe7c6b519cff34cb404c9b120b9d;;;;;;
7b6f3e174af106a4aa2d269121c707d0;;;;;;
20b21bd0d662242fe24492d33b57dab6;;;;;;
4aacd1308d0e4dfb3a8e482e30a726d6;;;;;;
8f296d1625ebdd1f9641090d12caa46c;;;;;;
d4b816b8aefe2750666a2d61e4f019c3;;;;;;
8160bd71295d6c6fe36a898fcab9ef74;;;;;;
96af8272e403aeaf3b2c755c16f91dfb;;;;;;
1bc7db56bd90bf3740aa8ac816444cc5;;;;;;
cba6ee0d35f21e26d50984e081e56273;;;;;;
80c5c29b4809c341314a2a3df17bcea1;;;;;;
9e06ea0c00df5988706f4f87a1d46b55;;;;;;
3032cbb22b7c7a0daecf8cb03cc2a33a;;;;;;
df7d02067e6d4ee5aa7925bc51bb6d3a;;;;;;
d0554fdce728c8226f2337fd4df6dbee;;;;;;
19a1df5199346d1d919794a29c71be82;;;;;;
68fbf5c47cc4ea174331feae22a0de0d;;;;;;
dbbc22fcfffd9a7425b28d958a985a15;;;;;;
d26b14e2fe531a1588d7f152d1984dac;;;;;;
4495c7ab98db76a40270900274db127e;;;;;;
3b765c9bd6de212fada02a5179f68d75;;;;;;
b3b289abce2aa24c7343d0308d7c4377;;;;;;
f14d859431f9caec1ef89e5c84fd91f1;;;;;;
fcb7651cdabfa38fdc6a384262f210c6;;;;;;
c1623466a96344170edf39dfa2642b22;;;;;;
bf719dd50bb5933214a35787aff848cb;;;;;;
1872393f90f96fb6e29658cac7d7daa2;;;;;;
4ab2d365bbf743bb3eb81071396c6aa6;;;;;;
bb99b9d63d12cbe83ed7802f54a35e4f;;;;;;
39f42762116e7f6a9fa74a63ec6f6bc5;;;;;;
a8b7eb58b7a7be1529b619fc71cedd4e;;;;;;
c7d7399b97bd6a102c4982c1fa6f9fea;;;;;;
4e82ea575202e3d7e843b6942c2fa99e;;;;;;
2c956771a6e8850266d438022b87cd60;;;;;;
5d0a9012fe4c9386d8cf9b2fc8017b73;;;;;;
fc31db626d90a21ee2234ad1056aa8fa;;;;;;
98efc01bfb3e883da949fe96211dd801;;;;;;
8383126356e466629a2320fe507581e6;;;;;;
9c39271c77e1e684f418f99659794ac7;;;;;;
b85ca2979923fb5d5ae29702556f724f;;;;;;
a893fb817e0d0f802a090f5859331ae3;;;;;;
a35df15094fa75f6094ab8903d9b2cc9;;;;;;
32b6155e6eb50da12286c109c8d3de79;;;;;;
4dfc8a310610aeae9132068bae2ce863;;;;;;
0aac0c3afa8605e8dea3f22c3da7aa6f;;;;;;
4a607984b7835f4ebe521aba802342f4;;;;;;
ad16ffe8b19e430ed20dbd0231c54210;;;;;;
5e284697797cb729479301240af1d643;;;;;;
ff09bcb65dce5c1ca268a04eab76fe22;;;;;;
722840dc3202748017b7a5559c80fe33;;;;;;
130c1c120de15d42426af092922aa49e;;;;;;
2f16a101a8fc6d9864fac6dd93f94894;;;;;;
796fea7a9c5e24529ec95b387898e5fa;;;;;;
f1afdef760efb484d3f67291d325645c;;;;;;
d2f1601a33ffd698efec4fc466a093df;;;;;;
d3ed9549c0d9d2d2df4005c1aae90499;;;;;;
c6322cc4a613e77b253d2685253d1def;;;;;;
d8a40771ff63236b014cb6e6505809b4;;;;;;
5a15e117c52abd448adfd5bb98faf7cb;;;;;;
ffcc4f8fc5f7df56dd4ec1782132c9b9;;;;;;
8a5d5fba127f9e3653f7071ec0f12354;;;;;;
8efd2f2754cec1e101326e1a219e4e65;;;;;;
f4cfe0daacec1b89e74db3575a916f96;;;;;;
e1cc3ce1f1c4aaf41561550bf7bab6fd;;;;;;
106713e0d7245eb948dbe17694270420;;;;;;
a6d2e4019494734997daa9c977bbcb28;;;;;;
92647bd8502e4f3327c722cc10899642;;;;;;
9ffb940e9b5ee42bf61520c6d3fc73d7;;;;;;
4a48b67e311f936044a9470c0d20395b;;;;;;
478bd57a89cc90e950c8245606be38ef;;;;;;
24119e8c880d9b130d89d3b6b13f4f2e;;;;;;
2c98680df1261c0fd2ee8709f6fd9077;;;;;;
96d3f4de66e4fd2d80482698112515ba;;;;;;
06eae9736ffb2594cde34b4710768014;;;;;;
c18c7978c76c7f8b802d0e44b6d77d84;;;;;;
78031522ec7f051358220a0654d1aae2;;;;;;
5f1218703eec6ae903923c41db5cb9a3;;;;;;
29ada8eaccda27ed4d5a4a249a244a27;;;;;;
28be980642d850ed3642935b949d5119;;;;;;
1169aa0bf0d76115a85b8fc66afd21a1;;;;;;
e15af2fc46d90179ecf0458f94e98775;;;;;;
d926ecad453d966438cad0e9505a49ea;;;;;;
31b757b4bafb65838209c43539752c8e;;;;;;
3e4774c7ca9293ad207f0d34f7befe43;;;;;;
6d12d6da3b4d660f7f01e0db83c8b97d;;;;;;
ed20566336c3dfdefe759b0ae940d482;;;;;;
012bdd93e6d0fa2f9a162b5e912f9340;;;;;;
f1a2e0b76a76f6140cdad48c13184904;;;;;;
40833f79bc7439140fb4186d1689c038;;;;;;
8fa719077a205f77dc558c30ccff43da;;;;;;
6d36ef3ef1fdff27a31467a93f3d59b6;;;;;;
a3abb5e9921d9e871b164d046353f155;;;;;;
e9e02f4999b94863a5f957ca0a10cf8c;;;;;;
16cc96fd37bf7b6d09d1259cebc39357;;;;;;
22bccd163c42997e6b00f382703b563c;;;;;;
3dbb470b44864974f479476df28e3ec9;;;;;;
97c84b8a9cb861a6cb6377fb88b9824f;;;;;;
8ec86b7839134394663f8035f6a56971;;;;;;
ed74f6621bf62620940e591232b844e2;;;;;;
b2d4b842cb1bab674331440f4deb4218;;;;;;
ca88d0c25aa2b8839652ddfc2cb5e3c3;;;;;;
b5726508958ded2423827a07dfee3522;;;;;;
be6aed7ed88aa07132241ed6307cfe82;;;;;;
8446b9a15968fca8c696b10e8dad385c;;;;;;
a3a2affb954c5e57097a3dd1c5d9fde9;;;;;;
762bf197fcdadb1f89f71e55db13fc87;;;;;;
cf43bef112622f74667021bac0f867f1;;;;;;
6f935064bfa103c46a59780d74db8672;;;;;;
701f55a290cd3e8d5df892173dcaac1a;;;;;;
58eb4d321f33433d1805314d910b63d5;;;;;;
c63108e398b202f15e79faae9c037462;;;;;;
2290c1811cee40a84cbaa8c686b21fa6;;;;;;
90afbfc14e934a443af6753bca17e559;;;;;;
47e6b34dfdd60746c4544a8e276c7686;;;;;;
49b80d77037fe1de1d9d4e3ba6d4c27e;;;;;;
2f7fef9abff1d94d79b5e380caeb0872;;;;;;
89a5bd903a0124ad74375bfdc6b46d55;;;;;;
87864e25999ddd8bf097cb999ae6a5dc;;;;;;
f3568f528526b26564aa9358a89a346e;;;;;;
e78d9f0bc88ccea1ede95647f8344d0c;;;;;;
1981a6b1fbcc509d26e32a68272aa930;;;;;;
def28291edda259d37f5e85c4d764cd3;;;;;;
93773ac739d181895a9b2395b5b24f28;;;;;;
94ebfd7a4abad6edbd7e53167a452871;;;;;;
f18966857d838cbec97b38d5aa5547fa;;;;;;
bc80aca53b406cea954ee106829cc92e;;;;;;
05315134558c021401e249a8a6653c67;;;;;;
05cd4903bb48a23c2fb796d929667900;;;;;;
2613d727fdef0d7adea7bb2cdefe6758;;;;;;
7ec117fbeb31a6dce810b82ea85a7f36;;;;;;
8de053107e0ce61ed16532f16b810b3d;;;;;;
f04115a9fa10bee744692ef58134eed6;;;;;;
b921ce0c40b12b09540a1e79c606594d;;;;;;
ccca06bc6b9207db48ae0fb49c214943;;;;;;
b7d099f03d40289a8b096ce4bc7b7759;;;;;;
cad68e94230fb07d63f4f6e69b1503b8;;;;;;
df514c6c39c9457bf24a728d89b9ac41;;;;;;
8a5eb89a8971767ea74b9d478427da74;;;;;;
4d16f5bb8a04602d4ea8a391f6cbac9f;;;;;;
7026f5f9401923d7d577c7a6a2d4ca25;;;;;;
17ab3618aa76b19b50a9062da6e17609;;;;;;
0580a26674b8a67cb858203d34bdefcd;;;;;;
5a8e62867be1a4b14d6b0a79e69ae2b2;;;;;;
c624113b8f7d6099ee9345f1f64a2290;;;;;;
1703df798da4319fb2fd8746db3dc6a0;;;;;;
1249b725e6dce05132bb6763b0fa1e47;;;;;;
72f41264829a94ed355a5017aad249ee;;;;;;
b9b35ee4a5c3dd8b7eb83cc6b8f53475;;;;;;
7fc61674e81a8b5f1a7971a853d78c14;;;;;;
f987ed71481377a10ca71a4bfbe0b2ed;;;;;;
48fea4372731b703a489c15da2c48383;;;;;;
c477cb4bc46541804b5639f67e6ca9b5;;;;;;
1ee437fd19e2781b6a7a2cead1687c3b;;;;;;
579832a852da5656f895cd19aaaffa77;;;;;;
e7763e88a0fe93b61f7abe02080f9267;;;;;;
05364280a27f87e4b03033caee712ddb;;;;;;
bed296ff41130bc74cbc94a27326961a;;;;;;
eeb262ac79bfb2f8ab61a6068cb31f40;;;;;;
10a50a7b76c8ed03324d11d27b8a1b4b;;;;;;
edff167cd774dd14337b551b17adcb11;;;;;;
b5cff92a27af18f3bf773c1d4bc05017;;;;;;
441ed9bf67a0d1357476e56dfd218a79;;;;;;
7019e9cea6fdc372a236858e640d1e95;;;;;;
8111d6e6e7cc4dfe8e86d2d9311734ab;;;;;;
8a8674217fdbbeb937dcefe859685970;;;;;;
b039e0e136cda7aee1dac5262b50d6e6;;;;;;
59f2358277bc87a9186acf87b7753c2b;;;;;;
103207a338c0b86e0be41dd4e4ff168a;;;;;;
d8b804b1494d7c8961132ad32421cee9;;;;;;
8f3e35b2086a0b34e2313b2a2cf461d2;;;;;;
ccb7039920c15c7d6f8ba0b5a65bee28;;;;;;
bec09f34d4dd797ab1d458bf5cea9cbf;;;;;;
4222b7f6f2b5faeafdbb7076dce96bfa;;;;;;
16590af8aae9a139f94aa903dd65fbb0;;;;;;
8e11805962f7338cfde100c7408993ae;;;;;;
8a7fb3e6ea4b576c48e4497e980566d1;;;;;;
df55cd45eda56b043491e0349074936c;;;;;;
dbad59d8b5017e5db4275878c23861de;;;;;;
204309e1b6c485618c9a1eb54d7d79bd;;;;;;
64200646b57d803952d6586437c27c1f;;;;;;
27e45e311709dfa2e8b7eefeced7122a;;;;;;
f5f252de17c6a98f1db551df9535c3f1;;;;;;
cb419f841def3a9111e5b66df0c36f02;;;;;;
f60a7e2e81a8031c829c6b54b640985a;;;;;;
e809e9ee53269fb292bfd25afb1340af;;;;;;
68ec9cb677d15858fcb1ead0e8a10247;;;;;;
fdc2eef8bb031288db4f511d0c0cde64;;;;;;
658d8b8931820c8425104507f0eeffcf;;;;;;
f1c83eecfc19e194174e7b3b70070334;;;;;;
9c63c1b8c3f40be564e71f72d5f27265;;;;;;
60d96701e9d3a7daebeee40ff72eaf93;;;;;;
b10377cad7254fadfbbc5697d2117c6b;;;;;;
20655497d61ed81b133e8c070b23d6bc;;;;;;
225a24f20936db0937441257b61eb46d;;;;;;
1762488aad0f2a767ebb778b359bbac7;;;;;;
c4568e40845f32a87d4282c513023196;;;;;;
70f4642790f0cd379878b334388a13d4;;;;;;
785a39b1020cc8aa151dfe379b1cccf4;;;;;;
bce3bf0d525ba6ff7c57544c8c69e4e6;;;;;;
3ffd03becbfb8e48f4d91a671b2faa5e;;;;;;
f10dc802f071066de3d4844c96fa1738;;;;;;
47c10503457c9c6e1ad4df9cbfbbffb3;;;;;;
327adf0b50cff1bf589a3497645f50cb;;;;;;
afb521f50a09ecf2b1b86a9f7e3c5d94;;;;;;
3eac97884afd29111790d3e6729ec523;;;;;;
53eb453ac9fbda511eb93a305cb05ec2;;;;;;
7ab88aa53b65dcc3b1d693f912674eed;;;;;;
41dcd1d593d438af322d0c8c07b4841a;;;;;;
cc1f12618b84e724eaa8bb3da4b1aef5;;;;;;
26dbd5a731a5a13cc64dfb116667e9e0;;;;;;
9b7f7b73e45d392ad2168ceefc604a67;;;;;;
1061236fb0fdef17f14b03cbbbd40e27;;;;;;
4bcba0e900354c6b2560c2266a311cd9;;;;;;
338cbe7ea6b97a44035c3b45ac60be65;;;;;;
51f2d98b99364472eca6068c771e6cc8;;;;;;
051c3d778bff658c1408aec40b6ada3a;;;;;;
684a4bde8c44de7a3eea587dbc991e86;;;;;;
2c99267837c17066f16d1774ad191d98;;;;;;
54bd44793342e0a760bc0454275778fc;;;;;;
0235fe87ffb00cb313f771791620edb6;;;;;;
70ac5d681731bafbb23d3ca86c83510e;;;;;;
73ec41bf8edc3e09369bbb15b73c6b94;;;;;;
044e5dc6cf6762c4420cab180de1a5b5;;;;;;
16f3ad2f2025095e9e936a377eba26da;;;;;;
adc11143d48387adff290656a72c6f98;;;;;;
af46e8ffcd1ef541e657506dcd6b0e69;;;;;;
284c9c353c77dbc67d59d1d050775485;;;;;;
7ef5f4cf2f401cf37fc543ded664e270;;;;;;
680524c60cbcb26b555ccfdd62fadec5;;;;;;
d0d54be5c92a062ae3746298a9d9e81d;;;;;;
8d70cfceaa3776852b0dfcde6df3b696;;;;;;
fb419fc244d613c6caf2c56295c30a38;;;;;;
ad870b88f04974d9ffe3ac7f376fb0f8;;;;;;
f374df1dddeb54761bdf93b03b598456;;;;;;
aaa91992b6b8627863e8e1f4f79da045;;;;;;
6622888d44e693ef06d13f702257681a;;;;;;
02f7fd1099496aab8727765730ca983d;;;;;;
a5a201f1e08d8c0216c7553cec63973f;;;;;;
dc3344cc3305e3c4e572eb9a5319347e;;;;;;
7b8931c38ffe99e21cb97589ce3c9640;;;;;;
9f69a77aed84fbaccc566255ee29c3d6;;;;;;
f586592be8b7ee777d313735b4d912f2;;;;;;
9fe50f1c0a975fc9a9a68cfadafe27b0;;;;;;
e45cad96d1464e9dabbe4e70045058b8;;;;;;
c057a60c6376434e00d00f382e61de65;;;;;;
435fa33f47e106264872a8500eae7e5d;;;;;;
c8f39518b88d9de65fadf99e73d8d463;;;;;;
ebc3a66af640710f582de7b8ef3137d3;;;;;;
8d5dac69eee239a8d68d1438ea3d26cf;;;;;;
84dd2b3c40192816cd24e0570371e850;;;;;;
ba69a26b66ed86b3865b84a7222c6796;;;;;;
5de2df8769d0dd68b6d1e67025c6ee36;;;;;;
d6988ab09029363a19cbf9a5d743a52b;;;;;;
12a1b57bf7f50130cb25dbe8a900f84c;;;;;;
0189fb16a61c291c8b0e01a31cf406bf;;;;;;
1b7f29954d426af9e92b6566e47988a6;;;;;;
98fca06fb2b5c0e939c99e9870fb330d;;;;;;
7048fa40cb85b8658209efe55b290de8;;;;;;
ca3fba0f03ffc79583ddd0e65d6285d6;;;;;;
64a19baab43a36efe94850dd6bc70bed;;;;;;
1c0dbd9f714136a31e83b15b3c395984;;;;;;
2834f5549fa9aaeb9204db29c9cc4b24;;;;;;
de7f197ed5c6c4f4fad8eec350d59613;;;;;;
c1128a0c526038b698db8977d3349b58;;;;;;
4ce31c166b323c97006dacf37d40057f;;;;;;
817acfd1e1703688531dfefd391cf296;;;;;;
bc4d81432e6f2f50b71674037afce5a8;;;;;;
2c736941e4b0faeea68d2e6e2b2130e2;;;;;;
98ba451703100bc376b7cf4fabbf3390;;;;;;
1b90f5d6a1edd97d71f6ca9a1fc223bc;;;;;;
f696fc33def84c4fc67c996f24f9c6c1;;;;;;
634145cbd665fa7bf04687e96e2de7bf;;;;;;
57e77ea63cea2c09d74115d23fc87fd5;;;;;;
b5e628aee95530142a26a022ea2bd7a8;;;;;;
ed92d7db297f0c4d3eba94dfdce6b1c5;;;;;;
e834d5a815ce11bd336346c9d4458462;;;;;;
97a0bcbcc31ddd35e6190fc565e98013;;;;;;
1ad6fcea69749097398643ef40a65758;;;;;;
aa8108e8839acf0fcefc00dd5f4f08d9;;;;;;
48628ebe33c69b8a1dabc0962b5dd8af;;;;;;
b6c7d8c7faed373268822b7ac7f8a7b1;;;;;;
48abb78e308ca8b11a2964af345d5e72;;;;;;
7cf6de89b80c9ee7b3e094a692470e28;;;;;;
f53906da8958ce4d56f2002faab27140;;;;;;
83931e930a50f70cc1bd2b0a2e4739a7;;;;;;
610d4b85ca9aeb03c44f637f9b84069e;;;;;;
dd557f2680acc05994a2f38fcb51041d;;;;;;
d42a90124bf0c8a9c206cdf266cbd6a0;;;;;;
6d361f1d29894c37c6e8fd96ad764b53;;;;;;
3896ce0710751d2cc573fdc52dc36911;;;;;;
470cafcf14cc613f12b86f4750f6a51d;;;;;;
898af74aa9f37199f77780707bda8cbd;;;;;;
c276fbc8d326e4155d38a2b14c4cf9b1;;;;;;
ea02637ca3715a0cc0f32b98a29e0ae2;;;;;;
464863718691918ff98d4251d8cd795a;;;;;;
b40b9170521a30f6c14cb43849e731ec;;;;;;
b3e534b7a7b5c17d8caeffdc11d7e75b;;;;;;
2e0d238850221c5cdbf7dcf6b586dded;;;;;;
6d799bc2467a82031a47046d0174f4f5;;;;;;
461e6de16cd4b8607af7f6412e25e0aa;;;;;;
337a8a7c844f527f24303c4663dbe5df;;;;;;
164ac7068a26adc0515e9bf76d025101;;;;;;
7e53c19adad3b0098373e35a17812cfa;;;;;;
45bb33846f3f5b52403a4a6ecedc1532;;;;;;
46a02897ce6730c0770c146d2adbc747;;;;;;
132526c849cccd58a3f3732c86f386e1;;;;;;
a1828b971a7340d7c08e4359049be944;;;;;;
9de8a4e5faef71135bffc68b4b5a7207;;;;;;
47ddc6b1e31d8ef99906005e3eade38f;;;;;;
56a23f06a27d01fea90ee52a9f13183b;;;;;;
40a2a9ebf10cc3694adc80224db6c039;;;;;;
606fb3d3d3e3d52ad1ec1bb287fd563f;;;;;;
a7b151d17987c4825e5a72e3dd98aad6;;;;;;
76ff40c12747b11d03265309a64f20fa;;;;;;
8924216afc9b43222c96ddb1efbcd337;;;;;;
c93ab787301b200c63404001c707b443;;;;;;
95d8ef54aedc5dfd7184aaab54667f2e;;;;;;
50227d4aabe0b15afe422ad5502a7523;;;;;;
8050f9ae3457cf0fd37f4d37e8401ca2;;;;;;
9bf0ee6d70ed327e1ba8047d8394205b;;;;;;
7e4621ff5c4017f315c5e28fa3543420;;;;;;
bae36bb3af199e4b946908824979c413;;;;;;
5dd8f7b6bea44acfe8b2920117cabe64;;;;;;
dd373ca3f9bce65670b0a15e2440cca1;;;;;;
0502e04c33f2fd08bd50e7f5f4cab86e;;;;;;
007b53a812d8e05bcfebc6eb19c4f23f;;;;;;
9723b71cbded79bcb0e54c5246e796d2;;;;;;
942ec3672f9d5d5d24f7c8e52888ba15;;;;;;
ea7158905ba608cd7b53bc028e2c94b2;;;;;;
da37563ea479b4f521d68f82a7e87c7f;;;;;;
b2b3d31feccccd9ad621841a2f8f0c3a;;;;;;
3f2f74ad1eaa5658f958f02a0bb9a38c;;;;;;
5f4964e2478e9adcf8f3c11898046d07;;;;;;
1b64dc5d174a2e56a0e02711c557ad1f;;;;;;
bc51d657833223965cc6105e503386be;;;;;;
8366fabe578b171ead0ceba1f8a4f078;;;;;;
bb9d4414ecd9514c15a0e37319f6bafc;;;;;;
1fa8b624b9e9b6ce8949d343139a1c3f;;;;;;
8ac66565e8806c525a6129e940d96438;;;;;;
0864733ef9f60607fcba0687adcc35da;;;;;;
306fc7728242b2bb3e43cfd27d219233;;;;;;
08e03f1f8625023beac4505ce313249c;;;;;;
7f1af4baa0ae27890bda3f1874f7ef76;;;;;;
150d9dedfed2bec448a8396431518474;;;;;;
44b61c320b8e18abe4775375ee738b50;;;;;;
38593a6ac5a4b8423ff90379621a2057;;;;;;
1fed72c1df8df672c7aa3cee72d443bd;;;;;;
b441714424e8b2b8e2c7dc63044f9d11;;;;;;
ab111c6f2ba2e1f4993146b748753f82;;;;;;
64c0c331226cc0dee1df9af6e7bfe605;;;;;;
f5f9c6bc0ea57d9e91bf706203d17ee0;;;;;;
e47d0ee6c83d61f28f5cde09bd772a27;;;;;;
8dfde738e262389f65d3a2c31c200c4b;;;;;;
f4ee150a9cb37b2d4b3fd5cc872607eb;;;;;;
9a74b8eebd044a7d4c22557eaac0ffe7;;;;;;
a281d192333a011e61556d45574b0e10;;;;;;
5b47d9df2ca9c6fdcc7233e4bbb726f8;;;;;;
c8ae2d808fe96c54f29bc2a6634754c5;;;;;;
db7ccbe3079e31cd016bd23d1e6a9530;;;;;;
79e7e6c6a08819a5a3cfa6e2c1bf17fa;;;;;;
8809d7227bbde7dbe5eae29fa4da9423;;;;;;
9d3e83dc1eb4b6a0c69854cba190bcdf;;;;;;
619d03973e51f165697a4c61c05f7e55;;;;;;
97ed8ba99ef9233781fabbbc6dc4c50b;;;;;;
d48698078d9b6a882ca4f2ad2de8ccec;;;;;;
559c4674bbf37fca19b3818b1ce1887c;;;;;;
f711cb904839c93af8549ff7b071b22e;;;;;;
f17c1d2ac991b4c2cd4bec6bdb60447f;;;;;;
b416cebed9f9aa9388484b7586aa8578;;;;;;
0b8ad9c9206e4360638c3ffa18ad0768;;;;;;
39f895cd901a49f2d2ffbdf97b53158d;;;;;;
ad009ea104afdf5329ed965d8138c770;;;;;;
52ce62df33fe110640f6c5ab0863b5a5;;;;;;
3b3b7aefa31cbb9d38455580df93bc9a;;;;;;
216dd745835cbbcc31d25d1ba84f7dfd;;;;;;
16e0452a89d6bd087b0d2be0d1c26f1c;;;;;;
f972aee80f6bd19f2c7ea7b7e3e39db8;;;;;;
a253e0c26ae0bd14c3e0399f03351705;;;;;;
776f44a1dc4590ffd4878f888a391573;;;;;;
9236444f93140feb2f6c4e64b57ace7c;;;;;;
1a60741998cdd7b96bfd02560eaef268;;;;;;
eb793cc4902e2ce123bbd555cf161c2f;;;;;;
fc23ec880872df19bb335c0434daeba4;;;;;;
ada655f5438801b7fe214e606935a75a;;;;;;
d6e6bba7e7f7a05a1a04868b7efab841;;;;;;
48549476f580bc4384ef0e7c97aa133f;;;;;;
a0827a97e5f46584096164c2b0cf0fbc;;;;;;
f2b193e1372a9041c11223d69bcbec82;;;;;;
697010da5f6fdeee392e866b42988ffe;;;;;;
96f57c67128ae3b1291af56971a6eca1;;;;;;
37e4979651c62d0f90e832f8d74f8f97;;;;;;
d291cb7c62177296490202c3f5a3d03a;;;;;;
84472ae78acf6f571fecc23ef0d7ddb0;;;;;;
f5d0b50b393df670dfc80e182aba7260;;;;;;
1f3fe937360b2d0cd5473cb3c2b5e73c;;;;;;
ad468fecb7afcdbe110459ef1a432674;;;;;;
c8d07b4fdfc2ddaa372e4bea2922d9f2;;;;;;
0eb2434486d9d487103b574c22f0845d;;;;;;
728fd174da65e87bc7b350e74c2e730a;;;;;;
245e3b37aeb25482cf7ebd23ae0dc309;;;;;;
3060ed8ca12fb5f2a65d0c8f128ab7fc;;;;;;
3af8707495453bd6b033dd10cb81f857;;;;;;
588d94adef7fd8cdda1d43ba7965a04e;;;;;;
d7aca2c5829e13effe140a8a5b8ffb98;;;;;;
6b3b05d77047ef505c7f58e6aff37f87;;;;;;
fa024a330398d69530227ea9ddff1397;;;;;;
3422ba325551e91fe0787b5e5fcb96e1;;;;;;
974384e281c9637a03ef6ba4035d3033;;;;;;
b53f6c800a3570627eced435dc62f26e;;;;;;
7e5a040c6315807bfbf903502729f712;;;;;;
e35994c1983c45548b8171495b860d9d;;;;;;
faa17897a7cd91ec97e0a306d601891d;;;;;;
e7a2a5f58d977d79c85407920a8279df;;;;;;
539fda8e0ee68702b696a3709e77a765;;;;;;
ae83c193b85a4920456807b7f53d64ad;;;;;;
09799d07a117e00fe307ea8009af1bbf;;;;;;
f9a708046e0a76306f7c0b6a7ca1b935;;;;;;
4f15b178dbd1ef15242ee2f8e9b0ca75;;;;;;
b70e30762b1cc114cb6538a65f6d3861;;;;;;
507c3a5a2f9f6a2542de9d7e63b94c02;;;;;;
366b783e346b7f27df826a332ed5a3f4;;;;;;
0c7029469bbe29bb19cc5f1fe88c1fa2;;;;;;
c1f0623cef18a03ddbfd63a1cbda6fa7;;;;;;
7b181fbe892aa9162ace336c7600548a;;;;;;
1daa49ee9b35b067e05f5b9467b18163;;;;;;
dafdd0afee427cb25fd4ab3db021b566;;;;;;
5a16376fcf49e4003bb76e874008e850;;;;;;
42ed78899047893e94fcddb9703c7c1a;;;;;;
57e366a554555f7a55ab55bee6f8f8b7;;;;;;
556eb8805c66b87189f80caf7672f957;;;;;;
0c1461bd87709fa924032d91f6c3ab1d;;;;;;
5d647db9868d687917b3ca1b53da27db;;;;;;
4c66c4712ead9ff4ed6164068ee9339a;;;;;;
76d2cc160a32642100c3b547c791618d;;;;;;
9550bfccddccccb2e331492da04a6342;;;;;;
d329c61d4dfb10d088575ec3085ae826;;;;;;
554ff212e9ff661c2ba061b95612abb9;;;;;;
4b9caf9518204e12fcd8f1c662312fb2;;;;;;
d9fddad183c2d86ed479e60dd8679a4b;;;;;;
855915b832de20565d750a2185ba2b3d;;;;;;
d7948c0f3d22f1dd28aca25f0695a6a1;;;;;;
1e000b0a86a4fbafdf6537a92584dad8;;;;;;
0c0880a399e026d5995dcca4e7cca69a;;;;;;
9c0dc53f011c44711a433c89666bc5c9;;;;;;
652c92661e471d270ac5f363bc0da885;;;;;;
35a83ee228adf208901ee5bef7433739;;;;;;
807a5c6766ecdab715f10df8f8658fc3;;;;;;
5c60a670c63eea6a23aaffdfbde6aa84;;;;;;
e2b6e1771f8b754d39c44255a6c89e62;;;;;;
246a63dd09ff636f4625bb0a51183642;;;;;;
2701750ee99df9f3fea8f6b3be7629c5;;;;;;
f1639354242528ad6dc7e8d87ae5c11f;;;;;;
10966f9bc2ffc8715d97f8a4ef926fb2;;;;;;
2a804cccff7b70e3302ee2a1a05e9d49;;;;;;
3644ce7af9fdab4b2a53e9f0539e67d5;;;;;;
17481ad673abf1a4b4b79b8d4eb3ed45;;;;;;
599f0a78687a38e59eccf5d64a344fad;;;;;;
72282ddcbc01e1e2c17515835c2e08b4;;;;;;
e11dce7b11d0a79fb6aadf2b582ad969;;;;;;
bd7e271b921438bb7de9e4653f7900f9;;;;;;
0678217d44e27c6efb42a5c7c280c52b;;;;;;
6ce09035fb1fdbbbeede8b46f85b8069;;;;;;
fdce03df104d5d13326817227522d62b;;;;;;
391e6759415007c15c693878d1c75d29;;;;;;
2cfcc962f27bdfd5e7558abcdc84baf4;;;;;;
93e3807fa28a8e40054f474c67086bba;;;;;;
b51f279d34ce20575cffb7a571c99ce6;;;;;;
a59510905dd0160a3c6456762dc5c5ed;;;;;;
411557fdcbc5a4acdb0d6338b4c7e575;;;;;;
19bc10a36909efd7dc398a64acb92285;;;;;;
f6ce496718862eb9cf2e7c2d35ed5b30;;;;;;
300343956018249feae5bd81ff3b81c7;;;;;;
1d24efa47f83dbe46a3cfe8680b8b0dc;;;;;;
820da444a0bf2cd66755027986e441fd;;;;;;
89b0e39950d6c3fc4d75a9cf3d11c0f2;;;;;;
a9f3abd94ee0e4be73c84358640c419c;;;;;;
13f7b54616bf6da1c56bad393c5da870;;;;;;
2eefb72b82d20d80acb3e31542919a6e;;;;;;
b3ea439f8060793b176fb2ee60f60d3a;;;;;;
3d1438d4c3d9df89f65e618f29e80572;;;;;;
185735077e7904689e8e85b071072f69;;;;;;
407dbffbecf42d091cb7e984ef52bab5;;;;;;
ad85f2836981c1efd95c6a329d0f6dbc;;;;;;
e1420e7b853d4c0fdf602ba05f13b7c0;;;;;;
83154bbc8a3b9fa4dab7da8191f61444;;;;;;
a0df56c7137db3df8affc60a4aab9f2d;;;;;;
269f2a42c6df61bafa32aaf279175114;;;;;;
064f2107e16ef6d7a91441f8b3751679;;;;;;
074a2a85e025dd95dc5ffec8c1f06154;;;;;;
ec0eca0497a8fdd8aa994087f938579a;;;;;;
261ba8d003de6c6ec49aeaef248b8abc;;;;;;
b56a88d9ce2ea5ddbf43c29099581ebd;;;;;;
00f55f81d5b2dbc9a082c6f2a9a4a04a;;;;;;
063e398d648044f55ab6d89c5cae18d9;;;;;;
be720de30be02a1e1e80e2116b8ee09d;;;;;;
5c23f876e5e3472e54a345ee227a515e;;;;;;
d71bf56890f551a779525d132398a64c;;;;;;
371f83c912bc99785874648f8bec0b39;;;;;;
b0fc4a895a1509a5fbe42922ee4417cb;;;;;;
491ba4f73a678c32c6e9d8b1fd154ab1;;;;;;
0b88fbfc73c30d66099013fcf58c9f84;;;;;;
f364a27adc42ce7de53427325a1b608e;;;;;;
c4d7a3f3edc2d608b870bdfd063c7f3d;;;;;;
a263afaa2291c5fc05833010c66c5eda;;;;;;
cca6a1eca3d20a40021475c9a9cd65cb;;;;;;
583b7d951ca3210c8541e636d4af7b95;;;;;;
a64bf38d3b960a05e326d2bf8aecd400;;;;;;
d399a7ab0992290e6b6ce63093825049;;;;;;
08c4b901bad2bbf2072feed76169c585;;;;;;
2715dd248f17a6ea11a84016e097a41b;;;;;;
8ad8a8c5c3f6bd8ce03f4abf6464c0be;;;;;;
4e7ca72fada67f22d427f7b7804ce5cf;;;;;;
081d84635046bde58516a2f7ab0e82d1;;;;;;
324404378f3fcf41242a0739e7a13c00;;;;;;
287f16ca4aebad81d2998d5331602c25;;;;;;
ce6404e591e1fcdbe439498c8d0ddffb;;;;;;
247dc15e32a0ac8a04c93c4bb0e81e82;;;;;;
66a4c49d2060edaf37b0a19caec7ed3d;;;;;;
996dcbe497a400a79312138dc039efa7;;;;;;
b50acf9875b58c22cf805301881fe3e3;;;;;;
f01b4e009b7118dc516be258583064ef;;;;;;
deca97a4ccd37ca7c4529769e4b4ae84;;;;;;
b27c81a0849bf720bc667ebe31311057;;;;;;
7cdd53cdeb6e39e476d4004cabe5ab57;;;;;;
4a9821c5192af0ddbdafe4e998f0d9ff;;;;;;
7021b443b7d8524acd715255dedf3e8e;;;;;;
2d2088be573abbb93b79a4b381205b61;;;;;;
cab1238b279eeb4b7aa1572662d0fe1c;;;;;;
c8402a12472b3b37b37e8a1af933e24c;;;;;;
290ad353a62aa068eca87378a892bdb8;;;;;;
28559607ecb85d9691a22b775a3d86ac;;;;;;
53450cef17dbb5ca80e5cc0f151a2071;;;;;;
7ed8ce8a9a2e8521a959817021c6f37c;;;;;;
fa0ec943ea85a22fa729b1c654e17e10;;;;;;
eb0b75006cacd48667cf572e69ec37cd;;;;;;
444ee88b09dfa2307b9fd720dc7bf11b;;;;;;
7ca03342835f164964519197c0d37d8c;;;;;;
00f3494c7982b1e014f6c963cae6c41c;;;;;;
96a1c1ae240bb1745cf19a723c5d5e7b;;;;;;
9b1fc6b014ee2b959f7cc2960afa5e43;;;;;;
430985605b4251c85c0a56c80a2d0b98;;;;;;
be01bc10309556ec40e8d45fa96038cf;;;;;;
c12e36938bf8946f636cff94c438a399;;;;;;
f766120143c202240ab62246953862d4;;;;;;
bf9046a62b3f68c4345f4bdffb44da01;;;;;;
22b9ee2bb962dd27936047b1bf44d045;;;;;;
8d4245bf0c1926bb8d347aff1c908836;;;;;;
47adcbaa9490507c282dc00ef7108bcd;;;;;;
222b90ff4eab5e82da6778e2f9a0627a;;;;;;
472cdda25dd02281f9d7cb0ac0ff23fe;;;;;;
57a4396d70fdca6061338ec74a218cbd;;;;;;
7bee4def414d24fbd2dd69387b5bb652;;;;;;
a7ec4dbc63e734b3e7e1f3000a3f0e22;;;;;;
0db1a24c98cba5f9630a83a69f7c30f7;;;;;;
c62c0adc040ef90644323d0df9bd698b;;;;;;
767088c5f3cd17572532d64dd59b1b66;;;;;;
7a69ab188446546bd4cda03c13fec9ac;;;;;;
3e8984ed61bfb594407a8759fdbcc991;;;;;;
490a350c3c4e6f0a66abe5be73121d8e;;;;;;
f37b3d6e43bb18e77b04ba060a2ca610;;;;;;
f59c5446ab4a4c3b5ce11010f5a2d516;;;;;;
d05368163f07cd13328a2bb2e936f1d8;;;;;;
2573f7f9848290d452c3e36e191e8fcb;;;;;;
9d41c1e5b98887f2f54da3824914b682;;;;;;
fda3de1a3ce749a24c9ebc91bbb10e98;;;;;;
a62506e862cea47eaffc4a2540d67c3f;;;;;;
97efcb2674c89cef824753e4799491e6;;;;;;
c2ceb3733b8b36e5d5a1acb91f5dfb6d;;;;;;
a8ebcccc26dbbd9a6a32e7ab5b99eb44;;;;;;
c21f297a316f73256a4972c75ff368c7;;;;;;
ea2fb70227f372e27fee116cf8a777ab;;;;;;
50337c24058e64b83eeebc1e411d96fb;;;;;;
efdc6a866842306336410abca80c5925;;;;;;
644284e6d14c8f10003be737e18dd290;;;;;;
78efd77fa38b54237a9d8987b7703d8d;;;;;;
f9dfe067e510f656e178dcfe8cfb7a93;;;;;;
7a9aea91ca525d16cd1961754b094e95;;;;;;
d6b0bdf95f00c0f9477e294a191860c0;;;;;;
9ca56520e02b7b3e71da5b755fa85f8f;;;;;;
dd3d080a46a6e546fe0b3a18f0642488;;;;;;
8a8d64551c2b9b5ca7ce47967203c08f;;;;;;
ab14d51d8bb00793e976e3a35b5dd19e;;;;;;
cdf1fb3eb602b0f0ecf9ad085ce3c430;;;;;;
0101bd09114c672cd122217a1b41da19;;;;;;
9680749bd90c57da9a9b6516e7651968;;;;;;
8ac9725f252db865d82f9d4f9306c2a6;;;;;;
b180915c060c3f0dc631c8702b104fde;;;;;;
04b58df9add4c2463e95e048c536d7bb;;;;;;
652295392c4e2f0d8820e1c96c19b903;;;;;;
709323f77d509e22af00a0a61d4eceff;;;;;;
cc01127be324695441af6672eb0f0385;;;;;;
3cd72d4b9531c7fff34210c3dbb241a6;;;;;;
d2b8bcab55f9b1cdd3d287c744d8603e;;;;;;
488eddaa916b7b69ad65faa78ea9e840;;;;;;
4975d3280fbb2df218a7475fdf9056fa;;;;;;
d4fb6a7f8f043425807195161507d128;;;;;;
2bd63b8d2051be114d81c5ce9f5275a1;;;;;;
021c389b488d0cfa49a6cd6f6b1c9820;;;;;;
08e2dc5a2899c90240cdff3dd5aa80e8;;;;;;
35265208da679f70d9720d06f42a35c6;;;;;;
27c3a0b2ea445086ec44d8f76291e644;;;;;;
e5f1ac95bc30d22a353ed18f4d56ce20;;;;;;
baecca106c520d0256be73f9aab443e3;;;;;;
f8effd5b3fa5503d139497577c327738;;;;;;
8427debc4ef385cbfc16a764dc0b5751;;;;;;
5defa8a623843a60c66298bb551f2386;;;;;;
7b383a7e2fa8f24d478aa1ebce42220a;;;;;;
208579b4ab827c602d5ab68f45e47599;;;;;;
3800b7947be2255918bdbdf3272fd032;;;;;;
750b92a07b37f214b27ac1a9558a2493;;;;;;
4ba9d5a25785b9181f4c7c17e8ef3c54;;;;;;
c960ba50210780d7d9066bbb817a6a54;;;;;;
c27b247528cc9a8faaa083159150fa1b;;;;;;
48d17392a2ee8ea88938d0819ea0ae08;;;;;;
3fe083ff76c27b8242eab55dfe8aada2;;;;;;
0903f7c59115ce7bca9bf2f252610ec2;;;;;;
c88b3f690da0c2fad0df5811b9444c14;;;;;;
5ff162cfc59a46420e0287e84e86aec4;;;;;;
335e2fb99a256972d9f45eb1105a3bc9;;;;;;
59712f5a1712253b119fa069cdfd6fce;;;;;;
c9af7cd32fa08268b9b32ca631f28325;;;;;;
5d11f505d500de8444bfd4bc88d8217b;;;;;;
a1cfd0086046b58eac53ba3ca603c4f9;;;;;;
954adc96b07f3ddd4269eb8a17ec53f8;;;;;;
f5e6d3511e28968fc58db8cc18acf1e0;;;;;;
67dffca4f8901bf649635398253ed97b;;;;;;
f0ce72a5b106e37b65469d2f45b895d4;;;;;;
5c5cdb7828077caa5a41919fc8d566b9;;;;;;
3dcf62533146e2687f61ad90a28e3a05;;;;;;
b7f89432eaf85907c0fae4ced5711339;;;;;;
0762861074546f96cd755949d96421c6;;;;;;
06b1b06a824cf07dbe9f39561a79765a;;;;;;
0877bc11c9ca36958197ca20efc4a4f9;;;;;;
8644efa03ff9c2eaeba092bbdecd6e45;;;;;;
61ff65e85e27f90497fa7ec95ae6b619;;;;;;
1606af7baac3235ea050f5ee5731a9e3;;;;;;
a6d7d62a7dc923724aa27db1f5a8bef3;;;;;;
33774c107d71ff357b2e73f793371a66;;;;;;
d0159451a52c29885e3a138efb1c262c;;;;;;
e57a0a641369ccb849fbd4041b18e356;;;;;;
a9a3cf86cd50a3687ccb684cf96646ab;;;;;;
0aacb67009e9d06acb8f95a227686f92;;;;;;
b3bfe7cb16c609e6758b2d0eb5d3eda6;;;;;;
904361d8f391146347154b9c2217cb65;;;;;;
16e9d7167a405978c2a352ad378f4d65;;;;;;
0739b476b7f5eb224cca8659f360a0d6;;;;;;
bdc9c4320f6def23a849e30dea533f57;;;;;;
626ae6cc557f32ca3edc39dd18eebe6d;;;;;;
ef2139ad1716576363d2f3f3052a6eae;;;;;;
5b32f46cac902910215ead0018a0b360;;;;;;
52b48b0822faa8dd90413e19680e490a;;;;;;
3c344f6ee99068aaf993393766cfa5a7;;;;;;
c8e056106da6790c1deefe530f4538d0;;;;;;
d89fedc5ccd4537c1040f8448b53696a;;;;;;
adbfe8a066a5f3a833bac5300ff598aa;;;;;;
e3d075abcceb01026c6857746b5945b8;;;;;;
788796e332fed7fdc8cf968c7493c1dd;;;;;;
d4bfdd3fb8760569ad8f5cb6a7cf0534;;;;;;
2f39869c2256c1c76f4abea7906b0dc5;;;;;;
f428450d47c56ffff8fc925b39872ccb;;;;;;
dcb9c03193b717248f1090597587514b;;;;;;
c8df7aef0271e886ca94388e8214f316;;;;;;
9582fed8d08ed564fefd2bccd73e41d6;;;;;;
9be6dac3062cf72991e787a8cb5883a0;;;;;;
498ee78a35f666fecfb4d7e764ae3437;;;;;;
bcbe995a7710380cee9af3c492743b4b;;;;;;
d2b1b4946f302095879dffab492260f8;;;;;;
7738b357be0f2e58a0d6a8822757387e;;;;;;
e4aae6644ebf4bb0a940b2113cc00a02;;;;;;
c536f362f43cb2c5036644afd1f3963f;;;;;;
f4508ea061ef1b867fb99588f9560b31;;;;;;
89d5fb4c65029ee41aca32f514ec5574;;;;;;
2da983c97bd41dc4fa6add51b49a4b10;;;;;;
64b408ba15ab8332df9d71e19ba0a3aa;;;;;;
4039be29841d536a316f836eb2726f82;;;;;;
80fbd8dc5e1b51e5b5d5fcfb64eefeac;;;;;;
096edc1bf2b80364d039c55731aba83b;;;;;;
f0b81bccc4e86bb718f670efe7dfd035;;;;;;
f8f8b0c1583ccafeb4b0bcbacf69e6ef;;;;;;
dfd3387cd62b0cdef685ca5456a16fb4;;;;;;
7763b8456c80ecd558a22c0ff83c18be;;;;;;
73276457c7c529205ae7722a06acdbdf;;;;;;
0e535fb965689d06c4c456b3c785533a;;;;;;
6eaff0b3cbd63bf966c410ae3b32ae7a;;;;;;
26536989d7cc40da4fea749a856828bf;;;;;;
a6d2ca79a685ee5a0b39d6f115ec3f81;;;;;;
99f6ce3ef3f22628eddb2c35e374aca0;;;;;;
35e2a9831a38d7113eadc2ff767ae8fc;;;;;;
a4680d4667fee1ddf24cb0566c9a9ddf;;;;;;
da39a26921675abf387d9a702aeb859a;;;;;;
59d0249eb9177ecf8febc306a2abfead;;;;;;
91ded949e63fb1136a218a110c3dcd72;;;;;;
ca89f8e128c41cb0852c4afc47352f13;;;;;;
dcd9f9e87d9cc746ead0253ab3d315eb;;;;;;
8ffc86eba9392a01d150207e8739992f;;;;;;
154b9c442c764d44fd173e45549a46ad;;;;;;
16e4aa4ab7856208c7461726f0ec5c7c;;;;;;
72d72ea9e3904700ce36350664f0123a;;;;;;
bc97dc52115d413c262b7705cd93c5bb;;;;;;
557a10f8f912a6985f2d11afe0f3e8d0;;;;;;
c497ce42c925de970cc54e8ee2086c2f;;;;;;
6b2d0a5e296b4f2be6eb094ec1ac6736;;;;;;
0bd1297e6cd478358256f046255fb9b8;;;;;;
e4b596cee772ea911bf65dbcc98a3670;;;;;;
67c22fd4995a055d1d779f026c11fa96;;;;;;
41630f967e05c5a0699e21642c668017;;;;;;
f61161297083e484362acc6eb67171b6;;;;;;
575e3dd95075ed36d0fbaa4406efabe9;;;;;;
6331879997c479f6d9e597180dca1e3c;;;;;;
5783c89a1434447b849102dc9699ad29;;;;;;
76554f8823a7d625985264365340e2e3;;;;;;
7be8b6891e50f7297e2f276123fb6147;;;;;;
31597c65b303f2073bc64ad6120afa7e;;;;;;
971e4c92cd1e4f1eb9bc0a4413e9d671;;;;;;
b5a8b118a6a50b59db9283caeb6ea402;;;;;;
4cd584ec179cb544264ef36dfeda0217;;;;;;
a03808f3fbcfd7d26c29446f4249c230;;;;;;
f2d472c243a60747b0e3edc16f9a73c5;;;;;;
1e324d51283072f156edfdfe5b20360f;;;;;;
610a9f60cae987d2fb0dd869d9c80b7b;;;;;;
2da09b3f0faf51872f685c3ae3704878;;;;;;
0dd25c92f2f4e932fd967d535c4235b2;;;;;;
f452f4c6b2aa6b7eb1d20a9eadcedb10;;;;;;
d94ecf4e256a7fff710c5c999e7a9d27;;;;;;
7ca1a503fb931a03ac50bf304897205f;;;;;;
66d613ddf53f0e991e60d297dfed628d;;;;;;
992b5719d4268c79671e6dae7bdea33d;;;;;;
598c7ff1367611be98f02e142f3e8c2a;;;;;;
fa46b927540c059f271d7e14a5ff7321;;;;;;
1e88c7a93ce78612e8ac6b6dfe72215a;;;;;;
0fbe1ac4186b5d89c5e07d9ddd4c922c;;;;;;
04ad5f205841d8fa0a94546848382550;;;;;;
50f9de90a6bd80995529913f00eef814;;;;;;
c181068ba8815014a611076883616f8d;;;;;;
79ed0d7874afc482a4d0a1e60643ebea;;;;;;
b0c8d64c80397d937c2816d9d8cf74aa;;;;;;
1eea1dd321adf8a09b2735d399448483;;;;;;
c8bd9ebbd902bcabd5c5df51a0ba1461;;;;;;
c4ce2540fed21300365b1da0071936d7;;;;;;
b6ad7b02a13c435c69ce39c75f295572;;;;;;
00586dff457c77e9308c34a88de164fc;;;;;;
14ceb89a8d081520bace800e99877dc9;;;;;;
1e489a7529f763747cf1719d180277f6;;;;;;
687f9b2152295f102130c60208f9aa22;;;;;;
4aa8199a9d2548000b2b1689e276f5ec;;;;;;
09aad2db54d90e8bd97d1349fb36b5e6;;;;;;
ee76ca5ef8e683654ab23c4fe8a12684;;;;;;
3ff2ae8e798404061d4c1ae0042e0853;;;;;;
448f383568ebcb8ee26e90dfdbb2f0c7;;;;;;
e9fda1f13e4ae7c5e79692e2cb7bd1d9;;;;;;
dd0aabe7f350c6c9ae9c44a4e0f45ab0;;;;;;
9331088ad370331aa7752530fda47f7b;;;;;;
972fbb4723fa8739201f92c0e6b7564c;;;;;;
27d26aa9b8362ae04cdf38ab6026d662;;;;;;
b2b8853c52b1e462d383b8be0e7eaea7;;;;;;
d4fa02d1b7cd050c863f71464cdf31cb;;;;;;
032a3f9de4717aa016a931a02d7f78ab;;;;;;
f0313650802cbbcb5c2abc4bba5b2ca7;;;;;;
8e8a059d4186dba844d69c2f037ced89;;;;;;
f60d740f1f82fe5208b7c5ca4293bf6e;;;;;;
11059f4eabc9bb4531d6288566c01780;;;;;;
dfb9a9a9e7168f89edb3bcdab19cffc6;;;;;;
7f1e63feaf4771e4452f67a3cc60b045;;;;;;
e585f3f49a73c9a5f59543dd3fcfe201;;;;;;
e9aa206e1cf4b8aea5843d01959539ed;;;;;;
3a42200119d328d7ca5cd515842ad1af;;;;;;
ca4b0c313440ed5e2f23b3a0cf7e92b3;;;;;;
aae245b8f1f8f4fc2b87b63714642b98;;;;;;
623a731c1879dd5688cc3e012ceb1545;;;;;;
dd5faf0988a24458c05d68ab614048bc;;;;;;
8a51bd15b01836b685f005b7cd118018;;;;;;
763d655b8f66dd037d78b5167c740427;;;;;;
c2037136a6b8350437d1b08706111703;;;;;;
8b7e616d5204c2721b37055729411501;;;;;;
9030edb2e1fa1cecd9d23dfac29f6c78;;;;;;
eb51d479fdc6845670e61f9735df144b;;;;;;
4acd6043dd329f59864fe8c8f32ef40d;;;;;;
d00ddcf9d216f89e6d38d173c0da318f;;;;;;
c18aff1e65eedb9042f24bec9684cec7;;;;;;
3249c1d4b2a05241b7a26c471cd65131;;;;;;
d15aa43e0111f43d75acca4eddd69a4b;;;;;;
59feddd64b937971cd32a4a72ebb2987;;;;;;
841b941b70e9be5fb2383710b1095b23;;;;;;
47d89bc303f65499196dcc5d9876ec1f;;;;;;
6a09728b7333ec0f1ef4a416dbf73efa;;;;;;
63de2025294e6d34841db656817cefc4;;;;;;
1a2d0d230c2b8bbaf156ebe59282decd;;;;;;
3c7f0e3a616f7dabfdf546adba0b7f18;;;;;;
84b7924e05d7d569955a22f67e0d6eba;;;;;;
7a7f8ed88faecee5d715b435f508e242;;;;;;
b19bb3e2a1b5a33b96fc258f8ee9beec;;;;;;
831f3ea8c88e976ca6893d0fafa5c24d;;;;;;
c5367eb736b20556c23c0b4b674ac1d9;;;;;;
5169c1228b1694b2032773bea8168b5b;;;;;;
f4f636f4907ad95658a840186e048493;;;;;;
87fb2fd5c723e41c03316cd2a072cac1;;;;;;
5e0f8a723402d52de018b433a5d20815;;;;;;
9d4cd50f251717eba1cd088af847288f;;;;;;
0e61eb8eec11dca8989b6c3dc7984e47;;;;;;
5b2ae62076dbdbd8e4659ba57ea877fe;;;;;;
d245a23b44aabd993bbeae2d37b579cf;;;;;;
d902077ce45ad405a9c872aa1160f14a;;;;;;
c6c0f201dbb4f807b7c5c5a75cd08a5f;;;;;;
99405bf47646d12760d0556be53b3fd6;;;;;;
e59116dd70f31d0767c28a7553bb74f3;;;;;;
ddd90f6f7113cb38dde439dcfe05c829;;;;;;
b0608b325e7a889850afafe4d83499df;;;;;;
03b278361c563b5d833ecc934321fd19;;;;;;
45c172bc9854fa5ac461488bed8ba94f;;;;;;
4028106c447d4f827e59d0d2d6a58ab6;;;;;;
eb2c2193c6854cf46f9ad0a532f7bb81;;;;;;
c0bc8f47be3e3f3f70a10d96f191f714;;;;;;
9a9219ea482c2c5d055e3f767741a8b1;;;;;;
60bf94625a0371f6d69115a8236abdc5;;;;;;
93554d6cb24825d1a7f2e9d908a5b10c;;;;;;
6c43fda5f8bc684c05ad8c82b0a58271;;;;;;
537f693fc00076de7436b4dceecd9b21;;;;;;
1fd75d4dd41ab5ee8994e17081c881a7;;;;;;
0d70ff355870bdd5d5a61812c645c64e;;;;;;
1069d5b5de4b65b5fb275ec942086e9a;;;;;;
5d3159d220e8c2fe259a6d525b6d7074;;;;;;
4d273d0783bf4cb5d57125461534218e;;;;;;
b77be514cc8d526d2f5422b41dc643cc;;;;;;
90bd3c69bc4c828c36878c8fb3b2a71e;;;;;;
3bf6fdc042ed9b335105ef4e3247b5fa;;;;;;
53d4556f0a57500c33b1d8ac982fe0b6;;;;;;
d65a3ed6496bdb03ddc2503a956a0988;;;;;;
5fd2442222d3662ecae01780eb0c0d68;;;;;;
85c0bf28b75f7037efc83a5ef214ac38;;;;;;
d7198b639032d6c6f13506328107dab9;;;;;;
5df9742aff6d25f6996d3b0eebac4603;;;;;;
55d98369e9abf2e44594c1438630f935;;;;;;
45321cc0a89b4b4ebe26bfde61838b4c;;;;;;
cb7005ddd7cd7e60abf63f8d611b9a85;;;;;;
20848cf96b5cec6e5e3ab403f4e99356;;;;;;
91d75b3b40e922dff52020427dd56d53;;;;;;
3722e8de69c218cb6458cf9cd8a263e3;;;;;;
ebad8a40decd79fc82d6c381108d9796;;;;;;
738764054dfeee2cf7e3198f656369e0;;;;;;
5b3096e8bba4cc362635f64f8d6bc37f;;;;;;
953acada24e905681d39dd7b8a4160a4;;;;;;
a9fdee2facdaded2c0a0d5d04fdfe4d2;;;;;;
02286ceb474ad7f9296744dbb498acc2;;;;;;
0ca073548d68fcdb6fa587097354dfac;;;;;;
a444307d3132f062045f33d320722bc2;;;;;;
07154c06e99ea5059fdcc0e7e65e8383;;;;;;
a6371208764e0a091c22784a16b0e287;;;;;;
3de1afa2b23580a350e85b6e64b2e5d9;;;;;;
95590901e05264168eec4141392ff8d3;;;;;;
f95144bb0b0c8d619ef4e6be003325b4;;;;;;
1e957b6328b300435207f7892cfbb673;;;;;;
bf1689011a403ad06a37e7535ddb3d2d;;;;;;
7300fc5ff9460564629e920a364e3b15;;;;;;
d8b1021dfda4ec34a3176f91d5284d2d;;;;;;
d61cf7f9069866394dbc08175b65bf39;;;;;;
e802a81f228d23ebf0628fbabf3f6f4b;;;;;;
a9b0f10d35e2832386652c1821d08b5f;;;;;;
a18b3c051e558f8476f1564d8036e2bb;;;;;;
34478bb7be110a4d08033b92c1f051b6;;;;;;
654f44710c8f7708b83c90fbfaac533b;;;;;;
9d4ac13b2d6d2fa5e94591a201eea119;;;;;;
205ef867836fbb86028ff52e93074823;;;;;;
6c3c469325bc0ee0438089a3e12738db;;;;;;
f8967fcc1a2a1e4ceddab005b3b2a556;;;;;;
3848eb9d0fc6bca263dae92610bae65a;;;;;;
16019e842dbf4e97947c815cfa82c339;;;;;;
b2122fed2aa87e43d15bebc57a6ad551;;;;;;
d51e2dff36eea4ac09869de19efbda68;;;;;;
75a19d1af03eaa791c2b355d18b5810c;;;;;;
4936585df7b3dde410f273a462df3c68;;;;;;
6b29cac5ed1e3e110655c4b90d207adc;;;;;;
ae7d4ccdb1fe5861fadf0ac239a8fee6;;;;;;
4c0447ab28263ae764e54f73836e2218;;;;;;
153e0e8b4c8b454bc7ce022b0ec0d534;;;;;;
0758c486be675a65d2a469b774cac308;;;;;;
8c5549867391df0f7315ff5bef92fe45;;;;;;
00f5ee3aa13d1a7f0c5323b515a12c0f;;;;;;
bfe9b91aee8fb810d530399e7f856606;;;;;;
a3d550aef3b93a204e7c8df3602c5c2b;;;;;;
8a3b2f15e84c2b788365e11458747fe7;;;;;;
1a2508f677307aa8cbfdfc3bdfb074fc;;;;;;
d7d621a75e405bffd6fe4589e7779428;;;;;;
1ea8b97344de7da7aecc3a1771d42dd0;;;;;;
df0d7eb97b1b9806b7a57d8e776ec013;;;;;;
bcddc9c074bd28a156bc96caffecaef1;;;;;;
d660db19788ae8b6580c2a634d5186c2;;;;;;
c606c949b6ba2e25829a665114381921;;;;;;
8c1755cbe8c9cb9f2663ea11565af627;;;;;;
2eb4855a177b9978cd23d6d777c10246;;;;;;
8c76c058f4baec12aecf526e8cafeee1;;;;;;
dd37741b9c74ebe1d40743fb876a4c00;;;;;;
7499f75071c821041381e1a6381e3793;;;;;;
6f43200ef4e38c2427f831fd387768a0;;;;;;
49066559df28b407f7330ae616ef290c;;;;;;
760a89d05bb1b86ac1cd713c928a3e98;;;;;;
bd17cceea0620a94a31371f1f88c3038;;;;;;
0f778c19b205f2eda2b1dc383370ddf7;;;;;;
f74cdb014e7e8f32d46001b16f1afc56;;;;;;
77907214597c6d464f631f1a3ca65d26;;;;;;
57fe8d6cdd5c392f403724330ec6e21c;;;;;;
c931c0a9e39fa6c7ff0e94acfedf371e;;;;;;
21b1fc09f8ca94b96d7fc09d0e463e3b;;;;;;
97deea7e380d34b368cf87cd5bdbd35e;;;;;;
06461bf019930c29b4207776d3cb21b6;;;;;;
cd45be31f7329e42639da93632870fd7;;;;;;
b3590309aa01f5d58bdbd4b31e46bc8b;;;;;;
bad1a5a2c7e8fefd1fa3b15609985004;;;;;;
13f24d4137f18566e0352e64bbf49e6a;;;;;;
b69a8893e324c23675b83f8845d021f9;;;;;;
a9e3dd75aeb50fa3c5b88c59e5bd8d43;;;;;;
5cebe5ba49f31cbe7c65efe474f92406;;;;;;
1034304fef3e6f0136febe6cd327d5a4;;;;;;
3d6c35fd8188905b039b24f660c16888;;;;;;
0c8454d3a91fa8d2880ee8a41865a8b8;;;;;;
3e92dda12369c3b04dfe5c674190cdf2;;;;;;
2bc139a6e256e74695850678196f5057;;;;;;
0cbc2c5b6f678880273c6cf5d97513dd;;;;;;
334108ef4e1620c2fd98bf75a01f1a8e;;;;;;
4c37108a9fc28ec29bb3032a29d29075;;;;;;
23bae2fcba21c8d22c0aad73f115f25c;;;;;;
848888fb45a5f4292f25f12a584e4795;;;;;;
3cba18587a814f792101f84d766814e0;;;;;;
4449a1b6ab0c2f052ae1a5a217f2d4ec;;;;;;
ec9be91ff37999303097d9655a344711;;;;;;
548a1a6d95e33285f76cb4deb6357d67;;;;;;
8c2e19387b812ee30567636f4dbde180;;;;;;
9c281dd04424ceafa9922025b86d7fa1;;;;;;
979cd7dbff2cda5a24938da169876c65;;;;;;
cfbfc81327bf96f8fe0f4fcca46e6d0a;;;;;;
81d1b4ed9ff5426ef162ad81c592652c;;;;;;
fc32c7e6f73d097ef078d5f6060c785d;;;;;;
f39023295bf487c60462cfa8650b6525;;;;;;
947294a6f233faab7b8d956cfb8ef106;;;;;;
515067d8df6d864555280c37e5599b27;;;;;;
9a90b01d254bf3715dd1ee46e173cc96;;;;;;
8bd810ba3e8a4a901a6a86c98bf29f1a;;;;;;
622c6eb13c6262e152b20b6a1ccc2146;;;;;;
fe6647b7d14434e4d4acb5c905939371;;;;;;
89e6e6dc184ef3bcae475de8ebfa9742;;;;;;
97754ed1280d052b55a1a15fd6479835;;;;;;
a7aef8c48bcd42294b7a39bb7526c37d;;;;;;
5e312808d8b4aa15ddd58b1215ce4435;;;;;;
7244996860e37ab9dd0bbd20b4a57792;;;;;;
63a3b577126ff4b8d6cf92fb3be2ded8;;;;;;
ff9f10b9d6d86f4cf40c1e7aecc3c7b9;;;;;;
ee96c1973ba3f5cba75edd03eacc3653;;;;;;
67e448b38c8f74e6a3fb4e9b25c83dd6;;;;;;
8e81f6d6a2a95f0f1789964b6b699ab8;;;;;;
d66c3b6dbb851d89af234c8cdbc23e2f;;;;;;
be5d70300a85c98e97a42d767fc4a105;;;;;;
be8c889e0f35f380425e1fa681d741e3;;;;;;
2683cfda6078260e646e26dd9d1c5b9d;;;;;;
afcf6d697ba4d2c07d5a70e830981b76;;;;;;
e5a8cc07b3e32b7765f636e09b97ecf4;;;;;;
ecfa75a0727283290254d05aa21972d4;;;;;;
ffda3a881693daa235348a3d37ca83b6;;;;;;
dd72f82d646cf245289fddd346412f80;;;;;;
2f3049155bc1aa5e4d1056c6e040d71e;;;;;;
289936e626cfa1ad22b0db340b19e80a;;;;;;
0e980a793457236a19782610f5cc67cd;;;;;;
991f26d93725f24987eba0596101c0a2;;;;;;
9766e7a611327272a3b2ccecebec2112;;;;;;
817b6bb0f531d5b2691ba0d50fb6999f;;;;;;
99bf228c8e11cf77415d0f79976d9c13;;;;;;
9af61869ff0af420c1ed0d7fd8569fba;;;;;;
adb88ae1f39e9cef021a813f9b26a6cb;;;;;;
6311ab9db935afa87d8c56500bc51330;;;;;;
3662f6fe51870ad076fbccac67eddd2a;;;;;;
9426a314790c00fcaf52524f68568bf4;;;;;;
45547b908a5409333b7c7ad46f5421a6;;;;;;
8283ce409a357479b258658092a7c6f3;;;;;;
e1ddd4656d4cf898ffc1bd48e37740ee;;;;;;
f5d2ec8daac67f70ce0ef3e9e96d30b8;;;;;;
307e38a3e2bb4472e206004753755ff5;;;;;;
75dc87f9ec97b0264f3fe1dba1956b1d;;;;;;
5ba42679ae98b4ff97bf085ed6a0cfda;;;;;;
b7d4916a80de43d23cf5876128e4e1fb;;;;;;
9f2d2db1e87a9723d2d3b91633f8b1db;;;;;;
a1ac072528cc74fcd219244502a44fbb;;;;;;
a871f4385ec43ddf6b0d8bdcbc5a11b3;;;;;;
1a02e728f517b1432c9a4357fff235ad;;;;;;
bd0b55ccadf561fed9c72cc938ee0d3c;;;;;;
adcb3d1c570fc34af08339913d1a6dc7;;;;;;
735e35f73d401454c5eb8e6ca6e255d6;;;;;;
9ce4f0b43392ba792a2932d236dc17cf;;;;;;
6afb9985884f0706cd91b5f84fb079ce;;;;;;
b49ddbe00fd84797eed09627ad68bb83;;;;;;
01cb1dbabfe6a7c2cd4d04bf0c73558b;;;;;;
498f63da240bfdc6426d091667378f2b;;;;;;
5c3760799a62749365cd227f618d4bd0;;;;;;
a16a16b383cd84d2cc3c1721d949ae65;;;;;;
7d966d3caec3259c6632afa51c47e49a;;;;;;
e93bc56aba501c12717efcf8b4eb45b7;;;;;;
02cdb58543cb79ff93df1c8c1ac96905;;;;;;
c38012910cc6cee5c44c0ced8354149a;;;;;;
586905c1183965e5ff825296daf00fc9;;;;;;
8db29c4b2052c957a80f8c658b9aab99;;;;;;
c8fe332b34eee924129685620d368e39;;;;;;
61a4481e2b17754650f1fc1b447ccfb4;;;;;;
8b9c97cb6d943286455fe40a9fd0e318;;;;;;
20000d4243f2e794fa20da0f7ae0ac80;;;;;;
5966e189c9fd038fb9f35df31db85c1d;;;;;;
38e38d7e6e8260fa1e66d3818ba5959a;;;;;;
51c4d933e1246dd5a26359b7b32e7774;;;;;;
3b401eab80453136b267bfd463e5514f;;;;;;
8e76a3eab63e2ccabb071842675d3d9a;;;;;;
04be55f973deeb2dc6e9561b49c53254;;;;;;
65686836d929329d541172dc527ee48d;;;;;;
47721db7fe84398ec0ab52713486c6e9;;;;;;
b862da04de4f9189e142ea84e9bbcca4;;;;;;
7c0d3936b398149d316932e2f28d8b48;;;;;;
b060a39a35cd4e436e4dc5fd18f8a3f0;;;;;;
a5e47c8638cd2dcd89ee8bf072108e3f;;;;;;
698766fbbaedbecd5400759dcb28103b;;;;;;
cd4aa3b64e49ed0e17759abc5707c5f3;;;;;;
a181cc46ccf518e7e451b8ab61b2700e;;;;;;
a31709f08034202db7452828eacf90c2;;;;;;
fb2e7d15d834dc0e7721261d180a681d;;;;;;
b6236e7134c676c8fd22fd297c003f75;;;;;;
2a6284786b928be3332abb20eeb862c7;;;;;;
b8c96598309fc8813a0749613fb5a523;;;;;;
b4a5c38cbcc41edc23d44e8e795bcb73;;;;;;
156730631bb750236e763cba7af20c82;;;;;;
5a358e6d3c56f6f5e57ab111558b6a22;;;;;;
4e9d9846f21cdb181e378d695488fb82;;;;;;
0527adb5950ccc89c6dfbfcc650516e2;;;;;;
90d9796f4313b1214a2549ee53ee6493;;;;;;
58a88229133b91454a6306fa1d2d2656;;;;;;
48541c4d2e8eb90a02c5fb49e6cb2d49;;;;;;
674784bcc1aef7758781bd1baa7cd576;;;;;;
3c24e39cfc1dac222643d013dacae550;;;;;;
330cb2f8fd2985256784695b805e3545;;;;;;
a09dfe43a99c07fe63ef547d929e4bff;;;;;;
d90ab0e179ac7041a66371f6d8b3fffc;;;;;;
f1b808a3a6bba9bcdd1a69e216794b9f;;;;;;
a8f3fd0a88407e4b4eaf3fc3c1ca3f83;;;;;;
d8fa93b2f43210ceba9ce4dada67ccc9;;;;;;
2fab763f1dad7246d61fb6bd54349b0c;;;;;;
cadb577d0ca73311e247dc66dbc0d21b;;;;;;
a9ace35dce8b98949eca3fac51a10ec5;;;;;;
6c056647eae1b8372e00a6c6a762abae;;;;;;
9a29e02c8729addb9fd15d2d27d99a63;;;;;;
73e003d0c021192f0e3b801737e2697e;;;;;;
305b24b56521010be3f65ee50ad72ef9;;;;;;
0253b1d5326a879a8025e5874179e1cc;;;;;;
ee3af4f849e45d261f43f7fec185df7e;;;;;;
0bbf49bbbf20cef1c9758fb66ebf50aa;;;;;;
f160699ffd7d6d8ac7a215f0c7050f15;;;;;;
2fbacf1935c2fcaaf5361c50fe9a32af;;;;;;
afe97a13f7ec940597c11ed0dd14958d;;;;;;
ed960fc4a0e787d32acd8ac2ce2a5e14;;;;;;
1e1e82f2842eedd1969afb9403a3b79d;;;;;;
b0103a6768950982237f4ec368c13a8c;;;;;;
dc8a661a2b7b762a0655e7e7145ce981;;;;;;
56b624733e31f4594b69b66c66a7c95c;;;;;;
2d8c9477a0d7f20f901cfc4dec343b38;;;;;;
5590cfd91fd9e71b874215d4233cb486;;;;;;
e5d19fd512817e6505dcf964160c137c;;;;;;
cd3197ad025879d13570dce93794db25;;;;;;
f5b66f22599f1f3ba773ab3c6c2690e6;;;;;;
2fa851738be25b295601d1951eac5bbb;;;;;;
5673376cfdb560f7b683166dffe39722;;;;;;
4fe78924b690c4ad6a6ba0822f277213;;;;;;
685f990201712c5bcdf842858723cc33;;;;;;
cdcf52a9f52b8f323ed1432ab272200b;;;;;;
dc13b6349a8b6ff0ab0b29c361043cfb;;;;;;
3988d835a80f7e935f3acdf7650f961f;;;;;;
fc2f2b5d2528620e1b2678c1e902e219;;;;;;
459eb441f44c0f0df42969be88ae4372;;;;;;
48bdd980e287f36744bdf92341611cda;;;;;;
64d7284487cc6ff1f044455e7e2fa4a3;;;;;;
213bb426e8fefffcfae06e8d8163bbc2;;;;;;
74891ffd82d5af40ea7134efacb6934e;;;;;;
123b361dbf70ec69fe1f2f6d4594f733;;;;;;
dedc33ee1f95682cf372b22f8f584b8f;;;;;;
43487734ff78f3b5fc1d62cc015d2527;;;;;;
ff4a38d663991e966049b119d8c5ba0a;;;;;;
e3c3c13c313332705e56f53e16e84fba;;;;;;
5a6ae6f6dcfde3cc6c21555d63ce53e5;;;;;;
580de085109f5a7df4f6a42d3afe681f;;;;;;
4fbf04d686399bb153088b2621f20287;;;;;;
ac2e98ada3faef3b8a5a00c3904cf77f;;;;;;
58701d4d6ce8a4e7e51c4da0682268cc;;;;;;
d581b3393e3300c380b2c9d477d29c2a;;;;;;
f6c7bd5dac11718645517b2b333500d3;;;;;;
1caac4d6403b40e9914defff18c2337c;;;;;;
2ab0c4069b175f83e1387f9af904bbe8;;;;;;
566b8d76dc70db1ce07c0c0879d62b0d;;;;;;
79b031bf3ae2740c2aeec70fb11de8ac;;;;;;
c39c729dc7be5d0f0ec7886e48ffc986;;;;;;
ffc78fbc640cf23a50a05f490815306b;;;;;;
83deb19f6aa913f8fc5959399e3d8a93;;;;;;
96efd8ad7eac3ffe75eec5172cd5f4f5;;;;;;
ab92c6e080b787979e1d9f3522c18356;;;;;;
80f11250b7b7bd25e8e9025fef50e325;;;;;;
3f4bd02e83454ffbc18323c0af8fce34;;;;;;
7abcf8e63b3f98cbabb8cf78c4ea4c7a;;;;;;
ccb2ffe072015bcc3fda60d69cb8fd14;;;;;;
08044c58290d561fb4dbb292e04da553;;;;;;
289cd9bb858e88bf813a1980e6f56372;;;;;;
484272bc1e4611b1021a7f56b28f9213;;;;;;
670273785bf267895955c4d4e4324e47;;;;;;
c3005f7fdfc8be4921f53ba065b43463;;;;;;
adee6809199372df55d53a3d100fc163;;;;;;
4ab0eb0c7dc9d8b252353ef71ce82903;;;;;;
c620e98182db4476e47830202c126d61;;;;;;
eed2ad48e2e6d3cc9638607681b38f2b;;;;;;
75437e200926cbdd61ffb6b1d202ba50;;;;;;
456c2a3a0ca4c7d77c6cb182748d9592;;;;;;
ab9db2de7ec5484e1c223e3a2a6e4f47;;;;;;
c39a5c2d1589213e2aafc228a0c148a1;;;;;;
609fe95936f7c804d38af101fb24ab56;;;;;;
848ffb27436b822fdca99e112bd80cac;;;;;;
fff30d4433e4b068178a2ba0b1c53e9c;;;;;;
0b625c9dee0d80cdec735926cc9c89f4;;;;;;
805f338aedeff0a4f63535c4e417aee2;;;;;;
5b2128261c21504391e3b5eb3d137bb7;;;;;;
3f105bf220214ee5a3a70cbf6704e4ed;;;;;;
614bb6af7c0c91320462e91cde058a16;;;;;;
b0c7d1fd12bee24df197f361e88a45d9;;;;;;
6faba65bf7b7e1cc594dc9909c719d26;;;;;;
8fcedd95ae8e32ea12923924901be459;;;;;;
abee009a32e3d32779b21f2dd3b996c0;;;;;;
128ddf52d2adb5af1b158f068f12c514;;;;;;
7f3af4f09d6b28375fdb07b065b0ee6b;;;;;;
84f1d5e8d8808f54ad190e95c455e77e;;;;;;
5b4bf4864812059829cfa06b04182f9b;;;;;;
c0a42fd6ca76c533102c7299ee7c84db;;;;;;
3ffa56df261c3e851ad07289bd4e1814;;;;;;
2c52241e3992c98dbdbab297d2be1fdb;;;;;;
0eabeed61f65c81b9269d9fa2467f70b;;;;;;
f540f75712783ffe27c74c5a2aff0420;;;;;;
2f2590eb5f84002794e2ffae10f1b95a;;;;;;
3c734f4094ecccaf5af564296b48804c;;;;;;
fb65bdfd2f3cd9a4da494eac43fc81be;;;;;;
d6c62c253c387893767d6ef0718f0635;;;;;;
75e21ae095953599082fa21e9b14b264;;;;;;
c7ad90d7e39f9325b6b3eeb9bc41bfd5;;;;;;
344006d33beec17b22f157e22d7ee3a5;;;;;;
08af2d50e7a2dc0324a2b025f6174ecf;;;;;;
5040510da27d5688fc59b67c1f92e3ad;;;;;;
dda6681c7d1aa320cdeead1f88252231;;;;;;
b50f3d8f0f9da821cd046832021c5956;;;;;;
f531e7e875e57a2aa66f94c02d282cb9;;;;;;
08cd74e2a72b2c060dd68e46b461388c;;;;;;
3fd96484db9fe116a3bf220b2cfc35c4;;;;;;
ff5c8d4397f392327a4bfb8330d940de;;;;;;
ec6fdd773d9e68ffb657f430f8b4c299;;;;;;
76e98342a1ce55459aed6da84d4a02c9;;;;;;
f0d3559bca73b39e8212e7aa9e7260e5;;;;;;
c25ab2edaea67ab18d9ca87596f69606;;;;;;
1cbf05cd485b5a858b0dd1d94234d895;;;;;;
c0042bd014016f3272472879403b10cc;;;;;;
5a4241ea141a34e3c50beec024955d75;;;;;;
9a0c1048e4f01c35f95ab136c3b60f5c;;;;;;
e2d5b342048a8dd370be04424f44a4b5;;;;;;
4fd6425b295a444e39070a30163ddbad;;;;;;
d2b4f0c502def52c0c5b0bbae97793da;;;;;;
aa5f9bba88f297af4942544ed1d139b8;;;;;;
59ec61c4912ec3fd49b063993377ffaa;;;;;;
e5a6b5138e5adfcfaafd8c4549559272;;;;;;
57152c75a68c0a74086c457c3bfad498;;;;;;
3e261459c00355dd0ba2bf83afd177ed;;;;;;
001cdee12b332fc6f76a9581f7687956;;;;;;
7abf79935bab1bc4f31ac08619d56bfc;;;;;;
bf709a982652aad4ac83b1a86c5e830d;;;;;;
8800dcf9b95f5a961ac7a783c3f8c90d;;;;;;
0f55ab615b24f0d43401e611871b82bf;;;;;;
61c767ba9f109beb9d8cc3d840dafdf9;;;;;;
66d990c0ab410db1ecabc7e5da67e261;;;;;;
c2a75abe97711b581af2a5366297ffb1;;;;;;
b4a0c4834aa238500688ffc392393671;;;;;;
b44591aceaa274e512d7862630da8c4a;;;;;;
0fa8b653a5de43c79e18a3bf398ab069;;;;;;
3697ebb3cd7093403a4b6ce25db6a4e0;;;;;;
2445f11275c5dfe9f163be3262fefaf3;;;;;;
5df6ddce2b3915e5ca9322cd3d34889d;;;;;;
2aae19363a37b38e63b7f2550049b78a;;;;;;
5b3746f02f12010b4a714678a90abbf5;;;;;;
ff863736ea2580a1d5458613ff7f035c;;;;;;
5b81cdd8ffcedf0ae0f362f7fdeaa074;;;;;;
5005d51b4b85fd190925ae6fc33735a7;;;;;;
9cfa157587c2e82152117f763f811cfb;;;;;;
5b65f26a85e475695a409f15863c8ccb;;;;;;
22765cdb7c21128a4b88221fad47ad8b;;;;;;
5892bd993b0212a68ffba83b4cd7166f;;;;;;
2c65f0a50f1a1d09f32b048796eca25a;;;;;;
71ebe102905ee034bf67f1e10d6db2f5;;;;;;
9212b60e6c9170691c8e1ff99a3413fb;;;;;;
8e55b9b4f4a8943a82af6c231d84dd6b;;;;;;
67adf6841da5184bb5a8d531c85a1569;;;;;;
41af5e1c51e93272e15c6db568f54655;;;;;;
d4574ff5c024ef66b33d641a7b750dbf;;;;;;
d838195ed6baead24e1b4dbb17736a49;;;;;;
fa1168b49dc764db3601eb05d70b6664;;;;;;
fb20c6186aacc168abeb838859d365d2;;;;;;
4a5a5612761323ea8dd1201b9bfc2078;;;;;;
e78c898ebc39b0c1daf9414d0ec0712b;;;;;;
c7305d2ec8a595b311ac70d880c80846;;;;;;
cce3ae54442edbfd735223f94800dea8;;;;;;
d849b356e346ee42394e8539792669a6;;;;;;
8563ca37974f83bf59921e5e28d11592;;;;;;
6b610db05cbf3a06e8737fc0dd8e5e0d;;;;;;
218e08acb11bc26020f2acd4a6124fb1;;;;;;
44319e4b474e3a0e636c339d3b11c4f9;;;;;;
2ee7beafcfa22e02a9f7c6d224c1ef23;;;;;;
93f090a16e4d6d24d024f6318f0fcd84;;;;;;
1ec222f4447e08247eb3fb6ee74a3d36;;;;;;
8721e9fa2bd1b25bef71e093b459329d;;;;;;
f258bb476df6cd173623afeb91ff54ce;;;;;;
cc984238ef6618314a708f492bb2e678;;;;;;
7f05a37b5079a905937b95f087549d06;;;;;;
8d35257380efe6aa32b121c4deaf5368;;;;;;
c96dcd068e51e776d297de5ec33942a9;;;;;;
25591c78551d922a35d124ebfe1b070e;;;;;;
5ec6088cfc0c27ad06fdf8669e4511ce;;;;;;
1dc2014622d23f9b648613663b0a8131;;;;;;
c5c9d2a282fd23ce13ae3cc06ea45171;;;;;;
6e933fab61def1eaf249e5acd48747e5;;;;;;
3492f6b7515d5ac79e3ea61aaf3606ac;;;;;;
4c179ca0b796c9008e71aa824c1ca21a;;;;;;
99974f166e1444458040b042350f7077;;;;;;
3df2a2835b62c883940c5272faa31818;;;;;;
743908b4f67534b700f9ae2262348810;;;;;;
26045a6902eaf73611aeb37924c5d877;;;;;;
df44406d9051fac7a087f4bc82ddd5bc;;;;;;
eff55a95a58717845767f184645daf12;;;;;;
849813ab4b14542a33a13046bb59d5da;;;;;;
2a724c1595a0fc4ecfa1c033574998fd;;;;;;
447300c520cf963c9d65e9ca4ee82984;;;;;;
3a73c9fff64574435eb5b606389cfee2;;;;;;
21d7b1814f2c2a1a4458856b7f233731;;;;;;
27f39277322a6e61aeba531db5670ff7;;;;;;
a1833130ac0f54d0496fe5ad7b96befb;;;;;;
16743073dcc5a64f03c3aff58979c9a0;;;;;;
5127494e95669227569d4ebba7646ecb;;;;;;
4fd105a18ecf4c8862dade704b05e387;;;;;;
617db4a86b3053f69deed4b401e9396a;;;;;;
971faab8ea4142d7ccd86338def98855;;;;;;
d93c3a55ef76218ba8e065bb4264012b;;;;;;
bd111bf8198cb269794f9f946b68cc41;;;;;;
1559aa213f2592b58b72c8d3966d4bff;;;;;;
193beca7aae38bb9e1227b131227dd84;;;;;;
f0dbdb36577b31a30ce76d52163cab7f;;;;;;
03eeee67ce06c81a9656eb3ebf2a135e;;;;;;
1f56a9b79ed1723fe7ed703a8d94cfd7;;;;;;
ca579c1d134358658065e73eae039dd8;;;;;;
4de0ba613e08392c18b84685a00f8913;;;;;;
358755402a49600803ea675e8ddee4b9;;;;;;
39f7e3324f4f66a14f258e17e914cb5f;;;;;;
583c6793c0383e1589283532a54ed4ab;;;;;;
5a853f787e2f8b965cb6eb75794afd9c;;;;;;
6291d3ccc53d5667956a6065a645670b;;;;;;
ab593d998c45e7c870789bf99e6a34ad;;;;;;
69dd7129718facaa472fd8ca093ab174;;;;;;
6cd0e3afbf3d19810057ed5e6bf100a9;;;;;;
f41369ba7dea5745d06462992ec8aa93;;;;;;
c741e521124003c32a2876fc29c83463;;;;;;
eee307eaff7ff2999d95b2c48eccdb61;;;;;;
1238a381dcddcd917c04db0add2cb0ce;;;;;;
1d0d67bc1d8a7d3d8e33653ca4b1ccbd;;;;;;
7f4c13e031bf751097d7e7e505da38fb;;;;;;
f9d947508fc895be875c14c12c637895;;;;;;
07e561df38231d267cf15a319f60f10c;;;;;;
7be9c82acbb1c1fc1941a5cc8a09eebb;;;;;;
218f9158a0ee6788cd90e4134b4058fd;;;;;;
f4de7d4fc6cad122a82b7af3bea6a6c0;;;;;;
372ec97283725830eed874be33082932;;;;;;
67f1c9c505bc918fac82861b3620b1b8;;;;;;
6d02ba7b65dcad81995337408ad2d5c4;;;;;;
d7c0ba6504b5fbff13847cfd13a88506;;;;;;
09e674bf059531f093ce0f50135f05da;;;;;;
42f5595348b5eaf042cd1cfc39d5e0c8;;;;;;
13241b415a08fea7e67bb2286d0b5bfd;;;;;;
c0473185e1c878ea45da41c6979a6dd3;;;;;;
45ad9a6f87c56e3901ad91614b80bb0f;;;;;;
b31cec8bb84d68f58d25727cf304b7e5;;;;;;
3619e21cc3356a41946377f069a1ab49;;;;;;
140e12eaed9bab95504a5c60ae4eadff;;;;;;
5076d20fb7b9870ffe5c0c838ceeefeb;;;;;;
1824584831b9401ebb881116a0859bf4;;;;;;
4ffe197d096521ceb440da85040b11de;;;;;;
e83077537ac1efb5f20186c3120e0400;;;;;;
257180d08aa0fff9cf3abbe360cceee3;;;;;;
40d28075c73035b7cd3d42599eacf43e;;;;;;
0d77e2c36dae7b6daffa59c498e6ef30;;;;;;
676fc5f4e79c2054eb700113f8f0ab2e;;;;;;
e78ed01ece4b2183ada36f185dbfb51d;;;;;;
8dd92cadf8703bd482fe5476801871a3;;;;;;
b838b7e52c397871eb60d22dfcbe1b81;;;;;;
00a28670af01b7e5b9ac2023fd0dcd97;;;;;;
cff569f8321a04efa53cffec21ced559;;;;;;
843b2a13610cbbed66e945199b2e12a5;;;;;;
6b2deeb9e69a0a65b21ec898ca20b926;;;;;;
2e146ae846f86eb24a84ac1ecad274de;;;;;;
1ce2ca0678762e2d52aac0c241a86e1b;;;;;;
2cfc448d9d9fbc80c867100e6c293593;;;;;;
2a94ba3599c906554a22386b435d8fd1;;;;;;
fd37fffb8fce727c5291bb796b37dfb0;;;;;;
7b8fc31bb59bd51d856350c25bf1d8e2;;;;;;
bc45133a51c7bf5589fc7d01b4661303;;;;;;
cca65bc26c87691f8aa3076d39f75727;;;;;;
a77cda93658096dd4321c4ceea05ffee;;;;;;
989f68524295961a73e3f1ce8b75bcc4;;;;;;
c3785924fb171923db8406d3ffe3f3a9;;;;;;
64144f5f58cf2edb45054e2b23fd6e98;;;;;;
b22c79651fd21cf7577191c3df8230e5;;;;;;
adc5c8ecc064edd76af1475270a6a706;;;;;;
2ebed673e06103947d7f271f6ed14ed8;;;;;;
ef623c2d971e17364a896153ba179e2c;;;;;;
d3102a3e5e9b53542e37597062eb8f0a;;;;;;
999488f75ed159b3fe704f00ccd7f306;;;;;;
e3a3e15f4257075fdb89464eb5836919;;;;;;
7f4337a486f77bdc6cb201b2c7ceed32;;;;;;
ad6d8dc50804f7e05aae5d2a7bdcbf06;;;;;;
ce798e996b30388126788922f0558b6c;;;;;;
5763c6f7dba1e3b0c219b91224469066;;;;;;
f0f42c606667bba50832163a0f0e6aa9;;;;;;
0a09208e28236320febdbf059bfed583;;;;;;
2e4e9835153e07d1cb8eb55c0204340a;;;;;;
dec520e9ac167a5ed9c98881a8ea3eae;;;;;;
1c94d337a718b8ca4f95891e5b7df591;;;;;;
ad9206da255366a495362e0106760f43;;;;;;
34b780ec376c8d9e76f7f3cd2f1aec88;;;;;;
ccd0cb64283c72032d5c16b2f0254873;;;;;;
dd85a9d6e19f356f532dfd6ed632f61a;;;;;;
0dabb5e42989f95ea72791448c11b9bc;;;;;;
848775e3387ce2c0c5ac0685df6ff5bc;;;;;;
d56d308358f37aaad52dfc63334e6e36;;;;;;
5448763a099627fec4f1c7a0a990f717;;;;;;
1c3d033b87c0e17d623267f83fe640da;;;;;;
f77bdd169289fa6687e5eeb9067c3c82;;;;;;
9a7395f2a762ba27533504881de42401;;;;;;
57d965902e5be1f379e6b51d4fc54649;;;;;;
c7bbbb00218b8c33187fb02be0520f11;;;;;;
d77bca2302e30b768c0e77e81116028c;;;;;;
44e6f15d9dad463af96b6419e88a6486;;;;;;
2a0fa273a8b2cff030b92a0cb3f3bded;;;;;;
b08b52bedf93a40d28343cd491a9737f;;;;;;
c94b41425709a2a845211029651401af;;;;;;
d6aaf10652e6b9f7b12b8bdea46df657;;;;;;
2affb472ccd597fd3ff4b57696b308a8;;;;;;
9a31a03e91c56e8d2a0e6212847d07d7;;;;;;
68f21b8d23b04dc572f2532897846df2;;;;;;
77b51772633e328f46cc54f43168dd0b;;;;;;
b8576521232698516870c53cddad52f6;;;;;;
910ecf8210e3f020efe2b80405bb29c5;;;;;;
e97ac8cd124da8d790667d32545e8388;;;;;;
e50d74ed1c144cfe9df304a91498aeb6;;;;;;
e7efaf3768b1f25970ca4accdef7a312;;;;;;
b781467e5097665c7840b883713a253d;;;;;;
0a5087d9a6cc818a1fcb6ed3c49eaa9b;;;;;;
fb92755506c58ae14d4ff4f1c43cf087;;;;;;
751aaafa9876c644db655239db6e49f8;;;;;;
56c78a91bd1bcc7ad2173747747fb7bd;;;;;;
ebb4bb2210da30ab63ec76e3f809f8da;;;;;;
348c6266b82f52e500c1cab468a3684c;;;;;;
5ccb4e1cbb7853e00b297a5e149eefe8;;;;;;
64f107672f99e7d2a33936726e44de25;;;;;;
7d70e11fde6dcba3e3037021f5a75898;;;;;;
6b01ad2b9947a1d6987cd811989e68e3;;;;;;
3dabe6971ba66457c614b13fe89d8a34;;;;;;
f097fb93ab85eb9a4cbbc82985cbb429;;;;;;
a6b118d51793b0a061cc17cf267bb2e0;;;;;;
d9c7ca91cab8bfa081aec33e2da5d0bc;;;;;;
cb1aca8161c0f222d20101e97785a95d;;;;;;
4534b536f3b3716497717fbd053731c4;;;;;;
7254864986e8fd0f929164b7be47fa12;;;;;;
e1b78b04ae900a13d903776f4cdb3854;;;;;;
09f50a2bb27bfc0195e8280ce470d671;;;;;;
94d2cb6160fe9a1db9432477e985e300;;;;;;
d0d98810d72fead80c89b61a5d706feb;;;;;;
ef07cc9c142a19bf20ed71e8e4641362;;;;;;
482e7e92f7d3621f80f7215d9f22ae1f;;;;;;
0159f1454bdb9de05e151b37c786367a;;;;;;
ae1cd369b78e90f646f5700d3492274b;;;;;;
37c275680fce907151525398acdc46f9;;;;;;
f8d3afd6ee8ccffa123e0e9614968ffe;;;;;;
a05eb580ad89a174e0bd219283bbea0e;;;;;;
6bd72657aed60aaecdce7a1dd9257eb5;;;;;;
d7ee44a2e35c03f6f16116a4a4fab3e0;;;;;;
39d359d0cb38b442e0b7a507ee306011;;;;;;
0c7a192cf03699e8ae900c9c1fc55a30;;;;;;
760f2b2fcaaea6adbf9e12b69076a712;;;;;;
abea5710519a40ead77e6444ed6413a1;;;;;;
7fb62001be373e7244534cb9b402118b;;;;;;
0e0a2d5dc8b1c369d3315af7d151c696;;;;;;
4a8085143b0d412370c6000058046ff3;;;;;;
8f319b23265e84b3241e00a60a8463e3;;;;;;
c50a0e437fe2ea47f36a5f72215917ef;;;;;;
ee23430c2fba1c8f708de9333011440c;;;;;;
87b97f6f8dc679398b23752ac1a00ac8;;;;;;
c405aba7b4a7705cd3264bc6b67b2405;;;;;;
84e92203923d5bc16c83e35d630f2eee;;;;;;
5d9f7d15c8df7fd2f33ce4430fb29cba;;;;;;
7b15b9f6e28958afbc445b9770cfa75f;;;;;;
d4bf733bd09db34bc36729624875e4f5;;;;;;
35828a5e097abbb7a8eb083757d10e25;;;;;;
c2859b1dce8e23bbb5a363c5ca69eb95;;;;;;
e72542e4ca288501d1bc3277f9e0bd05;;;;;;
888c733c81df16d962ebcd7b39cda573;;;;;;
e64e790df9959e3400b1ee5121feef5c;;;;;;
e6eee847404eb422254d6f93330bb541;;;;;;
b350cdbc587be2e6a3d0c091daf9cb42;;;;;;
dea5c7fe558e4807bf4b8f8d67788199;;;;;;
d3d5c0cc720ace9410a3528aaee44668;;;;;;
e18eefce5b176fff21c81d07a58e9110;;;;;;
ce78e1a531109a68b858cf87654bd04e;;;;;;
efd0af961142ed1b4ac2417923f80875;;;;;;
ea5abb1cc5cc30e9ee386d4affd633d4;;;;;;
47c7d7039c12b7c6f8c3481b41e3ae96;;;;;;
0702b7db5c6bcdf5865dba75bf59a471;;;;;;
9433bbd64c9467d2fe4c38f4a2f0ed54;;;;;;
04b57d08934fdb05a463e34c578cefa7;;;;;;
6e4511466a76277ff6d2d77d1600a3b8;;;;;;
94bf7b8c5bafad8886a221b5b33f0a66;;;;;;
6d130e422406f1aad6ff00ab09642e5a;;;;;;
99e16750a1329a411ce9f7ccd9b0cf76;;;;;;
0ef425f011630bcdb92cddb753801f85;;;;;;
fa7881cb7ec562fa346c44f5393ffe1b;;;;;;
8ccfd3422694a1863b089e8d2ec82b5c;;;;;;
b2fddefcb7392bf9abfe99f5125b0659;;;;;;
a3bc0f0cc4b480eade2e92c59581de42;;;;;;
d39e7847698e9972e615da56abc54b4a;;;;;;
9e1e7139be35bc585f273dc35151b316;;;;;;
fa12d628db19adc299aa47f68b965653;;;;;;
8a0144158eb7c140a7e8f5ab8b2f41d8;;;;;;
3bcc2218fc52f8fdd347b1f31bb7f477;;;;;;
4e8c6b3a4d647ad589b09239cac36227;;;;;;
6d656e461521c5332713548388d32083;;;;;;
48ac19a94d553cdfda9707c1a2c697ce;;;;;;
5df71571c55f62700ea0f8d011a8ba70;;;;;;
6dccd849dd84892fedf253eb2044d626;;;;;;
6c2e083db40d7a74a7e808586b7e0f38;;;;;;
aeec0a4e60931c217b09d8bf60f249a5;;;;;;
5cbd98186bebdf368ce5caff0ee7e79f;;;;;;
cd03b1cdfcfdc47488a63d36b75bd290;;;;;;
4ee24eb1fee6072d471276549025e973;;;;;;
5b1e07549641163ab30136fc91ffadba;;;;;;
7bb4fed5cdb36bd8d09daeb7e6944dc8;;;;;;
d0a909b43649a1b3df70644c26812f32;;;;;;
33754884426f67f079a87761cc0a8341;;;;;;
3481302736f50c0a640465b5fe015adb;;;;;;
6e36f12bccc4b2a4767ca0c0620a1ccd;;;;;;
35c58749d7488010102f4d353921bddc;;;;;;
8a1752abfb87d0a9e0119a9ed60d9120;;;;;;
1863d2fa4134993efa6621241b37e7cc;;;;;;
79cdfcba16909074d2ddb72cd10c95c0;;;;;;
d62858a986cf3f76066f5246d64ca41b;;;;;;
c30a7dd6ddeb402337d5a5db24af3a9d;;;;;;
c7297880f0a8b40e01a5ad19abeef852;;;;;;
37aafb0a0fac052dcf42565d5a213963;;;;;;
ddb506a413c69544373e597e6deaa782;;;;;;
40ff64067112623eacaf1fc41ccd478f;;;;;;
1f29d77456b9c2a3af597dd45561118d;;;;;;
aff421fb52b49eec9d17a075a05d9832;;;;;;
db812ccc72d7ee07b85cee5832463d82;;;;;;
cf559732ed7f6707b1623a63ef7d3b5b;;;;;;
c5e3df0b49d4c2a610826e169533a2a1;;;;;;
7db2ebb6222a7d744b0a2722593cf182;;;;;;
51f3a1ee7cfec9533f275a78d9f08ef8;;;;;;
d5f9996f062c4213c83d1c691380e76e;;;;;;
753b4ae2d320806a7398c7f6cecf672e;;;;;;
8a2334981bf1a4341653b79755c0e4db;;;;;;
a3905f42ddecbabd9171d8cecfbba8e6;;;;;;
0d62d11e174b44fc2a0b78418ccee435;;;;;;
ca1348fcbf2f497e6ff52a1ee5a9465c;;;;;;
b1e9308d5aef04033fc7ac00e3372922;;;;;;
976d33e455cddb45619f885ef1d932d4;;;;;;
01efd007b981408681307a409a91699d;;;;;;
d06ebeaf1588b9ca0cc86de414b68adc;;;;;;
974aeaa77719921dc3fbc4c78b964206;;;;;;
613011b3ba85e6058ff2ba8e9ebfa11c;;;;;;
39b9a5cc8c94c8a4a0c115e750874e5d;;;;;;
b19e2233c69bdd6819543698def2a506;;;;;;
32ac9e51f15b98c9c23136c97efece13;;;;;;
dc636b1102f0f2fc54ea845e70f7aa35;;;;;;
5746e82f03ea75c5abdb9ff94b5cc214;;;;;;
37932a92f67eada144ba22f999e861cc;;;;;;
f8813e2b80f35b4e1ab773f25e48b65d;;;;;;
21c8aab52369a4f8b0dd353fd26d472b;;;;;;
a9204f7e2a1f5ff839630027ec00cca8;;;;;;
9d19c10eb68d8177158401389ff5902d;;;;;;
1dae6657f4257ccc1e911bd79d9cb844;;;;;;
c782725618fc38dc84481a3f1cda40b6;;;;;;
d9d16cd9842b3eb595908e0060c56bc4;;;;;;
21485b68ee6859d6b57173c72e3cd6bb;;;;;;
9f5506213a5973f42c492ba55362a149;;;;;;
d1d4100b8f9081c1514d3615ed1eac18;;;;;;
9ae7df3d2266f365f2a5db36905714cf;;;;;;
59306bb6363de4d211967317a6893012;;;;;;
3579ecff777a82ff0a34808a693ba7e8;;;;;;
9a60f927d84089f65dca96188d4f1f1d;;;;;;
abf3e64a949ce5404abd417ac1512f63;;;;;;
4c1b549b9cb5fc30a4080a61a856a88f;;;;;;
6087ce5cb222364dc002f2836005cd1b;;;;;;
8ba7207e468d7eb7eabac748bb1c58eb;;;;;;
c06e3cdbe5d1803df674e2e58fe88785;;;;;;
f94e4d633a791b512d31bec25169f60a;;;;;;
6b04324fceb7d858f54989ddc188fe08;;;;;;
db7908b2d19c3b9488862718d0bf04b2;;;;;;
b4f5a6b4a5ba3f4ef257499251b46b66;;;;;;
e4e06d0d1ef82f47b094930d6a546efe;;;;;;
960c3aa52b4a8e01463e62fe6c42a071;;;;;;
fa04e7972ad9a8277c2813204dffc922;;;;;;
f8dfb83fdda1f8171e2c57d397cdeda0;;;;;;
79c7b95cce695022e2c13c94a9f9e8d4;;;;;;
486502ccd4d851c216196602e45d54d8;;;;;;
90a25b62544054b6b35fb84b34f56061;;;;;;
ffb8c27f78aa2778c60a49f08f746cbb;;;;;;
f55674fa1af67b0831d5f5116daadb57;;;;;;
e1533c400eed2ae3560cef71cadc7970;;;;;;
9b607f2cf8938dc0563ac4c6b0c82f26;;;;;;
41b6afc93ce766243dc468561c053c18;;;;;;
5457f8543d90a8045768ea03a3fb4193;;;;;;
ff1cf74cac22df1b01acbc2fd524954a;;;;;;
9fc8c81d12e171d439469f9958dc713e;;;;;;
4c358da542de980eefd550daaec356c3;;;;;;
8d3739bf141bfd5f61d52932c2e59737;;;;;;
8c2ecc4bc61f1032c60fd5c3f7070450;;;;;;
576159e4170f1b836d9bc6d739e01e77;;;;;;
9db315da028c7962d21fb4ece9a28aa5;;;;;;
1d0e2a87727e034ee1d4c78bf05ba0f0;;;;;;
a6521c0604fb690221ff0311341a43ed;;;;;;
e28edae494d31183d76a618036d37d7c;;;;;;
0120fd439d3905abf779ca9f1b7cce79;;;;;;
71d9f7d14d5a2622fa23d1cc256317f0;;;;;;
fb233504cd4c41b7eeeeb3ec6aaa4a8f;;;;;;
e712b7eb6116717b04c3b7158bf9ed1c;;;;;;
6729d9a91394c079f833cdb094d4a5bd;;;;;;
2d9472813bd8076b4fc33b600541ef96;;;;;;
8e7375bc71df62e8fb3dd898f1f49cde;;;;;;
de6050dbad199f88019dbeeaa78fab5e;;;;;;
60cb1579fd5e4dfed47509861cccf9fb;;;;;;
00291f398f5b4a7a251911279e9a1395;;;;;;
76e00a19c6c38536e5ed00981b863314;;;;;;
8dfebbb3534826bd3bb5c3fce5fcf716;;;;;;
7715c6cc9a87f7b343319ee17df21184;;;;;;
f0e369ffbe97fa895df0069df72bd10c;;;;;;
d7931cd6accc5340b552d988ecd97de5;;;;;;
50728799ebee6af52ed999c2b542942e;;;;;;
cdb9f9f52f6a4c9ad8c4c279a319234e;;;;;;
9c143bb297a9b9322a253931ef43b9ae;;;;;;
e3cff6090c1d26b78c84c16785a0a6b8;;;;;;
002fdc20e531329357bc380123b9ad9b;;;;;;
d25f5789c1ca497b7546811777591c90;;;;;;
ead6a1adb021ad4591a3e9d10244c69a;;;;;;
fa24e0d93f4cd83c1b6fbad4c29db7a0;;;;;;
096cfda3dc62acb8967c0c72b0e1ba2a;;;;;;
2ee98e9fb5f745475cc4227330f44956;;;;;;
94b8014c135d9b7c67e11a58816d69ad;;;;;;
ef2fb4f2ba7be092054705d4d511e682;;;;;;
bf09efedb47bbba323551e728acd211a;;;;;;
e5e4fcc52227ce59f92b207a82313998;;;;;;
fec67ad6fc4c12d46531f222ff74acf6;;;;;;
867ae3b052f6e621f48bbb87546c4fd4;;;;;;
587d17964ba9d75f1509064e4b29b2f8;;;;;;
f01619a96535c5e2d99abc2c697762ce;;;;;;
0e173b895f6e49979fed5e595159f1fc;;;;;;
c16ffad44e9332c2b5525f185579ecca;;;;;;
85c0057ff9c4e4dd6b332ae7779f3c7e;;;;;;
e71bd01e8ff6bcb2e950181384b2b734;;;;;;
cde50c50c5d27e63ddbe1be22fc84717;;;;;;
bbe20f13a36bfb46889bb1e0581a3782;;;;;;
92e7ecf4ec6c63a08a2481ca71eb1d81;;;;;;
c43cbfb40276597a5ebd0390c2dcc698;;;;;;
b4ca191bf641b636cf9098a84703f11c;;;;;;
81b5355b7c66c8119ec981322c7905a7;;;;;;
566b46a6d114a280b9e561b957331257;;;;;;
5a909c0b897f6e0e06608029eaddd3df;;;;;;
a87e4962a7677b05926ed3c1d104aa51;;;;;;
399b84491b95d4883a6c176dd0452cdb;;;;;;
53117bc7af4ecb6a53f68be0dcf1debd;;;;;;
6bbd0fd70155eeba002e078762c137b1;;;;;;
942936e0cc3253d83a1a0c2cf67fbb30;;;;;;
b5bfa06465d6185cd7e5734cf8da7f37;;;;;;
3e0bda7151060419342273e5dab6b518;;;;;;
28504c49f145f59b84d7bd0c9c7d012a;;;;;;
760bd2e341242f617ecb46c23f33b0f5;;;;;;
28c1c94797e7f800b3453b9349772b83;;;;;;
848d6295b130b26be5e53366dadbfd72;;;;;;
4767429afce54cecd96abfe4edaa66fe;;;;;;
f0a239b874d42bd6d3c1c29cd72fecfc;;;;;;
cb69140fd9e98ffd124a707575535f86;;;;;;
63534cc40a214ba3a4cd424619540d6a;;;;;;
51da872e3836b3e762b79c27f1ebe968;;;;;;
741def680a11d867849794f09f7556ec;;;;;;
fdab82e4c4c3406d7eaf78ec65f6f2da;;;;;;
03810430e0efb730f8c99535b201b043;;;;;;
274a298314af88284ddf29b679b1bf30;;;;;;
29a4ca3bc5908c74c3e4097c07cbc0c8;;;;;;
75b8fe26e2d6fe98f45368eb12221a3e;;;;;;
577094234270b3f854ef8df2d53a7399;;;;;;
3220bbcd6fa78a75eb62fff9caeb938d;;;;;;
9f9bab9a028c273ce37b38e5206a5cce;;;;;;
a74ae3ff2a4989a19d7864d6fab22d43;;;;;;
4322f873e16cef6109585485fc09804c;;;;;;
9877f3145c74b7fd8780826f700aefe7;;;;;;
c34d2bc624974c71758e7d22f19d3564;;;;;;
adfb14161a9a4e20f9883355deb1119d;;;;;;
a667cacc73a6e1e6d4c64828ef5667b2;;;;;;
b22a57466a7e949751747829e359d45c;;;;;;
808270fa5a86b8d033a50eef8d8bd844;;;;;;
ac85baf8f2e2b19ba738b81eec036762;;;;;;
3f3147fc951aba247820a719d57a0c9a;;;;;;
dc3bedf617f9667da7776eabcb45f31e;;;;;;
b82c1757acd15d9bb556e954b1421d1e;;;;;;
5a3829dcd3b90ef1708b8bab061c602b;;;;;;
5ff51d8a31120f3cf06d3e7c03bc72c7;;;;;;
4fb4a77e045e07a14c7c900b2cacb0bb;;;;;;
06494c66350b631d06cf359ef6bfac6d;;;;;;
acc2a3ecd953752a8ae5b58809f96493;;;;;;
db1ab96d9a7082381a7086ba1aaf32de;;;;;;
2b58723b6c46833115a43b1217425d69;;;;;;
8e9cc819ab240b5272bfe186f6d776ef;;;;;;
864420adc41f89fbfe769ea88b8a615c;;;;;;
ba59f655857431f49d9e5b0d3c66d448;;;;;;
3abca8a7236082467a1bbef47fc5f923;;;;;;
600cf7ba010d350e283bd97b538ce7f9;;;;;;
587136ef5888e704bd16dc69ff8c54fc;;;;;;
e981072081aca1cdcf3e5c3813bc404a;;;;;;
d3240b0662e1125a1543aebd2509dff5;;;;;;
af18b17b78c222bd88c82ef4697e8b63;;;;;;
898f57c2ddc7fd910dd7201c084ee536;;;;;;
919b010322bf5d4c752f8cbb086dd52b;;;;;;
1eefe7c80cb27e72e4fb894524b77d67;;;;;;
7eb16ebc6705d22b3c8961896c98751d;;;;;;
951efbf8d8e113e949ce272711416c16;;;;;;
de2e3ab0ae9a58f02ed261d4f44e361a;;;;;;
a8714fc2cc9ead5804670bbf1e2c2758;;;;;;
71fdb6d92fe1b7aa854ad671c37acc7b;;;;;;
d4f8406055cb68e8a541fdea74d1b26b;;;;;;
ba6cddf7ad2a9b5330d7d5f9b1bfc25c;;;;;;
5c14f18c8c801c8496a4acd89e6fa8b8;;;;;;
48ad161f743ea3eb2274d6d5f8abf607;;;;;;
99787069c82ecc941a0f0e93bd90ca2c;;;;;;
0958f1eedc17d2bea129b6d7d4fbd4e5;;;;;;
4749f9c19b9816f687dc39ed1158f179;;;;;;
f4873972cc9530fb34c5fe345a050240;;;;;;
ff5d449b6de83a61d6889a35197520a0;;;;;;
a8a0865a88c4d1a4e99e11633bc2715c;;;;;;
f0efb79dbb757df0e67ee9b14c531938;;;;;;
3f8c0730797c67c7917b82cca5402f5b;;;;;;
3edf5d1ef4eabe86efbc569019679b34;;;;;;
d4d11d086f489799906c5463b1a554cb;;;;;;
c0f1287d848141df0465839256c38913;;;;;;
e2981d6a91713e64c915335574e23ab9;;;;;;
55122795797b368b2dc345d76c47bb65;;;;;;
d176ffd4a8aff78b9b9275f9c88c28ca;;;;;;
843f4b34bd01c7ee93603427e95bd6ca;;;;;;
66d68bf6e0a1af0e4a56cec2377103d0;;;;;;
f1a7d75b138eff3a8ac7c53a5633168c;;;;;;
5875c394a3818ec00d72c0428f88ce0a;;;;;;
08feab80c1f28cdaebf365910b3149c1;;;;;;
cf5a200bef7eff2b63b1f102e7b533af;;;;;;
cd3d279acb6f1c2bc226faa1c54cd6f7;;;;;;
345f421e15f1845377e3f9a9f846012e;;;;;;
b3f9a810665221529d9d90f8706154c7;;;;;;
ab30dc26cb9f995c2f7dc08b83e56302;;;;;;
b810bdb96007c2b015bd1704f5a91ba8;;;;;;
dd36f7c01e0dbe4bd4c7ba64e473067e;;;;;;
bccbd5ba1dbf99ac595a08e889117171;;;;;;
e4c5ee1cac16568d902c80b46f801520;;;;;;
75bb766e6eaf63c44dda932d1aef0231;;;;;;
83f67e7f17f1ad9bc676c4ffc136cc2e;;;;;;
a2b2769d07a0ac1589065a37cbefc7ef;;;;;;
6d6d842dcd9785dc013baf786cb07deb;;;;;;
9f42d3d1c9c44b7a26dbe15f05d83bac;;;;;;
733ef50f5dafba1c248ae3c242556418;;;;;;
e139fee7aec0e6e2e816b38b9c53aae0;;;;;;
376a7bdd03a52c27c01dfebe8c78b120;;;;;;
1b7f90f7221cee09d528bcfd820a3242;;;;;;
8ead6757a9abc285a27d747c30aed5e0;;;;;;
92cf16b88ef84310b7b400f7a35e587d;;;;;;
ea6b18bfa5e11dce14835212427880bd;;;;;;
243fbae0f855f78eab9035bd8b52a18e;;;;;;
659ee1d7cf6b9f0214ad942e1526c4a9;;;;;;
1bf4925e9943402a12da510726cb7d34;;;;;;
88903148e0f790892fa48095ddadf6c3;;;;;;
0704d36d1c579f528c68e25ce8f4feb2;;;;;;
7b1a444af5dc0b9f4490a506b4e1b026;;;;;;
cb35816af9cbe2372116da12501399c0;;;;;;
c51a095dc0c8662366407b76a9d2bda4;;;;;;
fb7e590473f4d8c2b5a689c294a4bbc0;;;;;;
2c8b5e224f3b38d731c683f2faa3d5c0;;;;;;
1ba4509c1b9d3785992e57a10ed265aa;;;;;;
09a0061f309ff71a7cca2a0e8833063a;;;;;;
b9cab3a5511c2ea4cabe00ddb44d02fb;;;;;;
1e6f0f26fe056162a3219ec7f2e37dbb;;;;;;
fe7946a73ce3af600ef9e972745f591d;;;;;;
5935032e5db680ded55016fec1ea247c;;;;;;
68bc250df4db1d742aa581540571770f;;;;;;
b6be6d123295e8ffa499bd1e09d5a9f8;;;;;;
e48dae7fbd85733fdf857649747a5ed4;;;;;;
d333a57026d2795af7a9927fd952f285;;;;;;
c6d6947236afc71b651c6f6e59fcc583;;;;;;
fe6d44d2256a805a21feeb2c1b6bfce9;;;;;;
2707d96774af297c0be047c8c9219c97;;;;;;
a51d2160ae4b5ad6b733e3e31ff63a1f;;;;;;
f9d948f8c713c22da07080572d8b9c19;;;;;;
fdb200b081fa1ffefb58e05cf083ead1;;;;;;
914adcf1a8788c5ea0dbf91a397824c5;;;;;;
4e21d6ae665c956a4d6024ac765e2c36;;;;;;
c89d2ea56ba7fad364126af04ef396d1;;;;;;
c9aa498f7d22d1ef0c9bdaef51483984;;;;;;
1d5d9c7e26d71764b7ddb026aec06bf4;;;;;;
3f058f32d3d4776c41a87f73c3d41ec9;;;;;;
514f3f7c27d3c503d81a5eeee9c2af2c;;;;;;
ad8b9933ce49a7569f4dc518e4756561;;;;;;
84c17aac5fdf6815f8f30637fcdecc2e;;;;;;
3df3f6bd1fb6d6aa05b0eac7aacab733;;;;;;
01a18341c7ad3927df9628958d1636d7;;;;;;
a1355fa41c963a6c0efed9bd35f10f3d;;;;;;
ea2949c5bf54076925ede4f01da300e7;;;;;;
22635c74f74f334e2b6c718e0616561d;;;;;;
5ada24da56d4afd842059faa6de01238;;;;;;
f598df3fabf6fa16c0d06a2aed833a5c;;;;;;
8075f8391f4410a74e7fe6810ae6e315;;;;;;
542177f3c2302eff530f8c6505a1c12e;;;;;;
3ae834233c055d479837a0b0dd971b1d;;;;;;
5d43fd447ba67809e481dc157f6f3221;;;;;;
721aeeae24b5f0d3352df115952a08b9;;;;;;
a24817bacd10a8ba305fc5df6da833b0;;;;;;
f9707246d96dc7705d6b27bd3c28f5d6;;;;;;
54b372cddc433cebb67763c970caf0bb;;;;;;
26cb6759989617ef43b1580a8b404887;;;;;;
9e3718cb250c1802c199db52abede3a3;;;;;;
82c5780e4bc27907b1fd05facfaf126e;;;;;;
2babcec05ed925f6d85bcf3f6c65fc4b;;;;;;
867e72ff0e284aeb593751a395a6e908;;;;;;
d6620103118b5ade76acc2e79719dad8;;;;;;
a7284ad5a856694fec58c524a9eb816e;;;;;;
a69a28e063f14c49196ad69cffa385f9;;;;;;
b83b742596ad174063ee0d1d3ed2ba23;;;;;;
29bb5bfbaec7440a72a5022b306a037c;;;;;;
b48a658a4b17193068754623637f7ad8;;;;;;
7edeff1d264dcc760990952f2cd52697;;;;;;
df4d8576570f249ce3ce33a710bfc61e;;;;;;
26bac3ea91b751c38c36f92a9fc9dadd;;;;;;
949f6d09f37934fd34f1a0c657eebc9a;;;;;;
fa2585e545302c3e1c88eee68b6695c4;;;;;;
e12c8cb656d169a90c625c53c7e03b93;;;;;;
08be2192d46828dde04d7dd542908fe5;;;;;;
0474d068ec09e9f01db367bcf737f1c6;;;;;;
3d80d36035f36ffa8fc2be0d12713cdd;;;;;;
c1ec33f29ade3444c29d58db8c4166b6;;;;;;
2344a6a9797d132ea816b86fd9065a90;;;;;;
aad222ed504ebf0b49307edc1c781b01;;;;;;
d64f85ffed8e6bf29225255a76fe955e;;;;;;
3742668df3ea47c377916677d31a8323;;;;;;
97d282953ba7c8014cecc1c7204d5c76;;;;;;
e57e0f676a6f6a90080e4265ee0a6679;;;;;;
6a656a08eb9d92c719992adfdf364c6d;;;;;;
c3d046f5c881a6e083b17b90f86b4176;;;;;;
39fc23468e41ae17b1925fc61a81562a;;;;;;
786fbdb56eb1051dd055070861fa1010;;;;;;
e7315d47911991466122e9faa8493d15;;;;;;
e57ee0ac008d89cb27c7f04e8f17170c;;;;;;
19b6a3af806005940f27d809a9482931;;;;;;
33b3a0639762c8d69d757686a0a947f4;;;;;;
b4feefa5d88f8ccf9819cd5dad77957e;;;;;;
18b037015b435a23ba833ad835b3bb2b;;;;;;
eb322466310fb6bbbff5f815fa890999;;;;;;
94a85cd6b2a282fbc76fa1f796129adf;;;;;;
cfa063a27abc9604fdfa6b2cdabe508a;;;;;;
b05e6ce956424e4eb32d3a1069109bd2;;;;;;
f4c351bda1d2d9cd66f3d7c9db510652;;;;;;
d840a44b367f31c03e1d380536b6d977;;;;;;
a56614d1383ffeeb328ee3241191e2c6;;;;;;
95392442ce18d61b0dbecef2cb850f94;;;;;;
6c22061e022ac371e1fa72eca984b4d3;;;;;;
f42d01f157c37a336b78d155a3695639;;;;;;
178988b5fb6e6ccee2379cf76970a660;;;;;;
ff2784571b4e81271c24281ffbaabd46;;;;;;
530584ab4f9af250a9cc7bd2b609f096;;;;;;
f9e76d509d0eab1f770b43f25963a337;;;;;;
4982d7cb148a856a4cd1cad2cefb30cd;;;;;;
d515fce22f704f7a6be008dd20e456d5;;;;;;
0ee9ab2eed0e5c0fc9adc38eae4f0736;;;;;;
c62f5339c53e34925e0c5c59ed8d94f6;;;;;;
9cbe2337ccc35196bee4b40fe9ff5df3;;;;;;
5bcde444b94e3e2a1881198c960a064d;;;;;;
0a58ac0a9cc4b219d6586cac1ad7869a;;;;;;
cd4552297039ae9a10faa76fcdb874b3;;;;;;
7b6f3a63d4bbc6de5a26075a8a639838;;;;;;
6812294a13b700fdfb9bff8cf40282cc;;;;;;
287daaff4d1706cc4cea0706a614c181;;;;;;
34142d890f1b4b731ae17f629fabe991;;;;;;
3b138362b828d63a731a1272c83076df;;;;;;
71a20390994ccea58b2be872629aa092;;;;;;
287c922c4d1e4c396eadbae8784c01f6;;;;;;
1e1be117a99db0c31ae6df10ff57d9c0;;;;;;
2f280b02e5faf624500012729178be3e;;;;;;
23c01d5abe18c63f17af9975579a8a73;;;;;;
d3cd6160a4ac76588941a607fe60eeeb;;;;;;
9269cc33c897ab271c8363437090c969;;;;;;
48be18d5e7086d1179089a7a9496beb0;;;;;;
ac257c88c535dc2db9447291d93b8de9;;;;;;
98faabe28d4abc957631fd7f7b0361f6;;;;;;
9034eb69979c8f83a637f33fcdd5023e;;;;;;
95eb3c5c4ab5cceeb8848e482fd77be1;;;;;;
0869b3d7bfd1e93c0eb3834c5cbad6c6;;;;;;
2522be8a08295fd172496ccd58aac2b6;;;;;;
a3695b3dae5af5ee0b36191381397c9e;;;;;;
05895e8b713ef391fd6ca863b80bb082;;;;;;
46f9b4a43f5fc69cf4f2482e90f7b521;;;;;;
357f23cbac880bc3ad09e1f68aa86248;;;;;;
327648a139dd85446232bb0c7b8fccdf;;;;;;
e5a303274e56240b25797d982c91e8f3;;;;;;
24476b6af93949f548437392621cd162;;;;;;
c4e04df5e82a8eb4dc3014cfef86a90b;;;;;;
f4ab578107547451c8da87e9c8e73bfc;;;;;;
c92c5a3112f578ef564388167ced4681;;;;;;
4dc6d842286d362f4a7c15ba13ef1629;;;;;;
d9d3dd8b813466e554f82be1f4805bc7;;;;;;
7741e39acba6d425b3e11a6dd31cacc1;;;;;;
8b752fdbea1886c7d62ab0aab3f66ea7;;;;;;
0b808afd89c85893924e08c798cb94da;;;;;;
20f2b697dfcfebe0e17193b66d64767b;;;;;;
1cf204a58dd3b5c8e93d93795c8f48c2;;;;;;
30c3d56638df3b2dad9e2c0c113da2d3;;;;;;
1c14957b40a4fc17406cf277534a7fc5;;;;;;
4556674aed328b5a4d02c9169274b587;;;;;;
20dfb31b7f6a3d83a79be7e4a20a979d;;;;;;
e3e85ff194c419a30a7695d91b2134fa;;;;;;
db65e213a0826a6d0ae5cf4b073a6554;;;;;;
86d11a144778cd7635390f6d8d46042f;;;;;;
44a474f3d064be129f6ee3bb31d35910;;;;;;
3010e384dec23fb01af26cda6512397f;;;;;;
9443c5fa264b3aeff98a07bddde05288;;;;;;
6723c67472bd149ad6357d44d9e99aa5;;;;;;
522fe7d7a950209faa0adc6819d88865;;;;;;
825f02fae4d529c550aa8619fe4a0559;;;;;;
319acbe3b0f866b2bcd9996c23b202f3;;;;;;
d942dfc30e6f72e56a5188b173ad1afc;;;;;;
651ef329fb6ad63ea3510c0bf244599b;;;;;;
fc503690d14a7bdea6d3ce63ecf8a763;;;;;;
42e4ddf78c1b13245ec14812b2b64bb2;;;;;;
30e09fb6d10a134c51786c6dcd26bc24;;;;;;
7d0759dd96d6d1b24093317f29c4ed14;;;;;;
06d223c74d6782b321375ed8247575f2;;;;;;
27cf169b2a9cb1c8b7d3a2e32928f36d;;;;;;
8b2b6e1e7d5554c2857e93d3e62e5bd4;;;;;;
5bf82bc032a511e194a73033df5c1683;;;;;;
125e13a670a4944036fe9e0b9ce708f2;;;;;;
123f7a5ba28124d27690da8b40ecbe88;;;;;;
f22b104470effe6ad661e434bd12eca0;;;;;;
1d2b6388861ee09e6e926775fe223a16;;;;;;
13d035510ca2ed0dec835f4f97b2c974;;;;;;
5d7fce872613fe2730e21bd2a856483a;;;;;;
bef31a2efb746d80abff173a3c64ea3d;;;;;;
421959c4ff44bdeff71b70943d339e41;;;;;;
c0ecd840fba6733ad1b8444660d45fa4;;;;;;
c2fb6b375798455770e41ffaf8206cd8;;;;;;
18e5209438686b2f3c9ca4556d73629f;;;;;;
1d119f7c34777cc9b18d17118913be6c;;;;;;
b5cf4d6ba129583c15996d8289dc6371;;;;;;
cf47f49368b8271a5327703d286be3f5;;;;;;
58a7f153c4f73bc75f34fcd7b2ebc5b4;;;;;;
ef03d2bcfa56cd8058bef2fff3df3b6c;;;;;;
9491ef2bc49baee58083ad37af718acf;;;;;;
d57b41f2410164b390550def8d49200d;;;;;;
58710d3cda9864a5e3b219438d16caed;;;;;;
426bb51a884e105dce149b59e4c9c3fc;;;;;;
5774fdc7ddf6889e6c1bc6bf59111067;;;;;;
44ec7633cf78c980537072c51565af76;;;;;;
113c18ad68e44dc20d3e96b4bb0b3cd4;;;;;;
e3fb82bdd7cda8bdddbd32d1c3374a37;;;;;;
f6eb32b096d5de1d3a1d50f29a41309a;;;;;;
4533b70bbf5ba3235d6c13f27a07ed80;;;;;;
b427f9c7dfec3bdb7bd4441c65652864;;;;;;
a926b6fd18b32ce9701e1e6919d02101;;;;;;
cb543374310fb6b5d52563631601a6e6;;;;;;
545de6afb8b09152deb7adf3afbbaf68;;;;;;
bbe038708784a54e44faaca09bf9b71e;;;;;;
d80c07ac412aa352736fbe449d9374a7;;;;;;
59d17b0918cd03516ab06c0524b06777;;;;;;
4bf6be0234b8f18d58c672e148b7d856;;;;;;
1d3c78dba60d050e32cf21a3f05e6bf8;;;;;;
e317b5df5f20c40ac07f886c96048e73;;;;;;
869f5797de0d78d20f2b8c7b08d78b77;;;;;;
7c967954c7c9d0e84834d92dad77c1a7;;;;;;
fa56a9f554804a1fc79f76c8c238c989;;;;;;
234f4fd1bc1ed2f0f50e67a740f9fd5d;;;;;;
4cbfbdb99885678f88283878e25a13c8;;;;;;
4baaf059e0eadc46d7e76254a7fb4c34;;;;;;
fcf0d61fb6b6ab70b9bdea760b361c9d;;;;;;
53975f7ee68ca10fa0280e997534a021;;;;;;
e49898ffb3df03ae9413400d737bcaa6;;;;;;
bc6538eb8b291b05e9486a7239794703;;;;;;
4c4a0583e6401010c8adfe44adfc8741;;;;;;
273b7290e59175e0786e42a20eab37ee;;;;;;
aab74fe2e2d2208cadedd53c9ca9f58c;;;;;;
60815eb980c24d0e0a765c4b33d0e9db;;;;;;
2380e230379b495b172e8a3f6437b06d;;;;;;
a13c0f00332526031686fb108e686e22;;;;;;
ab8ca0d08f765d891cc98a2451290eed;;;;;;
71751d47fbbc6f46e627ce1b62eca27f;;;;;;
eb08728df21e716903433c80b0cfa795;;;;;;
730e57ae640620cc11afe320b1ae2919;;;;;;
45eb6f601e8be6885b45a0cf4f901376;;;;;;
1bfa7f5e9fcfaef1f6ae9fe303b241b1;;;;;;
2c9f7f4e16009fb2d6e6146ccb05b5ae;;;;;;
2cf8ab9cbef1e01c2334a5982d8c2527;;;;;;
fa41c65d93e407bada75ff46c1df7c08;;;;;;
0955fdfc29570d44cda89e2beaea1810;;;;;;
c89e6ad16fcb2ef148a3fb3ac9f99805;;;;;;
76e2bda3d956639fba30e2ac09af6d0f;;;;;;
6134516a0eb2498079e64043d9f92d74;;;;;;
a49f1b948557eb8b72b661196855bb3c;;;;;;
a60c1f7db920fef7b111e194d1acb54b;;;;;;
7182f277242805807ceb19bf486780f2;;;;;;
c67b391ed2369c7828e2d7848e0b3269;;;;;;
c1783a140d1e6fd3ff6b99b6be717a34;;;;;;
158158f7ac8158c8e9ef3ab34ecc05ce;;;;;;
64208f594bedbb6bb8140285bb044867;;;;;;
9bdcfdad4cfaa5f5689e40ef17a92b89;;;;;;
0e4f6a5fdba6971fdd1e6c5b561fc3e8;;;;;;
3f9aae74d0de60c0d4dd084721401167;;;;;;
4052eca929ce3dea95f3f91bbfea4841;;;;;;
debd0ff528f07b2876297126d144796e;;;;;;
62ef1e1813afa13777d61418fb7b2d20;;;;;;
69fba1024b6d087f8d06cf2dd8173ab2;;;;;;
e820041002313e813c0cf7fc35114a96;;;;;;
37c8747fd42936c9350efef0c52b0503;;;;;;
e552ebf3307d41788b2bdfde9bfde7b6;;;;;;
ab0485cab36d015416e368956c3de87d;;;;;;
5213dd998116dd40547b452db2e592eb;;;;;;
1e4772b15536799bad4f57ff5e495530;;;;;;
9438bb31876b3fe1d66f6a654273172d;;;;;;
9bf7f55c182f7b8c73fb2e9263e251f1;;;;;;
ac480f32101157613d3ea602c514d723;;;;;;
138c34f0df96d937fb869a07a4949528;;;;;;
b49d3ce48c62a18f72ff320337968f4f;;;;;;
8a382dabbb66a88d1d37fe8c2e8a4973;;;;;;
c9a702350319b50538d9e0552b2a46d6;;;;;;
bc24527efd04d510ed2d0993f0f225d5;;;;;;
c1aea74f91b6322387069cc37a9456f1;;;;;;
1c040ed6b7d8a24ae32151a8c914f77e;;;;;;
961a75dfee4eabb4bd3e8d43b60d9c6a;;;;;;
cf22ce105f108707537ca05eb825a5d5;;;;;;
cfbe691fcded2fad13b87b18e93cd5fc;;;;;;
dfcbf29fae41518a4d94501ce6caa524;;;;;;
60f8689d1cabfb65a427e743003e79ec;;;;;;
cd35ec458ea829548d35b535a31c5862;;;;;;
052d7f75c8e4fb5773f36b5778ec7248;;;;;;
860e72eb63593c8ed754147f509554ce;;;;;;
b70839f9cc6acab45d5fc2503d5293e2;;;;;;
02bd16c601dd1b5d113302857e564a8c;;;;;;
08c102c127dfd50787e37b0e15bb4604;;;;;;
65a177f89006ac49571616331a14aed2;;;;;;
519fc9ec5107feca08ea8185bd0789e9;;;;;;
66fd6780555d4fb7acf2d797cedb377b;;;;;;
3a113999934f549cdefdcf90700c9601;;;;;;
0222f28774e668d726152a6bf573af1f;;;;;;
8708eed84548ea7c1081b9ef4f8c1471;;;;;;
292a54cbb46f38a53a5306fac6502744;;;;;;
ca773fa9acad4a941e9fd9349f956ddd;;;;;;
a93c708726055aad6b4e6e24a393bdfd;;;;;;
ea691bd3448f92d77f65ab40c9a518b6;;;;;;
b244ee32a0f113dd81e25b69e47b3a72;;;;;;
ca67fd10396ffcecb8312c932f2dbf95;;;;;;
6d0dbec7c439047aef25e0fe38d1f135;;;;;;
32ca90a2c4fff821d04ab1a9985bfc6d;;;;;;
907dcd2b82eeafb9826042f9f7ba9032;;;;;;
7ece129eb9df75fad883e3fd1b368bd7;;;;;;
5d99298eab3a7a314a92a8e16d4b3875;;;;;;
f7f011f51e3c22fcbee1a1db46887759;;;;;;
5b4511b632d908fbe0efd83bd7fb6a0f;;;;;;
9351f0b4bfd55b1be959494f166fc529;;;;;;
db814d4e08c6e1194acb60cf4dbc1b92;;;;;;
85ac07608ddb3167cf8dbde1252ffe64;;;;;;
8d681b88bdcf72bce0b97789053cea5c;;;;;;
8cda661ef92847d28c80fa931211d7b1;;;;;;
65d12d7a7806964e5664ed6047197bea;;;;;;
5ee3293c9f1e735dc390c2600fd712c5;;;;;;
40a0d620b50f1e473f57905da9e56831;;;;;;
4168c4675609bee42944fa0890e25914;;;;;;
ff29e08d953458cf16d759799ed8bd21;;;;;;
94eb4d24ad3280ca88e5c82736cc4c59;;;;;;
1c7c810a844fe398b2b1e8b7589ad749;;;;;;
8c5aca3a21791c7cb489d282796d5d18;;;;;;
0e2ca990cfc0eae86f692c942f9a845c;;;;;;
0db106dfe4fae96a89d375532c556062;;;;;;
7fecba78e449e31e7477e4b5f2e6c183;;;;;;
796a31e484f0f833e36db61606791c39;;;;;;
e550edfb89d845b5f770c9f59a59ffe1;;;;;;
128238a19974ad369398a131005c5ec0;;;;;;
479bf0417036e7ea2030492d2a3ec358;;;;;;
59b344b8385ecf2c0bf84b6f28563121;;;;;;
b35a17b1351e9849b540e0994fb1ac01;;;;;;
058a4ff3f39b7a538fe191b34c735fab;;;;;;
14ee578b38b78c92ed9640d6d7ceb3fa;;;;;;
d16d797ce6cf570423ba0a272611c854;;;;;;
e4a128c89be774a001d94629ead7f5d0;;;;;;
cb7c7640254e30028f2da73ce5842066;;;;;;
95ec9cac9b4e1b7a04230d89645ab24c;;;;;;
9ca678ae60629808455b2d58c00530cb;;;;;;
44e697d0239e081f626e7098f3634eca;;;;;;
fedced0a1b46446788f4e096ee7db410;;;;;;
bab1e7914f527776a82e53e8dd2afb78;;;;;;
298e4e4875690c36bdad4ee15f6bced6;;;;;;
901de69da29f6c9e05c9468ac3d31a2f;;;;;;
c94cb84683619e57c623a928d54cb791;;;;;;
0015f13c143746368130e99e522c660c;;;;;;
3c8cc341067925596758762c25b0dbd5;;;;;;
ec08e5c80a9e1063d785977224bdd92d;;;;;;
23d5dca816bc325ec65f2bd1fa8222ed;;;;;;
ed584001df736d9a9c0124573bdd988e;;;;;;
0f8ea2e7ef1b832e50fdb72038e4321c;;;;;;
24f9d48b2d3ce79dfd51b85d32388cab;;;;;;
e53f6c11c449f9ca9ad6646966cb3b95;;;;;;
169d908dabe92a3c6e5f2435e74ab08d;;;;;;
a71554185f3ff5865036ee6883881363;;;;;;
52d650ef42001f602928606dc298b429;;;;;;
5147b6debe2014380ce016dd92f27de3;;;;;;
de66263808627cd40d5011d1d87fd2d8;;;;;;
34cede89ef69fe7fc13a4df9f151c251;;;;;;
2ec61060fd48a6c69f8a569ddf3e3bc4;;;;;;
2243f246b47778802141182b8edf19b5;;;;;;
8d73b444b628438b99af92270a79b641;;;;;;
7f0215ac010fc290aa3e7e4fb0549542;;;;;;
e87579607b1ab10e027df991221009b9;;;;;;
21e4dea7688f6221c6a6a78206ba79ea;;;;;;
07c5ab0aa8e7742c581a39ac072d9cda;;;;;;
597397cdb64339f849eb2dc87fb51116;;;;;;
0fedd7667741729e4de92089cf6a3521;;;;;;
74dedf0b3e0efde8721a05f72feb8ebc;;;;;;
c030a45b03f1bdfdf71643e57142308c;;;;;;
043c6b1b00af00ff4b7723c69808c268;;;;;;
5793df2596e537ca0d8805ec1f2cd399;;;;;;
2ca0c97626f1f1f5aba55840dd443cac;;;;;;
0167cc0c2ddac9823254a1fb0732eefd;;;;;;
84cec4c3e9e7621c0a0992cb0aad8c39;;;;;;
9e0146057f80fa578bb4575265d514ad;;;;;;
c6bf8db0d6a57b66b716780d6f09f304;;;;;;
364f12de98672308ecf379ecc2ab625b;;;;;;
c1642123d86df90eb74738c98146c3d5;;;;;;
cff610f9c71d678fa48749af5f583fff;;;;;;
d37ec2a23e52377bfc9073dbccbd06f5;;;;;;
7e7acd503c3b11557f600242f434dbe3;;;;;;
3ca32d897da108f4c471445dc73c0751;;;;;;
c0f54c408a7114ce7cda0ec211691bcc;;;;;;
f131fda452e6c35dc052a3d80d6df2c7;;;;;;
324d3ab4d3ddbdfa340bfbf7ddf38a96;;;;;;
d58102ad39c26e9467b44cf6250d0d64;;;;;;
6f94705e3b297f648e4e7c90d0f670c5;;;;;;
af901803a2ceb732c96fd0f7986402de;;;;;;
7f31f2f6074edc641766de8175a7b533;;;;;;
12067135d3a2f4a629f12204c0d4361e;;;;;;
c10fbfaa623c3af5ab3fb8c65f6e747e;;;;;;
a6e8d05ce17bcb87a8710be6e78cbecb;;;;;;
4f0c212518566ae14a9d417373fc506c;;;;;;
b7e1bf906578a32164c9a934fa057ebd;;;;;;
242600696c64b9bfbf7d64741c1a3edf;;;;;;
5cfb31a395e34d3ec8726756aaa1897a;;;;;;
d7ddcb3d2fb4331fa4b43c37b2fed0ac;;;;;;
5805b8949684c31a63370025ebf7eba5;;;;;;
4fe1975f00ab9314a5e58b63ffda0142;;;;;;
fa8e2852ddd59a2dffa23bf09d187f12;;;;;;
f689dedaab51fe1661d14be2671afd1e;;;;;;
bb3bd1066c469c13d807a4c33a8b27eb;;;;;;
a042b41c0b51faca346ccde61c101b89;;;;;;
8dd6da7da4f6ad4a68f75734c69f1296;;;;;;
8fb95ad24dca11089be5432bbd6cf9c9;;;;;;
ce49ce15fc2234facf6f60ba25a63ac1;;;;;;
59ee766fbbade783cf9228e41e33f42f;;;;;;
ecc26c7be3c94634a53c5b783911a29e;;;;;;
1e40ac5e594a47d6519ce0cdf048dd03;;;;;;
ade2579e6376169248efde97780626fb;;;;;;
53cbd35d23c2de8bb6ab64c31f565403;;;;;;
9919bd4f68ec4d400d0f5c17ce46b3f5;;;;;;
cd9e183b359344016c3ad464c3301004;;;;;;
641724e0122e9565c203a8f144eaac3f;;;;;;
f565e94fda37c46f1f696818ae5f1be0;;;;;;
1f938a7807d93aa1ac4173b16dd29e1b;;;;;;
71a921519d935a065cad75c28e6a58ac;;;;;;
5c1160b5def7405f0a1abfb6adbb1282;;;;;;
0aed9dea59270330ca80538ebd4cdb66;;;;;;
4ad39d3752e70450d91508ec5d352ceb;;;;;;
4cda4706592c946d58811728e7082c14;;;;;;
157003800afb3d0afd47824151dea4ad;;;;;;
c3c9ee8f15d97ac767d8f871f0e638aa;;;;;;
882f18bea62db538f3ab0768f68d063d;;;;;;
48d885306b9d6ed7f59269bea6d319b8;;;;;;
b0d12e52ba9338ac8d783bba76671bbb;;;;;;
2d3c6dca51269c7806327de32532c135;;;;;;
31dcbc277662aff35ee218f6a3a0f837;;;;;;
f40a2ac6772c7315523ef4abe88f29a7;;;;;;
b0cf22bd2a73a315f7d319aa0cb82547;;;;;;
e6a6241d4afde7f4ba1546cc414e17fb;;;;;;
dd852c71693fb0f75f39fa46590d9b53;;;;;;
a0dcd87f85a262db3f0976e8c962f645;;;;;;
24c5f23c73f2e5cf5d7ed57549f5ead1;;;;;;
336c5353ecba3b72f9749b135e73b779;;;;;;
b11f7ea2a63e4f54bea8c18dfc448957;;;;;;
38a476981ce078ba3760cfbbf91d3ed5;;;;;;
ab32378553671fa1d803d0ea7ee2516a;;;;;;
058a16e80932eea101711c91167b96cc;;;;;;
20d40233c7d6c89a68dd488baaf46aae;;;;;;
9eb2e528e5aec5670be76b7e313d25c3;;;;;;
b2134f44dd36294f6d3087ec8e1f6904;;;;;;
9e5fb116c6e5253cd2344fa9bef157c4;;;;;;
8856829f922a4ea9178d7c0dae6a9e1c;;;;;;
7467c7e24589217b86bc8a3989e36374;;;;;;
d5d37ed7a6d0e626de0810ff0c761b1a;;;;;;
a6afec97a19c98a1eebcde211a53b506;;;;;;
dbf44016009605939c29157e49f7d1b6;;;;;;
c5eccf06dbea95f8d9566fadef9dda66;;;;;;
2723c0e504bb6de8fc1422bc224010f0;;;;;;
e212a82a8e0ee11ea2e411d2f656c462;;;;;;
111e02edf3723f547b0034c18d419329;;;;;;
0ad1407605569ce76b3c8b5b905d1e45;;;;;;
7bd801ed0129082eb8f11393801efaa0;;;;;;
8c6939e2fa7b09a266aa59d5f11233a2;;;;;;
391acb0133123e0460af9a937740202e;;;;;;
7e590ff3b3de4fa9b590488550c4c170;;;;;;
72c068ddc9cbab489339f58999453654;;;;;;
59a1ad51ac46e407d5ddc18729d03581;;;;;;
c75db2813ab4d38c7d9b2983a4a3e287;;;;;;
1bc7e7b30075d83036de3e2d1692b934;;;;;;
cef95202a995e1745d710fe021a74313;;;;;;
824202aee33d109ecc1e543e84901013;;;;;;
3777ddceeddd081bfeb9bc8458fc13b3;;;;;;
03409dd3626f5e51161898b1c8a0f8c7;;;;;;
c3b740b423f9611e44a56b63f6d4a0f4;;;;;;
cd2e008b23e134a6e44b71d50f75f62c;;;;;;
83b71f22964ee3c0870fc04fe3990400;;;;;;
cfa4f3fb5e8318a085afe212d2b36a93;;;;;;
a816f3b5e4c2624a77346ffea1d95f15;;;;;;
c77defb244eaa842efe99b6a60c11f64;;;;;;
f838407f09006ece14ddc21b15e0198b;;;;;;
6c8e6a6ef99e05ac4ee967063bb3ee0b;;;;;;
f084c4588d7c97e28ece1d9aa6b62fd0;;;;;;
afb7cca01ff123c459f42c6571be5d85;;;;;;
0b45095f46a2c763b26a8915673a5fd0;;;;;;
7d59486064fa2bc866b494f88a2f8b08;;;;;;
0cfbcfd3f62caccb025c23a4aa3827b2;;;;;;
6bcf9177a1f82757bc5f5eb6cbec3907;;;;;;
f6bcaffb1d16d5fee610619c3ae4eb1d;;;;;;
210421600b5552c1bbff26831f2468c2;;;;;;
9c998ac0b07125aa8c3407f0bba0fe09;;;;;;
094e88ee7746297629cbbdcbf8d1e0cc;;;;;;
73e444aed25b1dd74de6031f3ee28628;;;;;;
fa142e6a0ebfe1e1bfab802398b9f049;;;;;;
f3fb0e36897a81a73ba41b593caf3b03;;;;;;
3f4d2697df0b13998a39a97e6db46642;;;;;;
dde12a2723d476e0670d29a1c76e6bbc;;;;;;
937b6e5ed31ad5f0440863be5819e179;;;;;;
9a7fdf3deea260ef2f02c285f519e4bd;;;;;;
b1cff7bde358f811141f0b39d66d3c56;;;;;;
85c49f00e7aff3edd516b5156a84f659;;;;;;
cbc95389fab98fcbcb45e1841848007d;;;;;;
6159394a333f5cb2d31a109e361c73c4;;;;;;
8156c0c89d9513c5b2c2210eacf6685a;;;;;;
0303a8dca0dbe47e41a516689732da4e;;;;;;
bb4868ad1ec00c6a0920b5e2e6ee6249;;;;;;
54b974badb6846b7525763767dab3207;;;;;;
e7b58651d03b7481a030b3f8dbbad98d;;;;;;
f37c0441b18c96a42a58cb425f852355;;;;;;
fe9fec8b4fd07f94ee53bbfc1616424b;;;;;;
c7ce47aaf202a4d4c57c1f9bda4b5521;;;;;;
ad8a357228d6528474bf9047c7b32f8b;;;;;;
a040a3da2ee1dd432044d97d9e359bce;;;;;;
701461be097cc4d129644d88e5c83dc8;;;;;;
beec827e36a3fd6c9c7a87f144b88ebc;;;;;;
be3096fb274dc069ce838df005856301;;;;;;
8c583d1a8c52a285daf3e6b9e4fb8646;;;;;;
d8074cbf6c3946e9f63245cb3690d066;;;;;;
bffeb9c9d67889487ddc5f947f6bad2f;;;;;;
233e21f866900940d3c01f75321e0682;;;;;;
b865c441cf5b562ac21cc98f8340b338;;;;;;
6ecbbca95163d20f1e3859b39ccaff1b;;;;;;
9c11adf8faa01a0f45cf6ef5ef47ffbf;;;;;;
c1ff1906ed6d31cbbce387a173d8889b;;;;;;
1618b8d22416b6f4378c3bda24835678;;;;;;
55f13e08c6d7714fac5e633a2104395e;;;;;;
21990a6b1deb2d484f5fc6da614ddd3b;;;;;;
11e22d36f716785b2d1fc334aa3ccb43;;;;;;
52cada3628fa9e459534796318005f61;;;;;;
8b7d9c00a310d7a997f0508621100e88;;;;;;
16bf81acaca7ef6faecb01229a896d1f;;;;;;
b5ce80bafe5e94f14225c075ad635083;;;;;;
a98ede8b6ab3c3c1c4ee84ad83b888dc;;;;;;
8f5f6974934d27ece54cbec96b43be3c;;;;;;
644e3de2b97855b95636b76fd2e27c8d;;;;;;
2ab05d9d13aede653cb7fb5462f80477;;;;;;
4b640ae1073776912420515d10870616;;;;;;
4c5906432023a24b408372815050ad2b;;;;;;
f590e35156beb23296f8d5faa72f50c1;;;;;;
2eb4f2aa582f2a2061b485dd1438c548;;;;;;
f5bfd81f728537cbe4bc40ea8b141a92;;;;;;
c5de488fd638ce09bc5a0eb0837b78a7;;;;;;
e4b1172135d03c7a2262b858590de032;;;;;;
3fc6a0987fd675e01ea49551f6a63fd2;;;;;;
264b3905ac7684ba5f1f324554b5d425;;;;;;
3bf1718a5bb7be8b3a2550710b86e1d2;;;;;;
57bd58fe6e44d6fd1f36e389b104e7e8;;;;;;
9c96a7926701585eee48e3b4880c8134;;;;;;
b94ae8eef944808c3ad88f78e8978157;;;;;;
ebf1fcb42f49acc4128039a5a8dd80f9;;;;;;
c2fa22ec60987a2f5ce3aa62b2ab628f;;;;;;
f33669648ff0a8026be4fdccf07542ab;;;;;;
2ce0fbb4e46658c1d5f53abe6c84d786;;;;;;
0071fec4aa9ab76a4234c393b3413c92;;;;;;
4630277f3f2c06f3bed3cb74d01a24bf;;;;;;
a5ea1e19ef8e4d30a79a0ef60b97b6b4;;;;;;
ad66878e0bc1831387fa738bdeff53f0;;;;;;
694ea25c1808e6ee7419fadf4ab2f5fe;;;;;;
2accbdcbddf588b26933cc7507fbbb71;;;;;;
23de9d3545ca1d8c9178683908941d03;;;;;;
245f02e8557fbef733497b65c5eb2e6d;;;;;;
29925ee4341c6d2e99f694577bab1634;;;;;;
964a75a823d2cc2a1c8ebec6dcc39d1a;;;;;;
d583a65b05399485c8853e7085eb3d82;;;;;;
c04e84db15843c341d9d600efbd1e78d;;;;;;
e9d2009b0417e700977f93185e83a10d;;;;;;
38489464ebc50cd4de1efebdc7549864;;;;;;
8f6c6850dc3e6733dc1e4b465314ad45;;;;;;
31d73b71bd2585fc4abbafd9813aabc0;;;;;;
af1a17c237f419c8933a053b3e3c6a8e;;;;;;
32487048155e528cef33804fec9484b7;;;;;;
6f6b09e305c84b3966d441bf5de06b58;;;;;;
6628061d099fc781e775b9bb86e58b0b;;;;;;
2a5414a738767a87a7f2a412c578b792;;;;;;
4d4eab377982f06e54fd3860ad06d167;;;;;;
6e24e5ed209874f6faaf938dc7d29683;;;;;;
01292ced6f640c1d44d35b2fc3c2622a;;;;;;
120f6f744e422571030e707e8ab44c21;;;;;;
7020c06e469d7fcec91df3c36ad0bbf6;;;;;;
a546d7640948ee1f39838685a1411691;;;;;;
914361bdecf0ce7f891d050fe2e0e2f5;;;;;;
1ae304b030def8d846ae2ec0030ce4cb;;;;;;
565023406d2895e3f2fc51bcbde5be11;;;;;;
bcb6516f139b48cfd46c5b9884419f5a;;;;;;
e14321672186c2336f55742051b230be;;;;;;
56d4c6ad8fd2900c6f7964063ea4dd13;;;;;;
cc620b6528632202be7802bf15934987;;;;;;
c143bd79af6157cf0d195bf8462f59c6;;;;;;
4b0dba4bdc3568062a64e8906bf7a633;;;;;;
5c7cce2447c13ad0cf334aa114d8e9d2;;;;;;
c74c120ce2c23cc0d8a317ff6b6e78cd;;;;;;
150843b871191baa57e13719084fd84d;;;;;;
564d0e93b890b311fe6f2406812a6e4a;;;;;;
53c481207c2d2a9798a4732ebe9b7907;;;;;;
0d8f27040bfa27e1df7dfd035fd6dcd1;;;;;;
097e33386552838d038c2ffcb1d5c153;;;;;;
503e8a6e251ee0bade42f9ffd423cd08;;;;;;
a737a2713103e7c3aec57b55d86fb4a2;;;;;;
0138f6d9749cbed4639b42239a801ed2;;;;;;
a07d0e1f246df71fd7695ea8439ab608;;;;;;
13ced020b13b2d20b6497499ff687e0b;;;;;;
005636403d250a3ef0f626a549823c9e;;;;;;
015d531b2bbc6620570a8bd4e48af8da;;;;;;
4fbe0013014ef5c3f9160ccd8011f0a0;;;;;;
0f31e4eab686fe74eb9ca215a3af9905;;;;;;
b99057d7ba1a0126d549f877e55b31f5;;;;;;
0be6ac8f5d9a04c6a816bd8753f7f65d;;;;;;
32fa7802077f97d6f01c507794c38e15;;;;;;
3f5576d2f0f2200b11534db1a544be79;;;;;;
f7ee5c9fc1e310cd0b1af98a4c9b7498;;;;;;
0eb892d4f849b64e3d60bf31e21fbe73;;;;;;
9bd62f6fb0e3a77f2beef26d54adbc8a;;;;;;
ee76abf82975ad162ef41979e0ea0e92;;;;;;
3532638635074b60f585e62509904b43;;;;;;
529af51c58659b8e465d406444d94aaa;;;;;;
48c8f2f2dd95caf5832683d652d2b22d;;;;;;
9275113c77952ce50acfc41a9ca3bba3;;;;;;
a9730599fe0154e9290c3d715276b14f;;;;;;
44cdc8d3cf6ac3dbafe6aec21c87a84c;;;;;;
7fcc416348efe5e6a7367b63c04ee725;;;;;;
5e13dae1d8335c69fd4cf71b97c2fc1f;;;;;;
ec763bd16bb3eec2d6725a60087e49c2;;;;;;
7d30b85efb66f2e0cfdb3c92c12a8519;;;;;;
4309550742a541a1d4be2363351c9057;;;;;;
d4e6d05f02cd7cc9898ded0e0af58e2d;;;;;;
f066261a08e72242fa1790abfe59e4b3;;;;;;
20e13fd751db8eb5f4f52e45d0e09f97;;;;;;
1964e0c43cc696dcec54c0f8b0913347;;;;;;
735c919c65b8ce6bdf3285c85c007a3e;;;;;;
3fcecf1ca2fb88303686aee2a680b1d9;;;;;;
3c43f27d4ba91cb3805f9654447115e5;;;;;;
01102d336fd2a129be400b7aafd973ea;;;;;;
2962c26d90f45001ec4c9abbd52e65ce;;;;;;
4db5dc0e886f35c505a2663d3cdf3363;;;;;;
ddc610f3750e719a7ee2b2e1f394ccae;;;;;;
0cd1da3d3d3f62a3e24e5083e32266c5;;;;;;
b0da70df6aa991f9d42e96162263a326;;;;;;
d25e37ed7be4ab8005d440d62186419b;;;;;;
3fac87c333df94a940199cbabb9ca8af;;;;;;
d38ffa6ab98cc8ca534523e08afc555a;;;;;;
9542279030727784b681730d6da7b1ea;;;;;;
fa061d23af20623bf4f303c622bd4c50;;;;;;
492cb063c4eac673f24337611b80ab73;;;;;;
06dfcb7c13bce882daae0741fd6cb155;;;;;;
471acdd56c9255aa0b56f8e63d11e1dc;;;;;;
2f31cfc3135074c894a717e6fdd3ae79;;;;;;
6506651984b73e5f236669b4f611cc4d;;;;;;
3486bceb8b74be6a4e8aedfd159a99ba;;;;;;
4d8107e966747ddbc505fecf3f5018ac;;;;;;
1bdcf71ff44dc56c948a23f7012a898c;;;;;;
6d136afb7f255be7fe21db04b2ed5ec1;;;;;;
624dabd062df68961d84eb56aabbc2a3;;;;;;
7d31f51e82bc9f0ddab1594eb28737cf;;;;;;
5119a43525559b1b65fb84d378b12531;;;;;;
1f310406909a203d72aacbebc18ba100;;;;;;
caeace7c9c4aec1115149c4c0177b6ab;;;;;;
265405be465a68a0ebba75b0dc81819b;;;;;;
a50b7100035513d1e2dbf3ca2e64f8b9;;;;;;
f05e7c24c3fb6e315c5fbd2d2bdd670c;;;;;;
0d28270818c9f028328f6d14dfcdc3ed;;;;;;
2777b9238e991c2ad2a30df647774221;;;;;;
7d33f5405713b4d632da162b13576b13;;;;;;
3a73a70a3c216dd2d81664d73fadada8;;;;;;
d7baf3769930bb3d60943633562dcbda;;;;;;
86dc801d22d116d5c1214e47138e848c;;;;;;
0b1eb14733f571d01cc3721442d6616c;;;;;;
4027b4e87bfff996679146d46d519a1d;;;;;;
eef937f07235d6e1ad773c5f13f14b6b;;;;;;
a98cf275592ecdc8869dbe37383a16b3;;;;;;
7a9b7f998679254519e5d65b2583083b;;;;;;
c4a0fe4fe5136e9d63f34e04657fc354;;;;;;
710085a08cc4cdcb4ea4b75648ce9b40;;;;;;
5da28a1b533e921181fceb8afbcd7e7b;;;;;;
58602e9da593b1a9314cff504e5630af;;;;;;
22b6d5bbc2a07254a82af78d20857a31;;;;;;
3b77f6173781cf9f5d3135486d57eb01;;;;;;
2e9763e14ae4402be2936e4beed3aaf6;;;;;;
a25f2e32c0f5ee3569e515773540e380;;;;;;
ec5fc1f4c75d67f72a08c5353c6ba89b;;;;;;
bc237d5339521efb1719569844908694;;;;;;
13720b491e9ee3ef43313d74f143b629;;;;;;
550bf933bb12d77006ff0b9750d49012;;;;;;
64754eb3459db0000349ed6a2d28a2bd;;;;;;
007a8d2b442c11553ea7a1ea508dab99;;;;;;
b11b94d5024707b4fe08fb71bb142e1c;;;;;;
cb15d9d70dee3b3fafe11de65e291b3a;;;;;;
415d769d173d7bcc330e2ee9a20ec267;;;;;;
dfaf866d237a6cf4a234be0c3129a727;;;;;;
3cb2b000a37353f1055438350f269177;;;;;;
57963a7975db6d1df53738bf9ec9c28d;;;;;;
5e8bd0c177819588faa8908724750734;;;;;;
958cf5d0b0f21b62837519dda1ff4a76;;;;;;
0e39f27dd4e9a9bfbeae73ba70649e83;;;;;;
0dce17f7fe3e6e690fbacfd52133f61c;;;;;;
c3aa8644772e64e55d4f7b79ea8f2800;;;;;;
7e0876f800ca48c5afaa3ab64c444a43;;;;;;
d66a1a20da0081fb6206bd983a0d6ef6;;;;;;
5f11c3b0e1ccb83c4bf3174dad7987f2;;;;;;
764f93807ff7ce446ac1b8a8876fe48d;;;;;;
05ddea012e79086334fa0964ca0171ca;;;;;;
7c71752e4e7a7d7e4391e17446c7616d;;;;;;
9cf7d2788f2631282ba6a48ca8bb9f23;;;;;;
b6a42d4c8fa45208fe4312fa2fe06301;;;;;;
f2b7493c705e4e4119c0f332a0393861;;;;;;
190c09d016d9ff5c51354a0bbac6c735;;;;;;
ab5f3e015a86a2b73fde956914b95f9d;;;;;;
d9a371d7c7d39615a3add6fed11effcd;;;;;;
7940a3949d8b8b576dc09fc979ce84a9;;;;;;
018e573497e00b5a624a6b4202110e98;;;;;;
96eb56a04d1948fd80ca9f8881fb675b;;;;;;
691fc2c8680bf7cc3d629e1899dde4cd;;;;;;
7dd2a1e686d62a75f678b51638696686;;;;;;
68423835cf55f5c81c4e16fc1f057f7a;;;;;;
a6d142aeb33ee8f1f346ebdc5ab4a3c0;;;;;;
0762627497119f5b23ce1792eb38354d;;;;;;
d7efc2b1517c97fcaa1a46929357d8ff;;;;;;
319008c7b01e472be075ccf03e797baf;;;;;;
738566f1bf72fc1fa98380f26cb624ec;;;;;;
5df7d6fb21d35e4fb751f5ef4d6202ff;;;;;;
b64964184ba566f24169507a1adb8cab;;;;;;
c27b9d953804c5bc8fb291728c3e55cb;;;;;;
3542d7912857afa07fd26d1d3b91cbc0;;;;;;
130794ee0f475d975871c39b99027bdf;;;;;;
3f3e868011145fefa626871a34740113;;;;;;
f91836e1a335a7940c7ba7554f262a1b;;;;;;
93cd0b587ee1063df361eb55d082d73e;;;;;;
4aaaba2b91ec18f3e42ad58181100a14;;;;;;
620de619a17c3d069432eefc0a8eb32d;;;;;;
e5bdb152f46f7a8c559f63bceb628465;;;;;;
c1f52ec8e92b48192b8ec94fe78300a5;;;;;;
b94721b2981bb37d2ec10e0258c332d7;;;;;;
0c566af05f1c2979b586ac7189afe705;;;;;;
fdfb5d4566e33982d0b83bd39f9c92ba;;;;;;
3bef95bb0e897b7a490d7dc7b316a23c;;;;;;
2f16a24babd4da0376a67356fdc413d3;;;;;;
7bb6c98e524aece6b1fc0e12a27569f5;;;;;;
7ce59fdf9e3a4ea0b86899ba0594a14f;;;;;;
a6d254470f28413a0460819341471b41;;;;;;
01ebbc1d45ce690a75b0d26fed0a5fc1;;;;;;
bd362e2ed00e8d4da2296e549941d2d0;;;;;;
8ee9663054ba922dec891f03d7ad2d52;;;;;;
b289fd14601b58944143d7e872076735;;;;;;
f3050001b54cc7d8a4194ec209ebc818;;;;;;
eece910b7ff7aa7ca8560b87539fbc4a;;;;;;
ed6e82eb43212b18e1b8b9553096603a;;;;;;
c474ffafe746c2362175a920e35425cc;;;;;;
bec83f3f0750ded595d0cf0f39cbd975;;;;;;
35fcd6adbbfa6c46733d993ce0afe41c;;;;;;
29dcc67711db9ad73f9d09bdc21e2992;;;;;;
4b33506dc867a033c25cda9c8bc8ecfb;;;;;;
4231f5ff073546ebc205c13d56c8c71e;;;;;;
746502fec9e855f4290c13b9c28335e3;;;;;;
03a5c8290f6a7f1b8d0971bb4ef8791b;;;;;;
241291bab6b7ca0660a95e0b5ef15bc3;;;;;;
c55492a5812dfb36efe9de3c3b615c97;;;;;;
a6d00712b96d5f9b6961d767c862dc70;;;;;;
5f1646b0bd2eda74b6927f1ca7670cdb;;;;;;
21a889dcb13a249e69d75277b9f3e5c7;;;;;;
ad41236123dc0c63d39505045499c78e;;;;;;
5dd96a2ef8763ee157e3d451f47673c7;;;;;;
c46bfe1df734bb742979242c7a7533b5;;;;;;
96d9b552ceb5b2eda863f1e2156b19d4;;;;;;
52ea5c5062d6abda8497f1220a5660a9;;;;;;
8176a80af5baee9fd3c5a2d16f95b276;;;;;;
d158261ae3ef68d788e6b72e5f0999a4;;;;;;
a934bd19ca268da150ec9bcb0b324130;;;;;;
5c16df9d466b7fe4e52c0a26eb12e3a5;;;;;;
be514daace020479e232df24a8e36062;;;;;;
e60138109d1e6ef831a014b290070a5f;;;;;;
d392fee209c0ecbd197b4d612a29d9bd;;;;;;
227d5596ea0755c1fe9fd6511374091b;;;;;;
9beba0527f76ac240070169c87bf9702;;;;;;
614d4f906578ddc1114c3539d6ecb1fb;;;;;;
3d3297cc033aadbf234db0f28f27a09d;;;;;;
025d7c4438b285be6f94f4e704b96638;;;;;;
4a1c922070403689e3bea43c7a2d8fef;;;;;;
4a814e771db9dc011dbfef433798db2d;;;;;;
f52883d996eb5f615f027ce25aecf571;;;;;;
d0d66a3e4f4af6b8e49e409e7b214a32;;;;;;
56b57a23744d9a226d1b3e515c201439;;;;;;
d29d0f66a9ff3cdf7c4ceadc2ef42d0b;;;;;;
f161b3a360647ebe29930dcc32bd4d2a;;;;;;
3e3ff596d6be59270a0689117900b86d;;;;;;
fd82b2e1783f536ec437ad68534f72e6;;;;;;
d28e1945adacd5a8671b337260ffbc98;;;;;;
59d0b470c2c72f48fe02a7813cb8ac23;;;;;;
0a36d62f106de0d7a6eaa0c2991d2de9;;;;;;
b99bac4818bbee706884eba9c01b295f;;;;;;
3a24cf9e3cb90525fd940e8e3066a613;;;;;;
0f10e97200f68d6c5d97669e72d50ad2;;;;;;
1b3abf84f320485e092bcd16488be2c1;;;;;;
280c733b350e2832f1e1b783641cac5e;;;;;;
5076625e4a041ad217a9ccc843c2d908;;;;;;
969dd6a6846a3f8213628ae57d84a14d;;;;;;
71eb362202ad9f0668364f2aeb1442ca;;;;;;
a1ca3bbf641914bc8ffac3940e09d87b;;;;;;
7eb82a336d7f285abdcbe6932df1cce3;;;;;;
a9cf1da6685654d3db743abe4b000627;;;;;;
16ce7459452572eec4034c5cd091c4ce;;;;;;
be7c27cdc5c85ff41d623b672ab76393;;;;;;
9f8f634cb997a9ef89689542b2c0c87e;;;;;;
1de28403919da0ea235863713b1e6033;;;;;;
4fa832be9df081e37a144b1d5df57943;;;;;;
8e478140a1b75c2744f71c8396246190;;;;;;
51929c6269ee234b5a8dcd30396c03f9;;;;;;
151bd39aed892276910cbc2e47fcf47a;;;;;;
2dd152f4b656daa7f16e7419afe71c5c;;;;;;
c26f9493d5b13d9bc13a840161a03fb6;;;;;;
cd92f8843ca7aef643c5590a4cfee778;;;;;;
10a7ed56e16898bea3c69fc3df6c373c;;;;;;
a7d714f3c99dc5a2d676bea533890655;;;;;;
4e3bc81649ddba2e32ccd5234fa50f39;;;;;;
cff248d450ad3791cee2ae1b7d9731aa;;;;;;
a46dc9a2afb2d6f4fc40ce60b8475d5e;;;;;;
129cc646c39679b6240d58f8af6a77fa;;;;;;
62ed905008ce4b35b999846f1406d8db;;;;;;
6a4761652f1b445456948034cc8b5951;;;;;;
6c1aaaa5dab18d63b1165365b3177589;;;;;;
aec57173952d7e87623394e6e97ac437;;;;;;
ed37ba3a47825c59865fb43fc0adcd84;;;;;;
5541b826ebe04a0ff50755e80571c09f;;;;;;
f53c4737a00a14010126dec62cae6fc9;;;;;;
338e00ed1cdf840925c1e81e655e48a2;;;;;;
e9806b0788d32ff4d07d4ceca023ab62;;;;;;
6955bb02b84a968b15cc333b2e757d26;;;;;;
1ed352356977af319b1e784c9d05a8ad;;;;;;
c661c9e09a98589d66ba23b1b1b73e74;;;;;;
448d92e5e0587386625d34ee1af5b11b;;;;;;
c93ccdd10534347ef1bb2bb2d7ae0817;;;;;;
3ef1c0ded6eba7d455f439b6264bcee8;;;;;;
2a4c10d8313b20edd23a49cc8f89248e;;;;;;
cb9ea33774f5354066ff3af83b99319a;;;;;;
59c6cd62bf5032cd50eebb249228ed13;;;;;;
9b0ab79819b321b4686743448500cf3a;;;;;;
dc56bef41f4e0bd0b645f5bb47633f5a;;;;;;
91eacdd07398ef9a0df36a31603fbe13;;;;;;
5687fcfcb5d93d0ac8140d3e88268203;;;;;;
5bb8806040a7cde19f900048f5b3efb0;;;;;;
bebda11f6e16806d3de3597782b97312;;;;;;
138ea3076b9bacef36f85e46c0d0c32a;;;;;;
7be961664e6d6cf24d5a5fdb163dfac0;;;;;;
911f1b3a7ec086248c5a1679dc4e982c;;;;;;
648846a2621d947e9efbc15770c514f0;;;;;;
0d4eade15763a239e7c53498666164a4;;;;;;
12a62c2d92bac7f68b89b075c6465930;;;;;;
b87795b2445f0690859dcd563aa30dd4;;;;;;
cd4574c10303bf0b6b511ca4248a4937;;;;;;
8b8a9d35d5e44833131e8c5f64e8c58f;;;;;;
3372967d6f72cc9b4fda41438b7a47da;;;;;;
682d3d4a84733e522788e50834e3d6c0;;;;;;
b285965433036dc04371553a9b8e080e;;;;;;
4bfbc334e1ea33942e87021227b03838;;;;;;
5853366c4e3ce4822d7d36c50e8d3f23;;;;;;
1c430b3a545623cc9e48bedbc33e50cd;;;;;;
a138e422344bb4f44e54c584ff2a8d71;;;;;;
5347a8d495fbef9a0da59dce49477a13;;;;;;
6ece28cc5d88d358e804016f0891dac1;;;;;;
bcd72b091934f51f8f06cf795efc56c1;;;;;;
5319ee887ab45953ce1f5408a0a62756;;;;;;
d69b8dc2b41a30552caf82bdca4de41b;;;;;;
b2904987ffc3d763d5e950dcbe58a3e3;;;;;;
baaab0ef67f331183ac815542c0b5783;;;;;;
f8e6b7115533d06b89b2f372851e9eca;;;;;;
e2d76b025be2133676c2235afc59ef85;;;;;;
524b11a2a1929c736434298cb4c3d07b;;;;;;
6ec25d0db9c0e97b273335ae402098a8;;;;;;
d466391facc623942f99dff1c9a17b4c;;;;;;
739a7dde6ed51156edca76d309ad5a5c;;;;;;
362b6a0083cfe4788c14517c1ae6507b;;;;;;
ed900e5f0abfe6d950c712db15799579;;;;;;
2b203b5499b68ab096ff631224e31883;;;;;;
ea50535868cac7f9a40ee9953391a5e4;;;;;;
8024953033199b2f1292c5cd531409cb;;;;;;
9db88ab31b98407cfd95f8c057eea38e;;;;;;
f9c867684116a8769ced2c23f275c2c3;;;;;;
a8417ae807a6d2687650a9348a06aae4;;;;;;
bce1f99038d31eccdc7cf3525c6bccb8;;;;;;
01d9df177c9d169120ff2a63dac5690e;;;;;;
a192acc8c532a322534fac1d1fbc35eb;;;;;;
2d16463287a0758a8435547e4bae1da1;;;;;;
dfcab4ef92e2112fcfae3f67641eacd0;;;;;;
acc8e12e3b560c5732ec71a3b5ad1f1a;;;;;;
9b25ed612d316dfe8fe2a4e5558f8399;;;;;;
e513f647f6e315e45b2c3a6d13bdd9dc;;;;;;
71a58cc397d00fe5c0af39d780129f65;;;;;;
3ea24ca6bf9ce861fa844284a4a72309;;;;;;
0afd7d97596441d5ecadbb3bfafa9641;;;;;;
44834af9fc0a57f97b6b8c3ed6c0eed0;;;;;;
648d8628e719132f6cb542d65c734e29;;;;;;
b1149c844743c0799d6b18f10edf3819;;;;;;
5a71cc67739eaa272df256e652aca0b9;;;;;;
8e23f71772cfcd170d362d28ac3cf48c;;;;;;
e590a272b26016b905d5af3681b65a69;;;;;;
2c85eacd9514a0774fceb42c0d7c7e41;;;;;;
82deab815ebb55bfbd0574f140b5594e;;;;;;
96519b1b4cfe303d4f800bbe052ad3e9;;;;;;
1b81134fe2ed139c0620127f12893901;;;;;;
71509b481d49f5e3b370c08b71cd988f;;;;;;
a22051d19383f04a125073fb561c0b1f;;;;;;
d45182a3b0e87ae7ec725554a379a362;;;;;;
7d81a0e41c28ea1bd4aa6a8750122b1d;;;;;;
8e6f94f3e969e4bc668fc64fa5cae06c;;;;;;
b6922e37f3c7e7c5b4abbd76d295f617;;;;;;
0530bbe5bc485cb7c0c6bacc543b5e9c;;;;;;
f1e8f20302ee72eac4759d367ba50d30;;;;;;
2fb2068af1ef60dcee6e188ceb43413e;;;;;;
af879950b13fda8e7ab21c8c3a4d9974;;;;;;
7dc41e1b6578c29ee4dab1bf4c8ff1b6;;;;;;
c2962b04d6e2d130fe7725e919d15bee;;;;;;
a9f3670a1178556c9bc72b7f6ee6d832;;;;;;
0d6817bf9067f8ac2ce3f67a8a4dbcc0;;;;;;
1a9ad7b59935b4b58501dee776116bae;;;;;;
02ed5e0809be898140c0368d99ffbb1c;;;;;;
0e9ef38454b16316d28700a431656681;;;;;;
c9747de97a305485dddb6900f723a3a1;;;;;;
ec048d8864a2619668f14935927b4946;;;;;;
786fdfafc65fbe3a834872697c8d9914;;;;;;
7a1c423c05ace84970d6db7c3d6bd5e3;;;;;;
c71b38ed97f6c0afd6c7a2cf7f0e78c7;;;;;;
d136aaa51ea7b163fbe972bb68244994;;;;;;
2e635016b5b163a3ea40fe262cd907ec;;;;;;
ead88e4ec4bf297adfcbe5d142988892;;;;;;
dad29de762ef48ecf076a0f69094163a;;;;;;
676484b835e3247943e749b7d2bb9274;;;;;;
83fcbc231a3b77150a570e6752193c19;;;;;;
69c3ceb9367bf89b2292edb33c007a8d;;;;;;
073f3fffb1e77a6351e32c6a1ed4c49d;;;;;;
263d66cfdacfea1da48a78fd44f07299;;;;;;
13254cd39da3a4762d16208a1929c688;;;;;;
777f129f6e2ad3ec41423e9ad271106e;;;;;;
40dd622f1c9e8d1731f1b97fef5e3fe3;;;;;;
baf5a2751fe0b5bcae27c6764f2f3697;;;;;;
c7db88ee382a7cdc4b871eeda6a74d48;;;;;;
44df06526990141fcde7a36af45cfd34;;;;;;
28dbdc5cc08e15c0afbd905a47c35582;;;;;;
9dcd0f28e6ee77c2c8b24593fd28ae06;;;;;;
31d43ae99c48594ca8e70db38b7cdaf0;;;;;;
e0e5f7f3bb95d1bd1d20c9fc664c0e4e;;;;;;
2aeb07f12109d80c6fb4a627611a30e5;;;;;;
e2fb525082eae2545c2d54b8d375d9c5;;;;;;
11ba16d4efe5f65436454dec8bf597aa;;;;;;
8a2ef697c96577fa5973cc1b4ddc43fd;;;;;;
cd1b7c308336606fd64580b0edc81c58;;;;;;
c6f1d0b12ec65c4f47c9c818fbed687c;;;;;;
c47305e36602f2d8f5fec798aec5e0fb;;;;;;
7b24361301981d5bb20a0f585efbf761;;;;;;
2428933138ea6e8c9aa8d2d230ebb81e;;;;;;
db5fdf85e5871e2884ec51321686f372;;;;;;
e64eb24ca6d55851f564d3600d1d728d;;;;;;
426ba0da6ab29fad6535f4bf7956e10c;;;;;;
aadbb1c6aeb9cd30ba49d226d320423f;;;;;;
5a582ecdb8e4e3bdce4d744892757eec;;;;;;
008002d82213065143915982c10e8b2f;;;;;;
ca4bf0be2f2bcd5832bef413c3fcfb75;;;;;;
83e22527b498955af63e3a6583717b8d;;;;;;
c69f9f42e1138fd61594b6f5e825bd26;;;;;;
a65c5dbfcfe8bbe336712ae18b15634c;;;;;;
36de22cc16d8aa70cb7a76663dec0d89;;;;;;
091d92aeb83fbc501108c1694ecc357e;;;;;;
40c03deb97752355a1242cb2a58f462d;;;;;;
8e4b4cb3a9768a6b8e08223e0eb48c75;;;;;;
04d1915944d8344ea7f0ab8f441856f3;;;;;;
a065b6bb323f52819370a73d0812729e;;;;;;
5ca9d60da1b55d738a5a1529bc1f4799;;;;;;
de3197fe157e08ef2cdd44638dcac403;;;;;;
30438889638b9284fa4a57b52efd996b;;;;;;
98f304fcaccc654aa48949192e0a5d09;;;;;;
7d1c30f73b02c51572fbf5c13b678a25;;;;;;
17ab4c57be4d67ad09791fef7e5e83fb;;;;;;
6eacc1354af5f93f9132117cb2bed19f;;;;;;
511470ec5040579adba1477ffc5b6d2c;;;;;;
9b13cf3424a696ec774b7b6c499471fb;;;;;;
ad5c5205c635d154d99f5a10d59cf884;;;;;;
b9393a3d6d66e9026dbef0ed7f7be1b6;;;;;;
79c301f289371a1d7e6396eb06bef96b;;;;;;
19d8b024f654c42c44233949abb0f132;;;;;;
8611d30bd869cd2bb45f56512cb90c05;;;;;;
20db247f457989bd18c2f3aa77848e66;;;;;;
981905582bda8463285a0fee06e35c38;;;;;;
9b2c0bcf01f9072e936cd1ffbedea0f7;;;;;;
8055fd6216210da38d01a64682953d08;;;;;;
ae3f1be64e12e8690a082f206f70f5e2;;;;;;
1f81fab3eba14c92b75799e327bad47f;;;;;;
02f543f0297ade5fe6419046d051c561;;;;;;
ad9471597114c9a751dbbf423c0246b6;;;;;;
508fd91bb341ab2f423a1842fbd9c273;;;;;;
45d7c5ebbb8876cbe1f8205f291bf9e3;;;;;;
90d087b3ece20861d89c5b82f5f088e2;;;;;;
6e3d99a47f0efaf3429bac3c51c8cb90;;;;;;
9771c45f5feccd5a067e50ec503eaffb;;;;;;
0da3c5e632caa8eb357b63e76aa91fee;;;;;;
8000048e8d5d9468a4e597a3be901350;;;;;;
adfebd0c0b1737ff74d62f9a872af305;;;;;;
07a11f5f5c206b7f40658644650a6ad0;;;;;;
f13ba142bf91d10cd577d45ff3a4dd4f;;;;;;
cadc27c4abd95ddce210722bd33046b4;;;;;;
312fc13019543547c72f8a388a822845;;;;;;
037eb0c985615e955e63bfbc1643d1f6;;;;;;
7ae9b751f4bd3c33906552a89cdedf0b;;;;;;
7192824de1552665c84cfd708685535c;;;;;;
4c2ca549bdb56354c2b28315e085f1a1;;;;;;
eb23dc475694763df82b1f6b17d6a489;;;;;;
018c03dd49990d8668c7d0e46d77b2e6;;;;;;
13cf919328de1e72dccacbd4de4b8b3e;;;;;;
f488c82d3104c4b92f973120e0c2040c;;;;;;
a4a8b2778965a0e1f519461306e17148;;;;;;
a9ae3c89beef12209b175d75a606c3ba;;;;;;
eb9107db5cae6419010f9d46470dfaf0;;;;;;
f30c459830eaf826467f4bbab7a4cf35;;;;;;
430767ddfe3314679d19ddde2390561d;;;;;;
94498a98af6255957e8001eaec8f425f;;;;;;
a2b8ede57ef2e4c3ff044a45908d433b;;;;;;
fcd3f6f04eee375ca51b5ce0e3270bf9;;;;;;
92c492943cdfa890adb54473f5c375d8;;;;;;
aee8d8bea68f4e3b47999417820b2bba;;;;;;
9f0a1284cdf9a2d3c10769bcdd210d94;;;;;;
376e02dc5e1b069c84d0ea9e60590125;;;;;;
658919910e83eb19084dab116f568eb2;;;;;;
9043a27a85da1bb571696b4e88f82a53;;;;;;
96e48e809d2731911b88ee5848d48c2a;;;;;;
1ea9c0c75c071918551f8da5efdc4f21;;;;;;
81eead236d4653a0fe14243d6d67577d;;;;;;
971c951f03d38e496a131c8001792885;;;;;;
09a3b067091f5615f0e6c22b0a457fd8;;;;;;
541751875701be2f35b7877994f3512f;;;;;;
ad4714e4fdbfca968588500345e25574;;;;;;
a4727078304059a116c2fa52f6e0bb76;;;;;;
084e2e9b9500933b844883bcf310c162;;;;;;
91438148174b12f5c19ec69739a467fc;;;;;;
3263ea979cc9192c56e57dc45f8cf6be;;;;;;
e9458c7e440cc2f5805356f714f50fab;;;;;;
80ccb1afa8ca23c6fde73db14746601d;;;;;;
75baddbac7e8b1ea0cfbcf48d418da44;;;;;;
1096c42e5935c37da0ea2e3592290ea3;;;;;;
bbdc831cc7e4e4b602d15a582b12d4be;;;;;;
ec3b54dcc0b0ec6bf9a02a12415dea8e;;;;;;
a3923de49d79e94bc57e26f0c3862c49;;;;;;
e8d8743b986fcc26449201c58bcd61ef;;;;;;
335a0aa44559439e9d1c982acae128ca;;;;;;
5ac1f49daa0f1c5611e396d395c76b36;;;;;;
c391f59704a81373993eb1e0ff6cbee3;;;;;;
40f95d9197fb2fa885719a1fa4b0ee6f;;;;;;
e9f3f569a4f98866c8a07bdc51e02f08;;;;;;
b2b6ce7113b0de5328d9d22acd3ebb8b;;;;;;
a53734d5503f5d1d5a0163212bc40dfb;;;;;;
229fd22bb7d1279fb122fbdf354341a8;;;;;;
2459bbab211f90cb08713737bf3f72cd;;;;;;
97b202f65d7e7ace1c01ce12aa29a8e2;;;;;;
492b5289af033f31d5f0c31c0c285a01;;;;;;
9c905cddc3886387eb0ffef8bd5ce8d7;;;;;;
0caf877618d8f2631f862ad1e35ed546;;;;;;
5daff0048bd8c59a704a9c654fb69a3f;;;;;;
82d3fc421ac3aba8802b7c79100ac525;;;;;;
65f2074b76fea61d4be70dd407060f68;;;;;;
cff15a260607174c71000a0f76a939cc;;;;;;
12893560269886f6ab708b4df6bf3654;;;;;;
091de3e553d4cd96461bceedad1009f3;;;;;;
b3e00bc85a6a2384993422500d11d0a7;;;;;;
a02b39bda9b55bc5adca2735b8f2a290;;;;;;
bcf2ed94a95cc13d9750f14473b1e305;;;;;;
f9e77c919efbbb721d7ae51bb4ce5d48;;;;;;
800d864495efc5dc4dfc8e3adcf32d9d;;;;;;
640691b1ac2e93eeb7841be01f0e512d;;;;;;
d134ad4d004613af7f0b6f9c4892e545;;;;;;
456c0b05f543ddb41b58d7e05e6914a6;;;;;;
c78ff0ef2433c3e96b1f3b951e4966a5;;;;;;
cd75a8caeff64a091bbe872b1a39783f;;;;;;
235a4e8b1e9f4cac55a7b263998dc053;;;;;;
bc15ad1aeb121c01f3696717660a1dce;;;;;;
60281e9ffc8123385aa2316a8cac7289;;;;;;
85afe53cd1c4e2755ac5e30b982f61b6;;;;;;
81dd24626cb25bb7235e927b05d942ee;;;;;;
ceece22630faa9dba692eea964871e93;;;;;;
4335100a4a45e1f4d83728b9e8c43f82;;;;;;
12fa950d823de56bdb067abb958fa8b7;;;;;;
494f779859fe868e0da0bef0be5f526e;;;;;;
9cf8fb1c5742c5837e2afedbb62a1555;;;;;;
8a0012b0a3928eb4b3824019db470a9c;;;;;;
a63a38714cad005be503c4e9bd2ff588;;;;;;
39a824dbf83bdaee99b520c0610f0205;;;;;;
cecd590d176a2ea6faead625ca96066c;;;;;;
999c70a0d10a083b77536337fc2b62c5;;;;;;
a9d8384cd247557bcafa22f045c13373;;;;;;
4f16fb5d6e647a305896f617076f994c;;;;;;
c47e6e614a6c5850fd2cae7c52fcefbb;;;;;;
14209d5df35c2136245bcbc4eee38b0c;;;;;;
541e389c8db40b0937ccbbb98bb1ce2c;;;;;;
1b8446a2b6085505af7f3540d29d403c;;;;;;
4d75a2f11885ec88853fb68daec6a4b9;;;;;;
0c393f1aff5ae927e95ff3a5f2cccbab;;;;;;
7b8447a0742a5b456db0a9a9f0d5679a;;;;;;
28ab7859d21a93a9fbaddf52ec0e01ea;;;;;;
cef7904c5b77da2c161a98831f464ad4;;;;;;
1cd6866874d2cd28503f0f74d8d748a6;;;;;;
49209d84cda21225e367eb46550e7724;;;;;;
2a8d864b3b43c212cd5d7bd4c9d9cad4;;;;;;
9f5c417404c67b34b90e10217ada65ec;;;;;;
91a9baab0b403934e28d44d23212131c;;;;;;
0a69a020176b9f27d345fc6ed207544f;;;;;;
9e708ce3384ffd6ecda1f238a646c707;;;;;;
53ae49dd9627a4a19d26d8dbf44adcf0;;;;;;
9a065aa343e41f21e9474ac195e92098;;;;;;
894500c7d4a14f0d50d6d6f3a4fc9b66;;;;;;
48e24dd41ca557ac06b5037b5eb827da;;;;;;
6f32d2ec66b151cab8c6041f7c8d5b8b;;;;;;
91fce85f536919bd3cfdcb974bed44e0;;;;;;
7c9c09ee19f62cc64a795f893e0fbb3c;;;;;;
8cca6dde2f14d2f3a44c3effcee20622;;;;;;
ddb2a171664d25dae0a87c8a2e9907ed;;;;;;
db4e2a0e11aeea89b0e02d02748568d8;;;;;;
62754d45d3fee5cc5c985d9f433a3554;;;;;;
0cd33da2f96837e48c7a63ada5630778;;;;;;
89d2a653725ad328edaa4a1140a17770;;;;;;
4a3aa0612b658cec8ab61960b02ebb65;;;;;;
81f88907653a262dc0b5e43b3a8c1a6e;;;;;;
474bdcff266c4a4b0c766013f0aa07e4;;;;;;
7e1e93ebca8bcadd651e7794c736ef5e;;;;;;
83d53feb5b8d7962c2b842c199355373;;;;;;
8297556d16a43ea5b359221205bd5965;;;;;;
a9fe0d45f5a8cb74807c9004ddc0d2dc;;;;;;
873dc5f8db1a406ac7d2b6ff9022efe4;;;;;;
5f2d99c584fe28b3d9957220877dec99;;;;;;
f1c7bf8c38528a35cd5aba5aa4a0016f;;;;;;
d5f9950a482fed8ef6b0e81235fa8dbe;;;;;;
0bea5abd5b8f61643f27f13629ae9508;;;;;;
190d692556604bf20d238cf0ef245857;;;;;;
2a032656798b49f6092c8a53a1616cf8;;;;;;
17a4903f77f2abe7b4f3f18afd6bef13;;;;;;
5324a07ba5440ba3d436ffb96b6586eb;;;;;;
dee685559bfc89c5f1510b225fa6e484;;;;;;
56931a32bd6938af0cb9f10584518a6b;;;;;;
414b9304f723857e47e67693fbc0f23a;;;;;;
b6c941b5b6f5b4904939bb1ec5a31311;;;;;;
78f68b6f9ed043f9f954f1690b2ec5fa;;;;;;
56cfc2569b0dfb369fffad437942ef4d;;;;;;
9c3a4e3ec2e089ce0666997b7d3b00d2;;;;;;
d698f28bb1bf2fc7ef7f9162d3c128db;;;;;;
59396db236283059e84ce56c67799df8;;;;;;
929355dcd351e2b595a193e7384beb95;;;;;;
c0bb0a74769583c7614239fdd4fff0a5;;;;;;
29ef667f04831ae2de394aa4d76a0965;;;;;;
1e1d3b1e788fb5a7cb806ce4f12db84e;;;;;;
3a137d5d42d130a630bdf4e6ee513c96;;;;;;
87a25fffc310992dff9499f69513a1e9;;;;;;
04b6ca490a396a8f0e7bd9b274f4563a;;;;;;
07edf1011676f551304dd969751ffeee;;;;;;
45c8bc96c9ec8e7d3eb32e011b6bbe5e;;;;;;
f5fc550121b51afd97bae81221e70b7e;;;;;;
78c9840cd8841df0d8699e27f006a8e7;;;;;;
c78943d31146fe2e09a2ef540d3c6b75;;;;;;
cf403a3bfe2d3303a9693814ed198d55;;;;;;
ac965ea90de3a06ee011ba9b2e17b818;;;;;;
8894ea460a1b00e642119920de69e3fc;;;;;;
ba581b57e3b87acad9dd4a6044ed7a78;;;;;;
7e32d1bd8c9929fe7977beb713cc4ccc;;;;;;
912f487542de64b98e998196d5beba12;;;;;;
83ec1cd553fc0d7c6664e24f13786ae9;;;;;;
c120c8023e2785b2372127b7b04277ef;;;;;;
432a3c65a4786402f26fd3a48a2185a2;;;;;;
400f607c80ef64efdfa04aaac525fe79;;;;;;
a383c7045ddebc5a8348702b3b5255f4;;;;;;
ae32f72d403bd94808bff8face1ce7e0;;;;;;
aa125f7d4f75e961f5c9713b3a5a2443;;;;;;
27fa56edc412f6b152b786316395e81a;;;;;;
6c7402818c1ce9b845d6249e37c0584d;;;;;;
cff428c9cf0cf9c307d29430e004eaa8;;;;;;
ae29062742af7284a65c5ca485d313f2;;;;;;
aee8c68d6b20ebc9104a4013c6a94066;;;;;;
346fa690bd6da4a8969df352bc732495;;;;;;
8350769cbe58ab48345a70e7f854c63a;;;;;;
e4797c6c61c0303499e92b24f9ecfbe8;;;;;;
ff037c6ed657bbf7d1637df437a38551;;;;;;
81265b96647a4c8acce2ba14cccbd450;;;;;;
45d692455379530631a66b14ea2ba85c;;;;;;
9ecb36672f6ba0572058a870f92fe4a1;;;;;;
f38320f25f096d5688ec1769509e8f8c;;;;;;
8cbd0f778761dfb3c937564d8ef08ad9;;;;;;
88ec4af5034d4e9a6376da549b50dd82;;;;;;
81cd8e05e6b28381111ea23d6f66ae07;;;;;;
3ac26d84ac70a9fdd98fb9542c9ead07;;;;;;
fc1d161ee5ce8581e8101b11899c72bb;;;;;;
a59e7005ff1573848790577415ad9e9b;;;;;;
1b9d37d71dcac967c2ec7beb80823f41;;;;;;
e90ae38c78d03bdf2fb6582f322a05cf;;;;;;
eb5524575d7ffa10be064fee97c49326;;;;;;
0f1a63bdfb45e29a56ecf7c67a234b47;;;;;;
403da8d7af959825140895fe9986b7cd;;;;;;
84d203576395582a1e9a5eff6ec340a0;;;;;;
d0659da71334943c327457c360130fd9;;;;;;
699cfedf49f7b0ce10d6360a02c29634;;;;;;
e527245180718d348b5a088425cd0096;;;;;;
6fd238b2547298c01783d2b331a67ce0;;;;;;
c3427b73410a150d592026f1652adc22;;;;;;
bb5c464c181eaf91f60d66dc56e73a41;;;;;;
ccc5a7731892d48525f1cd0c238e0c89;;;;;;
6504b574187f05d8e64ea9b255a85bcd;;;;;;
9cf4a876b4f7f03d5f7dce9f301a7ef3;;;;;;
67ff2e779df9f7a84ed68e2d99ce3460;;;;;;
0b01f1736a1a7d82a8e11e1d8b9a812e;;;;;;
4c264201bd6db9dd7f4df36934146625;;;;;;
48d985405f888a0d9fdeaeaa1ba76249;;;;;;
556addc6e717f7e45e306d2379c04321;;;;;;
ac1951890e6eece6a46e2fcce585a800;;;;;;
a26292882d7349a67fb3ee39bac68f33;;;;;;
b98a221c15b1bef0f0ad49cdd27bb77d;;;;;;
6879e3462aded1c38adf48ce1f8f45e8;;;;;;
9eed3e53bc29091a9cca5bd0269c995f;;;;;;
e75bdeacd8f3894d9ae1185a07d8c4dc;;;;;;
c210d131fccefd211dbebb0d96cc8f36;;;;;;
3ba899c7446aa836dea3d53cd8fe706f;;;;;;
64bab8277d0abf858e012cc809d5dc25;;;;;;
8aeae7686d0be7be73207290df3bdd94;;;;;;
4bbeb507f0e0184d82ecbf3274a2e6bf;;;;;;
13b85c16a32f14dd4a3fdff5f818dc0e;;;;;;
dcc18dbc80b11a7e858f2124dc25b4ec;;;;;;
7404b8b194e6b78409be1a333c235931;;;;;;
31c0897e134e0bf28ebae8beb03ed06d;;;;;;
bf1e36ab920683dc39a04812c88d87c6;;;;;;
ca6489d2c759259ff2882d651fdf9486;;;;;;
580c693523b8f960d358edda02af6ee3;;;;;;
296e71e35098f6c91a0678f2ea94c599;;;;;;
5e28618c2a9c4383029d6a20f29b29c2;;;;;;
35a96c1fcb7d7c0a6982104bfa0e8a52;;;;;;
f8e89dcd48a61304f6a7ec442b8ea5fe;;;;;;
523e95462ac653ec2cb593f029b577be;;;;;;
71cdaec8685c361a70b85355ea7d69f8;;;;;;
2b419e627294f8973fb84a56e055f172;;;;;;
c515410b49fe668f53c13f7cbeeb654e;;;;;;
994ac2c6461df56925f04b0a9b87d284;;;;;;
9ea31fdddaef01f1dfa8184b918fcfb5;;;;;;
7a575a5c32ba88d84a59915cb9d91bec;;;;;;
8f12bece43865f24fdc7827f38ae9bc2;;;;;;
20ea9f0c3fc7251c48a258aaad3cf8e4;;;;;;
c94456798760e26c330cf9580b1fb448;;;;;;
bb65ea120f55167e3a0fad0eb53f2b4b;;;;;;
6e661e681963c25786ffeb2058bfa6bd;;;;;;
19029594b30a83fb1ae6e23d0593484c;;;;;;
d9342b99d206677546d5dfedc60c3f4d;;;;;;
6dcc7a67303b73d8d140f4b978475d5d;;;;;;
9fc099529e487a9a6c7c5f17930b9697;;;;;;
1d2cf0e677eb81861108dfb1f5b00f28;;;;;;
bfeafbbde042a295ac3701026467c18d;;;;;;
fc23b31575147b9a5ad8d4263dc31e62;;;;;;
4dc5304f2626467db479c4f757192293;;;;;;
94b300b7c473ba56147b260e52b31258;;;;;;
bb30864b8c8eafc78ffdefa2a03b5772;;;;;;
6b2154ce96b097128827d613f15df981;;;;;;
27b9fc8a4e5a968d2511e0e7d041638a;;;;;;
f19b9ed8f53a0da760fc49295bc791e6;;;;;;
1d2b299f0b4f827ed713818cf2eb651a;;;;;;
21034f2edad494f5d53d4bd10e5d0150;;;;;;
e7362b298d0e6de54e2f8aa7b9747f65;;;;;;
002a1672d33329742b80090ef33965e5;;;;;;
636dc186de976c4b19ca7bd58f14018b;;;;;;
70f758aa0d6fb5116ed31f1779bdc549;;;;;;
d3a43e7b65b11e36ae5cd1e56c822070;;;;;;
5772823b05d0a588e7c92568eb6203e1;;;;;;
2f7ba3509b5aa1b5e8b82e824982e753;;;;;;
32cd55eb513f29c948df3061ef51df3b;;;;;;
a4728e3f95c4777ec0545d391c6ed8ed;;;;;;
18e1ed6f706e6f6b734d17e821af251b;;;;;;
ae976d18b950742fdcfc3d5f707dbf61;;;;;;
351a2988f12a8e6c12920e9a5d774c61;;;;;;
595cfdd54588c7043d29fcf89f5426ce;;;;;;
55c510d30b7a811f1148965b1a26c92f;;;;;;
2e927da81944daa7703f707ca2017495;;;;;;
a239b6fd4110a9743d02edefaebf1048;;;;;;
ccbafeee5484e26c948d2326cbb2510e;;;;;;
7b89e2f537edd4e444916930f6285ba2;;;;;;
bbdbb1a676bc0ae3fe80d137b3bafe0c;;;;;;
15db63a948af8656868c0ba5f378f807;;;;;;
4a54665781796836a6761f739d6facf7;;;;;;
61a19d095655f1c3ff215f4805e51ed6;;;;;;
78279ac85d33de42504fc9550fe8d316;;;;;;
f9e18527cf8984d1397ecbcec4f4d70a;;;;;;
6751b4f823ca1be6ef1e60e20d1dddfb;;;;;;
be37d99a7ef6dfd14a77e2b25430c4eb;;;;;;
25be1e795cd0222efe59cd3cf13c15ea;;;;;;
eaeaf463adc6ee2be4b79f4223b88591;;;;;;
347cb6817f97c63047b9ced063412c80;;;;;;
dccd09822278d51bc4f9866a0df876f3;;;;;;
260513f59ee988843105934f8a238275;;;;;;
e477f5760aebd937530750eb844b0a75;;;;;;
03d065b0c7ce0a26f63354fa929c8b86;;;;;;
6852477a20a4e87b64fa213d9597d61e;;;;;;
e14607d83361c564b9b300df12aa834d;;;;;;
5cc3be86a31f1714a322c2b573798bbf;;;;;;
13635d26d3d66e73df3226a56ffce9c7;;;;;;
bebd8edb93083bab8134bf7511c0a6a8;;;;;;
6764be26535af59d3889e7d93c1401d7;;;;;;
720669e381ff3ff31bb587feb0d923b6;;;;;;
1ea44feedba98f3ba4458a0983a6580b;;;;;;
669d8bae196eccf41e1340ce53288172;;;;;;
514feea530ec327a08b4f832c7e46a28;;;;;;
20f3195e0877a5b48cf0d1283ff10a0a;;;;;;
9cb87bc37671f3f2db462c24e464b3ea;;;;;;
98fb3efc1d8f216bbb3ba50564911389;;;;;;
8bd6a8f56063337c8eb1bd1602400de1;;;;;;
ce552084fa46be6c15cbf59dbb566874;;;;;;
bd64d4ed65e35170da5be1553cd63e50;;;;;;
66805e649fcd5f5121878448df0bd885;;;;;;
edde4cf9cd509744bef57eb2d3e8cf18;;;;;;
4d265dae58c5a3fcb79cd21d94f7fe7e;;;;;;
c1bc258a60d6438cece580078a4e8ccf;;;;;;
cff66f841ae381186f6b43146d2fa9e0;;;;;;
bde6b6be1328bf247633af458a5c51fc;;;;;;
b64a29a7ce703380bc52424a03b9aa08;;;;;;
89c9ddb780534ca64bb57f19ea4595c8;;;;;;
bb64b963b7c3084ceb1722b76d5096e9;;;;;;
2db06cae0b3f9f53c327f0db9809b468;;;;;;
fb08939ca0ca759fa07c20180696461e;;;;;;
341fcdac9c9e08f64ad63dbb0caf7cf2;;;;;;
7dff0472060f92fc8328c9ab67988518;;;;;;
efb41dac9e0ead2be56b39f504dd866c;;;;;;
b79cd1f297edd66cbfd3b073dbce84b6;;;;;;
5ce693c459d6684bfa25cd8ad9753413;;;;;;
70fb49aa1c4ca5b1b50cd2ea4ac0ce2b;;;;;;
cf9b7111f1c48f118242a8c353f6964e;;;;;;
e4ff9b1c179861fd264620981d8e3677;;;;;;
d028394f98935b855d9f6154649a04d6;;;;;;
c28fdb6c97dcc6e80a9d9a242f4a113b;;;;;;
6e0a0abacd440a941f23523ec159f1c4;;;;;;
d341328fcaa80aa5d0f0d275e1abbf98;;;;;;
8210ae48c6dbae857e195ccff083befc;;;;;;
2d5a06de41eb2a789cba9c8bd3bfbf54;;;;;;
f6af487ba4107abe99533f81f4f4a6ed;;;;;;
e87d3f76742dff0a6901b9ac269c356d;;;;;;
d4f1d20a52e2698a589f993269817bf6;;;;;;
da2d6f213938d055ddd2c83d9ff515d5;;;;;;
ef32bf7af736164564d41ede01778863;;;;;;
df2e2453f7d15896e503f2d48aa2720e;;;;;;
076b53925888344b86bb35851ba5c15e;;;;;;
7009997a4239800f6768c28ae7060b0f;;;;;;
36a26300725bf27f346852e619723f5d;;;;;;
550ab494b9b036043d3ada0dd3d66131;;;;;;
92ab06cef2dc4f68446cda8efed1adf8;;;;;;
791d2ae35f52043c552aaa30c51cc20f;;;;;;
12539ae561cbb864619a9f0322464f93;;;;;;
29e13f84a91eab53d37da86ea6343a5d;;;;;;
b5158d7301ffe33d20f5be6434ed1e56;;;;;;
2b211ca051aa7e7b8ece7f2a5d9f0628;;;;;;
f09d8dd1b70aa36e58936fc861c92dd4;;;;;;
3c751121837a576e23b2fb3974db70b7;;;;;;
5e5dd193bbf455cefc5e067cfce614b1;;;;;;
51c2ac6cca92fb2cfdcdba412a612ac2;;;;;;
d33d9c4be81aac28a42717ea0867d3ee;;;;;;
e17ee820e6e6527569b65d1c46ff1b18;;;;;;
8df6747be8ba3ca684240c683e4ce971;;;;;;
1a43a079ad75f725e8b75da83f4f6a15;;;;;;
6d0985151f7e60011ed3d9804078fe87;;;;;;
3946a03754383d6e470652c0743f573a;;;;;;
5088daf242a4fef7fd5fa3dabc5840b4;;;;;;
be3741baad75862f392abe31e87277a7;;;;;;
1d3ec45b4eef4bb01a0eefbe67a9ce43;;;;;;
0ca205fa9c04a11cbb278f41e061163d;;;;;;
a317eec9f5f837e428eacc0e19f4d29d;;;;;;
3323bf673fcd65c7a87b115826ca56fe;;;;;;
3f9392d78c9d3c7cc98d29f7e095d2ad;;;;;;
924dd2f9081d8f27d02153b919b43817;;;;;;
28778a94852ccf315f11d666cd304f46;;;;;;
cd3cdd5dcc9e367fc0616b6db1abc902;;;;;;
78a17526a245946a4349b4ae0746a1d5;;;;;;
2c82ae8f9533478788a9567f9f7a321c;;;;;;
f595a8b5098b4757bf7b2f96ce2aac63;;;;;;
930986e691507dcfbc666180c3a6aa89;;;;;;
eeb29bf09312f23137ff1acd72673613;;;;;;
ef2abdae2e2e767390d67d69ecd3fc55;;;;;;
ee960dec1364d625539320f9171791ac;;;;;;
fdefba1ac9bbd6bad31e0b12d0c61130;;;;;;
9218136a634c06171142df9fd6ec2873;;;;;;
0cd791a538a5c0130a00a87a3d6b3408;;;;;;
f991fb029ff25c3c5bb7e6e2d62c8878;;;;;;
24a1e6604902350a2a553bdde1ac3407;;;;;;
08ebffb89a7e22eec1231204abb5bff4;;;;;;
e6cb319115d634a8a8c2ecae75752b28;;;;;;
1ee320aa7e8737c3c6eb735ab4eeea6f;;;;;;
6389104f878582ff76d1caa2235445d1;;;;;;
21c74977e0bbc44deb12fbbbf6f27956;;;;;;
b210b2a954efaac8ed18de4990a2e184;;;;;;
97c697a1cb9e0573ef3e1cdef09164ce;;;;;;
46e08ef4333a010169b0656f3c3401bb;;;;;;
f57f8bfa8b546f06e4f05d0a75bae98d;;;;;;
1f4a55302adc45ef8469589e6f00af3d;;;;;;
3412dab9c6ab67a6cfb93f930402fcbb;;;;;;
5e345585feac9e7fdc8d2a59ea0c906c;;;;;;
8d28ff836f6ba972e67258dcff1fd68e;;;;;;
121bad7326207846980ff2400a8c58f6;;;;;;
1d9d1a2315a54d801f53c6bf24ad9166;;;;;;
efcddeb5e4ef417561b3caf6cc5426da;;;;;;
1545095e9a1924c16e3032a97358d08c;;;;;;
7775ca5b7bdb4fcf8773ecdbffb72714;;;;;;
3eed7932cb33c95c4858ef9f45f02655;;;;;;
845193413514ebf364ce1aa0284ea192;;;;;;
896e6677d5951b469716233a1864be76;;;;;;
b5516d5072902f726e66dc76e64b0ce7;;;;;;
f17d3d46f65e4d9db3c75e0e9ca4dd22;;;;;;
a87b0aa277bc6bcaae4f5cbc8d208688;;;;;;
824b047251d15f490700f9126aec399a;;;;;;
18f7d4f08d49de816e15e08283e57f78;;;;;;
c08c52bb51e4e0a562de8a86e47558b1;;;;;;
8eac7fcb43070fa77092aeb11003d7e9;;;;;;
df635845f73b38a492e419e93830ef21;;;;;;
6780ca03ce5f27be3450fe35a8de1bf5;;;;;;
2a9b33caba4586d51f53c9f2f0afee22;;;;;;
0dd25908bb0b506fc00d697ed7c513ba;;;;;;
dcf0b63aa4090b434a06c496f1c6184c;;;;;;
af8f1cb6525614430b82d58d0d96d6e2;;;;;;
b0f97b2fab61f2262eea0c5035634cd2;;;;;;
8f301aa23e93086ca707ebfbd8620977;;;;;;
75da95051fa9ba2cd9c31f7516d3fb8c;;;;;;
e6dcb315bd3fe93b4f3ed7393baba116;;;;;;
707ba03584ad3e068b369bb9f44fb935;;;;;;
40496df06ccd218cccb1514efbce056b;;;;;;
7bf175833f0d1dae79f7ce99b5633461;;;;;;
8b45f2fb4a4a61e3b16e12feda3fb58a;;;;;;
195e966089cfa46cb080fb2cb757ed6f;;;;;;
fa49f50cdc22c7f3e2e1eeee9bd55a74;;;;;;
bee66c22d78a902648a67599ba76cec6;;;;;;
ea2f90d48305b8a4c845806d3fbd451e;;;;;;
f1cb3dc23cd443e673f6da5b699847d5;;;;;;
ba05ba1e4553fc8ebe8a1d62c3fb2163;;;;;;
e87fe4b54102827dddbf2edeb5aa03d9;;;;;;
6a08edffc5a8ca4ef6c5c88778c84e3a;;;;;;
5afd7a43b998ffb5a13441bddcc7aacf;;;;;;
f0f0f4851651a60210546c6c300dea6d;;;;;;
5ef5da4df6446b6b3d485f53c0ff49d6;;;;;;
cb6969f0a6a2b40d0a9d90636c16b621;;;;;;
810abf96aee6d60539b1936d803a2d47;;;;;;
962dc8b07105ae333a1edfddc7c5ee4c;;;;;;
a876f8ca6808295392d6eb82463d76d5;;;;;;
4c29a2a85e5d482d03872d8a80a63450;;;;;;
9524bf92df17fa72db463b39cb429fc2;;;;;;
152a5da3f393f8834c831762af166a8f;;;;;;
1704dd9174e04de9deac4ff827bf79b8;;;;;;
81e92ef7c55f3c0314eb3232e813743a;;;;;;
dd228e11dc9828ee90eddb63c374af28;;;;;;
6313e002b9e807cb643136cbef47b17f;;;;;;
b11a1b7ef5cea69ee3d38f5dc21e1212;;;;;;
f54bf3a056735c53c6a394635c05d537;;;;;;
29f47fc72c0e55e07130279e1d8d1f48;;;;;;
5f10139203b056f59fd578bba24faf11;;;;;;
0746dbf708087b5e33a06cc3c71b8227;;;;;;
d231574ece02a64e194d4ba666ca220b;;;;;;
90b2c704d9e1957a85a26efc9ae48e9a;;;;;;
2f8ef913650769d9a1ce22998a3157bd;;;;;;
b996ba7b9cd8da4cd9374f271fd2d46d;;;;;;
566d9d57351d219b08abebc3244ec124;;;;;;
097ac41fee2db43b50912149e6413e8f;;;;;;
02a1e88b9a6e950d72e66bb6a207ea0a;;;;;;
e904ea01c7d89f3d4a1b3951827e6abd;;;;;;
af6d8deb3ef7eca714aebda1f38e7731;;;;;;
c5ba23544aa4e230a6c4efc9f2662284;;;;;;
8afb473e4a205351d6223c2681871772;;;;;;
129957a49d189964fbb1f219cffad790;;;;;;
cf4a0f634bc80dd3619d26bbed31406f;;;;;;
5935a23e61b096003fb31bf816cc47aa;;;;;;
8c86eb925e1cd6a4ec335aa41b51552d;;;;;;
4a76f44187fec824777e722f8ce7f470;;;;;;
b74eb16b021aa7c1a05d49799bf57e13;;;;;;
985364122bd415aa3c2d5d7697138d66;;;;;;
f0e285badb558902e6ff60b6938826f1;;;;;;
cc911226e19e7b30f1e65c859cbcd0ff;;;;;;
a35f68c32ef8d94fdfd8eddd0cb92211;;;;;;
097fbc19fbe5a62f99d42b7676c9b889;;;;;;
f39d86cf63236a0f33296ba82eb512be;;;;;;
a463b7f590d4dff483b7532c1a287b77;;;;;;
90906ebba9314c828daf564f0e476207;;;;;;
9e8a3fcf9eb28b279971a5ff272e9ff8;;;;;;
03d9e1ca6873401bbc1705c423c17a3c;;;;;;
8d7f33912c3924b45cfce57939c509ab;;;;;;
2569f73ddc787cea9c7bce28703ef87b;;;;;;
c30db10b92c0cc4d3d7eacd4d9c0bfee;;;;;;
f131a6022743ff6c63107573273d58e1;;;;;;
46cecfbd61209b553985eb658fdd26c4;;;;;;
5c851e33c48d986271d8995a512af3f3;;;;;;
3ffc1eab553a22475a14f9bbf2e3ae48;;;;;;
9d11ebc786470125878bd9c66c9d616d;;;;;;
0cb5dad88ad0bebcdaa756e60af7e52f;;;;;;
b9ae34d85ce29fd5258f7f3106358c36;;;;;;
984108d112ec57f80258b878b6d8272e;;;;;;
f13c1d1d16364427d7a23fcad2ab40ae;;;;;;
7ed34563a5a0473fb008daacb9e3f655;;;;;;
85c3d9c4a0c410fe7efd6e5bf69dd7f2;;;;;;
80d7bad06c671f024a3a5fa1c782f8ed;;;;;;
33356b06cbfc5d1eff9ceb1cb2d3f45a;;;;;;
09708321015c7a0aef2aa3f677aff13d;;;;;;
dc2d963c1dcbb522c040f97696b79066;;;;;;
239e8ca66b4876629eebc10bfe7966d2;;;;;;
4a5063ea1d714ee2e3ad0ef5a0f3eaf5;;;;;;
ab3a9fb17bab016344dce340237ebbb2;;;;;;
5c3c28009b05a73c6da68393ba79d5ad;;;;;;
3fd210c72f3d6ed04ca5d832239945fb;;;;;;
1a716812962e8f33a65ec58202f7dfc8;;;;;;
0b737167a4bdaaa9c66a6cce602c8fbd;;;;;;
c047d3dbbcc75c23cae021d218aa326d;;;;;;
e802beaa3f5d316f2b50b15bfecf2d5a;;;;;;
788d5f64e3efdb68a15561f1e0d57856;;;;;;
d1f5ef45855e7af1281fd2c3ffb76e2e;;;;;;
f4daafac0996124a8f67a9929f9a2de1;;;;;;
de3d7ddaf2f453212a812028f1d6787f;;;;;;
625b56d03cf770781592c555fb7078b7;;;;;;
66ef5c46b33467d10e1c2dc804e77c6c;;;;;;
b504080612b0233014170be7557b85f8;;;;;;
b86e4bda59d79d6b8b8581471f7c2d0f;;;;;;
a5d95bb612f6d4f9ffd2cccad80ab0f9;;;;;;
2ba38610b2b979d53a0727ce97a58c86;;;;;;
36cf9b1ff654823f233be3b24d820623;;;;;;
b7535822297123fef7eaf5449b93b238;;;;;;
071ad34c4a2eac3b33697d9fffeb882d;;;;;;
5cff08952fc5b1ca954bae74cfeac6c7;;;;;;
12afd4c8b54426fdd5b8486db9b938a7;;;;;;
099eba93e3c81237fe210c6617717d1f;;;;;;
d44a8442fa99a008f4234727e38c906b;;;;;;
33164dcc3239b86724869e6dfc381261;;;;;;
14dac083f6ac6e297b19615baf623fa5;;;;;;
e3aa6d1dec0f963d42edb647b72b9863;;;;;;
b3426515939ea0f7fbfbe736b0d715e6;;;;;;
d38d9a45fd445b0dcf4a631a40cabcf7;;;;;;
2d3a24efba581a813e3d640f53e3d102;;;;;;
c6415bddd40dce052631310c8ef60718;;;;;;
c057388acd54e8bdf709dde5d1d0bd24;;;;;;
99f8182e037fecbb5d0838792a4c21ea;;;;;;
832794715f55510c5ef9ec8340dec50e;;;;;;
211eaa40f4e8fde6b9448821e9732d39;;;;;;
67f599fbaf66d79d41ebcd93dfed61db;;;;;;
a97e4738b5fb07f366b7cabc5c305878;;;;;;
6761f57fc1267adc5b4697c1c3cc5e80;;;;;;
2243f6d37a89f30218f8ba7ee14f1be0;;;;;;
e76ba41604c80ef7c96dc84c488108b8;;;;;;
df3318509b62d14955936a7f1db0869f;;;;;;
ef0b0ad7267ff593c338812fd8e0ca87;;;;;;
d8abe3c0ce6ff57e06816b9bb7244d8e;;;;;;
6685f161a7172303c0cb631844c3c854;;;;;;
d96259b18fb3695cdc2c5f3dcf2a22d1;;;;;;
12d59e5f6f8edc7fbaa3441115be409e;;;;;;
83927d7a45dfebec086810e6efd0a117;;;;;;
a1441c3d421fdd811f7654d089666987;;;;;;
79a4e00e5ed0d9d2e45dba4ab60f3e5f;;;;;;
afd6e53495e818dbbfb4c517c803097e;;;;;;
575bda52e6029b33ed7bc844551b780e;;;;;;
583c9299ed8b98b8fe54fb99329770c4;;;;;;
92c99d1afa63e35fb508e31af45bca7f;;;;;;
b1b3d10e6744dbd1b916eb4a6aa05792;;;;;;
9959d00908515e0ce227f79bd48060fb;;;;;;
26e0040dadf613edc7385b950ff188b5;;;;;;
38247715886a7fee49e1e6bf8ca7c5ae;;;;;;
6de7495651adfd53ac9b6646d45186ae;;;;;;
20af6cfe4dc01d94745bb84687fa5fa3;;;;;;
06301741c9da0b571f1bc5132e8cd31f;;;;;;
e3cf012115ce136c663ccbdf50abc33d;;;;;;
a8b41ca58fb3ac6f43024cbc31f5a972;;;;;;
4b991260fac66e266d4851c0b1a5deb1;;;;;;
bd8898d6d1a40eacd5460868dffb4227;;;;;;
918f1c2f0645e363c4b9ab21fdfd4c3a;;;;;;
120e24043bde6edc20fa08e440117953;;;;;;
2ca61c69a8663fed979e7e5ef4737e1c;;;;;;
269852548b5011591203fa414206bb58;;;;;;
f87828c0b88860883cb7f52cb9c0e793;;;;;;
23940e9ef9c07af0636c3fe6b3f75e63;;;;;;
5a2bfda2053eafe9add39f45f363a87d;;;;;;
300f8366d61f201e29b689e6562101cc;;;;;;
d97d1f5e3ba24fdb52e83f4937d933d5;;;;;;
61a0454de72b10928b45814b71f2820c;;;;;;
7d92d90c8e2e9caa8d8b28222a1b34b6;;;;;;
c4191c5db3fe4f5c4c034fa5e4b40095;;;;;;
b3ce1994c557af9c92e818699244eac4;;;;;;
4544761035878a44682423c13e396cff;;;;;;
263d9dd66f9e2f3bb88ef3771fbdf7d9;;;;;;
7039732ad6fd5edd94a8ea78f202b826;;;;;;
05ecd293396910e3a369010711778859;;;;;;
3af588771f48ae2c548dddd17bb80d90;;;;;;
523203dde2db5c122d62f3b69b56ab56;;;;;;
1277005e2c8afe108ab882ea7005df0a;;;;;;
b881185c2954f3048388c5b3b55e5f47;;;;;;
c2e6bf162997de2c7898f777ec5e3cef;;;;;;
c9f856e7c21198c3dd959d8c992407a8;;;;;;
2d73189a39191d89af84c00b244e0f4d;;;;;;
9223c556ad3bc8f6bc6da6055a69a49b;;;;;;
58da53cdf0dbf5857c08d41c3969d50a;;;;;;
891498d5afc21edbeefa5f45e6a6fdd9;;;;;;
4b8b0486183cd03bf6424a72d350ec3e;;;;;;
e95714479cd64c55ac7de6bb1470ce49;;;;;;
fb68dbb645f201af211368d9896bb337;;;;;;
cc7a0a553e9df7a4cfd658524478082d;;;;;;
427114abb914fb7d8791f3e59d888eff;;;;;;
7847f27edf3f06073d76e68a8f0c60a7;;;;;;
eaa593a5e0055caf9bf37ccf991c39e0;;;;;;
8d31cb999fc0c51d98c7fd5e7bd308fb;;;;;;
34ae8f3631903e5057586820aac6abb6;;;;;;
8491f0830b2c72f470339f89a41607c0;;;;;;
14f8898340d1b602cdb7636e69102ffb;;;;;;
2a157f0fcb355d8eb6955fa9f8778dd7;;;;;;
7625a2dde777339d6d50a47a437586ce;;;;;;
64701f55967853bff6caf7f09cf85b8c;;;;;;
43f664daa322eac0ca9435fe4add649f;;;;;;
c7c7ccad6ce7786c7c7cd11f7503f60c;;;;;;
0554b7687c589f83c4a4b7d6df3b93ec;;;;;;
2459a4c826ec0c1094e021cf66862d20;;;;;;
ba4cff2d3d669b9b1eef3a623241cce2;;;;;;
63f6b7d3fde692544fa3bbd3ba48fe26;;;;;;
43bba94dafb08bfc113728eeda1b146c;;;;;;
3b29296fe8b5aeb5fa1b81fe9105c5a4;;;;;;
98651b0f910821c95506e902a4cb5fc9;;;;;;
e77f378b14d7bf2c5263c2283a3d1f2c;;;;;;
8e00627214de568438d74dad817b98b2;;;;;;
b1fbdbf859f44a8416f13e126652a772;;;;;;
e275f03971b36af4648af9f414052c14;;;;;;
b277213f29bbb8089d8a2411b99e98ab;;;;;;
c8b3dd29f81cbc5daa27be97d1c6c6f4;;;;;;
355626654c3709c16e307543ef774053;;;;;;
0baa78a4804836c5bf85259f6191b218;;;;;;
373ba175749773277b64a36bb553dc8b;;;;;;
051c1bcb3794b24f697574d4d3cbd4f3;;;;;;
e6cd93f8c8c9b00910783441f7283439;;;;;;
a8f8beb21cf4f8379f30b9acab3f747d;;;;;;
c644524f407932f0dddb6439e50cd734;;;;;;
c14f5d22cc362dc2cebb060bd4e39c97;;;;;;
d7d4b7b192863f330b3ad458dddbf0e8;;;;;;
d6707f451003a060fe1a8918b5412a6c;;;;;;
32d0ed7152295aa860084f790c6e5551;;;;;;
692bd9a288d62215ec54a921d2ecefcc;;;;;;
61179182fefd8bd803977690cf7a866c;;;;;;
f95c8d659fbec76225706e2d045d84ed;;;;;;
b6a5d853e2fe6ece559a335b944f4202;;;;;;
72116d0f109a502f5633749b063477d0;;;;;;
dbf8519b856ee5453b2c0a86000562b9;;;;;;
7575df777f27c019a80560f7573b9cf4;;;;;;
181fc23ee3a6486fcc4de1c72faf0ed2;;;;;;
7c1c33675075952e1fd09a5178c7549b;;;;;;
f514adc5ad7fe2fdde350f5e6a20871d;;;;;;
1660c4b453a999a961e177615a5caa15;;;;;;
3daea1a4e5f0e2cecd1617e29d53e49c;;;;;;
57607acf44e8518de767055f7cfadb5f;;;;;;
982d327dbcd5a4aaf563f191061a87ec;;;;;;
1dbe87bd4998af80798f031261e7b760;;;;;;
02d62d27773756d59ca69ca46126927e;;;;;;
faa9e5f101f80dee1de54d994984dc10;;;;;;
094472da4a6119f47bdebfa6d474dd0a;;;;;;
e97f8ce6967fdeb8263bc92c903143d7;;;;;;
da2c9679463cb2bc7be257a4f56923e8;;;;;;
41f3c2d60ec3330a454f000ab27cca18;;;;;;
b9b6e7ba1d0a9359eb4c1cb2bca90267;;;;;;
bb8907c04780a03e6d10b792e2fa557b;;;;;;
d3d6066ff5b3f6b99fa2323839eff604;;;;;;
85cbb9f21c8b1b5c43a4aae41a569061;;;;;;
f654ef056d87438e28e1f89cf2f494f5;;;;;;
aedc12b6492e57dfb96ed02d84fac7dc;;;;;;
d2a778bedb650d5439a0723b59d0d6ee;;;;;;
f4462a2b1c2daa40d7cd15f500c88d68;;;;;;
1b014691c0b7c7a208889e95b57d8da6;;;;;;
1ea863e31f51061f2ff3002f16b4f680;;;;;;
29a67f29f84810edbb95d83f2140fd5d;;;;;;
439020c867f4171398a4d971e91d4586;;;;;;
3c862065a56b5a8ef94f244cf5d7195c;;;;;;
1813512956b8ff79a86a469a60922b43;;;;;;
40f3c7c714e6a8bbb43f81e81b572d05;;;;;;
715df5584aaef16902f7990b6ef772a9;;;;;;
c40bb2ae0176cdea8e89d5fd4af0ddcd;;;;;;
3b6057f1b91c3010a2986d71843e01d9;;;;;;
e8ad3a8690ff898e932639199d6cb308;;;;;;
2c108081303716bd2ced8d1555536943;;;;;;
5e705ad2042b326cd4045fa7d537b21d;;;;;;
2079dbb9cd3da996aada62f44fcbbe47;;;;;;
46e1426d5f02651e41843cc34f5102dc;;;;;;
4a78a94594783de1cbc67c5b524bd2cc;;;;;;
d243d76d1f0b14834daf047b76d0d3de;;;;;;
1ec5a2d9fd0ede78c5f99e020bff4e9f;;;;;;
cf71b31070fe5cd52e66e5388501f3fc;;;;;;
5b307ea75fad10c948b6a1a856e731b8;;;;;;
f35d7907dd685c4e70d5bb783dc16f00;;;;;;
9259674937f7eeaeb2275e58485ec9ad;;;;;;
859240ee96f462751ee868e884e1c649;;;;;;
db4f333c2a9c9b2da7d1f25bf286f88c;;;;;;
02bc218a215d758cfa4bb76cafee6cf6;;;;;;
a8aff4a9bb8b509b9e3f2eb2302b9bda;;;;;;
4fec2e6cc1f99c4e2aceec964282ca66;;;;;;
7bdef9928bdd71e65454acf8ce188872;;;;;;
7c31c7eeb924a38c88f1573ce1d43d46;;;;;;
d99139116ccdd7f93a17901d077de9fe;;;;;;
3e9f97e973d4123a7702b4ab2fa0ba68;;;;;;
8aed40b1d639d3cb4d6cd54d6a8a5f27;;;;;;
448922647a0c33a8012ca7a267abb92f;;;;;;
7cea2f115779ae8501a48e1b2a9d6ec4;;;;;;
7f4beb72d37715e5497fc59ccb7ab687;;;;;;
3bc821c048e19afb0795dbb3d5c1df0e;;;;;;
9375b6dfec7686b0c3ad7384805e6091;;;;;;
4adcfb45176772ba6e7672c12b200ab3;;;;;;
aec8874a2c4a8263a2c4a6ca3c14a751;;;;;;
159e64fc157e399989343052c2c0c1db;;;;;;
96dd89b23166178c9edfe405f1b26736;;;;;;
c32170408855274dd072406ddfea656d;;;;;;
7189156b95aace7f1a348f02d94782a8;;;;;;
5e4205d96c1b7151c7e35792214140f6;;;;;;
75a80a76441e0a2f77020ead4dca683c;;;;;;
6a141d3dda1ef8334309f9f82a647ba2;;;;;;
1614cb9771c526f3b58422e422bca849;;;;;;
e67d03b17784c8315d4f39276db8dad0;;;;;;
3228b623e57e265a1a96f0652927e6bb;;;;;;
c97c3c62683de7d4c333ecc8e5c2d594;;;;;;
cff1954964cb3d3eb3f14a293735e9b2;;;;;;
47820d51af2a421fd0fdcf5a0eed3c25;;;;;;
9ba6a1f4a4368d9d8ed1c4c812d54a71;;;;;;
9bb4380a96edad1f1a0c59497c00504b;;;;;;
d79907ba90f515ddf1967f5e3c73b405;;;;;;
ad496d29d921889e84ff5e8bd827fa86;;;;;;
a74e2c3aa87435b520985f7e7ce0b65f;;;;;;
cb82d2185133086a4ffa840d83cdb0ff;;;;;;
755ac7b5653bc7ee6e9552f03f7def9e;;;;;;
d8940f0427dda3cca42c5bffefcbdd13;;;;;;
af2cc3bef7789d97cded6e801913ff2a;;;;;;
3ea116b13e2e5c8652f89042458df319;;;;;;
83a214e3d79190582953a97220173e9e;;;;;;
75ee2dd1eb2937cf29304c6ef8f243d0;;;;;;
b06d3fbb9d01a47c60cd86d866803384;;;;;;
df13c4e212c2d36c2674ffdabecbbc50;;;;;;
eb558bf04ccf212701b31664a9d4384d;;;;;;
744b9e94db0e0b0f58e5913b80a8651e;;;;;;
0f5b5b4f72b04181692b75f08f0df975;;;;;;
1e12b47682cfa12860f126141b9c9ba0;;;;;;
36ab40c9457af825373782183c234a5d;;;;;;
a458b85a41ae90145aceaeb94a9f6f46;;;;;;
3df64e5dd3e00577eebfaf96a9baf165;;;;;;
3641402f973d039550b1c2c6eca8619d;;;;;;
e84b8eb1eb4af2b257dccc267cbf55c2;;;;;;
93f9b20159b6956063facdb23f90cac3;;;;;;
df0f74dd18874c6cc584f2ea5eae2b63;;;;;;
c0d9fe6c0e998ce095d3ebb04e15e23e;;;;;;
01b048295e2215f7da5b01d1deb582a5;;;;;;
e784aa71e597b2f29766c1b9c0b7a7bd;;;;;;
9f5057025650675058af8fd5d3b1b928;;;;;;
2f7393ff4abb6196737b6f63554dd9ba;;;;;;
43b4d47c060a5634445c44369c1d272b;;;;;;
5ee2e8a2e97ad27325fd27d113533fd5;;;;;;
4f91f81fa735c04e2a652bd02c0e2212;;;;;;
3a33bd04e9bf104a7dc4860cb3e8dfdc;;;;;;
13184f647d5fed516f73ececacb9155c;;;;;;
9fb18c21c87cf9c0227898069ec94ec4;;;;;;
36d294d30a86787466d506c5170e55c3;;;;;;
a23cef3042a467ec8b455ff30497e08e;;;;;;
b0019aa033886a3dd9ef41b2a606f61c;;;;;;
b5ad1faab113550f4cb0464ee21174a5;;;;;;
9c17657460faf760e2f8ae6d572e4333;;;;;;
72224d8a51cb4408e3b73a487e2ba444;;;;;;
8bb8d6f976f9e3884ea57353f713ce19;;;;;;
bf7fcd5abcf6cb4cd7e4c4c28362d1d5;;;;;;
c13b4b33ba70e53b190961577741c02b;;;;;;
df59fa81387a7958dc91346bc0b50233;;;;;;
01d7cbb922c65a47c7dce8736b763c30;;;;;;
492c9071231496386769a6f4f7d5f7e2;;;;;;
eb9e634bcc0b602366c6c52624776985;;;;;;
93859fd0e6d8453468eaf22f3cfa2ff5;;;;;;
06234f0b8dd9d4c9046b0a642a40989e;;;;;;
cd4fc9d96ac25c2b63fdbeae97beaf91;;;;;;
e871fcdc63f8bb2bbb619537c162ca7c;;;;;;
a70c6839f424751b84cba3f3be976cbe;;;;;;
bb2d5ad89862f8685f08a9d2e26f10a0;;;;;;
18d7f166d98adc50475b7349da33da16;;;;;;
3511256ad34871064ffb042c2956f4e9;;;;;;
15bcc12acf396cfc29df75971694404e;;;;;;
9ce5360342b9884cd0c8f0aadec14bcb;;;;;;
c8f935d8bab2585f596e125977f8041c;;;;;;
5fc3d105cdcd554f25e4506b9913217f;;;;;;
36383fba12cdf3a48ef71af0a5e6453b;;;;;;
2e13fa19acec24a698898be1250f0779;;;;;;
473c29d082a856bcc6bcff3198240786;;;;;;
4405e280eb827d5e78f0ac64df0ae1e2;;;;;;
5e75dc0c9d01cd90952ecc4f949c04e4;;;;;;
4cb5bb91d3c4e3c15d14cef12049cd2c;;;;;;
b466b491c9fd3c954f731d01af1eb6c0;;;;;;
343645e54decd8a730173eca7c216980;;;;;;
0e17bf9b0be49d64a2ff0e8d34859011;;;;;;
2c5560402c72e516846cd3ca0eea7a81;;;;;;
9af01cffd66733db9b5b9c0d4abfcc5b;;;;;;
9d22822f41f4a0cb1dc6a1c49c396357;;;;;;
b2b25d8503c3c47796e3b31bd7e07ff8;;;;;;
d39922fb206f3bdbeeb203259e1ced7c;;;;;;
c863219c16e3833d51a696554bf39d63;;;;;;
f399254130f4759ac74416839faabeb1;;;;;;
efcd407f72b0c4445b7a0656f5ec6368;;;;;;
b44aad16f8af0c3dea49e87807ab47e5;;;;;;
b62a52530c84c8aa63d111ac26180c58;;;;;;
9ee2816f24763bf12d297b957a7dc2de;;;;;;
b9c53c545074a73c2bd48673102f0497;;;;;;
f58293205bdfcd3293bba7ed16b3f665;;;;;;
a900ea45da065fa5142c76bff25f8da7;;;;;;
d703e8833b8b4aa2a28206a6a799db3a;;;;;;
762ebd8e686606a01c638535871f42b8;;;;;;
87eeb7c2a1b4fac19278e592c3fa4a0e;;;;;;
39d33bae55dbd706f64538f70f8e0128;;;;;;
6afe2cfe646e6fe5d4d2348c7d37fb12;;;;;;
32c92d510b38965efda2587f89e002a5;;;;;;
8076ba69a1ceb4e2cbc0512d97078043;;;;;;
ffbe3075dbc2f6b10336f467105c5f60;;;;;;
cb61ecd31ebddc73fed09ce2d0c4a647;;;;;;
e60424c6cba4781b18e6b01f428fcea1;;;;;;
739f5546ed0429db506fad0b8851cd4c;;;;;;
3dd52e887864ad67e849a35bcb6ed4ba;;;;;;
7d44c45244452450f2c0bad39a9c4197;;;;;;
f100ce4d306242faca49c42decc539f9;;;;;;
fe059f3522238a533f538948516d9fe8;;;;;;
5e14bf1a6c3cb1ef45aac0a8bbdcc76c;;;;;;
4c0f7b5de596ce2c664d0eaf76c84b9c;;;;;;
090a29e357b392f28d581aeee9fe57f7;;;;;;
b803b892a7d01ab55925321ae3502fa3;;;;;;
f75ca10666a74a1c0631402d0fe35abb;;;;;;
bbfc4d812d6be348bb30eb22b74e33f1;;;;;;
1025462db747c4f614b54a5438e4dfe6;;;;;;
4b3ced18034d3e33bc7f0ee67f934356;;;;;;
c56d690e7c6b8ac052c07a5a704c4776;;;;;;
ddc530355d79176e57d787334af66368;;;;;;
8a7286fb15a413b880162cfd5a2c200f;;;;;;
ca3687c0155133a1947f7e0738088d81;;;;;;
eeb9ac883b5310dae0ec45af4f20900d;;;;;;
606327741e71ddfa353f95ea4fe618d2;;;;;;
21f10e34d4826ab11c2fc7189f912a1f;;;;;;
f9c40ca533b9a2e08a08bffd974dfbc6;;;;;;
36bd9a0240514110b47dae38d99b038e;;;;;;
e047be53555e48ac30ab9e1fc1eeec81;;;;;;
7a5a083736f827bc9d7dd17750b1f16c;;;;;;
d870d9b5be096df5831adcf56e5770e6;;;;;;
5ac77b3b51dbae96576aa4cb985615ea;;;;;;
7f665aac0c11e6cb01d8fc40dcf01a78;;;;;;
6dc27194499a6a906baa22c4234d78cc;;;;;;
9eefee58495e856f09d8547777b60b6f;;;;;;
83dd5299fb547eb7fb2b15eb763342ff;;;;;;
95739bef4f190242346c92e311818c63;;;;;;
dcb70957a66c5261a26cb3f69041e10f;;;;;;
a4578b6b1787cee61eec792f238de6cf;;;;;;
ef3604b7be7993c55df15303eadd4715;;;;;;
b2c484355f8c71c480f2029158e53281;;;;;;
fd8c4c19e1aea51672c39a5f88eec94f;;;;;;
97bfbb5b0a78fdde32efb69da25fc487;;;;;;
7e4b26f649c6e93b73d628716dcc931a;;;;;;
a3959311c80accdc9bc69903d9af9f4e;;;;;;
99f7b826c78835e6fda8cea3d6254c66;;;;;;
d9be5c0ff8fc544f23386137327225d5;;;;;;
dd92980857252bfcdd0fc14b4644993c;;;;;;
d4f8ba29d966410483d56d55c44fe03b;;;;;;
8cbc8b6e907c8722b2decb93babd7510;;;;;;
019688b68590606a5d783efa64c35ae4;;;;;;
ec132226ee98c32eca845ad1563e8890;;;;;;
0996305d5047e26691258fba1336fedc;;;;;;
d2de790214382c0586a387da50020f63;;;;;;
3e7d0d0ace570e485f624e052176ac9a;;;;;;
ecf9d0a063faf8a06edd0a97e5f3495f;;;;;;
f7db39d4a84a6ec5ed9515e1269574d8;;;;;;
150ef7f52dcc6dbbc1758d65662e0669;;;;;;
5ae88eed04fb574b3ec8186f763d93da;;;;;;
6ed634dda1ecc1ca0f74648bb31d2a13;;;;;;
5118456b3faeab15dd3815f6166c9998;;;;;;
411b1a8df50b33a83e0808dc531368ce;;;;;;
c582cb2c131137f8fb9911a2ad662925;;;;;;
04874d9364b3a556776005f44cd5f4fa;;;;;;
c1c53cee768315a441073a5f21b3512d;;;;;;
bf3c60cfa7ab0fcbd18d557d41c85204;;;;;;
b8fbc40d71b327f0a00efcdcb672d5c5;;;;;;
be897362a10814daf52c91010a573bc6;;;;;;
94c53c7e61b356ff67796ba054dd3d72;;;;;;
8576ef41ee651374f47047c5960e1578;;;;;;
45ade36ffc9a5b00f900d686216fe0c1;;;;;;
e059457d5eb170d0f89c6cf897b812b0;;;;;;
0bbc3962c7b6cb1b29ae9bab20d74f54;;;;;;
d93a18b0496eb3be882ec1d3396fc24d;;;;;;
1d73ae20b1a3841f80a65d5302d0b849;;;;;;
739d41f126e4765a72d09e180dc19dd5;;;;;;
e91bcc738d1f8b5342d4f3c4c6beaf76;;;;;;
874be0d94af1ee903f6961b3b80d6dc1;;;;;;
ccdaa81d6ddfcc2db947b103039e91cc;;;;;;
2a3daaac6105042dd314d981dd497215;;;;;;
328fcdb44f1b2441b9de64ed3f504b80;;;;;;
4e79fac4fa7b92b9fa6d84dc0fefe938;;;;;;
8090166083d90a4b7b47a678af3d4b11;;;;;;
7692421ed186aabfb125b9394f9c0e44;;;;;;
6da0af22491fa3832f2e9ff64c5c77f0;;;;;;
773ad7468602a06b1eb0d9224367a0e5;;;;;;
1ae0f4de5d98c8d90e6714e5747a017c;;;;;;
d0fa4162bae4501c0c2d84e3c52b8f72;;;;;;
bffa69553a67af2998d23b0040baff36;;;;;;
464ee311524f074a47947f5462629f47;;;;;;
26b3b0b20532b8c514a050a195ef0b22;;;;;;
b75430b5d34255946de2869ea19dca19;;;;;;
7601b6fee40dbafe7041917754b51bdc;;;;;;
7e96893b45c1118aa15acc9ce33f4d9d;;;;;;
c39ce470dcd0dbcf5937e1742c1ed066;;;;;;
1a5325a18640ad6f76c2380d484da0f8;;;;;;
165c734e17885a776100937448be9491;;;;;;
b820df371379602648c4fe3b071d1089;;;;;;
8a48a7c53b9c6f16656a9ad775a8dfcb;;;;;;
70e0b07192304495074bc0c9bc17c3a9;;;;;;
8d72c3c593b38ff103997f5f8236ace9;;;;;;
7d4c65da0a410225af97b25040105b7b;;;;;;
f41aa91c02c0f2e17e7ae84a1ebb7ae5;;;;;;
a4797055f5a9551008381c232ecc14f9;;;;;;
77b4a7122b6279ec859a00e1127fb6aa;;;;;;
28c0644e299ee741823d38affd60a905;;;;;;
8a5f724114df2af59d4a67df1a4a67ba;;;;;;
e34a554434dd936c53a3713fc8a7e5c9;;;;;;
b3b23721fb3d8178f7d87b3fbe3c41ee;;;;;;
243bad03f0df408524351fbb5066428a;;;;;;
a2992cef2e147a0e6d2d26ec8b5d5344;;;;;;
12831143a6c99e60af9e89471df3056b;;;;;;
07bc6076b8df80fb6c4fa493be71a36f;;;;;;
e0a5b90381fdabe2befcf163b77520be;;;;;;
b6ad2fe265d0de05323d9b94d1a47825;;;;;;
fadb0c1704b4531a154186b6df9bc02d;;;;;;
3b4165f95d1638242e756af216eb26dc;;;;;;
00dddab996061f75dbf1a02650689be4;;;;;;
ec68949164e1ab5c744865d8e0859270;;;;;;
89dd3e7276c6e3e1d47ff870e550f62e;;;;;;
88bf34b9ecba3631b62878c1cbaa096d;;;;;;
0bcdcd421b53321c446851465a1962f2;;;;;;
c6f7f7acbf8c3b4c74d93287e9797720;;;;;;
7fe6ed929244891849c23343e5dcb35d;;;;;;
a090715f7f0aefc1492c05797a3f16f8;;;;;;
66bbea5807773e8365aee850803c66d8;;;;;;
2b8ed20b81da1d1ccbdda9e0fc41bb35;;;;;;
25345fcd06d0387d8fef931e4451d92a;;;;;;
3e412767876ddc8997f024ffaf5e6ce8;;;;;;
4e04236649161e2bbf5226ef9baa39d8;;;;;;
9bccd7e50837c1bcad48dbeb15127793;;;;;;
0c4237a62d9fb98bee9c89bb962bb67e;;;;;;
1bd57aa2cc0e2836a0bffe67f2841659;;;;;;
6af3042e80dc8c21057c07edfc15d836;;;;;;
004e65dc96dd90102d9f1255de2e16dc;;;;;;
78f3c3bf14dcb34dc783b3d5b6bdc5f6;;;;;;
5abde703db920a484263bbc9a1c66415;;;;;;
e2a1718e2f13164016ef9dd95973e859;;;;;;
1a6e6bfe5e01562d3693ce89a0812105;;;;;;
21eff1f00a8fb5726d3921580d200c8e;;;;;;
bfabe746be32a342bdf3208c59fac209;;;;;;
54a8cd46fb3df91666e3d57df43a2fba;;;;;;
428fd78f0d59b832be1d272a9e010c00;;;;;;
b8036d3fd523f241b5983e00bfbbd96f;;;;;;
a5490d149042da2744a3432a6969b217;;;;;;
b34c9b0aa5721e959bffdde7c8f46b30;;;;;;
ecae2d9a8b61538a36c2615aa046d34d;;;;;;
f05bd9b3927d0f43c3feadd38dee82ed;;;;;;
443c0948b9f1ac39051aefeaad5c3ade;;;;;;
b80daa5acf22a5656382d5e8fca92852;;;;;;
7668ede33fd7e9230425dcdcd9efb377;;;;;;
b0c575fc38e393d32cb94d24aabf48cf;;;;;;
81d6b14ddcd70854e8918acb7937a092;;;;;;
7b0094d7f655fcc259be9235abf61a99;;;;;;
47d4aa5e2d5fbc7dbf14d3b7fe3d6693;;;;;;
0e6facf2b8ed5ae4b3edfab30b36a5a9;;;;;;
2800fc8feeba85b74227347032aba4ae;;;;;;
88671c858c9234bdf0b45915f5367491;;;;;;
f07137b81e226f8232d42cb2afb0f96b;;;;;;
c2118763883ddd2aafb5d9c6ec58011e;;;;;;
0a18343b533d19e2be4d772a7b7f5a68;;;;;;
900cfba4f9638238c0fd304f062243ff;;;;;;
d4dfa694bc200e52e96fd8bb5e21e8a1;;;;;;
b1925046c77a2651db3f415696e58470;;;;;;
8ca54c6251226034f8f18bf18a87b377;;;;;;
0c8690678ef94dcfd1bb621a08e1ca5c;;;;;;
2e71cf9da6d897554da580df47238679;;;;;;
9890cbd204e6a699c16dae38efccfa5d;;;;;;
738be8737dbabaa182990ac78e5d6de7;;;;;;
b74bf428a1d2b71a3ed25287f283c117;;;;;;
e853bf28f415b9e94a9e51d305c907a8;;;;;;
9de5718297b991e40f5703f5ab317830;;;;;;
1ccd7914a9be4de382d4802d3a3ad085;;;;;;
18c782ecc5e99e534ad68bc4ccc6de3e;;;;;;
f0680b60f72f8e00dabdf261bfcc57bc;;;;;;
27fa5931d09c75b38afe0ececceb226f;;;;;;
5b85faf1db4ed1042bf61fc8658ebda3;;;;;;
048cd03058bce2369a9d90543684f197;;;;;;
e0120312d2b56f06b6c91f7997e7e712;;;;;;
d10e7007715c72a20a3d736cde554d68;;;;;;
273fce7caeef76ad0149d06d7d52b1af;;;;;;
1fe3ec9753bc88ec82a32a3dc878d83e;;;;;;
7c703efb0700fbb4a805379beb2ba3f4;;;;;;
c8296c5baf9787774f7dfbac775a83d3;;;;;;
e79857a839e8d53c4c58975eda35a736;;;;;;
0dd59920669b151d0820d169a6a11d7a;;;;;;
5f5a803b16409a030302dd191643399d;;;;;;
edc76ab468fcb235ead2a33d890e0d9e;;;;;;
16dd3b135d8792af95ac2a33528f2e94;;;;;;
df0c1d80a49312f330b310eaad9719a7;;;;;;
9a19cf34fa7d24922d06a6e5036fed95;;;;;;
ce7e2cfdec9c79cff247fbf5f41620dc;;;;;;
c75b1260b4897e6b5964543b5ff7859f;;;;;;
db04b44d72e2c6f2ab12339d26e439cb;;;;;;
3188bf73716074f96797fedce3d857c0;;;;;;
319d896098cba74f39ec93ebb2df094b;;;;;;
a5ae383c34914afa254cb45991308e67;;;;;;
fe8ca864555a736ca1aab3749615a491;;;;;;
d92b1baa8129a28ca738c273d56299af;;;;;;
27416548e62b15e07008260a6b07b67f;;;;;;
f5479dfe550d904db4c16e30bc9a0ddd;;;;;;
cded7d2d04df13c07f0f5db27b2a6cf0;;;;;;
a005ddd30a5dbcc505827b263208d450;;;;;;
49b192144aa4299f580f40d34e54f658;;;;;;
89b999e9ff162b14ae44ef4976b30b77;;;;;;
3d47bfab9ee22b806b36d4f233a51667;;;;;;
06f3ebc2029d6f8cf0db9b402d658cd6;;;;;;
4292e89ff2f6100456e14b3f109ac0b3;;;;;;
ff8fd0d8211df261b85fcaad4d09fbb3;;;;;;
0defa433a4377559570d2c8d23eb1937;;;;;;
97d6a8e4111e87ce567b06e9f69c8bc8;;;;;;
5ba49dad35cc09753ea8b08c2776da38;;;;;;
82a8c258bd8198205cc8e67dac23710e;;;;;;
9ceca5e21505389ab2dc11c7f6639c26;;;;;;
e8771918ef0f1ab3504b5548cbe10941;;;;;;
99651ab24270b075a131a128da1a20ae;;;;;;
139ba3244e7c35a8694d2736d0dc0b30;;;;;;
5cfc41d685ba1114407ab9bc53707d8f;;;;;;
8837c9888494dbce79ffbde119ce3b93;;;;;;
c479e421e1a479f306fb5ac1263b7d7a;;;;;;
035004decaa85b87b6f175dbc79fd62c;;;;;;
c3a08d77abb517e2c909a2eaac0aedfb;;;;;;
17bc69816a7daeaf04d72696b0f0c059;;;;;;
1eb5e3aa7b0f93fc4fae8b7c9e2a64aa;;;;;;
f4a7982f589b576bb485471d54b849f0;;;;;;
60efdb0db3005d3bf3247bb52591bc76;;;;;;
849b208d3ea73d3a26f29dfa00223eda;;;;;;
e092afcf3a219cf1e5d9f0f17be11b86;;;;;;
20fa62c24cb808ee67d3f13fa783bd89;;;;;;
e62a394392fa36cc4ebd74673da794c7;;;;;;
59637a57d32ae79473e7a26be6000a4f;;;;;;
9989af424175ec2ec5cd1625b69bbe75;;;;;;
f65ec5c44be6f116b966f4fca3270f45;;;;;;
742a41042804f39d1c924352991deb22;;;;;;
2d6bafe43658b1a6aea0822f19ac86c0;;;;;;
cd11ab2acba35d55b5a1406ead6ec8bd;;;;;;
394141c00f817abbd79f98f0b07291dd;;;;;;
9b3efa991d913d0be2e51b3c73255292;;;;;;
99564d9499a9a576259fe61c1a2e0a91;;;;;;
fa385252da2247f3b5dcae5d63ffd53e;;;;;;
cf704fdf21871e2e123b9382ea7df7f3;;;;;;
ae011a928ce4bf1ba650bda37567f495;;;;;;
37020b7dcfaab579235fd9a6bbd6317f;;;;;;
d1b6aef7c8c788c9af8c613d42c31dd9;;;;;;
a864b1814de49d8df3a42034d908b22a;;;;;;
cc51af294e1b2767393be3ae46da8adf;;;;;;
58bc0cb88828c403d4f7ff6fd8d76d4a;;;;;;
5864cf704435995eac9b9d2469df0531;;;;;;
4eaa491bc35603c7d0de397eb3ecd4b8;;;;;;
19ae02c75b174f4a05425e98de2ad620;;;;;;
08208f8e0dfbc454bb38790a8480df7c;;;;;;
ee103b52cd4d12df09dd7b0827e03e63;;;;;;
caea60c580464151d1b519365db84cb3;;;;;;
ddc79c85811ea03bbab6bbb865e2b6f2;;;;;;
ad3b08873ebb82fef3d8a40ac0cae7c0;;;;;;
35541d553feb932c7d338446ad90bb89;;;;;;
6cc00bac6709ca6b886e2946fdbdf16d;;;;;;
df3c1dee6e936c403c07638661277d85;;;;;;
0d93dcbf02da6775f704ee60972e9be6;;;;;;
8b4979ef69c57f03d88e4021b9e3c57a;;;;;;
11b963f2312bd18c9dc9352492d0cda3;;;;;;
99c2c3e2e6318d2a85d2d1bb43bf469e;;;;;;
f690fb3e0aaa5eaf7b3cc6018814b4e4;;;;;;
66272c28e3741ec91447397a1fb6bfe6;;;;;;
e409933cc7abf0879426869236ecead2;;;;;;
8d8bdace08603bc0c3616d699bd8b4e2;;;;;;
1aa455b3dbc4e86f568eb5ed5a1c377e;;;;;;
bac4c6c90ee6bfa1beecd8f1030357fb;;;;;;
38769a0daa3d52d88ebbb245aa462324;;;;;;
7c80eaf9a0154d0dc1fdeabfc483fcfa;;;;;;
cc9a2b019c6e54d6c8b9404a69981a3a;;;;;;
effa91bf4769afd82b0db4199d850da0;;;;;;
793cc5eebef063457718a98c07e7cbd8;;;;;;
f0de37fe0b8b6dd43c2d84cf45da67ae;;;;;;
a3326b8632e5fecab17e5cc46b1d82ea;;;;;;
699e0a1eb944c601b35fe29a15abee2d;;;;;;
a4c2e4165588c487d7bbc44cb84bc5ca;;;;;;
e659f9d906953bc4f144f51197350b19;;;;;;
1152a71eb75b53ac0b890ea4faede0af;;;;;;
e19a857af38812bf4ac999bd490df83a;;;;;;
dc14c89e12d36b95da93bcec381e922b;;;;;;
3932ce451ed011441638d66e161622c4;;;;;;
592ed1482e504dd802e7af184e7e575a;;;;;;
549037c956f5e6f57fb88cdfbeac352e;;;;;;
67fca6744acdbd7f07bcca5f95550fff;;;;;;
dd0e6c419195454198d9150fb5bb2b96;;;;;;
87f6f935cf54d9873acd1e81a998b87a;;;;;;
3cf63ad2c0d59feb29c94d8914fc0aec;;;;;;
d011d049d2f64a4292721852bb08a254;;;;;;
a44749eab6c08fbb03485ff133d5dc15;;;;;;
2286d64942a577c19ec884ab3ba7b4e3;;;;;;
867cee66290b84aca4e87ff8de2ff5a8;;;;;;
b867702c1980a143e93e03ed4d25020e;;;;;;
4f7b339e0e8b903bb768176608c6358a;;;;;;
c4fa5da77461ca96c334071050369f24;;;;;;
4dbda55eaf801e50824cb88b7f53b030;;;;;;
95f4d65b8cffd7912ae8960356361cb6;;;;;;
b24d018bd0471cbf142757514beea1bc;;;;;;
71550b3d8c934b6bb60bab8252541fb0;;;;;;
5d82a19d56461bd55857ff82efacfe38;;;;;;
8bc3f8c1cd201a88b61f48e015cf6fee;;;;;;
1124f7fdec7ddc2d3ebfbfeb95d8b7d7;;;;;;
972bb902d8a5af3c4c8f6f0cad6eb2bd;;;;;;
21c99386a6ce2bfb9e20856cce26c440;;;;;;
773eeb0358e8372fbc603cb61d8f155a;;;;;;
bb7783bb7d24b170cde9510fa116ae81;;;;;;
be2a771820a79a43545de2b1f5673c71;;;;;;
9c8b4e961204c68402d78ee4c64f7552;;;;;;
1591a371494d4295954a60eab3ba9222;;;;;;
b13763c81c8396957ff523a0ce625aae;;;;;;
2758699ecffe80e3687014037773c2f7;;;;;;
b2f0ff07e6d19b2a3e824df068aca1b7;;;;;;
47c40f041069972b1eac3f1c816d2b81;;;;;;
7997249ae82af1663f3322a13d5d391d;;;;;;
f1f606cd1b013e2c058694fca8d1ddf3;;;;;;
a110d115d9199ee5b54db32b5493c2e6;;;;;;
cfa24ee0aa142c182891d543768e90fb;;;;;;
c40a1cc9a5b46d3c280166368a1a3829;;;;;;
98ec76e6f22b5c033565b2fdc4e402fa;;;;;;
fe0b9cd0beb9132935eac1f19a4c6a3e;;;;;;
e58cf22bfe7caf1dfc1781fdc5694635;;;;;;
1e2fbc037beb7bd95749278ab327b47d;;;;;;
10bc117d790b2884e0e6ec3173ab175f;;;;;;
217d9b4f213071f70b563941dc769bb9;;;;;;
78c8afc7dd398e2e08b23a8d9967d695;;;;;;
8d5aa7735ed8ff73445271b803f8221d;;;;;;
0faeef5bedcc1cd0c851af2499a2c528;;;;;;
73157dd379108f449d48ea5e9492390c;;;;;;
4a51426d4f0f20283ea384ff6c79378c;;;;;;
e21b7801a26a8e6a24c0d696a4ed29e9;;;;;;
aa31221aa43110658a9312764fbb95dc;;;;;;
1cbb4124a44bcaa4639fbaa0a795fe4d;;;;;;
8c8a495eab9c4cd19633c79cb315d119;;;;;;
438f9752aa229c8feecbb805efc53504;;;;;;
a13b23d43b48b5c51c4a4ac3bbb5915b;;;;;;
00586ec6993baaf5ecb08de58178ebdb;;;;;;
744f6cdbe0abc6aee76eae94c4be06a5;;;;;;
3321f05bba8a53edd9f95ad99723da65;;;;;;
fe903840b76ecc1134c8993577503612;;;;;;
5f1dd56dd8e00c34dc80a1f5b3889046;;;;;;
640bd43948c4de794bfbbdb7cbccb3f0;;;;;;
c0729380b07aca45c4853d21051046eb;;;;;;
2389635a5c4e34ea707cdc92c11342a8;;;;;;
6fc675843d247d54f4e9ded9dc14c606;;;;;;
b4f8e04a30d3f4d7a930581857bf769c;;;;;;
f2b56a32c44add0fb695d3e49391af99;;;;;;
256483798a0dfe540ecfa956e2ab0a9e;;;;;;
2680cd4b847ed4d5592a4b4087a9fba4;;;;;;
34041200ee582811b72938a6c9730698;;;;;;
9d4cc0aa7693c73be04753b06374b907;;;;;;
df723652a717abda7f2f8c0d1fecd0c3;;;;;;
5c543287101ad3f2d41a07e804359517;;;;;;
cbf92bb523051ab373241e0a937ad0f5;;;;;;
1c6a7ac48956cd209bb2d1b4b2fbab6d;;;;;;
86177e2eeb8e3d9111ac60b6d24f0b2e;;;;;;
208df8c035e911907c8288a4b21410ba;;;;;;
18cf0bc790778adfe82f03a03859c094;;;;;;
5adde9cd648554bd419eeb0ce1b183b0;;;;;;
a63e9019321c8addad7f82b6712ed1bc;;;;;;
870084894aadc0bd7d0c8e728afa0e35;;;;;;
dd0c41ed4a02cb9e9daaf4c1227333a5;;;;;;
d1444d24b429e86e9615ae69a6bf1e3a;;;;;;
89a9de05e80dc11f18fc047d7297343c;;;;;;
6ca3bee5d8b3961722f39bbd33101e87;;;;;;
941f256fe5e6cff0cb6fc28a70c135c0;;;;;;
158c5a1de2aaf7eafc888eeba6e77af5;;;;;;
eb1478a22261f9a404d7f7676092a5dd;;;;;;
fc7c5d299c372b917f7bcadc8ccffcd2;;;;;;
1a35bf0461e70042551186e0fd03b0ba;;;;;;
72b95eac29161bc708ebb4f5447f7137;;;;;;
50cf6a0b1f1e09baed3b52af9e01ab61;;;;;;
0c6d8277156516d198f677110f36ed14;;;;;;
6415abcbfbf00aaf3d83e1a4ce9129c3;;;;;;
ea4dc725424846312498114b94524f18;;;;;;
0f469377df8f83b848cf0350ef110d6c;;;;;;
4f0830c0b8eb4562d62e922c2d4257b7;;;;;;
3a0f0ae0e03ef6af1abf0c33580179ca;;;;;;
5747aef20a7d1200872150452577c9af;;;;;;
32ec19e0ef1d3e432f2a74da39992b6d;;;;;;
11ef7b10160fa34472a2eb6d8de56bf3;;;;;;
04118ff77c1da95f547ccc4452f5328c;;;;;;
e548ce3761dcfb0a962b68e22ed79374;;;;;;
e09b6bac01ce69b295edadb8bdb4a5fb;;;;;;
e644ea31c69646a9680d4beafe91d692;;;;;;
bca1ac7e72df7e2aa2d84a1a28b947bb;;;;;;
1ae2fc2e32f0ff9ef0a28b24e7d800ed;;;;;;
d28a27c30a4705e6d4f3e696cb159cd6;;;;;;
44980f3e32608e1a88e8cd605aba065c;;;;;;
e77e79023692e12f2ddf303e489a2918;;;;;;
1cf573b0602d7e94a6ca2f867e732b33;;;;;;
0b3037fa2160acc91f18554e5ddb9308;;;;;;
40ec44a2acace8ed620dcacee83378f8;;;;;;
952e1724c75075bd5f78b6cf5106e261;;;;;;
52e74353e14d38b10978d2b4434df2c7;;;;;;
d9828cbd1c6ff8c29e32a4b62b810ef0;;;;;;
7c0d9ec297dc2db68261f18687153506;;;;;;
bbee509ea2a4504d57a8cf75ce21ba20;;;;;;
1e4ebe0df50ef28f7bd9c7fec41eacd1;;;;;;
89954fd1d60bea3ff94456e7c7898b30;;;;;;
0d5495aa3e96094c25f0bb29709f91a7;;;;;;
5315046379cc44569a4abd8d639cf2d5;;;;;;
5fba4b0eb0e32ff631f3582132f59fde;;;;;;
fb6e92bfd48bb9c8e4d43255a3bfa253;;;;;;
464a900f7cb80619210dc7060db11130;;;;;;
b3bc75944052c09968095b0c736e9239;;;;;;
d065f210093b959a5c79973433de568f;;;;;;
798e76e2cde2b36a2b386828d765b26d;;;;;;
8c996f79f6e64ce7c9d6bde065e2a47f;;;;;;
5715334893833efdcd8541d876c511ca;;;;;;
c6b13a8e8ad920689d56608718cb5476;;;;;;
d7b6872c48392912e5bdcec4b01026ba;;;;;;
e1c0c73aa73607971743a555acd3cd34;;;;;;
bdbe13c2bcf9183acd322bf10d55a727;;;;;;
7a12ff9ffe50b15965b49aa70dac7a78;;;;;;
64c5b1c6de1b700a665c24468e9e96bd;;;;;;
73e8583c9dfd25ef44a5c325ce6c6385;;;;;;
755743682082fbf731900c3f1439af99;;;;;;
82fbdcd1e5dd361e93948778d8e0e806;;;;;;
effed4b321b5a9f1ed8b5c99f4d5c660;;;;;;
c184f4124477e371e6834d322d2c90e8;;;;;;
81f3705b0853173ccbdcc999ed4f395c;;;;;;
80e5f6fb7536880c579a43f05419af09;;;;;;
cf5718f58c129293c29cbfb8097bfa5c;;;;;;
38680ce1659418789681a9dad24b1b1c;;;;;;
df9cecc8ebbff4629f2e7002f84883ca;;;;;;
d8516b886a9edcef7228b32fe27624ff;;;;;;
c659c598fe9156a2cba1fdd02224c59a;;;;;;
5f5976e7a0d4a2137ff98c94ee753a68;;;;;;
e52755bd1d0e8d6b45ec404ebe9dc45d;;;;;;
86a755ca1b04961decf56a05ce4ae62b;;;;;;
33f63288167568b7079bc8a5d8a1d366;;;;;;
e2f6c82f71408ac847567c9e74c8a4c5;;;;;;
06af1f2de6a1c6ddc97a0d1e75091aeb;;;;;;
4a18ca168642e0a852a5db9019e745df;;;;;;
3ee21d2458036c2ce2ae456f531239ef;;;;;;
20f266bf16241641dad41221010d4fe5;;;;;;
8bfa745abc842b4d6d3d15637f3e9507;;;;;;
cc3c830ddab05b84bd9c16b5a8c46dab;;;;;;
1e3345fdde94d25633ffbc6b5c3dcb46;;;;;;
af79216201a059ddfa24ce0ee2326e20;;;;;;
a0ca41b0228bca5414fa17e1135e7817;;;;;;
dcb06d77906761309e3b44772a367b1e;;;;;;
6c01561872c519c823994f3942f7effc;;;;;;
dfff19ac0af96cc4952022303f6bafbe;;;;;;
08a6cff34c037f8d97a613063d7d1082;;;;;;
825081fac8f04dbfde4903d1b24cc56c;;;;;;
747b2b392705f090d06ddcb4f8ca51f3;;;;;;
071affbf6304b3eb51b8d5f91ba1d1c6;;;;;;
5c199606381ff193df575e5639f75ae4;;;;;;
6e726ee87a723b8435792f6d230ec05e;;;;;;
0e3a802d7fd08abfa06d019869242819;;;;;;
14eaeac47adcae4f012721082c545b51;;;;;;
682cc3310e97a3a3357b60cb43dc7017;;;;;;
afcca64613963663b1af5acc7b472897;;;;;;
0997820b075123cc47d118cf15dcd944;;;;;;
31750c704685f971c178d9880f891e5c;;;;;;
111e1d4753b1937e58aa189950c8c1ed;;;;;;
1bc3a83a45d299a87276d1a89f7d6df2;;;;;;
4cd71e31b5753ff6c8d3876ea27bede7;;;;;;
e36094a8a958f02034148d2c7f34734a;;;;;;
2cf5d883e1a9b700c9cadb5f78aa75c9;;;;;;
e4bd3d1c72a9bfb0f9a5e31a12c1b30c;;;;;;
281a1d4c3e947f02b29e14e1ff0149f9;;;;;;
98021e0c6636b21d577572b4cd53e4ff;;;;;;
0a214389828ba136f3b49ef64ac430f6;;;;;;
38125dda7d4d4fd66ffefc69303afe66;;;;;;
ffd95fb14b4cd6784e64391ea20ac5ad;;;;;;
e1f2f96640e6b45f84d0b6c564c564f2;;;;;;
6282d51f3ddc140f4340be6956f6892b;;;;;;
91766cd667546c97ab914dc29e49b935;;;;;;
4c0933787e3ee99c9e029e2f8193edd3;;;;;;
690423a1e12a63daea1a10abc837d3ad;;;;;;
1318dc4c41b90fe1c9103fda62d5a142;;;;;;
b7239447513ac0cd490541eab0fd63b1;;;;;;
63c33f3d207010aa8496fdb3778823d9;;;;;;
ffed7192b5d650710ac2c6f6f5665f81;;;;;;
e970855d89bc346713553c9837b46352;;;;;;
05b1643ac7b9d03f230f6ffad7ca88b9;;;;;;
530aa1db08e44974abcdf900c633bac0;;;;;;
19fb32fe677bc744715df1706824361b;;;;;;
f371b19cdefce1ca89bb4bb56b5d1b21;;;;;;
83153a95d85cf3dea09d9604c595dc88;;;;;;
fb232ee39eb140ee4c356b126620d33c;;;;;;
bc2c068eab6404a08d759ff489019669;;;;;;
0f8a3791b4eab37cd35f68736c32fa71;;;;;;
2c2fc723848be1b0931b273b1e8a5175;;;;;;
35f50794132626318f8e272da3377bde;;;;;;
d8bedcca759a27bc851fb13ab22f36b3;;;;;;
88f4ab7b1dfa8c18e277365228579225;;;;;;
391ee8d6a568ea7824a295ca958c6081;;;;;;
94b20bf2d0cc2ca9b8661da8f152e427;;;;;;
30fb43959187736f6d5350d31686424b;;;;;;
caa3c4a0e5015a6c07f3a2dd6196aa3b;;;;;;
bb6bd163fd8f11700f032e9eece6d39c;;;;;;
1df2142685214730cf3652fb744b3d4a;;;;;;
8a4a7b783d17a0c9ecbc7f791189d615;;;;;;
e728d26dbbc1db76f161742ed982cb59;;;;;;
3798ba00f900785e913607470997e2a1;;;;;;
40786b68a419c7afe8ed4f4a15497d33;;;;;;
cb36f987a1bf0fd5de9597779e86b2ce;;;;;;
8c1ad2265de5941d61b366a0fcf94041;;;;;;
9aafeb3c9f01f69df3ae0521e2a0edcf;;;;;;
76064286ae111411bf070bae31cdae5c;;;;;;
f3a309f8cb33bcaf3455183a435f3899;;;;;;
2e3c54b2cb8f7b8e34e01b30d58142f9;;;;;;
fd3917c3451ccd922ba67b8857d05bf5;;;;;;
ed1949838485f184fd624d38308dce85;;;;;;
f1a1bc65d79df8d35efbf78d8c8c16b7;;;;;;
be7f223435a327bd434843af6b7e6d2a;;;;;;
082cfccc059073324e9781a345a4a60e;;;;;;
f303424c0b014339f1a39cdbdff54c3c;;;;;;
affb356ff6c42a90936c0bcc89130966;;;;;;
923b33fdc11cfa3a1a6e965bd9599515;;;;;;
474e7837c4c3c8e0b427a5a32272cdfa;;;;;;
e1449646e471a2d4c61c126e33c5995c;;;;;;
f64f3bb3df4c5e3dee13b8275201ca1f;;;;;;
b8e7b556fdb417fce7b59c3dba38d211;;;;;;
672932e463625fefd480d3a13f9ad4f7;;;;;;
a7790f7dea88cc27b8b49a5723995ce3;;;;;;
5819392190cd1b6dc01ba7ee073ad094;;;;;;
76f91f2ec6ad97615c20c7d6d982a4e7;;;;;;
494bcb0a0ad427e02a00772db7ca243b;;;;;;
66bb3f1fd41b97bd0697fbe5d77ce484;;;;;;
8d8ae9892c4853cf4bd20bacfc39ce3c;;;;;;
9ef7f722d359b7fa1da9146c646fb1b7;;;;;;
d55f19718f6605c99efdd6a6efd0caea;;;;;;
52df0ac663cbd8a16977a5179144d6f3;;;;;;
789aeb508f976c14ad2f8bdde9d363c2;;;;;;
e063435943ec65dd565b562ae5ce4fac;;;;;;
5c0de0f1c7b139b402c5a4ac05121955;;;;;;
e605973e16e7bac0ab0dd871caac80ab;;;;;;
4963e4301f89ee724df84b452deb9972;;;;;;
85ca08a77465af93f23e640d77ce034a;;;;;;
67c8cef8f50cc5181b9ae28d65f4abee;;;;;;
cff5a7001d148af8c2be38e290cd413e;;;;;;
0b9314d62f4b679327aed9e0c69dae73;;;;;;
a64f97ab9c426f094118e58a86783b09;;;;;;
ed67a51819c195a6d51d6a7aba4c3849;;;;;;
6f33357c325ee240a2d7906e2f9890aa;;;;;;
d05c790af5ac1225ff5d6e9bbf9c905c;;;;;;
01879d9f58ce1f977d95135e5f9bff0e;;;;;;
ac561964396bc2290703baed6c4eb1f0;;;;;;
705a7220c062b46eafcc218c0ac70d3f;;;;;;
e50a509c895c325b546ceab62e26fdcc;;;;;;
d5040230325be85844a2c6e314f640e3;;;;;;
371a43fd91ae803fe7debd7259414e5f;;;;;;
f7f8187a544775bcd4d1515e54a7a020;;;;;;
0a4023a2a45e82756dec4b8c2e91e900;;;;;;
53224a3837787911e6c1a483e3211e57;;;;;;
73cd2db67d1b1251f96c89bf3615775e;;;;;;
04b4936ba76e20f0483b67548337df5a;;;;;;
0915272db946f6fa64ca2808fa5917a8;;;;;;
61c51a6db47c520e561e22e69d202290;;;;;;
940e0f2d1fd51e32664e77b2a6abd929;;;;;;
2006370ceda58702f9fe2b6da29a3d6b;;;;;;
a5a8b9ac61d4325d2860b7a6f997efeb;;;;;;
0d0fd4d3dd2d75ae45279d2f6e3357e4;;;;;;
8d0bea9b64f72a83566e39da067a11e7;;;;;;
f8fa286441e119035fb559dc6eb2b656;;;;;;
bbb599b08e4e4a1aa71d11b27d07840d;;;;;;
106c5f14bf022f7a75977470ae99d44a;;;;;;
631a5e1bb624e9e5ab30e70fbf0dfebf;;;;;;
3655af51f5f67951f6d8f5e8a699b66b;;;;;;
b08beefbc8e9ee06d8f29c58eb7a3b82;;;;;;
16aa574f3b498a9491f879801aeb2dac;;;;;;
6e7caf89b53109480f4015ecba8e91d2;;;;;;
5002caf1c89c4a497ac737d8bda71c1b;;;;;;
ba5c6d2795b579b70558a7c6c7360353;;;;;;
c662bb909edd8bfc2171464dd463c21c;;;;;;
ec0b5f5230a08b61c41612fc2d1eb0ca;;;;;;
c9710808f46710d610cbd37cebea4b55;;;;;;
160592885f8a673f6b4030329a97510b;;;;;;
11b7c36898ef4f011375417366ae2296;;;;;;
a91db2c616e7731c51fcc379cf185612;;;;;;
c5822dde5e9bb12009bd4582f39d6dc5;;;;;;
24f23af8f256af085982c94afcbde27c;;;;;;
74f90ce6038b684c8472318155f917e5;;;;;;
c04c8f0032b8cea18b9fd9c038a0a494;;;;;;
303bf57b311c7dfdd6ced5a48c9d3625;;;;;;
f950b3eb809c002b9aab5353104df1cb;;;;;;
ffca0d8120278e234f10792792c53012;;;;;;
246c71fdbc3cfe18b9686fe750b82542;;;;;;
8004a9e5f9cb7750f2699ad77439d1e0;;;;;;
7626ac7301a5bdb157a72b9dc452238a;;;;;;
1d6114083634cd8f0a0485eb661aaf56;;;;;;
4b4137775cc6abf83a26e1b348679bfd;;;;;;
6f41ee52416d64028b0778508866b9c0;;;;;;
a643d4b3dd9924b753bc1fe25f06abf7;;;;;;
9580bb456ce4f4270de1a8da0d3b75ad;;;;;;
c8352716955e81c66086bd18ec8521fa;;;;;;
173b952f0363912a50c5069bfe81172a;;;;;;
fb161509b3b021bc63116c52fdc4367d;;;;;;
b10f67caba3ce2e25c9a97675ce49b14;;;;;;
cbedd5e3a5a0255aece767e4926036cc;;;;;;
640561d3a489eeaa767c98335f8582e6;;;;;;
1062482c3849f504f60812d91723c984;;;;;;
1f134772eee2156a5b8740619f93d113;;;;;;
4ac7a521102ae04e990a25c256b45973;;;;;;
147966a84f6818151c37c409d3823294;;;;;;
ca2c8dfa1ffac36094c5936020876e64;;;;;;
1243b41143ab810758160bd70347f858;;;;;;
86ac11090568b0da6734eb07ed3a1a1f;;;;;;
89fc2b98166a72aefe423436a32cde38;;;;;;
12e5d82631d9b2d4b9dc2b5093d74dab;;;;;;
07bfe11b2210270ebfc39418f83b0aa9;;;;;;
a140bdd46f8a35fe0af892ca18e35b52;;;;;;
e2754d3e798a3ec642875ba8509eca1b;;;;;;
e7d2f5f938750b42960d2626c631723d;;;;;;
38d0764faece37295064aea052d63697;;;;;;
96b923487ca6d770a7e86290a0ca7225;;;;;;
ca6ec79c83b25e7c690f75d54b3a881b;;;;;;
74b7520bcdcc00ce0f67fd7fd06ad777;;;;;;
efa9754ec6d74d837ad840905f994a5d;;;;;;
46ee37df1bf9a3f6950a9d3b1f45700b;;;;;;
55b00a6d6debb37b1f05054fe9b3eb3c;;;;;;
ed7372553eb0b63275aa939cbb42fd84;;;;;;
ed3a70f234b6fec60175dd6f10af7099;;;;;;
8242a5a5e48ea82efce208d502ca5ed0;;;;;;
eb0b3ec06fb8f559770e3cf63b064951;;;;;;
ba143c65733c3688ec24640ebf4c8679;;;;;;
d2eec2d30eb08a4a53fd93bf2497fe71;;;;;;
7e6c8c1e7b74c216adcb0ca5bf03ef9d;;;;;;
f28fb42b14c6753c64481162f8ec2f53;;;;;;
ac97ca62a1c76bfdccd81e199a76e782;;;;;;
299e77a663baaf398aff929c27afb28f;;;;;;
ee92682507ed522953f3dd6d95a43c1b;;;;;;
d38548f7c36f41b314b75d8a2958a88d;;;;;;
605af0d0a59d1095873dd1c82a38d844;;;;;;
c565f5dd6b021fde4cc973752fdd3945;;;;;;
acc10cee07908fe7201f47dd7119c4c1;;;;;;
de005db08d26f3b0677fe8e37b0ac61a;;;;;;
c5a3c1f7b85cc14214e55f7a7e386f69;;;;;;
b94bf211563a9fa735bd556fe95591cc;;;;;;
77092723a3c572c28363a839e364c29c;;;;;;
dbf15782ddcbaf2c6ebaf58bc73a7843;;;;;;
ed277cf8e6079cfb22cfd88400614f9e;;;;;;
4bc7d41ce4de871849e58c85ba0cc2b1;;;;;;
d8ae47f9d415593e048b0589a1bb2573;;;;;;
e6e36880f7f50b1fc78a8adcb4a34756;;;;;;
362aae77f5203a380e7d586e86bf2094;;;;;;
05f470e247ba9a8a9671dec595f1fcba;;;;;;
7dcbbe50ceea3069a074eadfbb565799;;;;;;
1e5ead6479744d7c3c7589feb0ed123b;;;;;;
7a7c676a2943569a958a059afc978184;;;;;;
a877b1e36a2661dd0167e42c8cf51c42;;;;;;
810210082e56456ea22d35485af8d053;;;;;;
8de79cb2f622c41598c67d7c8a305d9c;;;;;;
36b0026dc6c13c148c8086b20d274204;;;;;;
626b6ba1007683d12b33b573adcfce41;;;;;;
950691a2243d7e6d36aadeae720a9476;;;;;;
51535ce809183c92d022ee0a8d4860aa;;;;;;
c368e144ded3fcd0cb4a6b995af7c624;;;;;;
dfb051deb14559ec9725713983647ddd;;;;;;
e98ff2dca129ded0ae7bee35c9caadef;;;;;;
db67da0d456905ff204b612d8c8ee98a;;;;;;
d148d8279a1930faef71237b9c613fd0;;;;;;
29a6930b5c18abb2712c05bd14e3e889;;;;;;
e683b21d50bf8c8785a8ca71ce94b764;;;;;;
d765b713b5901832b66c6c19556bd91b;;;;;;
58b3c724995235d2385776d39245a6f0;;;;;;
fdd67396e3552a9024dcd559075cc931;;;;;;
aa2fe4759c9c63a3f0b0eadf365d8827;;;;;;
ed92b4cf6bea54108dedd726f3d58447;;;;;;
1382eed90d983da28ab1920fea8f6e18;;;;;;
fa2f4a154a0b2e33b18476c15209e2fe;;;;;;
f2b0f823a8700a89ee8d23702c4fe14a;;;;;;
dcc41ac81b0c27e3decdbf3f08843671;;;;;;
d891534674282bd60efb403c054f2939;;;;;;
3f88351fa71266c8638f6dd04ca06b57;;;;;;
2adef674466c6b99c72da32aea60e41c;;;;;;
220a5f7808008e6cb204aa722336fe34;;;;;;
6a22689b0b73174193caf04950be3375;;;;;;
5d89feb5ef40911d4ac92c3b243562f9;;;;;;
c7b10f5e861b8008f042bd14deb07a1e;;;;;;
70e8eb95fd9a1d23b769b6883fbc1fc7;;;;;;
04d52fc5c5eb4d5881d1c8353faa0428;;;;;;
f06f42e73d10c741bf7c11ea507d1fb8;;;;;;
101f9ba7f04d086012527192d218ef1d;;;;;;
96e4d36b41587bc9aef7b1fdbc640855;;;;;;
d77918441e255516259dab96c6492df3;;;;;;
19b9842537aec158787c4e2e7e58fd8f;;;;;;
b340f7c13398259d70e7743edc6db9a4;;;;;;
9d7a9c648ea27ae172fa13e780b47e9d;;;;;;
5cda47a017f5c7d2c47971d984db7966;;;;;;
316688154925b36a6f780da9915e8c80;;;;;;
4a674d623d4ea91bb6e872f0b6b59188;;;;;;
7bb5fd284d2e57b2d49d4cc0b2f0041c;;;;;;
5cd889bdfc5097119f7f791f2d666a6b;;;;;;
9ed1734d7c179141189fa5e342d169ad;;;;;;
9a176565d35e2c22a4ebee82cb808c21;;;;;;
7683f43b27c431d51516f21d52f6c861;;;;;;
7176ebacc30bf1a3a0bdc2648cdd96a6;;;;;;
e4bbffb6828a450f490528f964fa495c;;;;;;
a254fa46124bb6b5a5eaca9d328849c7;;;;;;
6c5606dcd6ebe02dd7e8367a2fee7f48;;;;;;
d2cbda10c755acee62fc0293ecd88b7d;;;;;;
167d6c1d5b58f0b034ed24c86e44abba;;;;;;
3c5aac47ff4735d81f4d020c7d83cd53;;;;;;
04948006dc50c782de7156aad8320bcd;;;;;;
cba3143be53757316d8eedd25e6a6069;;;;;;
32de5e5f834566175a31661d841018c4;;;;;;
1e476eeafae4c16629bafc814ac36042;;;;;;
6e9580fc439ba2680ed0c4969165042d;;;;;;
128971a596d523f93c937098a0a3a331;;;;;;
f7762f542948fc2a1db70a831fa813dc;;;;;;
70302bf8032c4c33d341c0397d087b18;;;;;;
77970d1f6f6ed065a01ca504ccc3a55b;;;;;;
5663276d4c03d3a0e0fb108a33986eb7;;;;;;
fa10b8ce0fc78dfb7c57e50d0c335066;;;;;;
06e3093b23c87fd3e6d2f838bd7d247f;;;;;;
d81f158cf0167ce9200d31dac58a393f;;;;;;
0763cf9e8d57c3aeaec6fb5030091a8b;;;;;;
da4d1732e3202a6241f20bf468b450be;;;;;;
8685abbf87e6e4180985b1a590b02587;;;;;;
6cc144a83cad0acd952831d226bc75f3;;;;;;
9ab9777dbb80446389be000fea350e72;;;;;;
998f18d7c1a7b38f6492f58cdf6ed381;;;;;;
e1013a1d51e6ad2beb9a9c869633593e;;;;;;
8fa1b47555038b34d9693186a4e222d7;;;;;;
bf843647da36f263af7f150c67841c3a;;;;;;
1539b5389a4ff399d0dbe407109c733c;;;;;;
83ce7348a31c3b29405697311105fe20;;;;;;
1c5795b25ac728ee6a1ee0b5989a6047;;;;;;
e139b231c13e17697c2577dc29006040;;;;;;
687f84749fe4561506e90a321eff5f8b;;;;;;
32d93afbb0f74e66732073f5037691f4;;;;;;
acf7cbec42f524f79a74ae9eb15bc7fb;;;;;;
d7413078d08867398f1fa2140faf09a4;;;;;;
7fda87e71c21e9c7fbfa75352c87012b;;;;;;
eeae054485cb21af9a3f588ae7c460c0;;;;;;
4c9b5733ed242b12bafc8c35d64cbafb;;;;;;
34451cbe8831b1201cd7c6f23183c02f;;;;;;
a5a9b89e5dafe660b9c529b0018d8281;;;;;;
88c3ed5514904cfd3f7a7b7bf759f414;;;;;;
7af2c5598652381fa4f5a0681c3cafde;;;;;;
8f6aa5ddb2345c6295b7d386e41802a7;;;;;;
5be7f46341d6941ff1457a39c52c29ba;;;;;;
237acbbb7772177fbbab44b4e0666ec0;;;;;;
f4887725164c75434c6debcdbdfbf8b1;;;;;;
db4f7792e36bccc5b9218ed0708c89ea;;;;;;
0d52383d8f0bd4382288f1e71d6764fe;;;;;;
6695c5fd156fd06a7cd18b67fb33e31d;;;;;;
1275966d61c1bd4f433c625fcbb43eec;;;;;;
d6b72348aa5ab350b2e5e4a2bd4122d1;;;;;;
8b0690d13c321d731d1f1d603704a682;;;;;;
9fe75beabf9d856fff15e5b24b535efa;;;;;;
70ca0b945875f94206a4b08c92368061;;;;;;
ddce5ca1ede072047b0c22e272241588;;;;;;
7d561024c1b477482b6684d854a5b0f5;;;;;;
a717c4c683a6d62366568feed901f256;;;;;;
2bec02219a0cf99255782fe39ebb1048;;;;;;
a31f0326d08cec857ee712e2901fb529;;;;;;
30c4af796c467105e5f905c24e35a22b;;;;;;
563f625ce1613ba64cff31e990fb0627;;;;;;
32d5a5da2a2c643217de501c931fca4b;;;;;;
c201abfe91c0b236d6ab48ac53ef4447;;;;;;
6c59c09f0ba2d72253d7bbdb353917d6;;;;;;
9b61019d4d1051ab86ec1ffbb643a079;;;;;;
026aee6a559353d3ce469228ac91af3d;;;;;;
1217c9d3abeace0d49f10588a5598871;;;;;;
9f0fbe590ccd487fcc41256b21cf1436;;;;;;
a3f83db8bcedd974c287b0b8b32d1e42;;;;;;
813b7f5cb7663ee11f4302765e24f298;;;;;;
dd881c84d331fcaa99f4bb0422213801;;;;;;
bd356cdfe9f5ed29be08830fd99c71a5;;;;;;
6954b6db4509045a607640ac2bba1397;;;;;;
0bf5d0f6bcd3f9f067007c4a7a9da4d0;;;;;;
f509d356d3a817a9a27269b90ea3b20a;;;;;;
6bbdfcfbc5e5e3118cb5c3c187734a25;;;;;;
b00459e67128fe35961b37e937b9a062;;;;;;
11be33ed7b28d2a8297b6ca38d020d47;;;;;;
76ee83feca5c2e89fe73f50233d51074;;;;;;
f8ce5ef2a04467a1b9785233b64aaa1c;;;;;;
462771b6e79292a3d698c9fde7ac6594;;;;;;
e40e32c829b6bc08a1616f3415059638;;;;;;
9372d443316ccce917ed64890273f6e9;;;;;;
ba436bac9edffde7041e38754c987095;;;;;;
20c3fcaa48ed75e46bfec8cb59bef409;;;;;;
1a2168f2233019a5292882490a4c58c3;;;;;;
09a0cd7351522e2c9b5405db3ff3d022;;;;;;
770a9cf8a8ead46500b67933c21d2450;;;;;;
5386ce87fe2dde799a7e7c84d09f647e;;;;;;
b6cedc62cd70252467fa4774117f9e94;;;;;;
67aba211574330ce0827a557372fcad7;;;;;;
aaf158e4dd8c73e3bb26ecbc34fbb86d;;;;;;
36a3894f6bb589053c46a0c56c435267;;;;;;
4b0d621e84f8e2e54f28da0c163ee43f;;;;;;
bbcb107d54bf5c2c206296415b94b488;;;;;;
bf29752987f63da12d21e402f7880081;;;;;;
8ec4b68b9f894a3e294b15427e5bfa75;;;;;;
fbd334a01515452090c801ef9fd6dfea;;;;;;
8d8fd9b34b1bfbd6f7982be367f0cb1a;;;;;;
bf90b81053437d5be8333f109d12e1e7;;;;;;
458cef3259acbd69ba7a5e20f0ec3756;;;;;;
2b1ae8cc809dcb2fffd0a0b0cabed580;;;;;;
99582d237f821c3829bc19c8bffcb36f;;;;;;
52507bf715d0045008857a75def5f0e8;;;;;;
fd8ae13a6c1f8f7bab397d3168f95534;;;;;;
ac54eb115518bb9f2993bae5d25dbf8b;;;;;;
2820cffea3923e714c8e5739095e7018;;;;;;
5645b96b41b8005b76b76e2638e0dd14;;;;;;
7d49ed316827fbbb8571963c33f6ce6b;;;;;;
43f7f5261132d775a8e2c23f7357905e;;;;;;
2e056757d259d953ec303c76bf71a6c3;;;;;;
5dd293f9e830ac5a0d7bed8c30d41230;;;;;;
dcf823a949583bbdcd2346d8cbc25d33;;;;;;
a534c93d7985ea23dc699f1eddd9b444;;;;;;
56185e68eade2030032d89cb577577da;;;;;;
ba5f911f5d6c7dc72e2c69ece65de831;;;;;;
aaf8fbb16bde93e0b76b8fd409f7f245;;;;;;
27720f4c60506484fb3d302efb2a127f;;;;;;
51b056b5747c00fc6ad51b7e5186c690;;;;;;
8569f19fc1739207cd0f6eea8121f418;;;;;;
796e3f2e04e9d7ee23b009c51d246062;;;;;;
21f8e3fbdc610ff5fd4411fe22c68fa9;;;;;;
b6654f741bd468d69c99d1ad90656884;;;;;;
5029ebceede12cb94c4c95459a9cd58f;;;;;;
6a944b961fa19eea391318964e8af3a2;;;;;;
54803cec4fdf2289bb52347c30bc9f41;;;;;;
73f1794af1a470c0f0ccd7b3a6caaa9d;;;;;;
c5cbc6459fd11e265dbbd5e929da14c6;;;;;;
9f1ca2c8556c1cbdde93413150fd2091;;;;;;
8bfdb75428b80fb31642e75e93f1bfd4;;;;;;
69a3b0ed0831f3a0d1d358362338bbdc;;;;;;
fd9e63b617872bad8231f413986f7038;;;;;;
60bc3558acdc2ba9ee0dcb9f83a0caba;;;;;;
c2eea25800a01b81396a631437a2dde5;;;;;;
65e4263c95863c8b3a9eb9d3a1b50401;;;;;;
359b0b75d794a27d03df2b62baddf4b6;;;;;;
3bb95a85119e27d2e10905993b10ea02;;;;;;
c5914216cf0962ac6455fe34e7759c5e;;;;;;
e1e3a92654e611a8fd04cb76658e79cb;;;;;;
a414f00ad4966e5a045cfc0fe561961e;;;;;;
d6c2448bf5109cf2031a4d540b29240b;;;;;;
d23ed74c284b6cb023c7532369d4fe69;;;;;;
474fd77f63450b65d87d6fc05f512951;;;;;;
2d6b06ed89184a104a73f988e123b572;;;;;;
1a5dad21a855a4ad74bc9cb87b347293;;;;;;
c717b83e7fb6ca232bb8251d23bf559c;;;;;;
8e01ce0f8cfd234dc0abb90bfb5da33e;;;;;;
9cb55bb0c836f8ee17a29dcb00a9412e;;;;;;
64568490d6145c7ea1a2e2722dbf5e30;;;;;;
d0e3c2533d083502da1dd532b6b3b3a8;;;;;;
ab617730a98f7d54c8cb839a72816088;;;;;;
c32d887e65d6a52863ddb963f4df5551;;;;;;
ca7e2812a93847eaaf36ce2df4353886;;;;;;
0bb4916c77bafb258f11132023ea4e7a;;;;;;
79314ca5d0ce1a0de34143b287160791;;;;;;
713848b5657d00440f59fee251027a15;;;;;;
d502e45d4d6246c2d75a856301a7dbe2;;;;;;
847c374ad8dd7d86225a2e9068b0ae0f;;;;;;
86ababf7ea18a9ad32fa77ec83296c6d;;;;;;
33ca1a31e3e525b4ca2c4679fd039bd7;;;;;;
213b289c2488d4f1893f559c86ddfc61;;;;;;
4f2cd29746f5ccebaa86016328f216b6;;;;;;
6b4fe8b8d9ca134799b43e5aa5f3449f;;;;;;
6ba2749b923492fb31e5060898c7d0fd;;;;;;
5914db5c87331d7bb14b764f186f1bf7;;;;;;
07987c5e14b23ef97bbca616a5ae449b;;;;;;
c0f389b254ea8f590cf42eb5e685660a;;;;;;
c8da66bf61550729f3061532139d9f1e;;;;;;
10c39399eee5ff14ee3afb7030ebe9a5;;;;;;
cf368808a2ebbcca2f38bae77f12cad1;;;;;;
bbe4b023848537387db1bfa6e681845e;;;;;;
ac5e15b9103219ea54e6d8c002f0d732;;;;;;
ba2696f2a9d344b4bbded03951e2e965;;;;;;
6627e9efad1461e1677705f45d420837;;;;;;
55c2e6a4203c666bf3c458a6ae11c9c4;;;;;;
7883318c5394d8d0b89de349f0960e61;;;;;;
a974b6aa30098dbb6173a89a93205802;;;;;;
85d18e62fda618cff0352b0e0e6172c6;;;;;;
f968762db988f9a5a6074a907d266ddb;;;;;;
c28ed0f23fb594c30a43a9966249ad79;;;;;;
32431b7827e9fbbbf67427544b2672ed;;;;;;
0f2bc01bb5dff30bc03905bafe62a811;;;;;;
6aeac645ac743361f910aff9d5272bb0;;;;;;
7a32d25923c032782316bedf6d76e4e4;;;;;;
b2392cf58829348084f31724a25af3b1;;;;;;
088ce2719ebba372e8bf458f4e1031ee;;;;;;
30cf8de9ef3067591a03e09c0ba85736;;;;;;
00b4839ad018e1c30263b1d90a9aff69;;;;;;
cffbdb58acc4aa8a58e51af55b048f29;;;;;;
c3537cbb3ba7a2cfc08e70637f858d51;;;;;;
04ffba18ae20d21269b03902bc6e9799;;;;;;
aa93d3a72095f2c7517cc9124c3b4eeb;;;;;;
7d471416715c7b66f879a55b6161f0a0;;;;;;
29b5a47978a35d57bb8b7466b1228a5c;;;;;;
01154602aa708b065a4be00c4c46206b;;;;;;
fecb8c431dfa35be2d7fe2a8717cd96e;;;;;;
fd2dc62325cf22f71c40db3519ecbc6f;;;;;;
57bab9f43d0dade52d1b7bf41fedda43;;;;;;
25e31879c4914c3ce21704b804f8af70;;;;;;
d10f9046fb86760abd0d44a45ea7d424;;;;;;
1556cd6c0db0f3673d2288d586d703db;;;;;;
cf9cd734bf42286d784e6e022aac1962;;;;;;
fb7d6971c874a2876b0d88759639cfd0;;;;;;
30c23bfd5b8562828387ff9174a6fa22;;;;;;
e9c0bf94c8f338abc9e393c33f9b1762;;;;;;
c0e41b72949832caa3dc0d09cae6a4df;;;;;;
c2b286d743f12151cd1fc791a941122f;;;;;;
aeb20624a0599b4804b9500a824923ff;;;;;;
137e9f6d7164d87c99d5a3352ddde107;;;;;;
802010d08bdbe48d01edb4a11df1d975;;;;;;
dadaf48137b5173a9987e40cc02123ac;;;;;;
8a060f0c7e1c8bc4b75d1f571c46b28a;;;;;;
06eff061dc952f16af4c0fd9f7703be1;;;;;;
8ec9dd68f979a52420bc2e2ad66c3c66;;;;;;
ad3afaa541be60f1154a28dcc2a38dcc;;;;;;
bedfd7252994f984aab9d9db298028c9;;;;;;
b52f809ccc099da912cdc67b6d52149c;;;;;;
4c60d54b1f1a6da05290656fc93714a4;;;;;;
ca2c48701457cef5afafc9d047a6d7b1;;;;;;
dc827cce26898f6f4fed8157f06246e7;;;;;;
fa0a6ad37ff55ee29454cbf988c82e82;;;;;;
bf72dbe543a60a3d7168d931a24bcd46;;;;;;
4a302df585906b563c9cf9163959210f;;;;;;
4ce26cf2317fe6f2382ca5c3c391ae11;;;;;;
ebd075c0f32df31c86a7a6465a3f180d;;;;;;
5e6e32f8a8822d0d2a041a3ddf4a1ee2;;;;;;
90d6531a8151cc53cba8b24c529beae0;;;;;;
3f9519041e2415d5b6d4156152998c8b;;;;;;
e573a07e955b874fe98531b7a60a5cb1;;;;;;
2d7404e418faaea6e8eeece157ae03a4;;;;;;
eb47155f7f036834654a17bdde6bc3c6;;;;;;
78258c36eed9a408393d614813238099;;;;;;
b2cf3f3050d4fecf92ef7b4c2def2cd9;;;;;;
159a693aee25ad1e2e14b9a84d1ca59a;;;;;;
0ee99f430972542c9742cabf8fbc44c4;;;;;;
1ef53250ded9b8539962be0c2368d754;;;;;;
1f5dfbf41bb464f06226dea23cfbd9e7;;;;;;
c5947efa261ff029d3550c8f9a141dd5;;;;;;
d356595e8335ea56f9546f6c303ad0d7;;;;;;
3c0694ac39a03fd7418a0d9c1f802162;;;;;;
0409197c663fb87bc1b925d1b23c3391;;;;;;
0b500c6eca377de922e82302bf57e9eb;;;;;;
bd418b0e52b1b3164ba705a8d7d7f6f0;;;;;;
fd76e9d876abc67ee1cc15cb7d8ec523;;;;;;
5eb3f98d92be2209536d3f4f7e2198ef;;;;;;
5d4ec3bbc11249fb3c381ed23e1630f9;;;;;;
b69cd51ee29441c269b6b67b44766d88;;;;;;
8fc2a0113925333731354c9e18dc78a4;;;;;;
719d8220c7b0b94e174e8f21e984de1d;;;;;;
e404e5271ac5089ffb9f4434f62b78b5;;;;;;
a1ce6470bfcf3824f6a8d96c93586e35;;;;;;
50ebcc461166571d0bb2c3236d1de116;;;;;;
e78ecc821f4a6310e26e98d75ba257df;;;;;;
101ac8d638085fb831b90ed37719cad3;;;;;;
c3183876cd6838cf14d4a607f046ee0e;;;;;;
855568db13357fa97f317edf3fba05fd;;;;;;
b161b290002d6f2bac3214da9f38e3ab;;;;;;
5473172090dce8ab2ebf4e8222a5cf5a;;;;;;
1173fe4c617057d80190613c3a5e9c45;;;;;;
ba23e005d0c8b79d2553352d399082a7;;;;;;
051d6da74308c720ca2fe4a4992a55ea;;;;;;
db9ebd55544e18a6c5e8210b12e5d746;;;;;;
ea2cd7dd757178e63672f529a2f9a8e3;;;;;;
2709ff8febecdc36de3e8729f7aff96c;;;;;;
4fe1dd19c9f7212af74ee8a5f500b558;;;;;;
006134c953ef7a5edf04abd1097587a5;;;;;;
4451afb93b2b84dcc0ed8c848a96ced8;;;;;;
517ca6ef62bdc8e661865dbf1f2e8143;;;;;;
0adc64fb9b75826c16a986933989e86e;;;;;;
320e4e86066fb64325b7658882afdd97;;;;;;
928bf40b1fe9b928eef1b5e02362787a;;;;;;
b12c59ec78c0ea47b44fa1aecdf41c11;;;;;;
04f99a016553566494b3fc7667fab8f9;;;;;;
2eab7e5e6a98c380ea8552387b120cf1;;;;;;
5a6c2407c5cd445f068a52afe3b7f793;;;;;;
2736bd670476dcadae3ea7d8c326f681;;;;;;
3aa512d2905809fd654c6cfeb71cbb39;;;;;;
ecd0438b5e670032c608c39ed336707b;;;;;;
712c757f64296eecd92576faf574f7cf;;;;;;
35aafb978e95d2f696cc9d881a7a5e4f;;;;;;
adbf9c95ddfae232c335c34c7b2cab76;;;;;;
ef249af3725b2675e756fe885706bd87;;;;;;
9d176e3ded5c61458eacd12ef8e7be4e;;;;;;
0d882e7ebf86ddf4e135bb14f6c46b80;;;;;;
e33cd71343210bbcb7b62de628032b8a;;;;;;
b5ff9d42310f7301971688e0bb73eeac;;;;;;
d084594e266ca717fd0579b8a23d13a7;;;;;;
e2fe2955ca4c49893f6ad627890cb42b;;;;;;
02319a65ac5e2f924005a9aa98a46505;;;;;;
e9e14f8285da370838f041234cfb9de2;;;;;;
5576606f20d31b914ec9e0176e45dc0d;;;;;;
829a4b1a3cec739c9d9b89d46a9d9324;;;;;;
05d05baf0f4fc14484b304cbe2672bf1;;;;;;
b9b37a588d7fc80aabbbe7ee011aacc3;;;;;;
cc165289fbd7da209e84b461c9bd1c5c;;;;;;
9ce957442743e784ba4d33531115dac4;;;;;;
6febf3a1abfa793d89c5cc1683c1e2a2;;;;;;
14db0af9ec5458dbf6356b42effc2c65;;;;;;
d0083f875190ced8901678822553389f;;;;;;
3f900a821c030ff28a5714e4fdab148e;;;;;;
163c325ac9186275376074ae744a0a66;;;;;;
14868db967e9181bafbc7b12bd84854a;;;;;;
d49b2df805da40ffa352327a039dfb41;;;;;;
484721beacfda08d37d24dba7fc03050;;;;;;
a8ce45f663d28f5e9094f74da5538d18;;;;;;
311dcb66d1a44fb5694fa67bcc4eee00;;;;;;
64a46915ef392cc96965e76ed211da5d;;;;;;
4671da98289b68c7e710390541f31427;;;;;;
ec0d7f5ccdebdbf2a22a68c83c479fa7;;;;;;
19b7a8690116c93e9ff0eeb6b1285bb1;;;;;;
836685d5f828221cf4d3aa8791d5cd0e;;;;;;
05a0e8df801faa6549de9ad638ecb3ad;;;;;;
4d51004c14813aaef25634357e9e9274;;;;;;
158995b058dd8e1fc18f4a63df06fbdb;;;;;;
0e7d9e1bbdb3075ac70eab23ea38d16f;;;;;;
aa6d37c1649097e711fe43264db23fa6;;;;;;
f74c57dd0d170e1d13a82a5b9001aa08;;;;;;
267a4d635979397a07f2a5143f306e5f;;;;;;
a090785e3934b5a072b785fb4cb571c8;;;;;;
da7474f0d2a498065bf9d1e0f2295626;;;;;;
0b7ab09b519df4374988d576b16dc734;;;;;;
5e49d14ec3abbabe4a40a66880155d60;;;;;;
7d2da80b6e91f4d89e427f60b353b24d;;;;;;
74355c4eead99b84189ce686c45a537f;;;;;;
5ed193e9fa56d40849b7df8577e09dae;;;;;;
8a8d5e99118d6ecfe54eee4c718749fe;;;;;;
ae18f017990bf0aae0196794479abb90;;;;;;
a7a5340bedd24519b4374b191bfc2d10;;;;;;
4f6ee1c1c8f2482f9a9d4764364cda10;;;;;;
a4cb3953ba03ec74890f089f35ecbaa4;;;;;;
1af2bd1d76e684400aca96a51cfaf401;;;;;;
af23e4efe123d0cec80d2b4445e3d287;;;;;;
ab3b7c020cbde23b8e27abea5ff78809;;;;;;
f7d9ec1a0a1db03c4d4767143d5e82ae;;;;;;
944c36e03401388c9fbfd3503947aed7;;;;;;
1f37c082b0991a5c6f4b1653f7eebb51;;;;;;
88c78225e87308d8e683616f1dc19421;;;;;;
2abaf11bcd33a893e8c65d5bced5a74b;;;;;;
d73ee03036a30175a5556a480ef1cc2d;;;;;;
461e02c332004ab05f0d1c573990d06f;;;;;;
600d30c06e2e479a3ce50bb5083bcb9d;;;;;;
7149ce6692850c03f2953aa6316fce6c;;;;;;
4fcda24235a8efbf1dd59acc194a5dff;;;;;;
472135f396d6e93e58b8ef2aa2b8713f;;;;;;
df3ae95bb35a700e13824073e842651e;;;;;;
afd14c0ef0fd48fbdb6783464aa7a313;;;;;;
eebe8cd852fa4f7f83a89cf3f11e4fbf;;;;;;
96c1eab256e2eb5bb4e2f9659af2b546;;;;;;
e7fac78c90f757e68d6c97a2a0f30b8d;;;;;;
fbc3ecfa2d2456b2af2778fb546fa072;;;;;;
9cd930e3a8113a4c1d8d51435bc6e9a4;;;;;;
23d5b2e9f5bc3d54d4e03a4d584f3bfb;;;;;;
5b555b99b8659733cff0de66c80a00ce;;;;;;
5a6f3495e01caf78d6e5aff329e4e828;;;;;;
5eefdb52fd8fca327b815869b5fa9974;;;;;;
a95e4330edc67593f0bcf256d730a933;;;;;;
d25cc25245269a14a0f00656e973f839;;;;;;
a3a3c1699586a2e1921e3e55bb5e5a11;;;;;;
e51db77ee416c21de61c5cb6fd555454;;;;;;
97e7b417cfe35111490f70894ea667cc;;;;;;
f975d3025095c7728599d65ffc9deb34;;;;;;
79daefbf090d86bb16db5f86360d2fc2;;;;;;
a8246a8a6a20e0e9536b0235612f3bb7;;;;;;
f5c998e4b52a5c2258a39472b3c6f133;;;;;;
35881cab9d2fdd62f17e7bf9c0aeb9f1;;;;;;
b1bcc7e315397862a24462a710bc6ef7;;;;;;
4d79f31b5af789b83d10bb5c3577fdba;;;;;;
87e81fae7457d070e0f4e1ff906fe7ce;;;;;;
675acd6a2cbf1c4d12ba524f4fdd048c;;;;;;
3074ff37f9381525e9a8aca53ac300d7;;;;;;
a5c0f8381f5890d2bb2d2b2cd8ea6f52;;;;;;
61ff5484fc30406ad4b852a5eaa439a6;;;;;;
73211b2ddb5fabe2a97fcd167953489d;;;;;;
fda8aefc331cdb7a5bc6407381fb6fcf;;;;;;
8e517a73763656e9bf02134d37f4b6c1;;;;;;
3b8a57f6614d8b9519ec9799292893e3;;;;;;
c0c9f16687f732ffc3d4a9d2b2ef72bb;;;;;;
b84ef271635e56986b4bfafa01e58ef6;;;;;;
0382d854d411f395fe9be7d8ad0d74ba;;;;;;
2e4cd2f3c709d24aee5dc7d6fc10d15c;;;;;;
a7d3f04b1a971fa634694180bd26d376;;;;;;
d544f6f6d905cdc08edde5467aa896ce;;;;;;
e54aadae1ff10b219b8425ab7cdc1547;;;;;;
14d65d7a7439f015bc8b0b3dc44e8351;;;;;;
d15eea6ace456df0fae94fbc4fbc3f6e;;;;;;
7cfcb2b35a3820f9c88eaa16b8ced802;;;;;;
4560402d1ebc9ae980895032854d2f4e;;;;;;
2aefb9566319f944f6b745e458fc1491;;;;;;
1ef4d4cf0f95650621328081cefe9cf9;;;;;;
2b1c9e03f9b008d68f4a686043d9a3c4;;;;;;
5e7864eadb901bd454cc01bdaf9d4444;;;;;;
a90a80202f570d3109ff221bc239b13d;;;;;;
e179e0669779f7bb1da770c986acd1a7;;;;;;
e552251f1db240b6697bf11faad6669f;;;;;;
cefd3320879b92e32a5bf95d2aef5db9;;;;;;
3aebd8b13fc4fb52d5f204d4e4d6fc65;;;;;;
61ce731e74cce46b50f6814f8186577e;;;;;;
4c823af08a867c1b333e4185ecba8cc4;;;;;;
24e2c5e7532b7e34a48c1798e55fc091;;;;;;
48f75c4f1f42499d63539560eab06860;;;;;;
66e352ea1923d357dd4ce504c0a8053e;;;;;;
dc5279de5084bbb203c1b880bfdf8808;;;;;;
21d2c5ec334332a519ebbcbbbfa5ce88;;;;;;
23c93bf47e5481400b387f24ca2757ce;;;;;;
582e0cce08c14db4507b2689187ac985;;;;;;
cf8b5dd9552852d26361fbcda33f1f81;;;;;;
e04f08f9646467f549d6f28498f0657e;;;;;;
9340db29f116e03b4c7238aaf737e061;;;;;;
ef98514da5dcb9dc179c74c052d209af;;;;;;
830f888e8431799de49300b2347ac655;;;;;;
65db2005d0ea61936fcd0b24543058e4;;;;;;
a1db3ea99df91298e96ec4fff25efbc5;;;;;;
7cc0096dc01052642dd9129c7603c368;;;;;;
7382a2bed9df6baba5445630e171a6bf;;;;;;
505c25132623192a97463b98ee7e6e1d;;;;;;
ae0c936a394173b458e310a1e08542c3;;;;;;
10c56d055eecf512640744c1626a4b3d;;;;;;
8709680b7010d31de4524b72c99389bb;;;;;;
946f732eb7bf012749be6ab277b18b6f;;;;;;
1aafae8cf8d13f482cd6320a465b9c58;;;;;;
6122a9a7d98695fbed7d6de9d6a21e65;;;;;;
d9c4c8a0b6933fde2243d887df25005b;;;;;;
bf17e0fd0b66d2d65fc3a059b1d53f21;;;;;;
264e03055af42cdff88a86e5ba6cde21;;;;;;
c555f414b1c5f9d283706c0f0f802336;;;;;;
7cee7e186c39b5fb5129b49273d75d90;;;;;;
11cb9b488ceead9b215a330c9400114f;;;;;;
f8e9f9d95024441f51fd49871510cbc2;;;;;;
5b2a93c6bb867af57bb091a013c57044;;;;;;
ddb0a7b3dba7385c136a3d3bd0ed5a82;;;;;;
41da48b61684c8831c3fe56d358c8672;;;;;;
b3cf6f75c5434e7821af63eb3f48e2e1;;;;;;
7b690bec7026af459f60ea1b4eecd7f1;;;;;;
faaa3398ee48fb41fb8038acb3e42846;;;;;;
18a70601bbd10138c89c6b9f45c897be;;;;;;
dbcee85159cb4b05d0ae3728e1ac6747;;;;;;
57b7aa933af58073e13d3d1f5f4c3494;;;;;;
4b522600f130de9167d053ed80e89ecc;;;;;;
4722c158ac31066c400f8d7317a557c1;;;;;;
43e83f56d690eaa664e9ecb7e7eb6944;;;;;;
3b2ec66c3e089235605c64bbb23ce5e3;;;;;;
b119b45c9a206a2ce5b081db7f4b7f9c;;;;;;
90f7b5021eb63536eab437c4196c7b6f;;;;;;
4e9cb0d415634581d1bba6ede311e71d;;;;;;
a1ca8a5de20361fabf67ddbf3fafd052;;;;;;
bdbbcee220ae749f0d948611f230ef2d;;;;;;
ea098d23db8ca9f734e3a7a99744eefb;;;;;;
feb7a990e7637a937198fba6f0d57f56;;;;;;
beb3fa94fee449406d6964cd987f6e32;;;;;;
7c3de2e3d232f7a1c6b6d158f9056475;;;;;;
01805b07d54652ea6bd566833cac4e51;;;;;;
0c88626a9a205d24b8ee67050810fdb9;;;;;;
99461246d63973fd9424d6a2b4eb7b04;;;;;;
1d92b5b521da4481bfdbcf12dbd2ffc9;;;;;;
0f807e8e4e0a5f6425e60cd305dc9799;;;;;;
6769866a1ea0057d8ae5cfebd209b3fc;;;;;;
bd7e2040d9c68d8307c2d7d7da5b080f;;;;;;
7f71107e14fee44d3cd495fabec34408;;;;;;
e3becb142852d4d3a608479747097cc9;;;;;;
59ee3ffe0f34f6e4918ee34aad2294c5;;;;;;
aa6ad2e0ca9435b48176bf64a0f2dec9;;;;;;
16412793bc9ecbca4f4122b28f681c68;;;;;;
b32b11ab29e9b7d51d72564f31f9a64b;;;;;;
63994b6a04b4edca58309b4a35240168;;;;;;
6246db83f6f1761323ca72ded9cf261d;;;;;;
6d7065c0d6cd251de444e32132b43c4c;;;;;;
c99d45579b380efc1dd0dfd0c2be6a14;;;;;;
82767e5b925e22b5f02311c65d176307;;;;;;
9b4db62a5ce0fa84211e28c78f21cd29;;;;;;
e8844590d177b852e71d4aeb0bc6192d;;;;;;
282b603447dba9ab4eadf425d80223d9;;;;;;
1e5d38d9c101854d1bb5ecc9a8d2af1d;;;;;;
423c167999303c383b7e9e878aaedcfb;;;;;;
093795a95dc7f559eb8e39ca72f49472;;;;;;
2068c22c35a413eafc7560a8f815fc87;;;;;;
1d9117e8bec2be167f577c3c948c56e0;;;;;;
a6c2aedc82524c2999b289c12ac9ee36;;;;;;
0e91c4de4cc8902b0ffc66b73a58b0dd;;;;;;
2ce33f0dc17daac3dcb96f710cc5d2cd;;;;;;
7817fd2413650670f68a4dea536effc5;;;;;;
e58b3692e359b0509490d4efce0295cd;;;;;;
5b2ad642958b79f16fd5ba9e06dd2664;;;;;;
43f9e27fa3845fdf127b84a1c0bc2afa;;;;;;
fddf6e3f50dfb6c1420f258a7a063d62;;;;;;
a163173ee8f145885d0119a178ccac17;;;;;;
ad0b984b8956115250f4d9d6ce742595;;;;;;
42cefb02e248c449a35f55d06c1f6bd4;;;;;;
3c3c50c1028e19d82983ffc4cf0aa406;;;;;;
26de924684fa93d1452d290cbcbf956a;;;;;;
b446eaf8fd7438bc12cc308df62a3b50;;;;;;
cd060cce069aad3ebe9e336ff96cac6c;;;;;;
4d41a8c50a2724d60a865ad990defd6b;;;;;;
132411cdca43c00353f7e46e6b90081b;;;;;;
1b0280e55c13f028012c7e0d42fcf8d9;;;;;;
7dc2ed8ad6a570f529b45f3b3cc19c31;;;;;;
3ce053f0413472dff3192c7eeb64ed1b;;;;;;
8f70bc5d44d39f65c017a0739ae0a624;;;;;;
b6d65fda65b690e6ddb9fa527a9017e3;;;;;;
46f4650f4a4aaada7b188015cda767fe;;;;;;
1af395b1a72449ff95fee3d3dcde260d;;;;;;
57d14786f32640ad2a34cacbe1488574;;;;;;
6a802c9d502e42014b214a65903f7163;;;;;;
4b960ce516236686225e80028d91ed26;;;;;;
cf0605d20ef987607bdcf5cf0339cb64;;;;;;
51da61397fcd5cc4372bcb8e0950699d;;;;;;
d53f3f7376cee813ff309ec90d4ea602;;;;;;
bd4c3874acd5eae5eb713ab61dc8ec65;;;;;;
11e27620c5b39fd361689a42089e04ad;;;;;;
0b0a9c0a9ec0f18b4904a02567a5b0f8;;;;;;
657113076081163bb2c26778f693a405;;;;;;
bd3f8950b7c134988da36fc55333fb00;;;;;;
986efc687858ae1417ec326522e2814d;;;;;;
e5a0f1803f47f1e65e8967633d4f999e;;;;;;
63efcc53874542e2f8fa2bee32ea5342;;;;;;
21fedf6f4303506a65b839de08f616ea;;;;;;
8a7b4d90167fff372a2df523f5368dc2;;;;;;
2a53b2865106bd29bc3a19cc199d9393;;;;;;
363214b189ed3b7f8b84a0d9c753e227;;;;;;
684dc59192750618af092ea1fc3fed9c;;;;;;
05623ffe92d846a154ec067ecb223730;;;;;;
73ccb65a4abac306e63c80bc8fd35ab5;;;;;;
7ceefd07f8acfa05710d09f5d06cc234;;;;;;
cc256d0ce489487d2422ecf5c1a4a509;;;;;;
165a2aa0ecb2b82b8b19186716a54338;;;;;;
ddf4f4d07a218476fc4c8b32b050d028;;;;;;
71c8adc73440d36e22f17faeb002392c;;;;;;
1f0817cf12ba7e3342bed0810db12bfb;;;;;;
fa2dab328902a976bc302115c73c7841;;;;;;
bbfd9185ceb5640145484d453ebeb228;;;;;;
54ecf46b10b0a025f4b85795e3ac13b6;;;;;;
43187e2878d0a680b4edc1434164f6c8;;;;;;
08176e7f31eeacb69d40d8ec9916cb94;;;;;;
37adf14b3b64b0e49c6a0ca3fbc59a6a;;;;;;
d1bf9a9e4429d9199c979180278285a2;;;;;;
d999aedf9cb56e2370bf0e65ea6d56a0;;;;;;
c141921a1e74c34671fb01ec29e259a6;;;;;;
6b9c19ce7ba7f6340adba912a77025f1;;;;;;
a7355e48ebeef6219184e6f4e8a112c9;;;;;;
835deb77bb1dc3acee8677e47f36ad56;;;;;;
e324dc72e85fa20939515cbbf0781742;;;;;;
1b5c177a454a6c762a89bc503202e07c;;;;;;
dff9b1f0c192fa6310252aceb66799f2;;;;;;
5291c8c4e0c4fcde4e3c974481d7d601;;;;;;
53b5659f8ca6be344492c8f2e36043de;;;;;;
d41eba0832d3cc285eb3789b5f82d432;;;;;;
3b0477015bb02816ff11169408fe7e65;;;;;;
35f926526ee74dc9713ed3e195e0f4bd;;;;;;
6e7d5732a705cef1333773cd5eb0fd7f;;;;;;
5d0f0e9f24c228a68a0b1d0034b4e243;;;;;;
77202d891b26103bddb1bf6b46363f1b;;;;;;
c945bd7a41f2bc6863ee48647fdd4200;;;;;;
06ce5d52933c97b999d7aea57234a422;;;;;;
d6909a54c9c571462e8674a8309df6ec;;;;;;
1f8aac2c81bd7368c07b1ea52c0ed05d;;;;;;
7da85ef352cf1c1fff47862abfced577;;;;;;
97afa5c7c11f9f8266d9ca5a59a93878;;;;;;
9cebe77909b9c8c9470a498f07edc39f;;;;;;
9000865c6d07b989c174d844b66cc92e;;;;;;
15afa5a5a3cc607422036a61360b920c;;;;;;
ceab74f4222f8d328de64160c66ab74b;;;;;;
6be5024f2b1a977b8a2f0671da09135e;;;;;;
d3ceffedc7d06a29483e82f8048965dd;;;;;;
b5bc84a01fa79b973174e8c76f438e4c;;;;;;
b146fa96663a30c151edffa12598f223;;;;;;
9bfdc7a80c016e1978a6bb06f1dc3ff2;;;;;;
2fbf1f7aa810d08ad60edaa44d75eff7;;;;;;
728823a455b9468f2c9cc8dc92d3dee8;;;;;;
e1a11b6f4eab1a52ce3002f1bbaf1c8b;;;;;;
0a97440ed76dd6d583a340afb291c849;;;;;;
b6519d5bba788a82fe8e47778a63b632;;;;;;
919b60f67df39747dd59f6bafb0ae692;;;;;;
b997718a4b6c3a6d63b1f1c0f9ed8990;;;;;;
11edc928d76efcf21e02ef785874cdb5;;;;;;
e210f82debf445704442828a86f7ca1c;;;;;;
d3b9c15644e6f4c8cec6fe4723e04648;;;;;;
1186dde308f1c0bf3fce167e8e811c3c;;;;;;
e95e26e1710e456e264f6429e78b5708;;;;;;
e0b90b825508b519d118ea78b365fce5;;;;;;
5218fcd03775baa2f17504c5623e26db;;;;;;
03c99c719984a47bb8f01745362dcc86;;;;;;
27f0357d1a3679c95af275bf43f7d344;;;;;;
d1457fbd8aedf7eeaad292ccf0e26618;;;;;;
397185f54a21fda057e6c10fe1173c78;;;;;;
7133c224e197f2ee8424252df370a2df;;;;;;
40512fd6ecdcf7d574f9ad32ac88c585;;;;;;
8adb9cda35407ec16c68450c50a73e6f;;;;;;
6e4cd2db0142143ee702327db2abbf57;;;;;;
785a62c3cd9e96e3230a76459f0ba46b;;;;;;
e60f4587cd288df0b102bcf574a1b35e;;;;;;
c7a627916b076126f5f1e522c342a5bd;;;;;;
b9aa094e40020bfb74028d7e81f2f2a9;;;;;;
f3b6785253f83ed5a9494c0a9085f2b0;;;;;;
d14611582da17303faf1b585592968fe;;;;;;
4ba8ffd958cd4762f1db8b8d383724d0;;;;;;
3ad37d7af6299a9704c24ac191cf6d6b;;;;;;
de13e0fe3776848b7a70ca2b090dfabc;;;;;;
32c8d0943724ea5617bda6e1633ae982;;;;;;
e7762b0df6fc5a6798f552ad7ef3936b;;;;;;
167272d375368d5bc96277098aae91f0;;;;;;
275439b3792ca992503da32ec3669738;;;;;;
54e924d4aa3428590fa9c186f68548bc;;;;;;
3be56d8cc892a336afb8bbf215e24baa;;;;;;
f3360d2a64c2d05d9f2e190c3d57e7a0;;;;;;
96172296790f227162495e153b06430a;;;;;;
761b2d1a35919fa9341f5cc20185a723;;;;;;
9fca9b17f541f5d450a83846d74cd13c;;;;;;
ea91ee47cca713e52858d9ade966e95c;;;;;;
7ac1e9f0ad0eb488839a5ab987d2d647;;;;;;
6cb38b54d1de0cc9ed2179d053656159;;;;;;
b3c20d285d4beceb354e72d1a0615a61;;;;;;
160fc651cd1406ad16d4b867a5f0b394;;;;;;
beb8ec0ee553ae8e735b9052bf6bc55e;;;;;;
efea731379dc488aef4ca3b15a95028a;;;;;;
f2ea63f213bc2439cf49b29cb2ed400b;;;;;;
efb19b922ebd064bf209b9dccd170386;;;;;;
e67160ee238883bc735944dd1cec623c;;;;;;
da56cf48e2cea4d35423ac14503dd3e8;;;;;;
bafd425cd9e831150b9410004047b61c;;;;;;
5c635e121ba478eeaaf911b90c114d6f;;;;;;
7c30beba21320f61add51f9086fe0b05;;;;;;
fa87d165504cde0d9527612a0c8dad14;;;;;;
ef9fcf4b1a722f2d76cac7143eb07b2a;;;;;;
71b9b61ec86f3d40a2c040328bb79176;;;;;;
e8878ee9ea9f84fa0fd4cf73ac709e72;;;;;;
1812945b4b60408722bd7278e908f231;;;;;;
e95be00ea08247f98af7942484ef541e;;;;;;
75fba05d8f2801d182a97493109d0de2;;;;;;
33d1f29103c77724b3c32a700fff96ef;;;;;;
2c36f2a2bc1e7c1dcf1d9be47b008ffd;;;;;;
9fd0cea3ec3be6bc8a3120b5e83ad758;;;;;;
581d434cf5f0c27a788e85621a0e3b19;;;;;;
50da408f225da21b76719b382ffe1b72;;;;;;
b08269d5a6f0ade1896ed3139ee20b6e;;;;;;
a4d74014e3855bca659dc911b0195264;;;;;;
40ccb03746b90afe5f0254a83db39a27;;;;;;
735dd2f04a7e0e33930a6b0914c4ca74;;;;;;
7b5483f2c2126dd96b0844f1f9878996;;;;;;
ed0bd3169675ee19f9792aa8d5836f14;;;;;;
45569eecbfbabc9f679b2844cdb84764;;;;;;
95800fdcf6eb2264139547898f74b5c2;;;;;;
30f9791c32b8d1f1bf0464064dd9a0cf;;;;;;
d94b549774e51e2bb49ee68faedf3b00;;;;;;
eff4def0f4d4b7d15b139f5ffd2bd7de;;;;;;
ec4a003ee34ef07f0e05ee91861455e6;;;;;;
5524508c3a39907ce628c4e8c2c3c85f;;;;;;
af4cf036d3266d7ae371155aba509480;;;;;;
8990fa1e0de304058bfe2f86939fceeb;;;;;;
03d26d1500d4c136b7951f51d7aec6cc;;;;;;
7ace46ab602c58d6cb5db669d0a1af6d;;;;;;
9d8827cfcafa5075470084913a93e61f;;;;;;
14a0244cd8e361bc2ed58f8295c465ad;;;;;;
01dc15799ddcf2abf8562315f2b0e67d;;;;;;
bc6ae53e0c8e9c66843e074e7e43eb8b;;;;;;
fdaa9d7d4731641c757d9b38c4876b61;;;;;;
e8f8812ccb3e15d65b61e3300a570e80;;;;;;
3dd7decdf2c1204e1cb8cc1617701684;;;;;;
dfe081bbaeeda2bd77c798e5edada175;;;;;;
27299ef2de69b029e9cd7f1583705f67;;;;;;
eb89fef625d856fd100df738a39fd0b2;;;;;;
8e0e7ebf802405fa52b8bd0079a33385;;;;;;
3199a473aa0e53e248037078165c3fd5;;;;;;
d1f9f73e7b25ee15c7d4ddd1f4989318;;;;;;
8e314159d10389abc81354eb3611c0c6;;;;;;
97760cc5d3f4f8c1334d84733a9c33fa;;;;;;
f6276d1a0d00aea0ca1f925186ed3464;;;;;;
71fc9355da207bfa1207af96d64eac73;;;;;;
3edc9cf70acb396a72961d56073d1cf9;;;;;;
f3768bd55e79366e257a272f6ff0d3bd;;;;;;
ef635e466374c2caa34b430f3684a361;;;;;;
7a6f5b783f1ec3fb6e9fc882fbd9ca5d;;;;;;
210a50a2684cdbf8443dff03b3a9f52e;;;;;;
bc25aff757c09c3659701978cfd0bac6;;;;;;
82fd828b9fb223a902f19708a3b66919;;;;;;
d4b0c9f455c7d2c9b1e2ac65ba8c20ce;;;;;;
8d5d1730cbf6a1f43521fbea12d37a00;;;;;;
6c91b801723bd83aeba92d9c7ff028ec;;;;;;
9651f5e1ea54cac60bfdac4993c6394a;;;;;;
0611eaec61a46dd93573a5677d83201b;;;;;;
09e8ad650e1d4420407add697fe38340;;;;;;
62507feb46cb470734e8a05158052bd0;;;;;;
a3eb20888e2795f44bf2867ad24c5e98;;;;;;
af0fb0766a638422d91fb4193c42f4a0;;;;;;
71e4a23a852a6ad74f97fb0b71151d09;;;;;;
07c2792087268d3d3e25102e040413ae;;;;;;
49ab80c916f33dbba0fd4880dda02d63;;;;;;
d6487eda1a8c15a49fde50997f8c62ad;;;;;;
c7877117cf4af976bdf0447b7a8b6980;;;;;;
0d8ee553015eda6f25ec4b15e7e57be8;;;;;;
faf578a0869f5b3b31d39c3a8d0dae9c;;;;;;
2769109a3e404e68ad1073ec23eb040f;;;;;;
cfdcf20298b45e410745c67c70e4dac3;;;;;;
ff5bbacd39fa654abfd7667d876ae105;;;;;;
fbe026bc41dea4038581279d1c34bfb2;;;;;;
b57c048ab97769c0fcfe7635f66ccd3d;;;;;;
da639316f085d09aa83cbf2b12f92109;;;;;;
02ba8d4c17f235f2295234eb9e2d70c7;;;;;;
d1d1c1f933528d81987cd22b60700508;;;;;;
d2be3b9d4fea540012c983215f69b703;;;;;;
93930ed1f8dd17661847932ec34db233;;;;;;
49467486ba91b552ed218c686b454504;;;;;;
d37a3a1e4d08bd846f0c11bcceeea8d6;;;;;;
fae5dd8564f4487d4b834e7e24bd88d3;;;;;;
7b3fa7fb41a9a8676f55ff7e7c910eef;;;;;;
6a0112c747839e1f27a4c51ca7a000e1;;;;;;
19ac5e5acf2782574c4d43074a6e7783;;;;;;
cb6e026b5fd662738590a7383de4120b;;;;;;
81e16705a93193022285d92e07e2486e;;;;;;
f718ec92a92253cc40fb2cf8cf6d917f;;;;;;
c28c7e3a0da368a67f410433e0648dbd;;;;;;
2f62d26958cf68ba6d2fbd0349140e66;;;;;;
29550835ab473437620634617fd8e58f;;;;;;
ecffa44d77e9d07aaff55e19dcda052c;;;;;;
438c72521c79204586f74bc8fb01f9c8;;;;;;
b3435ea18c6624b5ec9e1bd39ec46a84;;;;;;
388c9f8d33f5a20c39975086aaa69dbd;;;;;;
dad9df14bbd95210533f474394e00118;;;;;;
e21a17e3e17d52a2a0597a79a4766e65;;;;;;
a62c4e35d1ae74d871e26da5ba5329ae;;;;;;
3fad2eb4b770304d232a0084ab31146d;;;;;;
a399861daaaa453a2813429d385ec80d;;;;;;
5ffcf138daf823624d58913b7f53249b;;;;;;
1a8beea0bf07cbeec70d3fd04680f19d;;;;;;
253ff1490ad458ddfb156cfada8a5824;;;;;;
1f386dc8d8486bd148806ee02d04053d;;;;;;
b3306990a939ae98f9117150a837681e;;;;;;
41bee7f5c1460f95ec0d710edd3cafae;;;;;;
8e47e25dccf2a1c8c9cc510724176ec8;;;;;;
4dfd5f503069638334691b5c0b27fee5;;;;;;
5778696c196950ae367a9a3a3c07841d;;;;;;
965ab96c1f2070623cd7d6282a961a6b;;;;;;
0f4ea990c96303377bcf958f8e1a3577;;;;;;
d8ac05a2ac99fc00b0af901e775a0c67;;;;;;
f4560818abb95e4e2ce5d21bbf352256;;;;;;
df7262e269f1c429bee06a01228f07e1;;;;;;
c314bb2183dfe2edb9a59bd78699c936;;;;;;
9463fdc162df6ae4b8990da512c0b1c0;;;;;;
b7e641767870c420754b3164d3cae5d3;;;;;;
699df2394f80fd6281c37326f2bc45d2;;;;;;
a794b53fe1c97223444bec8fdd03ad08;;;;;;
3e873ecc7d4760b7c4396760ed6c2b48;;;;;;
3dfc947232ff849251371245fe216cf5;;;;;;
7aadfdf4a4d0ebc0dbece76ad3a0623f;;;;;;
89dd1feb6ec3d826a428b6582d4c01c8;;;;;;
dcc4032e95e29813b23003d66db95f75;;;;;;
14031c077054791f04d8287d04254389;;;;;;
da176bdd1f710fd8e0963018a61aa23e;;;;;;
f27a1f6d2f32bccc124bab2853a2216b;;;;;;
421d1b2f5bf41d3c2bc98db6963c5e17;;;;;;
310c5d0f87d1fe6e6e6447a142c0aa7e;;;;;;
17c3173d1ed9429fc558457f36fe8a61;;;;;;
a3154de55ec6706d49caa586a4a8f000;;;;;;
59e7e1f9da28861208e407c8ca8744bb;;;;;;
246e3c6e93610d148a5784b30721402b;;;;;;
606b2b70b61fcb18773033020a967d9d;;;;;;
73ec82d84d5f71f4688c5d09f305e888;;;;;;
2640e9b880e37ac4cf3d61469a25af0a;;;;;;
f0fe5d79b952affdf22701e650f90e1c;;;;;;
4232312a10a38d8d9ffa434de67ded8e;;;;;;
395ebdbc5f4c2d7a21e088e6260de2b2;;;;;;
46b0807ca0c69286d5aa3b0ec6aa6185;;;;;;
07de00c569e39319a14e3fe064ffca2f;;;;;;
561632b14d33a62b129a290eb4eb3f41;;;;;;
bf09991b8322f1801511f813a11721ae;;;;;;
655ddb1d1166cb6c6cfcc33f0eb9cd85;;;;;;
1098c77ab2e1bb0fa9d6a44f1bbf98d3;;;;;;
bf79497e44da1fbf7b69c82ce15f4384;;;;;;
c9e7f8ebac49ac36245b9087d212e393;;;;;;
8bd19479da841646fb0f52377d244569;;;;;;
fd20ca89a1eb717ff9117c287154e511;;;;;;
a65f175ad6cba0f4221d8de5a0ff334d;;;;;;
9eaf03702e58485d91e89593e0aabca7;;;;;;
229f889d1bacfb6987c24b4c26be8abb;;;;;;
4d740ece2aad0d901d2bf7682870da0a;;;;;;
7686dd1efe7fcec4f76769735938a486;;;;;;
8e070dd33992520faaad70c843585dee;;;;;;
817cf6f0ad35f31d6f9820697ca70aa2;;;;;;
2ff0d64e3fcc35747bcdd12c3970a35a;;;;;;
20bae70e0c20e528882ac3985ee70f27;;;;;;
41bfd862643aab069ad3e6dcb82dc977;;;;;;
f384eda650dcb9d863f781684b8210b3;;;;;;
8bf57d10cde808cb7d70ba8b92114eb8;;;;;;
d2aaec5c157e2ea561888fb0db4798ad;;;;;;
214404c957b3b08e247da83d4f479576;;;;;;
668b328c9864f06c7d327ea3a80afc1d;;;;;;
b79f1cca09aeef79259fde04fe7fe4b0;;;;;;
73577b4272210817a2c5519217ab81d7;;;;;;
ced148f4f4e16c068468b48e1fb81729;;;;;;
a9a9888c06779d216e1b34baf1bbdd61;;;;;;
7e47e4718bc2bd4ca8367e522cbe8f11;;;;;;
b59afc94378822fb6921b6934f561e03;;;;;;
af5d64c5d0b4ce68e8567ad823729a55;;;;;;
3821805d47ebccaf0ac9e7be750025ff;;;;;;
96240f49e0c08258ff84b2070351e81a;;;;;;
4ec2d49c165f4a8f255585a762f3b85e;;;;;;
ef03e6a087a22bb4afdcab537bffa975;;;;;;
1b34580a4c4a07bb1585bc38469d1e79;;;;;;
e1fce924055daef0d29281a33a2742f1;;;;;;
f3c6c3e6ca89987c46ce4bf1d92a2950;;;;;;
350be4c5aba993ff60fa82efa26cf940;;;;;;
f998bdfee2a2f563f72312e285dd476b;;;;;;
68d87265792047a0ccaede6fa8af07bd;;;;;;
348da7ab1bca7b1874d7d433a28cf92e;;;;;;
ae3fed0ae13bde3ec134da5bc3aa0096;;;;;;
6cc1d692db8a81d2d082e176c734188e;;;;;;
c4725ca529beb85e884b95693f36b67c;;;;;;
e864bbb632896c1434b2960f6e29471f;;;;;;
fa7904dfeb0eb45d741767a4291ffceb;;;;;;
fedbf31e078a6d90723ba88eeb1e0597;;;;;;
3ec9a2b3bc58eb4a23620ec09e9a9820;;;;;;
0034c3b9d33d99308a320e7fbfc1c863;;;;;;
b4e7151ddb26949a6d53ec1734040111;;;;;;
6ccf2c0eb4f67083377d41107b94d968;;;;;;
2a05ae989f54eb623445f2c7b3dea889;;;;;;
ce28fe86df60f79882c4ff92c21d0fcc;;;;;;
483271f13b89c4213672b3cb0b49852a;;;;;;
5127b2ece294b98152a75028a711cefe;;;;;;
38bd378b47ab4bb750a33be38262e897;;;;;;
34ccd5439b098a92a6cec8ffaae61603;;;;;;
54b8d99f7c0960b3290cd537a66de254;;;;;;
85f4bcbdabd732dec679521cd35ff70b;;;;;;
5686c34dff332067c4a6a331a2dcb14d;;;;;;
6dd7f8c694bb4ec6babfe032abf8f755;;;;;;
9510eee3f4d5ec469664056986a541f0;;;;;;
d71ca2a7744e07162c08afc82bc39b3f;;;;;;
a4161f1c52bf2cfd1e1e2bfc3d8ca6f2;;;;;;
09244d30e3d36cea1c16a753db3c2950;;;;;;
18c2cb36b62d14a6cb0e12c07bbf929d;;;;;;
a521b032e2964639e2a94a34191c5759;;;;;;
31c212a30f6bfba1aff9f6504f194517;;;;;;
01eb3dd64c2bb7d9f31516bbd3378a5e;;;;;;
8a8cf6bdc7cde07340a114b25a2fe292;;;;;;
fbe70e8b855827f82e031a846e8e086b;;;;;;
ccc6147d8ae9f1118dd91965dfa28c85;;;;;;
b0ee873d957b4c2532f4b975bcaf6b1c;;;;;;
07bc907dd5ab99ea5cb18e286bc1a8be;;;;;;
3f62433db0701b71686f100ab292f0ea;;;;;;
387f197f335a1c9e5cac5cd236d28ef5;;;;;;
a3eb469d10f161e3aede344cfeaa269e;;;;;;
5d65214faf99389da0d17bb016b320a4;;;;;;
0c5cc7ee1af4bba0d2a51595404af66b;;;;;;
f2e4c304dd9c44420246c031deb85332;;;;;;
3dbd191080aa34e8733653b589d040da;;;;;;
964b22c422c9763aef5a2f767cc5321a;;;;;;
cb385dbdf0238c0b3a44b6da7db0bf6b;;;;;;
d79b8cac42d379bc6f7e67f037a91177;;;;;;
e3ff7924ba6a1eca92bc2eed20214389;;;;;;
b35af5807c71e56e0a468ab73821bb6d;;;;;;
61b901cfbb8dc8bbbccbd942b318d505;;;;;;
51b7a64936d4ac77a223d9917b0f7407;;;;;;
aa8df78f39997eb20009c54978bb1f05;;;;;;
f00144115e44dbedf1513366906d8f29;;;;;;
8e56efbdc1dad931e5f6086888bdcd48;;;;;;
4ea5690d8c0a75691e405918483d865f;;;;;;
75eeac247b62eeb0dd6e802c63c77003;;;;;;
36be2c1b59389d9e45c1ebb277d10395;;;;;;
03b105abd9faa0f38e47f41bfdc6233a;;;;;;
565b69aa08279df129dff37197e2231c;;;;;;
dcf28f6448b93d9002405ed2bd9e89a0;;;;;;
a1543b673d10d675adc1abac69230b03;;;;;;
7c40b5128143df0483f07079a2d36272;;;;;;
e4df187f7fe756c44cb4dd42b76bf735;;;;;;
2d05d9c54cbe1d376731e839bd8c3f06;;;;;;
5919e4f9d83df625e1acf625325b63c3;;;;;;
8cf4eaa51cb6250b5bf8004e35d8fd20;;;;;;
d5a1c41a5c161cdf82f44a6fff197648;;;;;;
00dc3b1a15e72bc3ecf03da06d3e888b;;;;;;
dc524118d2d214fedd646103977163f6;;;;;;
777e20f2c9de9d8c2108dfb805e768f3;;;;;;
4ef7ef6b36c2ffed30ac198fb2d43a5c;;;;;;
da25a1b766d5719c67dc83b9029c1287;;;;;;
4eb4d5b0016a8c183f8487383c015ab3;;;;;;
4c23cb5cb8f0dd4267f3616c7141d4da;;;;;;
34c22e4b65c2e1af612c9e2122da77e0;;;;;;
3de944c6e6747320d5d16d26e4d79ef3;;;;;;
961a0a67f077e0cddfb931dbdb3f15ef;;;;;;
f91038004a7da5c0c6e1f8ed6ae29fb5;;;;;;
a663f67d6515bc66cc7902fc7346ec13;;;;;;
b8f9ea08439308125325c8d9f107a648;;;;;;
24a29eac21b3cf55b293c3078baf996a;;;;;;
642d551187dc59cb118e298c3504332d;;;;;;
bf16792a0b782a6f1718d62491e29d60;;;;;;
408ec689f7b002f50a58861d961e8d2d;;;;;;
17128125d434cbb5ffbdefe555a7175b;;;;;;
0dc1052f2d6e71c6d699397164c76236;;;;;;
8b71b86d98a6698dc5e1ae9da31cd570;;;;;;
8580775f09f357af26a0396c6ca72c95;;;;;;
3e27f94ca932141933a73505350b8e64;;;;;;
7a150afefb8e7bd0a391ec4af0afa992;;;;;;
ec97ee36ba0dd7f6a8510b93f6bf6d7e;;;;;;
4ebfe037d25b754fe785ae8b5a7e35cd;;;;;;
6b9efb65610c9cfb736eefe73acd6a4f;;;;;;
a75d8cf56aa4f369fa3c8774c9c3990f;;;;;;
62aa67b0b4ff366abd03c72a536d82ad;;;;;;
94a9c3bb79891ee9f3ae31ce699f4132;;;;;;
578d44ca5282795fdf8542d13ba3d539;;;;;;
8cd431e42dff7637ba79aad7a7f64498;;;;;;
f52bc7282ac7d371875427eb7950c04b;;;;;;
928ee318d4fc2f9fb749f01319281a68;;;;;;
6880eb9835460c42e0d8ed961c64bf85;;;;;;
9934f64424028fefe0c53815a7343363;;;;;;
037a8869faa20e730517b857f3ace85e;;;;;;
902fdb6a600dcc546066e5c36d975b9d;;;;;;
f662d2d7e06db1b6913673bcd4186ee4;;;;;;
87b0d4a3f2fd21f0cd35379b62180971;;;;;;
85c3f254ee701826fc2db7b1a738910d;;;;;;
2506f88816e1a0eb6bca552b713f1545;;;;;;
68681b4aafdc61a27db936aed96a9f44;;;;;;
53bf392366cc14940ee3ae06b4873cd4;;;;;;
9cc522c40d0389744f3308d5bb0d0031;;;;;;
a867a5629e94d33d0492750b688eed69;;;;;;
53c2b2454b930e3addbe5cef6d766332;;;;;;
2c50e35a67483d09410730cfdf256a29;;;;;;
2908653b2cae779b6ed60de5a20be0cb;;;;;;
58fb3482c2a301dd27d1c62618aa6c12;;;;;;
280d353c52c481e10af29d8a0b9025ec;;;;;;
80be9e239eb656363465f9cc19ba0228;;;;;;
2020a3c2779beaaaeab9c6f555d8291a;;;;;;
57687ae471ce8108127aa4480de6f8ec;;;;;;
7f81548de4352492bb94d3dcd5353686;;;;;;
f284f42627629561768d2968c0ef5981;;;;;;
073e6ae8b531b7588720e3214db82bcf;;;;;;
8c8f4f63b196e55a2066b1e8a4082701;;;;;;
0499feb9ea9c3cf485be1006e67f74a8;;;;;;
87fbc792c216b7e3b5f1d763694e6017;;;;;;
a6456111e7ec1ca2760d8fb516cb0ee2;;;;;;
093e3c988dab71db969ccac661d0a872;;;;;;
9edc05910ea87222b4d90226051ad385;;;;;;
be257812daf6c8c139f52cfa9af41745;;;;;;
90c35c40326bfa3d116f950b73fdeba7;;;;;;
4bdd8d520a20cac008ccc36e46ea1f2c;;;;;;
05e76124fb5d509c118463b3b208bd5d;;;;;;
28421ee5e4a86c286f4849a15ac2c23f;;;;;;
6834cf361c652a165b5fd617c83e0c2e;;;;;;
a55611435bc12bbdd7c48136817c6d47;;;;;;
81f5b5b515fa76778192c111925c3d7e;;;;;;
9445e004788c5b56d1f458e2acb0a941;;;;;;
33e8afdc2e45424d1c22ee337da4a8e5;;;;;;
76f1e9bb0c74269a804b025ad85d683d;;;;;;
62de1b2509b9686e021f96e315123b35;;;;;;
af6dc3946006ee5356fb8556a31d05f3;;;;;;
e644ee74d6acc612c409a09de6666aa6;;;;;;
5db610da02e3b75572461ac48eff771c;;;;;;
2d505d7e177f06ff44a8849d4bbe6e00;;;;;;
762e3eb69eba97527d5047e3096197bc;;;;;;
e3b06554dfa364289d82365ea4a2fe89;;;;;;
1f1802798f678e30439ddb85d6986368;;;;;;
9d655c11a374384aa328980ba811cd0f;;;;;;
0646173e7e0fe06281a01c9d98d093ca;;;;;;
8bdfa3d92f8a7dd2956936dd38bfc1c1;;;;;;
02eab81dc37f666f4c1edca9b4e7bf62;;;;;;
932ee1cac0051016810d348dc9f9b37b;;;;;;
831186aacc9d69b82dc84f2aabaf18a6;;;;;;
d97aadc1bc3a4799795914a3a079e5f8;;;;;;
1b4a66da86399149efdc5fa1463bfe8c;;;;;;
8e72da02ea889ef0b0f718654c6741aa;;;;;;
5cfb57471cd9a075509f8eb17d6e79aa;;;;;;
efda75f4dfcd715ecb01fe0235f6b0aa;;;;;;
d843fbc6b2d3343e5c06e9b41fe524fc;;;;;;
0ff3d39e5831a23b99f046f5ee20d907;;;;;;
4bd73b0a493d869a3b3193e5b1ebc9bf;;;;;;
46cc6d93ccd4fc3b9c4c2f4e149f5504;;;;;;
f49c9ee150f2bc263dd642ec2af66119;;;;;;
3dc5bbc6d639713cb7d7c609577c546e;;;;;;
3dc0dce8d967b5287e560135f3d23854;;;;;;
17644a166380fd7d1c7ff30145bb4a66;;;;;;
480bbf3c45dd65f4fae22715096e0a50;;;;;;
95e1a78f10d70ac3079f3755e9374857;;;;;;
c13024561ba65da1348e9d91a407c096;;;;;;
0fb4dc722f2648c1ff273850e992dec5;;;;;;
25447ea2d8fe8a873314c5cf254bce56;;;;;;
4cabc71c14d5b55eb5216feb977ab9ec;;;;;;
783563f91a908a4db5a0cde3ed68f50f;;;;;;
b0aff2b26a101a7d33dae58c4dc44503;;;;;;
a16f42f7ea6dc2837342d006ab58a9c2;;;;;;
fa86f43da08fc867eb958da04ed15e3e;;;;;;
23f44ab020a09cfc4310749aa80e2367;;;;;;
bcf4e2806dc3cc6fa91f702da83b522c;;;;;;
8357e8786a7c639b7356a0e1b0bb9066;;;;;;
650335400fe84960acb53f2666ea1e2e;;;;;;
1009c8c332eecf7b11da8da58cb1abb8;;;;;;
e603a6651e0483c351f8e8ab3731626e;;;;;;
4204308e7174b5caa495187eedbd0e05;;;;;;
210bd9ef1ca1b9a4e4aad9992c4986e8;;;;;;
ff6c61ee405cf1adce4794f75cf45b79;;;;;;
677914d54e676cf3d00b79b42d70936a;;;;;;
79d7c64f57c4d0db65020388a0db287c;;;;;;
895d1a43f50af30acfcdf41f8fc36339;;;;;;
017fef0e520d0172dbf43e3a69bd7110;;;;;;
dd82306606785f3f5ec17c79e11e51ef;;;;;;
a3a79600e46f157033fc554cde8091b6;;;;;;
bddf00689fbbda7535069c69aca365af;;;;;;
b9568ec4366827a0c381157a60067eda;;;;;;
0b477618eb9a9808eb3cf2c4419b5a11;;;;;;
479ddf41c0ab3f1a35e6a9383966247e;;;;;;
bb97d0e07bd60062b2510f0accf5ec0c;;;;;;
f55d2893892f2e1366f44b858d9f3e29;;;;;;
95991a5b9aae61dcf22423d7e221983b;;;;;;
a39d0c84a84c2a048c19631d76e6987e;;;;;;
c89c7407ae1d1f0e8b90e348fc97ae25;;;;;;
6dce1476fb9a95ddf05ea81e612678a0;;;;;;
d898129d6977e8b6e4065ef9f88c87e6;;;;;;
aa034b8b0b9f0b92866b64c46619fedc;;;;;;
74a0765af4aba0a2c2d52010e891a90a;;;;;;
850aa889f24ad782f307c8d3bdf45771;;;;;;
a4deb901b1c61ca2cdff04f5198fc50c;;;;;;
bdfa02d8ef8f6bc41951d3ce833f5ea1;;;;;;
a928ac3593f07fa282a4bb7e792e31db;;;;;;
0c9ef3911a6aafc1f1de4fc9e03ad3c3;;;;;;
11ec02e665930251982dfdd31e1b4f34;;;;;;
4202b88cb9d1dd9c382766ecfe5732d1;;;;;;
0f9bfdc9c3ebc36faddd37a24d09964e;;;;;;
2561ad56a5959d2bcebf3d3009fb67c9;;;;;;
3db473c4328ff3513d65523ccb3e149e;;;;;;
daba72a5d2a6452f45e96096fb2d1775;;;;;;
109c5793383453b06d703ed66dc0da09;;;;;;
3a94f087204a9b42b8a4e5f31f2eb6dc;;;;;;
4fe17c4bbd33e3d63cd4e61776f040a0;;;;;;
c4c6d6a9c78ae45a03f31244e13e95b1;;;;;;
854c143246cce9306897ca9f5bebafcc;;;;;;
5cc34a73f733932a3dab2a3f51bef56a;;;;;;
91a4db223bbef1de893f64d6e3b492ca;;;;;;
2e760336a06d1f6ceba8c7e3b15b1924;;;;;;
c991de13f1bd8390c3dac3882dfd2865;;;;;;
5a67e8e7272d9477fd388addd169a2cf;;;;;;
76b7a210dfa9fb217763afdd711257ad;;;;;;
72f998fe3abf3f3aa468f6cf8547edab;;;;;;
91c8228478cc07245326c65900831ef2;;;;;;
7f27cadba9b8bacd6e47bc164c825efc;;;;;;
6b80a1ee34adec487d4cdfdbea1e962f;;;;;;
45b537b40d37b341a278966aeca194f9;;;;;;
7485238d1adf7971cfdfcc9e49104a2d;;;;;;
b1ca072fb4610ce141a8c533e62aea0a;;;;;;
63bed0ddc936b2e38976b2588e8183c6;;;;;;
57c0334e537a6ed8b6e716e371536123;;;;;;
ed225e3f2f2d139364580a2a6833bd72;;;;;;
880723ed35a397f1518b20e9c41826e8;;;;;;
da37938c9a37fb429273a5e4c0abaf8f;;;;;;
c861f80f0239f3ad6a3b66540d55d0f1;;;;;;
078b795e6570a97a7211e1f1cb939d3f;;;;;;
b9317ae5255f34d7672c571d9ca3bae9;;;;;;
2e22ca98d62597591a417b72dd61e42f;;;;;;
35e4ec1ed671b357a575b752cf3ea042;;;;;;
a4efae7b3d76cc1698ec56ac71cea557;;;;;;
f6676c84aa5a8ec44013c067375997a6;;;;;;
e9ccb9f9900172b32cbe410a5f43b65d;;;;;;
07edc7562ffcbfee0f131f053abdfad7;;;;;;
90f24bff4a2e00e0964e7323280b49f9;;;;;;
01dc5ae22bb8b0c8e61789766eb4dab9;;;;;;
3a250c417de4c653a3792ec21af25623;;;;;;
e4488c6723af1b25254df6e22ffddb39;;;;;;
3f932659af4bd97cabec74051a920f73;;;;;;
071c4292fb7a89c761857caa218936a1;;;;;;
a5b62b099e7859e4223476e837d211a9;;;;;;
9c810f34fe469432d328d21fb4d0107c;;;;;;
18eb70c50a335bc3e39fa2b2f3e54dc8;;;;;;
af7300caf11cf8096d2dd08555ac66e3;;;;;;
635b9dc5794e294ef975d681a4846168;;;;;;
1c94a3529d7b0a09781ece1f11b9cdd7;;;;;;
51ad3d25da965cae96b65147099da715;;;;;;
e954e1a58d64c52badb2e60fe20669df;;;;;;
a2e8ebc4a2b6af9d26540555cc8e3fa4;;;;;;
dafaad783502eb4b93b72af0babc6fd8;;;;;;
b1f46fed4ff2308b0020eb2058f0ab07;;;;;;
a7496fd29c56b847241832e829ee2325;;;;;;
874fabdcccdb0e374a9b31a257171f37;;;;;;
b59919969dd4a7a762fa26fefef2a989;;;;;;
f48758bc414bf8be0a5b7c348f519918;;;;;;
67ce5ab16e9012926be1f48e0e3304f3;;;;;;
fd57ee47ff44995e1afc5ea9c60fa447;;;;;;
fbd59718b783a789ee1b2e5a8cb96e4a;;;;;;
3f508538b84dea0a135105147fab5c4d;;;;;;
f2d843b6199f2916178fb1a1f35eb45f;;;;;;
16a9cde22d02d8c9e1f17780140363a4;;;;;;
116efde35dafac2cb9f03b6a01bde749;;;;;;
96974c23d60a336307d92a02e0b38859;;;;;;
86721850ae9281f2721f46bd92c12a55;;;;;;
fa7a2d4c21cf15e280fe3a67ff002d59;;;;;;
039ba019541f9bcc2066583b0bacde91;;;;;;
78e35fae7f78420d432432c539037366;;;;;;
8d4c06e6a57455eeb7ae8757ee2a4843;;;;;;
9119b8b1aaae1f03b77647752fe55b88;;;;;;
ac7cdd7ed3b70dcdf07b2379740b2119;;;;;;
e4c4c4fa38318afe11c6cbf8b9a57938;;;;;;
2cb78b442c7a1e1f37816d1bc5f7899d;;;;;;
1d7fbaf07fbe762c7854085fc50be398;;;;;;
b68c4f5426e62c88542e70f4174f814b;;;;;;
a7825aa74f8c116e793cca1a70de1da1;;;;;;
249d944e73341732cebea5cbd902c1f8;;;;;;
99793a99e8a10c27b866db20987c1272;;;;;;
0fc5a429916766e8d0b5649c50bee2a9;;;;;;
41169e51faaa70d60a675a1cdaa7003b;;;;;;
7add1984c09bb1ed352f1de60fb54bcd;;;;;;
f7518e9c06fa4e743a53c85f63c7bc20;;;;;;
c38fd0d5fce32c4839979ed7285d329a;;;;;;
66b78d3a49a2e1a950261632354e1efb;;;;;;
e5d35301fecb974862a906781c6f3b28;;;;;;
e0cd6b7f4332bb01275547b3ce172100;;;;;;
c0de2730bee76e7a5f7eacd43759c548;;;;;;
8f94064f0b19230722d5616a0f1c0a40;;;;;;
87c940b547f3573b42849843bfe06b93;;;;;;
a8106bde3b5c66a95ba406af6d0c4792;;;;;;
004e24f729dc700662c7fbeb00e600a2;;;;;;
56824f465191d0468c1d5e17ecb7f13c;;;;;;
8e9d17f5cef0138475413b2026afa509;;;;;;
0efb497a3a2450181eeb88161a8a08a3;;;;;;
1816b0cba34ee4e47b728e5098e22473;;;;;;
6009540bf9020193c95dd0228adc9656;;;;;;
ca4bb62856b619847172c12a6a6396a4;;;;;;
6fcdb99e03021632b8485ee88eef3fe2;;;;;;
ebb6578d079a7017196702f84d65c823;;;;;;
1cb070ec2041d22e8b8e14dbd83a3f48;;;;;;
8e568510d6fbf78f05415e322826ddf7;;;;;;
5cceadfd9bd96acbc13577e1a9829922;;;;;;
e6bc384773dc4d620ac5316a4113f561;;;;;;
fd2d35168ef8f46bcfc2c48d3d87551b;;;;;;
1545f502f1bfa7c310ec4e070c4af563;;;;;;
2718493266a66db5a964d80132a1b9b8;;;;;;
a81473491a166da9001f46157c3b0ad8;;;;;;
13312f8af07b8a2e8c48357ce7fa93e4;;;;;;
a8e7e7121b480072b513a9a802b00513;;;;;;
b303f38d85bc982e4206f68a6b4eb7b7;;;;;;
79dc49f66dcf8b68ee1b3e8fe53f8421;;;;;;
07897be7189a4f31536b5e8a846d8d92;;;;;;
652486a254128b8555c16d70ece56681;;;;;;
a16c984a93881e8e5eb8eb997fad938b;;;;;;
fcaac19a98c6d8083c12db611a13d801;;;;;;
04ff8a8700e235f7f8c1647701fbba7e;;;;;;
fd2cda1228bff6de40b0b1e6fcf65de1;;;;;;
46d0e71160e4409ed3ea5b405e5c5c3c;;;;;;
dbba0dbbfd875890388c40a9b9627abc;;;;;;
836fa319f028585b6d7a29abb7746c3e;;;;;;
99f0938be347cde409f7af1b67219d9a;;;;;;
06d84108dec4c5d588f38bd92d9c4e53;;;;;;
f93e1600679953dec6d3288fd4d5d182;;;;;;
ab76c7df31cb6b6bce8012c4b9afe6f7;;;;;;
c0b368f5a617bdec2ddb700e4f0f24f0;;;;;;
6f9a745af9e93ad6417506ca46902f51;;;;;;
dd08cdb86b11a3604a9d622e98db93df;;;;;;
4f07fefb96b45e5fce9c3a0b62d919ce;;;;;;
14d0b00afd5652d5f614f9d2ab347f4a;;;;;;
163771d9de6a7a0d40c0284bdca6da4c;;;;;;
6bd46afdb78af00ea3919830058e7063;;;;;;
0d70ceaa448268618df56838f32fb084;;;;;;
cac4ecdc05b178973f50936646d89c9c;;;;;;
c09faadba8ade4bdce274b1ab5ba7675;;;;;;
16fd5a0cc2f94ee212a34fbe7a264c14;;;;;;
96d65f06ae8a309a7d723c2cc418c925;;;;;;
d04b39616583e4cdb9eb878ff91fd1e1;;;;;;
cad4ff1cbc5d64eca4a4f9918e35cf6b;;;;;;
82cb40280c3c02ed9b4f9be166c91594;;;;;;
04ffbc60992e26897009cadbddf661cc;;;;;;
f15686b7fec052c573b4ac414ce5aa54;;;;;;
f5feb395561532d35fea989cb35ccad9;;;;;;
8ee7fc72f910e3ee976ee1a2f831e9d0;;;;;;
3e0bee53c0724bcf6579ccaadcc5c00d;;;;;;
fecc46f81c0f504f2940d0e0ef4e43fd;;;;;;
158a389b6a91ca77f98766fd7930e3a8;;;;;;
f248b5a8912c433dfd09c7037159f7ee;;;;;;
d7e4ff5871c7a0ff5733bedd846619a1;;;;;;
380fc2745fa08f8eb038519caf25efaa;;;;;;
4f62a6767a7a63b129dc43639bf97e04;;;;;;
9d3d4ba03190ea6ef9776b95f722a4ce;;;;;;
560e6bab63c9f8a16f464a1e5c02a565;;;;;;
8f8646837db7af6de07ee0ff93fd74b7;;;;;;
039cba689fcff8d661af5dd0fc1ee929;;;;;;
874856f2b5d92f46e760fe41fcdf8bfd;;;;;;
69583b535259403d9dc489aeea7d367a;;;;;;
34bd9213bee5641f223655620c3e94fc;;;;;;
e8736630dba1534f2c3b86377deb8bdf;;;;;;
de4b55dd67677130235578cda1f5bcd9;;;;;;
cf0816313f08b55826b60ce385c84eea;;;;;;
83e20cc602c52d7253cf37e505b87aea;;;;;;
953156f88976ce8902fc23ca2ffb1f2e;;;;;;
d36e67656dd6202dc330ceb7edc86590;;;;;;
48600b08313724b6e7cfb53326f09341;;;;;;
9c222633f3b6720c5e9eb95858d23136;;;;;;
26882b8c54698e676db6870549110f14;;;;;;
7506ad9262a9725d4760c950b9aef0da;;;;;;
1e8c1d74b07ce7737dffb94a4fd623e3;;;;;;
1cd5feadec545dc2fd7becd489a12a65;;;;;;
930bb05134de0e06e221150f652e5d0d;;;;;;
038b9fb8de9f0299590fb3b434b29f62;;;;;;
e9a1939e4816645a9ca065434605717e;;;;;;
c8f693bac389e27e9e47b2aecd1a29dc;;;;;;
417d475ff611b503ca0a9784cae5af35;;;;;;
7217ce302185a20777f5b7a014f2e601;;;;;;
d3c5ee8feebec5c62b96f2e7f594b75a;;;;;;
502409445cc8dc1f028722bfb3376286;;;;;;
f55fc28ba688fa0602f483bd4ff4d772;;;;;;
184cfe1157ecbc635db658a9f80054a8;;;;;;
65c8d0e84a20f6204fec60d5039edbf4;;;;;;
d17ccc2a66f2a3074a58fa70b4b56c64;;;;;;
8a7a5fa5d586e282dd06a8136645488f;;;;;;
830b0ab163edbd6c7710b6ebd21637ea;;;;;;
7625372344fe0966176c64d42a3f1dfc;;;;;;
5d12a4dc400635912096d0ad85a90f1a;;;;;;
fa31656b48f039864691a4142b59ab95;;;;;;
6e14012ab70e8e8f6cd22101ac906819;;;;;;
07aac22ad302f5f67c25813c395fa453;;;;;;
91f3dd6408cbd1e30e2718ddf159dd22;;;;;;
59413c756e6f207e6398725ab5962ea1;;;;;;
3462c2ba1e9ad9a3653266fcdd22328b;;;;;;
6feb27be7727a64606c418da3412046b;;;;;;
815b73dee34d12e3b73eb7b3e17066a2;;;;;;
20e474be5fde2c41a21c7d20081ba833;;;;;;
980613cc2ccca42db12a8de138f9fdc1;;;;;;
e968d9f37041a16ccd092b21d8598029;;;;;;
18b3d67899c06b78249b0bb254641b25;;;;;;
469bb1cd0f099ce6b7b86780ad97a383;;;;;;
dcb027b599674cde1bb3f7b94bcb61d2;;;;;;
968714bbc1a0a89c82789e071e5f57e5;;;;;;
d82368cf7da372ef08b9fdc59e60700f;;;;;;
69caca095ce4548dae95e903c437b7bc;;;;;;
679461e3600e0ea63f30c647aca35778;;;;;;
1ce00cd8bd1e08fff9d809182b62dc58;;;;;;
48742d24a7e2a9bb62ab01f0ccda0261;;;;;;
c70d1ff92bef3f67f2395a3edd23ecce;;;;;;
59f3780083c140418d03eaa5e13e8578;;;;;;
dd4093ba835e36914ac830d9d5dc2673;;;;;;
6abb0a4237f056672486f27b3b3c5d13;;;;;;
f29a1ccf3d68c7c6c33f4d7400dc0711;;;;;;
decd15e817460c8d1ba421796dc8b88a;;;;;;
cf3a81aa221202b9b07733e4e7915d66;;;;;;
98be2ce9c71f37f6ddacce73ebf4feb8;;;;;;
22df9bce1dcfe10ef2d457148cc48216;;;;;;
de60ac0beb311882595b914c662bb181;;;;;;
c3ce8bf5ca5fd614e955b3d6d263fe75;;;;;;
ae35c463cabe27227c5d17df38aa8cd1;;;;;;
d230be42e1322636d9c1d55a1cb6be76;;;;;;
81cf961d92fe5724f3ca8db8a8eb4836;;;;;;
1f55a8d2d9ef4f203e758193701e83b3;;;;;;
a0275412a98f89b9a3149ae6cfba98b6;;;;;;
ee65000a4ff38175af9a248ce11c7113;;;;;;
f190f6310ff427f863a87c314f25dafc;;;;;;
1e70b38fe66be37b5dba3c6a70a6a636;;;;;;
e0d6687e96f5c85f5499497daf3d635a;;;;;;
be517ea0bd58fa14a115ed15b1b02833;;;;;;
1aa80db027ff5510c460570b09491b66;;;;;;
f715274dd08c8404481bf117a304cf56;;;;;;
05e56b3bbf61dd4adba6a62065329c6d;;;;;;
f45c89396a399255ca574b1ba00df282;;;;;;
7adbe12f3eea12fb2bb5180adaef395d;;;;;;
074d924216064b3b34133cc7f9246f31;;;;;;
3cd45eea44b99633db8a1976c37d1aa7;;;;;;
a7696377f6c4163079ecd642cdda3cc1;;;;;;
44d1a64db69587d9c680c103e1207a2b;;;;;;
d5109c4b001ab52caead7453dbcdc0c9;;;;;;
345c910568bcf25c5bea665834d01689;;;;;;
526b17e7ff9953676233b7c6879052f9;;;;;;
da97c55c329a487345f1270613b7de45;;;;;;
8735bb25ec4f25d0a41f95dbc74991cb;;;;;;
793bf00753141dcbb6212ce1a60b0559;;;;;;
56a9bbc0a17640b27fd8c8c0ae693fc2;;;;;;
af99e8a2dc31437341a5a9a778a31641;;;;;;
f5f3c0cde472f1e2994120a3b37f90df;;;;;;
28e81101cd2ff72cddea16f2c85206db;;;;;;
783aa04dec39f374758f4c627d1f0038;;;;;;
d6bf594f00ed3a283f8b6c2269726325;;;;;;
6980ca69ddbe4ea29b8ad199cb9103ea;;;;;;
8e6584e160376436c25b75872038fa0f;;;;;;
e0fbdbb14914eac6dab2dbf408f24eb7;;;;;;
9648ebdc265f63450f1e1269fc092d0f;;;;;;
1b0939cc198d3dec08d48f0baca44abf;;;;;;
95a035451447d25f7e90de3b923a2446;;;;;;
2f16c52b133ac2f70b0855e8c4e47cbb;;;;;;
037e0e8a7254e83411a15d7375b03d3c;;;;;;
7697fea2030d478a3f3e34982b1cae37;;;;;;
485603aae76185c83115c7b029bc00e2;;;;;;
b7d8027c433a209ddd3cb5a082f50ab3;;;;;;
8c21f4f9e94a9e3f145549d5488bc712;;;;;;
1b4bbdd5f21b0dfc81244e675d0a7bfd;;;;;;
3d94eb2134c521903618f06207d1125e;;;;;;
1ef7d2bcfee58a09975d1920705d18ac;;;;;;
1e7c7932b0721bf7c5edbecac6c3577f;;;;;;
b08850d55a563300a2c4ec20d88a171e;;;;;;
b948b5052acc84aef5e93a3ef99a5349;;;;;;
bc8e737f9410e5360a2bf8900f8e1fc6;;;;;;
613b34ae4338643ca39cb17f84dd0ff4;;;;;;
9a5a545710bdc5d8eb7ba04a2b0fedfa;;;;;;
680c906944373b6fd0b7d0fa1ec26060;;;;;;
6ee90bba1cfce507b5a20f269752dde1;;;;;;
94d2b9c2726541290a914adc55af57ee;;;;;;
2e6617975143e282d3dbe06a42692683;;;;;;
dc85e0e54a5db80b6335f33c89e05b36;;;;;;
be03c2463fb2584ec97c9dd9489d0ab1;;;;;;
8cac8b1db22792b28f5e16b947b53105;;;;;;
eb28f1bad75193edc694a08a845516be;;;;;;
2afba9a7158436788e408a5aea6e6d3e;;;;;;
c883445f9c39309bfda0f2b56e0bdb81;;;;;;
a0385ed49a819cc11a300d825fd4cd9c;;;;;;
73db932fcb236984c861460628d639c9;;;;;;
362fa273d880ee8058c0234633e82099;;;;;;
43af6636530e4d6a4c63ecae75b64ae0;;;;;;
95a356c7ddd767e09e54d999cd07a120;;;;;;
039c4d4aa90d1d9b48d8d6ccf21f812e;;;;;;
ebb7fbaa9c50a33dd5473b413521e7d5;;;;;;
f468a7038dbc7254b191e00718babcb4;;;;;;
e9baf21a84fe2967b9c1237b7b104da2;;;;;;
834ae3e802999b1b718a8bb285fe5df5;;;;;;
aba1a5a4bd2df4093034daae4a4c0ce8;;;;;;
4297637d9154d0f1cb742342ffd9cb6c;;;;;;
77aea3da22704ea6fdf4538215a1412c;;;;;;
dec96b53486be2ba95145a81fafdd04a;;;;;;
51976ed972fc6788f78507ceb7bd0d6e;;;;;;
3940099978d93b96ec854875b3ca31ac;;;;;;
7339422acfc8d53aee3188129f5e2cd9;;;;;;
60758936889f705e9591de37ead3c651;;;;;;
82bec1265fab34859def10459b54a8e3;;;;;;
38706ba748c8ebb691cd7c8908d3e9d3;;;;;;
b071835ad0c091f0e2b67b801c924748;;;;;;
36122a1b425fe3ab4687fa2e8a8f6190;;;;;;
7a6b4d9e4434d93c00b44bc1c20fcb9d;;;;;;
9e68d23cb0b8b36e33ca30d386f140ed;;;;;;
584d547d1fc3d80a77d4acecccfab001;;;;;;
1da69106b387f64bfb5e29a6eda21a0d;;;;;;
ede494564217998d830f5a85b8460b09;;;;;;
9935335751f41b9f3c73b273a41d4c8a;;;;;;
810c285411045407938f2dff87631365;;;;;;
9ed77190771c3a77df04c092897380e0;;;;;;
d1b4073a021a3c792c3b6d8f30e505f1;;;;;;
4a7910e64bff40d3fa7468ba64bb1d1a;;;;;;
d3c0bd2273e64e921363a3be4ac1f065;;;;;;
808cce16339c0354103732b584eec7dc;;;;;;
d1264326463d4c7784b194b778cf183c;;;;;;
da837b78b37346f82d62309323829186;;;;;;
f6584170ab4af0fa1d5e1218268cb6ff;;;;;;
e0b65df37285a106954efa06fb3205cd;;;;;;
d8fb979270c415c932d9444f22d10803;;;;;;
fe46222767daeb70edf1c56b459c65d0;;;;;;
bc03a1e1be604de0259d8757a026a6a9;;;;;;
309e61712d1dd98965db3be73156a565;;;;;;
476ceca60f60c8d961ee070834fc1549;;;;;;
4c2a7e0c56413fc7fc08a0e58c18d986;;;;;;
680735087fc0fbf477337d3947363027;;;;;;
3e87d77abf90f4f7979df9f4cbb49209;;;;;;
7faf2e812dfed40f176b57409f9abd7d;;;;;;
7c00cfe584dd9aed8f050b8beb022373;;;;;;
3475a57e7e2c3f157d20d373764c138c;;;;;;
b4d4bd8a7e22bacc25eff570534c5d57;;;;;;
d9af2d6c90fc43f5ff91b9b9f8951c54;;;;;;
45397ce40b290275ab8e1f62ab16122e;;;;;;
0e30318c7724992d0c2c6cff70497ffb;;;;;;
15c56e638f8628a671f722325b14bab4;;;;;;
dafe05ec3724dc45d449d724d0571b0a;;;;;;
956dce2ea2d01c985f477f42397386a5;;;;;;
8a16dea6850bccb5f323122aaf8cee6f;;;;;;
efe772de2289cb2eacb09c2b888278c3;;;;;;
1c1b7acd6d8c9638466d249b10173072;;;;;;
da4470b5bdf34031852db90a8e0cccc1;;;;;;
c616593cc992eb919e7b7fca04f094b8;;;;;;
caf452519963c1a3a64d24a56d8293ee;;;;;;
3eadad4adfbe7d0c30fec42090d8ffb3;;;;;;
40701721fa2ff314c343008ded2265a3;;;;;;
1f0768a8eadf17cba8ede6dfdd1b1eb6;;;;;;
f60ca3465f8986a76dcb3e0ad4ec1c8e;;;;;;
412fad870414f33ea149ad8a64de49df;;;;;;
93524e1cdde8f014e1514f223c27dfcd;;;;;;
b2d8a34fd91a4c2ebdd23e10295b8a75;;;;;;
7a43f94421e7e7ff1d5ffe55c9e52090;;;;;;
3277cb1729fb3b1a4b6982119edbff7d;;;;;;
aceda7ae334e5669c3d06044a764e3b3;;;;;;
c1b4ee67ffe5dda566156c632ec550eb;;;;;;
49f00b1a0d891fac03d8a6c1d64f159c;;;;;;
47fb169313d755482f723dbefe1c383d;;;;;;
a68474dd911c68ec5c977467942c7906;;;;;;
5fcde73615cdb47eeded0ad403574be1;;;;;;
cdd9f80e5a2f8c507fb940100c1f3cae;;;;;;
d938dbbedcec8d326e23a73cfcc8be3d;;;;;;
773848aa927cb81c9e79dcdfc82afebf;;;;;;
65b63275d68eaee7ac9b89f0bb2a4c29;;;;;;
866f6bc54664320e19ce5dbeb7855a30;;;;;;
d34731fcac2c1cb43e7f82f8bbb97fa0;;;;;;
cfb95709f6ea5a1f3de47164cbc573bd;;;;;;
5ec3e04b94463a4daa4601633782eee3;;;;;;
96f8e89fbfd8bf55949e7de9f93a0634;;;;;;
c9fdc81492bc9f522ee706af4c195e93;;;;;;
28efe731f62675669e424cbf4c5f4aeb;;;;;;
0bb418df8cd57e74aede9cd4fca9205c;;;;;;
9e0e37dad96a20d1df9a95547fbeadcf;;;;;;
fa8413ca3f886ecb610647a424d54496;;;;;;
f272330c5bd439d80fb1472284abbff9;;;;;;
16c3a910d31f2a68f8f3bacf3dcaefa9;;;;;;
de2ebc21a05748dc23e85f36c1d2f370;;;;;;
ff724fae6d1ec3b643d0bc134b5b90ca;;;;;;
83a4a1d099d549a2388ee9926b01c02b;;;;;;
b87956a50c69b0c7cd36dc35784feb06;;;;;;
7fda36aa6bd2895a5fca47c2250a90d5;;;;;;
73621cba656b9aebe96c75c63d3b775e;;;;;;
506029541671597e38b18d7ba28bb8b7;;;;;;
38c86a764adc07ad8aeaa29bc9f07b1b;;;;;;
532db81be57198cf0c42131273df60d3;;;;;;
08b39130477916a77175c11d7eb702fe;;;;;;
74635ac724dd54216f7fe2f35c458f38;;;;;;
b2642c24e8a2249fb0d17a7c86da263c;;;;;;
1c0759c65f10defdd34adfe971fcf6ec;;;;;;
36109cacdd5696e174cf4922350fa945;;;;;;
fd41d99ca478be3ea0c76def3150986f;;;;;;
8e9a9b2225988ef0be0b678014efefe1;;;;;;
5a0b3741a267ad173291451ca1f8fb6f;;;;;;
e653a09ce0ecf542e6112db0282689b7;;;;;;
0b026d946884a88fc6ab01d6fe006f23;;;;;;
c7b88093ee19dca4e2ed728b6a55727b;;;;;;
301a4ec4e7c1a0538d7020a3836d9762;;;;;;
16952f6081c217698998fdc65f6a32c9;;;;;;
6f0089c0d9e2c4bc1b17f3f0e34e512e;;;;;;
5d5228495063201e2c27527c374546eb;;;;;;
d5221b5aac89a1e31e97102df0d041a2;;;;;;
2c503b96a54f1ba21b2c216c29d3bfe5;;;;;;
133b9a547d0f53cbf2dac3cc962ac87b;;;;;;
68d40c93dbc8ced3e11ef0852a6f733a;;;;;;
01b5a5ede85cabf4ae0f103c754b1c7a;;;;;;
4f912d563ea723acb99dab28aef39006;;;;;;
8eff2631ec2322097e5956ecb3279911;;;;;;
b354e06afe1bd15c02e8063d81b6da2f;;;;;;
30dfbbc87a8268c4cefa4576482e67d9;;;;;;
699b02a6c3bbfe39c2388c2459d75df9;;;;;;
f7d16992d5dc14d8f5c39796776f1b50;;;;;;
351063691324e7706bca4137a4e2063d;;;;;;
46ebfaacdbab38c6700a06122d6afc51;;;;;;
152f8c02136d91ee90453b6a885cf78b;;;;;;
5472d38c9287598a6686b9b369dabe90;;;;;;
098c78298729b07b692cbf66626997ad;;;;;;
ca5b72b2bf2e4d82eaa26a7f610d8fe9;;;;;;
3ec63259933ab0aeed0f25784509ff0b;;;;;;
67e94681ec156c15a9cf59f191bd23d1;;;;;;
402eeb2d58d1386916a068eeb6acbf78;;;;;;
5fd30374cc7a297cd56ecd5a70fb4207;;;;;;
206484ab90b71f2cb8de986d7ea93b53;;;;;;
8b03a77c955f91bec157dbcb25542b76;;;;;;
3797087023d353d5223ff949987656e3;;;;;;
f845f133449b63b29ec2729e9f576269;;;;;;
01cde37403afdbe3a7df7b1f842c2394;;;;;;
6143fec5f20ed3e98876cd75ccad47f0;;;;;;
ac8dcde6b2e5f32f7001dd84e9f20e63;;;;;;
f80b16c730e3565f2adad114f9b6c5e5;;;;;;
2732d9854461acef36e6c76cc5111aea;;;;;;
28fa33cf914335079116db5dccacef68;;;;;;
bc10a8f478ac4b3ec98ef80feee91771;;;;;;
0bee6066743e9dcfd1843f714d63d2d8;;;;;;
8f1b1ee5eb3520c20f6e504827f62b82;;;;;;
13dfe89fe1ee83437fb44a290de037a7;;;;;;
348e63ae6f80feecb4856087d6d99628;;;;;;
b9a0b425be2e647092361b71e8810094;;;;;;
6f14614eeffb975bb896ceb9ee870e1f;;;;;;
446c714d80569798fbe6bdf1afa68cd1;;;;;;
c78092cc0786e5ee46d47fbc26d4fe3d;;;;;;
14d0a29864c1c6ee080e9a1314e5ca42;;;;;;
4b55b7b6b7524556faa55b560fd1180e;;;;;;
a573bbf9743b1d09344cfc59008edc11;;;;;;
55d5540263792c6ac5472e737bb5f7aa;;;;;;
5a50b90099d170f0d63956d3b0ef161c;;;;;;
72170a33870ae513fbe443c96f022c30;;;;;;
e317a25bfb762cc151e5ec1b3e0ab266;;;;;;
5bdea5bf4483befc95b217af3fcd1490;;;;;;
3053e8dcdc06914d6abc1587e989c302;;;;;;
3a7e4679dedb63c8eedb98fea29e7ba7;;;;;;
80b46394c8f787d19ce1a293c770c92b;;;;;;
071115f6ee4489fcfb7609204a3dd0f1;;;;;;
10beea0f3a95e0ef93c891aedfa0c69c;;;;;;
4541cccfc239e2a5e98867fd3d81b0bd;;;;;;
35621f62b92eb1f7aa2364ee443a6da1;;;;;;
ef177b9044ba3700b0e85d0886c46c92;;;;;;
f621df286fe2780964c391102acdd388;;;;;;
1996302920dd19e2304d84632091a1fd;;;;;;
2090bd7b73754d98b8125b3102aae938;;;;;;
d2df995aa6bc241913e438e04927a5ea;;;;;;
e850ec918b6a315ee6ff370875c4aea3;;;;;;
b352401de6d66e02e70a62cc39b719aa;;;;;;
9e95eb1f6639765e01c81fe688bc473b;;;;;;
6d6c141b2d1f65c67c344b78d94a61bd;;;;;;
86702b3fca7deb0cafc528a67d113aa8;;;;;;
447807c1bce145a4cda50a425d4e673a;;;;;;
2acfb0e8c384fb22da7793b2ab0e99a7;;;;;;
6b1d7e0ee18383730b2e3efd7b193357;;;;;;
3323b409cd87fbf260bc74727d288dca;;;;;;
d40551ac9d1121d43fa3ad687340b71b;;;;;;
0b409d1dd50bfec5a18c3d2799c77f0c;;;;;;
87be18a8affc078f198a7eff9d5f8cf7;;;;;;
a45ae765f8857ce0121ad08b97df6c30;;;;;;
40088464600967db5a3566fc6d7e9469;;;;;;
a7f7fc0c1d86a6ef8c48667577b11cf1;;;;;;
cd9c4467d46e9e4cc4761dba819a463b;;;;;;
27002a59491765fd95b6a27656e582fc;;;;;;
829fa588ffee7c8b03b1ae012e81c928;;;;;;
c778b695d351526d3a09bb9f33c31272;;;;;;
9c5c18b0bbfe6185960d87185652edf8;;;;;;
91fa8aec7445bccfbb54ee20d7274d04;;;;;;
4c448b36a76b032a930b20fb2ea964a5;;;;;;
ea5341b11260bed39f2249d7c9c9e464;;;;;;
6ebac67ecf8eb2e32a1ead20de1aeae0;;;;;;
5e04aad1a446fab8136bbef4e87d095d;;;;;;
e1c9dab46172fedc668a30c7744f2371;;;;;;
13da3b8710aab784e0ef291e310f4e1a;;;;;;
c3c6b46b7309484a11c5f66d35723ebb;;;;;;
0fe5a3a69fd42560012a99b938be8122;;;;;;
04345c482ae751ed7c9db92bda9229b4;;;;;;
cacacbea1f6ddc1febebac2e740b74ed;;;;;;
37f07b4bc8f755cb5dfb04d47afb0651;;;;;;
293c4f067286dc3e6131c4b3fda84fb5;;;;;;
df775bfa0c39329cd0052b238c9c3eb5;;;;;;
433073c7fb6a909b865d9f13b6b660ba;;;;;;
db7c6ed57ef6445903b85a8d8c1eb77a;;;;;;
e53a18d8ec6f171d89f788e347234f2f;;;;;;
c3bbaed3c9ec88d6480cd8d336f59328;;;;;;
a956898a12794a81e4ece7bd22350169;;;;;;
da20c3ab694a49114ef1bcccfd92835d;;;;;;
b1e1d3eb0b8246ba8030ce1d37dac814;;;;;;
3cb4a3262738fdcd74a9f215a15afb79;;;;;;
9bf7060e68fd21e283ba990943e414a3;;;;;;
e3121ada5a28bd017045f3be3c760cc9;;;;;;
4de8516beafaaeb41bfe8b15d111b70b;;;;;;
f46505a6685971a056e83493b9d1652d;;;;;;
25fa5b017f80b4710bb63e2a2f48eaf6;;;;;;
42053890c47fde97f7c36c17e4d12828;;;;;;
21381a74b53c44593a16041dbe7e2919;;;;;;
2aa4d9ea65db0f72a304ae5118afdd58;;;;;;
2e7414d013d45ad67a412a3a03c504f9;;;;;;
f4f81d95e1a94db37642b9b65faaaf48;;;;;;
82b70e7ba31625747ab746c93b7c9b30;;;;;;
1a173c6bf2184443699767f23efce7f7;;;;;;
c8520a23c9fe9320ff7c2a726f9fbd02;;;;;;
4cf6a0bdf25a2367e8b1f15d5ed078d8;;;;;;
0dd2009131f40d835ad9a3c79fc630ed;;;;;;
bdcb78242ca258a215a2fcbd572b3066;;;;;;
055467252ee102452d2a7480bf4b573d;;;;;;
6f59b6cdd0201a35e8384c611050531f;;;;;;
cc6da19a68b069e33b755eb2b2e8f0a8;;;;;;
2eff332164cde0dc430413f385a66a3f;;;;;;
8003bdf3f333af1079ec8434a1863844;;;;;;
d2e89934c8d0c679ef64052685d3dce8;;;;;;
9eb4f9679e4e34d462812f1851f3b404;;;;;;
09c77fcd2b61debfa58466c6783fbccd;;;;;;
aae70d3e9a7dfb79491da841ddc4e2f7;;;;;;
e99a3af9f57a18425e262588c96c05fa;;;;;;
ccb5cf83a025cbb348898c742d9cfa67;;;;;;
037f55422833d79929321601f1ecdf35;;;;;;
922071ffc0096c4c1b7a7b8ba0b0fb66;;;;;;
7e8aa0964342aec9a0e98cfdb4cbd16c;;;;;;
026329b7f3501c5c7da0755c450c6cd4;;;;;;
89c7e6650c7cecc02b5cb46b32d6a0e5;;;;;;
f84cb55fb73185d00d556b5bac4961f7;;;;;;
05a86a61a2f54bdca05c834a4b3d537f;;;;;;
739e5d713abde6acc982f1fe7bded8bb;;;;;;
be3c9418af6f320c017b33be3dd0fd5d;;;;;;
ced703519dda240ad3ad7b0bf416257e;;;;;;
4dda57738540dee8e78cc95575261938;;;;;;
c6ee63f8d63b4822e858981548e5fe82;;;;;;
1344ad8d2f821ae9783da1de6d6e4fb5;;;;;;
c43c1f4781034358c68fd2a64eaa8fe5;;;;;;
e9d3a9c24b8254b9c18cf73aecad58ce;;;;;;
6216aefd4c144c48e0ef0bcf887c01bb;;;;;;
bc969eb7a1532656e2aba31b1fe89798;;;;;;
47c3fbd741a402876e377d3274c1fd2c;;;;;;
715e3a72b49a16e9f7218333cd4b5d1f;;;;;;
4fd4394f335162abaaef4cb252a11d66;;;;;;
1ede160ebfc02d47f931972a46539cda;;;;;;
0096a50fcdbbc5eaf11937e2c746b654;;;;;;
db3b4ce953abd0f8caca0943036c0bc4;;;;;;
6e53895388cccce7771b2b2b3b8278f0;;;;;;
d6d0fb812ead31fb6250b9502c6332e6;;;;;;
e95daaacfd45c59da876318fa96c3921;;;;;;
39c5ce434bdb9266528ab8ff474eabbf;;;;;;
dd8f4e9e3581b6ed3865486aff1e25e5;;;;;;
bf698b723213fae1a505a818b06d82a4;;;;;;
b9b88b6470799043a9a1e4452980bcd3;;;;;;
4dd8668a4eeec8845d769520ff2acd9a;;;;;;
549e84ccb02d78fe060683bd46209186;;;;;;
61defbddb394b46530186a35a23cb1b2;;;;;;
b70452017ff7125916424fc7c3d1d691;;;;;;
9c45444f4ccb4bdcfb7522d60c947bf4;;;;;;
fe12ce81083cd98153791aa87d3a16b1;;;;;;
e79332de54f72ea0ecab6d132e8fe3ce;;;;;;
4835a6497333d37aaa559fba5aa8ea27;;;;;;
60e0683e3d4d94959fae6ff521bd1683;;;;;;
8b618fe2a5e34b7df707889a8b6c44eb;;;;;;
3260cba930f12d139fe03ff09d27b8b6;;;;;;
23cbeb4674ab5c8fd2143a268ae18b6f;;;;;;
bb73563d45c027f85122a31bb8447dfd;;;;;;
4c5e527b9f67632bb650dab811895ff9;;;;;;
e7652b8fcd7d0dc2f1ec2602e2a1fbd7;;;;;;
c7f33d9d20b15fb8aaf99aa4eef209e8;;;;;;
6950f055f3841c350145b10e9f39e466;;;;;;
ca51e728adfb9bbd80308df7e3d1d8f8;;;;;;
5aebe5c1f79ef5b797b0fa1a0e02c68e;;;;;;
bf933771435982ea02aa1524ceee4103;;;;;;
c765ac87b7091bfd2805aa90c3c20ac1;;;;;;
35225262431f6ff5b545974978a84c4d;;;;;;
f74973c0d31b43b649682888b5cde5fc;;;;;;
837dfd86ca04a4931de65ff48aad265f;;;;;;
72208c116fc8df36442c836e3b788c3a;;;;;;
f44ace8ce46baad17cc0616dcdbac092;;;;;;
1baa25c9ccc91e49ff887197c4a16bab;;;;;;
8cadb161e4df28cba809a8aa6677fe28;;;;;;
b63bee848ec178fd14a7e3364d06e69e;;;;;;
14de31f2d20f6fd8d66603b5302195aa;;;;;;
d1d2d1e18c9d77540c4066de090d759e;;;;;;
67b9f3a62b1594cf05bf70a18e0069e3;;;;;;
41f7cf100ab98e32059d072c9d8a1ab7;;;;;;
9c7c0a6c1ab6e5e943d6ff7204022025;;;;;;
6b593d948c40a4265ccca3c88820287a;;;;;;
df606aa86bdbe1debdb3b9152882d0f4;;;;;;
3bd6ebe5faf2b9e9f43a8bc5b97b3553;;;;;;
f69d33e3b0ca31487b41316a4e6dcdb8;;;;;;
c85441a61c2c9c594005acc62dd54b56;;;;;;
8c24ba1fcafef94e678d9f90574dd5d6;;;;;;
652ee92fd10b1aaaa4ea89b65985ceec;;;;;;
bd80d74e3cc31c6edb407329e9f21d5e;;;;;;
969302cf1dbd2d550f8900113795f48a;;;;;;
609cb5c4775f8be5db246d95b70ef946;;;;;;
f5c937a8a2ef394e965e2f36d82dd413;;;;;;
5491b1f2991e509cd7b4cfafbb12b3e0;;;;;;
26c6dfc8c3958c473d3710c5ab5ac5a6;;;;;;
4135aaf6a73ce7e6d73086ce8d454047;;;;;;
b49d6c730759f5a659395588e849ac27;;;;;;
24b69bd1e8b6b940b9d9e056bdc5e901;;;;;;
a338845eace578133f036353a7a9dc81;;;;;;
012401f391a3e700640a1a0b05b1e4fd;;;;;;
fc3141a46b7b501cb3286f56c7c49966;;;;;;
3c91bcadde4f70d69954b252a586e2d6;;;;;;
002185d97265eee85a5875fd7b46c047;;;;;;
39ee8c14379cce1faa9890921a8bed8b;;;;;;
0e9edf1fd31fcc5958f261dad34dff06;;;;;;
3de42fb3e227169aa73345386c1d79d4;;;;;;
0976e770ef24058c41b7e056232500c9;;;;;;
dda1a9b722112709682673ff13fdad8c;;;;;;
f3eefec045a3375f29c7055c165b9022;;;;;;
2a22b3fd96c6da00c9ed0482e1f9c175;;;;;;
42060db9186c893552f85430470f87ad;;;;;;
bc2f42502513e14e9937bb2c13cff7ba;;;;;;
f6eedc1283e1627ec51a8057f4c392c1;;;;;;
6d6a13c1ee9f4f53fe81300196d382a0;;;;;;
8a18dcc118c76f8eb89646f080d62eef;;;;;;
15600ba48dea58c0b7d04c56767f8062;;;;;;
36b033f4811573670bab6147231ea719;;;;;;
a0d0c98242939bbf54405b1843282923;;;;;;
54ed982863261354fc79f9688a3637d9;;;;;;
d9630a8650bfb5bc8782d276ed9641e7;;;;;;
1f945d259d98b7b3468b6b1b1dc62a01;;;;;;
0415ff46c03f8b9573df4c7b2eac685a;;;;;;
379fec42fd4ef6d9316183090ddeeb1d;;;;;;
41c09d9aeb644162e26b7a0d6c89fc00;;;;;;
56ca7ef43ef094587c50705416e0550c;;;;;;
42661dae1ced2157515629f197420a70;;;;;;
89f85c13b4e3efadb18a2326bd12be96;;;;;;
56a64203efbade3e4be3554ad6cd28d2;;;;;;
07e4e98e0840c74fa4be3a1352c5380e;;;;;;
0084e6da512b10dacea99f05387217d1;;;;;;
0639bc2a6715f877b77ddf8c75969452;;;;;;
845d4f98121403343370918c00f88f87;;;;;;
849fdead9eebeecdbb3df2ea0042511a;;;;;;
ccbd109acc9b5cd3c4a65ef5d9ba04f9;;;;;;
028a2f571243cd662b03d7e247818878;;;;;;
75ee9761a128e3c92eb64815aba087a7;;;;;;
3d8a9f20fc2321b75e2c31eb075ec320;;;;;;
92c5546e7a7f7b99b34c8d4ac92cb550;;;;;;
8b38975f7085efa549158c631e27a16e;;;;;;
974a61ec42cd8eb518e9010658d965da;;;;;;
014260f7061580e587de8c2a747ea273;;;;;;
010e54290e88e7854f5d1232a44874ba;;;;;;
28e5dbaf7aa6c21f8f26eb97728bf851;;;;;;
a44591664e00c9bd55817b2c31de6f0b;;;;;;
b6a9f8d7d4cab662067aeee0b382298e;;;;;;
d99056d73cb9a1e89749a8d2d0cfef77;;;;;;
913a13a458cae61c012e37a08ad50b09;;;;;;
87a65e97804b2bc6ae64a3ed51a62917;;;;;;
5b2ee9bf17b5396f89b1523097e24b1e;;;;;;
5bbb4eed7a97dc3bb8caebd5f3b14207;;;;;;
2dadc8d49561791b5feb6832951dda53;;;;;;
9c2d496ad9b59c9ac6ec21ed7ce5498c;;;;;;
2428a7482bc3db5213dade8718238402;;;;;;
fdc4022cc929f285c965cb5e4a1cd6e1;;;;;;
f5b8671bf5274b238e7bbf6ca200a1ec;;;;;;
59afae97731806317f47800b60e4eeee;;;;;;
38714596ebed253347000567cd0c4899;;;;;;
255603cc7dac85e25a3ae8d9841db3d4;;;;;;
b6332d172c909b285f7f86fd4a49b21e;;;;;;
00aa385b37a04dfec412a5fc6d70a737;;;;;;
48404212c1c30a3dc971977d0d24a91b;;;;;;
814055a24e779f623d5a29c65fd5975d;;;;;;
860e3cb633ca2b7b31269f7a838fd673;;;;;;
918c2f45b3239d8e86c83817adb84b11;;;;;;
69f2a5573f598e799a46d40cc79c310b;;;;;;
71ae74d0aa766f0ef9617213f9d65ed5;;;;;;
a167d094743bcc4c4929673aafa587f2;;;;;;
5495ea4a049ffdf05bffb5c92e6392ab;;;;;;
10a53878f9bc95fea9fb9101f050f7a0;;;;;;
fa5d0fd0f6566b0a5b65ce35597f2295;;;;;;
c1669c71cef08d6e96f35efb636783a6;;;;;;
2827c663225f3b0edae58254a746a348;;;;;;
cf6abec5283f4a046b2c2af01345ff9f;;;;;;
859d9516a476344a06bf0865c2497542;;;;;;
613f2247ea1b5f9995caa543a707f3d0;;;;;;
ac63f37199eb21f63f13bbeeee924997;;;;;;
384ba272007ce39f51ab4366070e3792;;;;;;
4a810786e1fdb63cf98aeed85340d23a;;;;;;
a72b1260f13db35b0fb2b417fec20279;;;;;;
7d9cf82f613e4f8a9cbbad7dc1bdb8e2;;;;;;
63bb338092889b29557237a73a11e695;;;;;;
8f438644f2574a1ce05500e667dccca6;;;;;;
6777329d842a4d03df875deabeba9a51;;;;;;
1ddcda802e3519ea86ab5af237c078e8;;;;;;
373abc3f56bdc22acc2b0756e002a725;;;;;;
4cecfce261d4e9d82b5744c4aa06e43a;;;;;;
daed5ee4f1100cccf7c5751cc66a7ec8;;;;;;
f1117ea284fe0ba58ea755b449dbe315;;;;;;
255b719f1077145c61c2081816b2dc95;;;;;;
d7c84ac638aa064190ffb7fb40911943;;;;;;
8bb73141f6b76c750691a74d2d5eb7cc;;;;;;
0df5e085ee54b329a8a84e208bd8e647;;;;;;
40eb8d6fcd7a97ed669f78b7e5ff255a;;;;;;
96cfcc7a1158dd01b66e165674d7495d;;;;;;
11665835de3e357d0c063afb4608611f;;;;;;
92007f7b43a8ca86743a4ceed002e605;;;;;;
b0f4c07915fa7c41e0988f15c9f5b4d4;;;;;;
3887398a44b92bfe890638742225cbb4;;;;;;
2a82ec183f06a94bc94df6fc34c8d820;;;;;;
8c2e0014d8ae171915866914d99b643a;;;;;;
ba521395aeb35d765b734397be1ac8fd;;;;;;
cc10167cacffa27f00364bc2cdd85061;;;;;;
fb29a5591fccbd4b28cb8190e342d5bf;;;;;;
1b3033695c0c8ca107ec2b4e3f79e7e7;;;;;;
b794c93f36892964079fa87130fbafe7;;;;;;
31f1e95771b5b3cba47a6af8ca501100;;;;;;
89f0af409b8911ff44a1a90e9cf05f0a;;;;;;
c85a2eabd6d78752486f3e607e1416f8;;;;;;
c9668424ed7dadea2870be9f7fb46dd8;;;;;;
312367f13a756e403799f4317df7e3f6;;;;;;
f42c640c32557acd04376ac40493d14f;;;;;;
cb3ea30a04ad85bdbda9da5d5afb4dbb;;;;;;
2bb8b554c94974eb2a5c4218f19620e0;;;;;;
9abc68d3baccfc1aa244c9a46a544a73;;;;;;
22a9e0c3640171b13be2f59136d9ab85;;;;;;
4299b82f814ba1b4280412ce5ec1ebfd;;;;;;
9263db444daafb70d3c640354c254fab;;;;;;
830224c00e9b6e509824cb2a6f0b2a66;;;;;;
4c7446b0f642d018a62a036e8aadec26;;;;;;
a8ef978f83f39d19d8b74065f91221fa;;;;;;
b74e34f536c1d01cfcf7b4c5575fcf10;;;;;;
fb8c544291a53985d4bfd159bd57346d;;;;;;
472b570a930a026fbf168ae44ce7176b;;;;;;
713642f7ce62958585fd65027566ab4f;;;;;;
3b8acfd49d85fe75510c27dede2ec09c;;;;;;
d1d8075df352d6c3b87c281dddff9f4b;;;;;;
9a9ece5f459fb67ebb3881314e7b00ee;;;;;;
159680db346823453614dfeefd84d169;;;;;;
ab22be6c832d7a3029406da748ed19bf;;;;;;
f77e7f8fec7f221b5ec6ee4273f0ccbe;;;;;;
3cb52cf3a5d7ac15e4d988c4a7d897ff;;;;;;
8c68bb97ab5384a953eb8ee8839d1915;;;;;;
f34c106e07cba4bbf8bb1f398f897083;;;;;;
805ca09ef1785d9ef2c37a6acc92254a;;;;;;
4885bca36b3d95645a675491758bf38a;;;;;;
3515bd0356a06d52a07cf70c5f7061a7;;;;;;
f0b3f8172c61730ba5a9528696667ee4;;;;;;
6830badd794991e41930bb4ea178ef83;;;;;;
7ae997eed585e588e28d8042d23bd62e;;;;;;
186382faad276dd0bccb458bb601a75c;;;;;;
59ddfd58eab9d4ada36d57589d16e8e0;;;;;;
d1d4479ad7f59b2bc051af018058012d;;;;;;
f7255c53465c9d4032e9905231614f65;;;;;;
7871cc8a9e0b3e557b1ac404566de694;;;;;;
818f846b29f1a1d4f5c4e2932492f323;;;;;;
cbd68e570649deca91735f5a31ab6c30;;;;;;
4ae0561883ba55ee5494f57c8b9848db;;;;;;
d25c7ce5a62eecb210277d5028b4e23a;;;;;;
fecde6209ab55c630135175b2dcb6d20;;;;;;
7431a80f0ae67b74c0cbd78ad880a494;;;;;;
ea5d666a7fcdc26ba888274f360f0d01;;;;;;
c1a71b2558231a9595ea540583c2a64b;;;;;;
8be9bd64b4597937a252cf019f6a87d4;;;;;;
450bdb1aec599c2baa9171b911001116;;;;;;
b1bd47d7d64af2d3ea0dbe684c3ee616;;;;;;
bbd4ba36738d9d4e17d62755ae52e465;;;;;;
238cb13dd498b5a9b4f532ae7f0e77e1;;;;;;
bc016b2c0240f4808b75229a0bca3c69;;;;;;
d914582ad32c2547d860b69efea8d837;;;;;;
627368378fd66ce2072f1397c3b6f0c0;;;;;;
0a76a4e8afc5b834a6a4890cd892cec9;;;;;;
cf3d295ca27b37294d5a36b943fb64e2;;;;;;
9b8fd42a0532d1192c9eecee611c1dbf;;;;;;
dde126724b615142b429262f1e43de6b;;;;;;
82b92c1f2b359a3fb8d51fcc535d6723;;;;;;
98a030e3c0ae49449c4d4adbcba64353;;;;;;
79677733f72702cb11ead2ee631b12e7;;;;;;
6a8d15a3c9b0576d1cafddd85c4c5995;;;;;;
6158fcde25a17e7dbf9c3a159e403622;;;;;;
b009f93d68ebf720ad5f1c3257f42fa2;;;;;;
bfc273d12794c7bc07acc574656c296d;;;;;;
a1f3ad9755ea1c678919da52cf67f609;;;;;;
26fa5933dd6f7602e2b331830b887df6;;;;;;
19faa800f35cff2a163c55437180d37e;;;;;;
a022c2fa73f9ccca9a239c053229881f;;;;;;
41ad2073b152876d7c3b27f3eb9ba527;;;;;;
b7858cf658c23a79177558890ad9aeca;;;;;;
725f9e3c0626c89ec5735a9508a17fe6;;;;;;
aa438ec5d10c9feaacc7b2d775b9b074;;;;;;
f010ccb6aae020d8f76f256b591ad964;;;;;;
460523b2a0b30ad32db1aa6739643b4b;;;;;;
20dbd721bd45ea1db9c8972a55d8fc2a;;;;;;
1bd38c02cfec3d34531bcb54863639a7;;;;;;
207c2bf1edd7d5bd92528e2c28ad37ff;;;;;;
2a4ae1da2f5f60591a2f20776c180ec6;;;;;;
64860c266fc2876dc6606b065bfec254;;;;;;
46b4226113dd0bb4f86948afeb011398;;;;;;
8a6d692397ab6072f6f5cce4ebe4c08c;;;;;;
bc7262d9109e90d89f3e99fa796bf1ad;;;;;;
a60cd5405a0b8e2d1b4779a99c5f752d;;;;;;
ab482c8939b3732f57cc384be3f54bbe;;;;;;
e3d06b0d7ed91266d4d1dfa6b6159bf5;;;;;;
007bae55b0f60bd5db6679411e737a65;;;;;;
a8aa112fc23578939a24eed634197df5;;;;;;
667461f1f12f0ee8d35943fa7a4d25e9;;;;;;
82a53486cdd2ade84eb9fd5eccd13948;;;;;;
55c2f7fe3de1b522ef47dcad59e614bf;;;;;;
86b1b55745b4e2a02e4a756ddbbad12c;;;;;;
17b5040d5c498c18ef830e6105735148;;;;;;
6aac70e879089a3d139b62289be22af0;;;;;;
64ce95c4b4c00262f09de6ccf758d5bb;;;;;;
41b57f0302b2f34153d8620106adebae;;;;;;
8fd80ef6bca6f4d27d3950401a4c0eb6;;;;;;
4520a5b289cd73bf4f524f66b935809d;;;;;;
ebaf014408d5f9c794fae19502e0cb09;;;;;;
069bc57fa5c01cdc85c0a9eb09b83af2;;;;;;
39ebc1f123000795c59b77d5957eee86;;;;;;
497e42a5175a71315aa14b29056d2897;;;;;;
c7c56fde007f0387ba4c1fa70655ab60;;;;;;
f1ee1ea37788e820bf8eccbd3126aa30;;;;;;
7023dd63ce2072701b3ed943c7925534;;;;;;
8e4ea65e9defdeee0bf2456b3a06196d;;;;;;
4b98f0a72930aea5cc0aec5e63202ca5;;;;;;
1174d9622cc69cf29503eb3cc49f35fb;;;;;;
0239c5c37aa8ed9988271eb3e69cd469;;;;;;
b0275af08d5db0a2a9ed7597f0c8de8f;;;;;;
270a0cc6f6a15b37e2089fc8cc7e5a26;;;;;;
890c92dffc1c642a7f319a7f11df76da;;;;;;
e309777c897d49644ea79cb4032a2f81;;;;;;
5665a5fa10b9fcf9889c0b2f60c571c9;;;;;;
a578dc808356cf6cb846a6d96dc76753;;;;;;
f7e973fd01305e952bb3f12dd5223f3b;;;;;;
53d8e411f7deb26d7265f44dd0cc5ce5;;;;;;
3fbd44325847efced1d245149e514cde;;;;;;
a9107b28f72f54dafa8754e1e3accb0f;;;;;;
71ea3d3280f5a2b4dce5fa720b4707a9;;;;;;
a5eb5010c35e8ace877098bb0330dc53;;;;;;
9bc60603e0a2d49a3adb4a5f5fc4ee5f;;;;;;
a38924ccaa73c2ab4a29ee113d99389b;;;;;;
dd817b45eabc9fcb6a2b7df38e02e245;;;;;;
69f21a68c08370fa175d5061904ae838;;;;;;
c870c65916c3a458146d97133d4edc2e;;;;;;
cae989c34bd8e21161468edb914150a8;;;;;;
87e9463ca027982a63e0b6e3fdc8f8c3;;;;;;
1f6b1d4888289c8d5d5ff3916dca7bd4;;;;;;
f21c9eaa79a51313d7b54dd88a1fb197;;;;;;
e8201da582988ebd2d2a4c5f8d6040f1;;;;;;
5e597a42d1643c871b1f31871844f4db;;;;;;
4eabe30385041575addda58dca3774cf;;;;;;
47c19ffe814a9e509a7424e1edd5ca8f;;;;;;
5e8f125c68b8d65699d0fdbe875039ce;;;;;;
54bec58d7c2e6cb1a9a8a73bb7423daf;;;;;;
0a18e3b081c769eb18298cf5fbabbd86;;;;;;
e5bd93297a690c1f32de8cfb4ecf44c9;;;;;;
bcc7934c2240278b5c642969c6316480;;;;;;
ca69fb8b79c2d326fa852d5b4f33a310;;;;;;
113342b2f430812bcef1d220a9a309a5;;;;;;
305c2bfa434f99fd6d55b96a420bda13;;;;;;
6a132c608c06ff7b6aaacee8fd673bfd;;;;;;
90c3d20caa0e452be82beef8db16e39f;;;;;;
f94057a771b407346ca4c22be6e264bb;;;;;;
d076c9a169d4026d13f6d4e3820d4973;;;;;;
ec3914595d2f14e2a241fac41b35613c;;;;;;
f37e2f4d76b0db8e8a7c0192bab4130e;;;;;;
9ebd066b770fd24f4c0509f33a5e2006;;;;;;
5a49124c6606ded833960ef17af6335c;;;;;;
498eed7bbcb752a35609597eada177da;;;;;;
76afc57d3969a99a8a4bb721c0a714cb;;;;;;
97199810355961ec83b88c509b6263a9;;;;;;
bcd7eb45950c2ebcc85ebd2c063bcb1d;;;;;;
cb7659e0f46c160bfb18b9c001011cf0;;;;;;
611d6d51617a26268d0b285445a4d599;;;;;;
fca1657c6099a772dbf0ebc7d04bded2;;;;;;
325335686ea9e788100450286757b169;;;;;;
679f8ba7a61856615fa33f6de073f33f;;;;;;
054b03102b6edad57956258b211d41e9;;;;;;
c1a9cd06f8f0a6ff29f7e8798131a540;;;;;;
ca5d8cd30955e1d195bc1dc297d04171;;;;;;
67596226d962897cca6797d98cb03c26;;;;;;
f24cb7b7e9810d24cf65061dcbceef03;;;;;;
b3db114ca340fff314b4f57c8728a800;;;;;;
c78e5a3e81f756190ca844bd0a4bbe27;;;;;;
1852c8b9e59279b0f4a9d3bbe418d75f;;;;;;
5011ec81bc812affcedf97335ff21bf1;;;;;;
d7572e5020f8ad0df90097f246cb5a04;;;;;;
34c7dcb626732c79f6d72d7753f28d3a;;;;;;
8c91b6d92c72e7d67ef5848bb8326d20;;;;;;
2a9d61c2f64b90bca7d46908ea1e72f9;;;;;;
eef871a6ec27f3de5031b05d03411118;;;;;;
7dffa95d37f3e7823cfa84f82dad16e5;;;;;;
060f41df4309a68fbd8d3815d241350e;;;;;;
bcffd9bbdfe886688e32e6ac9257badc;;;;;;
4628f8fc100cdd833f6ba8baa117d6a5;;;;;;
4aeb262c9ce2ed55b36e2916b16822ea;;;;;;
0024deb669dfc5a29601dfdfe663d172;;;;;;
d084647eef8feee3cc3f2b3f4191fee0;;;;;;
47b5f19a17e9673807f6abeeaf2f2a9f;;;;;;
0b10fefd93b01f2217c1704ba6a2c4b5;;;;;;
46819175943f7559edc206618d29b031;;;;;;
c4a3918ae817a2fde560e0f4f02e79d7;;;;;;
eb513516df7d036b534fc344d45b21ca;;;;;;
a31b7d62dd0d609cc7758c3b8b001777;;;;;;
8038a4e3b0d573208f573a0618e96ab7;;;;;;
5f9b725577cbeb92e36b6f304e58008c;;;;;;
1cafd2bdee31347d272d6f745e23dcfd;;;;;;
df2c8b962b7be26664258f937f18a7ed;;;;;;
b0bdb7b97dfcb6faa0fc3eff00a9a14a;;;;;;
548b258bd6474a8bfcdc45bfcf87cb4a;;;;;;
93319bc8354f1d71cc0404d718e95738;;;;;;
fe05f01e724394606ee84a1fbe6f6acd;;;;;;
6e59f6c2baa42c14022f9c2253c88f03;;;;;;
098d4ca7fb149d02a2ae8a7ebe55520a;;;;;;
749deb467ba4b932cd18c44ea12f2d89;;;;;;
8a5ca7428a4acc9d5c5d1a1e655e8a7d;;;;;;
1359760b8db1c0f8375ecd868de11319;;;;;;
428ea245aeb237681df5895e213b07fe;;;;;;
d6e5597ea0ebc5c6baf94611c65ae71f;;;;;;
30e57135ea21fda1edf28d44d25e3e16;;;;;;
125f9335762aac9a9c32bb4a5ab670e0;;;;;;
53b499c92c6c17914309ac1a6b34f3fb;;;;;;
fcbbd64060a870fd4a94bbd76b130277;;;;;;
56d1a93e9c23209b06d61f4128138aff;;;;;;
f51063f612ec1b92dceed9b11307eb34;;;;;;
1b5b9b219874855b53027bd160633706;;;;;;
48c1f23a388c2be262ac57b73543f4a9;;;;;;
d207fdb3a7254585c86a2c7d52afadbc;;;;;;
a5478d62bb88fc6a931ac573817d3ae0;;;;;;
d98b1a92cfae3b548b720ca5dff805f1;;;;;;
23000b5275e41bd192818a45749be44d;;;;;;
dc7f1a368c8696ea1b116cc6aa236862;;;;;;
f0e3fa987ee4027fabce07c3aeb0fa37;;;;;;
d2caccd0198e0c808d170bcec9652e7b;;;;;;
b16e17294a276ba521a6876a5e29fb0a;;;;;;
508127810378082068aec8e2260e516c;;;;;;
7409603eb0635764dbd007c77088f157;;;;;;
0199a4bfb02ec2e0365609de29bd63da;;;;;;
f8adb527347ae39914cc058294792c84;;;;;;
2bb3281790efb95d9bd32c48a6213a54;;;;;;
0a97b12a22226ca781e1eaac5ddfb1a4;;;;;;
bcc6de009b7f01eb4392f9144d7d9451;;;;;;
9017f4350a3fa2ef8d169e30b651a2a6;;;;;;
78ccf52d27e062b5dde174bdc798b527;;;;;;
641bcb840fef8a065ae2bea28d6d5412;;;;;;
095e9ce121fca80aaeb2e5f49cbf195b;;;;;;
4f4e759b8376155ffb5e5674bbc7a4ef;;;;;;
f2aca64c7e1ad7965f7d0d2a592e02b5;;;;;;
91955afc21dabb8eca150b2e3b02ba1f;;;;;;
d3febe4e8a987a7e400510876a192b38;;;;;;
f8438ad9aae206c96efa44d6aca2454a;;;;;;
949023a2424c380bc77471c893b252ca;;;;;;
bf9dda07c7ad0bdb98224a79d4112a9f;;;;;;
92c9a2294b59d61c78ed4718c28dea3b;;;;;;
0b165c83a1ef9f71fb00b42143776be0;;;;;;
ff7432b43638b96fd614f7cec99e20f7;;;;;;
1ceda54c42effce836c66e6b27194acf;;;;;;
f3638c65f104f809faf76dd79d346ed9;;;;;;
0665dd96ef0604a7b6a29f0e98cb59f0;;;;;;
46d45d4429c3e3b351b9770af735f375;;;;;;
4e1ec1fc08c9f04e46bd0326521d4feb;;;;;;
85221920100381186c93fbbd5719e30c;;;;;;
c734d417077018b93f235bac14cb7d91;;;;;;
5c73a6452c6c36689129a715450d84cb;;;;;;
6c412638285b80be15d3fd177ccd96cb;;;;;;
cb31a84fd09f901e44c40f4299f6e36b;;;;;;
6197aa6cfa610b0757466f50a5e7d77a;;;;;;
2aabf0317388d01a884c92865c978ca7;;;;;;
4a7645ba91e3aa0cfce1adbaeab1f878;;;;;;
f553799ea07a50395c10954e5d2d7e06;;;;;;
12601da1fcddea62ce67261c7e8778bd;;;;;;
ca7d2a46c7363d56360cc427bcfe79c8;;;;;;
f8f3f33cf4eccfb068f58496c73e9e38;;;;;;
bf71c9d39b454519342e5b5e76d3c721;;;;;;
78a67210670e12bd8e6bb724ae74a897;;;;;;
5867e228ec82dc899dd5a00f1b84ddf7;;;;;;
381119ca1b8aade2f41a54d1e8f55293;;;;;;
dfb83176cd2613c17f96bd83b2062abd;;;;;;
3c1496f671f1729ea3a91422854fb5f2;;;;;;
1898cf9a8ced6aa92897fca910b0a7ae;;;;;;
43a81a4df109cf65a130b9cfefdda54c;;;;;;
d46f07b25c4cb2509f460bb7567f4774;;;;;;
35fba69be68402193fa7872a659be915;;;;;;
5cb417d223042a7eeeace6edd913ff36;;;;;;
f0a983a0c081e622c5cda6eed60deea0;;;;;;
b8b5cb96b61f5b242242853b56390f8b;;;;;;
ba3df053f8a0efc56561a0ad6ae5c3c2;;;;;;
7c966f5999eb054fefc668e361327e59;;;;;;
409eadf88c42636f5ce09450ab32f745;;;;;;
880bec0848233acd7b06fcfc7ade01b4;;;;;;
0c37a2ec39ce4d3cd7c5f08c49eadeda;;;;;;
8dd7b1d01c2682fca62b979a66228c41;;;;;;
4fb6d46fd1a384ceac54421255fefe3a;;;;;;
664e8c3940e39236271ca900c7720df8;;;;;;
1f2f1f6b3ee7f3950ea792769ca9f76d;;;;;;
783e7036b9a8a32d1a842eaa63dc3aab;;;;;;
6b7368a63831e7da7b357317f670b7ae;;;;;;
78f95e89ff197eb80503a9204255f592;;;;;;
6a280ba2eee24a891c7e12f3d8f32185;;;;;;
42a225b5d072957b2f6890d1bd558154;;;;;;
f6ba2107945f8ecdb180609827b11dca;;;;;;
36e7d7164a525aa56153ab8142972c91;;;;;;
9048c4e48fa194019579307dcbf63cfb;;;;;;
83f4dd4754e7fe30ecac85647a761ad0;;;;;;
7493b75a1db93d095b7a3c35aec86e4f;;;;;;
d9989e7b32c053d33b75eba4a618d499;;;;;;
9d56a242611f70cb848231d9aba5f518;;;;;;
826b0ce70bf781311dc4c93705213102;;;;;;
f1b82ba80b8ddfa5a3bc05939e6da1d7;;;;;;
1ec44a82704ccd2c26a454164cdcaebf;;;;;;
e70bf878383bc9840ae75e02bc8ded17;;;;;;
e73a6bf7a611dfcd23ce39f5ed7c0a71;;;;;;
f4d78ccbc3d2a1d82c83f602db3311b7;;;;;;
d640e0ede6e83187b8709bb579567259;;;;;;
ffff401db5f52d58c16fa5f9f3995d59;;;;;;
bdf54d8d67e6e0135fff2729669863a6;;;;;;
04246d3a7aa9b9a4988816d8e21c14b3;;;;;;
a95a8dbeadc2d2bc7e29401ca3567d40;;;;;;
2268071c1d1a7f67b10a2b3131d22fe4;;;;;;
0664b7b89d4ae1e53f0a50df6ab7f22c;;;;;;
deb6e0b8783b74ac8cb50004e808d165;;;;;;
a16ba261902933dd1e363c325fb0a712;;;;;;
8cc74cc5cbf50b681fd2ca3c072625be;;;;;;
e3389b6a06c7ebfd10f7b6cf039c51fb;;;;;;
d0cfe524b47c73d032f8bfffd2a1925f;;;;;;
ec75c8d6a303dad6455e2a73be03705b;;;;;;
f9cf164b5e45fe5ab3ae38b27788d97c;;;;;;
b83fa99984e5732827f3f1ab375c9d0b;;;;;;
f772780c74f02d109d4f4a45c3677e0c;;;;;;
ad32fbae483a8805c3c60fe7d3589e9f;;;;;;
376d2a132713580041ea7e4679bb7f6b;;;;;;
789d44ae986fe2e4d8c25192bbc5cca7;;;;;;
012b52054c3fea0e360ac50082f80f20;;;;;;
b70a664faf6f49d694c35b5e2a9fd286;;;;;;
9d667e2f3cfb16c8ab1ce6eb5bb752b2;;;;;;
b4c45deae58711cf59b159a2b2c58c2e;;;;;;
ae4aa6e672cd19db9f830b9fd5170c20;;;;;;
1e14ae963b92caf8fcd1f3100384b33d;;;;;;
2c5de05ec31b6b2ffb7792fe83446bca;;;;;;
b858d03d4ca6d8effe78be51e7716bbe;;;;;;
b405a043324d5d4dc3891bd89a9533ae;;;;;;
97ae179240096a9b9ce54aa5ef0ed410;;;;;;
980248ff15cb00e8004fe43f424e38e1;;;;;;
26b210ec18451e7a7d1a9cb8561a50b5;;;;;;
036cfcc37f19746a6fd6cb5c2fa2f1bf;;;;;;
db45b05d294931e0423dc73792b0d207;;;;;;
e67b75964a8b852a9ad5512ddd4e0c25;;;;;;
c978fa3591d6e8d97376b26aea8be955;;;;;;
18a7206dc56776d0f776df9e4c1c8e99;;;;;;
469ce976094a05ddc80080b710176df6;;;;;;
7c412bfeba7e02408f83567a1dd1364d;;;;;;
d72a26e21f83c031a1f6985fca30ca08;;;;;;
ef3f375f721210397619290634c2450c;;;;;;
2d2ee851ad0ea9584a188f7dab477ff1;;;;;;
a73fda0d7eaaf60f09f654f014ad0549;;;;;;
2f218d805d01c1f649f784bb5109cdef;;;;;;
6d9c40026347913aaf2b9d982e3b4db0;;;;;;
b88ee8d7e8f30f3641bda13075fa4ff2;;;;;;
eb9eeb5d11ec72e0e6a23c7ca5b07795;;;;;;
b086c737f00ca1329a3b38a0a93b45ad;;;;;;
3a60fe5133ac932603b6a9700960e209;;;;;;
27366722c0737cc83d72a97c524e41e0;;;;;;
33b844d7418cec0ff247077af3b483f2;;;;;;
359df359fd54181f2a81d64f182aeb6c;;;;;;
7ba50bfc344d50b08ca33992fd3fb9ed;;;;;;
89d13a3b911c104031f99a2d7b29a0c3;;;;;;
068d02fc4c9942de85858939dc89587d;;;;;;
d9e6cbc00524dfa1b56169412fbf5c64;;;;;;
ef6733193bc242f2107315382747e901;;;;;;
49a5fbda729138b18facb3259fbe50b1;;;;;;
49e568e49f39010a236d9ac8d06c1ffe;;;;;;
e3f1fcf7a04e188838f41e996fffa40c;;;;;;
61f1712c277a99033b00de84db77b2d6;;;;;;
3046435f6e7374ed82284a38e70b5540;;;;;;
315baec45ca136303e003b0f1fa1efc1;;;;;;
40fa8afb209a2abad70ca267023362a4;;;;;;
effdcf1465f971143f6d742701c1f6b7;;;;;;
29cfdcabcbd8ec108ab1383755448ed3;;;;;;
f447cbb8611162036494d870e848038f;;;;;;
af9db39401ffbb35d034f22f0b02d808;;;;;;
bd446df4b926a78ff8a47aa9f90cf33e;;;;;;
1fdb07923d6461c9994bc3129ac5f829;;;;;;
ade6cf5de82f194739231736e22c7acd;;;;;;
de7aa1f031e84675f6df2d4c2aceaa87;;;;;;
078172d0497b2895af6ccca74a2c73ff;;;;;;
af6d8cd3249557e30139dd6db9ba46d3;;;;;;
900285e2bbd1d9e8333fcc8de2466a63;;;;;;
fbba986fff0c4f4fa120df51e9b4263a;;;;;;
38af1272a1fa6695eb405aa0bb502fd6;;;;;;
f9fa78e8a059559e6bf0b06433322ef6;;;;;;
578ee65e1b858eae5ea21a06484b768f;;;;;;
6cd6ac3002ca9a15e24692283bf5e7d9;;;;;;
cfa80d74d04f4dca930834482eee5e50;;;;;;
60729b3315303547d06be3bba19cc22b;;;;;;
badacebef9ff45c0585acc19a3ee6e29;;;;;;
4053689638539e99c846aec12c2b9197;;;;;;
f133dc11becd26a2050dc93ba468d1f9;;;;;;
82cc5fcccdebf61e94e2931c4b305789;;;;;;
b7b6d6f7c5db1af46b098284876ce11b;;;;;;
89c573e666b69d1e64b3b40b33654085;;;;;;
0464b2b37cecd118b19a8093aec6e235;;;;;;
60a1540ce6e4253e9d334975839bb342;;;;;;
72de44e7a9acd973f63608341265a7d3;;;;;;
5708334aaba3c20f16ebe94658163f7f;;;;;;
05e5b98e25cc35eb028730f9e6e129d8;;;;;;
df4810bcdf3f4ea873e6aab91a31e0d3;;;;;;
2fa0ece053ba62c96a0cfc0336e1e569;;;;;;
6aa40a03baaf5688d1718e344da2978f;;;;;;
795637a3aefddd1b892ad73f5d2f8cba;;;;;;
845e3b64a9d0f2302848c23a61571f0b;;;;;;
0de6525f48db8bc572c8b0d0fcf71b90;;;;;;
55cc44bd781fdd68268e342e4a7264a4;;;;;;
1ece22bf63b18a47e710d9b49c663763;;;;;;
608ca981ffa53ca5d0a6476ff4a7e8a7;;;;;;
5f03c7fc34237074ad7d76ad3348b244;;;;;;
97f83c117c05780b1aedcce96c3cfe2f;;;;;;
d299536b1348312fde3c427fa913c2b9;;;;;;
ba576b9f1073f7247593b12f692a3fb0;;;;;;
2c0b46ed74a094f01a4160698f2704ff;;;;;;
0c8cce30beb5489a63bdf789cbb1e559;;;;;;
1d5c3cbb2e15b874d2685d7c254d1dcb;;;;;;
7c41e5c98feb94f23d6e7440408b83e3;;;;;;
1e73d2e8e9a7b00038f8e2a5c0e75fcc;;;;;;
fb3fbb24121de6120ca8e493624a92d1;;;;;;
17fc6125e1e4476a600bc56960f9f9f6;;;;;;
811ec48e44d2e551c1fb645671a20142;;;;;;
66db7fa161dd0899d471a9ca6bd4fe94;;;;;;
9c3523f547ef8d7bd283eb59165d8336;;;;;;
650da4106b99fa60a967edd7d76b63be;;;;;;
1192d8eddd04dd417bfe7544e7e14537;;;;;;
92286a1304b348a70521e38d63fef324;;;;;;
e3016d232b87e9dac18a837489f43ea7;;;;;;
3cdb0b0009cfc9e3ea54424abf6077a9;;;;;;
8038abb136ef8ee7cb649e11c0edfbf0;;;;;;
06588b37622d23dab00a32f824608fde;;;;;;
64a9c45081361954e944f3604179c140;;;;;;
5d13366dcfbc08061a9d785e528342c3;;;;;;
7759dfe26e0d613227f0385edc40cf4f;;;;;;
b55e2eff04d54a2cb2c74828bdcbce11;;;;;;
50ed3644d6cff4620fa223198b656aa5;;;;;;
7cca2aa6dab42781ea40d1c547e99d5b;;;;;;
e740d2edc130e301759e45945c35072c;;;;;;
9afff170b12978dae52f775aa818d193;;;;;;
59a8e56a119a519cea17b193e21234b0;;;;;;
6bb703eccb9a3ea16aeff5d995686b8f;;;;;;
07760e4f8555f9d180b6ba13a6987c0b;;;;;;
2958578c88997c3dba6f15ded2c87595;;;;;;
b189d3cc35186d92e3ac7086cbf2ebfb;;;;;;
5211d9b2c4bcc8dd6c7900c81cb74115;;;;;;
ca13a71ce9fe5a6533589826519cb7dc;;;;;;
55dbf28081ce4add5c86b2fa469be082;;;;;;
208f0d744432de43ac0cc45a7ccc86f1;;;;;;
9cb464722aefa786b09e848aa3130ad5;;;;;;
392f4f36eb44772df501495adb93eb53;;;;;;
ab3228ae4d28afec1ba18e561abc86c4;;;;;;
996c566f593d6aba480d0112d0ed8e5b;;;;;;
99e12ccab8af8e30a0fc0ed8978c2bcd;;;;;;
9e180b38aa55fb39027a8b82fc737e69;;;;;;
83401c15c1a68fbe02e4061cdddde877;;;;;;
a5c96e777410e165c30afc0b2338fcad;;;;;;
e7e55f548841df18a093bbd13ba8cb51;;;;;;
fea7b64976c1212286b3b4e1e2108378;;;;;;
d769cd67831635fc22766a5dad08b6cf;;;;;;
f2b31aa6776e285b1e7aa372b5bd7b85;;;;;;
408b28ea25aaa8cffa71a15f57ef7bc7;;;;;;
408dd4b87e47fa620964ce77afa143a7;;;;;;
d992f8e12f51db8d8dba8d66aa94aedb;;;;;;
503d907f059d88a1779b34ec48ceb125;;;;;;
d6f0b4b3a37550b8786fd00a2635a721;;;;;;
19e5750b7d7a02d4f998dbbdbdb4aa40;;;;;;
5ac6fcdbaefaac72164385ee5a827dd2;;;;;;
cbdc92546540fd2a3b949709cb6e2b68;;;;;;
e84a52f0223a37f65289bb7a31209c03;;;;;;
688c19417d35acbdcc9ba8c7bb5a13d7;;;;;;
165c5a0e8dd030776f2ea6e678d65bc6;;;;;;
99e2d805ba414b1718bc8f78b8222849;;;;;;
16a0428cc67c143460f532d2806f27c2;;;;;;
d96ab48d77896db61d0c126430dbf77d;;;;;;
788c01e4f4d2873123c04db390b9d723;;;;;;
c427ffaa71c6271fdd01164306311683;;;;;;
ddbb84865ce7481dc36dbab306d88d8f;;;;;;
fe055c33c250f60b266ceceabcbf61b5;;;;;;
9b6ec0c96f0d7003e1dc1445a2ff8c32;;;;;;
326aacbb1acd10399c2026a536a1cd0a;;;;;;
83d508eff2ab5b83711d9c42a6ceb717;;;;;;
46e55b844ab7e33778e9c1783d27b921;;;;;;
817c967cc9c813b225875a9d21b030c1;;;;;;
66992b878bff2f69a7f49527280879ef;;;;;;
a9bbd8641c0cc440ab9d48d4a90a4e68;;;;;;
c68da94d5230c421706d77ea2d173d10;;;;;;
f9181fd077779ddf9d235204af6346d6;;;;;;
26deea47c8fe1a0546c159cddecd3c7f;;;;;;
023e3626626fa312f003af160f7d9654;;;;;;
f8acf00feb156baff44f4a9c4757d9eb;;;;;;
cfa4c6eea20302dd5cea88042b4ada41;;;;;;
7a4a7d4b1475f8291ee33118514f8fb4;;;;;;
a6cabde0295ddd5c94d76bc501ca44d9;;;;;;
5f9557b655d7c0aba6d1f088ed8060b8;;;;;;
dc93635ebea0f6be0e23212a6d614a9f;;;;;;
4b9c02b4aad8de836fff892362205fee;;;;;;
21bdf55c5efd05478d24f9aa78a8d53c;;;;;;
5c234105ccfda11f9ff1ea57bdbfcd39;;;;;;
a1a91e01037fddb560e96198f5b81431;;;;;;
dafdf06b9596f5a5bb6f62e903c78fc8;;;;;;
0984a0a9e2375262902a3991e127efbb;;;;;;
98804c57dc9efb35baefea44ec4beaf4;;;;;;
f76405e3a1c58618192b7df6f3b6bd58;;;;;;
b45cacc9b6a0d79673a00edd4c1bfd37;;;;;;
4381e2a856ffa861ec9b901e84717e77;;;;;;
86b5b40709fdcf8e6e2cafd4ad746fa6;;;;;;
6ee5daf4f79607d43c1c725c8cc8fc86;;;;;;
1fb70880cf97050eacda8d3a4ec81a2b;;;;;;
10fa39d812cb08a7d51959d4b9b71472;;;;;;
63b854e416e79682f6fddcc7238ffda9;;;;;;
6698bc32d4012bdaaef5f06a16cc9ea0;;;;;;
7987ec96b071db9a55ad5fb5cdd716f2;;;;;;
2bfee45ec934995848388650303241c9;;;;;;
ae1522a78f9d198b72f45a126663dd61;;;;;;
679b7c1384c7586ba592ee430be52216;;;;;;
d90be45de6cd9a1796084530eb4657be;;;;;;
ce5bef30125948c6c303f15fe8b8da12;;;;;;
829b76f4783718306418260de8aa7242;;;;;;
710608d04deb59e1feba864bbc54d8fa;;;;;;
987a0ef017c18f43451d1b77d847a8be;;;;;;
a0b99fc65535ae92f9bd56fdee63e6e8;;;;;;
857a561808a5ece017bc2ad0e77c8f4c;;;;;;
9d673d7dec09651793b28481d71dbd68;;;;;;
54b4ee8889c165cc5501838291543cd0;;;;;;
e52de8bea7f9c0d356d0c3462b2439c0;;;;;;
51d98b89143f179769067e2985d6b4f0;;;;;;
3ba6ae70365e02c3c2c765f25d68b42f;;;;;;
ea81bd8fcf02ef273cec4b4bc3cc665a;;;;;;
40a6cd28ddc7f7e17d6d5f0cbf137537;;;;;;
fb3347fad3393989c135c6db55064aa7;;;;;;
64f67f8c54a1703d3503dd43d480e7f6;;;;;;
4433e61444ed5eac6a4ef90ae489b158;;;;;;
e3ce4a933888dbacde53f0cbbcfed335;;;;;;
3bfa1700272526e7a98219cc372f33f0;;;;;;
d19ebc5de4e9e5051c3d317968379c86;;;;;;
16a9a35632d9f9001cfae66cbde59e43;;;;;;
020faf9abe05d43bf865e0eb18ae54e6;;;;;;
a6b3d4ff32c53efd8119e0c15127b53d;;;;;;
8ec5592a1e0c94de31feeef493787f09;;;;;;
576c10706de5fc3153bd7b844d3aecc9;;;;;;
72de0758333c4bd87a9395cba6af1ef2;;;;;;
40c2e6baf413e282b9a5fb35bed875f9;;;;;;
c8d09a2fa78c181d45e7257ced4dc5a1;;;;;;
5c29a6a6c40204c16ac6d9df579dcc0c;;;;;;
810ab53f1a712a4c8e8c33e6d76a9de2;;;;;;
6fb41f8a780c0858252c464cb6d0b48f;;;;;;
ad47305d6584dc26ff921d41a01c6b51;;;;;;
ee20f37c2ae86182a55c327d6a2d6f84;;;;;;
6ce875f509f9a25392dcccbfaaa558bf;;;;;;
ec4b1eeed9369f12d763a7edef6a67ec;;;;;;
c038e9bbc39b8d20caea0ba19942dcb8;;;;;;
1ad8181bdeae39aa8f6629e49748ae5b;;;;;;
6664e006e67ecc1e9b703f72faad9a24;;;;;;
2208d73efa2f767d927bfffeaf2ee6ea;;;;;;
630c964b0c7b6eab2bfd4ba34b13fd09;;;;;;
6901a91be0cc1b65c05baca0dcc7e325;;;;;;
f5f840131f9f15a83213f61f39dd409f;;;;;;
37e1062efb02e2c71ba11a71e1b9506d;;;;;;
db85c4fcc5e7217bf85cf39982bb2ec1;;;;;;
26e47257704926791245f1cd7588da11;;;;;;
4ff883dfb5c7204801039ac1facef924;;;;;;
10302f37529b240b1aa30e17ae771348;;;;;;
bc8468eddf048e95cb6093a058736caa;;;;;;
9eb4d967083d7bc1056125025685e684;;;;;;
0c9e550fa269ae01d58a42fac1a1d214;;;;;;
85c3bcbf09b46335c3154baae5a2dc5e;;;;;;
ae1f8820bf13254e82b6a4b27586fd36;;;;;;
de5794f469455435b5a14c3401eeb6fb;;;;;;
5c85440755ac97f6436fa1f2b0a464c3;;;;;;
a05c3eb7f6e8bc6b9c361b58b0bf0580;;;;;;
d65ec7255eaa4e32126f289645c0f68c;;;;;;
148120d7fd03e2ac5da300a1e3eecf92;;;;;;
84d28d12b40036d1643256ef9856f861;;;;;;
7c2fc83c986af57ba2cd35b31e07bf8c;;;;;;
c7daf5a482c7cc7b46909df6366428e5;;;;;;
558c31cbaa07b8db8081dbdc186ca665;;;;;;
0c1b168fccbd67626299dc0a85553ea8;;;;;;
f3a8969fb084fa2a84fbdc15cdc8719f;;;;;;
d7bfdae981914e6f786caf941ed8b955;;;;;;
54f2e02b0da625bd2e29043ce04cde39;;;;;;
46a8dd479e0c406b9b17afa4f1a8ec5c;;;;;;
0abca2e3e84c06ce70d4a6f19b0c88c0;;;;;;
227046972eaa47f3fa7cc61323438ab4;;;;;;
a11745acec6e2cd6afc7031bc45c5d18;;;;;;
57ef60dabcd8b6834ec1c952660d465b;;;;;;
762f01fa151d42fff895b801bde251e2;;;;;;
d7a561df8f1a0f316beeece67f80eeed;;;;;;
ae91362ac84bc482f3060b0c66bcac71;;;;;;
96678817818e063318259555ffd70b54;;;;;;
010151fd690e3381471c8a892120d63b;;;;;;
0f3b78a371f9a46061584fda82d6a764;;;;;;
fa52eec82cff59e940c71fe3f252bd3f;;;;;;
8f97b313bc7dce9815c168e919852ea8;;;;;;
19a1bc1a67d089a7bb87e81a21221870;;;;;;
b479d20c2983729fda8ece5bc8cede94;;;;;;
900b475aba7d5bc9de392f655446a18d;;;;;;
efd2b1cccdaa45c2f0ea43630e1052fb;;;;;;
5cd090716dc04fdd55b514f9a72e4947;;;;;;
8206077caca9d63763e2f7ea45be31d1;;;;;;
e589c3960c45bd08718a0a31474b2ad1;;;;;;
e6597ec5a53dc680ef8b13cb43b6d476;;;;;;
cde44f114cf747426ff39b3cb05323f8;;;;;;
f2ae3af406bb9c320da90988185051d8;;;;;;
217e2e99ad17692d63da6429815d3b0f;;;;;;
0929d35b52c832f71766f5877a574051;;;;;;
8f65675fe6b2674cc42f0090f43cff8f;;;;;;
3231b6e77ce669bfd0b0b5403131e053;;;;;;
b99c1724ea757194783475143d06e712;;;;;;
e5a9959022a2bb882083f7a55c54609e;;;;;;
4348002c4c01eb0ed8f0b46f1bf56d1a;;;;;;
8678718f0610372e5f4e3c1cddbf5aa0;;;;;;
75c32418e28f4f649b193842d9183e81;;;;;;
04ef69968687efa1fc4f2a66e6983bdd;;;;;;
89de553808d3e3fd4ee717999d8d4200;;;;;;
30c6cf0030ac3221298936f467befffb;;;;;;
3e38ad56b313f387376dfa2dc7e2ef12;;;;;;
b73fb5612b2ff1684c2f0bb0e747b3bf;;;;;;
3aa3085695389fdf6a189d0786903a01;;;;;;
e48df59ce73019048d9d0dddbee8a2f5;;;;;;
c729be48116a9d6c74b319dd7ee32965;;;;;;
e6714ca6b20d1b6fee9e7fcd596fb490;;;;;;
012f37502aa8991b65fa230b5f9a07b4;;;;;;
bfc975b1a1383c4a7d81b64a60e9a09f;;;;;;
37eeb022c4fb5437589683d739e6e1d9;;;;;;
55b2ae0cdbaf139fc79e34ec78752290;;;;;;
465885f9a793453876cefbf637eea67c;;;;;;
edebc7ea17088ee79a2159d9b83b76d4;;;;;;
961f259ab3e9424f3e2a467c2046491e;;;;;;
e8ad10b0f706dc7227b5a6f995878467;;;;;;
fc07494423c4e28b282fbc727656d5b6;;;;;;
72df90334e3a8c0c65923045cfe0aeab;;;;;;
aae14e1279430ff6cb7a70ba0a3cb889;;;;;;
5e8f20c28d7516bc257e203694da8dda;;;;;;
0da5c5a764999f54bf1785409994a564;;;;;;
30e822d9174502e778aa3f29cb51dcb1;;;;;;
caf103742d82f94faf5ef351f7bbb785;;;;;;
79bb0f12a68f97facf826a74c9122075;;;;;;
c06f0232c1cb23ea8fd4095a0af7a062;;;;;;
390389d3afb6406108359ac40cfbbf53;;;;;;
43c9b986c87993c8b8ff35c5a1605b44;;;;;;
10263c471e0015f5897860ed7a958258;;;;;;
775e381ec1213e582376a3377fc3da05;;;;;;
1470081cb9055c7fbb61158db8292b93;;;;;;
e1cafbd06965def12b4060394be9ecfa;;;;;;
27b0745c9dc8a193c77bf36085c03a18;;;;;;
0d18e48fbd9c793b0ea11eb2d8a1379d;;;;;;
acd178c9510668721722667d440c5bd6;;;;;;
a58a8392c5d695da5b0a33bae0e66a10;;;;;;
1b1f7e18f402b57bbd7ee3eb66cefb73;;;;;;
ac8522ba96d4370324c714bfb04576aa;;;;;;
4a8d63c3e6191159e0289b5048719494;;;;;;
4c91b08a3c9635929799dd383611350f;;;;;;
a61302254c8c8b40c9b1541a924459fb;;;;;;
4fbfda7af3ba14dd918b058e4720f13a;;;;;;
621dc7ba7993b44c526d6ff12a7044c6;;;;;;
739952c34fcec2b11212b768ba46a9a3;;;;;;
52276aab20079d084af7d21ece2e86fe;;;;;;
a19ce0113e38ad66177d108b67fc16d9;;;;;;
e8d05a1f2cba7565253155353001296a;;;;;;
6714d82df71717fe2d18176ec28f0c1d;;;;;;
37cefe9d36debeb0e345afa039cd9349;;;;;;
ed3f5903b54a8b631ea396af580d803c;;;;;;
67e88c245d213503b661822b125d4d9f;;;;;;
f0aee4fbdc4d902a249a7f4bf85f17df;;;;;;
c8cbde8a025d81538d06d7a13c7a515d;;;;;;
2f3ff626f269744b2e8ce630cf4be082;;;;;;
a671f620f0fcaac6345af405540e0dd9;;;;;;
8bd08a84d7571c9256e602328db23342;;;;;;
585c301f44c6d222eb3278517bac8257;;;;;;
13e32da7e6b8294fc0d136e64efdbf6e;;;;;;
8ceba69339943c90cc8d292944ef2a5e;;;;;;
70666919b51f226ff0717e38b1ca60ea;;;;;;
25be39de57dcfeb7e8287e1d59cf8088;;;;;;
2756a5726a3366054961e573550a1015;;;;;;
f686a65f20c9546d93b612f96e9ab243;;;;;;
e96f88f5685ae009327cc7b58eb91359;;;;;;
3a0d91483c55876059ebaf99056ab1b6;;;;;;
bd4fc316b22c63753da9c367e06e48be;;;;;;
552a6aeaad9eb38e0da4303cf9cc1f50;;;;;;
9c5e680ea6d5f8cbf4bd8ff0f1d7e79b;;;;;;
6b417c49fd80b69c6c644ce3ebc48d2f;;;;;;
56c9159a2c7dd3afa93656d27d54ec7e;;;;;;
e306e3b9bb9719a4a6e66aa86e613363;;;;;;
7ce6bf8507327c5270cacdaa5da4f4ac;;;;;;
c99f44e5f2450bfde5aa4f6e10abf5b3;;;;;;
c438bb71a53529e5cf48108da318501a;;;;;;
961eba2de14d0f0c743762236b283d00;;;;;;
39e0699380814290edc847415edfb99f;;;;;;
2a2cfc21d3d7f551fee023126ae3b769;;;;;;
c512898039631239a7cb4ff076aba0f1;;;;;;
ba43fe1f67d01f1b678dc50be4eda0cf;;;;;;
a354380816f364dfaf83d417329a34a7;;;;;;
c3d2f85749b692fe822842a058ba672f;;;;;;
7503f627afd692e4b97b81e16fc91946;;;;;;
913b2f3c0f83a242c7f8960944a2edc9;;;;;;
5dc6ac81d1817592c37a349d2623fe89;;;;;;
25f691f503b0082731f26d17c0a8c262;;;;;;
69ce23564d127e0697fd1f9c8e1cab99;;;;;;
3e8a2491e91620abc7e6c69d2172a6b6;;;;;;
69236346330b14ace20bb0b7c2c858df;;;;;;
188998e90d81d93f23a365116a4c3c3b;;;;;;
3fa6492e2c57ba8642dd1380a9429c0a;;;;;;
a6c89c4db124d4f24df789fda598f30b;;;;;;
d09a4c141be98309f76e171b765c3ded;;;;;;
c2b7ddd0d32a4654635abb5b4bd1162c;;;;;;
ee0c86b392ca7423feeb3a806e41e439;;;;;;
42d3d5bbb1c2361cb0117b91a04aefcd;;;;;;
c4c92e6261de525262b8ab8e5fc7eb64;;;;;;
90d8c98daee3ed23b2c722052f54be06;;;;;;
862b1cd1ff36d49cca21a3d764c4c6ee;;;;;;
40b45543834fdcf7e7c913f7a3e8858f;;;;;;
9088bdd62901ad741712924946515d5c;;;;;;
5d0f77daeaf106376a99eb46a021aad4;;;;;;
239a1b6375f6c642e6beccdf59816c23;;;;;;
ff12d4601b0faa233a70af4177bdd1a8;;;;;;
1b7997855c52dfb2669f938ca136ab29;;;;;;
6b4ec58877db1cdb8afea10d8378bf6f;;;;;;
a83acf90037176bacae11ab886597dc6;;;;;;
dd75b06d4c3e425635199b380b1783cf;;;;;;
38836d6f4ebbd392512bd6103384a7bb;;;;;;
631889d862be16f7716e52ce74a52ec7;;;;;;
be06f1aab046b943a1ecd1d9fd695933;;;;;;
78b75d26d8b8b24af19a8c08ac679505;;;;;;
a5581a674b17dc71a57c2ddacecbd7c9;;;;;;
cb2a845a2204da81bbddfc81d2525f9d;;;;;;
c8f8fbdb7c652c9b7a74c982f9707349;;;;;;
e09d345a8795a3af31c792bf868ae3b8;;;;;;
32e6b7865fdc294c751a38855234da88;;;;;;
be22589ac43d9fe81b4f56d7a9bd42b4;;;;;;
9cf0d449464eef2001a0a3ca6443afcf;;;;;;
4b506562a9637897632eba2c3836f6ed;;;;;;
b771cdd6dfbbb320f3ce7ce62d825338;;;;;;
1cfa7141f49cd8740583d8a1813f240c;;;;;;
13c7fa755fb6ee66a0943fefd2a0c686;;;;;;
c2d5f9c9c62db2cc74f6a1f5f3e3e6fd;;;;;;
bb4f72944ef72b67978723eaab290a0b;;;;;;
e7355cc5a545f59db3e514379cdccdfe;;;;;;
1bbdf4b7eb351c5abc8732a8ed1adb32;;;;;;
4a8b7b16b1570dd1f7f5d7d783235797;;;;;;
49e9c7df8866f644f3e625ee5a3af7b2;;;;;;
3f1cd19d609c38443a1b6f2fce3f06b6;;;;;;
827fdd6381bfd1acd106a7adabcc2e26;;;;;;
d2562882b36b9e6c5f0bb3a17890e8eb;;;;;;
9ebd501f425b8db2f98822aa2b649b88;;;;;;
0949afdc169eb0b8ad7173088e7f92bb;;;;;;
442acfeddb8701e4f6e2b3d5ef3d834e;;;;;;
c10d0d1c94bcd0c168da521b9e0e43b6;;;;;;
e0f72bade22926deffad332d89c2ed4c;;;;;;
c14afe291885ccd65675c5c5639d6243;;;;;;
0ff38cbe61d028900cef90fd36e33c92;;;;;;
7392a55da4e59886158aded2d412f62d;;;;;;
9654ffc52b4ac28e6fa7c8425acc5b5f;;;;;;
982031f1170e17957934a78fc2facf73;;;;;;
6334a5809fdeeab0cd087c7bc5afa77c;;;;;;
6c4f4d540b5e5db114831a697ad87262;;;;;;
e56607a4f4cf5c054a5d8621ba2554e3;;;;;;
a0c159a1cd9d2d307dd7e90c49f043be;;;;;;
07a53057882fc7608e171827df83518e;;;;;;
4d15bf02bf54cecdd743ae81b7dd6371;;;;;;
9262ca7c0ad699bf128dd6c1d68cdfe0;;;;;;
283676e6c7cc168cbb4db57615d15038;;;;;;
ffa6bf16ea8947719f59b9a87c6dbae1;;;;;;
4bccce2819c064298b12d053e48f5d8b;;;;;;
4a38e2378a1e30e2b20433aec149e9aa;;;;;;
dce1fddba6c9e52c177f61e7b6e95201;;;;;;
9bf62fb79230eb4dd357fde7acc7f1fc;;;;;;
6e7280f5d3ce83383137f28753db2ae1;;;;;;
540e6e2d89200758030af79a70ccc44a;;;;;;
46630a6a1f6c44f7f8d5b2d3565074d1;;;;;;
5281b11a06b6f80385a6f04a78baacf6;;;;;;
9f0596a1f1bb16fe5155049c44ca46c1;;;;;;
a49faa8bec64cb3553d8f0e53644b4cb;;;;;;
7a99c1d864590781158b66152789923c;;;;;;
617b457de051ca21973271d289525cfd;;;;;;
735541f40f7a91daf8000abb522dee9b;;;;;;
4dea8203cf3865744440f67644b6fe73;;;;;;
7546dc27382af24ada087573e3dba0ee;;;;;;
8140ed05803ce17d9436f20cfa772e5b;;;;;;
084b8a7356521880c60194e5a9bc151b;;;;;;
2c15b9ce4485cd29910eafdfc742c775;;;;;;
15c033abfc5cbaab6efd1a6c0407f4c2;;;;;;
9c99556ea911f46d93f3fcf447ffe2a1;;;;;;
51c454a711b6e2492001aa789f6ad5ed;;;;;;
b5cdca83e6b2bfc8cca84354a9d99c69;;;;;;
e4300c5324549a6b8757a49b02bcad70;;;;;;
d9fc83601a494abe958a6b68a4d561fb;;;;;;
2466df61be6a130c51ee30d6cc96d4f4;;;;;;
6e240abb86cd308dab920e18113ae7df;;;;;;
edd39bdc9127da81fb341262d1387c54;;;;;;
8c245b54af1fb42f1be47e57d64d91ab;;;;;;
2de629c5c6e182584f862f233d9e2057;;;;;;
bd268a78b3dcf90c203b6e966652aa30;;;;;;
54f10450bff8928e5e3fe35ce7637e36;;;;;;
2008e5f9c4c306e44f9e7d69aa362d6d;;;;;;
52ac5da898f8e2e9ce80859df80d383e;;;;;;
64d6a7fde25ef04a261045aa866a0340;;;;;;
68aa2f02694d74600dab6d179464f45a;;;;;;
90b7daca758bc218644e87bbf35cdbdf;;;;;;
2fc591534e350782c50cc0c74742d246;;;;;;
d0e6701504b287c93076350a2c8a76e9;;;;;;
e688edbf26caed41981660bd608a2145;;;;;;
499bf7c51d5fdd5bf15d9a2a1519bb93;;;;;;
da5cc2a41a54d618bf77830ec59c5781;;;;;;
4a2543b820211699eb1148a9e0d8c7b1;;;;;;
c4cad6b8fdeadbd3f14cd6cff967714f;;;;;;
8d67819317d9947b4f1625c9e2da86bc;;;;;;
2a00617df184c7e416981e3624b71cea;;;;;;
8b3c50d9821d8d6bdf60d6af2059ff9c;;;;;;
a9e407c9182010692a607ef506fe0b68;;;;;;
e5abce43c539e095cdfa9234f4805bb9;;;;;;
7a12b3458bf32288cf8a1d2ef2b8e94e;;;;;;
0fbbe9b5c18d0f97daa1971dc3f97c32;;;;;;
c58aec311a19456d1dd019488eb5a369;;;;;;
0a42ff1241125a9fe2ba32c6066a1d62;;;;;;
6b33dde3071423610e3c6f204970bc41;;;;;;
47598f94441b4ca392e5eede75146c57;;;;;;
b53c5aa5d7dd74cb36368e8ffd49ae91;;;;;;
287422abcc0fcd6acb34b6e6e0e9eb15;;;;;;
7e7eab3508f7bf76ed4edba82a24d9b2;;;;;;
5e80085c17308a33b705067d5a698acc;;;;;;
3256e0799d3192b997a88b37752e8cee;;;;;;
004e9219eba0580e9f529c83e95d8e5c;;;;;;
7f6c52a21970a5e1e7959584ee500340;;;;;;
c0b31a192b5ada57ddb6464486ef84ce;;;;;;
207696f3040985c22c54e339cb549770;;;;;;
03b708eea7b6268ac422ac14efa9aaee;;;;;;
90ed811596a547e24e6eb129b312158e;;;;;;
efba837f23431d723bfbe6b6976c72c8;;;;;;
87f4a5ad066f9039418ea3cd35eeaf21;;;;;;
a9e23d316b13845c8867422b6a0cf162;;;;;;
25ec5a6e0679d5ba121dde2de869c589;;;;;;
44e496108473423ac7db08021aaaea51;;;;;;
0fa06227f5c5fb5339a03f90a2d10aaa;;;;;;
f604a99a2c8b35511029a68509494f82;;;;;;
95e9d7fd19edcbf582f1d362a0137537;;;;;;
a6bcf05e48d36040ce133efb8430a035;;;;;;
c11012c44bbefb2e26bc3b08705f5863;;;;;;
fb968088b761d3f20c2a2b5db468d670;;;;;;
0b37f973c0e508e3b195a42c2aa843a4;;;;;;
156dac2a35f9be81d996acdaf5b4ffaa;;;;;;
b2f77eee995e39454076352c9c3c25cb;;;;;;
a4499a2442b7c8ee923d39e74ebcf64b;;;;;;
8576a09b6f24742823d76510b6ee4c45;;;;;;
988bd3f0025b41163ddc7581fe022f01;;;;;;
745937b76b0ea1f9bd22cd958bc29a85;;;;;;
1de37fed58eae10d27dbf11f61a91ea3;;;;;;
ea734061fd6a30aba41d180ffd0ddf7b;;;;;;
d5fd8f052ee2acd045daa67fab90162a;;;;;;
142930c793560d2b01e6da6ed46657c9;;;;;;
52a63b2ca65cb88808c021c9c8de3b17;;;;;;
9af8ca46c7b511691e710d1f5731f784;;;;;;
9f2be45aa72a8f449a6089082c4240ab;;;;;;
fa02ec0f9e6dc5e7ac59adf334e5627c;;;;;;
8dbb8bc4f492b04e3f48d223b999a089;;;;;;
a35ff1f9b3c59bc3bfdb2505f560cafb;;;;;;
845dbba75f26e660afcfc00df8c28cec;;;;;;
1894e643c1162aab525ed8b876c4eb68;;;;;;
516e4039705c0de7654e8f3efb2e9005;;;;;;
32359ce10d4a265ed95ec406448bdbd6;;;;;;
23e8d09bbb11bbba74d7acb6c3d8a58d;;;;;;
783a9868258f12dc27471e799a4c1e21;;;;;;
44c46edaf2d61d5d0d8bb72bc929e394;;;;;;
823a6975cbccd06912909d9c9c75f6fd;;;;;;
ec8d39c1936bb28b0a306da6a3704df0;;;;;;
b6ae68b0ec1eb181317cf61b943f2345;;;;;;
1dfc4e16ef5739e89cce2a35702bb4ff;;;;;;
17366cf625750ab48c59af0b976b9647;;;;;;
ac7903bcfa21b15374b6d3d9fa09455f;;;;;;
ab523f27fedd1fa0e46b2744481fed2d;;;;;;
546b3757fc1f613275d646ff5093963f;;;;;;
75892c527c3260402162e5f9eb7baebe;;;;;;
e44b59298de417b0b343c2af3e0725eb;;;;;;
b9a94c3adde87b8c65f40f3986e8fce3;;;;;;
62e2ba35d74311605dca5b1c4095c196;;;;;;
9ba98208d7839c7264b2c9b333bd4a54;;;;;;
ee61a17c61b72576e8fa4951939e3c97;;;;;;
9366ddc171677e8ec86d33a5194dcfda;;;;;;
876e307095f324008b759cb7d6040d04;;;;;;
b05536f65abe60a599c7b02fc109a2e4;;;;;;
e00964e4780a8e3f9df83337523497d7;;;;;;
9426b3bb9b61eb4210679cecae2690f8;;;;;;
1cb044690a264c9f68f6e293b672740a;;;;;;
09340fac1a0584acfb15f4c4e430199b;;;;;;
eaf363b5428c74c1a516cef57bc4e815;;;;;;
0e00db8570ad91577f52c0fdf91466c4;;;;;;
949304813dc83dfec29d9f862404469c;;;;;;
bc84f744ab02a6ab4f52ebb77ecf2c41;;;;;;
806bdfa583cb67825fc18cc2cfb0d4d7;;;;;;
b804907fb2f945da7f247ac281fadc80;;;;;;
ed0cc5feaa0239685155f078e36069e2;;;;;;
28317e8350310f0ecac495830efbb5d2;;;;;;
6577139fe0ee6e9e7204a6c21d4fba26;;;;;;
7f3b10c7fc7fa44aea25cdcb8fbe649b;;;;;;
58ebee2c1bca7f8edfbf114fd2cecc62;;;;;;
b4c4b2a3a767b307d4b6995bfa91366d;;;;;;
ccb8f842bc2a3b0db0c1cc5296d7485f;;;;;;
d18e33e5e3c7ac88ad48eb5fd6f3deca;;;;;;
5bd1ef3ce5013ddb211afbc3a28aa9e8;;;;;;
c37b3fb0cd079da83deafc832eec6612;;;;;;
80add9b5d22806b38e6c65616f043bc1;;;;;;
6a8b5a2290ce5da3d0de797e95b19d23;;;;;;
4543b3513f8a43f2fcd025a9507d9b92;;;;;;
3ea092256934693030dd2df93f83cb5f;;;;;;
8db1560a299e3ba78ed333f11a299f9d;;;;;;
c2de55e787bb90792bc1811907b6aa46;;;;;;
e7e53547e22c6a6e01419e00db40eaa1;;;;;;
8e9d4376d1fb667850feb01e2dc5d22d;;;;;;
5d3363ff47ee75a36d74468376cd1ced;;;;;;
9cfd58ca704f9a0aafc60890e53024de;;;;;;
6a1cf3ee62dffb4f48595953c294cc35;;;;;;
173d8b8ff35bf64e79ec79a0d4e6c1ab;;;;;;
f6ba59d4dc1e7f8164ca95fa4422af41;;;;;;
9df18c46322d1037621f169a09e6ec07;;;;;;
883999748a5c3679c984a4f55c2e8e5e;;;;;;
ef62a66a88023e69c6e88e8d878bfa38;;;;;;
053f4fa2ded56d5960c4c8282d765eb5;;;;;;
d43c1e9e20d9a9c5e1aaba7d54120a32;;;;;;
7b8ecdb55e94382b4e7e907d995342ba;;;;;;
359346a5383f39d5ff5333fe60171d73;;;;;;
bf8339cf75637dd7c7627e8f7fc276cf;;;;;;
c45cbe4127bc2710e2e729e0ab536a8a;;;;;;
d46d57e19590dbf4b58ac55e50ff0573;;;;;;
7a70cde6b3e3ab2e33ac7432826d2a98;;;;;;
85a52b04114d9d96ae4e4003013b6e3b;;;;;;
66f45b826a2dd807859c9578b4877aaa;;;;;;
9896ebde4f62746bdb2f295c3fb31bd6;;;;;;
bc466ac9ace8b58e22c41309fc58cf94;;;;;;
61fd1bafcd45b9782bab6ce418adad9b;;;;;;
2b1a16e6bc25776bbd7602cb35c668e6;;;;;;
8d0ec1359c10d580971f49765e3e1fe5;;;;;;
2612e0a77d212254ca412ceba73bc840;;;;;;
7f980c731d0e33a7241693e3f8626026;;;;;;
3c1bc73c3e604afeee8b786a9c19e75e;;;;;;
33aec1130999239884e0783229e6d4bf;;;;;;
5dffc989c3e7bc6ba5688dbccc5f535b;;;;;;
7425d04219359341c77e2d44516c44f7;;;;;;
e6dceb7f67b1b9a2c477726381219774;;;;;;
c2c271be31bd9221ae4287eb458363eb;;;;;;
282037d1f5d1eaf25e5508a37e1b6aab;;;;;;
9bb65b0914e2a7723cdb25741d7b1d25;;;;;;
13e9dddfe1afd814e74a45011ea7d80d;;;;;;
fd5c947da8300a9e12f52f385cad590a;;;;;;
d85df331222178206b24863ef2bab44e;;;;;;
c0ec2dbef239faa6863728d97f80efef;;;;;;
12b2af324f99a38f10a165279ae04f54;;;;;;
fd13c4713e55019c0812abc94b3b6313;;;;;;
6acc41a8b5fe48040907fc8ec6555919;;;;;;
822bbe820fa79dbfbc2ceff2ebf1adaa;;;;;;
4c546e5e150b6111ff00cee7ce7c920e;;;;;;
f364b9faf075b7cd19a231d7d7d249ea;;;;;;
a4477baaeb5aa4151f6a860a9c86c3d7;;;;;;
1ab4ffaea7cecfb78e8e953d07435229;;;;;;
55e7ccd9ca639e43d8a3017b6d221202;;;;;;
9377d8d10b2fd20261003a123c633d2d;;;;;;
4cc51cc307f0a403ae93dc2e8f0ebc2b;;;;;;
1c06b62f399a73a7b3014e3d127631a7;;;;;;
5e3ac0d379de2c9202092eeab7b33a2e;;;;;;
2fe2463dd4052dcc274a3f9f3fb57910;;;;;;
dbc3b5c3534e2315d453d28a902d7537;;;;;;
4bb7cab581ce77a1313ca626151a7044;;;;;;
4885b4fa45354f87594d6511224a87ef;;;;;;
7838798b08d0c073662cb8f2cd6779c1;;;;;;
0ba90da8fdc9a8f356a73d762de423a5;;;;;;
da4086d030d623adfe7f0871eb023146;;;;;;
f0cd1882f46afe03c4e2e29034c11b1e;;;;;;
4a3a001977d70e9dd6aa48d76b5cda10;;;;;;
262e8c0ae13046c6d5d04a7ef2f446f4;;;;;;
60d164396e1e65bf56ffc3b67f377b6f;;;;;;
06d16cbf6b4acddb1e6182045516d0cc;;;;;;
e5ba213b7d93d10eee824f4af7622b44;;;;;;
c79033de73606bee4dce69c01fa3abb7;;;;;;
5290fc16acece9c72811eb9488175b8f;;;;;;
f5c417241955b2f574bbd838fe0cf9ab;;;;;;
86804c37b3c18230c61e3dd9bedfadb9;;;;;;
1c3ad9258eb71d8b8fb06cb748ea1e1e;;;;;;
eef6dc80cc37a3af7c6bafff176e7faf;;;;;;
4d846aa89e3c368271ce527c5cfdb4a4;;;;;;
30552abf826b65c35ac22de52c7e70e2;;;;;;
f93c64232625b9e1c3d39a8c94a03bd4;;;;;;
c2eb7429cea2e27d9a5fcf0f90116796;;;;;;
72d1839052edbfd21aad4bbdfb27ee81;;;;;;
dee32a8516f7bea55aa160af666cf581;;;;;;
1b7e697fc78395d9650a3dda837a34a1;;;;;;
56137f4fefe1d9514923064129f68607;;;;;;
291fa77d03a71a3b1b837d7ea1ba4d08;;;;;;
690a741045fb4ef548276f1683f62802;;;;;;
e690e74f6b6f9574386e969e5e833823;;;;;;
e1a67978f35c364f6c8179985a84fd79;;;;;;
bca04a80806a73ebbb4d26aaaacfe5bd;;;;;;
cb6f25950ea7fbdfc0e70dc0b425d776;;;;;;
df3d562c699955e808192df5365e166f;;;;;;
54ea2ede25c8703df1aa29c1d1111f0b;;;;;;
b842813a37ee05d86c13fd693d594b5c;;;;;;
2b7231c4c8b342570a64ba2d50d11bf9;;;;;;
1813f170baaec353bdc176977ea7eafc;;;;;;
17527efb005d7c287c6e1444ed52eaf4;;;;;;
c959b83d823aa4adc64e873a6a7b6c1b;;;;;;
000264bfbd47f5f1a5d2b69070970032;;;;;;
2e54d0fbd2aae8218c4c3424e17ded11;;;;;;
e520156d1ff029853648d3edc2be0d2b;;;;;;
a295cbf00f9191e29533357a491f3ae1;;;;;;
96c690ca82ce2626873ea7d08f283b8f;;;;;;
3f5f802a7fd8bc3a150cae2c11d2cfbe;;;;;;
3d9738a100e12326b9a3af62a614fcdb;;;;;;
21b04ede2f462b028b72378b4412447b;;;;;;
34c757ee9fa2d12aa7d155bc2387b08c;;;;;;
3fc75112c8ac3c2e069f4bef8d617074;;;;;;
c4cd70f46ff2ff985ad96559005b7ecd;;;;;;
a18bf926015041100a560e2ddeecec99;;;;;;
ce035c1311bac4ea294659d74cfc413a;;;;;;
ce85a896ff744eb17bf2b88bb3a56751;;;;;;
a2d81fcccb433e51b61f3544435bd7e8;;;;;;
de59f85090013df6e90a5569763b11f3;;;;;;
69b227ad9de53cc98d497176e2b50f8d;;;;;;
ea4491cc8cb658f927fe54ee9c67edd7;;;;;;
83c4ee6e628a675c7b26a052212b2033;;;;;;
1ca58830e33db2914f6303c63047a5cb;;;;;;
c98cc42b1cbd6ae6e154ae2606ba48b9;;;;;;
877d2a26771edb59a71120cda7eb63d1;;;;;;
867b0821e4418d279126701f4f11a59a;;;;;;
aad4a79a46526ba2c21a5e37ff52ae81;;;;;;
37aaf962c10b5f52b536844c3a9b0039;;;;;;
52b546802f66f696dd916826c09f1d64;;;;;;
778b524c0668d4cc34841d409ab6376c;;;;;;
f9966dc9209f71768e265d3309276d30;;;;;;
2c03a7bf3141c74b59eb5bf61c116278;;;;;;
8d159e359134767bb29a222de5ed2220;;;;;;
5692c3fe1bf6e1aba1bff4b3b761a477;;;;;;
17a842bfe203284f4edbe6c50a7d050c;;;;;;
bc27f76aba755e8c787f9ef92947338a;;;;;;
987f6673f3f6dcbaa8b40f9c6618c640;;;;;;
af8452ae352ba75e5fa162071b24d30b;;;;;;
808265aa3e57053d1376992a094c90f0;;;;;;
b446412f94f22a5947b32243069d7f28;;;;;;
b2044cfecc2e6fdbd34ec14ed7b2902e;;;;;;
abf02c954ef9e751dab188387215a62c;;;;;;
90c89a4df722db82564b9d043c2e187d;;;;;;
b8f5b5838b6cda4aa27479faa5bf1cf2;;;;;;
71044e2a29017c8b7c35c34cd23ef972;;;;;;
2ff9905f01cd71b1c1076d28825e677b;;;;;;
8ddfe03f64ef02dffa66067c26ea8127;;;;;;
15b351cc8cb089d6a635dc840476f062;;;;;;
c91153922aad8af4c2649ddb0c32714a;;;;;;
aa838575a4288a53ccb193fe47742f60;;;;;;
1db250c9434584a5ce26b21898c679c3;;;;;;
6f0f2ff939ed978a6389af92b0a480f1;;;;;;
935826619f43fc996a9ca953f3203ccd;;;;;;
1698d0ebf48c7824ebd2069f55c22e6d;;;;;;
e7ec2348a6c1683d9743e4e1448b407d;;;;;;
20a4cb1dc4d40a91b193816864b460d7;;;;;;
0b2888b3228901ede03ac8cf5bf60c64;;;;;;
f911377a92d5c56df7c28945bc8f8af1;;;;;;
b93c63df9b495af0c2a7c1ff449a195a;;;;;;
f22af0336154d599bb2321b21d665ca2;;;;;;
c7fbfdb8d0b12c8f8d5174555ef189a2;;;;;;
d8522ef24ce699416fcf45614ab8b2f7;;;;;;
adbdf0376e569dbcfc0c6f4909798975;;;;;;
a7718a0f63c28350d272cbe6f787a8f2;;;;;;
458be095ceb1c922bca1527b75e90882;;;;;;
b4f2f8bab9190a56460f8c854dbb9cc2;;;;;;
e9a9a806a93663d3d10a1c23fa422be5;;;;;;
bf86e6b6eac53a8013a4d9fa980d3940;;;;;;
62a4800117e76423bf9a647b5f8c81ae;;;;;;
eb972797a50c90751dedc307c590a855;;;;;;
c953c6c1ae62a165b646d29f553bdb27;;;;;;
dab406ab4ebb16fb0cdff1a95b057f0c;;;;;;
54f80d37eb7497a10be3901f3d000610;;;;;;
628cf6282e771796bb2b55f4653e66be;;;;;;
7eed7ec7b8ba786773818aed47162bdd;;;;;;
256082c61ef3ef36a65ee3c320e967f1;;;;;;
5a867122c47e58b032bf5db3cf1537a0;;;;;;
155d8debbabc57859ed31bf6e9a1a0bf;;;;;;
e3c2945aaa768999a55a7b86772e6dec;;;;;;
8b0dc75b967188b1a4fa01e47386e6ee;;;;;;
e47c8ed4159f82e7ab4debf378ebebcb;;;;;;
4d84e03b9fbb6e12cecc6f7eeac0df91;;;;;;
449087be2f7b4d039a931b07ffad0654;;;;;;
272aecc539ccde1201d99e786d57b640;;;;;;
a24c93f64b0f191ec70af32ef7ada822;;;;;;
b2e2045a129a3363222ea4aaae1de067;;;;;;
90d630208479f6e8b16c1df718d75d90;;;;;;
b02594f289ad3386c729809edd53d70d;;;;;;
fadd48fc5e6129f5d377fd23c86cbf84;;;;;;
3dc8d5f33106a0652eb7def90ec10630;;;;;;
90303c93600c9663b087a7e5a2cbb6eb;;;;;;
3ac846f0c9be97842d98bc99f610132e;;;;;;
b387cfab0bb48a1fc2ae79bcac4bb207;;;;;;
6560cd8f2005cecb95ad9191dafcc200;;;;;;
d6408b74a99476b441a3fe6600767720;;;;;;
86cf8b6db45de6bc2b4ece798f8698af;;;;;;
05444600ca5677aa14e428fc97bf287e;;;;;;
2466a0ff2a34914ab77344a4bc0c53e1;;;;;;
54ed24d263cb102856ae2c3b16db5cce;;;;;;
7bc66fb6b9375f1267da7155413b6cf2;;;;;;
08e9c66783cdbfa7d442fda764bbcba7;;;;;;
828e9f1b5c1df5de08e204cdb70053ae;;;;;;
702cdf026eeec056031b13d462a1873d;;;;;;
5ca62d48a306678ff37b7b2a91f66a45;;;;;;
36bc25a74972e67ab6e5e3d097e1beb2;;;;;;
95d239431c97bae8c0d49d94bfcc4b40;;;;;;
77519a0b6fa57c2bd8cd775a47bc646a;;;;;;
c39547a54bd1c258e8d382e6c3579c73;;;;;;
1b91b3220cf3be088f8a20430a73d0f6;;;;;;
d68145177af0b8054748f408c8e43303;;;;;;
f239b98d99938c97e3f8d70d1fea3085;;;;;;
d3b179a60a724693ee93223cc5d44ae8;;;;;;
79532c53bc71dc952acbef166012d4a3;;;;;;
ed2a698b375ef1e9a593bd93f2e2b8ce;;;;;;
35892dc19326e8ec27b367d50c789f29;;;;;;
c758d7bc45401e53109a417dd5361162;;;;;;
3fab3359201aef51cc3bf958e2329545;;;;;;
8b992afdf6ce833ae3b0ff54b3a5981b;;;;;;
a8f9e2125704e3b113f22fe66cfe0c63;;;;;;
cb2ba24b6ac1cb217f9afbfd694e9627;;;;;;
1fdd660ee93ebcee2f3ba41eb8cb43b8;;;;;;
c2afe01f897a91851b2c70bfb79b9eb3;;;;;;
5c301584ef967a81122a986c2a144bf1;;;;;;
76c69eab3e5080b6cb18c07c404630bb;;;;;;
185618633bc6a4ddf91fa79d41a8910d;;;;;;
8427f11409a774d493ae308477e76cec;;;;;;
91faca91d425218e8633cb61d0659abb;;;;;;
01bcabcb318696567d5b42e2731b9b5f;;;;;;
a5e0188ec3b765381724cd7a483788c2;;;;;;
1b48fe0d8f3739e41b89932a26918156;;;;;;
a3a5a557d3cf3f9b30d0e1710cef631d;;;;;;
b69ef2ed497092b08a64b49190f8c8a3;;;;;;
b4dc5b736e2ba01d13ec94564194a81f;;;;;;
086432a47d9cbb9e9d7f19dacb8295f4;;;;;;
af88fda704e7fd352d8a2da11145ecd5;;;;;;
af10e1cdc36101de9f4f90dfa09f2ab5;;;;;;
057eca2ef0f8eca5f828f10e5135ba1f;;;;;;
d7a1f5f299fdbfd54f89636cbca1e96b;;;;;;
968549d76dc57fed38fee941b47dec50;;;;;;
0dfe3c41411e865a6f826ce1c5b750b4;;;;;;
be3fe3b5c883cae9bc77703214646724;;;;;;
c1034901e1c211c63a67732bde3e9b48;;;;;;
3c557c19665c99af5423abef3015b4d0;;;;;;
29363114c1e1e79bb4fc847986468a47;;;;;;
da4a420f70bcd720dfd3a0a14156679c;;;;;;
5461fae134a773a1d83930a88afb2af5;;;;;;
323f3446f4b8f84b4f9a944cd8374483;;;;;;
ea1a5575340878698f6d1c6bd28c3a97;;;;;;
8fe39d825ca9a41fab5a0a1e41b0361c;;;;;;
55489e2d8299af48c7e764ddb31332db;;;;;;
2469922b07aacb81c1ac4f020df763d5;;;;;;
2decb977cd951beebdbcc270964ef935;;;;;;
dc57bb7113d6f9fd1548c0181b56022b;;;;;;
2e8f28e7595a592145a555441308cee7;;;;;;
7dc4ec89d484065e63770419a6e290b5;;;;;;
58183cceb58bc6bf29c3a0cb70e6d228;;;;;;
b605cc02cb9a32b4bfa3994b84610ef0;;;;;;
25c7649ddca80199c1d03b3d5e246da7;;;;;;
34208476ba53c5f38ba2c2dd4475d4f0;;;;;;
2a19425409146e1c95eee072d60c3347;;;;;;
590e39eee06600e8ae8182aca09b5b2e;;;;;;
067578ac22dfaeb294a541edbeb84328;;;;;;
9debfe0ebbeb37bb41d064463aab25d6;;;;;;
1e047985f52568c04f63b5b08f1b9a3b;;;;;;
de9e9ffff59d4d266789e03f0aa47774;;;;;;
58719bf0e9a226565744e741a02838eb;;;;;;
adda223ea0534c96bc8376303ab8bf30;;;;;;
d9add25f2f8a7112d120be01eadff2c7;;;;;;
14fe3f45ec33a6739d4c06d2bfd226f1;;;;;;
8b97c91b2bb6e62e729a7f673811537f;;;;;;
7451ec761b26b2b05f6934a6ab523c4e;;;;;;
350f898f16b1ea3f3a7d780677dec186;;;;;;
a82a84b01e8ec3654dd0b899c16b4361;;;;;;
01ce6980e5c6bee73e9d497ca60776d3;;;;;;
a4c89555f9657ca1e4441da4e0a8d822;;;;;;
d9080c8be5fafe7a32659b3a7a4a1aef;;;;;;
21be159d201674b4e30b3983bc9fbffd;;;;;;
2411d36128ad2652065a2028ca4dd2c1;;;;;;
ab78d24b8ea723ca3f5d431946dfd35c;;;;;;
d56d83359df6c3f73015bda07ec2b672;;;;;;
6b2a525137367d64ec8f0b11ace409c3;;;;;;
96098ea96ee2bc64206378d36b18b0e4;;;;;;
d641f84824deb0b6f584ee510e47af44;;;;;;
50e81cfe4bd0446ac604ece177d5bf0c;;;;;;
8239ed841c374ea3ffbf4c1447fd7264;;;;;;
13f4b0bc42d8a6d1ec4b65ea835b20a1;;;;;;
b3c7e6bd31df2bbefcf8da44af335c63;;;;;;
217f6941f39b13edd7c216438d97b4ad;;;;;;
a30274732806a7c3b1c179611aeed308;;;;;;
727517ea5f8ae99aa9607c12dbd8b9b9;;;;;;
e9ab67faa1d2c85575ab92e01bf2c4a9;;;;;;
76279d9883cb8cb3bed62f0375362cda;;;;;;
0ff73e22f121b9e0ca6c24262e55e410;;;;;;
93cfb5138e07791a8239be881373cb8e;;;;;;
eb5005c2b06124132866a8736529439c;;;;;;
3a9a7e55adde509d0fe20a023314b732;;;;;;
a6f71e2c9145488518d5d98e0c98c373;;;;;;
e8e236c118ba07359d62d3577ba83dd8;;;;;;
e2e4171fa48b975d294015acddff2440;;;;;;
6cb73ef23bd3d2377087ac64c7d1ce26;;;;;;
8702777ba6f998b7de097068a456a675;;;;;;
26cca4d1e3276e278fa9f0fc3f2cc59b;;;;;;
3f7ff7f149f6c31e3e61b84ffba6e195;;;;;;
f8c7b3e4f705075fbf9b3e4d947effe6;;;;;;
81352876c2f4eca6b8a8075f256cfb26;;;;;;
6c0b53cda8acc78cb7b2a34b5ca13b0c;;;;;;
bccf293e35364feb0d9812cf39ac841b;;;;;;
44070666b8dd421fc299b8cddeceea20;;;;;;
0b29cc74a5bf15f690565cb2f67ff1b1;;;;;;
3b790d6a420b97696040461a372c20c0;;;;;;
a914685b56d1b6cad20491637281977f;;;;;;
af9486a22d5a9c8afc5e595b76f7c512;;;;;;
8759028357220f03182b4eae541abb70;;;;;;
cda4b141221076560165c84c79d10e05;;;;;;
9dbd24571f9d34f17808bff229b45edf;;;;;;
9bc88eea39a3dcc9516b80f0a9da4ac1;;;;;;
67589cdc0e3b70a3e9f5ff3a6d4ed971;;;;;;
f48fef2f127dd88c714f3352a40bca72;;;;;;
9ddc39a6fb4abe8d018729a09bc108fd;;;;;;
4de3ce43f2fdda15939b7e643cbde599;;;;;;
526688a4586a14a0dcc554228723caf9;;;;;;
e8568d837a8538b627deac15fc18776d;;;;;;
0023668080e62e72f6e3fcf2b6fc8c54;;;;;;
e0a252e1cdbbf7d24d05ad36dad25a69;;;;;;
e3231b4a1060de27d1731b35512f22ec;;;;;;
bd9ba4d39bc0bfc94692a33dccf12103;;;;;;
ffd9f3fef054dc64e85c193bd1f5e7ec;;;;;;
82d5b4c32029eb93d0572414864fc08c;;;;;;
bdfe1f741fc3d21ecf5906c727817abd;;;;;;
85dab1e3bd2389cb64a36013bcfb450b;;;;;;
a1006b9979b378edc8b86a4b8d928073;;;;;;
a0270adc4eda4544893cde38e6b708d0;;;;;;
be70ca072b1014f41d00b1ea712f138b;;;;;;
50c73417bff1b200b4e3b8194ed0f42d;;;;;;
17a5f5dff5b0cf164c8d5a073fbcc54e;;;;;;
1d4a5ef500fa75761bbba25b0c7471a9;;;;;;
e7a05250bc0b4475d9c71ec9c4eb5b1b;;;;;;
77357b8df2dff62ec93837b51b7a0d1b;;;;;;
0cc4eee414814b783bd3536f95e476ce;;;;;;
f787b23f4f0ee3f94b9afca68ff2583d;;;;;;
ebcd1525b39359ba633f27ea3a682ec3;;;;;;
b377d497c7154603b1d202b39478cbe5;;;;;;
21baeaa8fe5175b85b6e5b5a0977f46d;;;;;;
824e83432ac5a198e844a807669ca324;;;;;;
f47ab2f101bd3bce22e94c4e6ca6b6d2;;;;;;
bec12530fb79fe81e72bcd078ec1c6ea;;;;;;
863c3e900ee6b129e5b0d1a1fcf9af22;;;;;;
87aaee6e5b1b3faf64a8cf544be87353;;;;;;
2e27ca3080c4978cf08c85be6bf16858;;;;;;
e52fa33f130718931da5941a8477d7d9;;;;;;
34b4188dd0e1f9dd9e9ebe605f5068de;;;;;;
53cf10e1f16351e784d8a70690101c79;;;;;;
55d4dacd2b124f2b8ce4a7a152e7dd8f;;;;;;
1b114c492eab5f46d6d4ba5b100104ab;;;;;;
b6262f7844c9a8cc583f25043b665294;;;;;;
6487a72cfaab3bb446697ad36beba136;;;;;;
ff877ddc9f2b340f170973446bc80b8b;;;;;;
039c6dd4c569a23fe7cc723a4e3bcfe0;;;;;;
6ec3c060ad92c061be83e3db6388877f;;;;;;
aaed63db5c2e07badccf471d29b37a41;;;;;;
3fe6b8bd28b10b8a213c42e3ebca3815;;;;;;
14a1b20d25dc8089f0636f1b4c42d46a;;;;;;
d3624790e397e33be365bcde1928676a;;;;;;
df2ff29ec9dd9e61a967727cc391dfc3;;;;;;
17ab2d495b6348ec1e897905e7b29570;;;;;;
00934cc13c014f5dfa464db02469c7e4;;;;;;
d104bfa5251538f6dfa2b5c94dc2f07e;;;;;;
1583057ce0e6b9c0240b8cc62253c633;;;;;;
c58110d8c6ee36f28e72e5bafcef79ab;;;;;;
bd5f5d1886ca3198daa090697173c732;;;;;;
d534affa89aeff9df238439b3476bb1e;;;;;;
5d559e6cc2ab2e6c9dac469bb100cb8f;;;;;;
f59f32bee47d52cca45b7a739cb8d32a;;;;;;
bdc59247a2f438b92804438c9cd7c7a7;;;;;;
68b581e4ac713f96d4bfc80fefd171d8;;;;;;
3304696dea403c06fb28ee0817b380a4;;;;;;
a6b8285e0d8f54e85b91474be0b56d6c;;;;;;
e72382521acb3fa3f91dd1b2200eedb4;;;;;;
57e25eda48e9e49c8fbacf248bae9b1d;;;;;;
4dc29a6aa64cce1b0d8eea95ae339f49;;;;;;
e93cca502ed29351d8349e1f553985cb;;;;;;
537c4f36f281144ba0c48eeccf8f4f5e;;;;;;
22168e48d3f45e07073056c745e207cf;;;;;;
174d0e00516c2500bec3b10d26b2806b;;;;;;
8970da1088760bad005d3ab462448efd;;;;;;
bd58333b9cf4748c112ecacd131d0186;;;;;;
d58503c768696aeeeecc06853ad5ae5e;;;;;;
4078481d822f16d7e7604d52bb87e302;;;;;;
8dd64c29de7c9ff910e91c9612b625c2;;;;;;
c3e2e2a056a52b05daa65e79ace75847;;;;;;
6e9dac91feba60a93cab037601fc4bf6;;;;;;
ef3df24e9f0d1b67a03162f09e1f8dd2;;;;;;
decafb79cfb7723b87ee33442bdfa593;;;;;;
415701ed86f10c38ccbfa85936144a91;;;;;;
80bcbcaf47726bbd89bb7fd42f67c080;;;;;;
38a9c38c89ff699ef5087c0b6065a233;;;;;;
ae6c8cd63005439384eec796d67184d5;;;;;;
c5b55d9881939680b8f41d28a2f1637f;;;;;;
59456cd738e6c6f0f0fd97a5dc7b59da;;;;;;
f7f1784f4c71a9fc8b4b34b4f84b3b1a;;;;;;
614122ba494455d2768128de77d8271f;;;;;;
d3c789efe34e9ced3aa08ddb3154bbb9;;;;;;
343195abceca6a7e038bd2a12ca0b15b;;;;;;
c751bfd840eeebd55453a41eabedc997;;;;;;
02dc2890174ad26bccd523a908904b28;;;;;;
c5c195178f5e705978fcac3d724653db;;;;;;
67289ea77c2a34b03cffed7cdbdd4d7d;;;;;;
57b505945511fd889bc321ff4cb14745;;;;;;
8f1344ea2886c3106c4997cd6a2c0196;;;;;;
4f6a5b6bcaebc0b12e48e87b2ede9b25;;;;;;
22e3c47ed29da6000d470ab339c9e4e1;;;;;;
ff8fe6abe9671481a78d3002bdda132f;;;;;;
41c797632d4abf141a53cbd57941db52;;;;;;
cfb591e983f120086bfd7c5eb74bf6d4;;;;;;
3fb3e94b20b29a9aa5f53a81dab0df0e;;;;;;
588570e95f2005087c72ac59b0ee7c6d;;;;;;
5fc4874d5ab45864228f2ffc1fd3b309;;;;;;
3991592def7b2cdcd4e95ec153a2aed2;;;;;;
cef6c7430d8aa9ff4e38d8bb73387db8;;;;;;
8831d91486d9713fd0fef41ed9edb122;;;;;;
496ed6d8d86394524b30c32aae9664c2;;;;;;
6d65af68ba7d3e2711d2f11287fc45ef;;;;;;
9cf52c3d0f255667c7b733d83337565e;;;;;;
6de97b2df27ca9b3fe1b4969b9a83730;;;;;;
85cf43321b2676ebb462be8ef43c0c1d;;;;;;
d197bbaa47314a2ab9abe12162cda2e7;;;;;;
2a3d025e4291b6ccef4fff4df3bb68aa;;;;;;
5a3b1c8274088a6b59f310d90d53b36d;;;;;;
b1913ceda75860ef5796bd5cc02615c6;;;;;;
dc70a8b4b6c9546960158bef8696480e;;;;;;
3ab18270fd6e10b14018fa3f3f23c5b9;;;;;;
45dce58840a8ae30ff291b99158b1ed2;;;;;;
ea7b07eafce262dc00fa8e0b1605e773;;;;;;
1a7568236d395556c55d4150d4080dfb;;;;;;
782e610bde33615d30699b710d18f166;;;;;;
1be95e6696a1b81845f34b3389a09fcc;;;;;;
9e9d27c92a70ed3b6cc06c773d103e3b;;;;;;
46bc49695d654a8f2e1d8e06a823b3a7;;;;;;
54f2fd17b3fc86d8512566d2fd135119;;;;;;
55a6d774fdad5f3a9c566306be827397;;;;;;
2a7e71c2bf115a101938c4541b5318cd;;;;;;
99ba91ea2c43bc961a18055e8eb4b7d1;;;;;;
31e6cfbb00c39e2744e3b686566948fe;;;;;;
c93fd197e1aa0c5dd1f4d76e9b2f6699;;;;;;
c9e34fae5dcbc5671f6f09ec84be85ca;;;;;;
925d805a2204eb468dc473df10d9edfc;;;;;;
0f89614e217cd5c4976c28fe7ad0f30d;;;;;;
4af41a16e14dafe17f97ea29c2f7bdc6;;;;;;
0a2996842f8781f16cb1f28f352e1dea;;;;;;
73fd776242805cd3a636f9de102a43a3;;;;;;
77db2c8db300883b9973985b06bee4b6;;;;;;
d659b29fae1731a4280d56f551b6b558;;;;;;
2653c54bd8c0268c881bc8951f3dcbac;;;;;;
579e8e6bff05a6e12a4129ac3c346723;;;;;;
da2d7560f953df27d348bf94ce2e2b90;;;;;;
699ef492960916b8131b11a371122c86;;;;;;
d53e48e7551515a9e2c42e07058912ac;;;;;;
0df25dfe7c95df8bbeba84dcf71e340f;;;;;;
cba57e40e0f9b530fca3276a0c7be2ea;;;;;;
8e6b214c89e02c37de3278ab3ee9acd5;;;;;;
2a274a7e322eeaa825aa056eb513c9de;;;;;;
8526bf2979ebfabff421b4349ce9b9d9;;;;;;
4a1b213a1f74f39b74fc50e2e02af252;;;;;;
27c85aea3283cefa5f90d94bb518c469;;;;;;
051509f0b9bb1fe3c954dbfe6aa3e8b5;;;;;;
abfa0774f63f482457fdb9bb3b9cb634;;;;;;
3b39b1073f1330b86cae0e034c96c56f;;;;;;
5712f08c98dbf28dcc9a5604884ad586;;;;;;
c32c96869493ff5cb9deae18bfc8d37c;;;;;;
f34e56560ed19d1d9402a62b1c4f8b1c;;;;;;
a1b70fd45afe215e57ae78b6ad1e72de;;;;;;
9cbb7bb52eed6db8b2aad7a2eb338489;;;;;;
33ed4a828b470e3c6ce5c6837ac42a13;;;;;;
8c4a0f34be4863ea1aef6ae3b1fbcea4;;;;;;
b639b2d704a98f45af4a517560a3e194;;;;;;
fdff5d103b5fdd54973c7aa76d986775;;;;;;
c6c6b82deb7c8385ebe09061bd814ce7;;;;;;
3cc03579a433907149935eb515f3dc94;;;;;;
65186abc2205a1ffb01bae4825419d74;;;;;;
17909b3632a0a7f3753dff382c5b0fe7;;;;;;
adae56a7de8cd3f9721da1d2988da6fc;;;;;;
fec4a7a7a4aeae173443968d04a19101;;;;;;
22469d4ac277017839a1832bb57dc52c;;;;;;
582d3c551b35269e91d6f53ad8ee82f7;;;;;;
37c8dbbb763d73981e46efa8d5e75c68;;;;;;
4743bf60c74a50265a8942870dff11f6;;;;;;
fb586fe8a53dfe6306394c0f0d9a5751;;;;;;
8b9a558f8cb147e055544e00f6e2c308;;;;;;
a3937584ea10ff87cd76bfd0f8ac7d4e;;;;;;
2c2fc2ed3b4850edc222693d4cd2f116;;;;;;
b7b97200764e798421fb94a5341a2dfb;;;;;;
4be66617f92481db40efa5bd9d8bc6b5;;;;;;
757b0dcca1d687a1054b32b68e964356;;;;;;
4cfe82272e71f2dd2932fc480773062c;;;;;;
461a52338e7650addb292d3a9578bb4e;;;;;;
70f0b91fc9e7876d0c11ea0612903d1c;;;;;;
23f14714922c29d2ec04bc8f15a5fa1e;;;;;;
55213e53850f85af78007b6012f9b5fa;;;;;;
490bb3ada232882988fdc20a06403682;;;;;;
b823f2f659397970a9adc041039afc99;;;;;;
7fd25646ae2b5493accd48c2e96a4edb;;;;;;
0c1570b9910ccc45f591c6f6b5d217ef;;;;;;
e32b7ce92409d745b433c8dcfa05e1fa;;;;;;
428034d85c2dfd2087ef89e310e8ecd9;;;;;;
952db7ccda08b8bcfbff1b0b7a917142;;;;;;
91b608a2227d0a287b70aafba718be3a;;;;;;
33a8d125acc95caff9b285c2563f7e0f;;;;;;
575dcd8cd8170a117dde5c6d50ba3fbd;;;;;;
707531f5399cee6e4ef69c5b00bef800;;;;;;
0f0edbbf7569cba1b92c05115670f9e7;;;;;;
8d4cb0b66fbb19c37623501869eda1ed;;;;;;
816f3fa503043372982d4ba4cf68d65f;;;;;;
6f39d9e726e8d272eea03e540d3a62a7;;;;;;
f34c3f868b9796658b3b027002b09adc;;;;;;
37c3c3c5b1bb3523871d072cc59e6f20;;;;;;
bd5aa85fd2152d2b87f2be110623898a;;;;;;
549c7f8ab63558f611f9f6af942caa4a;;;;;;
4928adba5ba6f2f7f8e5e5408232cd91;;;;;;
617c5537ce9c80b75211cd4d809f5edc;;;;;;
b492f96f57f27c026877b271986afc8e;;;;;;
6c3791fe88fc7899954813360f918559;;;;;;
b4eabf3ba6db3f166f1b73313ef0a083;;;;;;
4b39b836a9d83e04e6feb22cf61ab038;;;;;;
9ac2a88fb4e5eea76d57a6ab9ea80344;;;;;;
505f4573347f0d283fae2627fec9034f;;;;;;
9e5648ea74b6ee550f5e558384344aa1;;;;;;
bf0238328597ddfa64bc96d100b0c769;;;;;;
8f10a0dfa47f1125e82877a959ec75b1;;;;;;
c6b8fb5723700d5c16c0e7388131becb;;;;;;
57cb09ef5a61696389658b9746d32305;;;;;;
f9815f5820667c1f872db0ff909f938c;;;;;;
264b26dff6bb3e5dee79d54cb06445e8;;;;;;
1d6d5b70708652b6b3c8763d4ee7864c;;;;;;
b40cfd241b06d3f853a63e835f539ace;;;;;;
80439c42abad4cc68c6d09fc6dbb5e92;;;;;;
bd52a358c573df9b8f191e650037442f;;;;;;
9fc29648432dd499110481aa44871af2;;;;;;
0399b5b9befd16c8fbe525e3b4c3ac25;;;;;;
77ea8a2bdad79822f672b6db9fd60377;;;;;;
6b7165d5343a376a4e8a5858d1a06526;;;;;;
df5139f83abe1b7f5000af8f9b8ca7d8;;;;;;
b2a8dee4cb7765636cc436b58bb7273f;;;;;;
e071cd576de2abde5bd6f4e00b852d00;;;;;;
d2cc82b60ac073b264514680b8538d7b;;;;;;
a1c377ba428cab962bdc24ffa5246c41;;;;;;
871343dde0016f456da720aeb24c7137;;;;;;
ec9c0cd93acfd4b1d264575b9b4270d7;;;;;;
9ec4dcab71a63d2ad721370411a4d114;;;;;;
47901ef225da1824f4fa5553bc212bbc;;;;;;
b13cb32ab2038044a992baa622698381;;;;;;
ae0c062d1d5a437a8d7ec33fb70e76bd;;;;;;
1740d8749423d6010b8e502c76622ab5;;;;;;
c0f194690abb77a3ef4fbddeb523d56b;;;;;;
c89bb056f7711fd54f0dc2f16e2b74cc;;;;;;
f3565baf51722674e3fdb46824b7756f;;;;;;
9bc88b5333a9e906cd592ccd23740c0c;;;;;;
351d1bb1822d549e27e392ac5dd3ff4f;;;;;;
b5a8515a74dc95fd91f81047c5e48fc5;;;;;;
2af1dc298339ffef9d9b7690b8dbf0e1;;;;;;
08266f98ff9a015b5f4e02cbae46b90f;;;;;;
5d3b8a77a8d708929ecc80f9c0d56aa1;;;;;;
efefcfd144add9defc579949bde139ec;;;;;;
a0a6fa54a45a16f661f0d2548e7b7a5c;;;;;;
608e564b5888dfd6ae1f87e59c75a942;;;;;;
4f7902a5638ad6e072cdd7a61e269f5f;;;;;;
347c39a3fcce4ed3cf7f7ea872141305;;;;;;
66f2c9bf1b35449ecfd64566278ac72d;;;;;;
a083f8d46545dd0c6762524e47c43bf1;;;;;;
1a545a4330f043476768aa67f995b562;;;;;;
3710409d9ab6dd442695f465357aeff8;;;;;;
32c9be607bc4645c92bae7ba88da40a9;;;;;;
39c6a4b15355ac19500087581adbdd31;;;;;;
6bb4f64e86debc3a696914ccd00e7fb1;;;;;;
6f52d9dc21027c3acb9be0db73c4dc1b;;;;;;
b92be45a8414b47cb9e2fe943b07c180;;;;;;
119a44896d9ba268a6e7e13dc5f4f60c;;;;;;
f0c2a5effa121e2a054954cef9f8451a;;;;;;
50c24f2c64b3471a9daecca3edb48973;;;;;;
fade459d7cca9dbed6b11550c081a525;;;;;;
8b491cb7c7ff2b1405d920fbf504d199;;;;;;
811818de325e2dd0dd7ebc4a86236312;;;;;;
61860e23c6e37bf9d6aee55530fa2e5d;;;;;;
a71b4abd62ac5681148a8799c99d8d09;;;;;;
32c0684f7fd7948055260895bb1f5cb2;;;;;;
7545e2677347ca45d7e29f5f70122036;;;;;;
dbc21d7a6d88a2166a9b8a9d5bc1e8b2;;;;;;
336d200ee270733a8705014859768bb5;;;;;;
03d04f1cd86cb88807e06f24802652b2;;;;;;
8e0363735e8dbe757b070e304a0345db;;;;;;
3b9be581db054a573c0a4ca293b9bc2a;;;;;;
7b63dad7915702d3729fc8f7df92097c;;;;;;
c49fa40f47dbd221efb619e94804fb41;;;;;;
2d76d15682cb613d53dd1138ace02c52;;;;;;
497c8af78b3f20dfa066d558e0472136;;;;;;
1d976a50c24d82c7036e6403161167b1;;;;;;
2e09de3112636918755c51e7dbe8957d;;;;;;
48024b9a1264c66996745a12ce5dafb0;;;;;;
cf8c010d692474ca9325afa3d7efc660;;;;;;
a7097c135996db372d3ee03d7dc805ae;;;;;;
c0907e0aca0fad94382097428df580a0;;;;;;
6e000c7f07c776b1c5761f86c070890c;;;;;;
60947385f2036efadc0823f7d63214ca;;;;;;
c8d2c0d32c9f58a324ffc92fa13b0013;;;;;;
06bbb64c7214d76e7cb15e003c5db7d5;;;;;;
de4e00dd587775f495f049b394f3e3f0;;;;;;
1b65f046b3685f14a6d6596a1025ad0e;;;;;;
6b2d478859f3356129ebc0905ace989a;;;;;;
89c7e8a50da275e5a2bb563ef65a52b0;;;;;;
915b1e44687004c9b6a94488910dfed6;;;;;;
4448e1e37caa96e0cc5b6993c77d929f;;;;;;
c62a116ead166bede829f27198bf18d2;;;;;;
228ef8289f2153d33ecc16247f5adecd;;;;;;
a8f37e7fa6b6f7d435fc896ca8753384;;;;;;
3ebfec5f712ff238662e6d582989d876;;;;;;
667bb910061e70dbd08fedf7df15646d;;;;;;
e0135c9f42673b7acbcc5ab8a1fa677c;;;;;;
23d3a48f80cec1c616b82d8a5c9e1d08;;;;;;
1406671d75e34f674eee1711ee11df09;;;;;;
46bc2fcb602a647704174f52e2016b56;;;;;;
d532cb36de4e1e36e671efcc78927312;;;;;;
c7a7853293dd26f95c4a4f76775427c3;;;;;;
303b75177875d9703eae8d88f56b66ca;;;;;;
191522a68c3be89964ec8ade2729f4bf;;;;;;
7c7219c0909c35c7e0d1af1c6e4bee16;;;;;;
a3c7b723a72c1bd64aaa3136f9fd1076;;;;;;
d7aee11a4ecc75714475b3087bbf1d3e;;;;;;
0d528062586f2b259cbfdf465c3faca4;;;;;;
726479260221c77c3213328703ca282c;;;;;;
4cfbc3b75aea0df44a385cf4c894d2c9;;;;;;
1c134aadcc47615bea90bc52b57a4f01;;;;;;
076ad1d21b308d638208b20e892da5b3;;;;;;
d2fe8a1eecb3d4458f997ae68c6ec9d0;;;;;;
a44d0f3db092d842eeaa8a452060ffcb;;;;;;
aa36ac49b0fd8b7a619d1113ae670570;;;;;;
3d3db12730f9fd164014d1a8da1c4212;;;;;;
9ca87d54a570f73a99d368738400a417;;;;;;
f70e82a972f00f2201fb55985de9c0a2;;;;;;
b9e4fd01dab0c16544bfe5af3aeca336;;;;;;
1b6c32a22ce8f07945bc41b42d2d2e9d;;;;;;
5b989efd8138bf0bb51663383f808cd1;;;;;;
977b3a45c90dc8c26ea42d3417142266;;;;;;
fec9f28785d2888e1abe62802b8c9e74;;;;;;
088ab73b19ccd071cc456dcc53133c9a;;;;;;
00a1a02f95323f4510bc8f52864ab5f9;;;;;;
ab4d9b8ed25580bd675db5089e088b11;;;;;;
c6b461c749a9acbf1f63abed365ef67b;;;;;;
8bbe95b318a6de3a0adaa168856a7e00;;;;;;
511043d25dbc2f28a23d5cd7d765c126;;;;;;
0cf7fc89fc84d6de5c475f56602d95b9;;;;;;
8ceee5c1f809ae4c94728cfa8545891c;;;;;;
bd97e83e6bebd1150b71274c67c18761;;;;;;
a70313a4628ae95f66145d9725042407;;;;;;
be3bbda211a8a1ca387ccb3ca0348742;;;;;;
131f3ddddaf16a6deeb5b8b5a23924dd;;;;;;
9c3bc8a4342ea5c23ef4d485223abd87;;;;;;
bb9fc781d2b9a53ff66419c6f555ef3c;;;;;;
34eaf7865ebe3c11eb12e0a010689458;;;;;;
9c2e8756d3b5502f01fb7d7bdfa2039b;;;;;;
77736e6388aee774f4a40254307c70f1;;;;;;
ce67a63780ddd5a82b3831949b23b0c7;;;;;;
42f600f48500009018364e6103568c6f;;;;;;
2865f8c4964d0ea0244fa0802b9cb6c2;;;;;;
d2aecf59a18af0276e7c2c05ae414ffb;;;;;;
c9d1163a9f197dade6697c0b847d83ec;;;;;;
afd3dc1d30eba1b99b428321b7449623;;;;;;
5c7329d7546aebee7ca090fc222d60c1;;;;;;
84e0448fb82599ae8c2d7e2152a05f5d;;;;;;
bc336bc3d50996a3c170e6121876f1f2;;;;;;
c344196e2357037607fa4c9cd2250a4f;;;;;;
8193426a62e5dd14d06a9112671accef;;;;;;
56fa0133b52c02d91b0d21b25eb2e26e;;;;;;
f94fa0d619eba38118ef8562bdb8d93d;;;;;;
e710a80b9371e678aaf4b11f7d319e7b;;;;;;
86da0ab791f753f0f34f1333cf3d555a;;;;;;
d0ab8aff829ebd55d8821e5fc8d276e9;;;;;;
86e1561a371fd8fbb7293c49aa9c5f79;;;;;;
c119789ce148de9383d3841602985166;;;;;;
f746242c429b2047ba9eccf7c6fa57c0;;;;;;
6f85e3be38a0e6f4a5f5c3d04de7676b;;;;;;
a30c75670183fdad62552442431b3b7e;;;;;;
0f7e62eebac3392c4630c0fa7eef2ae5;;;;;;
6227879904317b37bc560748587031a5;;;;;;
7b45681e54dcb76d8ac84c8f2e0904cf;;;;;;
cf9b0bbe1fbc773799beb724503c72b2;;;;;;
a6fda6e6f9f2b1044bafa54e7be9e1ff;;;;;;
e577b7a443248c2c225cd6187606b67f;;;;;;
35c72fef4d98112ad2570c2443e63481;;;;;;
dcc97e2201570d387694866a1f236a15;;;;;;
ee9a624f4dc70e1903e42ea54b688200;;;;;;
8b22c620da08186b3e3d1b8696ca5c08;;;;;;
a1db764f99a898799defe92f47d7a175;;;;;;
8b96a9b86d77e3137a8a4e862249e746;;;;;;
591360f1b00e0b354fb53ef7b51ba0c3;;;;;;
cdd8ccd732fb1efc081ace131c8a8603;;;;;;
7feba9fc8ff96665222251ff9f6ed63e;;;;;;
8e76513e2352db27919663651c8bfc96;;;;;;
81c22370fd95af7753b641e62a599d47;;;;;;
b86602b4947fe5d86262c1aefb53e953;;;;;;
ab954fd2304aa97919cfe78e29e635e2;;;;;;
d785884d4a54c1122ec5c12713d7c302;;;;;;
a5f5c5652e8aac9608201c96a6c8031d;;;;;;
9388f06fea7ff2629621f2017ed0404e;;;;;;
a884fbf2dc0ab6bc1db544bc075e92b4;;;;;;
872e9683677f5a50485ab8d9ba0068ac;;;;;;
bb8f64d3e1bef1a2f5e127aeb500d3ff;;;;;;
38ace6f30723519becdcf71af7eb8a85;;;;;;
0108c06b71c8c3e2ee250c75974893f7;;;;;;
43a73dc411abe1719c172bc4ed49479c;;;;;;
55b778bc5d7a7e5191dfb8964654d367;;;;;;
bf5a47b72423030804c9dbbeac8fd7cf;;;;;;
2566a6c73477d1b8f46ba1adf66f9a2b;;;;;;
07319626147a3cb8cb54779a54512fdd;;;;;;
68a3ef625eb8ef72a8f03a959a840154;;;;;;
0f8131cf3316f3dcb423306ee372fd00;;;;;;
5e0f5f1d9628380a82ffdf2abfca5a0f;;;;;;
1d471844e59d716f144d06bd46213dfc;;;;;;
ed27bac830ea344949f63ac1cf3af091;;;;;;
edd388ba2646d0166d284c4f57ec82e0;;;;;;
7e5e069f852fcfa040f49ca811d562e0;;;;;;
79476e36b28e090ce033764abb319c15;;;;;;
9e3e9be372a6f4b2e487e175b84f4107;;;;;;
0a3d0499799b4b22e039d04f60d5d846;;;;;;
d2659a47c16ebf4d29987748386a3176;;;;;;
6ececd20a2bc7be7363fbbfe640e2e48;;;;;;
ba4c21fb79c29cf7bfc2d393f1bde6ff;;;;;;
ad44b0702c14287f015db20b271cb386;;;;;;
5d05b610fe0e1a959419971fde5b0c06;;;;;;
ea9802d59bbac375bf46b638898215dd;;;;;;
cd1c44931fc67b253995b362ea7e63cd;;;;;;
e7feda031e202a2feaddab4a7ba6af85;;;;;;
ad67a373626bf4edba645085bd45c9ad;;;;;;
c58e8a92192c79396d7c3dff0fa48c8e;;;;;;
4c11d1059db50cc401c3592a2b675c2d;;;;;;
7766b2a054dc0adb6218b44f41e0bef1;;;;;;
4fab77ae5650036bbb610c25bd218f3c;;;;;;
e742abdb2a8e353bbabef76d51bf6123;;;;;;
ac7ff2f44707fab251e0a25be290de3c;;;;;;
c2cfd1a0270928ea3c443db8bb70d0fe;;;;;;
4a055b26d34f2144fdbc3d3670a5f8a0;;;;;;
19b65a8dd95281ed49cd304d4e2356c1;;;;;;
2afd967a30c591224bac0f34032b1911;;;;;;
9a78607913b113b7d2000868301cbfff;;;;;;
e67507734540f9d5dc6ba9e79b5dbbef;;;;;;
d4e81ae4909c5d0207e8610d93ae2e52;;;;;;
2a7b7a7dff837325697e7e22be41431d;;;;;;
0056989c81d0c7ed96ff3afadbfc5f2e;;;;;;
3d4def5619ad69491d4024e1641bf4b5;;;;;;
35b3274969878a8b1aa712c2b58a83a2;;;;;;
c04d9bbfa8bc72b546ffcc160e5c9749;;;;;;
15e3e83e18fe335303f314e61b5248ce;;;;;;
912a397f303344ba2564b6253b7a7941;;;;;;
768614e13b70e03e82eef2ee82fbe9a4;;;;;;
faa5b1c8fd15f11ce648a32c1ad11606;;;;;;
d906b6e0d908070b4aa145910cf30102;;;;;;
614c1aa00aa0efafe377253198312b30;;;;;;
7faa2b0fa6dcd9d17103a14150f1a1be;;;;;;
ef7307e60b4d95bc9f1dd8aa10885c0f;;;;;;
be4fb25fedc626624599a3340acf1bef;;;;;;
efbf0607bd98af410f8f36de5d630e26;;;;;;
e36fe4bcc16db8c7b9aa9265abc1727b;;;;;;
a700875bc66df53cb64d9ae023f9f3d8;;;;;;
24025ed2a99d47dfda8575e226132c04;;;;;;
158205f7a694b0aa72360b8ac2725c0f;;;;;;
6276385aac34a41d0d5e8a69b0f0622c;;;;;;
c48976bafa1b283c4e25838b6a4e1679;;;;;;
e05b49b5489d3a14246dbba1e1302bf1;;;;;;
dd74e2a17e90e47e99adf73e0b0eeafb;;;;;;
6ef8a2889d1d9cd5ac0e956997addfb7;;;;;;
5802bfe3e1fea4c3b94604e13a93b9ca;;;;;;
be221a70a755a3453c60c6f456bf8205;;;;;;
fbc7fa791673b84a92b6b0bdbedb0f5e;;;;;;
a9cb618cebc59e0ccb13a3cb1abd9062;;;;;;
57b659cf5adf353e2c12ce04dbad279e;;;;;;
85bdb3572346ea697c6be4c1aa1bd01c;;;;;;
0886543596b059778f7a51816161d57e;;;;;;
d18c31373a114627db611f077ae7fe73;;;;;;
04d5b224a9c0b663092e9403195b5e32;;;;;;
bdbde90696459545ceb79c064b25145b;;;;;;
824baca52be3e34e09ff1693a8b55043;;;;;;
7127a15b16835342cc319accd3cb4247;;;;;;
8a2ee160fe6265b5c8b95f6dd2f4b17f;;;;;;
429a08db41ecbab53b4d7995b0e41d50;;;;;;
894ca209dd4826dca20fc877266f5ae1;;;;;;
db02c1a9f20e064a17ec5a5a7f7c0789;;;;;;
747ad5a1af337911664304188c08e74f;;;;;;
b38f88319c8fd5c324bed4b505eec75e;;;;;;
e8192d49def88735ec6fb2134d79b945;;;;;;
4eab562f4cd3bdb60f6c22e99b63a45c;;;;;;
5f9f72a49d9315d3a12775ce8c8cdea2;;;;;;
f2725fcd2cfc3e971e968cf78b45fd35;;;;;;
8975f894d1dd74629dc221d75d3eb395;;;;;;
3e1ab2e563dc32e50c9d5d3d536104eb;;;;;;
28a6d492f238dd9bb3c7cb282fb90f56;;;;;;
71ea143540c96086ac680f20c76b42f7;;;;;;
931ce25f31845b6c73dc663f181496a6;;;;;;
81a280f8190cf0ce152b245e03eefad7;;;;;;
98577298e552728d46fa481f447e5de3;;;;;;
4b9a5d28f3ff38ada705cf476adc39a5;;;;;;
3cf9822ef4621420bfb75b1441018931;;;;;;
0a14bd613fd3496eca38e5e0652202aa;;;;;;
125cc80a5c6ec6141669851b22b13f3d;;;;;;
16747f49df1fc2ef2e751c0b8cba80cf;;;;;;
86408ae8fd425f4e18b8cd9717f0393f;;;;;;
0691378a07795451f3c855604dbdba7f;;;;;;
11868d40392a5d18f9c22919d0239c7e;;;;;;
5637baa4a85036456071e2cfd9a7357c;;;;;;
49d7379ac8da0ac4714e46b753b6e274;;;;;;
d74142d33cf4ea199aaf91289a35cc53;;;;;;
7c926376d66d7bd1662787f9e908d1e7;;;;;;
5dd8f1c283d6f6d3c52147e198ab6e84;;;;;;
f528ee073fc293242d44ef483ea5cbf1;;;;;;
9c65794a56db45041e58da84bb441a7a;;;;;;
7666d2dad992b07167a981f2d02ceef3;;;;;;
213d0d37bf4bdf3badf36fd83bbb5e4f;;;;;;
7da6d5fecd2daa03aff7c5d87aba94c5;;;;;;
c1c4fc64e8eb5b5cd0a781bf6fbcad1a;;;;;;
9b893f587f7ffd3b54afe4f18c63d7bf;;;;;;
0229a2bbe36624b37f57ce24365b8584;;;;;;
54c8b488ca017a49e5d2ba19d48bfe41;;;;;;
252e7e2f7e584ade411ae0cb196825fc;;;;;;
45dc4bd4e7c6d8730ad26f64da2fe125;;;;;;
517fef260c8038bacf43f83a54a07d5a;;;;;;
02d2230b73407e26d7c11b6ccaf2bbf4;;;;;;
2d64c3e5c5f60659ee9cbcf8da133495;;;;;;
426e5c47d843bde6eaeee8c8abe86d97;;;;;;
ce3ec8a40fb381abe45042b54b841ab9;;;;;;
455040521c5e93cf4dde2730990ed207;;;;;;
b294cf1061e7a8e6b8a1c87ce69ac3b7;;;;;;
da4b22f91e2e773610dbfdfa32675ed3;;;;;;
cc5bc17d82be16671333f06d7c004d33;;;;;;
d7f8f70bb0b77b9934033125449c3c13;;;;;;
c272337af68ab5100f86266614d97ad8;;;;;;
3918b902ac7aa9ce2962adcda2154abd;;;;;;
a41dddfa93efbdeb0d3cf192c4f17385;;;;;;
6c48bb57dc62a6933d48e3552a1614c4;;;;;;
c0904f09cac2943004d7e8bb9f5ffd73;;;;;;
cd8926238513f7fddc90e3fdbf4e95de;;;;;;
d86efce2e210d614d2f94fb036fccbe0;;;;;;
b3a78846e5064d4e43f2af8610532d4b;;;;;;
d0fffa011c7f2f8670e431dbae4b3bd9;;;;;;
9086b3b697344a4cbd6c17e9da06cbad;;;;;;
49de1f97abe7477eb4d201426131f9d7;;;;;;
f62152c36f716a2769c73b45d089f428;;;;;;
64163f06ee6bd75cdcdd1c7eed40556e;;;;;;
86c4545f5c1a759acd9f55d96df384e0;;;;;;
591787370524e8a829e81c1665418c54;;;;;;
14f9fb8bc74cbbc95e5e33479ec1455c;;;;;;
779567008737041635247b190565203c;;;;;;
c2f4084d60c80ac218124c006793c8fd;;;;;;
512d3e7e7c277cce682248c4e7819c46;;;;;;
3607d8f148e33ae26b040e16c7e8925c;;;;;;
0c865c3e94650bfe07421b0aa02c1f5a;;;;;;
3e4443f3755eeddc666c312baf8d619c;;;;;;
7e7776209701fc636a2f993cfdedefce;;;;;;
200914d57452e17a382ed6d4e872a664;;;;;;
f5e88e4a17ceca2768ce7a6837344a66;;;;;;
f05a2abf84f4eebe88b2220bb49df30e;;;;;;
fcf2ab43648f15f8f37d801b85ce499f;;;;;;
43d922f0036242447708e76670bce5ca;;;;;;
e7d1885374b8584c2815958e710b287a;;;;;;
a04ef7ada9a66767c924455ce0808837;;;;;;
7bbac76a5c5cb38ff48ae68b7fd5930b;;;;;;
76451e1c4d8686d8ca34b49e336758d6;;;;;;
b21d46fda444642f29766982a462b868;;;;;;
9db3aefe23b8b533b73bf2e9a2a902db;;;;;;
f93c90d66e08face3d1dd945ed5727ed;;;;;;
5376ff4c78aef9931de0ac610a0a8aa9;;;;;;
c035d01719c01f70b4051b547236a7f0;;;;;;
0d2127877b1c106a8072554901bcc319;;;;;;
9e9199635ba29cd57c7f28116353e35d;;;;;;
06fce13661304633f502e338c6053dd1;;;;;;
933f81443aa2180c9346a2f5789bc8aa;;;;;;
340fc3d264173aaf5d616cf29b5802bc;;;;;;
db4eb39b26982c5669a527ce967218d7;;;;;;
a56693754ee108c80ae4db53729e7166;;;;;;
ec06b5f43d0810813dd1019d8f76b329;;;;;;
6794e5c1d42a6d2e96e3d0938ee9987b;;;;;;
a4973cda5c68b0cc31081a1d9956d9de;;;;;;
d6f55791c4b79f020564ab41252d94be;;;;;;
adad652b6e1a504e5050112a54627497;;;;;;
1967142aa1e715378edf325487282987;;;;;;
1ec1d5b8ddc5b81ff35d67999a4df0f3;;;;;;
5268ad18319fd248655d5a9dcc80ff17;;;;;;
0719c388741238387b6f528e2db26b85;;;;;;
9622c01e0a310ee2845eba5b2dffd447;;;;;;
711193bf7c7cc79f650fec7a97f12573;;;;;;
3679cf91d4d03d846f6b9431cd8f7eb5;;;;;;
58bb3c9049283208bc5e57567786d35b;;;;;;
d8dad851a9bc1e30173337ba3cc88038;;;;;;
c9e53a881ae75f63b1e8abd8d4806ebb;;;;;;
ecf5c15144fda0bdbbf97c8fbd2f2cbe;;;;;;
63baed484083c718336fcc6c59608b47;;;;;;
dc3831a058fa905d7e40146eeedddf75;;;;;;
a5990483d88490dad0448d4afe74fe02;;;;;;
85d2ca178ab409d58879ad7c929a3171;;;;;;
5d469e9f9d27ab6861c88b19efb7aace;;;;;;
0207313a6f1a99cf50dad1f910a6c2ce;;;;;;
120b8c43496f2231793fa2654811805a;;;;;;
34c3acd4e582ce84275563e9c0244f11;;;;;;
db48770de81ace568d6cac60fc35d255;;;;;;
4abe4ea7276f2314e7dff44adcd7d0aa;;;;;;
8afaca26f06de4749261a0a7b6b4e942;;;;;;
29365df964e0ac02fed08a7cff165805;;;;;;
d31ec03f805ce736618ecca3d919014b;;;;;;
26ae85140ac64f30d37edf9038f2e6df;;;;;;
9ace4f644356d7059fe8c52eb9fffc89;;;;;;
5bb3973b2996d0aa5e5764d728f2b131;;;;;;
f11b226ab9f67abde9f407b20abf5d3d;;;;;;
dfc348a7410c6fd62a51c20eebe081b9;;;;;;
5bf20603db0322c259c5a42e97b08656;;;;;;
7c24434a430d4bef0db998e1147c3748;;;;;;
f2afedf9cb1814b00ce6fa81351a5efa;;;;;;
ddc544246eba35f64eb9c6e2dcc355fa;;;;;;
9b944e36fda187edf84eba137e4a03dc;;;;;;
9dfc6f6d40a2e2537db26f22318e0349;;;;;;
349d4307b78e9a62be315401627878fb;;;;;;
9933de4e00e5ae6a53e84b29ce21ecd7;;;;;;
4f0ba225fa6be47d0ecb552048b03594;;;;;;
1ae7446ae95fcfb1d54d87f822d4383b;;;;;;
a0bb500116316d88cbae544ce74609ee;;;;;;
5ca757bf7bb63b658145407ec2b8212d;;;;;;
ba895bb451d9e6baac06d31e21eb706d;;;;;;
51303c7b8c4077fcf63fdc72983d5a3c;;;;;;
938665e1ab77928eb257ad3ab200ce05;;;;;;
ceb8d40ce91c1046d7a7da76d915e667;;;;;;
191c97e00cc8c9fd5e50cddfcb48384c;;;;;;
5eaa95a05aafc1952d6b7464398aa166;;;;;;
a225ff6f5da4c6adbfe2ad78e827a0a2;;;;;;
bf85dfff1a75788e827d5da0ca27b640;;;;;;
44e4ee5fb1d08d702843427b66906fe5;;;;;;
badfb13751786e6a33912c40fe44f194;;;;;;
4fa5190477784e91f4f304a0e1e68385;;;;;;
d777b1cf29b1cb06bbe29f2b7a8b0a30;;;;;;
cc0ae9d3c70ae7afba3b47aee127405f;;;;;;
43906a256bbd6ff3f5df30cea3fef1e5;;;;;;
e1d48203fa6772968c2501dfe13e7ab4;;;;;;
514508a2c774b91a8c47e4deeaf7541d;;;;;;
cba0af6897980472001053ebdd6dc5ba;;;;;;
afc86d87c111287d6af5dae6c744d177;;;;;;
b15b43c31f85e89a9b534d0a567239cb;;;;;;
84f9951ae228eba0a68f43bde585985e;;;;;;
a1a4c7760760254d2403cd120ceb588a;;;;;;
e66fa12978c666bc5cbbdd58ca7a4c86;;;;;;
4bd76e81015e731d6aef0327a795a363;;;;;;
f03a03e78a70775043eb1c977495b20d;;;;;;
669c2d8bc8cc215c8ba85b1f642765f5;;;;;;
95522aabc77360322808f2acd05bb4ca;;;;;;
a3c1bd07a343090f66ea23a4dc96844e;;;;;;
fe3b90863aeb940ac9dded7d4f8e5777;;;;;;
cfa16a1c20b2e00dd093cfd8b609a55f;;;;;;
4bd2f90da0662f5f6e9731849731e483;;;;;;
9db7de427485d4a2115987b0a22125a5;;;;;;
0b45dddee8ff25729a32dd5edf1ebdb9;;;;;;
468c213e2aaf2dae4f50eab8dd5f781b;;;;;;
82c4e1165227c4603b1b5f23a8fa8744;;;;;;
8bacc5637fe12dfe9534cb2001982248;;;;;;
625a201797fe72881b130a1e4d28caab;;;;;;
0e83d7ca724969db3722920ebe8cbecd;;;;;;
d47716ae8eb011ff163d6e0d4261ed9e;;;;;;
c16c983e9e412172f0e1f443447ea662;;;;;;
9a530664ce33102c13c45e5b7634593b;;;;;;
d7b989fe8f4f70c0dc0bbd5d3bc7395f;;;;;;
5be43c395732bcdf6ecc901d80ff5e64;;;;;;
ad0d9a00093d9d12900ccd6f6b05b500;;;;;;
3623e6e695c41f0b6f087a4952024d5f;;;;;;
c4c9528792477407a3d18bdb6ff5c8d1;;;;;;
6c50053aa4621efc7a1fe4c743cd3c3d;;;;;;
746b9e0e94513235d9200290008d0645;;;;;;
37c55ed1f750f2a9cadede28276d2b77;;;;;;
4a834ee1f1a3a13cfc3d6143fc600b10;;;;;;
0e6e6a90ed1d3487d959f78e6810748d;;;;;;
c5b97babdbbe8fdeb1360add3a5d08b9;;;;;;
a17eb0fe9f03f87ad68dbbfa0e27d8fb;;;;;;
727870fddd7498c65786c94d69f35b0d;;;;;;
c4d8b279eb7b3a8cd7d8539750641852;;;;;;
2b116635b76f90fbdc91a3629cfa2207;;;;;;
5064682e893604d50147488cdc636e90;;;;;;
32c405a6d3b5b08c72e9e41207e066c2;;;;;;
c1a5c574a10e78eb6955493409bd92a9;;;;;;
41fa6cfc7071d93a6fd49079b8e10c67;;;;;;
6f60b59923b51ee1781dc7768b3a324f;;;;;;
ac440ae5988d3d9aab71e32b962bb098;;;;;;
7da82144d1ffc17373a45bffa174cbcf;;;;;;
bcdb80b5ea6efe97700a1df81204234a;;;;;;
2cbb289e21c2b3010575af001af6851b;;;;;;
ac946fd89ed423e9fa965607f940b864;;;;;;
db525e460fa1ea54eb1788a56f051626;;;;;;
f638c4a3a03667ac41901e28908b95e2;;;;;;
adb0e16a5a722fda112ba23e407835b8;;;;;;
52b1df24aebd6d54e807ce0d9831484d;;;;;;
8679c82e1aa6b77ba861b0e16f07893e;;;;;;
a1926d11368ed5368f8efc1da363cbc9;;;;;;
c830ae55358bac679412c2f096a87b48;;;;;;
8d3726981b88c9332ced07062264f738;;;;;;
7af04ec958997b56b8ab313bcbec7cb7;;;;;;
788e7c2370d436e34af90bd905d1e419;;;;;;
bdbd19565ace755fd4b586735bf2b59e;;;;;;
1b008ea5de3627b6a076319de514169e;;;;;;
0871177edef23026ae88a30aff4da6cd;;;;;;
9d88ba5df3b427a543aafb90d24070d5;;;;;;
f64c1a595b4dba9b7fe8f02f6dc83a48;;;;;;
6f8b443c6554ffe4058115de641a0858;;;;;;
28cef1c9289e751f1d71befdfaef134e;;;;;;
d33028509617047e96e4648fd6b4b9bb;;;;;;
50a3e5fc943bf40d5d3bb45d8d13131a;;;;;;
66f0b4d612ea053acfa61c51243db956;;;;;;
947bad5a124effe54645b1247a2d2ba5;;;;;;
8830679c0a42ea86e7d0f0653166b6e1;;;;;;
41c44dc37211b0578b98a67609e574df;;;;;;
e6b967502d11019304ea69adaa80714f;;;;;;
4f52a0274c2bcbf37a142a38a6cce458;;;;;;
9a8e591ca4a9bca93ffcfe160287e597;;;;;;
964c7dc0697cb23300aeaef52a97a0f9;;;;;;
c35acd36f7f5dc5d1763f778d9d0a864;;;;;;
135de1cc2527034243e8d826084c3bea;;;;;;
e6c4a22a7e3d7c063d03a23c4c4ec9fe;;;;;;
811edfe65cab851a88b6a5eb96bf52ac;;;;;;
7fccb3d1d30eab04f8af70882590bd9a;;;;;;
c1906d0471de8bba5312636c4ac8d368;;;;;;
ce7c877f3f7104abac9afb5a111e179e;;;;;;
d481438f02940ad80ba9e543087b223e;;;;;;
5ba9912fca5eab52ca1c544e34f14a02;;;;;;
135e6c97aaa834d0636d18df264fc399;;;;;;
50814da954046594bf592d33a0468494;;;;;;
6c5ec396000f8e8c0630c1185525c092;;;;;;
579d154dcbbedbd5fefacd8407901162;;;;;;
c4c3b5f1bcdba3427d946eb69a519aaf;;;;;;
a58b5b385432f9b6e14078a39a51314b;;;;;;
f7fef856610368839528dee654ae39cd;;;;;;
f6da22d84ea2b60782165bd11ed23d9f;;;;;;
bd771df13fc88f12aa6c42a28d33bd0d;;;;;;
3ab4ad61ab00d6c66b0ac2f5de887073;;;;;;
99df3ca2edad09792af88082492f1884;;;;;;
cd82ecf4821e81f96287d9e016a6f52f;;;;;;
f4434bb751c9beb0de89696a6b6ea020;;;;;;
fdd1b61becdb97cfe3ce15a7510046cf;;;;;;
fa29b4f80c278a08698348e32998d8a3;;;;;;
c5184b46f7cebc6dc7522e9549ddd7e8;;;;;;
1b4fa67e6c03889c9d07eb97e45b3bb0;;;;;;
b367043829029a8645cca4a8be1428a4;;;;;;
ab0de6a2b84b3638391d7ddd01662565;;;;;;
16526345eeda84298e00bcbb01e4f240;;;;;;
83a7940663739c195f13e2cd35cf310f;;;;;;
c21aa318f204d9c44a693dcc711c73e0;;;;;;
74942a1f16359353a219415ef245c5a0;;;;;;
bf71d687b961fdf96be322e80159b282;;;;;;
235acf58899f18555f787c94d29f289f;;;;;;
d3e81bf1f04ff7dc795021a2e532d72a;;;;;;
8ed244f6152eac1ce8d65d5ce0927608;;;;;;
f5326493b31908d69bef97641fccdc9b;;;;;;
dc5667fbe85531975ba5a4dfb8caf2b2;;;;;;
783822c810aa3663b53da28202d93fee;;;;;;
fe29eb42e31d137dd48beaa7e332ce30;;;;;;
02211f7e4266c7da9f92c3794f8c1549;;;;;;
d6b189e15f91eac111979481d5328f4b;;;;;;
a9e2b008b3eee38a244e81e10831270e;;;;;;
99fbe4798fd858c9e6aae7ffd1a4982c;;;;;;
d678371691ca0069889832c7640ffb57;;;;;;
daa3d7532e587d2d5c9d64a6f351ebf6;;;;;;
de9fe7ed156ba2e399b9d9cf7d45d6ed;;;;;;
d250696c099165d818b5befda9fb8272;;;;;;
c593da780987972d3d100765fc143a02;;;;;;
2485eedcf521d31635ea04f96aa04026;;;;;;
ee639319a561f4f2cbc40bfc9e3ed2c6;;;;;;
c3532768f7c14660f2c70507f1e73dcf;;;;;;
b76fa1c75e48425b3e71918a72185df9;;;;;;
ecdf8b9bb85fdd535b8257dcdbf40b1d;;;;;;
8bf8fc62b716667df718106b54448296;;;;;;
0cbc392478ebd6f10dfe15eea6e2b8bd;;;;;;
7752f28b1578bbd413c9b5c489865675;;;;;;
ef1b768ab659c83dabd64b7a3fc52b35;;;;;;
2023d3d57261af53a241409fe507002d;;;;;;
283236ceb45ca019b8e1c9216c92c9ce;;;;;;
3f5cd93c06914760cecc6ca3355e96ce;;;;;;
1e3b6bed2d952ef7041239a86ba07b54;;;;;;
6a56192ba446b665ba279acd4fb8515c;;;;;;
1c36452f69d9e3d18018f75bb8cf7fe1;;;;;;
fceb930356324a5328c75de4d09dcb19;;;;;;
67d400b7efdbf59549de6b027f8d2a03;;;;;;
0e0686969e588f7bbf1d2102f7946208;;;;;;
82da2843d9f42c5602b7977f7ce96616;;;;;;
abf6c6390b1ec668e512a1af838eefdb;;;;;;
f8cc44cc981a109c8bc419e15ef6ba69;;;;;;
49e8d7e4a6ee31476b8bd4efb8fcc8ed;;;;;;
7d113779761aab086f504a43357c0522;;;;;;
20e1390a9daeeb95655e198a3f8766d9;;;;;;
178003e4bd24a5a13a0ea2ff8c1be829;;;;;;
9a580b75e700d589c5cd53bece5b9eb1;;;;;;
731cb932a0213c7aff2b548c61e7dd21;;;;;;
5498b7675b914b4fcacd9c6bdeabff52;;;;;;
0f449e8b26d453307956eeb94f39c350;;;;;;
26c9a7ffe7359c99e90255ce969ae1f3;;;;;;
3f159f76b5258aaeaad5d89afdd60db9;;;;;;
a88f6a54ad5c713a6f96a97764ad31ce;;;;;;
c5ea851719c17766f6461cea3cdbc069;;;;;;
907ef0556d133567c2ac4e1da0c40382;;;;;;
21da306893dac96301573ba90f2adfd0;;;;;;
af27bd46c5608b4335bf26f486d076d0;;;;;;
7be1a30344707dda205b4605a2f0c5c7;;;;;;
4e46a64184df1be052e3d12a960386c6;;;;;;
fae25e70d4787279f76e13f27714bd90;;;;;;
bb55812d98a12a891c8830e8a425e487;;;;;;
85dd86512ddb694686ae52be057995d5;;;;;;
3ede593b4d98613e9232033e0ee8b4b8;;;;;;
22542efd3493e6a34325e4a5db4bbe4d;;;;;;
6f9b4d3cf21fd9e9b15b7d868d77a18b;;;;;;
1b7eef20c02630df0b355d786461c773;;;;;;
e0908e1302d3b27eafee1c5bc828c730;;;;;;
7cddf3c166e1cb5d0089da37bb08ff41;;;;;;
7d1afc93bea34e7a075fd0098f4ff139;;;;;;
b1bd45e192b8519552d2469d811b4403;;;;;;
5c96610ef7ed5b9a6e40a14bedac832f;;;;;;
34a66394865e6f08c454692f993a6e7a;;;;;;
b24d71cf603dfc4445dc5fcd5981ac80;;;;;;
4e51a4b68e0d30aa3e7a1edbae241495;;;;;;
0fb7f48e8a1da6d083bd95ea90a58770;;;;;;
4c4c4f0ee48e284820bb2450ff40c83a;;;;;;
0fab49e831b9e7617cb9ad29ff8912e3;;;;;;
2b0f3e4ae3d2c85c402a6fa939cc2b74;;;;;;
c7408cd439d19f030bf813be2be3a984;;;;;;
9007f29784d72f1f7e2939354c49b7c2;;;;;;
aaf5b9772d3e2b493b34a162abb5ab71;;;;;;
562f43a32c93c6d4e58f142af717d25d;;;;;;
ee118d0ae0cd2633edcbf59e4e9a1a86;;;;;;
40cfa7ea92289370520607e7dac49819;;;;;;
110656cd3cfa62c4d218069146261e1a;;;;;;
da73f4c06f38031a9b7447ae670a4789;;;;;;
9034a411161bae6492405b8360bd3853;;;;;;
cf4e45bb2a67309c63780e088072ede8;;;;;;
9aab542d0162864ca5d4c647cd9a00af;;;;;;
3563164ca1845121057cc42e6cd90112;;;;;;
7df9849bd0fb14f7843c995382abce71;;;;;;
ce52c55c0ddf4d971449749f552a75fe;;;;;;
c6140ed2cd9ce4dcc5b7708fabb97ac8;;;;;;
f53cf432096fce8e7390414c4b94188d;;;;;;
022f07e4fb716557274a782d84ab9d78;;;;;;
078d59a1cb9d48d3f76daa8f2ac88c89;;;;;;
f9ba3f9e77e4dce9c9ecad2f5c958541;;;;;;
825d210b58e5e6c6affd712c06fa61e2;;;;;;
fa59165630d35b31306371c6b0bb8b24;;;;;;
81b10296655e01e0b6387af9ba80920d;;;;;;
a70fbb36004a8c1e7f0dbac8305f44ca;;;;;;
539a1e583c64394435fdedb023a6d7b8;;;;;;
321609356b634d13c067b43687323ca1;;;;;;
06d2a0a9333de5cc49e34338d853004f;;;;;;
4bd24548a74ee6569c92568d4374961d;;;;;;
9bff15d5c8a2e8825e61b4c8fc1ed9c7;;;;;;
fa93a012bbe75b8dba4510934b8d6c21;;;;;;
684a837dd2255890cd05899524077aa8;;;;;;
805bba75663d2b39c2e1d2cf2298c05b;;;;;;
cb383abec48edbb571e6a24696b1b723;;;;;;
69f11cf83a5cb6c2ed22816d614a5c0a;;;;;;
07aaa65b1dc61e964fefa3163b67bccd;;;;;;
726601460cb018655e8e9ea1a5542f16;;;;;;
cfffe3e1d96cd7f980191ed7563b31dd;;;;;;
436f7efc4e7a681141dbd1f7ac7b2e54;;;;;;
8b84a077bce8064923ba4f13a26384a8;;;;;;
d3f6e297bc5344b77ed794388d84bd37;;;;;;
e1e0dee61a224136a699e6e6b4c662f5;;;;;;
34c1c5a6a73ea96d8ef6dac357d5506b;;;;;;
267f7daccb156d5e4eb910b44098a664;;;;;;
b4f024b160d5f5c52833b117a8cf93a4;;;;;;
61f243483ff08237286a510ae2fe60d2;;;;;;
ece99140b5f66657c72ba4a866fd0940;;;;;;
304ae3500585c2e50dcab20c5e8aadc0;;;;;;
4bf7cdbc30251e9429bf9ff417178df9;;;;;;
ef493e5ea93d033a24edb6edc5c91fff;;;;;;
49d77782f98aa4021495090555054cc5;;;;;;
8d4b285479b153357b84ee14ed5a81b7;;;;;;
e593e94be1c0f615ba0fdc25c033d4d7;;;;;;
ff76f5cd450858a9a2c3974d7859d23b;;;;;;
aa4bbda5c504c338223caabe6c2b1452;;;;;;
6b3311a7c372684d4db020c783c1834a;;;;;;
266dc1ebba819959273b61c90ad10531;;;;;;
4e24bb5d4036f25624bf8abcf9111af4;;;;;;
c0b5f22073dfbe4f43f9aac5a869357a;;;;;;
ff01fedd7d91f83377173b3179044c84;;;;;;
6135696601f9a4ce556a0129530e97a2;;;;;;
7409161fcd60e2014e8441d8d42ff96d;;;;;;
434dc3a7a370b53bcb90d8227cb405aa;;;;;;
565fb1eefc428ad4e40ab22980b4176e;;;;;;
cf0036de723e918bd386ccfe6b4ea56c;;;;;;
515650081788deda18beac6b3b25bb48;;;;;;
edc0b8cb9ab4e2af2546dc29bb5b533c;;;;;;
65d99631824c110f9ac64e2d6df0748f;;;;;;
50f3abcd37d293784ba39a52a95a2fa0;;;;;;
757b699b81295c982c3fcc19478cb6da;;;;;;
d91cd4520f0ff96d54a97e6f84a7df24;;;;;;
7c4139b75dc2afd520f865851f1c3b6b;;;;;;
b348e1e41adb87fec629d304ec3ed463;;;;;;
e602a13ebb43594c9490bab7dd277cde;;;;;;
ee245dc70a5e8710568e5cb87ac59b94;;;;;;
2f16dc2fc80c320839764f121b80775f;;;;;;
59bdbba0a3665fa57ddfb01849f81e7a;;;;;;
43b0a0335e576c9b1bb9b77a7bcda3e9;;;;;;
e18d02199ed8ec45f4e1b509728e5201;;;;;;
aa7cba288cc947a4c5fd43f89a301147;;;;;;
77a2592f3fa3480a9f3f96642199dc57;;;;;;
7c824a2ccd0e35d7d40cc5ad70feda3f;;;;;;
3d9b3b6ab75eecc435835014d2c5c161;;;;;;
cde026bbc073265de87adc8b38a38f42;;;;;;
2fefeff1f24a3807e6abc7681c809f9a;;;;;;
5005d90a4bc3dde19d27c120e9efb238;;;;;;
f460aa61dd76777e941567a6182788f6;;;;;;
5307ee958def1951b3ddf2faaf69be20;;;;;;
d633ebcdb6ca968f0bfe481e99f007e8;;;;;;
bf938bd6e3f72eb23e2ecf852338b2a7;;;;;;
f7e77cadf4fd05c405e00f26a15f9e46;;;;;;
412f98da6f71adcdb61e54dcdd7f3b0b;;;;;;
8cc51f71a82f28e34b463aced4f1ffb6;;;;;;
24fa351333fa27062e0b192afaaa56db;;;;;;
48e611d9067bacfc39563e6c98227f58;;;;;;
199e385477ff8a59ea08d5d97e3d6ebd;;;;;;
8156f71e0ad3ae526f513471fb47037b;;;;;;
7e57cc9945c63ee2c77930604625b262;;;;;;
cb670d35657865639ac367c769fc99d9;;;;;;
617816d1e7f472cb2bb0ab0045a97df0;;;;;;
c83d7f7117ee708216d469271f7ebf7e;;;;;;
d7db38a7603c9b6e610e5ebdcb8614b3;;;;;;
5700dbd54ffd69fd6bdffd80d5b5b30d;;;;;;
cfabe6bb79985f3f252a085f69c0cb62;;;;;;
f418244592a09c9f4af582bca7d9ac64;;;;;;
0bc6e1e7e415e10bbb0f4b654e25867d;;;;;;
27b1d683d2ac941135876c03be27e167;;;;;;
e761d14e6ee633a91eab20c9e1eb628d;;;;;;
ff23637579488a45d97ee18b9c37cd59;;;;;;
eaf904cecc82f2ab707204e7d0164b25;;;;;;
4d281a8ea66f85eaf1555ef3de13115d;;;;;;
416ff531925d3400433c1c78115c2a4a;;;;;;
f41d7b858030067e2f36714317739bee;;;;;;
3a115a1f384af0e1aa150a53992aee4a;;;;;;
aa567281c35db0f4842e2dd774e5bd8e;;;;;;
5478dee7e809ef3b14bbe4b8db3f9516;;;;;;
37773fe345ac66e1b190729e62bfe7c9;;;;;;
53c14a897188729958336d3b5ea6bfd2;;;;;;
eaf32f42220a689051b36549b4c378f7;;;;;;
5b88b470cf1dbf0a7e52db6b46f91871;;;;;;
4d6daa162296387eadf18e462cde028c;;;;;;
bef86b7bf11e41f91cd5bff123e289c8;;;;;;
43357efd00db7bb25fa17ecec75634e3;;;;;;
a44f67274fb3bd847a9b1fdadd6b2acc;;;;;;
14bf330973392f9ae17ca6b104dbaf1e;;;;;;
aff72a7494beef9b5ab75d872d994309;;;;;;
fdd21d4fe6b92c678c6ee300a83093d3;;;;;;
a03990036485bfbc491b23736ac8d918;;;;;;
861f777472d6dad1845106dc90990b05;;;;;;
00c18ba367f27ee36ef5d20d6ea189dd;;;;;;
9abd7d4b317def45e935f86f6c52f8e4;;;;;;
f36bf5326eb040774d71b784e14d096b;;;;;;
14784fe5cd75aadc86efa707a5465c64;;;;;;
32841c26e7cf7e87352f75c4daafa9d7;;;;;;
62a16cca260de06d68dc3ebeccef4cc1;;;;;;
37c0e16299dfe93a51dbe8cb97d2a769;;;;;;
a6d0ad46806f6149c85dc3b3486f1e5b;;;;;;
062bd36caef838edb2f0fdc49dec9371;;;;;;
b810e40d5b7a31da37ce6ecc8ee56886;;;;;;
b171ac2226ec70e4701077af098124c5;;;;;;
2b138f1be6ca88c21a572c00870ee9ff;;;;;;
3e73e4670e6d2121fd89c29221eeb5f3;;;;;;
ab38091a5a2b9215cac71976940b4832;;;;;;
3f336c76ff0bd6af280dfc12a2e0146f;;;;;;
9f5862ba7997b0a0a4dffe04dd3327c4;;;;;;
23a7d261d9f4dc350a03e336311d731a;;;;;;
672e9779f51b584fd06719c7c2a4d004;;;;;;
426561bfa80af509a8bdff16a3a4a376;;;;;;
be0643174a989a9f49f74cdb91a9149f;;;;;;
33d3534e67c0e229e05cdf3a1cf10fde;;;;;;
d96ad99256a58fb3739dd24a07f1a1f3;;;;;;
bc02cd7bf8bd9cdde5f1612ce87459f2;;;;;;
44ad02bf7e05b33a43254b9f6d0d9d20;;;;;;
b7614216426fd25597e29fc3c20f5382;;;;;;
5fd1f93e1e961fd0a40513ad4617d20e;;;;;;
f2fc0ac1f413dfd3de01ddfe7529e0b9;;;;;;
ae1ac7f233f9b0970e86c9d846d8eccc;;;;;;
9c59503a91620c14b0adab685a5b363e;;;;;;
de9b423ec3fd14c9390d66967789541f;;;;;;
a5813c28f89c81c07bcbb3b4804f1e88;;;;;;
6ae3f052f99f7311c0e50c3dc142602f;;;;;;
6b5a071a72bf86a6f45a1f5aa6d57190;;;;;;
627b3e5144c5dac5516634bd09b27c40;;;;;;
495f953ebb30c489a09b3da068485c76;;;;;;
7b8b200d85ff40d340659157fe9d34f3;;;;;;
315eee9580b0ad77ee285c9fb1eebec0;;;;;;
8e5cf9c18fd4852f77cc53627ab56b16;;;;;;
5ca3cf97bf924f197fbbe21e1a242010;;;;;;
5d63b785ba6329561833879a8d6c8224;;;;;;
fd756436eecc564f36f78f54ee8eac8e;;;;;;
2acff618e76b3ad3f13a6bcdda976699;;;;;;
f0b0fbc031129e76bd16a7e0c9a88b8b;;;;;;
150ecf08fb06be91f8914350cdae9ea1;;;;;;
9fa2bdb762c2888b31094423ad1a6049;;;;;;
6a9ada3c8563213d83a21cff37a6eb03;;;;;;
b3955db6c6aeb41e026d8b867a757950;;;;;;
f9799102175e43f4b7d55f69a8d64fd0;;;;;;
3b9d6a6a0b553e792a7ee84275b7f242;;;;;;
03ec148b9dc4b193d0ca0acaa652033a;;;;;;
b7561cfa2398008603a7f86fb6611695;;;;;;
9e308fb22fd6cd3ce10dc242e949b6d8;;;;;;
2743189cdf49090907ad9e7580e2eb49;;;;;;
ed9775e0711fe65c4d15722ebda5a6a0;;;;;;
65c22d56c42f1a868b12980d13ced9c4;;;;;;
e42850229a8e7a1fca61328fcd3a4770;;;;;;
4660154e3c5115b5e0060d3b1c1253de;;;;;;
ea5dd0da066c19f3b5ce431b89bde9a5;;;;;;
78fe23f01c7dd2e74a89b81f1c9ffc05;;;;;;
db85a267d3e988b0bf04f57668e99e55;;;;;;
8f470b4e43cd961060da7f7232c67fbf;;;;;;
2323cb9b587033e230cd2f9df17cf49e;;;;;;
d0645c98c2aaba99dc005eb029e06129;;;;;;
377126195fc0e0a7cf01b50cbe179934;;;;;;
062c05135edfc38c8a22c3ccb5c5b32c;;;;;;
61368f514eca6b32d282af3ddab26596;;;;;;
19f0b373c846d3d0a2369b0718ae8724;;;;;;
1ff87e406d474eed3a30bdf09a7236c5;;;;;;
20ee920b2ab90d12119aed9165237fe4;;;;;;
be38ff183e1c3bf6014c54c8702e66ae;;;;;;
bf060c6caac6424c9ac8e35499644690;;;;;;
3792fa8e8402de2bba99f042dc193f27;;;;;;
c033e0f803654cc01b958db12b75dab5;;;;;;
fc798769334dd1ae89fd738d7701d2eb;;;;;;
af2b84512ac552807c4371c2fd88d240;;;;;;
f2b37d7c05b8e6b0037407a0a0e20671;;;;;;
974708592ebb38b384e7e3df3eec0951;;;;;;
a51f2e0ae05e707f038c0ec903fa4e53;;;;;;
612dcb2050391136cbf0854135b2c4fc;;;;;;
b5b0f318b415f9780ffc0d17bbeba782;;;;;;
854043fb651a821e72873027ed44dc69;;;;;;
9eb6e08d24e6d42ee711a43349ea1901;;;;;;
866a97b29d3a5ba2c4975e8ea848f020;;;;;;
11b8df7cc1279c9bc92a27fa5172cfe9;;;;;;
b4e7a9a3af12c130ce6abf7213412d27;;;;;;
60ac74fc0ea122dab927088c08f1ff5f;;;;;;
822555ec7b9f15b922aff3394fedd5b8;;;;;;
8fd848a341d7cd0cd8b1f0fa9615b449;;;;;;
c6c60491b575c27141f6652194d574e1;;;;;;
b84345f6d4ec2c1688c6c16b73961923;;;;;;
7cccfe2e20469b320ba89fad3d0dec00;;;;;;
ddf20ff7d4cbeac47907049b9b68d518;;;;;;
9006bf51eede0d531bedb4cc31761bcf;;;;;;
54527f7c34d7b57144afbe8144ed6080;;;;;;
74b15b60d3bbff1fcb7fbd85687485ab;;;;;;
4f48b977aa01bbc2daec5b3a80200ac8;;;;;;
bdc2752ba7bac6184b101859e5e178ec;;;;;;
f62be3dfc7951f63794ce6e7f1af5d3f;;;;;;
d20cd34a4979950abff117b7f9477012;;;;;;
223599efbc6a082d63d9cb26217596a2;;;;;;
8b4fdaf046f8661948ddf48a48f2480c;;;;;;
a44474b867112a5493e7cd988a42d694;;;;;;
40f48968435e07eb746d37ffb34f9131;;;;;;
416d9f142edeebf172c80902517688b6;;;;;;
0c1b644955438786d4ff320f4ec0e885;;;;;;
24194deccc9436cc00a4cd64c900be62;;;;;;
e1d9ae5bb7b8a6a373cb38a602f46eed;;;;;;
0325aad080b017aa9f0555b7135985cb;;;;;;
c2d9ca304c1372e9b05091b7db32f907;;;;;;
cddfadc87314e56898b9cca9998c7b02;;;;;;
95209fb2dda7687063a0b6901f5a76ec;;;;;;
7078290b37820ade65034f74bea02bf6;;;;;;
c73491e6e4e4196dce11dae762cb947b;;;;;;
2388793d162f078b08aa16785af15a63;;;;;;
b8a26764ee45cdd4ba5b3620b5ca921b;;;;;;
5f2ccac2af256ba4d35f93286d42b246;;;;;;
1f74ffcc4f961b84c75e3ebf9ba17539;;;;;;
3d54b1921e2077b450ccf1d4712523db;;;;;;
cefac0b9a34db09f5e63c169af51bdb9;;;;;;
85011506890a34a73829b71133a394c8;;;;;;
97daee1d4760138cd8a342a7b4043abd;;;;;;
5db2f078792aa8d45237d6c3e413a955;;;;;;
ff2af0109fb0c5a00d6eefa5a30880cf;;;;;;
67ba733973c313d0027a9eaef29a992a;;;;;;
ddc15bbfd2ea84135b0cc8d1e1fada47;;;;;;
c93c679a8c161f66b3de0d955b8d2788;;;;;;
23dffca1d6c9141d24f1d01e7665f1da;;;;;;
3b31ecb8cc75c3c82b2a446118a4dafb;;;;;;
2e59360f8c2c1f82d92e15bc52973744;;;;;;
38be836249c2c3f6a325dbcef156999e;;;;;;
1d6339464fc764fb9648a8c54876d171;;;;;;
5c2cc65264d063ccc56056420d338b73;;;;;;
4d7a06c5f93bbff83f3a7e1348987bd4;;;;;;
4265d71b201f958ca2f47e6cad28273d;;;;;;
c510b00be382911bbf079f392a7beda5;;;;;;
3e956138fc0060a609725cdcccd79140;;;;;;
9de95c6ad9b3cfc9fd12874a824c726c;;;;;;
9ec4a7bf6daa2ecd6baf4f333a7f8bc2;;;;;;
17dfe1b4f0cdffe8b6e80c9e537ffd0e;;;;;;
ddadb5272f5ff0ecd3fc2a80765ef965;;;;;;
124d90ff53742a55067d427b9f2bc1d7;;;;;;
b9869d23ff2dafa617e521dd3293ab45;;;;;;
e9a2b6a91628af67f7d8edaeceaf5409;;;;;;
2fd2fbacda0fe7b148acdf84fe533757;;;;;;
e7c516a425515a2c6ceb717ae97b9088;;;;;;
a9edac2d9de13792526d01e71e3d6761;;;;;;
170802976ed595bb731d9d948ca5b71e;;;;;;
b66f354c79262a1891bbf965a1608b76;;;;;;
8000c65eb078eee75bd281904286df50;;;;;;
03c05260d65c4b7ce2002da13bf95605;;;;;;
a3db747848cd9397f319ca0aa1958230;;;;;;
acf0e2f4ac1da54f15eaaaa2686a7f2c;;;;;;
853e770df9ebe766dffb4d83452cfcdf;;;;;;
e87fe70de3cc7a4be0e814eb91f2a495;;;;;;
953cba3cc06badf9ac29ac3527dfe81f;;;;;;
8f6454578cc7278ab5975de0dcc0ae20;;;;;;
9db5f56576026b2af27fc5339645e869;;;;;;
ff347ea6342d85f5a554660cf58e74a5;;;;;;
9c022fb79ac2b4a20641338b88098a23;;;;;;
65a61977332af50a24ff412f52e287f1;;;;;;
9b883ec71339db3ee333f2dd2111311c;;;;;;
6b1b9b359a51980f818a746f17a1cdb5;;;;;;
0d4f1f107fe62e1fa92a521914e613f5;;;;;;
7510ab4d91a11de30a107252540f5478;;;;;;
2a9de708114b561963b385a01c7fabe9;;;;;;
eb78eef65823e283320aad9a70e3774d;;;;;;
3b50ddddf8001c701913c705774927ba;;;;;;
e0f4cf5378f275c407928aed279320c3;;;;;;
b0e09603bff7db2b435b30ea8cb01141;;;;;;
aac9c13d615097f9adc43d46abc26b57;;;;;;
601559153eddb881dd23eed7c90aeff7;;;;;;
1259b3e5b72108f7d45976c332f4d5ba;;;;;;
d2a52c00c33a3a7364eb3e4af8a7be65;;;;;;
8c989290859f1266638cc89f7697ce94;;;;;;
41fd528585013dd30686bf114994daa6;;;;;;
a78b239872870c44a1e76d6ba4aeb12c;;;;;;
67a71087290bb22dac98c5a1736368fd;;;;;;
4a993532635783f957bdf690bdd41947;;;;;;
e69fce15736a9a76467dde3f074efd39;;;;;;
627c94852640de58646711c022c784f9;;;;;;
b856bbb0cc9e5fae661fc230e6203a76;;;;;;
3bd6005430caf8c194792427cf7dc401;;;;;;
a1282fe4170baaf5dee5c7ff125658d0;;;;;;
b05f6090df5f4ce3c73f9e1daeb0660e;;;;;;
494233833ba51fc3828bb54c2c5e0505;;;;;;
f8e28e8909e13776311da0f1f9d23223;;;;;;
945b979f6ebfeef8090fad3c350ffed3;;;;;;
2958e3ac2181e36caaa488d6829ae0d8;;;;;;
6a6102e5a6436c156bdd93802d540ec9;;;;;;
e156367100d11ca5ee5c1d9eb58256a9;;;;;;
467a3a03294ca541e5da2b83f8a36a29;;;;;;
74f7c433eac28ea5aa2561f73c973832;;;;;;
2bd0432d57b2ab7c38bc78d9e5647a8e;;;;;;
4b4d1aef1d05567209e5053f9dda6e57;;;;;;
982ddecf42d1e9b76c924e7fb600e055;;;;;;
c71314ddffeeeb752befe5c0f2984878;;;;;;
19386a4e99cfd3b3249f5949e3dbccc1;;;;;;
7bbc3a9f472e30daa1bc31a9ed30d4df;;;;;;
9fa80a6587df4c3c9736952c54e82860;;;;;;
af86b0732abeb55070491bb5b66d797b;;;;;;
6c66fb932232eeb6c35952058f4013bd;;;;;;
32c9f741073b10dd98fd4d41fae2de98;;;;;;
df079fbf9288ca87ed4c166f3b8f30f2;;;;;;
9f8a2476b99b969310d5756abee1ad6d;;;;;;
016325e1c62f2af533814e296f8dfc40;;;;;;
8f4d7aa850ce020791a05146bc4fb996;;;;;;
1712bc847783f9382466277c8166b998;;;;;;
974a604aa79cd353d6b84cb15eef1edc;;;;;;
4f33fc0a180236a73cb40d56f832035d;;;;;;
77a45a072bd4393c05a341a5469f2986;;;;;;
686b9d919f813444fa6d78b8d5523d23;;;;;;
0de393579e6f99150cb9426919f745d2;;;;;;
3ff46e72135ecfbf09546528032bd905;;;;;;
d4bc4c2616d83ea96cf59d5012178e25;;;;;;
5a68996766d74e1c795647e4357a6f0e;;;;;;
5ee286ae9a39315d641549e36a1eabb4;;;;;;
2a033a1c532e26f6bbe58e77415fe6c3;;;;;;
8fb7eb586579ec3364b76bb595b5afec;;;;;;
b27346a1d61a32e993d2af5705a99f53;;;;;;
2f70f4f2d31b58d4dac470e1b3b97ceb;;;;;;
c68078e75339adbbd797fb4c0977ab9e;;;;;;
48fe520e2418cfa29f0c9d5aa39fde9d;;;;;;
1112e0fb87785466b65a8efc84b4036e;;;;;;
2b9b9f0efc64788b08a9490211494627;;;;;;
b50c55ecfea446306df9bcd710c47867;;;;;;
43f3c8dabac249d6365eea355f12e90c;;;;;;
144136599fe3a5fb1195492a21a468d6;;;;;;
f3f2a9ab57158f74ac8f8afd25ff4606;;;;;;
cd00d2e50ed779790c1842d5a1645d53;;;;;;
7aa59331fbc21ca232335fb2daf01829;;;;;;
c088c84134eab79f7931eb645e2d69f6;;;;;;
bc60c2516ef27dd25822b19b4f4f2c3b;;;;;;
35f562a42cb2ea8ab924e167a6510e28;;;;;;
7cb3ae54398f1d3dc5ca3960c4a373b1;;;;;;
664db14249d11a9d4a52f374b66a72d7;;;;;;
ea5fb0299da77d16c342d083fe96b0c0;;;;;;
93aa3a1e0c9cdbc69ce95c5dbb95c5ef;;;;;;
ed98103954b8f072d937ed2f40576a1f;;;;;;
4f8c63c5052e4740ab4ddfc1b9fb10bf;;;;;;
b8de3b28658e780643774893496c1f37;;;;;;
1251e0376907667248eb0697cd3b7fac;;;;;;
c65956a6bf857755772fa30fb2e6e588;;;;;;
e6bed5acceb34c31e0acbbc26c284de0;;;;;;
cb000dddb3b09ed7496d0c5c82f0f2eb;;;;;;
1675e60ec7cf0b640ffb71f8802bde6c;;;;;;
60b3d26f48ce49ebb3aa91fdf666a289;;;;;;
07274960eb6785ccdd12327cab299922;;;;;;
44bf3e5021f52da6d66ad363fc60ee53;;;;;;
1e53b1af9ddd911415e3df88909ccbef;;;;;;
bbc68677c10127e45bde2f5a352c5d94;;;;;;
d3802b19e1b1c008c463b1b82ff03b1c;;;;;;
e62064db7409beee07e7206ebe5b3f36;;;;;;
09eaf3032e1d67ddfa8cd2d6b9bf9d04;;;;;;
b6c8089177e69aef1251883dfc4e8c93;;;;;;
44e915b1d429cafdfeb30dbf42f3a04e;;;;;;
a764c5662d519cc00fe16939d53f9d6c;;;;;;
f04a323c0cca75595bb2cd3e7482bcf0;;;;;;
c9efb2aab6ac14965253ad843923a2ac;;;;;;
dd1a7ff9ea73ce0fd347cc9f5ff3ce10;;;;;;
1ef628e6e1fefbc283534da86dd4663c;;;;;;
4819eb4fbc27708d0b7f5e7fa65a1180;;;;;;
cd9f8d954a653c7f3ce1210214aaf8c8;;;;;;
84426213baf25376db2c743f29f94493;;;;;;
472fd4609d8c944c6015139ce49d952e;;;;;;
8686df2e93ed16d13e24cf47028b4bba;;;;;;
cb31045ee32a461115ed8e28efab614b;;;;;;
b998cd08145181af38b0950e6923a553;;;;;;
ad61c5a73542fbe4b212553bc9019860;;;;;;
148effbbbd20caaf16562c29162f51da;;;;;;
0286202852e8cdb436e83da902d067db;;;;;;
790915f9935a7eaad223f1e4598d0161;;;;;;
d9317e66076a2c802f94233336b64e5c;;;;;;
eae2ef30a9a33ffd0e53c37148f1e766;;;;;;
66835e8c3f0f55c674a0acd3057be789;;;;;;
386d5d85681d5845a91c02222ea85161;;;;;;
ba3cd0cd34df6707bdb601c185ee2f91;;;;;;
b5b5e665ff72055d00e994967635108b;;;;;;
25921720d2cd7b8738a0fbb21bff29e8;;;;;;
92c17bbbde398a18e944b704ead017db;;;;;;
f4c9936f1d514928dbff02edc271e871;;;;;;
414adc8947e36316735521a913ce0473;;;;;;
871730ed5ee3d4cf9b259d375aa1541a;;;;;;
46f39dcd24a38ca42f200677fc9a58a1;;;;;;
251e43b77c5367cd3cf0e2c4df3e57b2;;;;;;
0f12934b635501d0f5574a6023ca36e1;;;;;;
1461f15e7d8c1136ef01467c329b28fb;;;;;;
1af5f4d1ee8f4e659f3262546b8095b5;;;;;;
4af87d2101fde79845a6f4e8ed05e9c4;;;;;;
d110824034370be8a0ac96ce9a08d468;;;;;;
4d2dbd383e2eb1558d7509480dc66a2b;;;;;;
16f7a81b973dab07cb0383e0df4ea6ed;;;;;;
0f76abe23cdbd8d879c80bb0ab1b8191;;;;;;
9ea1e2ce5748f65140bd3da1e7df89e2;;;;;;
1b0b759fa2c117343f4c78c279287a90;;;;;;
7942c4d72e4cd455afa142221423a05a;;;;;;
02ba0e50b2d9596be334e58c2476f6e2;;;;;;
2ad864ec16fbf72edb1c481edd3643a1;;;;;;
3e4a3d891bfcdb84d2d7682fe3aa5b0a;;;;;;
c6e5c142a0481d97a1cd0024c3dd9a6d;;;;;;
bdbfc1f960237b2413ecd61a3818f7d2;;;;;;
ed6f881e811905e12b40ac5216244c34;;;;;;
3e0cfb740110334bc2a7f4e0288cee0b;;;;;;
73dfe679692e10a8483e434d62f8ac13;;;;;;
2e9c4075e4b23579ba44354b8ddacd5f;;;;;;
3d3424d1c1105989f0c660c109c369b9;;;;;;
8490a545c5fc06d64dd2639a39200c9f;;;;;;
5a50f492db8b12011be8889b8218297b;;;;;;
1ca7663bb2a2e3d3955749f9fe8da00c;;;;;;
87905ebad367b6617bd4852452f44ede;;;;;;
572a23491a8fc23aeb33b17173f638f2;;;;;;
9f596f6caf88dac21d4ba4e7f4a38756;;;;;;
ebdf56abf3aab873b906dbe01379eaa4;;;;;;
06ac1cee50eef082f52d51474d3a0909;;;;;;
2ec316b61a8c0349b94ae9c8e96628da;;;;;;
0e80fb53a31e613c91133b71d1a36825;;;;;;
c1f57cacdd189bd761be72fb938c243a;;;;;;
3e9828a4b6f6efaa9bbf1542c304d9f9;;;;;;
75cc2c631ff92829726fcb783ac98ef6;;;;;;
1b7fa762c5aa0df802b470ff91494054;;;;;;
f41f46e2f9e2f79e3f91c2acdb2324fe;;;;;;
31ca71cabb6c575e5ac3ff2930fd786a;;;;;;
46d56dba65060ecb269a2dfe2fbf16c3;;;;;;
7ad7e6a0f0f76a495c3647f942463950;;;;;;
2ad77867337c0c8ae71cdbedf38be827;;;;;;
8d0cf4823ac536cab0a642dccfe89512;;;;;;
8a7c58a70365cfd62523444cb58a20c7;;;;;;
361031b36979d70e61cdc64a3a85aa4b;;;;;;
2008f9f5a292548584690046dce86d26;;;;;;
cedba1056ef642e05cb3923c37e153e9;;;;;;
f7b31b33383f17f8b6f09f42e96c9fe2;;;;;;
03bcaa11949b3ea9f2a25c65983e6667;;;;;;
7616ed4e22b91d71d1b67fb8ac0e5744;;;;;;
f642631d5f9f6133a87117126eeb00b8;;;;;;
16b6ae2ea80c1c7fb7c72a846fb0dcb1;;;;;;
7563cc98c311d9b7d19e763a82733453;;;;;;
ff994311d51885e5d7fca332dc6e6241;;;;;;
5c9423c1ff42e6cfd10518841785cac4;;;;;;
0747babbbb32ba89c2ad45f6d4c07b07;;;;;;
26ebc7cc9af3cb02d41d8301937bd40a;;;;;;
8ab018802184bad9a9428cfb11feb2bd;;;;;;
84f57568abf92af36c354bd822ceb62a;;;;;;
f67025868bb48ebe9b34f0fada343a27;;;;;;
5ef4413a20632fd581f4124bb2c48631;;;;;;
c3f630f687445e02a1f19deab17da052;;;;;;
101252fbae0b8e025156c14238f517e2;;;;;;
01f6364322d6178f47ec3652d13b62b1;;;;;;
92b6eab5d2a5804cbfaad69b5da8e6c6;;;;;;
491e3c3bb9bec02a1475999c114eb01c;;;;;;
eb5f91f3ce94ab2820c136716c998d7a;;;;;;
cbffb3cc3a9ee09a3cee596a12e4e506;;;;;;
27ffa30f5027e020738905bf2af4080b;;;;;;
9042920e8fe3d8adec9fb0554890eab7;;;;;;
3dd36f08ea1a9e5f5aaa59b3014a83f5;;;;;;
6991696b2515dff612563c0c0bd7e640;;;;;;
799144f5eebac5160bd572a624521b1e;;;;;;
58e2761446c7ea655693e67b1e67637d;;;;;;
b6cd48f785424de6515d587a79f2aff5;;;;;;
92d383a4f432a6d1377e88b3fed1f98a;;;;;;
8c3d90ca3418abc083aebb0381e11b45;;;;;;
3ebba0d38f59f36ab94f7841ccf73a38;;;;;;
8c8f1e938ab6352002afb9dd31280b5b;;;;;;
f08e319ffb17a115827d2a7c36501c27;;;;;;
5cb612b6c783d45aedc3bdb93ec78c4e;;;;;;
2309fbe2df5f78c354a4f94a6482a1ff;;;;;;
f9eeb2d671dcb14bcd6cfea9fdfe88db;;;;;;
fdc8fb452ae5f556164627b39e9503a5;;;;;;
869cf2644de1338750f78ba5c8b2d895;;;;;;
17924f83a5643e51544ce7eaeccdae2e;;;;;;
87b5d7e968ba7287471af5e6c3b69b37;;;;;;
8f96b5953d9440cf9ca8d8c39fd84352;;;;;;
f2f3638b9496f1ef433a4dee1699cc95;;;;;;
50a5f38f88bfee31db1223be16d89bf2;;;;;;
e185954ca2f6fff44c8e579479526b88;;;;;;
a018716d274779c0019e74a7d23c92f0;;;;;;
bae75fb610e3f62ed70da6e7ed88e96c;;;;;;
0f47989cdbe2c06992c4a2842819e0d8;;;;;;
9a0db9c90da8470a72ec713f6869edcb;;;;;;
a932b634a77957788c640ed79c1b2756;;;;;;
02ed85160bd502fac3434cc0b2571ad0;;;;;;
2c2f140af29e2a93976b52a363452dbf;;;;;;
6f760dbe3c205aa5d915e930953f41b2;;;;;;
4330e0aedb6eac67e19a76413a107b43;;;;;;
9a86b4c2f065bbbe3d9ca7e48ec285c0;;;;;;
c1f17c060335e24e4884e226eb62216c;;;;;;
1b51121ff26be6cc1cf7ff566262fd52;;;;;;
bcf089b71f48ed75316a0737d6c11832;;;;;;
923c76e397dfdd8c48922747b3a37602;;;;;;
b279a3490c0baa51e7cc9e5a4f2e1454;;;;;;
8a88609ad50268585d76090a05e958ff;;;;;;
b669cab6748552f70fa30a4b9c3067a1;;;;;;
a17430276a023b1fe36aede8d3ef997f;;;;;;
cd38dbd1f2ce2d03400466e90d20b4e3;;;;;;
0713b596455dee2a4b718e61ff9d4231;;;;;;
ef0d153f0c3fe656100a325299ef0e03;;;;;;
566dbf750c9e0c0a129ae3a2e02a4c50;;;;;;
bd8e9a7bebf9bfef402859b9640d20af;;;;;;
9033fe828f4f0ff5d0ab3e9d30e45df2;;;;;;
e09ce90d351bb0d19d8dc9d279c8a6b3;;;;;;
45e997e2d82131f26c501e36888a9b88;;;;;;
edb1e0622601a8d2b942b3faf41c81c6;;;;;;
5304d62f9e5fb5bf8eab56d97e270819;;;;;;
6e0613f054d3cc4e8050ce1c8c91886e;;;;;;
d86936e3eabf8464881483ebab3c8817;;;;;;
e6c91848b3172c799ab08219dce28057;;;;;;
129c50ab48ace3b5b25a7c9e75dfe69d;;;;;;
ff84965d756c016203a8f2d0ccf278fa;;;;;;
d91d356ccb5bb0035a0cb2c44f71d8e0;;;;;;
451ac189000b93fc62bc880df2038e2d;;;;;;
c186863e120b2d5eff4b76060ab49a0b;;;;;;
89e72a7401dd3a6061c1c60872573134;;;;;;
45cf8880333c6205cc2098a17d31af4d;;;;;;
ecde095ddffdba67f68eef13d2335d5e;;;;;;
94a20d18630bc16327fcb9dd78eb9938;;;;;;
56578041c5749ec836d77743808ce55c;;;;;;
7eec5d803430091eb977be3d6127aa5f;;;;;;
130057b10b1b3d563f451f200b8e9a8a;;;;;;
4efa9038266654459521b3ef70a2c252;;;;;;
3788b4c0f5d76a31b3fa633b75a1539f;;;;;;
0af33476420ba46dc0f8b9750679959a;;;;;;
cd30d980ae1e314c62843afca71dc20c;;;;;;
2d7d46ec79c2139a0a3ff5c72ed00a6e;;;;;;
b58830f74d9455fbfeae83e2b1f226ca;;;;;;
cd357a5158e199b78aead9e9545ca388;;;;;;
6bc309032248d4aab75e94671bf118d7;;;;;;
92b86a0ab5f245881e02d5f884a4e054;;;;;;
c4bed25ff12c02c41fe055b8debf40f9;;;;;;
8b59700123d493546fe820af646c8887;;;;;;
7e8c64e0c2cfe3c88d44acc3fff071a7;;;;;;
66db944a983903e157434f0d89f0021a;;;;;;
a250dda0cc289d26a5bba58503f4963f;;;;;;
48eccf1b519432d3a2b52d60d9b89e15;;;;;;
924774cb63483c7c299f736fa1470013;;;;;;
3cd2149a0b163e4586d2de355b138b5b;;;;;;
126102ecd8e8c96fa4ca004236597388;;;;;;
c4cafdea2a78edefffec59db73903287;;;;;;
8838f9086f27ad4f061822a1a9d5ab40;;;;;;
e5c9d9b73e3de186d16039675c649145;;;;;;
ddb67ffa36ecdb17b85c8eaa4010cf1e;;;;;;
5760a8990b037bb1200b79a6674279ae;;;;;;
00d78a3bbd4dd444032d894159dac5f6;;;;;;
c89592baec1a95300d60543c61d89379;;;;;;
7d5aed120a5b83faf4cadb9e2e5ec21c;;;;;;
bcc8490bec60c45e35da4790b4cd4cea;;;;;;
fe794dc23248def821bb952e9b852daa;;;;;;
ecfb3dc3581b7b390858d911d0def533;;;;;;
a46db09e0dd0986f29953d04bf0424c0;;;;;;
97fe43800f8e5ca84830743fce3010fb;;;;;;
9f5f739d473c89dbf8fcde8758f11ca9;;;;;;
061cd350bf94a120c48005392bdf48b4;;;;;;
f08f4778a8b7a902555aee72ecc9f25f;;;;;;
5febc0a5aa72603da36f9221be88494d;;;;;;
2e5d456e9a8650d7660590709f189919;;;;;;
2c9a2d5e90ce10972b5fcbc17e324670;;;;;;
985bee2b5c9cbab8d11386edf57c42af;;;;;;
2cbd4455c7f4b85c2423abf5838dfe96;;;;;;
4e00fcc47798b9800517c350411dd765;;;;;;
11723a525dcc8ba9d1c01eef9b434a19;;;;;;
6c288f7f900db8c5a80ed20b9f233093;;;;;;
8d4488f5c7c5ddb6db27d0b58adcbec2;;;;;;
4a6254aafd9b8f1b17ef77dae1023ab4;;;;;;
0935945d903fe4d4e82624db0479d726;;;;;;
38ab8c944336ee673daf720618e1c4c1;;;;;;
39fd273010cc72a5e569f5b129cfe69a;;;;;;
0be18e0dda1527e6b4f406abede6b8f8;;;;;;
373ea3de31e52e285ec61477ffc59629;;;;;;
c895513db9c26d6bd883115ae943b220;;;;;;
f6138009786e2d8a6e69d7ae7a606a67;;;;;;
4bb3fce8839f69919cd44a4aa43ca14d;;;;;;
8b6100fd48d14ec2a88604d128f400a8;;;;;;
324a3760f11465cf8b437a98c5a53120;;;;;;
900ce0d5362c83d426ca2f9ceda0dd64;;;;;;
cd848a6920a2f97c2bfdd3d626069d69;;;;;;
80a439f3b23beee65705d9b551d785fc;;;;;;
b7a87b0fba5f421e7213221d2911763c;;;;;;
b06b659d30a34a63a94fedfad19ae3ef;;;;;;
3a55f8c7e04f333428b53d6af99ebc65;;;;;;
83fef3225e9d27486018378af1eb0634;;;;;;
c0eda0e10d90dc589ca45e49df8322f8;;;;;;
5953e3a10450304893108f626dec9da1;;;;;;
e174f50668fe1568b07e81702fbea3d7;;;;;;
610ba810697dc76da33af644e2ad1e05;;;;;;
f185e1413f8a22b3b3229a6504226d9b;;;;;;
f40fc240a6047f9886998c0cada8b8e0;;;;;;
7aa87e7a3599187481000ca0109095c4;;;;;;
4c91e612911652c80fa4f3448d5df6b9;;;;;;
2a11c3f33ab702468704b4dbb6ac2c04;;;;;;
e138688965644e52987d388ba74c8d1d;;;;;;
5a470dc2ec8182acc190ad14318fb254;;;;;;
7f07178b47ffe8c32afabe23bfd1f736;;;;;;
57c0c936b98017a3b401a1f70fcee861;;;;;;
cdcdb0bf0b9365c08fe91466ce1d188f;;;;;;
f744c2fb71c333c7dd10438165bca8a3;;;;;;
afa7e06946d9c1df53a23a3eb9e20354;;;;;;
271887d3f0ef5b34ab148a037efe38d9;;;;;;
e95a45f9e101d794f7e5e441256d8390;;;;;;
85f3cb2e0ba9ba10aea99d95ea7f7acb;;;;;;
9006c7f37328091e80b7b24016e6d34d;;;;;;
ff1f056a344f79f63b36091079def8c8;;;;;;
b98e2f547383280aa210b5c97f3675e0;;;;;;
7b7acecb905859949b1ff8f7d79e2bed;;;;;;
e9f88250b3ffa8ff1d4a4b71d4da3e77;;;;;;
584354ca6463d6959f41145ac6da37e4;;;;;;
a5ca0a8d330c3c2b36fdd2784b261d54;;;;;;
63df512d4088f1cc09ffafc7304a1ac6;;;;;;
cc7643f67c0e803f20560d4adbeb6b73;;;;;;
294fc7f0be529819a3227425ade134dd;;;;;;
bcbf97ddc04a602ce5726cf7c7932b30;;;;;;
5919db2dd69ffca5afe2812bad85c332;;;;;;
dec37548ee84b66f5062c21937a0ae94;;;;;;
4a0221140aecce99f86a287f38c35577;;;;;;
8555538e7d5693f2c6d6b2b11ea8721b;;;;;;
23f5f90f554425b5a8b4110d53094501;;;;;;
62ac4ad12fcbc0f19aa854a1c6c0c994;;;;;;
447a00e9cf18fb802632a27ff86532cc;;;;;;
014c58156c6ed27973c405a5d1066db1;;;;;;
00e43e9a14ae10ef119d76e9f1c122b8;;;;;;
e8c14d2c844bc5d74662c365ea5c8243;;;;;;
7341069222b342ce3b338dc5fa116f35;;;;;;
fec818b46b1452223b6b4e4a8af8e023;;;;;;
ad61645a8a3ac10de348bcfe0065b0c3;;;;;;
4258deed9c9da9d183cb5a441fd9d024;;;;;;
cfb5e5e55c6caeca191da0c5463e1143;;;;;;
690adf73e41dcd2aa7e96c1d89f8521c;;;;;;
490f0a8b2ad1d192cfdeb9a91f77e069;;;;;;
34cf89cfa1b76168284fce0add3efe28;;;;;;
d1adaf7e15e9ea71a3fea53e1e67ca01;;;;;;
6f9a8a5e8b6f8a6a8401feaf7258d281;;;;;;
423fa8c7b037f000325fac6cfc80483c;;;;;;
417be3ae9581c57394f6931ce4beb9cc;;;;;;
b5b374ea7df47c2b9d4e9e5e5ebed1fa;;;;;;
fbd62e7433d576836fcf07b093ce2353;;;;;;
3180edaee2970ca25af690bf15598283;;;;;;
915a49ad4ade1376eff833a5849e66d0;;;;;;
b4cbd8554cd80051ee393305b9f7c4e1;;;;;;
89d306e96de5d2f49073a589816d22e9;;;;;;
cca573632d7150fb9e4f4a98b37106ad;;;;;;
d5bec1207dfa728187e5f8e54f9afd78;;;;;;
64c87807814acb9fa758533f3d1c3e02;;;;;;
6bac855415d24b63568100165eaec789;;;;;;
303ad0d7909a46341ce32273063f97bd;;;;;;
b2c10d66937a809d79761749c3be044b;;;;;;
bdf5f759077142f6a686fb949c09cd75;;;;;;
ec7d117939e81a1b3f7863f480268dbc;;;;;;
053d57cfe3ce1cc73a7b5625c9a1ac54;;;;;;
8e723d335d9ff384c442b8f73cbc5ea8;;;;;;
e21d16b07be9aea91fe28bc9856f8e79;;;;;;
2da0a902e9c174a0a9f4d80dd5c78b00;;;;;;
4c25dcd756f3b8a3b003e8852d71c35a;;;;;;
ca5538244984d46053bc3b8557900773;;;;;;
2bf093b34ba449ea8c6d7518a9454165;;;;;;
57906ae4512ff229ee3521eb0db6697f;;;;;;
f006961212e49d002c9767206fa52a79;;;;;;
d270f120c935dbede459cd1d77d0261d;;;;;;
e32c5ac58db9dd5143dbf5b09245a083;;;;;;
e1f05e9d8e6834c62361c31da0c89409;;;;;;
89618d74e65bf465647e155bd1c5424e;;;;;;
3ec6969020dcbb84bbbff4a98e781ce4;;;;;;
94338ffcbbe0a4b9a0053f436e2cd9d2;;;;;;
194255a6e4855b6ce63aed9de226f090;;;;;;
acaafb1963b151067256e108f67c250f;;;;;;
fe981440dc8484dd5dc66732145ef790;;;;;;
f5dfb6eda3b5b9d30d3b1854d9f6680e;;;;;;
0ced812c9c53f96de490a4317e3b7eb7;;;;;;
b4e5c586fbbf0c2cd0b31c66f2c386e6;;;;;;
0f242883675b33ad7907946acf3b86d9;;;;;;
b5d392b24b7a3fd25796b2e76a17fc5a;;;;;;
b40f80ff1076793962721e5360ccf8f0;;;;;;
c7bbbe2854f02450eea2e6578efa34ec;;;;;;
cecafdb301d447e6b5637d74cd5dc6a8;;;;;;
95d3ff9f410676db93bc7a5ccef660e4;;;;;;
df3bb49832d9ae13c7cdff0f5e422c09;;;;;;
a352c03ad94884b2094f6f4b2a2c9949;;;;;;
221ae32c029f5e0c0a5ec0f356c303e7;;;;;;
62a38f87574ef64ba0c222c7d64357df;;;;;;
07a25929525dbbd44a51cf7f85a3ef76;;;;;;
c550b7116070bded53ca6cb93b9c7b32;;;;;;
58aae61b9f8354e310b5e2593735e593;;;;;;
f030b3577841b01d21ec49c493bfb194;;;;;;
1a17f85ec54ddcd510cf0abc2f3d1ec5;;;;;;
61acc048be7f4e042a6443d848ed3ab3;;;;;;
3d00d9416405c19347e2bdb83184ba6b;;;;;;
d206575f1d5c6044cc729ee5f5632a2a;;;;;;
4be3424fdfeeec943d9bf6f1555016ea;;;;;;
d57a552436e60190c0ace449785adca5;;;;;;
b7cc23a928c9a2a7279fb064fe931960;;;;;;
48f711d8b3cab2fa0f07dcf36546e945;;;;;;
b3afe585ff25bc60e2085dac3f07afb5;;;;;;
c3a73a07f01eed26f956da1aa38fd9b7;;;;;;
3899914979ff38bf8d4c862b5606ed97;;;;;;
6c18da32c63cf7a02671b1768ef7459d;;;;;;
bb2b86a428686d10ff1130514e0b771a;;;;;;
fac3cc6b4c49c2df9795b8d7478f58cd;;;;;;
ed30ee429d92b79231839984f4b2df02;;;;;;
590218cee362f4c765c06996e85cfa3e;;;;;;
3062bca819a7f2ee1871018fe2df3979;;;;;;
0603bce7304acc3524722ebd3db3b7ed;;;;;;
9f58a1d6073cd4eac0a207af107578ee;;;;;;
218a2608ef41e7fa94709ba9a154fde4;;;;;;
91b9c93c8ad9c4b07bbc7f97f32bcf1d;;;;;;
4c71fcc619978ed8b855269b6dc06a55;;;;;;
8ca4afbad354cf9b3d44dcf90ca132ce;;;;;;
20d04e76116cd59b770665520abc88ba;;;;;;
219cbca4daf2f337c5017331c6b0c231;;;;;;
addc36143346b9d6206fadd9e210f2df;;;;;;
52f30c7348a5ab5ffe07f74c259ff6ba;;;;;;
337b859a3849c5e136536f1b121d9a27;;;;;;
ef2bee9c94846cf2b68a58ff6ed4ace1;;;;;;
4c2ffa4bd4250b6049d318ca54ccd2d9;;;;;;
3a4a9ef5de396c1dffa2f3f1a193ecc4;;;;;;
e05365d622af2baffc5b67cec3d6854e;;;;;;
93afa4e80f179a6a9f6d844f96a1fda3;;;;;;
e993b3e69b77f726097be8d5cfad533d;;;;;;
f69b5fea57b75787205868eb09a79cd7;;;;;;
e7394c12926ac73d4318dacbe2161a42;;;;;;
2bdc441d50c6fca53a7f948995a8aba7;;;;;;
9a3652e9553d66f76acad3e2363c4869;;;;;;
224420bfa87871104a7c7e7e7ffdd93b;;;;;;
934842bd827363e2b796b8b1676f4b56;;;;;;
eeb51aa323df515442f7005e2154615d;;;;;;
511a9ddf6b8b3996fa1d2cb9e029cc78;;;;;;
a76bb21846bb1b9e60bef0483e78d987;;;;;;
d3ab165c5251e9c44a18e2df9086ef4f;;;;;;
d8d6e2c1b2f4ef4297f9675f266167f3;;;;;;
dc7bc4e581ae156250947647e3a8041c;;;;;;
69b6b335da9a89cf379391bf68ef627d;;;;;;
14f37b56137f16444fb8c784b731b889;;;;;;
c85afd016f9b4da4972718baa94ec1d0;;;;;;
5f4e3136d6dfbe5022151dd27d68bb54;;;;;;
d074a828d9948ff52d13b1f37676ba96;;;;;;
0a4651e181ad484226dcbcf12b850de0;;;;;;
cc84f0667af33a5f02f893098807ddf4;;;;;;
7de2bc46e18e4b233a2e1b037a965b93;;;;;;
085b002bb7fd1d8ac93ad4f0c770865c;;;;;;
12436968191b4abe6ec4879443aff4f0;;;;;;
97d871635bc9c0a124899f3d2bb934a5;;;;;;
ba7c527062660bd7f68b187c0ceecb6f;;;;;;
a3243fe8890f7b4481c537bfca3e4121;;;;;;
0010ffabf981e931138fe2c72fec6fa8;;;;;;
07102b4de2824c716352ac40e93b2656;;;;;;
ec86c13d4fd4c2bd856c71f6fc30f586;;;;;;
2ee30fbdedfda0c2257f776fc5fa1d9c;;;;;;
42a7916491c68fbce6d48d382409b79a;;;;;;
b3203a9e299abce7e1fb3f7eca9ef104;;;;;;
aa18629de109651f15cca582761ef8d5;;;;;;
5298fbae087fd4d991c5d945a24588f0;;;;;;
84ab31beb10c8295386bc86216119ccc;;;;;;
d031f56db03f3d7f96c80db20f4f56ed;;;;;;
a401b334f4a8e9b863ae84f8327686c5;;;;;;
0d2159de3b5496b66105b5b846738ffe;;;;;;
4f64fd3620c11523ea0924f379fdf964;;;;;;
9e7d46ce57439c56b51354c30d48ff66;;;;;;
5ea063c8cdc3ed0be942d23bd5d83768;;;;;;
dada959d94d545867a1be0ef9d5f8d56;;;;;;
90e01f7469166893a5a4a05f02c81703;;;;;;
ddb7441d2fb195dcaacf600aba898609;;;;;;
cf2a850adde292a9aed72b3a6e5368e1;;;;;;
fed109a82debf79b8715d1f03e6191b0;;;;;;
bb6ca7740335bf7268c616394e386acd;;;;;;
7c7ee06a47d38475d59cbd4996aa7148;;;;;;
33e9ff40f5601838ff82eeb87d02d962;;;;;;
a093d1087935dff6eb6aeca47b051791;;;;;;
87708a3236f4eb8263080315bc88f84d;;;;;;
d2cbc47d4c017f04a5fbccbc4a50911e;;;;;;
3db8fcafa62c6f3fd4106d4351a2b5b3;;;;;;
e837c22456024a96f0931d02b17c81b9;;;;;;
f8b97c43abf295ff4a565e26ea533efc;;;;;;
c06de553188e36006e002c37156676a6;;;;;;
1cdca6da0ffcb865e7e5d6aa57a2d9ca;;;;;;
b9a4abe28777b0c6fbec6012cd080daf;;;;;;
e34f257480e7f312204db24a89cddf6a;;;;;;
3aaa30abbbd162073632464c35a44d69;;;;;;
6942aa707a78553a2fa9ae0f2a0243a0;;;;;;
28d48c4dc964bac79538c7062d8003f7;;;;;;
b275c5d4167065f809a7c39921878669;;;;;;
c7f945d3a354d9f9782f7b39ed9fa810;;;;;;
58a2fbd41f46587ae10743573a488b94;;;;;;
c2c978adfa68d4499264c9339043cdd1;;;;;;
07f04e8d50da38730a3897433a70e78b;;;;;;
1e0a8e36c181e87ad1e6a4e2623ff5b5;;;;;;
b21c66fa52b5611a6309419c932eeeb7;;;;;;
a72be3c08a4e4fab4837386580aa0a8a;;;;;;
7cb8b8947a44f3ef19f471ac0995dabe;;;;;;
1c0bd4f827851bce7488de3eeca00468;;;;;;
0e9f30e3f799e6c28f3efe8b52ec84cf;;;;;;
3bbac55013d56cf7c57e045c63252416;;;;;;
78a2ff4df406ca96b1c8e01c9071f74d;;;;;;
b7b9ad83cfa802f934dfda9d14dc9545;;;;;;
db3788a1da14c385d19069aaa6a1cb26;;;;;;
4b0d1ad667304647d04479fa88d129d0;;;;;;
e3d14ace40cfb02f081237d9d0b29edd;;;;;;
1ecc903300729e4ef50f468ad871304e;;;;;;
3497cc35533a55fad519c2cbfc5b3d44;;;;;;
918a09e5344cbf593a76c1e0a4dfa732;;;;;;
2125e70f36f8d414bd10b43a765ae40a;;;;;;
e951af582a50a813f8e4d12913a641b0;;;;;;
fe6c45c3ddd7560ff39ab256d36f9baf;;;;;;
1a8730c396ad2e09f50b9a6e9167b0c5;;;;;;
dbea88d41f38b8141332eade30cfc363;;;;;;
e79a895e7fa649c06caf396a82271abb;;;;;;
ad854f89e686ad5be0b369859404e03d;;;;;;
77114d2ebf2596c964e94e8b66331884;;;;;;
bb173db59c0d70df26be15fc40e4d52c;;;;;;
cffceb538a06a800a3e182a6f79fac25;;;;;;
b3070857a394e336a5a2670384cdb061;;;;;;
84934984056d8201c038a0c40ffeb5bd;;;;;;
607b44766457eafc1e124bd0467a822b;;;;;;
da9eb92803872954a5734400d9f056d4;;;;;;
e2a88de462f285e9688d373b94a16bfb;;;;;;
971a366520ef1e2a0d71817507e58805;;;;;;
eb81f0fba95c060ea9c6975ba31d64af;;;;;;
f4aada6e48bcb9a347666d758365a3bc;;;;;;
28fe4c701e4274364489753c9591e71a;;;;;;
55a8d24dc545852884346b0ab1e74fe4;;;;;;
14d9229a09a3f81450245499f49e4281;;;;;;
90e8072e1ef20f4cd7f3677f06652dd0;;;;;;
9ea65cd5da6f13baaf7f7b2ce23cb958;;;;;;
cc06630bfe394d4045db0bb43b4fe25b;;;;;;
9285f82202488d6045b18db346f171bd;;;;;;
2e9470b58af00cdcf599ba1bbef322db;;;;;;
2f2eb5e4bcacb0f33b2385581ea31c4b;;;;;;
2acec9aff4cca86f960d272b76ac5e5a;;;;;;
13f7c2f61e2c751b582d6c2cad3cbc43;;;;;;
446610fd3a6debc5c03da0e8a52f2e3c;;;;;;
4d0918c8609052c08e904c3c37e9bc57;;;;;;
93685b97a8da6d8bb551a1495b92e0ac;;;;;;
adb65eda68bd4b4f948c550a3b270c8d;;;;;;
69e123fec4868c226c103935c064eab1;;;;;;
7e58b8533a324164a08eba99c1ac579d;;;;;;
4d8e7c57c77f34123fdb65843c59e290;;;;;;
5b6318be2dc7a9c630a6c9de8a58bd7a;;;;;;
a8e773ecec060e72fefa0a7a072804f9;;;;;;
067d22d04b16efe3e26882b1a80ec983;;;;;;
ec84b0ae859ac94cab469a5c8095d550;;;;;;
bd99036fa09c8404e4403d58cab7a7d9;;;;;;
8011328534ebbecda3b3613885594614;;;;;;
df0d8ed8b6378ce5bfe9a47f61f88b4c;;;;;;
48af264dca301f6db233c8a305820328;;;;;;
60fd43f90686224360bb2974fea4d4a8;;;;;;
0727064435c815cdad310c3ff5b70c2b;;;;;;
82ece00a382a2f42c2701d7dc6605c1f;;;;;;
9259c977453165bf6b840ef4ec3a1ff7;;;;;;
08fbcb70f80708f2759a2dc3199cf70d;;;;;;
704ded9847cd2cb442039bab418a1256;;;;;;
11841bc0a5665ec70c64a37f005c86d4;;;;;;
de5e2c8a9cef2bc30548e9d5d758ec99;;;;;;
b1cdbad35d4b1d19647f446afe2c953c;;;;;;
9aff2ba19c7bb4e3f2f6b5c3c4f66169;;;;;;
42703af9277d5b532d143d08fb7ad47b;;;;;;
a230e4e16b86d0072644e0ac5c9b55ff;;;;;;
ebbb6ad6cbebf48ff9eff4ddfb1e8a1e;;;;;;
218779920c33f20b211643ce1544c704;;;;;;
57b739936a511d07e3d65460c542f2c7;;;;;;
75886f2fb63ce68064e42d773dea303d;;;;;;
fa2f04a00f3f5bb9036a6c72f6716516;;;;;;
3a402b0df7e3993ec9c3db5fb4602887;;;;;;
a40a35814e175d200a39eb3928478aa0;;;;;;
2ffb0a815f3dd91863fcf7235c9fbac2;;;;;;
6e1816f4be0a2156e42b77cc6b5d14e8;;;;;;
29cccb8bc1f40aed9e0ba3b0c2064ece;;;;;;
3dc33a164942c472a516249ee3011ff8;;;;;;
f4df01139b89645ffb639084d7be7436;;;;;;
9b1d093b5348b51eaa60f7a7c6b37246;;;;;;
ddba1e8f5216db41fcfa3fbc6ae14433;;;;;;
dbd3db5486dcacdbbef1905001162059;;;;;;
d385d64d0b193fbff795c111a8329e53;;;;;;
e371c0437cb87a0bae23224633de0076;;;;;;
4325cf06c39e85070d56f7facc1c7a33;;;;;;
af4322f68dbddc447d5c23daac56ded2;;;;;;
4774e17998cf051e01cfab17a7f8fa81;;;;;;
244d24b2ef7eeda57b2abdc6e93b8333;;;;;;
ef03b3ad68d7afefe2f6e850bf632e61;;;;;;
94e5e763165385c8843aa496ee4b729a;;;;;;
57e03c7c4cc5b23f2d13df4d5733526e;;;;;;
a1b79858ad6970bebd6745b9e4379bd3;;;;;;
9048f8d5f8351cf8ace5ac2b01e6ee93;;;;;;
05ec3e4dad59425a4718a9ef4bb498ba;;;;;;
658efc2a9d5fa94dc2512813ef363d8a;;;;;;
9895bc5730411f625a051d717947f6c9;;;;;;
92ef97fce11e43018695f15fdf1bd944;;;;;;
c6a23d98c371687b59128fbab85e74b4;;;;;;
401bd67893d2992db6981f40cd7b6ac7;;;;;;
0c4ee6a83090d998403316e6f2c17642;;;;;;
e9a8d081c1da4cc87e7af6ed3aaf05bd;;;;;;
4b161854f393bc2601ef1928bfebef15;;;;;;
1afd9c85dbd31c0a2f89aa758238457a;;;;;;
8c0a416e4b239fa66588ab92d8a07567;;;;;;
5bfb5889fac60f7521de0001652814a4;;;;;;
550a18339ae32d47dd1b658f33e3bd58;;;;;;
855304313cd642ab6fa936c61495eddc;;;;;;
20062734bc84fc4fd2e736084700f72e;;;;;;
06515df783dbe2774b930fa162f066b8;;;;;;
102b52dc09f384f789623ae58cc92404;;;;;;
435ac876df564b6bd326839d59449e9f;;;;;;
d2bc1611cec2c55e5ee5eb74486be32e;;;;;;
ca59dd31976b80c36c017262907cfe73;;;;;;
d134c1c7ea296d8732fb651f9ee4a0f5;;;;;;
3a0dee6a6f67fd66763a06fa52250a86;;;;;;
fa6d33a6aabdea8418de8b0204d701e1;;;;;;
abe21a15407e7c610cf5f3bfa7fe67e6;;;;;;
c2ad5700d27dca1a88d9852b0cb84ebe;;;;;;
95d4880872bd94449055c8bf6b12d295;;;;;;
8acee7faf0c9fed870764bbbfdde9d4e;;;;;;
853a3bb9a38fb4a89b544c6e429f0fb1;;;;;;
da39ffd14bb485b9794aa7ac3612bf58;;;;;;
9b79e1dda9e04e8657c6f3955604bcfc;;;;;;
75958edf5c61b531b7b09a37de5e642e;;;;;;
1be27e08ffd51ce35ad3d19d425612ac;;;;;;
104e02e4a1ab81079c3c3d629acf5233;;;;;;
0ca2ba813bded63136eb83797b533a3c;;;;;;
7a690d8489c66c0c2a1b82c1ac899af2;;;;;;
7442e05a827306523eb91bebb09e1cb4;;;;;;
40d993620153537c82f162c031e00cc3;;;;;;
134b372f44cc892cb3825db70f30d1e8;;;;;;
0b3b8c01f2b474dc39ba9eede2cffab9;;;;;;
739acd79e6bd97d76ffc840a4a340691;;;;;;
fdba87e66c28052e2e34cad4e992d3fe;;;;;;
6b865df20e887b67b889d43d9e696a43;;;;;;
8a81e02f2735085c7ad6eaaf221a3020;;;;;;
a710b9f621a57385fbef43754dffb6e0;;;;;;
62f6700089b7094b2d1046389d4c5159;;;;;;
acfc9e6bc68b074ccabfb6ca5bfed0b5;;;;;;
5e496cd2449be1582172c78a35bb60a1;;;;;;
22f567d0658b3a93995397acc27fe749;;;;;;
d9643e4f90b619fa77997ca8f55f9b17;;;;;;
7376afef23510a027c2ca11817deb50e;;;;;;
d6a5bb124af551991585ba15c95878cc;;;;;;
0ca88c1321fed186139fa053a24c4b70;;;;;;
728e7ff21309cda21308e7d632965257;;;;;;
ff702555119f6aa520217012fc38453e;;;;;;
66d5f80944f7c889b36fe317676618db;;;;;;
caa688703004651351c0072f1c7bc050;;;;;;
0259cf85588f95a8e93bead332ef2cce;;;;;;
b894737583f88d5b1f0849408eae51fc;;;;;;
4e6bc39bd632776b75797f61cda9d8e6;;;;;;
f551ad46883941996a557dbad0e9ad3c;;;;;;
6c0419cc0236eb8f5cd5e07b0996765e;;;;;;
4fec28647d1e3b0baa464196182206c1;;;;;;
9ea9d9a2f70c94800586ee70fa6079e6;;;;;;
0f4829497fba2bc6b0517c7a04a17420;;;;;;
bd8ed17d96b30843c1a7657d450e905a;;;;;;
3f02cd47e60d94057957259de3e198ee;;;;;;
8dcc52e6edc370004345dce06e6d7baf;;;;;;
7b52434c941213f5f250894f5f53a5af;;;;;;
3b03329316ad04a80557da29b4eff535;;;;;;
b39463f2ee923a4cf2f87b9fa42d8879;;;;;;
7f15092c7fb7a1d2136d1d7de85068cf;;;;;;
d37dc557e5c82c56bf81433381e01aed;;;;;;
72fc6de195101d67c93cd66283ca52c5;;;;;;
0667b96aec7078f18e57dd39bc4b694a;;;;;;
81325343ffd168c41b81d747c21c3ad3;;;;;;
d372a3cc588f1977211d24536af43bbe;;;;;;
39b6eac581b16bf0d15f2ecc575bd64e;;;;;;
c93c2d322259b519777da868a8b4073a;;;;;;
8eb378528da0911f89aa604535b65063;;;;;;
fdc8ffd8b52009a4977839551438f92a;;;;;;
4466929dbb72c8d17d4157e63261920e;;;;;;
25ec7c05feef1a344fce30170f35277e;;;;;;
ff147f739c5767f5a2cf61093f309623;;;;;;
b801b110370b6291c666e5195f34f739;;;;;;
10556a55fdef8e262fed8a5c90b92f46;;;;;;
326b7b7d1e21ef58af69a868fb7e2784;;;;;;
7ce5d3a49ff0773080849072e9b26f09;;;;;;
560eba03039eb0141bdefacd1d91dd2c;;;;;;
40e898492e7b40caa810d94ab2ed9f55;;;;;;
917f3b3987f9b584e3526c546b4e46c9;;;;;;
059e523c03ff88b0c054b425b8c5a204;;;;;;
c3b84fcbfda6c72f884ac8a1a005cd45;;;;;;
656119e56c185e30e860403e91428241;;;;;;
9ca1ed9df92fc9775e46d015a9edfbb1;;;;;;
4900499b44cb00b557909d794c6c3993;;;;;;
1d7b2448d766cea112e0148cf77316a1;;;;;;
62939d97944dc6aab973bb65d7debc8f;;;;;;
b9d984a19d5859656cb220732ba8ae7f;;;;;;
ac4ab5838b9c7724de10a343139c46fd;;;;;;
c73d31207826c1dda2ac24a5566e83ea;;;;;;
3c4f35c3871fee9331ab66b3d0988b19;;;;;;
87583398c7975f46e89973ccccb4858d;;;;;;
941fb4d2090ef3f61653768816458edc;;;;;;
1e5a871f0c225ed9f3aa5a9f24b34c67;;;;;;
aeef966194ff1fbbd99156edbea01768;;;;;;
09b01f7c0d40cf7696149cca351d6376;;;;;;
b93c67fec7afc2f84796de1b5514dc16;;;;;;
d34364396c69680d42b7fbde4476b9b7;;;;;;
33f9c62d9b991684d2f7b2283f1f1302;;;;;;
5088b865cf90a26ee3f9b53b3df575c0;;;;;;
8d1f2085716db0e6e5181190e5f4bf17;;;;;;
8d4e02553afa7304cccf78509e1a3567;;;;;;
829803231bad615f1f2c0c2d384ed59c;;;;;;
a73444cc0f049b837b17709e076a1458;;;;;;
62da7560fcbd911d6edcddcdd68ff3e5;;;;;;
ba0b10ef5a165c893e3ef8f26d21a22d;;;;;;
bf90de25ebb7bb0f098bd0b99953ecaf;;;;;;
170c13b733b22ea3786f6e4589b8d9eb;;;;;;
d200807f321e26b23dca36fb39b3a014;;;;;;
c930038cd93a30e42e30bdc0990c38a1;;;;;;
1a0b714a85f2de8f239e8c12b23e5307;;;;;;
5ba295e3a2737cfbd0bf70bb16ff5936;;;;;;
329d4c7ddb92973dc60cf843798c4bb7;;;;;;
9b4d9b27d11d18d91f5312a7c2253c02;;;;;;
5c79ba6ab32295fd820d64d0c542f665;;;;;;
41ff4e9fe22ae708a983e91fc2e251e8;;;;;;
9a04fd34e751363284ffd055dace4b28;;;;;;
0d2f55fd5a3bff3d86a237e6517c1eee;;;;;;
4bbde171b7d431c99c3fd676133b384a;;;;;;
31539e85fe0de561f3fd90d0f2d75a2c;;;;;;
aeb4ccf86028d12f38c17a0ceab84b59;;;;;;
21711873481a7cdf254b87c30b1d38ff;;;;;;
86654d3fdec806ba6052246579e95512;;;;;;
7dbdbc4657ebbabbe400bfe3af3833c3;;;;;;
d77d543cf75224659a22dc07b1707898;;;;;;
c6bc63d11b693962d72740c9c200032a;;;;;;
c8a7e59230a958125419fbe4390a5216;;;;;;
e33076252b94333f39d6f551ca872c8a;;;;;;
49ea2a4b1ba1cafa6cbf299d3f5d2671;;;;;;
27d8e966e115f03c6ccd342ef5c8b17d;;;;;;
c07cb6c0bc1a06a614d4538785f1b8df;;;;;;
ac32b44c8019c033853da210722b346e;;;;;;
3d05bd3b18d75d7742e8446404ec425d;;;;;;
4a83221223ad486c75c5250292abf35d;;;;;;
bc0d3da47ca40237cfb85bd40689e0b1;;;;;;
99a7a0aeb2b8de294b05d2140321179f;;;;;;
15d461468252e475650bdb44937802f3;;;;;;
3e479ad04a1f845dcfb00f1a434ab8cf;;;;;;
1d29c58bbd95935b0236009e79a92ced;;;;;;
21318a64145400c21ae6aaa2466e84c9;;;;;;
5763a0ee6df8ac3c685baf059cbe63ab;;;;;;
738a1db750d8fd5f9bdac95ae420b8c1;;;;;;
aa43545a20ad7226becee4307aaf098b;;;;;;
dbb691ebea50496c829e563efce51925;;;;;;
eae676dbb17465ac8b5e52b4612444de;;;;;;
89e0cd24e7cf374fb8cfb1f8e4eb1dfc;;;;;;
f0b9d5b92009d74606a5548e60290878;;;;;;
af47b2d2a32711c3f2847d019e970587;;;;;;
9d318459aa094c2ce061cb8f276b23ea;;;;;;
1917b36f4f97d64f5c4ae066c59483bd;;;;;;
dd484c8b7e27ae9a56483998ccaadd72;;;;;;
a5824f10c3c4d38f010c91c1e4e934f5;;;;;;
2a6b68b27292e0fd1508af71738ec6f6;;;;;;
677ee61d4ed476ba8e0028e2c8055a61;;;;;;
b233b0d1bf829f894486c969c96dae50;;;;;;
29ca369d2c469114d148c433279a5b05;;;;;;
75562188b5705c36af7a2cc8ab2d1711;;;;;;
4abf7bb5f66257977195e5c04ba0701f;;;;;;
9eaa217349b551ea634a1c6425912612;;;;;;
1ebfe4f6ea34792abbd16663f8c3248a;;;;;;
9c358e14087614db77049d6e82f6bb89;;;;;;
bcfd0d5fbaa8645889849bb6efa7d754;;;;;;
7b43ce327282ffc9ecef92bf6e20950f;;;;;;
a04d11c257f31cc924a8a3a9b1691540;;;;;;
93def2b5b2bf9a5061a686b266061585;;;;;;
5f348506bedda0d58c932adb1e222b3c;;;;;;
d07274c7872dbdbf0823c89e3c9e46c4;;;;;;
da3948bc8044d71c4ed69bcc665cf1af;;;;;;
a6a6a1f63bb1b3b456b3d71ab344506a;;;;;;
a22fa2fa7ce07af6e1c5563bb4dc15c0;;;;;;
3f9b07f021b5517c15258f1f8994aa14;;;;;;
202b52961f5e6b26c1b50c9095534545;;;;;;
8adcaeb5f148a0b23a5029084fc54b22;;;;;;
a5d16d11bd8b5db8ec4255c998c5c806;;;;;;
8de88bb3969eb99ca906ca95f9d5c086;;;;;;
6169e0f2930d9118f73b7cd0471c08e7;;;;;;
7a3fcaa60a5310df5c4402620099a67b;;;;;;
f437b710e35489318388ec00758c7959;;;;;;
9a2f370bf44d43c1553008f1cd856572;;;;;;
d2acb5cb7b452f22a333cebe99e89ea7;;;;;;
42eac066fa59ce17888761e03427ee17;;;;;;
c1579e895b65c171dffb99b07816be3c;;;;;;
8a95e9fa01f32d9db714b56df4781e8d;;;;;;
f319051a4be185c60e408d75c0d2f2d0;;;;;;
f1295badbe5ca87bca703771cdbb4455;;;;;;
e6f1525a13b275cc599c1fb5fd17262a;;;;;;
95cdfc601cc108a748c7357d72ca0fb8;;;;;;
52f6bb234270754f045087087da10d07;;;;;;
41f917a275a0d655dd1851ef42c8d250;;;;;;
d9358a6bdb81d9e9f8ba43508e1b00ec;;;;;;
7a5416d5d7ecb64e0baa2c4b97987641;;;;;;
63344bd5d4b71773db86daf131c76f0e;;;;;;
2930d1f6d7c4d51912bf3e0fbba314f2;;;;;;
24b1b9a82381a42b0ba33f15680cf2c6;;;;;;
f8f75f65896fcf61783c68898afe4c1b;;;;;;
23773f1780ff19ba0193306f0097a510;;;;;;
659a803eb1e5a88fcf06e35f3a363867;;;;;;
860b93579fdc762e32b9f4f7983199af;;;;;;
546a77b6ade4f6b022567a9325ef96d9;;;;;;
20aab3850156c4392911a6b1d600f71a;;;;;;
ebe4813fff8628c8a2167e476771a836;;;;;;
19553f8aff3dcfba40629a0f1edabd43;;;;;;
0d41a18747532e15dc75906ec31445eb;;;;;;
30f751cb12f030266fb4ab00d50c01db;;;;;;
8aed0d7063f5a91ec4f1886de0b07af3;;;;;;
d4b326bc30743be1605dda04437cccab;;;;;;
f73553a44a35531b06cc8e1a8c4cec7c;;;;;;
475df95be1b4c059be09ec57f097480e;;;;;;
c23764f72b1ec197de16ecb38c915358;;;;;;
929dee959b98dca600cd44f23a9c11a9;;;;;;
7c29fedf4fb6727b2f83bbb7e550a9d9;;;;;;
f9cb81deabd6df80e01a9dfdd75657d5;;;;;;
d98a9cc895695e9a060f934af2f051b0;;;;;;
3fa62f57f7c61e86fc9268ac7e2945c3;;;;;;
e58d563161b7107f70558525c1a5cf28;;;;;;
3af600911d28755f4dea9f19bfdaabbf;;;;;;
dd78912b2b3d9016db5001e4ad592d66;;;;;;
ec722661d0e190e72823fda7f32f80c9;;;;;;
a612f5711eabd30d7ecb72eb0f2d408b;;;;;;
ad68606cda23c27c338540c261039920;;;;;;
57f644d470de6b62264b0504bf4c29b1;;;;;;
ea75054247fcec38f20f3a13f7baf681;;;;;;
25254ddadd0dd642f4cc72cedd3267be;;;;;;
2ce4bc2c3330a2bb0ef9fd3a276f812c;;;;;;
b1ff55bb3467de76503292f5ea824533;;;;;;
622458ca8b43cd422df8d1c1e1baed16;;;;;;
936c0cd260a9c7921753db868ad435ff;;;;;;
aad2ea42ec086d10aeb18ab40d402f68;;;;;;
20ccb2b71d65745a71be9ddd0bbc02ff;;;;;;
49aa231b0afbda69cb55ecb710af6e79;;;;;;
163a44f8198d772357287223994278ca;;;;;;
9a21f1beaee8765ed9bb6b5655372ef5;;;;;;
93c5b3ae37030eb74f4d0db984e28a97;;;;;;
ac75869185d118b9803fd4afecce45db;;;;;;
1bfec18b72805b3e04898eb913d71562;;;;;;
bf1cee163681d22aa4967eaf66a9de53;;;;;;
c09e15217df2f82678b7484b59cd37a5;;;;;;
46c4fca815fcfbd0291cd19371325db2;;;;;;
f90beb07d733efe9b6c6ad839582a3aa;;;;;;
9dba5b08096a5c2480151d549bbdec7c;;;;;;
80fdc7792ff5e2ae3368ede20be2c868;;;;;;
2bb72daf44825f4fa8fd9fa453a51071;;;;;;
e0ec8e4cc829a8666acde159e801c693;;;;;;
ccf9d5fbe2a99a97b74776ff733b78c0;;;;;;
48a7e0368e3c95c3c01b1d8f69ccaf88;;;;;;
cf836744399a995298b8e5c6f8eed092;;;;;;
bc5ddbc6623d5cc75a66b97798a074d6;;;;;;
409badfc0465ed5b748253fe1a6a6d2d;;;;;;
df377371d354aee0f725fc61a7aeae58;;;;;;
bbbf0e45be66ef1f68cbff0e3869df7c;;;;;;
30b896459ce207feec74955892fffd33;;;;;;
875de4ca2080aa07d250d7d58a509c2f;;;;;;
f373036fd44a4c96aaf0c2a4cfee52b0;;;;;;
660161859e15aff12ff917eff296b9b6;;;;;;
35128c524004319e168789e9229fffbf;;;;;;
92783c5a667274ff0c0206fdbeab287d;;;;;;
102c3c00c449b784fc0f0b673c37e70e;;;;;;
8698144cc1e3d12119c101651df1333a;;;;;;
58851356d89aafc35e1258e280f2dc4c;;;;;;
cc0827bfc58d6002008fe22d9eea8cd1;;;;;;
4de4ae4d90415fcec17ce91c676e4276;;;;;;
64490e1443620917294bfadc9c599554;;;;;;
1dd44811c8216053fe05b141b486d53f;;;;;;
9f04c2ea7addeefd1e08b4f8fedefae2;;;;;;
3d473a8117d7dca6684b82b876f7318e;;;;;;
263b22b2149b8a1a3bfb87d3fad7dd83;;;;;;
14cbf044af2536ee34c3f0a27c539748;;;;;;
35a7d84ddfa0a3ecd821959c5498c573;;;;;;
faa054e61cb6c01048cb2435bfffe979;;;;;;
3c14c6bb4eeb6149f7d415717fe6a99d;;;;;;
9a16be6f50c7163e2d3438ff4a84418f;;;;;;
69fe6041505e686cad0ee5b46533c1ed;;;;;;
d7d4b169615845804346cb6b01803bc8;;;;;;
7ce45cc29e98362dad521995b9d87e19;;;;;;
ade02eb9ae9a4515f02bae10f06b0611;;;;;;
6c23dcf94dafd74b6ee68148232ca69c;;;;;;
ae3a1e93a2ea360774a0aecbf96a44b1;;;;;;
adacfe13cc5642af8fe2c5ca2945b917;;;;;;
52fcbcf6277406f28b2483fe2c46f8e6;;;;;;
22cfdf188b6be2e075b085071b592c00;;;;;;
dd1023ab7dc0832b667c1a6842247a78;;;;;;
c69c4949a9b897135144a44795fb106e;;;;;;
36d28a062bfd2ca33b85f944d59f6929;;;;;;
e7b8745861c13e1677dcd69c4214bf9e;;;;;;
bc844b2e42bfdb43172a8d6cacfa40af;;;;;;
f5314c3888de3225a354a614bf3c3915;;;;;;
37e6ccbf45fecdb75523421e7d100415;;;;;;
deec3d019a6a779b8298405197c6bee3;;;;;;
d68ed2c3e1b6a982e59a966e944f800f;;;;;;
fe8368e1b3fa96b890e67514a39882db;;;;;;
ffa6c76cf7f5de06a7f633243dc5ba94;;;;;;
eb2e5dad5df7ad51e1a64b159a03191e;;;;;;
ce5c2f9f648b1620020cd5d90ff275c6;;;;;;
c2bdeb37cbd03a330c84237841fcdaa0;;;;;;
1ba4452a67d425b998f397f38b532e62;;;;;;
d9e03521e7d21bfe140724c66880345f;;;;;;
f81a5c81d4d904bd78f2164c25f8613b;;;;;;
e9b7281abdc7607303213485794fea33;;;;;;
4368aa68739eae3210f73b190405a048;;;;;;
8609357b43106b81f8d920ec504e1c16;;;;;;
732d878ed23656bced804740abc23c39;;;;;;
1f283247682231a4da46960c15930181;;;;;;
06ed403557b8f86ea586ab8cbae17087;;;;;;
a9aff8b5ade69679b28b9f8143a7b26d;;;;;;
4fbac5f151c4aaaf9fd6a1ca2a3b2bec;;;;;;
7bfe06693b89e23a58c8326ee10d7084;;;;;;
846de9e13338c86db6e8b9374c14463f;;;;;;
e0158f26c756bd9974ccb5539255ebf2;;;;;;
c441de0e83b68d730769e5b2c1f16615;;;;;;
0c6c167324220598951e8fca917e9c34;;;;;;
8307163326ef3a763f81bf5d1de55ee2;;;;;;
212dc13a52d394a062c2cab061cbc6d7;;;;;;
ef84e230322b69c1527e72257e5bc7b7;;;;;;
c083068b6c6f9335b8ae54e50c94691d;;;;;;
17bda9f8f3241c526b46e62f2a3bce11;;;;;;
078b9eb98d5ad917288b4814ce3b8813;;;;;;
b48dc53c4be0e266d0cb666f601ea38a;;;;;;
56c14342aebcd64ea6eb9fc0786aab89;;;;;;
312418258aabab4d81e53f4d55e131ff;;;;;;
2cfbd85e9a0747401711eb04b1432798;;;;;;
a5fb9cfa32ea2d609730becee5bc8b53;;;;;;
05c3173dcdfec8ba2c9d6ffa17c09085;;;;;;
d339152eaa5672686d1f2bb6dd2aa147;;;;;;
2ea10cec36df083aeeebc736baa7f3c1;;;;;;
2bad4fccf32a0c9cbd477ca3381510dd;;;;;;
9a250e96e9d269ec2aa9a13a950c27dc;;;;;;
2e1ab3cc1b5e2a0f354be6a474d02b47;;;;;;
7b2a95894be7eee350e2ac9cbc1291cb;;;;;;
150da900c28b3fe74375e2d1e5c2e59b;;;;;;
89866adef08606762200d1cbeec089c2;;;;;;
e2c9d522a415952cd7218e21182dd8c4;;;;;;
fa2560953e2ef748471191fdb14acca5;;;;;;
76cd84b0fc2cb9d2ebb7bcf0a774496f;;;;;;
15cc97dab326fc9c591961ad574e458d;;;;;;
3140f1dae8f09a05485146554b2c39bc;;;;;;
d9cbb86c3a3d2aa551853da038f3d541;;;;;;
765037b2a72dbdb36d3337f38c2647bd;;;;;;
fbee419ad103afebfdce269a13c305b1;;;;;;
ac997ffbd204f0a24c17702ceb232287;;;;;;
14b51ca39bff5504de50368acaca94d6;;;;;;
b758926c36c86bf65d087595c2738e70;;;;;;
fcbd4a140f038a74e3e06bc3656e9f8f;;;;;;
7c4dfa8b86e785d12f7286388bb26291;;;;;;
8e2e220d23b9cc30f9cdbfb9aa4cbbde;;;;;;
9abcf8682e8e2bd9428fc3304d1b31e8;;;;;;
aa2354643f14a721e1e3de9ab8e640c3;;;;;;
18f3a633101cb3f04ce7ced9b498773e;;;;;;
eff800f367426134ce900cdd19981009;;;;;;
e78e66693477472da158535cb033bf66;;;;;;
2ef3ad580a999f449fb69982b7d08aba;;;;;;
9bedffe1efd9a70bccaaccb78ab07206;;;;;;
c87ad4596aaacbbe1f66fa081ae7b9d7;;;;;;
1ddace2ad4c4d107f77168f844e3aef6;;;;;;
007289f18644d23a179e91f2fb7de197;;;;;;
085dbb68a2e9aaab15034b2de5e59139;;;;;;
c622103b769e4b2ca5fe6a89495dd445;;;;;;
0d7f5643f41ff0b429d9764b14bef951;;;;;;
1c428abf1a11c8340ff22614b671c108;;;;;;
02711d5184e74dbec2969c0e5145ca8f;;;;;;
c752f32f8d99eba2df461d6605eb36e4;;;;;;
41ed30eeafa4c57520bcb543fba04db5;;;;;;
bff695e3eaa665b9295def273ccc9f80;;;;;;
c0638b9a1a0b64473b876af4acbfd8e9;;;;;;
4837ecb7b6b2a563306ca8b5a091d4ac;;;;;;
d379f35a5421000197bdb80f40a2a5e6;;;;;;
40c3f31cbb30da6e22db49ac69434327;;;;;;
ae4e6951389d86aaa216a2ccbe262e14;;;;;;
1cd743c38bd1c07df6784bf2fb53eabd;;;;;;
aae9a52f5482c8d030888faa68d62bfa;;;;;;
15053319bef637a5b0041a5dd2a57799;;;;;;
3536416f4af7e7a8d65bba2f3753ea6a;;;;;;
ce216a8a007735fda2b1a20583bb95c6;;;;;;
2bda046c4bc213e7716f6d02b53e8bd3;;;;;;
93d459678c3b12a72251113606600c4a;;;;;;
61114b291a8352602728d2aa0290a2a5;;;;;;
7a25604d14e0605ecaf5b657e0ca8421;;;;;;
706659c16b21d2f6f2aea25e24075bf3;;;;;;
bd2c2ea6d94bebe86066287765842e22;;;;;;
2f38f19c527973e44467dcfdccf62595;;;;;;
398e2f4173ad594e4dec87fc642190e8;;;;;;
1d00158ff83c3f4316b160bd071c56c5;;;;;;
e6af7c8fb4340319ced16177df5945ce;;;;;;
d01d20109a31cc48f352ca0c5a6c0ec5;;;;;;
18c07ad3c4cdb1710ba10792860cf3fd;;;;;;
369724d858ee8bf455f5736666fbbab3;;;;;;
a22e2e48b0aac12928caba0487df6945;;;;;;
3dee3e36c45beeb9d8d3ef234a61ba3e;;;;;;
113b8351fd514da1f2e8da23e3105a96;;;;;;
1de44535e43ffb4fcff57cc0ba0a5d09;;;;;;
cae67e27e54a4c0290f8b9ba822bd632;;;;;;
7b402b93b835f07ff77c1511f592d397;;;;;;
b76d5167c8641c1784cf98331c94ae87;;;;;;
7571949fefeec72c72d9ff3d82d9de05;;;;;;
428620dd7d5fe5355ac201a2f970e674;;;;;;
07f8bafedf98d27c0cddfbf4b904d62b;;;;;;
f629b9125be9f8cb1c00fd33dc6e848e;;;;;;
8ddb76259eac1aa90464a81203181036;;;;;;
caeec0e99a7d539c256438be025765e7;;;;;;
f0cb5cca3bd9a5c45717eaf1bc73db97;;;;;;
29dbd211bbae2d1719b386d881b68909;;;;;;
a0155bac5e53df171a35668a7c11da7d;;;;;;
0655c3dba6def502ec7c574cd2c66bcf;;;;;;
1dcc85a21b63b825218c65689936f427;;;;;;
2b3d704b3aea31122e7871526735997c;;;;;;
b52b4593eda15b7386252b79a63db3a3;;;;;;
5ff956deb2e318ce9baff022fc8fc9a7;;;;;;
f98b62203abc3e2b7b63dbfdf86a3765;;;;;;
b5251f9e4b1d4fc5cab6b69e787f1a62;;;;;;
ed390b79030f2e8a9bd01d4e10524609;;;;;;
865a8ac84444fc02ed44d6c74a27a869;;;;;;
b5f5678438e89cdc106a874184e19bd0;;;;;;
8835eb8b6d3ed3ffbec3ca01156e5e98;;;;;;
7c2e16356898899b78eb14ec8330c7b0;;;;;;
9f56eefd42fede62a99e079a05617c55;;;;;;
d179318825d8bbc648af5eb9292dd8d6;;;;;;
99053a0066147df4afbe86fa7db32e32;;;;;;
df0148cdb0159c5d4a6af3cf879f4055;;;;;;
3ef36429995c1289e846d927da4470a8;;;;;;
bf8b8c654eb893868f08b0031e4b564f;;;;;;
6164975e0f7ae5d929cc7935bbf2c003;;;;;;
0ed2220b3e74916c8c0842c16ff31ed8;;;;;;
529f19f7c49c35c5390b2edea442e9b3;;;;;;
1e5b4d31d97df286030c353008a2ea1d;;;;;;
38dae37a6193eda79a3bb0a935f02a6b;;;;;;
3f63b7cb95a8463ee99d3dd61b00d61b;;;;;;
5dd669dd2078043933bc0b3fed0d058c;;;;;;
9085a4b0d4b61467aeb9fd7d174ac409;;;;;;
6f26ccb656d796df6a6db274c771a7c3;;;;;;
ff47f1c7d06db009a0b6558ab16c10a9;;;;;;
595267606382a338f2647028c96b7767;;;;;;
56e9f5a2b9d37fb5e9b84d9f5df8b965;;;;;;
41834afcf9423b824e5fc92a1da08509;;;;;;
49fdc972022f116565facc1bb6b7f9cf;;;;;;
3b6a36d96b0c0e2cb20b1792fefb52a6;;;;;;
427731bb6bb7e38cbe5ea8606523c3d7;;;;;;
cac962feb8c76f76ede1c06c2d79fe97;;;;;;
ea4d32b2accb1b8c71483b6d63c2ed09;;;;;;
eba082ac6cdf3728f52eda5472411c7a;;;;;;
7307f0d545615b902f28298da1bb1a37;;;;;;
c04cc73894468da7a67df93ab3ca4163;;;;;;
1302dabd6bad3f3cdbb80d80d8358894;;;;;;
588dab8eb00ec9dbbf5e8cc78789a796;;;;;;
2af01a09d42da6a606d741b75e9d05cc;;;;;;
751dafb454dae2d33b88538615ad065e;;;;;;
9c102038da800764e1fd09569f7960d1;;;;;;
92a69243556a886448709d304cd02935;;;;;;
b5ccf1ce998c15f633f5216f1e52b526;;;;;;
1c2cea5b6d618f4087120715dc595813;;;;;;
de1c21ee4ba95a5f90cc80522f8174a2;;;;;;
570924b1f8181c2f3dd96a54492bb6ce;;;;;;
aafaeb58a6ce5cfcb4b391636d6aa4d2;;;;;;
cae7ef549f8fa7b74704dea80c0b4cd3;;;;;;
5bdaed2f36858344a729cb18f796a8a4;;;;;;
382417d78637fe3e8901edad5871fbe9;;;;;;
e6bd022adb75dd85c9b9312708ef4314;;;;;;
ee3625d3bcdb6bbc7ffeaaf542a916ff;;;;;;
87c0375afb8c35b2bdbd86a9d6f01baf;;;;;;
6f8816ce58773903c34a259939dec93b;;;;;;
7d4619ca814003a7c2e0bf52da698469;;;;;;
211fdf8c5e5257b6aa3d87235e5c8d95;;;;;;
2db4c07029c4e7f6d166d172e28f1310;;;;;;
3ec48ed7534084b0ced60032e1f8da2b;;;;;;
5cfa53e15b54aecbadba9e17e7559066;;;;;;
08783b62e6e447690e91194ee4247cbb;;;;;;
25d6ab3be3e4e8d6955ee9967a77fb70;;;;;;
53e06dc7b17a590d64979f9699d42240;;;;;;
c0ce30aa8350218afee0cfa6c4b3b92c;;;;;;
8376edf4b2a2151940173be52569d9b7;;;;;;
d8d33bfa69e275bb068712fead92ebb3;;;;;;
ef90e611efffb757086f551c88fb5513;;;;;;
f873531ccb674a56e61919785d3d35ef;;;;;;
ea0c43a8c9f8e08ac892e1faf4bce83b;;;;;;
9ca115aefb1aff71842e7d48b5b3c311;;;;;;
82a31f8d6fd2514355afc4e60de1a3d3;;;;;;
326beaad8fe20702da9dda9ba90ec769;;;;;;
ee3bbee01b42c31ef0646b1ca187061e;;;;;;
93a0b0837be3f944b2b14cb0228e4141;;;;;;
c90d7556aa4dc78f837906f9c5e9c4d1;;;;;;
a7091c0c797643832860c5aed1ee1bb9;;;;;;
53772deb9c38545da6d0240356826707;;;;;;
a5017d61e68771d1adc2fd699d233f63;;;;;;
43cb51ffadc4d37cfd110613d4100458;;;;;;
05c96003c6bdde4c52fd5f865a2a578d;;;;;;
22784e05a057b11b756aafe3fea7f866;;;;;;
a5b76e8123e6e31dad10c18a037be2be;;;;;;
115501a809b15cf08e04b4e981b6796d;;;;;;
1417e3a2116275370277eb7a9d89b540;;;;;;
a43de6ad2212cc8874df918242056151;;;;;;
1dad78e6b055636db1ff41cdd4d862ec;;;;;;
950006401fadcbc13408aa77fb8ecfdc;;;;;;
78a4a48916dcdfbbe10821e370f47856;;;;;;
0cd12e551cf930bf7acba66c56c14a63;;;;;;
d5657bfe92d82b442730cb90a786a9d5;;;;;;
3c1ab73bb1c6150f898212d5dc944fb3;;;;;;
e7fae79b3bdd3fe33454140a7566809c;;;;;;
e67b9fac51c35b8aa04524907f9a5f2b;;;;;;
f3784390be7dba77422caf32fcce8353;;;;;;
6ee9082f6d73d38cf9db37d66a34d309;;;;;;
ce277420a08fa67f1ea95a6ca528199f;;;;;;
a85c0b38b19120c16a61f083b0084ac0;;;;;;
8711212acf1d25ef9be35fa43345dc21;;;;;;
ac0437aac0e06a5eed62765e6bc88d7b;;;;;;
c6a2ab97e508eeed7b2abf8ecbe81ea5;;;;;;
c94fa6f7f28b51d3c885ce5d8042d256;;;;;;
27c02161eca841eca9c32ea927ffc7c5;;;;;;
44be57cc51b8333fa619ca87a02075a1;;;;;;
53e9207265593dc6310f7b6ce21fdb6a;;;;;;
548595898da0e42853c4644fd376f26f;;;;;;
972fe737871b8b0fa1c7418487dc88e4;;;;;;
783c948bdf5bd141cb4a221375dfcf5b;;;;;;
790a94182e7f49fff3d0b63690d42e21;;;;;;
27a7c7960a2f5286231009caa87548e9;;;;;;
f69657752f059669fb3a00c1aafc99fd;;;;;;
df11ecdcf21c391b061b812eee60ca6c;;;;;;
22b1052f03abfe28d20d92c7ae29266a;;;;;;
33823327c7a023b0e7eefab019b783d9;;;;;;
6d32a95dfa687bce248d4d21c0b704c9;;;;;;
b03108748d9c5bcc06e07fa031327625;;;;;;
ca66544ca05a0f9053a770f5a4414a8f;;;;;;
7207fae9d8b5e204a8f734935345a998;;;;;;
32ad4a5d38c96898e3551f4315d6a89a;;;;;;
ba3eb0ba6f135d838d1661b99d6d08e0;;;;;;
8b04a14f7ee1ea57fc5cdaef06f1be5f;;;;;;
409f1b2c6a9d98aa63e21f7ac93d952b;;;;;;
8aea98382c203ecc3d8cfea9604b5841;;;;;;
f5cd91b6c0b2813c75f3744947c81de0;;;;;;
a9bfcdae1ddd3f066231f71757cf12a6;;;;;;
ffd2a247228b757386e0badae6e29f4a;;;;;;
db2695e0fee5f848a199bd529a5c44bb;;;;;;
67906987fc8c90c46fde744fca41287a;;;;;;
0bb646ba33cb867068b292e702e69e47;;;;;;
44aa998b61210e574e354378d429b759;;;;;;
a15abe03213d6bc872dadd3ecbc9c379;;;;;;
3226d7a09241db06c67771ffd41d5350;;;;;;
dbf675f7104d58aeea6aed887147e2f5;;;;;;
a85101654be38f8038bd9cd448794925;;;;;;
bce825df208184bfe67c8905a7596db9;;;;;;
f83b09381632bb7bf49ccf2b41f2fbf5;;;;;;
b54cafd0160aa853cbe758aa099ddef6;;;;;;
a5bbc0954303508fc337a313215071c0;;;;;;
c62fd55ff9adae32110d127bb3732eed;;;;;;
5297fab2e602b490be128ee2901fb303;;;;;;
6c9a00dc1ee2310f18a99e606b0c193e;;;;;;
7e14801ab3ad78291c73b3ab5d78f507;;;;;;
8ad7a367349be1c36ea57b0cd0eefdff;;;;;;
02cd884cfc1c18363f10b7ce2bff7223;;;;;;
5c69365d8fbf38f8447348621b89e64b;;;;;;
dbacb7d4352c7f85b38ae5173f2919d2;;;;;;
3174d782ee283d24c14cd704fb8c5824;;;;;;
9df4ac309cd6c69d2aa9eec24da8e91f;;;;;;
328c0ef88de20e8b1d91547f4f4b70e8;;;;;;
44801c6cb64c379066d9ddd359d4d4d3;;;;;;
3642f63f078a4ed495d91be1d7197174;;;;;;
89e77763f89ccf6e8d6484ebf320aa20;;;;;;
ad035a0cae9e1c6d61523211357d76b6;;;;;;
9a6d863c8ff7b825d101e6d82ac1b426;;;;;;
2524f2bf50dd2edc9e9b478f6f6e7c12;;;;;;
7fdc69f453bfce8dec38e74fb7e81a06;;;;;;
529ae12fc86ff6b83ead87743c606d0b;;;;;;
e3d5775fbbd2c5ebe1eac25535d54b16;;;;;;
fbbc98d8718eecaf426a1c5fdf70ff51;;;;;;
c94a3dfb09009e0c26979fd0a952c936;;;;;;
dd6690162246b025680b9558ee0a684b;;;;;;
f07e5f3cde358991b9397bf95a909955;;;;;;
7512710664d2f971f513e794e577dd58;;;;;;
2764dc4334dcb47cb05bc4a641e19b06;;;;;;
5bc072aec39e67eaa2451743a9410688;;;;;;
0937e481c77555f5b5d8d233d8e362d2;;;;;;
39312cacf1ea5881c65902ab3091ab86;;;;;;
8709317bacbfe7bb0d7257eb076d14d8;;;;;;
9adde01ca96ff6f58180467a052b02ec;;;;;;
df9e7be811a6932e0f2b4a831d289ab1;;;;;;
dfb28855696926ce0977a0a89f8dc485;;;;;;
2083b7e0f603dd8aae4097c91b8587df;;;;;;
194ba667fcfccf4d583e7b1bd698cb78;;;;;;
6e67cfe292c5b8ae6edf1a4e69a5d316;;;;;;
1b82c5d7d5cd2556555996b0c6a453df;;;;;;
de3f397fd4d935ae13d30bf1c6fb7a7f;;;;;;
8976e40272f7ed7a39b14a6721bed6d7;;;;;;
38cc074a046a3805aa0435d3715396fe;;;;;;
f01a3407a4cca28925c8cf3537848211;;;;;;
ba8e8445285d46e1806226d5d6d18199;;;;;;
ea7f32eb52a34ea7d794f71f92f1cba5;;;;;;
f75c6142c5ec86535be2d0cc6fbd3f05;;;;;;
420e53797be73b025b5746ab9f3b55c4;;;;;;
6617957149a27b1863fd275714b25008;;;;;;
e4150ee47ccfcd5a2683420ba122e015;;;;;;
e4bcdc5e5bdd5c0f1e8037955e2b5ae3;;;;;;
db079b256728ecaae6a2f3c573325708;;;;;;
14e45c15f35b7ffb2816a1d85d7d98be;;;;;;
f08997ad366ff1700fd70934c030a64d;;;;;;
c8aaa9ab9703e374fb0c564a868bc330;;;;;;
ac4b883f4805fe9143b7f977d5b85358;;;;;;
3a2fca96a24af1c52262c48841c1cf01;;;;;;
8ae3d940c234e620f0070afddbe32209;;;;;;
63afee2959f2dd2e346a1c6dee709396;;;;;;
c620935818a101b56868603828d89f8a;;;;;;
b9ef1f7931d6f5676bfda2129bbb2d44;;;;;;
8c2d8b58a04856b60c80c979f3c6c499;;;;;;
c3bb3a1ae911ad2b8d5b5c7d990b6a59;;;;;;
87bded047ba69d11898fd67af4e9649e;;;;;;
26ad859cdf8052ec1ad2cf3f01ff52ce;;;;;;
a59c7e2c63a3af9bd73312b35b9ef6a5;;;;;;
ef62574d2b2849eefdec6260bbe6934b;;;;;;
c8f8827fb7f142b1694d2d793bc1bbfc;;;;;;
f1620881561a2ebb003fdfa38ab4a9e2;;;;;;
1eb4bbd00412276772603b97a4b9afe9;;;;;;
6301ecbd1537010b89a3e587fcdbb1db;;;;;;
8cade78c36cddbb83cea6b31670dac88;;;;;;
412374f2ee56407a81899a527e507f11;;;;;;
b284973c81cf4fc64879668a5ba16bb1;;;;;;
4d6d280701278bf4100841b2bb1d9dfb;;;;;;
ddd2bb565f978621ddfbeb8f6892cc83;;;;;;
c5678ebc849d1e601aeca55209f94101;;;;;;
007cb02b1493e40e9d5b2fe01fc6d854;;;;;;
66a508692dc99b27c3533023212a1f42;;;;;;
c5ca307abac248b272d593c22585f968;;;;;;
8e02f932374f52973e560263e93e777a;;;;;;
33b31e35a401cfde192182d40c780135;;;;;;
7866f06962b20ce846b52a7265070283;;;;;;
003581573ca2fb84591391161cb804af;;;;;;
3fd9cb8be4515595b1f7eb7cccc58e99;;;;;;
f73dba3e05645d927bf5310c3ff0ce39;;;;;;
c3d5984880826de0e99e3006932d64ed;;;;;;
6334526cc98092ac6d8d3f3b5c61be9b;;;;;;
0412a04ddcfe4b404c44aa9d868f0e7b;;;;;;
a58bf89457e617d9bff862bdc68de181;;;;;;
280b648dbcf75af4e0efe74bc18f2687;;;;;;
ba94b70c03f98dc6307d1e67c1388fbe;;;;;;
63755d42812575371159a97f5e33d049;;;;;;
e49442f2232314b5e8a01776ed8b365d;;;;;;
d879df43fedb3a7534502e8badaa0d53;;;;;;
09329330de168d6d74ac7664e09af56b;;;;;;
2d341b1057f07158c757a27b4d63fc87;;;;;;
cb40c0e3af863eb06cc30af0372400f7;;;;;;
e4e6b9e45ddd3aeeb5bfe85715a2d4ac;;;;;;
15ce7c0d72a7e87564e2be07f959fda2;;;;;;
74893b33f29c01797522112b66332dd2;;;;;;
109b2a93aecb5727f78568d68d4680c6;;;;;;
dc62f3fe8773041a8c7df63bfa52184f;;;;;;
ed82264dfb4a5d028162c7bde8a4a3b4;;;;;;
129fcaf0d08cc9e7cf38005af9169486;;;;;;
28144f06617eb01d2915c090eaa77c43;;;;;;
66531461baa7df7379169f747424acb8;;;;;;
210200a0548f5b84916633bdaebb375a;;;;;;
b0b2a44c0ccd0c31a6c5e698a92a23d1;;;;;;
7b393ecd86fc854e5f802bc976bc92d0;;;;;;
a042fe2f905be51a303057f82111ae97;;;;;;
290da7111fdd0859871a6a323fd1cee4;;;;;;
f7efbe4e1a4b9bfed3058d26da557a9a;;;;;;
4a59e5b6966bee9ca39bd1dff8c0af6c;;;;;;
d6f774d4a6f8bd560766591e9ff22d9b;;;;;;
e857441cdb19632d72f442ff96cf93a7;;;;;;
64c617a2562d1e45aad67e75cf494fc4;;;;;;
1ba957acaa7097019e7aba89679c9566;;;;;;
6b79dc792431040e10fb627e99468638;;;;;;
efef7d4c6a9f2b62a86cd9389b3ddf3f;;;;;;
5f83e9333bd86a648fd51a786a11eba7;;;;;;
e93e4372e9767ffd6ca101472076cb0b;;;;;;
6e815270af1d69b6d2894e90727f2fd2;;;;;;
cef2ff1dca2c117779b4f2d12bb38c51;;;;;;
828a3b3e19afb2639789f020efd3152e;;;;;;
cef0ced7bad410b0996c1fb9f4adf00e;;;;;;
8a1f2a9d61266490bf64e6c54aa14e39;;;;;;
bd0edc3111658ecbf8ba2adabde856e5;;;;;;
b79b9e12f48f6917098354f99a438a43;;;;;;
8aa029aa9092f56e90020464fbcc26d8;;;;;;
bfe4691b46b1427ca09aa65afe07326e;;;;;;
f7a327d4745c38a51e92843b83d04b71;;;;;;
45878ae8c69b4827b8512cf19bf7c77f;;;;;;
0e21204979e13e44a4de6d440de935b7;;;;;;
73f649cc47257f9becb74d55653908d9;;;;;;
5099d074252524eea2712081e2b2a061;;;;;;
3aa54c334ac8896c549c54ffa58db487;;;;;;
3548d6c66495901626053a11922b6f5f;;;;;;
af06e3a4cfaa383d0969896077624525;;;;;;
3bbfeab727e29653943f762575d38599;;;;;;
43895bc1462d6af94e5926737cf682cc;;;;;;
87d725f84084307eae9306d82b5b6d85;;;;;;
6a236b10b7c034aa41608b22299d0f00;;;;;;
42926308ba2593178b93dbb31f17d257;;;;;;
b9bc7e7c49e84337ea341a1b34ad620e;;;;;;
cb380aaa05b6d260e0be5cbe80378eac;;;;;;
65b36fcc6e7099e02bd31b939c4ee036;;;;;;
4ba065e802a8d0a88e0823eb41e21955;;;;;;
195ee5cd4ef2aca442b1a8562cb93b29;;;;;;
68f8d36d3aea7fb26c8d14ccd59397ef;;;;;;
efa7061c990cb5adaa9a59ef244b3277;;;;;;
9145741520cb62107608b3319f0bf1c5;;;;;;
b52d1c9cb78afabf6211f51e4c8a5399;;;;;;
3c696862de9805fdac1172ecdf6c1a99;;;;;;
ab427001116aba374312c08720e3c1a7;;;;;;
1d6cbaf014cc810e19eb8422fefd5b27;;;;;;
dd37362cb9454262c06e8dea82e596d2;;;;;;
f397dbfd5f7d71660fc7ae82975e6127;;;;;;
28835d7ba99e6703d2ea2a609bcc78d2;;;;;;
559a85f840548d72b94312f7065607c0;;;;;;
1366e6186dea8a0b827435b34c777198;;;;;;
477723a96f4279fdaf5686dfae880da5;;;;;;
e1717da023dbe33fe1e660e4cfd2fc00;;;;;;
16e926990602f8726d0eaf92b402cef2;;;;;;
e126e7751baa611cbc31f49f613c298c;;;;;;
8ef6db91f904cef200dd4d109663dd2a;;;;;;
e020d863ed7702a901c245cc5a2ac419;;;;;;
5527bdb7eff8a65c79b2e372fecc3c1b;;;;;;
313e8cacd9faecbc7c3f12f5a55c4c4a;;;;;;
a35102e7343e419b72580aade2c4332f;;;;;;
dff35b7c14b2acd018c9d8c991bcdab2;;;;;;
de92d49103dfbd9770c86b278ffc0b6e;;;;;;
1441075a835772eee740134273048c0f;;;;;;
86a52f35538e7e519a9a77a5992fa4ca;;;;;;
2f8a85ad6c3e55a9f5a22d94daedf9a2;;;;;;
de794c36cd2bdd634999d3a034b92305;;;;;;
f12ed544e471e283ba215682ad031acf;;;;;;
eb0a72668dd13ab57de82cc2313bca25;;;;;;
68b479208e1cf6524bb0725aadbda9d4;;;;;;
41c11f656bae60faa1e74849c9768f71;;;;;;
a65b63b77db320586d4f34b06ad23b85;;;;;;
5391aceec66495d437f19e5b3905e78c;;;;;;
c3df3116edb4a7a99047ac81a21b1fe3;;;;;;
689b20033823c9dae02de3de9eb6c2eb;;;;;;
fc327350a2c45adbfe74a1e178213272;;;;;;
f7df824fa1e52411ea6530a1119287d2;;;;;;
d7a1e74780fe4823135d0498a9e607c4;;;;;;
672eb7021f19183893e97d4f22268a3f;;;;;;
b9ba253c4931cdacfb913ea9e0523673;;;;;;
b6ae358980dc5dfbe9797c1764b32d79;;;;;;
bcbfe13db3ce8de14a18e354a6800dca;;;;;;
44cffecf52d7e80316a68fe6b45f712c;;;;;;
425f6e96dcba6315832bfab917dbbddd;;;;;;
8af9c9b3e953f39e652da9afb0aa9f2f;;;;;;
01b1472e3b860a9227c54896a4dad1c2;;;;;;
788503e5cd6ba8807b5bfa9a2ec8ebbe;;;;;;
8fa1f53380f07bd3d6623aea07eb4913;;;;;;
5d5bcb54a0e028395705e13c0f07ea4b;;;;;;
3950a8068ba2d5bce4210bd4f3837f97;;;;;;
7f9a3f72ea2f2d99a9f336e8e470167b;;;;;;
9d51682e7de1d84e5b6bc8fa7009ee8e;;;;;;
d16a09adae31c70b078c82f3a6538a99;;;;;;
9882203a18a320b59b78eef407d680cc;;;;;;
469884fcc5cdcb637d226c737c0b65d4;;;;;;
8a64096b8f9ec81b0423d003eea6f4b9;;;;;;
392832305d1b5f9ea047860c5d5f9219;;;;;;
6d788a3b7d3c34721838e65921bfa40b;;;;;;
084e1a7632380775a5d186d7fac2853c;;;;;;
7965b1aeab58a203d8f374c8dbfa2c66;;;;;;
a5198ab95517c5523156de45e782cfad;;;;;;
db8c49e98d7e5e7939f0f2a0ecb7591f;;;;;;
9c64d6eeea44b301d437b10285454698;;;;;;
3fc0fbabe7aa329ace661212800c70c4;;;;;;
3513541a6fa77e8c4207e26eb5a345bc;;;;;;
fca3ad06f4d9050da3ba625aaa2bb39c;;;;;;
017a5c1468d001a51fde2883c9a00f47;;;;;;
dde57105f52d8dba7e6d0f863e6b413a;;;;;;
164149bf99f45423bad2f196614b1b8e;;;;;;
71ce25ea5d2df842131a03d0f1daad3c;;;;;;
98dc4b07c38bc3c5be385555be6784ca;;;;;;
a83add499cbcda15c9a28fe2a2a84ff9;;;;;;
9717fa8f0e9176b32eb7c072b3e2e7b4;;;;;;
6e9103f4aca27de901b8ead2df2c409e;;;;;;
f452e8012107da3bff0bc5510b0dd2f7;;;;;;
b6c42becf59061d1c49166ddd08e99fc;;;;;;
bb97723dc4557f9e15e47c3132e920a8;;;;;;
e90cb2bfa74155d9348c88c415d3eb53;;;;;;
5232a9780744618a58f5e9ed15b41bf2;;;;;;
c52f2a772c40539ed78a0901f97eebe2;;;;;;
b6111e052ab4791991add346124b9028;;;;;;
c034bfae10057456e8e012fa81062316;;;;;;
4f80ad94b881dcfef8577f1566ff3b35;;;;;;
1ed702a124dadde02e3d8b3f437e7685;;;;;;
900efdf49210e278d711e167d30c6696;;;;;;
6898850513a3e301a6270e09f35052a0;;;;;;
626d01d4123676303952bf9b9473b08d;;;;;;
eb6a912cb684d17f1adc8ce0eba7f705;;;;;;
a07c7ba2cb6c032f3aea0c16d2acf0de;;;;;;
f397fa853a3a75be1af70e7e067fa455;;;;;;
a688dfac8e43407200d74d3dc7eb9da0;;;;;;
4f41e3bdc71482d70e2ac9fff4e3ce4e;;;;;;
e24b2088047768d873791f54dce0b3dc;;;;;;
6073a2491a582184cde557b49ae980b6;;;;;;
a72477595f215715c648dc3d5b7e8dae;;;;;;
447fa2f5fc49384a72522bff39cb7789;;;;;;
214047c2f032dc336efad703cbc36f17;;;;;;
37aaea9c09e9500a041117a64f3e1cfd;;;;;;
c195d14a98d6ef81992563f5380ca5fd;;;;;;
7d3b1ac690fe45ab33fc063f86ef4307;;;;;;
9b35916c9df776708005246610abfea6;;;;;;
731cdfd18af3daa99b756f8d41f8704b;;;;;;
bd31cdadb875095bd345e47ae5fca71a;;;;;;
ce9a689cec4343d4c53590e7f0a3af2f;;;;;;
db054fa37e99ac443533c4c266c7dbe3;;;;;;
0db06a213e5cf1ce3519755e9b4bbbaa;;;;;;
3ce01076fe5097614dba46289c0c3cdd;;;;;;
31053e3871a1477337312d26c585941f;;;;;;
f34fadcd797ea3c82b49170db4d4d0c7;;;;;;
72b7305037a528c62cef558202139550;;;;;;
aa02a3de6c6356431149409ac6b6b47f;;;;;;
3dde9ea5b828eefbbad7f4fb36492b3a;;;;;;
2c9a25d0ff9e646c8fb2cc6e52bc4124;;;;;;
67ad976ed5d1f8c0f98e229887fc1553;;;;;;
5299716624ad8911d79d50a136002fa3;;;;;;
1edd05a2bbff0f1b39ae4bad94f1b12f;;;;;;
f08265bafd96271feed7f2c502234649;;;;;;
dfbdf918d015a4516031c2f7e767ef9e;;;;;;
942b8ce90cbfa9f5f2f348bbd0583b68;;;;;;
1ede804555792ce2653d66a943d296cb;;;;;;
20e72daa8faed8135c585b8d3dec0593;;;;;;
2f6a74be0872bb1996ecb24aed4d1b7d;;;;;;
402b9aaf526764824dfc9be9c25b9dd3;;;;;;
2dccd97a5649248bc18f6a25cbd5d752;;;;;;
c1192151056da2be557418524ef61fc6;;;;;;
acaaee68744f161217fffd46ce8db31a;;;;;;
71ef460cc90c5a9a1aae334fd1d4d602;;;;;;
6222bea945d507d397608a117cbf7848;;;;;;
7d16824e58f3190ad300b75c3a030a94;;;;;;
fd1d63a326e72a1524c5345fe2485d1d;;;;;;
5ddef886db57597f45c651201059079c;;;;;;
f2a9e3ce63c97ea831941721c9ba8ae1;;;;;;
ec66e2aab38a7bd2c567bda32f7fec5f;;;;;;
61aa234785a5e3918efd9a2a946c4efc;;;;;;
a04d281105aec33afef305e13af1fc4d;;;;;;
acc92281160591a64f15e6e350582404;;;;;;
6163543f6e5f2c96aeaf98f4a5a87f00;;;;;;
aee969aa22509cdaddc9a7195d818500;;;;;;
7580b936b9d0098179ec2fac549014c5;;;;;;
6ef4f008db9a0106ad38b563578d1f64;;;;;;
009c131a6e511357aa2212d6e79e8ec4;;;;;;
a223444bbd29ba9cd979b91b6fd06bf3;;;;;;
35c8b71a4d7a6f70ec111f95c91f55a5;;;;;;
136932c6670cc0009ccf5a60d61b7170;;;;;;
23251b7fda842a1a0646dfc2fc703086;;;;;;
07413dff2deef2f5d827c6b23fdf0e2f;;;;;;
2b7841c587605eb045b88b07a13184e6;;;;;;
e8a2f1c8969ea270a2fd40f0b05c016c;;;;;;
ecca99de384ae4a9beb1e4e50d900afa;;;;;;
b361839d0ab6da5785f76373a4f37d78;;;;;;
469f74fe30feefac57aca250746850dd;;;;;;
784e7cade8fa4855425adde0259ee716;;;;;;
86fd38053f8433beb5fdd39c1e1dc581;;;;;;
287fdd57720c346ab749b3db0c231f3d;;;;;;
5cb650e9e2930cb1107198a22495196a;;;;;;
9b607926dff8edb52f64028ce067bfa3;;;;;;
48035f64b9e28986075b024387d0cf01;;;;;;
24b376160803771393f741d3f433050e;;;;;;
5cb733f97297c1b97dcff8fe0248d478;;;;;;
8acca20b674425c043d4e783bd3671ba;;;;;;
2a01bdd84dfe4f4fa2b05530c0773aeb;;;;;;
69c6122ba37b4b7d01684f037ba6aeeb;;;;;;
9fdac5106fc63744bc24092c0479d67d;;;;;;
b248e85d750241dd6dff94743a5d7bd2;;;;;;
38ce65ed29f38d48481ca7e519058b67;;;;;;
5832877664984d3695771f87fbec147d;;;;;;
efbc13cd89bbcf5bc8eccb5e4863bff5;;;;;;
047a8152b1443421fc86073d695350c9;;;;;;
f1d6c94d6a6728f0c74581743e366b99;;;;;;
2721c0ce56d5eb17769a081bfe818a07;;;;;;
b12cd3b6b1e9141629bd14b55e34a510;;;;;;
7dfcfc839a2178925552923c5d6f5966;;;;;;
af0bcb71c017f73bb6e6c6ca8b372f77;;;;;;
3972cdae717aff7e8be14fba7bd3b21a;;;;;;
379392322b782d0696db113ad323a2f3;;;;;;
3370f33dbb7fe30994a19a64be15e451;;;;;;
64f2df9e883f56a3bf257bd863fb118f;;;;;;
9de4e37d7584faacd3b251bf0e18224b;;;;;;
b562594e3f82ef18efed24b10bf9ba2b;;;;;;
930d286e05dac620a6673b3273c282d0;;;;;;
804ac860e2e9100818fe40c92c5edc35;;;;;;
9f6efc02211205d5ddbd3a54b25d1af4;;;;;;
fb894002476e63ecb1763522e0791144;;;;;;
e51021dd2723af10b5c13372273db840;;;;;;
f02d82afdee35d0ae7c9570fea9ea68b;;;;;;
c11d086e586664638a328888d36ebffe;;;;;;
764f96cb136eee852217c123beb0ef04;;;;;;
27e503fc3fe1cb1f38ba0357a3cf3de7;;;;;;
9d0a8884867a6a5dc55e8743f7edc1e0;;;;;;
a54576dff9721f4f8309f353c579f0ad;;;;;;
5b9b4b138d26a38c4f4ba66dae6fcabe;;;;;;
48a170b2417b01e47222726af66eed4a;;;;;;
a09bcdbd3b7f8a29a27ed74d44e499cf;;;;;;
fde57e1bab4c9a291b77794b77199e7a;;;;;;
78ce9406ce3646a58a4444908b70692c;;;;;;
ae7a92c5a3a64bee94a2e91818514681;;;;;;
d10b3001ae7f095dd995d79e2014a728;;;;;;
51b6d645d00638e04f3f5b7b6e975fa6;;;;;;
59374f8266ed73a5d23dc2e506cf1707;;;;;;
86d4864c055136da98012a896996c1c4;;;;;;
5d82b43cc44775bc0cd85a890f9b6c61;;;;;;
2ff08cfd92bfb48d481a949d930b6a48;;;;;;
bee94bf445c64d59dd8baab458087825;;;;;;
864d1b3557990a6715d3e17f9ee04b68;;;;;;
7ca40d87a7c6a28a42622f86133defd7;;;;;;
05c36b7ecc366475e147fcb3711193fe;;;;;;
cf6ff8bd8ae192659f2c79a9dcd5a6d7;;;;;;
e38e212bd3436423db0eda99a696b16e;;;;;;
7483db2d8009fded85bc0ddb2bb21c3b;;;;;;
16a27f366d3976fa0a2dbdf19a46d8b4;;;;;;
e6363e4ab44eabf7df49d616cfc60778;;;;;;
e38f1c2d69c9aa2d8da09a911dcdcaf9;;;;;;
8e6d0b55ecc024a18041b98da30b27a0;;;;;;
c23fcb37e09fac02967f5c4b82a6f259;;;;;;
6bb57a97b5ac6a246ee3241c9e22af15;;;;;;
b2cca4bd33d16ce2673210d647a70572;;;;;;
cdfdab264c5518d13f98cab93d95e592;;;;;;
067a68ae9d8de4db0ba16035c426d718;;;;;;
70135ee7cb652db9c3c0d110950c4267;;;;;;
f7495c5898c712f453ab7a795b802be3;;;;;;
8bfedc1714afe79a81fd95e323efc782;;;;;;
cf10fcb496a064fe473a2272422282d8;;;;;;
1c8dcaeb086b388cc54b1b31086046c7;;;;;;
43cfa6c8b87e728de7bdf1addbcf1cf0;;;;;;
86136d3e232b037858e79b6e14c72b7c;;;;;;
67d01fe878f9df4f07ca59c54afb5be3;;;;;;
aac87a33c053eaaf492f846115034441;;;;;;
f3d0b7f1e722dbcb18f547ec89c39049;;;;;;
24735db445e6eeedd9d9e47d43c53f2e;;;;;;
556c798fc4c24702a8f2f838d2343539;;;;;;
274eeb1b8b866673ba8d3e63679b9328;;;;;;
7913bccfa5863eb7343aa5f16cfe4049;;;;;;
03b178e379cf159d5b7bd78a9fcb39cb;;;;;;
fb491bccc65070bca6ec59d97ae9d7e8;;;;;;
604de3fd2b6b7faf54731bd7182fdaab;;;;;;
25979579fbc92b545f3740d5bccb5c67;;;;;;
8342ab18624bb4cc07691c15df9cfed1;;;;;;
fa97ec3725acabcb8248762c2405ea12;;;;;;
09687c58b22f4188b46316c3e0c32c05;;;;;;
1beaaaf96af748bf6d5be7f8be163e38;;;;;;
01efc433a6aa88a0f9bc38c3c881f696;;;;;;
19e3f96a16c86782e192d05f165644ef;;;;;;
f85857196a00f0ff41fd3349f67a9e7c;;;;;;
a93f0a844f9708bfe9278b954836d851;;;;;;
8a4f470f3913215877fd38df7b03d65a;;;;;;
e42018eead9c4f976445a34510050dda;;;;;;
2d680eefa5443527bdbdc3f4842b7f70;;;;;;
c014511f5d222eff7770c726eb8aef0a;;;;;;
ec9cf1f9c6a7def1a8704d7d8713acf7;;;;;;
75de08f2fa8b2a6ba7a3729a286c8c4c;;;;;;
348ff476cefa2cff99ef6a9ecb932549;;;;;;
1c92ae8c6e9bf317a8d8b7b83ec2c32e;;;;;;
308ace2e6d5389ae2409dd76f98fac42;;;;;;
c0dc8f5ea42a72a44aa51771a44a43af;;;;;;
9c1fccd505d724799f6ccf7ca51205db;;;;;;
86c65e2c928b556be4e2aeabbb5d0a16;;;;;;
219728b2c2b721fd1f109b0793ac033e;;;;;;
7d11b5801ced8258dc394b8600b29201;;;;;;
7b7502128e69de66e15b97377e7b6791;;;;;;
b874a5d903b021feef9e78acdfa843b5;;;;;;
2e84aec4a85eb204aa545af8b45df865;;;;;;
0a85655b5cf9df264d604ad75cdff836;;;;;;
67d11cd54d56fd3fc2a3890d50e13357;;;;;;
94586ce4e5d9562d066a82c28769a4ab;;;;;;
74fa9316efefec42efdc40e64227688b;;;;;;
4402e256f60455114650f74d9ca22005;;;;;;
71a1432eaa889e26977d3e478c2bb047;;;;;;
07dbb832fd9a617f23d13939e7c1324e;;;;;;
c9b95550f2f6c14513f5248f63d41ff6;;;;;;
179ac4676e089f8e9e37692aa9fbdd12;;;;;;
83ce0bc1c1e9a917ba586a42eeb28113;;;;;;
779b1c8a85f943bfa8c86e7361d58b78;;;;;;
d3ba7a19138b84c7ed8e16e0ede13551;;;;;;
ec45435844a3dc6410f43ca9db064ba2;;;;;;
df4324b69a05dd0901d8ade902ca11d3;;;;;;
f4ebc1f6da208023a8bdfe3099d6420c;;;;;;
27e748457335294089382a93635ed561;;;;;;
d41b81cca02eb064a6580688a3216231;;;;;;
fb2a49b807b88fbb5a5eb4aa4c9fa480;;;;;;
b16d48c8113a4f1f60eecdb132a5707e;;;;;;
5b04fd037567a7ec516d3705fdab1bb9;;;;;;
e2ee12e1e98a213a7b88d73c5b498d36;;;;;;
612fc0ed1fb31373960e121042c53355;;;;;;
803bf6bbc691d7f455b27dae1ca6dad8;;;;;;
11cbd71a79520caef1ac109b341ea68c;;;;;;
a3ed725c11d64f696c2cdc665d068b5f;;;;;;
d39b43133b2be45ee0d2e05df34ba7aa;;;;;;
630d0f6e416222e6dcb7736a8fb3c2c9;;;;;;
057263dbde3d81dd7ebc675c30260463;;;;;;
821600580989cbd06b606d5f37a6cf4f;;;;;;
98ff49aefd2e2f3c4588795de9bc2e69;;;;;;
4340b2f307a349e9fc0cfd8178e640e1;;;;;;
0a43e74c08b6e915d69dae56374751ea;;;;;;
80fc4206be29027734b8b9017bd46b7f;;;;;;
2138cf2d07739309fc7b5cb1c11fae0a;;;;;;
3aa95fa204cd69c63ac3c30ffbfb95c1;;;;;;
b77f5dce4c8c94df6da17a884cb4b839;;;;;;
8050a7383ad9aecc1efbd0db4f0c78de;;;;;;
4cff85ae9eabe97e79c389579d3597c2;;;;;;
1307c59514b4e9e481a09bba287ebefe;;;;;;
2ec775120b362cab158497d9753bc0ad;;;;;;
ae2c5d0f7c5870f7383721934f398310;;;;;;
70d3f4d25e702f12684efb767be6ef78;;;;;;
eb9dd81b060142ead87892eac8cec42e;;;;;;
1e5b8dc0dc2484588584e7c3c0d761b9;;;;;;
71e7bf92ad909a76b5ea7b09a9b93715;;;;;;
488a05f1daa0089d7da0f0c6dfb56efb;;;;;;
02be26b167ddbca98fc53e089671ec92;;;;;;
ec19779a720328c820978feeb4bba590;;;;;;
6eafde21d80fb384bfcb7d507f0f0dd2;;;;;;
ebc13c22b2f1e18327e6d181bd076b3a;;;;;;
50c3fd58a25263c0b2eb9cff2b8434b0;;;;;;
74d5b560cb427875ee34104e1e60a5f9;;;;;;
16ad628761a6d0a1a3aedd0f4711aaef;;;;;;
e23da4bd44644ada41954b8b1ba56c96;;;;;;
2f362daba3304adbf2dfb432e410413e;;;;;;
3dbab4e73c0d665a29a15f98f9a622e5;;;;;;
f80463b8dd350d67b772d5dd7c72dbe6;;;;;;
11c4da7188f313e399a060d48110e8cb;;;;;;
fb4008f4a6a1487cb9ca6f86a2b8a13a;;;;;;
f9e5fcbc31036bb9c3020c35b36d8c7b;;;;;;
0a683871bf64bcca447c9a823136089d;;;;;;
e059dc18b0e6b59605b7e1ba19e5884d;;;;;;
958145abd15ce41eb3399eea303c620b;;;;;;
71175584a7d961bf99516d71436623cc;;;;;;
3ffc6bd17a44a1c774b36b7053f05788;;;;;;
168acbe962f07882de473601ad0bed98;;;;;;
3baa114d159aa7322663067346cb51d1;;;;;;
0d6ebee70b3455b872926da13e357527;;;;;;
1e65226684cc059f3b1de74f23a9237e;;;;;;
0e6c456b1be3250b817fb1a16a007bd1;;;;;;
b145c3c1685a1b0e079753fe48b23213;;;;;;
b2239f54aa7e1451c1f91829375a37cf;;;;;;
9ae9662056a36e0d2cc30cc711087599;;;;;;
812ed1d6338d55810b6edd98c2d84ddb;;;;;;
35e20f1d6b7cebf6577da08d3ec321a8;;;;;;
e4a3b724c1acc6b40a3b3cf1c1f330b3;;;;;;
fc9341fdfa2ea70b9c3509da00f9b893;;;;;;
72cfd46693ea987d1ed9a7af94f34cf2;;;;;;
5bd9ea273141e60c8f6cc95afd2051b8;;;;;;
2aee0d65ab6c40cf436d062c6cb4a4a4;;;;;;
fcd02095ed2a78a6acecd6d77dff4e87;;;;;;
d51a26e7a03ef066a5055299d9a7b2fe;;;;;;
f4fa9749f4f4a986c57038fb6f287308;;;;;;
81b8457ffd6fcaead4f6eafc3f9677a5;;;;;;
1a09ddf58f82712b1a092ed8ed0c6fc0;;;;;;
2b9453ad6235ca88384773b0e655bd61;;;;;;
870f75d53cb209dbf88ab45fed4711fd;;;;;;
be95311042b4a0a0b7390a9b6a0ddd59;;;;;;
18204bdce3e2ccad959f6ff9b0e08bac;;;;;;
124d79f61c44c25b9f45d3fd382f93d3;;;;;;
dd497e56728e538a622b4a8b12d16a1f;;;;;;
da2df957573dbbaf209c3cedc68222ae;;;;;;
e740c8344f4e10cae7e1929ff6aedbbd;;;;;;
55701a6c852f616f97f7579f07ca419f;;;;;;
74d46919fc2698bae98c9c1f7e5a5d54;;;;;;
0504ec332942ddee818fbbcadf7bce96;;;;;;
11a38244706bd0f4a0ea957979bcc656;;;;;;
226c588daf3c27ef87eb992aeec116ca;;;;;;
f2bf35cab62108485bb418e23290603e;;;;;;
fb69be8e634f97a483433a7020c1633c;;;;;;
dd510898460515e45171b552d26ffd84;;;;;;
cee45a3848e9759ffdde0b59e49dceef;;;;;;
cb5cf2dbd0c0055c30c429717ef70df3;;;;;;
4459756850a766e849e3ed414485240e;;;;;;
30e1ff251bfc34f6c550e0b44beca13b;;;;;;
5cae09fe497cee5bd6f11b9835c6999b;;;;;;
8f5d64ffc717a4324d81589d9e3fad4e;;;;;;
a6bff94b5b01eaa2c137bd414ff1dca8;;;;;;
0d6ca3e186b9a27cb7d6a3d3a2657cef;;;;;;
4a201a5cb96a617fc51e235161ca8168;;;;;;
96833619b1b058f3d506b2ca7f41de9d;;;;;;
d1deb5bbfa5d4f8a76bff5fb17496b04;;;;;;
65101b737b2a218fac673deb12e0f7e7;;;;;;
cb3fc1b2e65cf78a974fc8b40739be41;;;;;;
aa854ead7255648ad35e3926872b530a;;;;;;
d78621db140441e00dac19909219f359;;;;;;
498744d42ec31a7383f5e51c44644575;;;;;;
7d0380a3588debca573b27792aedf509;;;;;;
a85f6106c1efcd60ade643735fc0397a;;;;;;
2c8af066c6851e2eb29f92b63d4ced90;;;;;;
b2fb33aea135a91aa1bcd9468570f6c1;;;;;;
d331964fb40fea67350b6b9de7e83968;;;;;;
a7720a64ee39b10e131533d31d2c9652;;;;;;
3102e707bec079158d549d493a557ba9;;;;;;
a914749a672fa7eeb2d534ef01d511a0;;;;;;
f81a07e4d270b34e20b6d81e227e433b;;;;;;
da323c25d25317563ba92974e721354b;;;;;;
3a75a5368128a9e829804414cc1a9690;;;;;;
08d69f6a18ccbe9234de47dea237ef1f;;;;;;
f1f0335824b9d3af9c645eca544f2ed4;;;;;;
3c3d027fb66c82df2b94c1c9104bc3d4;;;;;;
a3b10949f91fabbae931aa8f04e216cc;;;;;;
e62e57064db0c24345313d2078b6d1b3;;;;;;
e3065a06eae569fad0d0776e359302eb;;;;;;
8fe8fa52d3029355f54029723fe74822;;;;;;
454eb401fa96be4c4b3c6732c0fd5b00;;;;;;
85de87cb8c15b773852196e5e9a33b3e;;;;;;
f39e18b2efa21881800cc4e1922e2a5d;;;;;;
4d463bce5b4c5cefd3ba6641c4787108;;;;;;
0a54521cd78add58924893311bb238dc;;;;;;
de3c86ea3f10f8a72e777abf4dde5e51;;;;;;
234dd30312c5f7bf81e16284620f0aa1;;;;;;
418a64de75e5c2ea5dad0a80a9a4c621;;;;;;
9e83db6eca28eb7103f40622c43a6cab;;;;;;
ab2c79c105e5025a2500b4d6aee9e287;;;;;;
75b261716d5313133dbb7484f07bb603;;;;;;
37162c34810937602cd577014d9856a6;;;;;;
b5b91d0a43bc4ba0f606aef6cb55ee29;;;;;;
4e863cba1e3bcd273bef078918ef67d4;;;;;;
b75d19892668ca1063c48147e1485bf5;;;;;;
9e73d4f8b7c4bf94391ae63ff1b70ad8;;;;;;
40e603e0d35d119f5f1c178185bf5eee;;;;;;
2ef4b02ef8daf73a89f0673e4fd120da;;;;;;
6b1e70007814276f115e7866868e2cf8;;;;;;
780a629a12a34706f946491c3d170500;;;;;;
c2c1d9ef8d725f6f4458b312a637bae8;;;;;;
f4a7da7ef5782ab5670b5c37b7c16437;;;;;;
507ac578fac5611c625f48ea3e1f14c8;;;;;;
f9b66e09ac7fab86c54dfc0de0debe3b;;;;;;
45697b8eac82d43bcd4c724cb62a7289;;;;;;
e1271a104886283c341e4bc701186b7d;;;;;;
e166583a504b45aa933b0c32a875723f;;;;;;
518aabff2b1759b295fd2475368ce537;;;;;;
63c5f757add3eb1200cf78a471931868;;;;;;
e9dcead1c4d1d2513a1f058fe5f9b9d4;;;;;;
661c7530d6c3d81ca3804fd3f05fb052;;;;;;
bd44a29ff63e34b5a9a6b82296c428a5;;;;;;
d18335e0aafe69f20a9a75c844a31c45;;;;;;
99336d3d955dfcf32e8304becfc70159;;;;;;
8fc52a8313b5fba58883d3f62d9251c6;;;;;;
8527168d7dfce85a94dac8cf59bb5577;;;;;;
0b15cb47623e1089b33e31617f208970;;;;;;
da4cfd71ff87c5dec4d4b9f57b4938bb;;;;;;
3108c4f0b6d4e0fcf84b83b1573225d5;;;;;;
cb7203346cfae217ff2ebebef5731bbe;;;;;;
4ecf3f4c26a51d0c24091dc7cccf5c23;;;;;;
c3d9792c92e179c402f8f5dc06bd2e9c;;;;;;
7f7868099ab19609a7732c554f5439d3;;;;;;
69a23aa47f105ccb35550a1f55330179;;;;;;
0dc6e4f18c6046e6c79183b93592f702;;;;;;
bd148e3647b04e7028651e223085ddad;;;;;;
fe272589813951168f2dba2c06bff823;;;;;;
e46e536a6bb11278a9e9aeb5cd9cc0dc;;;;;;
fffd9b73148f9ace6879bd4d4b9cb82f;;;;;;
b1fcd300396d10dbf509289138fb41d6;;;;;;
b99f2a69baa048394cd796b65c65e886;;;;;;
4fa4f49f7f85bd14048f15c3a2846ffa;;;;;;
0fdcb4b98bff83427eb689c16bf03d5f;;;;;;
4b677182df0c0a9c784ea90dfea33397;;;;;;
808904465bf086b73a9025618453b9ea;;;;;;
72625070b25c84aec380caf209c375b4;;;;;;
24847ee083eda2da6eced3fefd2105e0;;;;;;
3fbec4e91202984c40e99b1ac2fd2be9;;;;;;
4756e13b0dc89088000d159bad8bad00;;;;;;
6fcb39f89bd81f8776fe96c0158135aa;;;;;;
8da832f74c831ded89054d5019bc5bb6;;;;;;
8d7a4c9695087ad2f32389d914a327f4;;;;;;
84fe665f7d057e3a31e2c9934c125a23;;;;;;
e68a58636f069c6e2329c9e70679dbf5;;;;;;
a7b74c6b4e673bbe7ae1dba9f4de750d;;;;;;
3b89a2e3219667d8202ae53e1b2786a6;;;;;;
81a5d7fb2aafb5b8e7cfc64ca2d7c162;;;;;;
c90933e6e0706dbc3bcab64b996ecb46;;;;;;
0762d6f1e22f0d863a1650b45b69a6c1;;;;;;
f81606574a1eb246746ca2722cc3a957;;;;;;
0f296cacd50c2db9dfea7371519923eb;;;;;;
58c91495263a587fcf9b0b380d0a18ab;;;;;;
3745a79ca030611c8bb861dee19cd0f3;;;;;;
5d453806f247e474055fe5b21b4195c0;;;;;;
1c45a24ba6e9ecbf83af16da793b8019;;;;;;
6326136e22c94b5905b2ca31cd6f5b0b;;;;;;
e5019d147a32fae5dea884d4d218bc19;;;;;;
c143677a93f07e9f6e8b97dc55cc4fd5;;;;;;
02163f3f2dc1951e5861e5ab6afbd5b4;;;;;;
e65f3aa5da0f8a2c88ac6bac9e339f37;;;;;;
e0d1f902ab4d9371d8d550cefa427d46;;;;;;
b237af531289d8bc96f9406353c9967a;;;;;;
d239f305ffaaa42044166408b3eee4a6;;;;;;
54a43ab2ea2b4b88abdff0da9c8a990d;;;;;;
3490c7185adc7ba3a4202ffb1c443f59;;;;;;
a5408d2ec7c2b93f7bab5724e573e096;;;;;;
15ce96cb0fa118a46b00bc4a3c67bd31;;;;;;
fba745bbbd6c38d3174861c0a15a8cd5;;;;;;
0b624bc0f2ff80daf95ac656cd87d3ae;;;;;;
fde8ac0cb68ffa4fd376add541fe01c9;;;;;;
dd83a24d74c9b9c97ee8380e32d77d35;;;;;;
c19329fcc1d51f2c9abd5085d4be266e;;;;;;
8c1d1991d7be3ea5f9d7e7762216bf01;;;;;;
26a354fb10f37f1522a09db1f8ae4c77;;;;;;
cd5be9eb9e4b494f04d08b871cb18fd9;;;;;;
9bc34f21b483105ccfc794e1f0dfd88b;;;;;;
5119b574d6c680ba553bf4322cb205cf;;;;;;
7303f38add6479df145b2839deb214a5;;;;;;
5cdb4e0fca91d18374ea78412d65ad30;;;;;;
65a83732b03ffb5cc7745d022c49b3e9;;;;;;
725f24567dfbbe3db4fae176ba1eba60;;;;;;
3f1abc1e33576f370f30df3625b86c24;;;;;;
6ec6c1f0af983e0f5203ed9f2e9f34c0;;;;;;
2b09ffc33248ffb1807a51aa60eda6c7;;;;;;
c7e51f8a092147b6e206b4d0d64831a9;;;;;;
30e957b7e1ff243a6c42f1805f294f32;;;;;;
cb26106af25b3338ed9deea3ba728b90;;;;;;
d54aa1b627c6b94156aac453c2b5bc8f;;;;;;
392804c23e0569d2c57e8cd1390a9dda;;;;;;
813e9d993bcc4beb80a3f37d9ef75140;;;;;;
2478cc5837a7b5b8519ce33b529eab60;;;;;;
7b3856d29a55780927497326bef9b5b0;;;;;;
7a5d5383493929c79100d3771959f13d;;;;;;
4d05ac2d261d80128d800f09e54eaa24;;;;;;
5e8ab0c8558de8b3334787a39d844721;;;;;;
6084e95a674f7f3e07ba58832c67db6f;;;;;;
18fe88e025ca4fafe4d64588fb5b4955;;;;;;
0b30ea85d1df6cb48f0ce07c4b9100b5;;;;;;
ee3e8747f3413ed5a0462fb61055abd9;;;;;;
35aecc658bdc2ce4c74851a97111d417;;;;;;
7d0328fed10e0e8133a1886862b48a58;;;;;;
8336b009a7028aa1cb0d0aa6fb74af51;;;;;;
7846c0122934d86af6646cb8660803d9;;;;;;
3a14e3cc0a19dfb55892a8aa642481a9;;;;;;
7bbc495576910761fa54200d13add178;;;;;;
1969f43bf206960a8058eef2e8958a2d;;;;;;
b824f0cbd43d95dbce8ffadd5928b25d;;;;;;
289a2bd566fd4d3761f4ed4ec709f98b;;;;;;
b4d8aa64492c10156876439a3a4822ae;;;;;;
603f12b9a75f48c8937d7a05e2346bf2;;;;;;
043c032e07e47efedb5f8ebd9e6767c2;;;;;;
cd5c6679853a94baad86f9531127c0ce;;;;;;
285c645844a73cf361bef49cadae3873;;;;;;
471a6090717b6951725637dded407b7b;;;;;;
69703dd963e9a742d8e400e2c9c2c16e;;;;;;
55bfb447cad01988bf1c212626c0d4ef;;;;;;
cc864bd369926b7356a652890547ff3e;;;;;;
64f008d80d8b595131cf54af60db6eef;;;;;;
0548e8e508247a3949b0c8261647a524;;;;;;
999dab277f6a5ce0447ab929562cd991;;;;;;
4e9eeed14781ca99050b21337a769544;;;;;;
797ab2be1d44b0bd67c807c7cc058086;;;;;;
c1b9022adbd08f6084ac446722c05459;;;;;;
953fc617fa108efa6d9056ae5034a784;;;;;;
53f948ebe36bb0df6541931cd23980cc;;;;;;
6101c580f789fb77e7e0da6b7c8796bc;;;;;;
d62930a9937b2245c9da3ad43f8a9219;;;;;;
0891a88362b3525cf142135919dd37a5;;;;;;
f48817af1137284f974b5357554ed856;;;;;;
7a4480b8f0b55502eac7b65e03038c36;;;;;;
a3fc46128f7ed3dd5065b08d6124e1bc;;;;;;
b0191f68a4c44d9b3edaa6521ab98b23;;;;;;
099d4292fad73467efd9956ed1bcf966;;;;;;
cc330b9a2992b6d1affd8594f0b9ad06;;;;;;
49d204c730adbc24ba0abec7dd5dfded;;;;;;
9a2727a7fac49751b9aecc6bc2dbc4c1;;;;;;
b4af357b41333ba931110cc8d9fed5e2;;;;;;
ad9ced08a7e15950cc6dfe92c7a9f1d7;;;;;;
69d7f22c096d5828bc5621fb15ae512a;;;;;;
96df0a3f1be5e3b2313657759dbe37f6;;;;;;
0999ccaf2d05df7497b919a2e274d388;;;;;;
91239cd7a30242c63c177d663487b040;;;;;;
2acad24320e750cc65923a7ddab7f2d9;;;;;;
c665f1d2ae66e9e2d7252a5fe04df0ef;;;;;;
abeb8c39d50147a27271d71cafb3c57f;;;;;;
87c2d8ea5915ae4162b60cd89185480e;;;;;;
ae01ecac351438642a9cafddcbac66e4;;;;;;
6f5757e7813ec12c08d615dc0478bc70;;;;;;
79fde909565a8c8ec8878ba3b830889d;;;;;;
eb7d2e3382e423fc2168770b83a8dd41;;;;;;
77c6b6a020657ec899ee2bb25574376b;;;;;;
f979de3f3c968d042423e13b33b422da;;;;;;
d109557728a0fba32cf95f4a65add166;;;;;;
16854f333d120953a5c91368512d85ae;;;;;;
07bdaacdab5a0b7a94f7f1e29e0e511e;;;;;;
4aec25c3f556a5327152037234d5469f;;;;;;
6110a8d916f8a339dc9d57a2fd657bb3;;;;;;
0e85debd4b1794c8bd02870bbf9a25a9;;;;;;
ce47912952e2ef362ff0c8b1d952d71e;;;;;;
7f1a85c7a3897abc4da182abf1edc58a;;;;;;
ea0478b54be71e25dc54e5b8049bd963;;;;;;
65d910b5113eca8c77cb408696c093b3;;;;;;
a35bc0cf703be0fb7a0fb9d8d09fcf3d;;;;;;
9f2ca4a2db4219977446b91ecdaa98d8;;;;;;
58675fc9d06aafee71b8fc37004b1a7f;;;;;;
1fb8771df597f2ac5684262797f14b95;;;;;;
4e5ea1103d36461c67ee391f8dec7ab7;;;;;;
6727ba731be6bd62b308fcf61baf067b;;;;;;
b383e9885720f38ccd7f160281794e48;;;;;;
cd28fc3027104ea19580a0bee194e7c4;;;;;;
b824e05c82eb0ec9c30c3ed110b9157a;;;;;;
0761cb950df40b4e8791730430b4e7b9;;;;;;
d58ca9d67aefa15a41bc147fb67f475f;;;;;;
fdc996827d0420f31613a9959d4fef64;;;;;;
65d32e51e07488af94a360191457b07f;;;;;;
05d3df2810ca4fcd42423721e8bc1707;;;;;;
8b4fd1bd5a4c96225fed7e58df93e310;;;;;;
95d5976e66df8c0f55dc96f38eaba02a;;;;;;
a6f5d9253b7647890dd13cc61a12df95;;;;;;
c5e733aed09c086002a941cc907a076e;;;;;;
d49f098edea1196747089bee08d60af9;;;;;;
32e861c88c32e5434ce5298cfe74d33e;;;;;;
c2920f1b63eea060c415184735723a39;;;;;;
d09ce7d61669933341169ac378ecff24;;;;;;
d719764d3a6d6d3c0466bbd4315d7cc7;;;;;;
bfdd462ef27f432635c1689edddb1bf8;;;;;;
b7d56fe6a56a383eaaa2d2d64b75d0e2;;;;;;
2c641793bde7f0671f71073334dfecb1;;;;;;
13c80598d59f021712e977ff3283aa76;;;;;;
752670abdbb2eb19ae2860d9fcca4737;;;;;;
b6fe1b6d15d0996a99d34e441f4fa8ee;;;;;;
71d6912f53972a5a3c0e18ff2fabf8e3;;;;;;
c57bb749db4ddf90c02c31038e53fab8;;;;;;
c531e79aa1099954b77a217297d048ca;;;;;;
f57a05205a77ca2c0a29144d4763c189;;;;;;
a3099d50165169e12407cdd584ad210b;;;;;;
33334b406de355a34e44519be07a3bb5;;;;;;
2a5d890d2fe45d18588e580366080257;;;;;;
ff2ae226fc578b922974cbf366801ad6;;;;;;
a86d53ee1095c25ef867c9ca63d96894;;;;;;
7e404e933eed71e7b151cd4422639620;;;;;;
e48cfe191de208ad046d973282c366fa;;;;;;
9ba2b9b1acb5efa06c0f2c3edf67be9c;;;;;;
8a1d8892dd05b7a1498f7baf71a4d8b1;;;;;;
18800c0315411b497909aeaa8c655c02;;;;;;
11161a0facba48806452d629d77e8afe;;;;;;
04551bfecb3d4e879d71c65bce17fb6a;;;;;;
1aee227cfa86b1c88f077937b5b2c68b;;;;;;
a0fe7d7f76d016a33430d443a35290fe;;;;;;
1611f138d0cae21b9fad46ebb367e264;;;;;;
31791c01db16f5d59df940135fe28266;;;;;;
990cdadd25e5f0c43871609d37175442;;;;;;
21c4007199c7e6dd988873022575c7bc;;;;;;
79d91e7612c7cc2ffdf9fc14f17741d4;;;;;;
aa6af76d424ba01026269781dfe677ae;;;;;;
3e235690c118ac1bd98ebeeacd131b64;;;;;;
b11ec3d0883ae9de38d2114d61df81d6;;;;;;
9787086f8fb042cbdbb8f5e4c4034038;;;;;;
c17deb91674e1b79fd8922b8d4d11570;;;;;;
1c53ddbce51aeafe229c2de402919f71;;;;;;
91daf5107af8c3b77577ad4956c13b6d;;;;;;
a491735981e27e9233476975c5b03a1c;;;;;;
b538c0a25b10bf755dedf859e8b0a5d6;;;;;;
fc876389a909cf41e4adce077a5e7572;;;;;;
1e0c21e6484954a2eac2c9a9a0c2a664;;;;;;
6f5073264ac605e6b7b0d0c0e0a74536;;;;;;
fe58fa3c45ffce4e1c136dd973e3eaef;;;;;;
bc52626fedf6f3b847da387f7120f020;;;;;;
6dedc83b2e5842737fc78c5c0a2c0dbd;;;;;;
94a2fe615214c2e5b08551bbd62e15a8;;;;;;
28a8103c2232a2542ed2a7e33934e643;;;;;;
8cf4dcb7710198c80aaa3505340a4c6d;;;;;;
5e5a6f35a637e38dcb4f2f6ee485105d;;;;;;
ab4fe2a053987dc4b38536de03f94b96;;;;;;
eb371342b53ccde6f17f02e3fe9d28f9;;;;;;
dfe8e6ecd29bdc6fc3fd1076d9297e25;;;;;;
1db0abc6805e49d04f0e430f6388a034;;;;;;
3cad6280cfa928030cf76eccbd5f8781;;;;;;
3087c56dbab1e4243887278d8a257d05;;;;;;
7f60ba28c742a9a27189b3b565bbebd1;;;;;;
ca03f429a819c850190db455007d006b;;;;;;
f9f6c07c2aa77222ac0efa931fa9e3b2;;;;;;
e4fb39e30d32ba2336fb1ea5cb39602c;;;;;;
4ac214677f8664045525be0ca917524b;;;;;;
6ab9496c9f45803f1ce8629520dbcbc0;;;;;;
e5b965d4b2cba42ceee0eac8c686e3b1;;;;;;
ce69885c08a6c2eba16db8097a0e2615;;;;;;
25726b866b1b088e5fd1bf0d74fa6714;;;;;;
94ff84f67f9b8544dc3ae26c372a6a42;;;;;;
0073167a0f94350623b859dc51ee7139;;;;;;
4cf204d6a496247e8410dcb2dc585ed1;;;;;;
7c7423beda98e135cf5dc02a3fa56fa2;;;;;;
3ea2784a62da043e4b6fc810d108fe0a;;;;;;
fa30b9b01cf31c3aa04496e39a960498;;;;;;
b79a646cd553d431a9b61de43580aa47;;;;;;
1cdd5985c298e4e2489cb880d5fe9ab1;;;;;;
b18d5c3a7942256fae54023ae4396be6;;;;;;
2abbb25f9ab5e4d99bd8ce36a35d9e99;;;;;;
84e508947f3866a98d81cd3736abfdd4;;;;;;
936025410526b80b7f5aa1f1dfcf3a24;;;;;;
a3605490c5611a9ff868ee7196d991bc;;;;;;
1840084afda40fc0f34d0ab0120c1805;;;;;;
8f91e088d413837314a888c9aa2862e2;;;;;;
4cc7166aa44c73f7c7ea87a4e12d162c;;;;;;
485efce569b31726d5cc8bee5f36f8df;;;;;;
ccef921374a88dbffc384d32a86c4f12;;;;;;
c110a60d5ada92d713e357e39d37290c;;;;;;
6f801a3391912b1f62ee6dad4894c2b2;;;;;;
2e567181ccc22d0215879ef27a7bdd63;;;;;;
6b789d351dbd0702c712fd4a92c40638;;;;;;
33063d1e120e5424698e402e2400267b;;;;;;
0b62542e7328d9a27a8c4799a9bcf468;;;;;;
ceb312355e7058c423761cc8a53aa9a7;;;;;;
b7fbcf8db7be3c6df362c7b7ffb8c7b8;;;;;;
71b56515ba4d923e65f78a23a1dcb61e;;;;;;
44b910c192f04c31d13a27e6446533c7;;;;;;
2f32c58c44fabc1d73cada8a9215a6df;;;;;;
d2b2bc1cc34bac2d8af9f10c1068b0c6;;;;;;
cfca3c1e2965b921bef5505c47243cdf;;;;;;
25f7ad20be38f144142b0b2a4c04b8c6;;;;;;
825df0908a47319d734792228f7125d7;;;;;;
ef85dda5e6574116c9265ce5cb790be7;;;;;;
d6ac633fdefe9cb545458bbc950301f6;;;;;;
32e30e496bd2c0bf9dfe2b2071ddc5b8;;;;;;
e7794505922611148f0c96d7951bb8ab;;;;;;
1b18a6d5436aae0d6a14c07a0a3e1d38;;;;;;
9b440fb1b179a16d05b195a9fc793fa8;;;;;;
ee3562eceef0e439cb4bc2ec52127469;;;;;;
47a2ddec92d41af742d0d979fbb54435;;;;;;
1b132733e7fbef04f58d906f2689b64e;;;;;;
640b195752906168777c476d8c39881b;;;;;;
e15e179dfbb31d494210375e3a569af1;;;;;;
960b4b3e7f607f9ed6564c043d4fe976;;;;;;
62e048ca1a215efaf943fb0e110a1e21;;;;;;
59d8ed5679ad1a74442f99388e267ddf;;;;;;
2b8904df51a6d4344281998d173bc3e4;;;;;;
7045d8f886694e80bcec988aae1904ee;;;;;;
a73207cba15db2c9a2b80bb27c04a042;;;;;;
1dd5870384a6c30d3d093f748639cd86;;;;;;
1874042fb3c3b9fba0bbea1ced418ca4;;;;;;
b766ec01c2f8226fbe9ffe916c3cec92;;;;;;
114e41b14f0ddbc04a843e37a8af1f2c;;;;;;
d3f2f962a37fd0326c6444d4a78a8213;;;;;;
c9c7b3200648f74ffb39c242cd5e71e5;;;;;;
55be15ba2ed1b28e4ef2e10ccb090533;;;;;;
a4a8880c94ff4e4366211460f40ef727;;;;;;
34ea0c2176be6c1732627e68c5698b34;;;;;;
d9a1a51d760e5964c59d1c357033a5ca;;;;;;
e34715d71befe5d20aafdde7ab09ae35;;;;;;
11c459d9945c449c28dadaae9e5780ab;;;;;;
21fe8ecc866b282a53c479deadbf71ae;;;;;;
0df838bc39aa59fcb9a8ba31bfdcc176;;;;;;
7a1f1668c930d10a536700a994466bf6;;;;;;
c105dd837629a858d3a5f49cf6e48e9e;;;;;;
a5dfac72cb9866e1e55147ffebe1db12;;;;;;
74fbdaac3a636c461fd0f21996ade288;;;;;;
892c218f65433aa6b0685c6689cabab4;;;;;;
530457650ebcbde6f4e6fdf30f8a97da;;;;;;
9a509d0b01857fd9e579c434fd04443f;;;;;;
5f9ca562b169bbfe7fa03204f957f12b;;;;;;
e9befb4698a9c30e0948cd0fc9b9e3fc;;;;;;
4772d74dc3adb01cba05844b371e01c7;;;;;;
d65ca51b95ab1d10ed8d126da2b971a8;;;;;;
a4861956777e0d89f3e489c66d8624c0;;;;;;
8bda00562adf4d364bc08f10c0f3f2be;;;;;;
9481df513f7457c2551f2dc4400aac54;;;;;;
ad1960ed40bc2148cffb177bbabd5280;;;;;;
6f98701c57409ce8ff61990b55f6887a;;;;;;
0754c5ba36d6e5cd0cd346f791590fc6;;;;;;
f04c4010f241b18df005ed1d4b90d2a8;;;;;;
95cc33c2c889ee9d02ae0e0870c061e8;;;;;;
0ad37dae2b43d96f0359b3f14a748165;;;;;;
88eb77a2b0b36328b102ac489c680e22;;;;;;
a920b63e4c83e827f708e58065e120aa;;;;;;
a17056b4af726b2be36b5b54d4b834a4;;;;;;
f8ac6de0643fb7eb902c4f50f2e45dec;;;;;;
7fa2751dcd7b1e32692875961ae83071;;;;;;
1d34007db8a8ce41ce1876404d9af259;;;;;;
1192765566799a432adf6003fb41e0b7;;;;;;
52b4fd8281d8aa6d3f5f5fd4330bba13;;;;;;
8eb9dc163020d897e1c6472269521586;;;;;;
7f14265f39018085667bb8bab42c5f8f;;;;;;
6182792ec5ba14f5fb13c1415a5764cc;;;;;;
ee5adf257dd96ba8548196daa805aeab;;;;;;
20e9740648f8200fe428a73a414bcd56;;;;;;
4f768aed4fdaa2696d2ad7bd6c9e3c9e;;;;;;
f467c85ba8b81930197d18b3a0e29a0b;;;;;;
04489e81f78d390563ae8a2a0c4e8bb4;;;;;;
70b231ba07319acb5a329c7e1644a294;;;;;;
234b559ec8d1a25689a1fbd3babcf2a3;;;;;;
5b1ed5d6577b6d97fcb10787ef974cdf;;;;;;
ecb642e51b4b326c7278977f1fdc773d;;;;;;
ec8c90a1ade3217ad03f5a49999a302c;;;;;;
6e6c53377b42cf9dfdc6cf4036d010d6;;;;;;
5a347257b40040a80938b2ae19ab78b0;;;;;;
752bc11777bbcf08f451386aafeccbeb;;;;;;
00101810c21b7e1f6a1873beb1eaa25a;;;;;;
da5013fe32846af5c2e1d371cb749f8b;;;;;;
18f885c113914f33ce1bb4e5892064be;;;;;;
591876602b5687e4c31c45c0dbdf47d4;;;;;;
0d30e8b79391217eb01a561b6a77c604;;;;;;
ecd86a3e38278d65f8f5fa05bad4ca1e;;;;;;
a89a97b2eee2cd0bb62544d2b4e7c7e2;;;;;;
163888a6640ca71969d14bda95ca2833;;;;;;
9d17658bb404dde50155a5e40be11132;;;;;;
c8bddc9c670749f26ec457174e83b5c8;;;;;;
315435a2c0475bc9fea61430748738e0;;;;;;
635d9045a8456089cd64f980559d6426;;;;;;
db8c5fd256581eb0ec951ad05936f331;;;;;;
e8782bbf1e3255b0ff9ba4c08e0bb14f;;;;;;
d759e325eb40afc8747cb63526d19eba;;;;;;
b62950638232e2c74ce8a19168c21ab0;;;;;;
2f53d3e4df7a8f0d68cdb0c54f434e0d;;;;;;
800dc36973af026185c1285985ea2624;;;;;;
1ec5feed84113b98d14afd7bfb41fc6c;;;;;;
5cb393284937bf6749fc5af19c68015b;;;;;;
4117df88333d9b3df2c0bb2d602113f7;;;;;;
cada23fbc67d03bdee7e0d09f10d32b7;;;;;;
bc48041a82a1d013f15a772a064e4e9b;;;;;;
8fef34b27774ad186496e1f69d7e115e;;;;;;
2d5cb8622280b3d3a4b07bc1c898c98b;;;;;;
4e64c35ef96e103da6db4ad938364241;;;;;;
9463590635b5885a2f863a7eb7d4bcc6;;;;;;
da5d46f4bd4a62fc19d7eb0a02d9a78e;;;;;;
c105d8cea7b5123dd56316825df38ab1;;;;;;
041a70f9f707d12a6ee4098cbe43819f;;;;;;
ac2bad7937a95e4a81e2447fa5296a85;;;;;;
c1796b0960d8c65b53a0964222e4ac49;;;;;;
8cea0cccbc627374e959863e67bffa34;;;;;;
49b19d18952ce4ddfa6cbc5fab0ac442;;;;;;
ed12b45498dc40686aad3797e3ea71be;;;;;;
c345653bc59900620edb870239ee638c;;;;;;
b9346200dcc6109517f77fd40abd2a88;;;;;;
b5575d3e719244d639d552bfef21e232;;;;;;
d6dfce6fff04d5218e271319174362e7;;;;;;
99e7bfd2fff355f101a47f9bdf13641f;;;;;;
996a9892e1b9e410affa337e4ef31d1c;;;;;;
101b2942fe426950fb29d7e94b0e2796;;;;;;
1bb8fbbd4f79e0d850976a454c431119;;;;;;
43695a0054f55abc12292ecd1ce114de;;;;;;
211ce91c03058c730669b8611340329b;;;;;;
00a2139103fec9d5909b9a24e8141f6f;;;;;;
c2fd4a60b6a31092dd7c096956e78973;;;;;;
c8ddab07daa2e75dabfdc87a312d893e;;;;;;
209dbfffccb349ecc1d7ede283fcb4bd;;;;;;
db2ec0ae22f3c8d73b4da69d4c69583b;;;;;;
8174805c91dc944abbeba0f08bd7bfa2;;;;;;
ac9ae6de59f51969b8e9ecd39f88cfe8;;;;;;
98bad893ab1908187764807aae0af592;;;;;;
d2cd83143fbefb982b739a8ec9a9ce49;;;;;;
384bd2b70c1fc68ef00a76d57b7cea64;;;;;;
e0a2712476be7ca3598a40f92fa5691f;;;;;;
a4fc3adc8410aeed27a19a7eb10e302b;;;;;;
dfd8c97fad7c1c0265b82218d3b72fa9;;;;;;
2fe5d2eac6a9b050326bac000b85830b;;;;;;
fd7f926c75e18c9654c1bbf2efe491cb;;;;;;
74e1b087693961dc883e5c2ee83ad429;;;;;;
86c02b3fc7ecac36bdf427bdbce4c2f7;;;;;;
6e206eb362b8389ba94a4d06c7d1e7de;;;;;;
0beac51087d068817397ef0944ab9da8;;;;;;
ad75f9f60cbdbe2e78f1a6af99de5872;;;;;;
93dae9b6e589d00192d75feec6445791;;;;;;
d62dbcdb6d98fd09b49ad1674bcc9aa0;;;;;;
d373c849e8ac5926e528e8460186fb63;;;;;;
eaa3a4f8730fbeb1395ed28a06f92420;;;;;;
2ae8da4b3186616effa7c3b604353ab3;;;;;;
ceb5718ad699fa791df809180d8b9e8b;;;;;;
6b7405fd3e6e5bae20190805db43a856;;;;;;
3276824eb4b41466078c313eba986dac;;;;;;
fbc02ee5a09c5f1b7222badfce09df5d;;;;;;
366f970f1c9604fb1fb586ceacf639c6;;;;;;
0534a8355da1e7a76cce7275d7d52c3c;;;;;;
d2b5cd6d02f399d6cba96943880a74ec;;;;;;
742da0a51c4710b9e89b34ee39e33552;;;;;;
59fcf79b2681da98fd525bfee1b953f3;;;;;;
f81f8e31163b8f831a595efaf7676d1a;;;;;;
93a5fb01d3148578ada28cd5c4ae8d6f;;;;;;
5411291440ad4d1c649814aebfe35305;;;;;;
599488e8738e2803d2dd46681fde863e;;;;;;
5c782ab6f6eee23d867118526ef65192;;;;;;
d0e92f00e3cadaa7be5f2751d1606a8b;;;;;;
15f3911f3ae2ae93c7b68d7bd111f29a;;;;;;
955dcd398df3cc9a7bb109963549c57d;;;;;;
6358aa8deb0054dc99e0ba66e7603f0f;;;;;;
28883f258e80e51e04fe261dfb94a8a1;;;;;;
2f8aa33ad17807dcf709fbe116088fd2;;;;;;
b7f74ba7e4aa1a2a0804ff8d1307fc7c;;;;;;
d9ea3013d87cdc4e5d56b70c5f0779f8;;;;;;
41bd71016639478484314591d6dc0329;;;;;;
3b6190f1b22edd7ddac021f51b4bed9a;;;;;;
cbafcf23c0ebfe05879c71e7dc1df579;;;;;;
926217ad83a797e95bb0c1599782e22f;;;;;;
4fc0137d2288492fb43d1ebc9e05f436;;;;;;
b5e2280a64e8aad2910aea786a45b150;;;;;;
18b6bb0848c3a2df9ab46f636171c947;;;;;;
23504e40ccc9fb29cf70b61ee68b2be2;;;;;;
7b5ebe6822db5a105acf93a5e5c73790;;;;;;
c9fefbe7651a39780f4e5767e6873dd2;;;;;;
bd37bdba2831c3414055fd7a42439f28;;;;;;
78010b7c959852a580e74dba7f92bb11;;;;;;
e7193e8933a48f83862b80bee0bb1dd5;;;;;;
d875a42a74d83b5fd001f22bb47753c2;;;;;;
1df7c5dac5759c5d9cf72a3f38cb00c6;;;;;;
93b80a4bf3dd7d73733ff94fee047619;;;;;;
212043d71bc4388b6d005a77bd2905a8;;;;;;
71a02b4ed6150ee6e4b09cae3121f235;;;;;;
5e49c8d1cab077fb1e6e6eb1065977dd;;;;;;
ac9b7fd21954423e23038a2f5f254992;;;;;;
a41fda46e6358824d1685315f98c5d73;;;;;;
23f1da987e1fae687215dc3cd6985cd9;;;;;;
0e69ecd9aec59fe71ec7a2bb65ef00d9;;;;;;
3aa5aaf8995ca287dcd5ff25207eb2e0;;;;;;
3281598374abc814491c1b3caf259295;;;;;;
bf8d819edd8c162ab3daac4e6a293c88;;;;;;
4068180acb70e495ebdb49021a77f701;;;;;;
c95cc5d40cbb4a7a7800ae9b77515346;;;;;;
07c07433eaafebf4d30bdc56acb47a10;;;;;;
2d123e7d3935a963c20358767d3886d4;;;;;;
26725e02883c8423c8f040dcb2df400c;;;;;;
50bfbf72740be39d2c1926619e49c419;;;;;;
e5de48928d5197c38dc2f123b056bbb5;;;;;;
257e2939368ca4fc27cb288d06524da5;;;;;;
4b7d38a8b51c12094e263ad5638714ac;;;;;;
bcf88e8b8d19cf5d9c1706974008e0e1;;;;;;
dc157c436c4dd7a75c2230c7b2110a51;;;;;;
57febc8c309c2f91193756d1f0cbe690;;;;;;
4c5867bb1b93d362dc6e11682037d069;;;;;;
9e5526ccbae681c66a71a74a222ef087;;;;;;
7d402e1fcecdcb3d3dd1c4c78b07c115;;;;;;
70beac389c12e979fe9c44f716737c7d;;;;;;
9abd09040121351934d77a0324bd3500;;;;;;
e35b96615fe3951573c363e7ef8c4bed;;;;;;
0bd93710817fc9f0d508797ae59c429a;;;;;;
045cb07168aa8e70c1670cd1f4ef0c67;;;;;;
34f581c64e70f274da7a708a4218f824;;;;;;
6ae20b36a6fc5eb211d86d78b382c90f;;;;;;
ce71ee72e7479abf1638b72a6ae4d80c;;;;;;
1d3f594b7fb14113cfdc779b69cceff2;;;;;;
b4c3018e2f6c26b2e80e5adf4770a006;;;;;;
c61f546f749b838f52a751c4618396ac;;;;;;
d50d1bfe1b4354a276590c0cb9e131a7;;;;;;
23330627ae82f0af525c637f6b7d36fb;;;;;;
2780a74b7dc096978d1485c197a28ab8;;;;;;
cc1710d15db42208742f0d4cbaa2e385;;;;;;
6233a6cd1384cbfec20e97debabe0d59;;;;;;
685847bc397bae18d65235719f96327a;;;;;;
4ce29061ebcdee31d967127668d26734;;;;;;
f29fe85f2205b73e1159c8581aeefedb;;;;;;
aa9a7dde441a3344f8761e1e9fbe96b8;;;;;;
9a040db52eb45c81d4c228e0e485694d;;;;;;
9d696211faf0733af152559358d5b91a;;;;;;
9083df54c7e9cf99df4ece0de1dd9afc;;;;;;
4c1a517dc17d7e4a57d6e703a334e05c;;;;;;
eb086b93fabbead8826bbd872e596155;;;;;;
89178f7a3dc336e3289449e432882b94;;;;;;
004b701b086a6707583f48728118799c;;;;;;
5fc09e67b05bd022a9a597686ad5b9e0;;;;;;
4fc3c43c7281be2cbf433a341d7e8450;;;;;;
371e4dbc4eeff973bb0c1b3db311ea5f;;;;;;
ff7a9d99260b8e9ed691ab48d228290f;;;;;;
c2964afedfe852d466519203f4c284f2;;;;;;
e365e06af5aff1cd5c5f15d6eb7a9619;;;;;;
4217cec0f3b435732469f5bbad967f28;;;;;;
c71ae27c4a1887c3f09690378cb38882;;;;;;
4d443001082869be3324e77317e72fcd;;;;;;
0b66fff4f864ed77936b12add2d3cd05;;;;;;
0754f3d728031cb12a15d49be770b2d0;;;;;;
db15ad5cdfed0b627bed16c98a64fdf6;;;;;;
aef9770b434c3d57d9c175bfd4211a3f;;;;;;
a2e339433487a3897a38ebe54d0d3e06;;;;;;
56ba51fe28a275b94810f3f800c374ff;;;;;;
625d86c67c24290a23fc5d66dac05bb7;;;;;;
3ca24db3bca59e00facea8d1cc4652ca;;;;;;
dc0b3715e9b81678f182e24bbeb0d1b0;;;;;;
5634b1b659d655852075a2403ada8001;;;;;;
caabb37910281674955e24b3e070a083;;;;;;
97647c4d3db0eda438bac7a92887f5bf;;;;;;
8f7514c78ef519bd98e36f46e5855ff8;;;;;;
15e87969ed72abfdc1f2e146ae116a7e;;;;;;
477968e73b991490125e6ed6f6062cc5;;;;;;
17c594c95beadaedc23451d4bbf8ad9f;;;;;;
acd877ca23134349d58c4240a24f1c0d;;;;;;
da58f43fa924096ce3bb53f60c65e11e;;;;;;
8c2c7482459b38b85394d88609c70db4;;;;;;
960f9a8828b6f5245a928608055105f4;;;;;;
f62531ea04b39ef5eba5f31844d78c00;;;;;;
8b888fc4b9225b2a7843e75a5d9cb03c;;;;;;
ada58f5e3bb90dbc6040c572bf90e24c;;;;;;
8a753a7849b9af556105086adb8e7941;;;;;;
82368600ff9bd45a9cfec7e8f4514dda;;;;;;
f002005446566db6064411dd73072868;;;;;;
8fa60c62e997ccb5751d8be0555dee12;;;;;;
119719e0c871f27e61d8e6d68517ef08;;;;;;
28f71ca8890747e461455059f58c11a9;;;;;;
b71a6c3f0c64d037d505f025b916c5cb;;;;;;
c4ca34f82f261b4039d3e827175fba20;;;;;;
992b979260084ddd3f58219912fffd98;;;;;;
f76b4d6d7181a364c6a97728b17c44e2;;;;;;
5346521ba772c5b36f59d303bae46293;;;;;;
0fe5f9adaf5e42ebae3e90124eaa65b7;;;;;;
fdb11b5d42cafefed3e2c2dd348e94f2;;;;;;
4938a917a951ba8019bf683cbde92049;;;;;;
88a002f4547b003bc7e7d1f72fb7a05b;;;;;;
c98452490cc000b89e401ce5659fdf3d;;;;;;
c7c4a3f10958eba6d8e2e1586e2647b2;;;;;;
a5b0c20b8902aa0f3fa3b8121860a484;;;;;;
6f4aaf1504f728a5fea069e528554bd6;;;;;;
3ecd3bf9fa38bb4cd13a189e797f22d1;;;;;;
8c5d2c0db2acf6279f17497d8581866a;;;;;;
6753a612818c88255396f899ec82f904;;;;;;
fbdebfde1056868fe3b0c1dcedebe3dd;;;;;;
2657c24b0345c980e3cd07b091bc68ec;;;;;;
955df77fefffd2c98e5b96769b97a1b6;;;;;;
bc82ddd6dd63e2cc248236cd173cfc6d;;;;;;
070e2a7653a3d003a281d7ffe22a8a03;;;;;;
3781bfa1a3e49f7834bf153689e2d99d;;;;;;
36ca915b27d256b16681c98b551ca7ad;;;;;;
cadec7eef6687c03590a781d5d6a4a3a;;;;;;
8bbf45c0a903e12fb0bc2e7987354cf9;;;;;;
1bfa4776f207fe100f7dbf6fe5d37957;;;;;;
f2e3a7fd5932345ed5ba879d0c27cec7;;;;;;
73849201493022eaf8e650ce09894e62;;;;;;
73d405f7fbc006eff07b9e1dd72c21bd;;;;;;
7bac2e6b1d460ca6a1571ca60b0f14cd;;;;;;
8afb47891cdfd5b46fee470cfb994f7d;;;;;;
f310afcff0b0fe8ddb1dd9a291676104;;;;;;
9a443fed4b9e571d4e986159bdc583cd;;;;;;
f8b9cbea51a9faee1a640e353aa2c521;;;;;;
25ec6219cd7f2383be7cd66988891f7b;;;;;;
680db48fc5640e76167c4c3ce87d06bf;;;;;;
6d4c14c4526e2abac668b152bcf7cab8;;;;;;
d64e73ed1ef8c6dfb6b8c722d3274a8c;;;;;;
f2ffa4f41090e09ab31641184e105b40;;;;;;
cace5e60bc3eab7054f81b769a1f3892;;;;;;
536be852f3e86a388314f79b58252577;;;;;;
f440f0e495db3f1ed7fd9d64276f981a;;;;;;
626340e57eeea4906c07d599ba42e748;;;;;;
f23d4ebeec3673ce323ead52588c37ae;;;;;;
2140927cb7322f6425d42e5c84c85c96;;;;;;
725794d438f634ac736145ee9de3b194;;;;;;
68a5d87559a4f582b392364556c7d11b;;;;;;
6b8d6330655856160f6f2f4d50624403;;;;;;
e6293eeaf2b7d42d01edeeef1b1ceb98;;;;;;
3a7815e0ad17bff2cd985b04920bdaf0;;;;;;
b29c83e715bb937810fc32b58928f71d;;;;;;
ee73b283b5f0ae7c68383f24401e1f4a;;;;;;
de20a7ae29dcb6f039302515508c8807;;;;;;
a2f7e937740824940c14f2fe2fb9d796;;;;;;
c811669a2cc4f817c9ca9c51bee31b92;;;;;;
15e05d4225def42477619b4f6f5269b2;;;;;;
ecce9bc31cc5f68b769699395630e8fd;;;;;;
3beeec822d2ac27cae40cf0daabedf28;;;;;;
ef5c857d2d11169561970b64010e19b4;;;;;;
0cd13c0e7910ff0be781fa4365b24528;;;;;;
fbe73c191e454049e3154cecd5b7427a;;;;;;
9fb03ec6818f4fe3259bd8f041fa8758;;;;;;
1da7d7f9586d17f0c7bb000cd013fb55;;;;;;
a41ba79b8cd221003856d5069ccdbd36;;;;;;
77352fcd3ffcb1ce1ef2ffa9059b092f;;;;;;
08f6eb8b8c327a753b6e5477e916c5bb;;;;;;
2bc24fcce6880fb6670898be548f192e;;;;;;
a7dce4dad9c2c8dbc73ae995214de0ac;;;;;;
c13659b37f76b5d748677aee39da9739;;;;;;
d62d4c991fda1e898c9396b66005a412;;;;;;
b9cf1b947af65c7a6f00fe8584875cfa;;;;;;
784fde433927bad1960d85c9d423f1a1;;;;;;
6829448dc607a210697ca684c1edacd8;;;;;;
a9f76754c1640d1174c0cc8e0a2a5578;;;;;;
d7919f01a38b9934702c761309d259b6;;;;;;
3e5c17f8ff8d6cc2da3faf81e8c55135;;;;;;
e656655581cbf730031d9f4db885b179;;;;;;
f1c9557ad380b75085cae9a97cf0b5c9;;;;;;
66798408c6c73be40c230bdd03a7fb72;;;;;;
76ed041d340d24a7af1d1274ff7bb6c9;;;;;;
dc7ea1c8feabf82c869ba5d0ef118bd7;;;;;;
9b772df061268d0e63cc01044143b8a1;;;;;;
27fb6de1585d41fc0969f9d373ee5dfe;;;;;;
73e73ba18da918cda91793110ed7c9d0;;;;;;
0b326671a17a70d46c0f01af0094876e;;;;;;
15ad8e82e8a7a457fa90317239d1e7e6;;;;;;
d10f8ad563db8ecfd680bc3b7bcabee6;;;;;;
210ff299dbc4acc1ac467815be393c79;;;;;;
1558a58df1ea297b3089e14acb51daac;;;;;;
d492b9a376fd6b4093d91b851cb09a52;;;;;;
09793eee42f3b5505527e75aab475733;;;;;;
54ec44404a1db28b43bf311566ecb9c6;;;;;;
e8cba6a16f57d8c32724a03c9876b748;;;;;;
6cc4420d9b3bd4f4c9bdd2559b8a6059;;;;;;
0112198933ffe01d1ef8d4da18b0346a;;;;;;
dd551f3e3e0ce105673e776694e8d23e;;;;;;
9a1b434661fb67095214f6cbae7ec1dc;;;;;;
fe14ea9b14a7120c0ccd439db93f30c5;;;;;;
907cb2a5ffa575981748187ccd25cd7c;;;;;;
487248a33bfd6d7def9c0e768c1803ea;;;;;;
0120793ec8946b88959719999d4baf19;;;;;;
4855eeb2e354e5fbe81f99b54264bf6b;;;;;;
c4b5464d4d3fe3afdb9ad951f25dec72;;;;;;
2d333f6e20f1ae0cd499cc76fb36806a;;;;;;
f46e0b5da349cd5d40c89c30c0edef03;;;;;;
367cb39a23bb18f1b8bc61b342ad19a0;;;;;;
ac9d0fb7da2537fc5e8370c0aa4382df;;;;;;
bb19a484018e68d6b27a228de3649535;;;;;;
1d14d3e099627652deef56fd5017e80b;;;;;;
2fe7ebd4e47b29ee710a6d7e13b2006d;;;;;;
0f6938ac3907029ea35530cb00bff327;;;;;;
2b3e47cd516534f334bdd8f14e33e6cc;;;;;;
821a50391c965fd142328f14f084dae1;;;;;;
c911b56f10fc05d515572ec17e504f9c;;;;;;
d54135ef8c23f34dd529e8d122a6339e;;;;;;
7418f6bf7b2b9a585211b17653c551cc;;;;;;
47e4a08c2a5df9d3e5f3db9d3c5cc884;;;;;;
ca46944820d59a3f4f06b5269ae9a09d;;;;;;
074e127e0522ec6dc1d15d46da521c09;;;;;;
b2bbcd29e693e813173ead073a13dadf;;;;;;
75f4ea4ff92a2836c8e3424a073ed844;;;;;;
1da4fcbbc13bb3e6295753523bc517b6;;;;;;
0155be2365c936f70f398266a6c7fdee;;;;;;
8ee2e90bd75cd572c37cb0c6bbec29e5;;;;;;
661f7426420d55f3d852c64640ce8d64;;;;;;
62c86ef746f97aaafdc92b96f09d5041;;;;;;
1ab8f4b4aa771c10d948d9361af70a56;;;;;;
1bcf4e2fae2003a8077e4775554b8711;;;;;;
98197bff71b29f5c9e43b83d2afa12d1;;;;;;
84fa6f9087338fd1b9fe02686b089847;;;;;;
43ee1c3c57066a2dd89b3df54d48747a;;;;;;
3d8021fe2813e5d792be89d66a5a0894;;;;;;
f03c26ebb0861f5e004fc6da73b711a8;;;;;;
c8127109c06a08179dac90091b8e79d6;;;;;;
31541368a19fb30a4dfa34a2619dd4e9;;;;;;
af10c810ca0bf51ab94f9399260f5fd2;;;;;;
1559805fdad3d6640b25694ada056b09;;;;;;
31f6e031f1c63de95dc5faee50c80d4c;;;;;;
25563102b4773f76e1c1317f440fb0cc;;;;;;
07b1a44afebfce5c61d14b21fe1706f0;;;;;;
4e13fed481f79b90bb33655b9a5d99fa;;;;;;
62bc1bc7a0a8a6eb0dcab85eaa13b525;;;;;;
893d83340e827c71f4abd43104380e15;;;;;;
5cbf5fa9c4566fb26250bef4935fc2a1;;;;;;
93cece47fc42905df771c5988c629659;;;;;;
7ef8ccf66a07aef5d7ce443b743c6365;;;;;;
1d20d1ae96c99e72c8f71e8754fb04f7;;;;;;
d0819eaee3abe52eedd95dc926ce9b9f;;;;;;
c5ab3beb2bd2c184d2ff7972dd070370;;;;;;
5143da26980744cb34b10a6447817436;;;;;;
b8d9270646819faf8bfd4f89c43fe203;;;;;;
493dbdf2c84462f0ae6a6ea54e4ad796;;;;;;
3c59f03580917cbb4eeb724c2adc742f;;;;;;
94d9bf7badad184febe58f70d1dc6cb7;;;;;;
db5978ccdd409c789dcfb888151da60c;;;;;;
ea541ed6ae66fa59374d75ae04218f46;;;;;;
c7840fa408880b135adab885f02a4282;;;;;;
59639c89a2617c9a3a91a8a14e4c6ef3;;;;;;
3abfe1d08d6d5da930947d5a65f7ce5f;;;;;;
df736ac16fe7a5ace3628f6543299d93;;;;;;
d8fd62e5b2a22d0168956d2e23fd080a;;;;;;
ed147003e4dba8d1a3536db5c651c94c;;;;;;
9e2c4034c7591cd69310f5eafeece466;;;;;;
1f2ba66a3d8fabc0586dc20a91d86db6;;;;;;
60b57789d6aeb17e061c9bb2155835b6;;;;;;
32a5bc985269d70070f0060fb8a3f25f;;;;;;
7e893c3776a98cfcfc276654c01943c3;;;;;;
6f5bb42ffcc6738af5cde29bce2d52a2;;;;;;
68f86d79222d63c885d3a45b929a3c71;;;;;;
f8fe0a8a8b94ebd8ceec9f75e0c5fc22;;;;;;
a7db1003d277f9947de03ebbc4af6cab;;;;;;
b0d58a03081ba4b54bfd654a42eaa1e2;;;;;;
2c86ef4495738a4ac6f96bcdb5d3dda9;;;;;;
63f4c75967b304cc1ae874ad882ab83e;;;;;;
32afa507788b690ee93c8830fea904ce;;;;;;
a4f8ffdcfbd8b7ef84f7c7d90f07e68b;;;;;;
e4ecabf6480f3f6371ad6a1b5b0a1cf5;;;;;;
24b5956c8f69db7b6797b8295fafbb5c;;;;;;
283ae9c6d4680b4cf9eb0874f0cb4463;;;;;;
dc33b2d4ac1aa8bf4f29925327ae4c2b;;;;;;
b7abe95a4095d93b4ff007228870e586;;;;;;
764dcff57f21ce010528e47c14e22cd8;;;;;;
2a5e74a35b047f66b8f7c97658acf1e4;;;;;;
fc492453aa6d3ab1aabd79624e4366c5;;;;;;
47d5b6267017c4dfaed86a2ee08c4959;;;;;;
f46e909dd315d7f1e20e77aae485280c;;;;;;
4586e0190e6cabd090bc262cc998fe6a;;;;;;
b25f51cc0965f6074a40e790d402bdb7;;;;;;
e431d5b8d39f62e91ddafdd50a3c8dc8;;;;;;
110ae70f57dd1d085f3aa9729b3f9814;;;;;;
a69012b789c0d24cf6d37f814016a024;;;;;;
fbb16d950d372c8eac4bfa78a8549e91;;;;;;
b2822a6dd0ac4d98beed3bf59afacbb0;;;;;;
3955d96f1e7ae35fe18ad3d3f78223a2;;;;;;
dee11d663a9f2c4d262cb95b4f6c476f;;;;;;
bf08b78008ae9d699e6451e6265c9180;;;;;;
a533fdf7706b62173a600a567ef270cb;;;;;;
62c59f2a8cb91601599262089912d0cd;;;;;;
c1e0f34f49776e26d3bed1c723c539cd;;;;;;
d0fb016551909967f3295dd1f7ba3a80;;;;;;
b5f578e10677979ca9221df63f0fc623;;;;;;
8ec440f9e1a8121d26b73622821bb259;;;;;;
2b97f6dc6ba7bf42531a9dc209c50acc;;;;;;
5b406a639f4300c8df34034b1f0a78f7;;;;;;
fd62975b70e3843951ab412a1909d6a6;;;;;;
8b5a41d8523cc281fb5e092aa59c3fc0;;;;;;
0fb876d16f2adae0437965da5074347b;;;;;;
eafec5ca9f9274610ccdb34fb2cbd8b1;;;;;;
46bbee2a7ca1f1289ded8ca36d2f2dab;;;;;;
46c50dd2c58605645a2e19cc3657e6a8;;;;;;
38c6b5d576a1e2b17185744bd5d1b08a;;;;;;
32c37d69cd5d4eb5b8b4a83f67496a28;;;;;;
c93b89b39275e38aca970cce81c328fc;;;;;;
fe67f5dfad984a149f1b8ce36742f887;;;;;;
b55fff19b5bc2af372b6495d3c3ba102;;;;;;
998a6f60f107bdad40459ca73d6604f2;;;;;;
3b7a6016b5053cc330ae06cc0e12c6ae;;;;;;
33184bcc263f1b196c6f8e785e611884;;;;;;
4be85cc91c901861d6391b9d4ca4f4c4;;;;;;
9c1f5d8f1468511131edc0f303534abe;;;;;;
af10493879079063e982e8ca185267fb;;;;;;
ce592d5af41014b16a24b380102ef697;;;;;;
269e5e87c1d981ddd409b0323109f7f5;;;;;;
c4f54d5cf487ceb2fa86dcd4e30444b9;;;;;;
1a07fedb08dd480f5d6a89834afcdedd;;;;;;
305c05030390e96b52ac489272441223;;;;;;
38f3529d194a937ef52fb19a40bd6d10;;;;;;
36aabb2ff20c52b0547e5e9dcb53395b;;;;;;
146e650c761e28395b2d0a86d65cc479;;;;;;
49b54b1708089c1f87099eb52e87aec6;;;;;;
de9c94c74f6c3086702dd9c27fd1f563;;;;;;
fbb257ece7bab5d3a4a16af28017c17a;;;;;;
b4baf3d079437e1a41d58d1ffc284064;;;;;;
23dddf2db4013ec6d80d35b6a7d34d17;;;;;;
b4f402ad9d2f501d86a1b452efd70ef0;;;;;;
bdc75906fbb5c28126076074bbd0fd87;;;;;;
5ff29ac531029a9513e07f43e9b0e28e;;;;;;
b4ad1e3cd875e7755169b24834d7e09d;;;;;;
25f787b2fb821711bd0f7138ece44ad3;;;;;;
ce6eb8224ac7a3f02a9217ba6daa8c58;;;;;;
815bb292fdebbe9236d6c67cb9f09c26;;;;;;
b00c8b86a91f6b3576e5ffcd8fffe853;;;;;;
ecd44078bc58639e9e241bea2430a1c1;;;;;;
35de6a2921d13cdbeb6ddbc21ae90c65;;;;;;
a4e87a18afbd5086cd5e8fbfada345d5;;;;;;
6126998d3799475db76624536e63877c;;;;;;
94c8b1e9da392db2cb0a0ff8ff8d4260;;;;;;
dd6a5e0fc05c1f98073d2cc306739b36;;;;;;
44ac5704985c7fb347b24654fe436b8b;;;;;;
88559a7961185b9ee20475e568936fef;;;;;;
6deec1825eba1d1b9dc89222611959fb;;;;;;
00f9986b38b4ad17479261356b7fa061;;;;;;
57496beb21b81d78b0444256c80088e3;;;;;;
6e18e27972887ddd547167396cba8e52;;;;;;
f9bfbfd57e7a9187371e286921e7a576;;;;;;
506cb540512f083f5c155dfafd552e7e;;;;;;
45f7fa4bb618780647494c04eafd5e96;;;;;;
2e16a77b4592a1ebec81d16886058967;;;;;;
71cba339c3db2919ef574d3545b8d392;;;;;;
8192c3f05a5e617875871e2d582b6635;;;;;;
782e2cfc939f5d3e2b9c97c2c75b5061;;;;;;
231daca05681d15aa475d3518d41cbd7;;;;;;
fbaaa580e5aa01cec6cebf1895cec023;;;;;;
8ca947d77c307df6e559bbfcffa86d0a;;;;;;
efc256087b01eb6adaafd7ab050f57c7;;;;;;
111ceb02cfa9bef75612735166ea0af6;;;;;;
ec1310f1a290b66010d4ce66b18d658e;;;;;;
a6ff7e6c1e2173588230c498ec4fdd38;;;;;;
4a3e4a48f707574d6b2e2b94a3aa5942;;;;;;
571caf840dcb867836bf17fffe2cfa22;;;;;;
6f1e5bb2638b3f046876db115a46b97f;;;;;;
0fcda6641958a8d65d54fd7289ecb9a1;;;;;;
b56cd9019b9a16833145b2cc63e2e2d1;;;;;;
e8676857ddd1065ee6f081591e37a6a8;;;;;;
dd2c0c0db24e74f18a61b686a039ed77;;;;;;
db335a17de88278d889a82b36100caec;;;;;;
b8929f941c456151fe20613f546a831b;;;;;;
3de47b81c4f42d1d49e44e9f28b88402;;;;;;
d0dece15d02ac904faadbf5def16dfc1;;;;;;
4e6dc0e7ac4884f11bf627c0fca603cd;;;;;;
d9e063e167f24c39418e022144531e30;;;;;;
99bcfa5dd8dcf87821d2d330f5f761fa;;;;;;
d6632b0507243b8d921abdc8f9f94fc6;;;;;;
0558d993686b4218b83fe73c2e0bf7ab;;;;;;
7e1cc00ff85d9b0199512ce07d3d1113;;;;;;
503f6ec59dd43ab6f3c6ef0f10156dd9;;;;;;
52a4c30d5ed178be15dd6afc5a4d9485;;;;;;
052e7e9fd1bc10fcbe489006e7159bb3;;;;;;
0cac844465eac9399bca2a06018c1a33;;;;;;
d17cf5a02069215b4ae3bc0b9258cd52;;;;;;
ee5da007704a60b0072d06becf873c8c;;;;;;
135bbaef32b2650472ef85b818d1ec2f;;;;;;
8e9c15dc40f1c70c6fdd4ef881c741b7;;;;;;
bc81fec25a92b51c89bdf183c5749e46;;;;;;
399a4b6b478202eb830d0acb1181d100;;;;;;
6e9117126cc60b3114221b0ec12f64b6;;;;;;
23b4da2d32877ba60835496851718671;;;;;;
59a9cd060343f2d4ee277864df467862;;;;;;
6ac0bd8625075bed931430a010258fec;;;;;;
24ef5f29d0e74f4ee01c06a446ec2134;;;;;;
232280cb1430dd1b1d279e4f98119554;;;;;;
f7408728bbfdf8d3d98979fafd41fa3d;;;;;;
b4d84799a1fae44e83c544e9fab925c9;;;;;;
f44a97bafe151b11a31290e1bd279bc4;;;;;;
495187328405b5574400024f956c5d26;;;;;;
b2da11b18f906a7adf573f04b9bf806f;;;;;;
47fa6badc89c468aad3cd820a7ed95cf;;;;;;
5c955bd13aaa960c42ea94befd67bfb0;;;;;;
d708b7ac6b771e80a657aeb67be06059;;;;;;
a7cc58d38dd7cff44933f9c202952410;;;;;;
22cf243f5c17a39cca738cc581cb170e;;;;;;
b1d1f4b6c5e894f4bc144ef7dff35175;;;;;;
06a2b8d27b40f14ffa6386e887313933;;;;;;
73c575fbd30dfec5edcec6846ad7c7d9;;;;;;
527303b87d6bb2fed7fa57c5a741f7da;;;;;;
52adab3c3ce97544433d57175a4ded97;;;;;;
d91b65ee24986d1a151d8d11ebf46979;;;;;;
20ff5d418850478d2b2f3e197de66805;;;;;;
e2f983eaea7145814f59d1cbe1b0ff25;;;;;;
98c31d0286eb32178855ed270443a44f;;;;;;
4a7e07a3cfa1225ce5108d2fc1c438c2;;;;;;
52eda83ddbd80766f51704d60461dae8;;;;;;
5b3a9546288cd5e2883dbc782983aa4c;;;;;;
60a8c541bd160ded05a2342449ad6156;;;;;;
5f0a940deda57dd5df4ef4bc7b5945d5;;;;;;
c38a252da4970b620c3dd23fd5ce3c33;;;;;;
098762a9141c25ffbabd49d7763581e8;;;;;;
1d2f94975ffe46ad6eadefbaa2f021ff;;;;;;
ea8222d1ea33d2b52cfa38cf55d856ca;;;;;;
cf72038ee908acfb1ed02c9409d8c22d;;;;;;
52f10367291bc7724c1f6ddad98735d9;;;;;;
1d28aa7e33b3e257ce88bf1cedda65f2;;;;;;
007b538d63d66fc01c23c9bf963f77b7;;;;;;
f96f977ecaa073f77b02e81efdc741ed;;;;;;
c542755d695d7bf3cf9a7b16c34cd537;;;;;;
5f0d135647e7b60fcd0fca7373ef583c;;;;;;
0e04099d846986807231dbdf2daf1ad7;;;;;;
cd903939e63dd224581e082c2b65c8db;;;;;;
248d1a8267d7dab47aa8ae227634c106;;;;;;
fec22798c0da6ffac392c266915589ea;;;;;;
35fe1bd3d5c074aef512100dbe170cbd;;;;;;
c6432eb5f64904200a3b8d448af7d8e7;;;;;;
2526df0a1df8e157837697ff54870284;;;;;;
66b2aa74bae2c77827ab4a2385dd07f3;;;;;;
12e2ff4d9606fdc7235e9f38a443c0b7;;;;;;
5827841b95419525e2ef13ab4f6a10ce;;;;;;
237ea7d0f56ab4e4ac6de1249400832f;;;;;;
32c84bfe0bc13127abc4dd01b9ee2bc1;;;;;;
13e6630cc2aa9461bdc1881e1b29be6a;;;;;;
9081c79b9c5ebdd04df2acb97e62854a;;;;;;
a48d8ffe50d91c46b5de41381181fda0;;;;;;
99b421670a37caca581cedfd5fbceb6c;;;;;;
30337c1dbd8ee05c8321433afde43e5e;;;;;;
b34083715ef3a8dd00e7e80f14ce7b58;;;;;;
70ee2a586bd3dcde3fa16b0fbbb05f5d;;;;;;
e6b87d65ffcb91a049d9335e6117388d;;;;;;
90825f5626353678ee8301c31778a46c;;;;;;
566d802bc90d5cbc213aeead9bc3c5d5;;;;;;
d2462068809236aacb15a2e2ef5706d6;;;;;;
e69a0b40f86881fc4bc6b31b1b330077;;;;;;
68ca08534fb6306d8ab67a9dd924550e;;;;;;
979f85f2e6e8a0ea82dccd0c38e2b61c;;;;;;
36866d20423f15fc3a8afc8ef5363a9b;;;;;;
21b0ace2adcd88e491c21a0d1c33d8af;;;;;;
7dbbf96ae5f9578c6de598c8ab5f3fe1;;;;;;
8656c0b5aba72ef0462b7f1c2792f822;;;;;;
962b896e801c6b77bb47fb60af133916;;;;;;
76384f18e45098e1f1b321244973396a;;;;;;
77189a77e73acf97f1d8b5548e4eb357;;;;;;
c8f21bfa0fbe6bec18323be4cb791bd2;;;;;;
1def511ba3b72c322be71ae78b897c89;;;;;;
659ec0d2dbe1578d39c6626ab287b7c9;;;;;;
107868e4979259b2dd3ffb586470da49;;;;;;
576780bec2d29b12f3a4fd6da2552594;;;;;;
5ceea22aad36cfc7b9e732652075c3e9;;;;;;
e162b91c853ba828761863afd805b5ff;;;;;;
048ba4192b283bdbc122b0b6ad9550d4;;;;;;
e36b25b866a74ecd927bf68d36fdeb92;;;;;;
b10226178f36bcc9f8364db9ea4029f0;;;;;;
3b8fd869438338850131da4012b03b22;;;;;;
764ae8d9a9bae5ac5881ed6a73bd1f75;;;;;;
16b8c29ea299adf2f23fe9dbfb2a0be3;;;;;;
07588749be9314df0dd5679f5e95d21a;;;;;;
1ef4472491e4957285e63dc6165b4a8e;;;;;;
0fac82ee72441f75aed91386f994494c;;;;;;
7ff345cea81e8c810406edec8311c823;;;;;;
42325ca4a6bcc110198ab5e59dfbff8a;;;;;;
4832e2d2944c28abc3b7c332afe44188;;;;;;
7007ae3f808296e5fad750f2d439d712;;;;;;
8ca8ae73df909b27d7f5961f98fb53fd;;;;;;
d82a3f8443027968a7f0bf09c179c26e;;;;;;
6e54db94a904a0983880cef2dbb5bc1b;;;;;;
54b65c36b2ef6a1fa2d89fb71ec155b5;;;;;;
e77da2d9352cc30d0adf043ec0404654;;;;;;
ab8dc37c36eee6493eeabe973453f91b;;;;;;
6c4ea9b8b7c4a0773cf08397bbb3ba98;;;;;;
829d7fc063b56dbde93f6f547081a201;;;;;;
f85eabfe3026572c3282d05e552f3f6c;;;;;;
456f92b813e94e35a83271fe81e88d85;;;;;;
4ba4834fc9b2495ef53585dd11106628;;;;;;
2747126f2ed9f15cee738c597aa4d41b;;;;;;
4de6236b96da6ee2db8f0f8efc241832;;;;;;
7b4bae3b59a7755a02c1fa528c7591a1;;;;;;
9a768351ce6a13cb356f824e5d2794b4;;;;;;
c2b1200892006a65779f541014411970;;;;;;
fb54cf5c221ee8914c62b1144cc51896;;;;;;
b02dbeb8bf50df20f14657c660654fe0;;;;;;
0764e578388ef5a92eb781b2f39fa18f;;;;;;
866889a8d992bffef637049f940ac419;;;;;;
abca4b1633d331d45fd4fd0e28f1baa0;;;;;;
e26e0d77547e34f3ee444499c030e37f;;;;;;
3ecfcaf9ce495b10464196baf6021f51;;;;;;
3ae348c705e7ccdea56cd0f4d7f4982e;;;;;;
49d79f920342e0b8a3191d3393c6a348;;;;;;
7b418a3cb1e5a70455afad90ab8b2a79;;;;;;
05038b5d28c09e121e1aeb0e98fe433a;;;;;;
cd0487638bb9a2098c97a82a0d434d46;;;;;;
32c9b0dab453ca3ffb072e563bbcda30;;;;;;
95fc889c544155e60dcb4374fc382607;;;;;;
2098a635cc17afdb98b650e4d894e8a0;;;;;;
6d31c36787eeaab1fbcfad1e3c578bcb;;;;;;
b4d867058644169316113f5465f01028;;;;;;
08ab7f1245c8074411ace3a9a6efc98a;;;;;;
ca5a2c7e053091994265b9f8683a4c88;;;;;;
3243f38621737b27e0f76a4971793e29;;;;;;
000390604858ba8f3734abfa10b030c6;;;;;;
f7394fd806258097fe249797d9f17084;;;;;;
3e6cc133f928b6a01ee9551993adf840;;;;;;
1604efc44f88b4d6f9e03f364b9c74d3;;;;;;
18c58cf8f1cea022a9b0d0410c9bb871;;;;;;
0444ee451a055066ffab02b6320d8dc1;;;;;;
a1eac72922c2c9a085ef78708dd6d421;;;;;;
64fdd3de4e5b265bd26fc2dc9a44c1e6;;;;;;
bae1f6b9de71e270353997ddbe40b175;;;;;;
6b8932e32922c7344769a03d00c5c174;;;;;;
7eb482343a0ed26701fe8c0ca4d3cd81;;;;;;
5cf9d43098a146e6e65b25427430ffcf;;;;;;
b03894ab1968d80d9dd84bc394e8ce50;;;;;;
24d19d56f2b7e22c2e1d533d5c4d2131;;;;;;
5261ab942bae91f2b25eb1fc10af2fc7;;;;;;
6d5c45aa6ef1d95441178400cb6c4c0e;;;;;;
9cfc5b918371fb46956e61aa3e3ae7ed;;;;;;
f0411aed7feb574f5371d04d609c7ec1;;;;;;
8e028605bcf16938dc3e53ce809907f7;;;;;;
267d958eafa4511b81680d5133a53ff8;;;;;;
8be55807c1ccea336aacd89e58b65e85;;;;;;
e6ad311168ce5672f466104ff7771689;;;;;;
5a48420c48ddf9fd65d19fe807e4ceba;;;;;;
77bf87b5d2481ae02fd7aa7f31b3e21d;;;;;;
4d8200dbbf26d8942bc372566ca6720f;;;;;;
f23d0777fb00390c9e16c2b776a9fa38;;;;;;
8cbd61fe930e5ccedbf230cb8b988167;;;;;;
5dab13bc9d670fb27179fa26c4ed508e;;;;;;
235d3315eb038c43c566a395d01f2d2b;;;;;;
86c44c70f8a3981b66513be3c6a4e364;;;;;;
25331494a1aba18bc98db8294bd84ef1;;;;;;
5fcd902b3e3725b3a39cac95cf3d2f95;;;;;;
434bdbc91caba3e901827820304445a5;;;;;;
df27eabb61ff0c74ca3f7c492463db31;;;;;;
fe846b7dcbe4fa24e5fad3111582f4d2;;;;;;
ce6bee405f8a3fabb918a4a5f7e97123;;;;;;
93c43877e955b0939ab6951238c2480b;;;;;;
ff778db48ae901418c4a58ffe19b1b51;;;;;;
a1e9f38773d4cc620547ab3588d99b64;;;;;;
1d383d8de4bc748a2f53cc3ff50f99ee;;;;;;
f285b565396be8b22853326b52070a76;;;;;;
9dc13614e11540aed25241517176b710;;;;;;
2cb263288f341552704027bb6d78492f;;;;;;
76d8417461aceec9b9c15a8192cd4929;;;;;;
2d5d803b4974e17ea86f2a72784b619d;;;;;;
9936df6378f3ea5d7427a13bfc15f0dd;;;;;;
08008b210d01a14e690bd551f948ae09;;;;;;
a29a3a12c732b341152b4a29dc447831;;;;;;
8fb8b2b3a0f9ce9009bce9daec793e46;;;;;;
11b17563f79ae054cdfaaab93f9e06b9;;;;;;
72eb4d9a0f3f6e937c7dd6fb778a96ed;;;;;;
bc9f233905a9a1b517c5ef66561e7982;;;;;;
b351b716a3c45338ad6ff7965065523e;;;;;;
345abb9e5fcd6b2d958e595a7e27efb9;;;;;;
ed823dfa90e368cebcde0034f9b1d62c;;;;;;
c8ea3d2e67e1f7f2b68b0abe5bb82564;;;;;;
19893193bea20205709565112f533c2d;;;;;;
50c7e522120fb62c3c737ac27062d555;;;;;;
efa98de2d9e7e4ee2a475e4c8562ad62;;;;;;
b2afbb8c009d09cc94a77eea66d0e65a;;;;;;
248d08ec1e0db7b520fa33a3c5bd31d4;;;;;;
f0ab5dada1d64a06debfb9d2353f8106;;;;;;
701f9ae77111bc5641af857b41be5cce;;;;;;
1d9de21d132bf2519dc17f1d2f32db4d;;;;;;
e70db74aa071534381ca73c3e0a2052c;;;;;;
76de933a738217b645eb76ccaeeaf5f6;;;;;;
440e5195d159ecc78ffb6b1d0171a4c7;;;;;;
a6c8e3a8ad196dccf5c77573219b9c9a;;;;;;
2868500c1d65ca4ae01077f4f5c8578a;;;;;;
04aa7c8664e29422dc794212c3a18100;;;;;;
66150bae7c7d8e8d5fe4a40a364a8cac;;;;;;
916bcf0319e821a27574bf97245a2c15;;;;;;
2d91cff72f6919b35654c1ceb61a91e1;;;;;;
2b593a8446747307c95810d470c2a484;;;;;;
1d318b4f7a9ec89f315c2453ac2c9486;;;;;;
bd87aa9da6700771a3a8b15feb2d1875;;;;;;
5b6ab753a6e003a53c29daa705f7cbac;;;;;;
18c287e790ead30ee5f62d4c97adaeb8;;;;;;
a46b30e96f6880bc3a590022138dea27;;;;;;
5559570c418b72c4e67101ff7d02ebc8;;;;;;
d9761bb604512f5db269038af8d3e5b7;;;;;;
bb83714255a2fe269daae45df41b46d4;;;;;;
8b7f4d876c842e7d1e75c998650b0ae9;;;;;;
af1fed04988a50373445567964a78cbf;;;;;;
3e681652c7899061e555e153077ce43f;;;;;;
8208ca8e4a453067eaccc75e2541510b;;;;;;
4316a7b8b7e690b6309e5da721a5c217;;;;;;
80bbbf4d51e71ebf704c6838afe487d5;;;;;;
720fd70c3359c7c6651d83c2772d8963;;;;;;
9142e4db2d73c023d77ee9eea54cd9c4;;;;;;
99c94c477ffc210998a4c08c192434de;;;;;;
2e5d8c482148e76554dcdb9da1f4c8cd;;;;;;
2af69898ca6015ae929cfec6991e7c2e;;;;;;
562ec9320e2a4c1495d6e4fd083e8b6f;;;;;;
c6b0de75edca2511cc146e5592b3535a;;;;;;
c0570b320b24d1d84d9a6766e923a26d;;;;;;
5f3e33e1caec58ec575869df1906aeb7;;;;;;
7efaf26b0519b84be87bc1c83f7162a1;;;;;;
a6275b97078ac63cc783f2d76cc1de8a;;;;;;
bbd2f8e7c383ce1c875ed337358cf31e;;;;;;
4d7058f00cfead5ab9a84205cd4fa497;;;;;;
a9a76edf966f8f1f2c29e93e2521d67e;;;;;;
36777fd74363faa10c96f468903a4d21;;;;;;
dfc986b7c0a2a78669be3aff3ca4b407;;;;;;
fc545bef5b88d1dc681f77ed8ef7a800;;;;;;
6cd9e398c83c02a5a367810fd2d2c7e9;;;;;;
1e0d55349baf0c298b7ea6abbbdeeffd;;;;;;
c246aded92be8510d9b7cce03c8fc405;;;;;;
b88573f3f77d0e9bf495866a77be58ac;;;;;;
69da1e43c0a67dd65dc963af10d2fd2c;;;;;;
3e793eb35694405129df01c2d9c5fef1;;;;;;
3623c18e816e285b4bcec7634f9e08c3;;;;;;
cff75fd3f0ad18e6c7bcda87bbea4cb5;;;;;;
01ba23e405723d3f2336b24c19a216a2;;;;;;
10528952753d5ead4c1e5a7d651ee159;;;;;;
99bb6500668ccb69c38a376c96196995;;;;;;
9b27e03851535053f32278a719ae1458;;;;;;
b61ed693b45d31ae1dac06877adade02;;;;;;
4366a5989b6fda4b136e301a892571ad;;;;;;
e6e0ff6a00266414c85fcc53561eb9b0;;;;;;
d6a7c5bf30d9f9b41f945710ce40dbf7;;;;;;
b449bd815a2ef4b4db7b2aac20cb5672;;;;;;
87bae33cf02c9e901b52668ec88dffdb;;;;;;
28073bc20a87844007229e838392e964;;;;;;
acf5b985ffb289e53c61740feeb4505c;;;;;;
2669a1dc18fc50e9fb4454ab0409946a;;;;;;
6a24a52a2970708c5db2ba880aaa3c43;;;;;;
9217c1830253a8786c869b8e7199d911;;;;;;
9e1c87bb191dc4440e75e26ad4c5cc84;;;;;;
acb999b38e3411ec8874cbf648e4158c;;;;;;
8da87e968cd8ade5c926768aaf969981;;;;;;
dd0f7a3e5f6feb399a20b30d8b4a353f;;;;;;
79de04070e912ded42b4bfc2715c5851;;;;;;
c2e2b28c98accd1ee4c094da9b3b917f;;;;;;
95c99cb11f9ae482358d4115404a0c1c;;;;;;
90908c1503943addb5b4a9eabb48c38f;;;;;;
5860b688f32e928eb1a2c37d34f01b8b;;;;;;
2a3abcf83f6c0f6acc8d745a364c8b09;;;;;;
9b73156633b9034a092135e96ff1441d;;;;;;
1bb6d144c062a64c1437e1839ac564ef;;;;;;
a39d0e47205dc4093aca634f52fcaec8;;;;;;
9ea68b93285f1caf3c9b1f77b4e95781;;;;;;
05fd644f04b6bd95c7779c02f725c7d6;;;;;;
b31ccdbe23671193c3763180d21e43e8;;;;;;
a38c315090dcb0839dcc110684737fab;;;;;;
0e6cd1e3d1fee3576261d60901b3ea8f;;;;;;
1cfb3c770435d220111d64c65bac2c78;;;;;;
dfa288f45f0a37b7f1d6e0941fa640b0;;;;;;
342dbd8f1c9d3b443774f2d7417f1b79;;;;;;
692dc76f41226b037f4eb01b3d5d5690;;;;;;
d1d4f5dce43c435bb6e6376b9ac7025d;;;;;;
0fc0ddcf655a6511c4684ac505a22b99;;;;;;
146b6ac4e23faa65e108cbdb197e5554;;;;;;
a56920f3c57ad45b9ef7dacaa5007155;;;;;;
617d0bed419edc39bacb84b89fadb570;;;;;;
9582d893b752a05c16863b9c80a2ac4e;;;;;;
9354c8864b7a4ba8128306329dabf60b;;;;;;
6f36954658e5032b62af40462857dd0f;;;;;;
a5daf8cf88d2ef5dd2145b8f2c0d3275;;;;;;
9afb3b9528bd1bceb1fc9868bd3bc30d;;;;;;
882a669dcba10a7bad634d128e0d6c74;;;;;;
ffeb554d1d187080c369cc725633f143;;;;;;
a90c848030d2b9f2a517ac7220924583;;;;;;
ccd8de112946ae7ed0d46d754429f4d5;;;;;;
1280fa208885f136d90beab9783c5c44;;;;;;
3ac3c9bb32279aabdbb8bf9144303265;;;;;;
ace512cd5de3e6d6775e57f03cbfd6db;;;;;;
1b266146e0cab83b1d2cacfa07ede38b;;;;;;
6fc7f1baae098c7f8dbe447fc128d64b;;;;;;
a1eba90cba5b9be661035bcd28595718;;;;;;
e3c62b29c0a49b78cbf0d8ea73083ca8;;;;;;
e0dafdabcd5eba5922a11961ce11dd99;;;;;;
7ecd15078766e8237b57acab45e1f587;;;;;;
62628ae90fddb76ed11487f58e1218da;;;;;;
c6926d2609ccebe29e47f2222fa74c65;;;;;;
053bdc6d914aaee174664d95c02ef32d;;;;;;
211655682ac1e9dea75cbb5dedaed6a5;;;;;;
afd19f573d4696edeb1f3491d7886a69;;;;;;
6068ee18af15091f9d2fa5891f101af0;;;;;;
de5cdf24b859fdaf83e539f8ea42c931;;;;;;
d28d032aa925f6734645225ab4166142;;;;;;
5050f340be537503a9e21dd57c28b44b;;;;;;
8241e88d8059c7bee2a4da61b0b8475f;;;;;;
48ec35b316fa223356db059b26b9395f;;;;;;
9c29efc0e47a373447a81d537e275337;;;;;;
c4077da4c2d730d0f850082f0a46ed4c;;;;;;
6244f85404b613497317978d8864581d;;;;;;
d92779dfcc4aebd518384647ecf9257e;;;;;;
374617f9d04cf4d7d6948e28c4c78bdd;;;;;;
aaf49720efbc116260782bab3e13f31b;;;;;;
aeb4c2addae58b4a096e2c31625f1583;;;;;;
20201defefbdf403e7746bfb2f872f07;;;;;;
8889a3569750118702e590146da22e1d;;;;;;
a94b344fc105d8bf43036980e73389b3;;;;;;
6bdadaab295e32fc6a2c953125dbb273;;;;;;
42857b5de568d0e82e46b8a43f6de2eb;;;;;;
35d6dedd781b748509b9cd673800ae39;;;;;;
64970165e5ebafd1c83101ca956b6aaa;;;;;;
83e81ff41c62fd1c6f707e851f910a14;;;;;;
432aab16915e8b3728a1b4c25832566b;;;;;;
ed233495b47260451dbd7177d78a9191;;;;;;
eb7d3dda75d7abd152641a0e78fe4b0b;;;;;;
bc9069ea7b7bb777f45ff175dc70ea2e;;;;;;
b698ca96cd51a344741fceddcf93d2a1;;;;;;
36036b3c04da3f6407e9f8b8aa62b7e9;;;;;;
a5f7d297d32365e4ec74ae72bfffb9ae;;;;;;
a8eca0018306b2177ae62d395240222b;;;;;;
ee7c9935c823999efe5290e85998eb3c;;;;;;
452ede6b7e7c87b968f3e227fe072ed5;;;;;;
f4241428ef5075be4dbfb729af382201;;;;;;
2ecc35512075937b202be115639dd732;;;;;;
4b373df709473fb6d9654fb9e2f41849;;;;;;
4a32a8377a3f4a3fc8fba5d4c0f1dabc;;;;;;
99a5c8a117ab7e4b04f773b2f2895c35;;;;;;
9447a9294f919bb7dbd69cba521d7aaf;;;;;;
877ae7fcbd360bccf49f091332a4d671;;;;;;
4f896e89af56c2bf865fdefec21d09c9;;;;;;
1894b47688aab6896e99f131a3763480;;;;;;
48d464af429c3c7dfc6198f4c415e4e5;;;;;;
3646fc58aed9f8a7ac020f333a54d42d;;;;;;
671efad61be65217d958fee968edb369;;;;;;
4f656f7107dd10d0043f29d73ebad8c0;;;;;;
3775025ac6b401a5553815b91f11e319;;;;;;
f902701659a3e1eac1aecebbdd0c96da;;;;;;
385360823c568114bf8f40c6e8e8035f;;;;;;
b0e291dcbac983127213750e9e433eeb;;;;;;
de91760b0b5ba99a569d75b289eb212a;;;;;;
46ed2c233c0d4eb871e91cb9336157b6;;;;;;
01bbc22ef84dbcbe27a4f1fe11b4f630;;;;;;
631bc4962f943bf1db9c7204791c330c;;;;;;
443e309d7e7c45f92216328a6bdb41fe;;;;;;
f1ba82e3818d2bfcf1e1d80153d9a434;;;;;;
81596f76cbd55c5bc8781383602c0ede;;;;;;
d5c259d2d84a2d121e0ad92d7f966d79;;;;;;
c3b4e392e183fee9b0f2abf6c7ec7e40;;;;;;
53d50176a883ec3007aca0e5cdab02d8;;;;;;
b0b0eae6d57f5fc507d7e30cde215352;;;;;;
56d4b7bca32b1b4fbc17a117e0baf602;;;;;;
de5ec227cc6ae237d22f254cc59ed366;;;;;;
e4a3739041b8072ec4156a5a23f56e23;;;;;;
087f97b029935825e837789c0d1d26b3;;;;;;
c656945561f92000528dc0a469812cff;;;;;;
bd52e8aa8d2baeb691abe4aeb6daf32d;;;;;;
544145b3b31b34cd40d1c2c43cdbf52c;;;;;;
77b95051ce925c2453d4b885bb77e277;;;;;;
1b3c0b7173c63dc53874fb5489bd24eb;;;;;;
08323ae33eebf2765d1258c4d9f08e4c;;;;;;
7b96099a12119f3092a2d871f368fd47;;;;;;
b13bdc324a84c708f4b90b8c450d6876;;;;;;
583c063ec5b507851ec04e64d809fd22;;;;;;
266716ba13ff3c68c12e5a653c665865;;;;;;
09ab6975b8c6a7969a9825984c0889f2;;;;;;
552b1bf39c757b3d254e2f109fbf2bc1;;;;;;
a7b20e89ac1ccc701ac157154a83c678;;;;;;
db314bb3d87db72402b5133d21c8478a;;;;;;
044d993ffef27e08be92be71b2944811;;;;;;
15bb933d85449126f298382820ad12d2;;;;;;
3f5c5135c6a747c2ddc91bad4e8415ef;;;;;;
ecfc586b058847cd3b0342db12bcd94a;;;;;;
2886f91d2e9d5b541e1281383d428bda;;;;;;
e91cb6dee6112c7b17d75df7c81963d5;;;;;;
03584a24e657981fde15250d937e003b;;;;;;
bc2bd9316c1f468ad917c42a1166fbdc;;;;;;
90bbf632de96ef6ed2cdf384894a4707;;;;;;
8c68de53d7afdb9196f71c5831b052da;;;;;;
53b2a15b6f743b9532c1a953a7e31cdc;;;;;;
c7524980d79d5e19ae0b0a1dd0bfaf89;;;;;;
1107b3722f3bbf23801a7f191b17e9a3;;;;;;
e10a9acec2bca1920070a099fe470d33;;;;;;
66c495e57e9bc95cd46c865f50012d11;;;;;;
4653cf8bfc55fb17c3604b1df986f784;;;;;;
98512e6061875b3fefbc81cf8058afd8;;;;;;
85266c1b4dcb6132e128449b6fee1d94;;;;;;
1958af477cc6afd9a01f6741e161f990;;;;;;
3e42ce2af7b7b47ea210343c58f5ca89;;;;;;
d1faf00dd65ba5b7b50fd4a298771c0d;;;;;;
2fb0be5ea65f738baabaec4022ec600e;;;;;;
f1f5985fe5098897c2848c9b154a39af;;;;;;
28ade9d7ba28d43a1019186ec5cb7f3c;;;;;;
c0e1295227088b32051dcf284ed28cd8;;;;;;
829a31b71ced56716c9504ba9df1dec2;;;;;;
c3bcc48d424c88636a1a6aa61232149e;;;;;;
9771144002c1bebac1c4fa7e5c7a7bb2;;;;;;
39c21a5e7a10bd9c3304d3de6cc2246f;;;;;;
5009aa302f72448ab20af153649deecc;;;;;;
e5723d665db210a3dcf04081660d766d;;;;;;
d386785c51e62c5fb2d508830bacf465;;;;;;
024852a591dd8e5c21195a71498322cd;;;;;;
8c580d34479aeddf6cdca9c895bc71d2;;;;;;
eddf263fc2db368dce68d3619511420b;;;;;;
8c8acb08db259c6ac7199bacc202654d;;;;;;
edbddb78cd1d62c505dcb13546a58040;;;;;;
af3f0d20e4fb6c68a4c42adeb8edcea5;;;;;;
a04e75ae76aec47c4eeefa9c97c0b5ec;;;;;;
6e920ec9a250aea6500b301e8d6882f0;;;;;;
427594c2286c6d59f5d0837f33cdf686;;;;;;
3818ca3304a000eff87f5911845c7be4;;;;;;
fa09e2ce862884b93e3cd34e05027d85;;;;;;
714481f38b7d325dfc06408f83f1198d;;;;;;
13677ad634d88d6524f1c2bf22d57ec3;;;;;;
393ab8587543f36179927fb77b65d302;;;;;;
6ec34aaca6dfbdc25ec690002211fc40;;;;;;
e036f4492fd91b18e0004c98f5f8a93a;;;;;;
de2e141126e75f714397bff9999292fc;;;;;;
e5171bc80d7eab15470a87c23456fc77;;;;;;
901b45332ce0af7796eb6638bfd20271;;;;;;
004d8fc1778b54a1bd993e757e4ed415;;;;;;
8ea3c16ef285159aa0b39a396fa587ce;;;;;;
96ab0866525517a5dcc898d5f6c861ef;;;;;;
9b734917e94324d1aa78a0f1408985ed;;;;;;
65a60a77a4d540d1cad68f6d934eafb3;;;;;;
137a4b5667f26bde21888feadf75dc6f;;;;;;
378dfedf6ec328327542197934d7ba10;;;;;;
cd3f88e8c984825c724ce58afc138b3a;;;;;;
48b747445ce8798576d2c4d3a7f4d1b1;;;;;;
10545c1a6a639b795bc923cb355eb805;;;;;;
1b708316bdef7d4d66931a57e4084269;;;;;;
5f7c30711869afb5b5f38b92262c6468;;;;;;
015a07f347c31903313dc8620a52e497;;;;;;
51ddb9b9618ce92955eacc05e80775da;;;;;;
3423bac3be8660f2d639938039c16163;;;;;;
86fb617186641f193133aa3a64cf15a9;;;;;;
b1b65cef0d28c87d1ec0fb2fdbaca661;;;;;;
88806b3c95d6d8184259fb0e7da97f5b;;;;;;
62e0c47af59c0fef2424ca933a3fc4b1;;;;;;
4b9b3925aeeb457ceebf1ed4ef2f2b54;;;;;;
b9e61785a9d64e8d7ee1eed16fd144c4;;;;;;
8088d5e83cb7cb991e28135f0be8ad1f;;;;;;
b5ba55fb633f6b28a60970bf74137cbb;;;;;;
fc643196c7aa602c9aef2b60154e02b9;;;;;;
a76d0d3e2c6dbdb35808580382d1becc;;;;;;
494d46d305d947d55b51b09a1efc4435;;;;;;
3d58a05251a7e5a6b658d7fca71c7e72;;;;;;
0de4f107c187c7a37bf2e9d93a13b2ad;;;;;;
289fc70357e315a8cce1ba3d39ebf146;;;;;;
0f42002e92ad47fe0161c5ba9654edcb;;;;;;
4e7e97be94f8fd57efffcf0e6ed46bf8;;;;;;
c4fdad270e9aee9b45d47e6c61ded269;;;;;;
28e92382a95ddde71856c36edecf577b;;;;;;
e3dac3ac3a567b19e8a501a438dd0325;;;;;;
0d6b8fe465b1bc58cf7e23badeed472c;;;;;;
2563abb6254376c95eacb8c56188019f;;;;;;
21d63443b7b5dd5e440a96e9b480d007;;;;;;
4c84833074e297cf16780421300ea950;;;;;;
f4e8978ee30faf8f4f348b21147ad3c4;;;;;;
5734706e9b5e28df62c242ec5efc89ff;;;;;;
ea00f0d2e795498de104ca5ee3a29f70;;;;;;
be80f02ad0a6eeffd4c3fee32a22a812;;;;;;
dc65e940b427979f1319261a424ffcb9;;;;;;
2678ab2fe5626ac77f5db0855f34a302;;;;;;
514393574d0b9a729784c871e30e2a01;;;;;;
2fbb189bbc2e9f8cd1a54e2f49ee1ddb;;;;;;
d71c6d3d7c47949617cfb4e29c0d1cba;;;;;;
fab13c8e1b98d22d18ce63b4da8d591f;;;;;;
6b3487a16fe4b7935f7bfb64e6e13b92;;;;;;
f5ec02ed11cac572dbf0aeda65a155d5;;;;;;
2f5b15b79e190daafd420b64f7a334d6;;;;;;
13146aab2be06fad0ceca0cab6fba98e;;;;;;
8b31b9ad67e08012789790d3504118ff;;;;;;
0eecac813f5ab125f3e760a1a71046d9;;;;;;
d876802c4e5505347702fa6f39bf0c38;;;;;;
79773ab054064b3c748f40d4c71ae60d;;;;;;
033b8ef2927a2b337059500969e79385;;;;;;
e55481c037d163ebfea30a3b07293ff7;;;;;;
e64ecee660e4395463cb8015cb183e4b;;;;;;
dda443d278c3062bda674c67cf17ba16;;;;;;
b8d25a31f20a5ce23eebea84318e7f6e;;;;;;
06350c2ec2d5c44754b0ec15b9b54f39;;;;;;
6cb1d9beacd29353b6fc9bf4c0e7bd86;;;;;;
7cfd0b81cb7ea635ba0e8e5134dbf661;;;;;;
c82ba79f60af9e9fe8e85e76f7f9659d;;;;;;
e278551424180789dc41ab3a382a0e3b;;;;;;
cc29f1f8e8a4f9d6e89c79e61447c6a6;;;;;;
38927fcca0a63ad0dae613c6dad35706;;;;;;
1021a5d2ab169b26a3157dfe9d262257;;;;;;
0cf30d4a2f81ad01b1a520b21a983957;;;;;;
72d9fc8f510f818e5bbb09f563ea4b43;;;;;;
e057b5988791f1156c7e96c368833754;;;;;;
cae995c9dee7eafcf530378fc1d8a277;;;;;;
c9c46da9aab849071d0e3996f648ad07;;;;;;
20c78d2b59f0d43e72a169f5014af6c5;;;;;;
4da15b2d6c08e17b926fede30815642f;;;;;;
f28128721213661674a0f2aa622c56f9;;;;;;
24b78790a0331834669f366e669c4a8f;;;;;;
f009a4208f82c24f80394e18aa83298f;;;;;;
55a60e0d9b7318144f95310a7d243742;;;;;;
b594d71ff2a5bf1e07fbe63545270cd2;;;;;;
f9c0a20ecf2c6ca7999bf8f3d448c78e;;;;;;
f8dd7c52e17167083f154f7dbc7740ae;;;;;;
fc39fb96c718cda0704ae3436ee6696a;;;;;;
fda417adb93bb3dd9033bf18a28e2193;;;;;;
d6887efb0e69dbe9f54eee7d9f9af690;;;;;;
32f639c4c1ceb11473e53031a0b38faf;;;;;;
d55c20c230deed75ee784015e7e3fe12;;;;;;
25d7b3e524d32d254f707798ad9711c1;;;;;;
c4f934c3c0a841e60138230ce94012a2;;;;;;
86ad38186d192b2b24d607f1eccd2a1a;;;;;;
df3c5435719970a769c6c41d37ec7128;;;;;;
4214bba62f29b7615c5f2a46aa7d0361;;;;;;
18510cf07ee6345fa56b1fcea36162f2;;;;;;
747b7a72d3f6ac29bb523eeac72b3cd6;;;;;;
f64ba2b90f1ff6864733685f65289a7c;;;;;;
d373087b60fa51bfec07f42d42bc673e;;;;;;
bea94aaaef0e747174f4df77ef1cc282;;;;;;
bb3d04053d2711eedce80a151c5d4df4;;;;;;
1881a48a6bdd2dcf7828ce5c2ea806d6;;;;;;
ae5115390101e8fcec3119d9c82f6cfe;;;;;;
fc44657fe0f51a95038b8fceec0d3745;;;;;;
9bf0268de47838b0dc9d155bc4b4d55f;;;;;;
2580370ae51b06195fc4e06ebd994499;;;;;;
430a8e0c2e302687e70646c93c82d858;;;;;;
c8f4f9d545566271967203b267eb1346;;;;;;
998e3bc88d87228f5733a163fa9c98de;;;;;;
326bbaff2bd3de5d295e2f51a6244f6b;;;;;;
4ba28070cccbe14e03bc1eaea7049d99;;;;;;
2656b8fc0b463275df798beeca081a6a;;;;;;
e8cec82b1f80e86dd85f3e58637a544c;;;;;;
c3dc86c884778bf495f1b97eb312cf82;;;;;;
13369c4df50334e7d7924a9afeb049b2;;;;;;
67c043d2c418d4e452ed5ee1b4cf60b2;;;;;;
f1762ba4d4bca8b649a2240b8f7882ea;;;;;;
8c6dccc91edec5787e597978ddf24b37;;;;;;
4fea6d8ba2c0e6d8e338b82c563c4205;;;;;;
b45d9920cdfda8cb1d45e98f34eae12d;;;;;;
b2f7f8bf5e67c8cf6333b929fe6997ce;;;;;;
d4352317b84d3e36ceedbe3d95f452b9;;;;;;
aaa0cb38b69622c2a70af09b1e93867c;;;;;;
90790c06570821bb27a045487b3539b4;;;;;;
20f588d1bab6a1cb6c2a7c2f61642031;;;;;;
48d4d85ffec97eeb30da6a335611cf79;;;;;;
2cb5ce2358d5b9792096cf1961d42ca0;;;;;;
c006e7eb7200823e757c2bbe2670a0fc;;;;;;
ce901ff5d4596a76c5aca1dc9d8f8a07;;;;;;
6467dcc8e24809acede9ec1bfd51708d;;;;;;
d90e0978f9cd5cf87bced33f5bb5872d;;;;;;
cca061ff967ef26192c87abce6076d81;;;;;;
6e455984a63d2c9fb8d9a11783c9532e;;;;;;
dc6bc6d2cf274bfde02567e7e0b73819;;;;;;
e2dce8898ef8ba7ee3977ce1a7071d98;;;;;;
db31800474504aaa81146b55414b0e31;;;;;;
547282eb063f16602cc4121c631f10b3;;;;;;
8532983ea1e85561d21c0fe204b24245;;;;;;
8f9241b0c234b9a375f87354f959e7e7;;;;;;
06fa11a6b9e7b77a1e684f02df718cf8;;;;;;
dfccfec13d715756c4f402b467c9b149;;;;;;
d9e359ccb69ae4ab11c7c2c725c400a1;;;;;;
58ec837c1347dab84906cd5e60ea1072;;;;;;
3476a72e4d1115325c1d36aa2a892d37;;;;;;
d938182853bdac783f9d00528d0f3205;;;;;;
33ffc460a5a8ce79ee8a8ac0f755507f;;;;;;
c0c94c884a8e7a8f8d2198669a106a5e;;;;;;
e72e9a99065c19289c510b4b70e97f2e;;;;;;
5133401f92a17abd2d009e2f29fecbd7;;;;;;
ae727aa823a41c1bb0ae71b5238dbe26;;;;;;
39bde15b3acd8cd83ce2af8ba750ae58;;;;;;
5da1a20ec3ed36e2f8349171d61b2424;;;;;;
17035fcb987173a9dd58a5acf0b8f8c2;;;;;;
2d4c9e8e3a065c1f59323eb811683817;;;;;;
04f37715fb89ea6829a0749c698a267d;;;;;;
58bfe552185c13649cbd90f721d50731;;;;;;
57ecdb074406c7b18e1744ac7039ab95;;;;;;
8bfd4bf66f41b118aec5872deff30cd6;;;;;;
bf0af2f3821063ffc25c9ff7492ecb03;;;;;;
da5f3bbfb0391367e5f15f14f0bfaba5;;;;;;
f359ab161de5c3025ee816e1bfa68da7;;;;;;
f79a576aee58bd09d63749e57bce9848;;;;;;
49a5827e5f24349e8ec7d908e508b6b8;;;;;;
d93a1191b39f0d7e7e62cdf213615244;;;;;;
46c51663db76fc3bb4e5a35e8c664568;;;;;;
f53ba7761cbd5197829e57c0af73c7bc;;;;;;
683bf1ffd40ad04f28ddfde53f9b6010;;;;;;
b3d66d5abb05a1f7f0236119132d3e28;;;;;;
306f2c9eacbaa455fbd55d73305518d3;;;;;;
e56b867786399034b5712208e5d7f9ba;;;;;;
fb0e5c80a9913e8cfe4bacb93e203dd4;;;;;;
a2152c931a15b73f64586783ff0ced81;;;;;;
11d912fdb841eb87846278347cb155d1;;;;;;
a54eee6580cb1b1ca29e8d73bd5b5e2c;;;;;;
5784afb3f1535a2291714201a93dfa1b;;;;;;
b31a6303e2cc29e2122b1a65396af783;;;;;;
201cd694652fd48baeef46eb9188353e;;;;;;
688b793719db0db426eca8e7bedf71b5;;;;;;
ecc07c1c0afcc521e498d658fb07d066;;;;;;
9621f38979ad7a64bdfb54c79ae09d14;;;;;;
e6e9f7e2d2cab273503236770b8b76ad;;;;;;
394cf4a256becba77d9b91a671933179;;;;;;
ab6bd680d48baf40cc59804f1156e135;;;;;;
7db74899add8f0d0261aeeee2828391d;;;;;;
3bc34fdc396fbf5879db02d299cd93de;;;;;;
bc9cfbbdf2fc99943b4fc9278a66e77a;;;;;;
8c22460c9d9999f6c5cc443f01ff9327;;;;;;
7709313256aa646521c01161a5593a78;;;;;;
57d7c54270d5ebf7240f580de8acc84a;;;;;;
11fed8d4d5158fa0392c48c0fbabb655;;;;;;
bb8a1a573ae565fef8b4c15c1d8e225f;;;;;;
75875a2b50b46c1f1c5833b8d3bf154a;;;;;;
4984f1e4e96c3b03ceca8a0dbc53ca51;;;;;;
34a72eb105418420f319fc725af7eb78;;;;;;
a9bd6bebbf16430d2dae2865014912d7;;;;;;
7bec2bb597950feabe94acea8bcb5906;;;;;;
98f6987d96f0ec9d17f2518ef94b91c4;;;;;;
314360150784fe839648da703389870c;;;;;;
19c83b71b1ceb19a36e88fe0c1d499df;;;;;;
f988338219741183748a223876c0cf33;;;;;;
e327fb390b8f7134a712c02faf228ba7;;;;;;
6f1e9a9638d600d8d0a31fc540fa9321;;;;;;
f6d2c32805feab24914920a6d644368a;;;;;;
3aa6f2381db4f02741914af2e19c59ba;;;;;;
d184343b0c7fa1c5c14714ee5076d924;;;;;;
3846ba4c5ad6d254c151e099603054eb;;;;;;
91edfff44f2f91b4f8e58807560dacb3;;;;;;
a4b4415bcb8abea5836bac3c0f51a364;;;;;;
cc63122493fad493a5ec6da1d861036e;;;;;;
0817518aebbf566b1731f22a3e73557b;;;;;;
29135bbd1f73654db75dc98871f92bde;;;;;;
4b89b6041eedd6f425b41b8b83dac84e;;;;;;
0a4a3df2a1dbf0038c42bb1244f90ec6;;;;;;
ce745fe4c8a57de28af91ea35294892a;;;;;;
501f547483954f0d1ec148a2aa2e1c54;;;;;;
b1aad363012f105ec88f56f95c7c8b9b;;;;;;
2581b5c164ed90531a2d17e537d646d8;;;;;;
bf3972d4bfbdc9fba7ad8e1f9a065e90;;;;;;
324dd42f947de323ea291bc06b35df53;;;;;;
f3d9928a9f8415bc3bf30badb363fd82;;;;;;
21798b8faf76544f5167be24ccd79f6d;;;;;;
f466ee508ca9543598b8d88ac7f3e0cd;;;;;;
0cc2b8552f10050195d9ffbdd3d39cf3;;;;;;
5d825155001ba66f49a0bc461af0c3d2;;;;;;
14cb4a6fe0a9d6189cb2f2a2e744279b;;;;;;
fd2dbf4185a7256daeee2942534eb9a0;;;;;;
89d0fe64ec4214375b04689f9855ac9a;;;;;;
fa0f396877308c4f7670f8579a5fd258;;;;;;
6f7cde66f1cfe2db0b49b7efc079b32b;;;;;;
037f339cc0e8e5c35ba7d89b189cb4f9;;;;;;
1a6cd89262752cf015273346f2d703f7;;;;;;
8da4ac60f5eef4c362a953965f4a02e7;;;;;;
c331c34a0b76e95485b0698b4dfb53c5;;;;;;
018f8c3b874b8e311ed3160122d4a269;;;;;;
f5b73be2c842075fbdd46dbbe2d3d7dc;;;;;;
c86f03ad667a4c884c33539b20aafb99;;;;;;
ce01793d98a417b4c8187933fe121f35;;;;;;
489c267177621212c5ac159b5fbcab79;;;;;;
b1f33eb5b7133efe530d6a14a7db5167;;;;;;
c2603fcbfe8f12be76bd624a099a2ac7;;;;;;
0c2ed6811c63e0e5265dd5e510b7a4b4;;;;;;
4f2bce6be612a555f8fec3a8cb252a1b;;;;;;
2701b25b95206aea9df78240756e029e;;;;;;
03f89b30526ad7c59836650288f029b7;;;;;;
fa46ac00e32d1bf11a28a93ecc7437a1;;;;;;
cbc6f4f300d5c2abca682b796ae3d637;;;;;;
3cad4c1124fec0c42438fe4940e89897;;;;;;
fe28e664958b88e1460509c2a2d4722f;;;;;;
c0bc823d5592cee6b007a275b20a4527;;;;;;
c2102afc6eda933046f95d6fb6102653;;;;;;
1982307f1ed60ebba107cab2a3d5f37f;;;;;;
b6574ff77dad0e2c06650e4da2694cb0;;;;;;
88e53c516ec05f6e6a166edcfa846c4d;;;;;;
e8c0bc7dfad84f6db20a1abeec04f2a9;;;;;;
fd760ae07559ac1f11cfe6a5ffb6d5bd;;;;;;
1cd36e2e7ac7857d86cc7b292a1468bb;;;;;;
8f812d086aff744dd9f1b9668c66646f;;;;;;
ec7e9255ac34cf7d977efda70dead495;;;;;;
65be899701b031a03748c33f00bd37d1;;;;;;
55537f574ba3153b6dc62a1bdfdd0984;;;;;;
b9d98ac83a4e30d57a55f778f3e0419e;;;;;;
f3a0ccfcc315546afc103a45f490b306;;;;;;
7aff8a42a852731e707b14a6acf0f6ea;;;;;;
ecaa840c5a4500856e865471d6a72196;;;;;;
6a5bd23db0eefc7642c6f20b196a718b;;;;;;
6989aa508691297318a056acbdb5308a;;;;;;
8e3068d1843ac7301ecdfb71f693cf9d;;;;;;
99b08ef604fcfc3441dc6507131cf27d;;;;;;
431d7e6b49681a7a4c4b2daaa98ba889;;;;;;
411e76e1c0c9bfadae5c463852420c18;;;;;;
6814a2e7a9709fd8af0d462d06503206;;;;;;
45788c49cc8ad530aee9dcbac99ab79e;;;;;;
15c923cff9bf2682cc615dfd4eb3e6b6;;;;;;
c9949a5a50ee578a1ea58d1a95469469;;;;;;
9fb3de3a30c24cc2bc236ac789755ce0;;;;;;
83903042d323c3b5cd30b2a748f10e6a;;;;;;
5d4dc2531d845722dc113f19cc7cc72e;;;;;;
7961969bbd6aaa45f8ecb7647593a93b;;;;;;
b07361427df3607a13af2e45b52c8eb9;;;;;;
30ead76ad584da175c64f6b758f06dea;;;;;;
b4a0038ad9d77f36b978b8b7efa72125;;;;;;
0a1bab2e208b63b179247cd304a5fe54;;;;;;
254f8471c4d56f5c2963a9e210ca4560;;;;;;
94d5ed3e48554fe1e34494ca73d2f575;;;;;;
5622653ca894204ce673004444572088;;;;;;
20f9d0fc27655997e9681e1155429320;;;;;;
960ef773e8c37e8e45051b3908993978;;;;;;
3f1e343d4d2af7816fa99da612045952;;;;;;
3117b92ded0ac4d0d3969ceac673723e;;;;;;
6a00bba5db28020cfe17244141d65ba5;;;;;;
6a16510ec19f70c320d4b504c87167c4;;;;;;
2cc0f624cee7af316a0c6171a2277776;;;;;;
ef6ce2c4a449311369babbbe1c2aaece;;;;;;
0de9fe59397284bbb2274cc84b0d71de;;;;;;
1aa7aee6c5f94aee430bea855e44fa54;;;;;;
bd8123b06685bd08f672ccef832bfb84;;;;;;
e0b407958d611157e9920ab70830c2a4;;;;;;
5e45c6bd0f54d3e6a52d6fb20ccbacdd;;;;;;
40dd57d74e3095d38984e94cdddb69f8;;;;;;
e22848e6a21c93edbe52d3c6cd5ce489;;;;;;
a0a1c95260fc564ee9b097e01e40fc69;;;;;;
81b99f28281cdae349180781d4b10640;;;;;;
da239f1700db8a15b5e0ea2a3fb34fbe;;;;;;
79d9f80a646267ec568322f36519e1c4;;;;;;
56c2a2719893622424437a5f368a868b;;;;;;
a3a980ca498f64fc0d4c7af644bcbcee;;;;;;
27155db75a70e093bc5c58ae7f971efd;;;;;;
389c68101f27337e52ff9a7abc02db12;;;;;;
cdbd4067d855b69b2b6417182e0aa6f4;;;;;;
bce58bfe9f565d3248e1dbc3fe66fb11;;;;;;
8313fc8fc74145aca50acf6f4365ec1a;;;;;;
9c278021400fdbe223547ef7c7d19ce3;;;;;;
f22152f242260d0c6460899f8a4dafb0;;;;;;
d33cbea3b861666d09f47784bd466646;;;;;;
13b5d4e0858346bffc86f6b4552429ee;;;;;;
bc2863b234264fa52c99d423f5e023d9;;;;;;
874df7102cb7f04d752648be3f2ceda4;;;;;;
a6fe732844d878d395cfc04f8d2bfd9a;;;;;;
a883fa3177a8b39b80c7822ea4b87035;;;;;;
0b62ee03175678f6f172515bfce52805;;;;;;
4493f77e59b71208cd7bff73eeadccf6;;;;;;
6b0ea7eb5126f3869d56610368c33307;;;;;;
541ae47494f3c249ed34609bd55a7e29;;;;;;
98241b17dd4cb6a63a0e1eef0762cba2;;;;;;
71a6d32f76c444c896fd8b021ffdbd69;;;;;;
68b94ea1c50bf5d6479390abf7a708c6;;;;;;
6616bee89d8beb74f26f101a6007b37f;;;;;;
ec63f3ffc6e20405af9492675ddede59;;;;;;
310384496dfa7d494374f3d8f16f4b92;;;;;;
ecfaef7790eb4e070c59fa308f5188fa;;;;;;
083bb8549b23e445141d44e677f19231;;;;;;
9456a80d79be624ab40dc85606f2aa05;;;;;;
8508922f2a042afd1ca5fb2820729026;;;;;;
15de342212eb29b98c2bd4a1ef37deb9;;;;;;
736c46b3b80fbfd92adfc7ca982ab749;;;;;;
563913cf3921330ca1c5d81a547153f0;;;;;;
8465242583f248a00aad3121a8e19236;;;;;;
921eb144c867aea6ad06cb204dc1ca79;;;;;;
a4025a6310fde93272bb3ea43400c8dd;;;;;;
d0f1e43d22788d0ef04e57570c15f1f4;;;;;;
97c47cffc20325293b993c5990f72219;;;;;;
fc91aa41bed4d2a49a376949f53d112a;;;;;;
161da5273fc3d4b6654db6672f67aced;;;;;;
a3eff88aa006d64643f599c9082927bd;;;;;;
a88d7bd5c67058b6d0f9ddfbf745227d;;;;;;
97565fccfa11da217c8298ed7e6b81af;;;;;;
9e7d0c49986c7b3d10747665b47c0f1b;;;;;;
b28afaeb9c75c054f12541454656b11c;;;;;;
af5b0e417d5b8559d3de58211829820b;;;;;;
6270debb632a7cfdd99b57781a1f2b2c;;;;;;
b3f6fb745c9e1bcb1e7854e15e883f4a;;;;;;
229a5b1bd4a48d54228b8065dcef6612;;;;;;
0d7a6eb905f04eccd2e0f1e104b6854b;;;;;;
28041642c0f2422e05fb1e6afb5512d8;;;;;;
e51bdf948bc2505fada975e7faa18e29;;;;;;
280e62edbbb8c3aa70460a20840ec1f0;;;;;;
238132a5acb7c4f44d9a8fa470b0e566;;;;;;
a4af43f9893e6628e90002b55b266265;;;;;;
d38f199d20799cd87c5f2dcc9b217489;;;;;;
9f9445e3cf743b075c57002ddd5df790;;;;;;
f07969bf3081bc7cd88b8d2f43386608;;;;;;
9d15409b6694d84842013c70a6539477;;;;;;
42af909485ce98f5a44d1ebf1d48e104;;;;;;
cfe6903a48ff779362de8ecaa0e6f8eb;;;;;;
1597b8ae57917f988bcec8ca14db5289;;;;;;
57b9f8432cdc2b80a8bac14a602bbcbf;;;;;;
db786deff83d84a5317bcd4ecd14577c;;;;;;
5d30ec442a5f56dac2b4baf183a18330;;;;;;
6866f62052101299581aa08325c176a3;;;;;;
fcb201a979ca5ad6edeebabaffbeb415;;;;;;
439a518fb3a3a8d6dba1cb1c2325b40c;;;;;;
e76b139a87d978350036a25997a093e5;;;;;;
327ffa665a2ff5541db88230a5fd79a8;;;;;;
d6ee13260f3623c0bad32d7db3ca6cb2;;;;;;
ef17f824d453a732f97ccafa41b65468;;;;;;
afe1b4bc0310dcbba2b4eff8c10b6c2d;;;;;;
81f4117f285b1d2e83c24fb484815b49;;;;;;
fe719f050368ac8b477fdec585ff259a;;;;;;
7f82590c816b815ed9eb20ee875c1359;;;;;;
a365d159c3681a0ddb41d5b96981b852;;;;;;
11f2b756f36afdc4e4e12a83d82c3b05;;;;;;
5f88ff184a0fae61a4bc388cb0bf1c39;;;;;;
0c87ba88dbb02c7e3d81ee4690b5b6e6;;;;;;
ea58fd4f565e010fbc4ec97d5c03337e;;;;;;
43ced5009d28f2b5cc60830b05ae6552;;;;;;
2ea103422d387bac84c8420d4d214151;;;;;;
698cda0a158cb21551c1cbe2bd412b5f;;;;;;
a66f6a7ab58c47320ead8f2e53fed0fb;;;;;;
ef00fd7eeee0328691bf257996a0ec05;;;;;;
c0eee8aed1c8ed324f3c203d2cc6dccc;;;;;;
d018b975a337e760c6eee9d6437a1bbf;;;;;;
7cd245d0e44235c07c4e4491462d3530;;;;;;
078d613268980533338149c17c7d0606;;;;;;
7b74e8d822c59eebf68076492e2c03f7;;;;;;
01f6fbe191a12cdaad2c9b968d71ccc9;;;;;;
5d3d6c34f6f720adf97c7e247bbb7e14;;;;;;
213429abb3e35cf317bee32eee24f6fa;;;;;;
fd73f2dc0705b6ddd743f336919a8df2;;;;;;
498c369c05fb2d19c4219c5005b5076f;;;;;;
e122a8be38dd1a1bbd4d2aba66c87c89;;;;;;
00d43ba6398b24a0e563139ec6ef9ad9;;;;;;
e684c1ac8b47384aec8836459ebe3e7a;;;;;;
7a2ae09043ed42e73e4410970d2673ed;;;;;;
16ed42d034c9a32c1ce0f38ffc2a262e;;;;;;
c0fd89498b07b7bf91fbe436675721c1;;;;;;
d99566246556f742c336416822dc41d4;;;;;;
d8134975411747dbf373c6dc1b7d1994;;;;;;
6a1a0190628c3e12d10fe11b4c885530;;;;;;
fa3a4793b34598a152aa7259ef3f804e;;;;;;
822060da3de9689ff674a6e2507e4488;;;;;;
75f02d8f361caceefa65c625e8f9b85b;;;;;;
39e3e645b555db46978614bf2557e036;;;;;;
9eca0fab0170805b3ca8e735cb267aa4;;;;;;
a62076728b2a455472fc430ffbe3e76b;;;;;;
31da89cdc40fc5334c7eddd1b1614e65;;;;;;
292554c67ae1f3b9be06df2ab042268b;;;;;;
9e5594b1430b4153bfea509e316ef0f2;;;;;;
b89078d53ad799b0238f5c80badc16b9;;;;;;
e4af5e829b7d43e49bf5f54efa16b282;;;;;;
d668af6dd9bfcb8369e9eaa60d5d8095;;;;;;
0bd5f7a1acca31e60dd45e2b281c5177;;;;;;
5b77bb8ebbf872e9f032d46918270574;;;;;;
383cf93b25b54a9387d08bc20f5a6a76;;;;;;
bdc694642bf6f88838999c685c1a2b05;;;;;;
dc6d9df8c3763a4dd0ab24990e41dcb7;;;;;;
70689f9a1453e72dd267a52ac9b3c9df;;;;;;
014afb5a0e9e095191b40e89d2e3f904;;;;;;
066a2f08c38fd6d0c7ddc4223fd8823b;;;;;;
7ae31a6a83334d5783045ea591dcca85;;;;;;
9251db515dcb8a8d6da2ee9dd829981b;;;;;;
f4ac0ed7eeca64a878d48e358aebdfcb;;;;;;
bdc61054a069f9a49325264d91ccd3f6;;;;;;
efe59115cbd4613aae7d7b558698a8a6;;;;;;
2a68fb71bf0803dae2accd5d5f166de8;;;;;;
f00dd97a3677fe615e89336d906568c1;;;;;;
9d7b6746067f47e6b16c0c1128b21d33;;;;;;
a27d4fe13ff0ab8abba9dfb3ed4c0433;;;;;;
94a66295c521f41d1762e0797b337a27;;;;;;
48d12bf92ff19762a1ee48260b2e2c4b;;;;;;
3a7bb28c6b030d141f6fd2ba34d84f26;;;;;;
63428ed2c7047c66e2b9296a5cdb84e8;;;;;;
40480921777abc1e7a5ea8df94870cd2;;;;;;
376df9835a5afff7eb5d9df8129816b8;;;;;;
f98c1b4e8649241b6eb13bd092bfd497;;;;;;
c300dbaa80cd6d8aff140a39cb91e4d3;;;;;;
e1090d541e02f460ac6b344409705905;;;;;;
ed2ae036ec7d1544b874e7438713d9bf;;;;;;
af4e758e6b4334452d661bbbfc785b0b;;;;;;
c56341b0f5ee2f9e1b3c6fa0007b6514;;;;;;
ec554ae036441ce02319e518bc5868dc;;;;;;
459a010a214fbabad68c3b9489015749;;;;;;
ee05c8f2e71fc301ec051f7623fdd3a0;;;;;;
0d45ec0391d34fe8734e6dcc02293524;;;;;;
9e0661fb981ab9dea1bd2492956a82ad;;;;;;
b11e213c09a08989660dd897ac25a407;;;;;;
1aa65a4f3ab44568f8c74428688c3a85;;;;;;
190cf0602edd22147746e61d307d5c03;;;;;;
b7dac9fae8a11ff3816464d14ec6e25e;;;;;;
646452df861183b452bcb4459cdf6e5c;;;;;;
3cd66b5c0299740a7ede7f32b202e8b8;;;;;;
f2ab8356eb4e6241e26bf626e24746f6;;;;;;
c18f0268758c919d883a7bdbe998b149;;;;;;
dae3e61b84c3d60df8a81c2381516abc;;;;;;
756e32a1dcb566efaf677c7f2a3d1f82;;;;;;
f53151f33abfac876c90718ca518d046;;;;;;
73a416d50450f366ddf2de119dd36de8;;;;;;
8cc29fcf945d738c67214a1267d32151;;;;;;
33c262dac82b08482ab86cc9156308a4;;;;;;
f71e84a89048b264db34cd1bf1e607ab;;;;;;
aff919a78b32e696c0fe47716b523482;;;;;;
32a966cc5c8bcdcc6e7a42bfe2376a8e;;;;;;
f7cdd2190834ca99eeb29410917ffd4d;;;;;;
bbffa7aeebf9685968c8278a5dd47b19;;;;;;
fff288a042368df090c2d8eae4ef4cbb;;;;;;
3dff37be8e0c9e5dc2fffa3ea546bfa0;;;;;;
9a8fc0bfb502a1aea1b68492790d28c0;;;;;;
fb52b186ae9b6b9cb2e091daa0fe4458;;;;;;
7c727e8bb751c83ea6287c4aee416bb1;;;;;;
c0e8f18726d31008ec92c1f72dd7a866;;;;;;
bb47b27469f7d0dc4170f97150fc7f9c;;;;;;
6bf230812c7c8c8d8329f606f20bf325;;;;;;
75ca6540bd07ecf17b13cc21de8c2e6d;;;;;;
e5246bce86722a60299cb375e488802a;;;;;;
6b23971c09558e912f29ef84358a226f;;;;;;
0be1016e38ec20430e4eba9625fe875f;;;;;;
f7bfb6d76f85804e9f349599f2f32ffa;;;;;;
8c30de70018e0987468bd57be5bcb807;;;;;;
5699f0ce42037d40cd730675be2ff41c;;;;;;
06c9a2eaad69e178778403bcfcfc8c7a;;;;;;
576393d9e91e5d08b67c17656de54f5f;;;;;;
0b2fbd905d563faa584050dc35b579a6;;;;;;
75e7775fa82916888edf47379ebb0296;;;;;;
c43816b92456b73970694235283102b6;;;;;;
7e07db54fd86a1dfe3852e88122a7ae3;;;;;;
30270d032b195a189cacbbb8fe804b61;;;;;;
baedceee58e66cb6eebb1fc32eae4243;;;;;;
72837758558b61452cbc056486f7ad9c;;;;;;
92312d02e2277c8d554d9ea647fb900f;;;;;;
56e69416776999b54deb5c92351b666f;;;;;;
b705401f2c30abbda206853b1da49218;;;;;;
91829f1d7dc986170f1a3ea189108254;;;;;;
979236f1b5a016de6704b68ce7ffe20b;;;;;;
733bc6fc095bac89e9eca910013c12d9;;;;;;
168e0a4e5724e4d2f7099b9658b486a7;;;;;;
a2b2a695bb57ddb3dc95e843dacbe50e;;;;;;
6e7542639f34e76bf12f2ea6dde06ed3;;;;;;
09093fae1bb35d2757535c1c61ddc4d9;;;;;;
8da0082652fadf5eef73dbaed73dfde0;;;;;;
e802aff448fbddbbaaca936b313c8afa;;;;;;
f45784f1578d3607e91f72d441116535;;;;;;
679a0a95e8ee5d92c3cc0d6b1f248497;;;;;;
909f4d1cbfe5b0e91916ce9f101127b8;;;;;;
ad4bdea38370b9f16af82f2e34b43698;;;;;;
3c18fc30eb88cfa935e65530c90a3cd2;;;;;;
6941d17ccd5a97cb42c8e11fbaf91ff4;;;;;;
454b1092b0daede6c8465f341af4c9c0;;;;;;
c1e46bb081aa095d44a1c1707bda5add;;;;;;
ebe45071b80043eb6bc2bdf40bb49fc8;;;;;;
91a2d1e6eaa91d8ed8ee1028742a00fd;;;;;;
4e935c780369197ed4218b933eb8ac6b;;;;;;
773910e2bc29439cf84e5b6f7e306feb;;;;;;
fe713f8f214f16579f136d6eceda73b3;;;;;;
d3b92db95c0e4db9bacc3f4a9e958b33;;;;;;
b1e119e40e7d777a65605014bd19d9e0;;;;;;
8f9a112de11aa2a6a9be30112bc69bd3;;;;;;
5b7dd48e3f95387654f97ee425d41d6a;;;;;;
efa9a32e2214455cc65690031604e5fb;;;;;;
fa45c01d90031fa9d1c0e1744c28c84f;;;;;;
112f153977b25a1e51bcd0c9d5d5790e;;;;;;
a3f02f9a2b31d5594677e24bfe7ca776;;;;;;
ab09dfc0c323293118fe6fe7f92d9279;;;;;;
d51afb3fdf439c3d13c984e53f53e30d;;;;;;
9e03665e13f426d8221fccaaf8219b97;;;;;;
d5aa3eed728e0afc32ab2b04fa188165;;;;;;
1cefec2719974240556b35d67e53cb02;;;;;;
6cbb025918c3540d7b7ada0d491d63c4;;;;;;
f84d1d25fc76c59d621017ef2817cb94;;;;;;
585058ad00e8fce189b347abbef543f5;;;;;;
af5ed03b99cf3ecda5abe0a1e2ba1503;;;;;;
7117f384649431e64d97e42c7fce3c4e;;;;;;
3e7046e7d86abd69f07ad95552d390f0;;;;;;
0f8b2f381c575143e82bb069daf7af2f;;;;;;
43e03a915039659ae3ebfa2af7fead42;;;;;;
24df22ab33b083b401e6609aa6caedcc;;;;;;
a55012cdd17c75417ed46e320bd0054f;;;;;;
813e4334e9f15045384b7dcca44ca8ea;;;;;;
a768a7a09f14fefe9d2c6a91088923eb;;;;;;
8aa7dc89a5e48de65cef19dd3526c023;;;;;;
b5d3d5e267035bd106bb74d12e9feb76;;;;;;
7d77b5c720bf7615af4e761564a0148b;;;;;;
054aa88100c7aa4364b161d3e2c1e190;;;;;;
82b4591ccd914f9ac6454728f6b33756;;;;;;
a68b1178a0c4969e782e54eac2635e61;;;;;;
e0e786db633b5f05438561f34f214995;;;;;;
d8475841853f74372771f5f6be031a17;;;;;;
6712480189e465150d6f2537d68f8e10;;;;;;
fed1612eab59c6b7e301f5957a984152;;;;;;
9f4d67e2a64895f65c6c6e4af7516e75;;;;;;
0e5c10095430bb3bf79c9131c5e6861c;;;;;;
0cd0cb2532f80d7350f6ef107ecc0ac3;;;;;;
01b059eb5f0d93fd929fa88889e23f4a;;;;;;
3aed2a88bc3fa88621a6e4268f086dbe;;;;;;
4d8d19e606fa1f72c362f201e7acde78;;;;;;
6c5f4746db21e413913e881c68602568;;;;;;
51df2c335a57cbfbf07b6d9c012d8395;;;;;;
953b73cbb3f03416756a80896fce0588;;;;;;
8d95a7a5b35de6d7260185becbabdf71;;;;;;
3581de031b2e20f90e8aec535db83439;;;;;;
91973dc883bfa7040eaf59d3d6634a68;;;;;;
928c3b62bf560e83ab7bf3a3d20a8c24;;;;;;
f93131de7b715ef2f66110739ec1739f;;;;;;
37b2965e5300eb1bba7c2e19d3e6d453;;;;;;
8f6dd63bad674161058ad84cf91a1209;;;;;;
a019a750689295b9cc3e5a8d65683a23;;;;;;
4243f1a9310d72af420515eb8458de1a;;;;;;
d60f3a6db7a2e8e5829db6ba4f6716fe;;;;;;
48c7ae6ef49cd28da8a7db7ded2b0b32;;;;;;
3ed73f771d622034eca87323aa6d8d21;;;;;;
58e6288c67e4c1ef0bff6af4c9057cc7;;;;;;
070631c1373be01abf4690b2ff448e71;;;;;;
20cd474d29341f29e1e20f8a59901375;;;;;;
ba9eb24c822cd6ef4d13e5e9576c7391;;;;;;
3ad3e7ab74f218a757e1866796706777;;;;;;
79c6e99a44bd86c8ee604b21e0e3e600;;;;;;
90848e71701d10eaec4831eda945ff85;;;;;;
1e831098ad0ad4f26169f7b0faee324a;;;;;;
46bd20564e94da56e98e87815714b4d3;;;;;;
1bb513a520b1142df075d2b1bb808886;;;;;;
0523d0d341fce04a8265ddd4f230ca6d;;;;;;
d8fa9a5aca070c2d8edf4a62ec90177c;;;;;;
2ccb54681da5e5eaaafaadfaba743719;;;;;;
3e74feed9ed7b648031e0898b0b0ff61;;;;;;
f45694e4299a471db4dc0769bb41f3da;;;;;;
73e1f979812112a2443e0ce327bed5cb;;;;;;
4f6c730a483dbd5485498ce0e0d05852;;;;;;
a84c479d12a26681974b05c55c693dde;;;;;;
ac7452e69d766743a1544e9d37a42a73;;;;;;
f6e01bbfa38f3e0d04329311e7616653;;;;;;
e200b05d58fc1c32c0bacb657ba39211;;;;;;
9f0134cbf1fd449ca82e345299a60fa9;;;;;;
253206cac8a76a738c5569a094f7a691;;;;;;
30c5c76080885916ce693c983cfa3509;;;;;;
5d003c249d05b27a17f28f08e96a5b48;;;;;;
ea458cfabd2c1f190d68cf3ca7715df4;;;;;;
c9c9d33b35fe92742bd60c90e0ecd2e2;;;;;;
7ad513afefb9b61e533a7ccab1b96836;;;;;;
f76bce93b89b1a763c432c50a7978bcc;;;;;;
c71215354645a3e8f813becb19339318;;;;;;
294c45cc3a589887ea0c96f680b7dbf1;;;;;;
9f6a89d90967bb55cfbe25a9ddf3bf8f;;;;;;
4effba9c760606a71297681acdd91a3e;;;;;;
158fe979632e7e35472cc62ecd39d692;;;;;;
4030b44d7db6df20c5a2fc40119467e6;;;;;;
b318ac7a7a006935f351fa26446488ad;;;;;;
5db8b5fd817a4b56afc076fa63fe9bdb;;;;;;
86e919d2eefab053f49b16c2dfa61c8a;;;;;;
42605d6dcea3d884a3b295bf4a382e25;;;;;;
4243e7461990be459aa80b8fc591c17b;;;;;;
1468f80c433566c584282195631ffd9e;;;;;;
f4faf84884f4f3e93b1793c4b6054b5f;;;;;;
d5aa69573136a775570613f4f2442d7a;;;;;;
f5451b8f6ca0b23d6d9c6fc9ad4449b7;;;;;;
d8bb082bee1efbc6b333d778b8df3ddb;;;;;;
6f4cd8a5eafa1507f00684dc74c86db8;;;;;;
39c4e8f5bc3d57ae1ab57ff4e3611523;;;;;;
44c9a6bbe5b119bed2efff1d62f3c10a;;;;;;
7e2d4860696366fec18f40966e4db429;;;;;;
c673c19a292c4c261a6b0bbcfa408057;;;;;;
9ed1c2ea1b7063ec73d7c8176ab30440;;;;;;
c25d51b2ec8b48c57d5a3012fd710d93;;;;;;
4d4abbbaa92bb8eb04597380ef06d8f6;;;;;;
9ab07d2d61a1a264edd24bfed465f7e7;;;;;;
626b37c06a95f2744c84c22a9ad02b51;;;;;;
9c94209d41ccc1aa2fbbc61ec9d1e35c;;;;;;
9eceac2954fc483c66340789f03f61d7;;;;;;
3f53beafd02e8d177e6bf9c3d0fe7995;;;;;;
d317b441692f37a432fb228eece3f0b3;;;;;;
00f2fc31068b27f1632cf27aad19c6a2;;;;;;
7efb93f3f543e89776e50b86f87418cd;;;;;;
9d7da76b793132abe25993e266d71bd4;;;;;;
6a4db9be509b38b94860f51275ab59f2;;;;;;
a3cdc141598e7c8d7af7367c81c4518e;;;;;;
d93ba850f3b84d81ae14dbdd338bedad;;;;;;
0a9174f8750b2f3935688035743e81c8;;;;;;
2aa99139417f536c8bbcbc5028145702;;;;;;
853c1f79638824f563724328a943e35c;;;;;;
b7caf3f87c5044f9e6d55cc8f5d40213;;;;;;
795710db9724df931d91731712ce12da;;;;;;
4d9796acd1a918e75750d6c64417ddac;;;;;;
d50613483cce06230d4dac5b3982b46d;;;;;;
d5cb729eb3612f03f607f819a97ec7bf;;;;;;
06f846a249a2de293a174096ce7998e9;;;;;;
6884dc514391c081763bf88a1ea05fc9;;;;;;
1c9c9f46fe1f0214c1f3693a2d4a8391;;;;;;
3878005bc633b89f0fd31594ef27c414;;;;;;
be4408686fe9c703573829f67afb481c;;;;;;
cfca836b0f221c928a519d2681653e52;;;;;;
d77e1cc4488ac46ba132f1304ed4de45;;;;;;
5737bada18dec98522b7d30f3a0e67cc;;;;;;
6f1b7bb5c541c1661ea987ee2758aff4;;;;;;
4382b81f82e493986061683ebcde1f26;;;;;;
a32e689c34b8f568af2da534994da416;;;;;;
a851b890962fed0fbfcdb961de0459ca;;;;;;
ce4bed4d73b2f7ba08ca4ec5567c0cae;;;;;;
022b84bd0ee4a35f701eb576eb791ee2;;;;;;
628994a99685f608ffe50e5300425194;;;;;;
e617878c85b21d91b903378527095a8b;;;;;;
e768295594bb1bb426cd819470933921;;;;;;
907d0142ae40fb3bbb6fd96f00684731;;;;;;
0da02dbedf1fbb7bcbc818904e857fc1;;;;;;
e1618beccfb7ca8cd4e90b6ade85999c;;;;;;
b35b733ee6bc4bffad638eb04976f0f1;;;;;;
c7bb8b0eaff141d08aaced21a98c2123;;;;;;
b89bef031ad53169ab550b0ac791ce57;;;;;;
28d78ca1a34a7d568f1e44de0e5786df;;;;;;
6a0bfb3c24ed88ba3fe96d21dd0fe6e1;;;;;;
eb9e944540a9ab3428a27729c771d4f3;;;;;;
bfefbab810b4b06dd12fd0906e6d3404;;;;;;
1577f4726d907a39830bd79c0b4e7d2e;;;;;;
f39ca3f1cdaa4fcbd59e6a13a34cb2b7;;;;;;
4a84903d37d2b4d09339e4848d97640a;;;;;;
d997a8a1e8c5c8408ce3e0f2d62adf70;;;;;;
f587eb32e60069f185723b4377317061;;;;;;
64b5dc1d238832f6d3aff2832c92c4dc;;;;;;
e92f9946d194fdda54f8d5346fbb1b43;;;;;;
16a5cc9cf752a1a9c3d21d634d947a4c;;;;;;
3f1f2de40304cc2e2c85f0118d29bbc9;;;;;;
eec27ba5c434fb3dbac046ddee713529;;;;;;
14c40b0a897a952784e16b4a79a5761e;;;;;;
3f4846b16a066ab18f5b864107411a1f;;;;;;
0c97dff6107c14bbb455ea442dc2c6a1;;;;;;
76676c682f5e50c080a22dc674293b1f;;;;;;
b6d86a69f2d579d1f5b951f3d04dab4f;;;;;;
3f3bdacb866245d354c24cb153c9ee70;;;;;;
7abfbf28a1b638aef8bec2f816141ee7;;;;;;
dc3c66b0e7153e95e8020c42209c5b7c;;;;;;
4fb3ec014be4926c3a58566b6bdc3083;;;;;;
9e3e27707142250b2f3e82774504150e;;;;;;
4cf538a0df0bcca986e67eec5666d8b6;;;;;;
9d60d8c0e4692d148b33fa84c3832473;;;;;;
94633933fcedcab61577b88f5b088f5f;;;;;;
9530585814413c1badeaabddf120eeea;;;;;;
e2204bcb2e71672ca1678f370e7a38e0;;;;;;
52d13e0d15e1d2d4b64942ef594278f3;;;;;;
45c9c181132e7ab6aa08e01288d653b1;;;;;;
cc66e9925df448068b306ad8e003ab7a;;;;;;
56c388cd75039869dcfb08a90366d60b;;;;;;
7d73a7a4b2f141d83d3146c526efaf06;;;;;;
6ef1d5f6eb2b502100faaa2947743e9a;;;;;;
e64b788b880948cbe0dfc4ff2de55a1b;;;;;;
f1b7775e24c1adabcd2df010b2b6f2ed;;;;;;
a318ac3d7204166e4dc4e7e7deb8b9db;;;;;;
ce9bbdf973e8a1565e3944f57c5c6f6d;;;;;;
5ca47f29cbe4dbb29f2b8243b1863653;;;;;;
7bd3a00a184be5f1026be871d5e164a5;;;;;;
7a61ea8d8fc6f978202a267851becffa;;;;;;
f7f59a53872604d329479192a19f9956;;;;;;
546367e0a964b9cea93a747cfb41c522;;;;;;
110271cb3fc49c0f92863882b13a4641;;;;;;
604f2bba72da23f08f0bf3469d7fe183;;;;;;
fd3786f0f7201fdd1c3c72a39385c9b2;;;;;;
28855f6253394afff52685d94c2584bd;;;;;;
ab5e16b28c2ffc0bf6b5d550c5860ac7;;;;;;
740b0e14a38c29b042328e50f8151777;;;;;;
5ed51737b5c9fabace5ce72790f61ddf;;;;;;
569cac704793d29dc102e18f5f64a25c;;;;;;
9e30a044bc38ff037b053aad6c17f102;;;;;;
382967c31a85eb2aec1327b51eb0ce9f;;;;;;
7a957979164d205834ca21d43af62c57;;;;;;
4d0e7cb63beb3f5085a1cfd7c562b82d;;;;;;
d901fe25a99315ff4ebebf5ef8bae8a5;;;;;;
c2f802613491f06252994af468a383c4;;;;;;
8dcd8b2f055bc344fcb6fae60fff74a6;;;;;;
e2d2b2c7366bda4ec3b847be4be810f0;;;;;;
8d1d07a0d89c61e379280afe02d8977c;;;;;;
a0a8370e1687b37e69262d80f846bcdb;;;;;;
766c471168adcdc42feb2f40c3609fc9;;;;;;
fe8aceec60d354339df90da3176317ab;;;;;;
4891a77a39319bd66c983724af08b1b2;;;;;;
a191bb2f23da990193af5d6da563cb96;;;;;;
5fbcf465d5e52e949846bfcde16720c1;;;;;;
2106b21629fc005d0a3f4e17292edbb2;;;;;;
c490c23bfc4e02a5c0d0a00c44f4ff93;;;;;;
cdfa58c4838c184ce7b7d5aab4d6ba32;;;;;;
72fcd7d0f37f6a9338ed94c7c8d0971b;;;;;;
26378b0ad744d6c985fc16f045e699c9;;;;;;
09d1fe8b1f033b6827100cca3a56834e;;;;;;
bcc3fd50432138062a01386b13edec1f;;;;;;
99b82df62bfb462619bb83c5f5eb02ae;;;;;;
a5d47563d39c0b2f96b257580eb0c28d;;;;;;
7571c0c5226916fd4f1323b6a343252b;;;;;;
0a7d2b3ffb6a364f6a2f84a83b1372c2;;;;;;
e1af945a13d9b5cea3676dca64101ff4;;;;;;
17acbd4f8d0f60cb44ce68e069ba5c66;;;;;;
a6a09cd376c39c8f95ab23b7d72584bf;;;;;;
717d41e0e8a7aa08ba101759a9d0f07a;;;;;;
5a191cba159295d2c159fa7be140ae67;;;;;;
3b476326ee034bc5247dbd2195895c8f;;;;;;
1bcb8d15c1af6cc2b20956c9b776a4a3;;;;;;
2218c79f1337e552e4365c25e3492167;;;;;;
226ece48182bf1a44abd0f735ceddc1f;;;;;;
144d636912c1562a88a3ebe55a07267a;;;;;;
98eae37708d3a7f5927a5708f1c79f8a;;;;;;
de472c073d90af726bd664efaebd70a4;;;;;;
8ff4626439915e88c0f2b190d3251024;;;;;;
48ef77286348f8a77f4cc3d80b693e4e;;;;;;
99e9dffa296589028ccf95d318cbee81;;;;;;
f9b821ac3ba6cab25bf491b7a60b0748;;;;;;
a29fadad769c0751cda2c6050285ad96;;;;;;
7ad20e6f0303369fc6da1f7e15dab5e7;;;;;;
382fca45d0bfde2121bc6450b662fc4c;;;;;;
349b218c0aae762c8514c19c5b95f151;;;;;;
6212945b190f7a6e37ddd3cda4a9c761;;;;;;
260cc4789903d4b6dec0acc0dc92e3e2;;;;;;
76f4c2545158a489f0ff5a4fc1c1cf07;;;;;;
584b6ec3886c82270c1b04af2f485508;;;;;;
2ca109cc9642373e034e4d89a159e87f;;;;;;
765df8f013dc181c5686d21fe31bf7ff;;;;;;
414147038f5ffd1e3807fd716ecae20b;;;;;;
01034eca62b2c7d7a37e66146e8d55e6;;;;;;
5fb212b98074cd23d0ca7db0beb7d781;;;;;;
d4aecf63d053df6418db30b2a2a8993e;;;;;;
99343726df7c2eae2d322d2c82af231d;;;;;;
c0c594210e7f86a17dc791348087eb8b;;;;;;
7b89caad7c1545c4d86949e91cae67df;;;;;;
14373d2001e2c42d01f90a9247a1084c;;;;;;
7784e0404edb0e4903d83a106ce3da3c;;;;;;
04bd6bb971e010b6644a277c0d8903d9;;;;;;
a46f70e61927191833780d22f611e894;;;;;;
189241f63e4c0b080befd58825f42a5c;;;;;;
22825f1341510ad87730e8ec5dcd18ef;;;;;;
a6b0ccfd41e2b99ab8d3a0f45b226ea0;;;;;;
0df6c49e4209c15db71f656231430891;;;;;;
e793331ae214c875b7bb5a727328d4eb;;;;;;
d1ed41e5091785af84e1bd64a38682c8;;;;;;
95b3ee89e7679e9021704d6615a2efa9;;;;;;
4e5f080898eabb6c9fe6c641fef15c32;;;;;;
454199d1854081aead854b4789535965;;;;;;
24ed20fee72b14e757096d671744cd57;;;;;;
d9a03f185068fd277ab346eec49c5abc;;;;;;
13def7f5adc6192456ca9ea0c0428e56;;;;;;
81d06cf5912358936b2e6c240c206f2e;;;;;;
1444cd0fa666253c7d0d57f3959ac5ae;;;;;;
d78ad9ea70e4344ebd96e581d56da331;;;;;;
cc5065de9d78343254536587fcb2c477;;;;;;
6a0fec3f30f7de2bcdded1029d5731c9;;;;;;
891887008356bc254611195d03f01928;;;;;;
7cb1e670d1584869c670e72072c9be5c;;;;;;
b5a0c4b63a78939c071a978566e2c00b;;;;;;
1fbccb96209d68cdefd6c208eadd4536;;;;;;
69901e262e5df445a103006cd406b8cf;;;;;;
10231fa9902c1a178e594f21762b39ba;;;;;;
2e32b83694a092a4721ce22f794e5ce2;;;;;;
485511d93c93e88832feb94482eff160;;;;;;
f78a317272a7a701a83f217bdc158dd1;;;;;;
449f92f681cec0fc4fd48e602597efb1;;;;;;
77757fa281386765ab99cbeacb698f70;;;;;;
a139ccac0c4b52ce208cd0775a0dbea0;;;;;;
54c4bab46bdb3c15c22a2c1d69505130;;;;;;
c9acdce90b64f764adf84ec1942621fe;;;;;;
d55e60a152322dff6664eb67af673a8a;;;;;;
ae209ee26a22d8ada77bbb398f993bd0;;;;;;
528952de5ae20f99555426c4a423e6c3;;;;;;
f45f1bf343365af4915bf252db0ff94a;;;;;;
ff7cf60c5b508ea25d79d8d3cacea914;;;;;;
7cde820851b8ff4cb9e758df3f252a02;;;;;;
f7515ee66c3e8a153c5b11bfb9091a62;;;;;;
9148d5c3bb5d2f3d4febb3c10fd77181;;;;;;
6ff7e7db662ec85136bbc12df889b819;;;;;;
640c30e31d96fb750da0f58dfe5ada51;;;;;;
2c9bcf9aecb84a3d07fe8be5535a17d2;;;;;;
8b91939e148515a5636da234647be368;;;;;;
e5132cf66f1f334688146bd57107365d;;;;;;
e45f389bce06aae1e660814dcb199908;;;;;;
d4fa53894aae43084ef3f913efdc6e78;;;;;;
26e6c321ddb7c60d9dec133fa1e68380;;;;;;
2afab19b4f687c53aaac37c83ab46bff;;;;;;
0494480e702aaac3a588e0799956fd9e;;;;;;
1a86d06531dc859ff3bf6e09b3ee6051;;;;;;
3408d0f9143b59c152a9d22c547e5d8e;;;;;;
ec29b93153a53b9696b416db25fb9cbc;;;;;;
8418e4375e549b52d7691cbac0e5aacb;;;;;;
6d25c67e48cb976d1e63e4864575c8ac;;;;;;
bf9f9a1de5dc9e7afb3d5e1bb8e45ec3;;;;;;
faa8540fa4fda786fef2a05c6fd3bde7;;;;;;
9bca95621aa289a7013e826283b1cdbe;;;;;;
3a962b2ac102cad5f77185fba4df71bf;;;;;;
5abf839501e0e169a5fafed65b8c3067;;;;;;
674b1932121c4496fe5fa97c34e48534;;;;;;
59eabe1de24c40b7154c46431e98f108;;;;;;
683d774ade2a8ac9915e7785b9c62437;;;;;;
040f1d73e87b9f3599ae55b4bb1cb5d1;;;;;;
80de61681625d267c0b93d1900b8f3e9;;;;;;
a20b523f474bc26abdaafba2f337f733;;;;;;
432fd94a19163e370fb10e1666f3c7e8;;;;;;
1d9526aaa291f8ca46384df207638817;;;;;;
e1abb96f64badc405c35d9a9bae25c52;;;;;;
b4d4a7161de26e2a3ea09997d8fe7902;;;;;;
99cf6fc4e9858a0f3e449cc369aea14e;;;;;;
1e26a4ddb33f5a305b4272544de57ed9;;;;;;
3f7e2d913e1503f376e36996efcebc41;;;;;;
1859b0f3c90ac0fd728499e4096df87d;;;;;;
854fcf5f7b0008c50383e22d0ba52253;;;;;;
4579233686854fb275c0106a42995f13;;;;;;
30b8f6454b9a12c256867a46a527cf0b;;;;;;
f30862a5041ca7dafd72c648b7088ab9;;;;;;
478c2f4d30a0a7d0e1943d55f96d4c2a;;;;;;
1c594b8d27eaa42bb9696288788f4b35;;;;;;
f429a7af9e978ce8d040c7cc98069537;;;;;;
b7ca70c2d498aabbfbaacb1ac30915ef;;;;;;
c16cf4e1a9eda24d94f0fd03fb70a2a4;;;;;;
d0481a3280476dd461f66b4c8b0c2533;;;;;;
68a551fe0a18bd9c4d0e2ae7399503fd;;;;;;
14addf5dc99aed7b57bcbe5816aab879;;;;;;
65c6c65ef7345a35d2ccb6bed391b240;;;;;;
4c1b50dae010cf736c241e085db6a500;;;;;;
06186697e3f25585149e709b12c3a9f1;;;;;;
ae3c32bce3630ccdff06cbd85eff3e5d;;;;;;
679339a7fe93859e124aedb61e6586b1;;;;;;
14feaf9890523d30e160d03286bdb37e;;;;;;
9e330f19e981a3ef0c17d641ff63d6fe;;;;;;
920cf2fa3ac10feb9cb04a830bbb5a98;;;;;;
d44286a208a90aee0fc443178412530a;;;;;;
725aed9ea853a28b4b474df353ca3ec5;;;;;;
8550889ec62cd44badb1fc786079d2a3;;;;;;
f4c98d66193bc38786b94f6860a1bb46;;;;;;
1f644f3428473bba1314f20cbc5666f3;;;;;;
dd72e094dbba0b4b8fd4a34bf3606b9f;;;;;;
35ac85ff791ef7f490af832877d46d4a;;;;;;
9965a235e2d0e826cdadeb2c2296284b;;;;;;
f75ca9bb75f38367f9e46f6761b7a953;;;;;;
bd08494a54309c8a7002f6939b24332c;;;;;;
a99570d20471c269e45535175afa7244;;;;;;
a388d99759d577369a452944029e0aae;;;;;;
2d415ae8c0a1d5b0c831451e1266528b;;;;;;
3910ceb82d6016e71408ad13e2b48fae;;;;;;
e750a078b935c7f0bb894fc22c4c0f10;;;;;;
dfe263b5e1fd298253738c97b1fa4a94;;;;;;
6558ac959b272b8d6ed6f658aa799c0d;;;;;;
b4874f21812fd839449235cc18f9cc49;;;;;;
19a42ced30d76bfcbfead497cc20882e;;;;;;
5a3f67f8254851bd4dbc10347800a87d;;;;;;
f65938b8b6b2a1041e0cfaebf360b867;;;;;;
db3ecc02ac41870e4ffa75804e97f8bb;;;;;;
910f1028e1c4562e7527f3817c91effe;;;;;;
f544f6cd4e7ad3b456e167aa969a9cea;;;;;;
0b3e94000947532c857c6babafe5858e;;;;;;
3ba621214dfd529fe88a728882ba12fc;;;;;;
23b9b3664f03422f8bdabe6f8572c5b9;;;;;;
421cb873f9159c7e33f00845e127a200;;;;;;
5a75844405a1d647daecafd3be2bcec3;;;;;;
c7d88ca75f6b50fddb1226b8050bb630;;;;;;
2349ec3ffcd99abe4486b4d1eb7daa76;;;;;;
14501ed7aa3bebce02f6efa588e6abf6;;;;;;
836e3a401516d1813ff77ff869f07d1a;;;;;;
2a21b51cb00881c00e5b3ab819cd0f12;;;;;;
82e38b7ff8c51be31952bf2a5b3d68bb;;;;;;
063f9dcb844fd37d8d6ca4a61bbf281d;;;;;;
156e68e00aa45efe4330327fb63810c2;;;;;;
a81cb1c500225bb4854b83535859bb2f;;;;;;
8526bc5237d1fd56e07519f854eef730;;;;;;
e49b5fb7616a8fd3b375c321f2f7a8e6;;;;;;
a9e50979f933bc8615edae9ee5a58b19;;;;;;
d48044df3f7d4c6785b558cf2e6a061a;;;;;;
0632043740f03422e9d1489f970d76ed;;;;;;
53c877512e2bfe6ed29fa0e0056a5aa0;;;;;;
096c391c2238cbc9350465e854e6c87b;;;;;;
45669f613f89bcb46dcc8d567f5d6a58;;;;;;
9bc0fc4e74e6dd4db21818b217ede4c4;;;;;;
520a4b21909adac883fe77028ae5f1af;;;;;;
1f24921e038d27545a05dda2f996b3ff;;;;;;
7fad98241441490db32344acb9ddacbe;;;;;;
df487e71d01a4948c19030e770a7f282;;;;;;
2e84520e84368d1001694d915eabcae6;;;;;;
ba9add7d7826784e912ff33c2db1b373;;;;;;
50431ea1b573e8c2b18c174fe945470b;;;;;;
2cf68bcc243f91da5564389ebe3d52c4;;;;;;
4d5527a2337df251b3e0805e0f896721;;;;;;
cdf1f79db4c09ef0d626cadb22f9030c;;;;;;
a6ce832064fff3cbc713c7f1d6484ce1;;;;;;
ca347a8f97f85ea77e80df614452ea0a;;;;;;
16422d71463d72afe0d39b7da6e8ed80;;;;;;
f795284c39576171362d1f5f7522ed3c;;;;;;
c14cc2bfc71ebe31530c0d1e7f11bb9d;;;;;;
f2d9e9877d34f9f045a8e192990edf3c;;;;;;
b3567524e1d7721c5f7e1bb45e33cb7b;;;;;;
cbc247e24606d83c41b4911aff63432b;;;;;;
4cbd8bd1b58d4a91a33cc777c458f473;;;;;;
7790976859c95607eef82c642d9e5850;;;;;;
13675223c49d6fb1d629a786e4dd7388;;;;;;
e7c719b46854d3c881fcf2b4fa87d423;;;;;;
c9c73aad601caf004151fbf684f7e12c;;;;;;
838fa69ca38d3d57b38f97a590b59bfc;;;;;;
ee3465577d4bf22ea31e0c79bb8e43b8;;;;;;
edee7c7ce959315882cbd6eb57f06228;;;;;;
fad65e4b92ec06087e35dc2c8aaaf46e;;;;;;
3e07db026778b07bccbd4f9324ab402e;;;;;;
2d177c6df0de87af3c0ab09db54fe4b9;;;;;;
791ce514188fe158c02d0799d61b1173;;;;;;
724df019a844cc103a6751c5e2d1aa79;;;;;;
cc958159722c3210fed87d00f7017c15;;;;;;
c73a97c9e327973956467d92e401e6e2;;;;;;
2bf28dc178af71eada2db03300a3a75f;;;;;;
019481a2088ea5d32ddde802d716473b;;;;;;
657c0735ca165431755e94a7a4839c5b;;;;;;
9dc19e59fdb6a69d795f2ffa9827cd6a;;;;;;
d042246c8b6c247473bc8c5bc4c6cde4;;;;;;
9412b1ce0c0b7d8b696c9fedc3ee0d55;;;;;;
7c63107283524d9a809cf84727a16009;;;;;;
ae5e00c3a05e87aa761fd0301baed4ba;;;;;;
37887699d608ac65eb6d16a19e413e35;;;;;;
04c981c152f7804176d127a3afe33213;;;;;;
1f18a5f250d4a44ea35db827bede254f;;;;;;
d88eabd4d2d752e0b291bd4dc0418cc3;;;;;;
335eef039dd4e8ef70460a6a8ac0b6c1;;;;;;
6f6290743dc2f777aeaf11b0cf87d4a9;;;;;;
2300f075b64cb6c50df82da9888bd331;;;;;;
0a40b64a6b20632e359bd5df93a47270;;;;;;
2f561e071c4edc429053491bff9abc53;;;;;;
117e6fe5bf7322f2c4b5f48f49ed58d8;;;;;;
ef11ddaa6a4636857c1123a4c851b24e;;;;;;
d69b4674dc41610e598037073f3987cd;;;;;;
9f52a825c9b267c4489ce6e4e1a7c6b4;;;;;;
94a2c6483ad758137f76e129d29893b1;;;;;;
d833eeaa03c025bf6c201a9d327f38d1;;;;;;
a24082c105432413497e7a74799595ba;;;;;;
3dccc69efa43136485ae3fb5d01f4364;;;;;;
1b64d0924b90f73b37ba6e8147139d1a;;;;;;
a8c15dd280cc0339d6c60a8aa773f1c7;;;;;;
ae28fc6cdc6e7c4930d47a8fe16ad892;;;;;;
075c7ef3849710194bae19dfe13389b5;;;;;;
a024f37b675152c0e7482c2e6bd68ff4;;;;;;
f5b9119dd82b04ec4ac37e0b7b2886d4;;;;;;
f2358df73ac26110623db214d135d2ad;;;;;;
a1793ef56ec638050d98ac6f01823eef;;;;;;
38b7cb91f03060df80a9562b9d1d16a4;;;;;;
788434efbe88715096ccd18104f95f15;;;;;;
149b8d1950476f742a31174b7d9b9639;;;;;;
8d5c098d7233dfdeeb3764d7fe966143;;;;;;
179e810aa31c7d5bf6cf3d186942a5c4;;;;;;
51975505ee3a657803b5c6fa55ecbaa7;;;;;;
36d9304e6602a9076d2a811144388929;;;;;;
f9ed9037cd26575c35f1101d28530f7c;;;;;;
d4710850252f19dd5cab8da054125e64;;;;;;
13bca5fa777dc66c94967f76b578e591;;;;;;
392eaf949701c12dfef57063ea19f501;;;;;;
07214f0aba4e4cfc7a8b09ad2dd7cba2;;;;;;
b006a2b4dbe1e2c744830c5c98d60c4d;;;;;;
998f603afa9e4d9cea3e66b121057e33;;;;;;
2bb451485587f6f931281fe100cef1b7;;;;;;
7216794cb588f1dc705fb35225a60a2c;;;;;;
98aa05335b52fc4119c414ca172c13a7;;;;;;
142db71cc31eacc5578d0f9d4ffa9d01;;;;;;
edeaca5472087b27ff75be9f7958c462;;;;;;
804e613e1a6b658f6dace665aa3b967b;;;;;;
564115c67d4ddbb9034d7f56fe9e5042;;;;;;
27952e8f77af0c94a449e98d439ae257;;;;;;
54833140576d9000d1e9bce8326f68da;;;;;;
a5a4f8a12597dedac7b7ca8735079e67;;;;;;
a24c183da1780725935cdafad4de885d;;;;;;
2193f728d8fe0950b2eeeeca489f7524;;;;;;
26668f2dfa8a0f0da76bf03c08f6a39e;;;;;;
f1186263c8e614cd9f8c1acb7349522c;;;;;;
ecc825ef675eddcfb3f451c823b85456;;;;;;
a53da398378c0a0da92e52b327a4db18;;;;;;
5ec4b6d6402268e6e9e734d5d7418515;;;;;;
0f7ecd70c8a215a75f2aeffc52476139;;;;;;
a3637ec912ed134a614f454f1f0ce12c;;;;;;
c757fc42ec1fcfb8db9bc76a9b6a6098;;;;;;
3f13e034608cd6eae810c667fb7dc225;;;;;;
b16c7ef16ebd7dd2ec20a9b6f9d5e682;;;;;;
14d231761be0f5a99f3aba2985a67dac;;;;;;
18303f5d4cfb24dc7e958ef8297ba7fe;;;;;;
a1c26b59215fa505053331c49026a3af;;;;;;
ac089dedfaa6b6804a58f8b222714276;;;;;;
0c99bac9a506e1c7da0f9bf40f79f162;;;;;;
27b95198c7f0ba0a537b97e87033445a;;;;;;
8641ccd0802385b1cfe117800c112f19;;;;;;
00496b9e0b86a9f6345e82793cd5cad5;;;;;;
f40be0be2a8c828a25028b2fc59a6cd9;;;;;;
fd688d6dc8486ce2c4ccf0fe52c3c9da;;;;;;
cce3dd8fe013d19055798b0c1307e1f4;;;;;;
c8a2fab6775140f09bb1b1326531d775;;;;;;
4c9dd49640731a4e6422a65023122f66;;;;;;
d4f9823c60d07b3d6b2e9a86868db0a3;;;;;;
111034aa15a41ca3760d867fe2c69223;;;;;;
a7ab479e74cb8194e5d8c1994dd3fe63;;;;;;
ef1a0e3277eabd7cb16d730bcd6196cb;;;;;;
fa221e94919013ec8be62c4eeddf02ff;;;;;;
aef479ab536eabb365ae4f006fee687b;;;;;;
317cbd6c7fe04085c9600b2ff34b5057;;;;;;
f79898dda444381d8c5188845fc2238d;;;;;;
99e2a4159dc01c5e34f6af4516c7107f;;;;;;
cdbf47e8f2becbf7ce8cdcbb3499ba98;;;;;;
6571a827e675917df4d772c59efcaf7a;;;;;;
712603d6821f64980b93937044e8a52f;;;;;;
bd535ccfe1f435ab07ad85c9bd7d685a;;;;;;
0070f3becccd8d76e9b05469a08d0225;;;;;;
5cd23aa0a59573d0fd19ab77bf7ffd3d;;;;;;
9aed7314e2546333e7ed8c58defbee07;;;;;;
9568d173f2c09d9b473d5edb4dfec0dd;;;;;;
6d4e8b3a81c7b3bbf6437fbef58e4ad5;;;;;;
3c7984bd3562d008d11d0aa6bf13f362;;;;;;
0b1256709654bd345edfee9b5b101b91;;;;;;
46e2f70bfc54d0217aec762de05b81a6;;;;;;
1554ba7d0b8593798eeb49b3f5a0501e;;;;;;
7d547358ef907c073c5d53bad75b2c63;;;;;;
f9a8c148858d827404c252a99dc0ee2d;;;;;;
4b113c75d6bd852321af393d8ffe8cfb;;;;;;
6091331ba05cf0db5b5874bee5c6113d;;;;;;
00564e5ccb91c5fda68aa2b05e8ef750;;;;;;
f1a9d8c91a89e14161541aa3a5f2688f;;;;;;
b0ebb1490434dd422c383857334301fd;;;;;;
5e50d01e2eaa5027f3cf1242e36cac78;;;;;;
ac177e308bc150d1dd62b58b79bdaf18;;;;;;
7e418387b08f20812cf0ad28b2c371d3;;;;;;
53e5d642f970733232adfcfacbf9aeb3;;;;;;
a8dca8b8a741a97e1b853f962a206cf1;;;;;;
583a6f5e11294380a4ad755acc665cb6;;;;;;
f9936c9bd5b1d03ab9af92ad7f5e1ca6;;;;;;
60f40503886aae0babc89c9d336ec499;;;;;;
689373bcb1eb448b71db389109d08751;;;;;;
4acc43f2a3689f5a765e7c7623e34618;;;;;;
d55b9609ce6bd4abef7e36668ce9c59e;;;;;;
5f42d94409e4401a63d0a5b36fef2cf8;;;;;;
c8a42ef2a6e681997e104bd900d34b1d;;;;;;
e47da49884752ee455e4c6309d115543;;;;;;
7c0ea9938db4feb2c550c8e12a2bc85d;;;;;;
d4505fcae550ad4ce240060c4d4496b6;;;;;;
0d7b395dcc6bc2ebb97daba1bfe497ee;;;;;;
e2dac9ad880fa4c84246303cbf0cd0ba;;;;;;
0948116a5353bcd03a19932821b96719;;;;;;
188e48a05a15d5d16ecdfa44fc421ac4;;;;;;
d1ff501f228535ee5f69f931637e0c7a;;;;;;
2fe26196c67821888532d3010958d489;;;;;;
2369bdc0191381833d83b5fc0a298939;;;;;;
d6d1a301ef5d1bb8bba651fd126ac1d7;;;;;;
10e84b4a277c263cdd1631f0c570b86c;;;;;;
71933474a4aaa082f4b03a0a2f96ec7c;;;;;;
2a59ed8e91c1a101fe8b479ef589894a;;;;;;
cfba6c14bfa5ed7e533cf99a2620bffd;;;;;;
f304166a043ae3963700cfe5e053f0bd;;;;;;
b05bc254fd84102747d96d3102912739;;;;;;
26a16144f99fe7354d3b25c8096c0554;;;;;;
f8ad7d2233da1ea326cdc531b57ef5f6;;;;;;
fa707253c9dece983f21694d4ef06529;;;;;;
367dd1d4a53d4197416d950841f12d96;;;;;;
ddb480d9924f9c26f6634610ccee3ed5;;;;;;
ff4055ec4f7cccd3982be438e4663bdb;;;;;;
6b0248830d4b316795e3cc02b8c23c0c;;;;;;
71f4b7140d25b96cd2c8f5d9875817de;;;;;;
a7fe6bda1cce2a5f8e7cccd559db4099;;;;;;
86e6102b49b458e8644913d950b22a8f;;;;;;
9703dd2b1b06a0ae48ab339319a33632;;;;;;
6d12f4cd6fac4206d082124c0c26346c;;;;;;
1784c4e14ef8214067a06b14e69e17b4;;;;;;
23658a3979b65826fda4f8803278ceac;;;;;;
e90156aa1f377421c0b5bd6fe3066f3b;;;;;;
3c597349c48660122bd56c0a96c77810;;;;;;
64b8b6705aa0f5d9b1429f38601699cc;;;;;;
5402cb73665ed9b2b088df783aa29fd3;;;;;;
71db22bb52dde9d1755909b5f873a094;;;;;;
25ee1a9e83691e06f6017f52dd1a5925;;;;;;
5ffbd87d3403d7fdafa0ce8f50b8f99e;;;;;;
b463b5df934b0464c91e8ec4bfe5302e;;;;;;
79e928d2319f837914aaaf12ea05cc94;;;;;;
e6a1ad743136982526e0052a70a855eb;;;;;;
54b87d9b4f2c67587f931e3620b09a96;;;;;;
a6604be2cf43f4c37cbbd60ae515af18;;;;;;
7fd1bb79dd8fafa654c2507365422bc3;;;;;;
f0160524ec1baf8f455c83a918a4ed74;;;;;;
c140a3851b32b50ebb6a691560a9716e;;;;;;
fdb7a221d906aee0d0c5c415096d78b1;;;;;;
1ba213c2cac2c02a557f4081f7df3bce;;;;;;
51fe756778e01f566f588e704ae5a53e;;;;;;
ba85f1fe7af281aba049a0d90d50637c;;;;;;
f209149724f5d5fdcac9cb0d5cd93d82;;;;;;
505fc1f0934a3e33a87cdb8ee0a22b1c;;;;;;
432f05d2367229ff856c5b34a2475944;;;;;;
167690431ab34a74d95004c87e3547de;;;;;;
04a3069c96ab747909ab2c9f9de6b0bd;;;;;;
38c6d6ebdc2ba622bbcc5ec47f1ad54a;;;;;;
702f53bc5eeeb99c2364d76a2067ed22;;;;;;
bb430b72922a9fe23ef6ab3855650737;;;;;;
dde373a42666f25e4fb12694475afe34;;;;;;
eecd007b0dcfeb8cc879e830e1815794;;;;;;
1a599e2c67c36d1e571ec098fb71ee05;;;;;;
3b5049edb378325acdb9c42896f16578;;;;;;
49164b0b3b7cd5557393f3db9d722ae4;;;;;;
c1bf2b95e98d2e13ac2c1ba21f5f6101;;;;;;
9f6284df2e744fb008d8af36b40442e5;;;;;;
666dc0f01d5596cc6fa81062a0b2ebf4;;;;;;
23987705376057ed454d60c93e2d92fb;;;;;;
3235e53899bb39ff795f06d5d2efca2d;;;;;;
933624b32a265e589b1ae59d87a3113e;;;;;;
ac639bbafeb0e557ce83a467b8d8be1a;;;;;;
7bff07cd9fa184a96e2910257ad0fc42;;;;;;
137c621bb50eb982a38cc35a8e53fc81;;;;;;
e79911c8d7ffe15e92d79d7cdc8c8d78;;;;;;
5b10192a4b58a02c5786d18317e3b4e3;;;;;;
30aa1a598dd2e79b70dad3599c9e913f;;;;;;
c376374e0e86b4ab68298a8a182899c5;;;;;;
39bb8b668ce4640a33bcb4879bb5e573;;;;;;
d72433c07ca9220d26a3291f7f3cfbbb;;;;;;
6982ce4a3e0336350f7c94f5dba01fc7;;;;;;
14e7064dd20023a0373687709ce62b11;;;;;;
fababdc4c3d9e933c061497182f82a98;;;;;;
156688d267cd368c09f08e1cd1a82b98;;;;;;
d95b86a7c45b6142a9b16b76bd766185;;;;;;
aaa9c125248cc779084de489f43e8a51;;;;;;
872734523209a95e0a5aea0b282fbe38;;;;;;
60474440df2c984a64687915890b1c95;;;;;;
9dc42ed649149a55db9bbb3c4d27965a;;;;;;
1333074b163cffe3f73a85afddc1a49c;;;;;;
3cb2320753543101f7db3ab3003fa3d5;;;;;;
11df553cc4a56cc33b834158a65b72a3;;;;;;
e2d2430fc6846b92f0147765e275fe76;;;;;;
353280b3ba11a0ff96c0dfc581de742f;;;;;;
95bc1450481c448a5acd84c9c86d4484;;;;;;
d3837d0af4d4f3eb5ff93c1f40ea9bf0;;;;;;
1411146f7e8d443cabae9c55fabb2e5d;;;;;;
3d2080fdcb68af3839f9ecbd5550904d;;;;;;
a341d408a70a8478fdf5a32be1d9352e;;;;;;
87e9ff11efc6c7aa8dd3e2cd26e05c5b;;;;;;
a29fbda094a45de98d6ca6aae7860838;;;;;;
7e6aa535792a0c772a0fb704b22aaee6;;;;;;
7c1fc85b58313408a983ff1222553ad0;;;;;;
e65ff783041feba81be8d2d7dc111721;;;;;;
a15b08a08de8bc88f18831d2fccea2aa;;;;;;
ce85d00287b0c619bd461d7173415e5b;;;;;;
a4e230c5c10cd528788b23c21ea89b92;;;;;;
bf83890221b42ae77fd83bcc917c81ba;;;;;;
bb16175e1002e69d6e50606f1dfebfb8;;;;;;
a1cd2b200cf880d8f8ee54778fc8fa4c;;;;;;
05c81b5df9ea0c9dfad0af1a4ba724d5;;;;;;
e837b7c08b4df59c4399025449b5250c;;;;;;
b6883fe936be4c63a3b0c1eece2dc528;;;;;;
6a892380f11e337a0dea38a4b9387e2c;;;;;;
415ae6e6aa14592939bb8c5c19c99a6f;;;;;;
6cb546c98963847360bd6d24a9981d3f;;;;;;
039d7eb64e4b5b0d2c9cf1df1a1a27a5;;;;;;
dab779819e3c8bedcf876b6546a3aefd;;;;;;
2a6e2abe6180ef8df75952075850b1c4;;;;;;
76eb02c89258551d9efbf84f414101da;;;;;;
c329641482db0cf57abe82a17ebfaf83;;;;;;
3967c7066756fe401b30c4201a821ec0;;;;;;
a1c736e536c9c453a18bc2275d4bc3c0;;;;;;
1d1075f588fe1e9aa88c889cf53a640b;;;;;;
37ae8e9bfa2d85bbf2557f5d4903c9fc;;;;;;
761df771f2d929eae11da4a9db527ad7;;;;;;
a3bc30eff34bc7075a6624de67697ea4;;;;;;
6150f619dc2ec01c7dcbe24a5e41b201;;;;;;
0d5380146f0d462274ae2939d470f3c7;;;;;;
b0f56e80f9adfe5ddc30c794583a498d;;;;;;
f030291574d59084afe6a1affcf6f316;;;;;;
d4cd824d9d5b2a4b0b413c53d58947a1;;;;;;
aa8a3064b358c6aa52ffd690fb1128ed;;;;;;
bbd66e975318f5b58103c5b6201d40da;;;;;;
4b4f73cc0c3393d64e7ac7e79c5d34e3;;;;;;
4dc1573fa9cbbb9056b5d84dff9fee09;;;;;;
39a2d16b1201c31e0ccb128de799c080;;;;;;
db28c589be74d1b1c449878d25cfe457;;;;;;
a576dde689d64b68d1d168ae6e4da863;;;;;;
8df8af74783bb8c286951f8257b5a885;;;;;;
8d8a2dd8af17049dc973ea481216fda5;;;;;;
d7e4be772e2494361366efbd88dcf174;;;;;;
bbca93ad038d166e31119acc7f4522c7;;;;;;
4972d59684eef8285a22909a05cdbaaf;;;;;;
de7d5a6bf7ab4ab90e0749178e0d4c74;;;;;;
d74af754079956955f266c671a195275;;;;;;
5d128cbd39a6dbd0603fe165bfdd65dc;;;;;;
ad7b9a357c2395f3799805486d75a0a5;;;;;;
3e93d4442ad898a9bb031f87a3238524;;;;;;
83f22372b86153c1157b3fc825f5ad30;;;;;;
b201582342397750ff4bafaea319d3f1;;;;;;
596b93beb5c82b81df77b059a9d4a589;;;;;;
8ea4de1908f333bbc46d497683e46079;;;;;;
0c4486fd51fccccb7a8ab277a6cf4cff;;;;;;
272a29268af18111eda81a361205fb92;;;;;;
f3823f3619469557485dbe04659e3888;;;;;;
16e5d290d7d6a538f45409333d6c35e8;;;;;;
05829278a7941678c800ec220651c99f;;;;;;
6bf0f1d31b0b870cec1a6da7c120ffcd;;;;;;
239073cf97c0a1095b81f8d9fe99fdaa;;;;;;
8813ad6c822a8fc77a316fac72add125;;;;;;
df320a039068a1836a1075376eb96ff3;;;;;;
e58f3867706e8fc4953acbb059cd129a;;;;;;
af59117bed3b405abf20939595a0f7d4;;;;;;
0a01d25e31f6296f66046e5e39b489ea;;;;;;
3a8a65bcda2764dfad59e25e2f3a70cd;;;;;;
8e1c8415caaf197f48bb0d516d6b4a46;;;;;;
508f3cf98f3359a8d5a0cbee94ea5282;;;;;;
e9969b561b58ae79e2404800ad1f4c01;;;;;;
b12cfeae86018cb078125f8c113018e7;;;;;;
760cc4f9877aa74dccdbe0a9fd276fa2;;;;;;
fc886e4771684ccd67e729a6c6e891b2;;;;;;
080911ef448c1d29529b44dd5bad5c61;;;;;;
91545931457c33ea8d98c58aef33cb8f;;;;;;
2b1fa628ad3623dba93ee49e3612db3d;;;;;;
6ff7c1c3b268e146bc89354143b77c62;;;;;;
790e35c0dd4856651ff75846e4f37d91;;;;;;
6da7c52cecfc57116315e533b50e90ca;;;;;;
b94c4c6b2406159d1ee3f516cc2dfdf0;;;;;;
a7f60d5a8e0a086010a80b8f6882cdf1;;;;;;
7810b63ecec1ced1331d8895fa834dee;;;;;;
9bfc792fefd32e5af1cbe4b383bfb4a8;;;;;;
8969c860880c81a8d30e9158115ff9ce;;;;;;
15972408aedc3dc27c8d0fdadee31c59;;;;;;
32467ba537e79748bd958e5948f8b9c2;;;;;;
e15625f496b2a08317ca2478d5fff716;;;;;;
e56394f1a1a923a16c6d3d60a55ba2ce;;;;;;
c9f43cc6b1f1b0857b69499eda091881;;;;;;
afa68f5bb9c6fcf9c56a1fd948d32beb;;;;;;
3807642fde983e4e6adbb152ea47e848;;;;;;
41efafac5ca96e2e7b545914e5fdbe9c;;;;;;
518e1ad57d868584472845ff2743440e;;;;;;
8e305ba4df696fca46faa5c433ea38fb;;;;;;
8f54e696a78bd7e6998b35a883d88444;;;;;;
a6a69e1ff4f6b4bfe9655b34bbd9d64b;;;;;;
eee808c55db42b177576994ab90f9637;;;;;;
d115a11056b93f51f8c143f6bbbb6a61;;;;;;
c5218127fda6b04106f6536ad8255e70;;;;;;
49d61ac283185bb84e61521cba100abc;;;;;;
18aa3ed93e5fd6a763cb37a8d523bcac;;;;;;
4e7c3899e5a7ff2857b6434917e5793c;;;;;;
de029887b30cd4876f9e7f6b3c77bd93;;;;;;
c0aa88c1ad7e5efe7577c3643fd56a5d;;;;;;
52b894b83bfe637e11d7be29fe66db90;;;;;;
ea49e0f2f7505c73f06d0835dea719de;;;;;;
8f6647cd2e0698474bbad73cfabd55b4;;;;;;
24cfc80d9664e205d344c077db9ea65e;;;;;;
5b413d7d858c9009ad2a279712f4306e;;;;;;
1ac0cade2c696429775e9a31c6eadcec;;;;;;
49bdd732c8a7b849e7e70e17a641c87a;;;;;;
62a069e177c7995c42fe37559eafe077;;;;;;
19cf71629030cf4aa865d229d0ba357b;;;;;;
9183585ef00a02335bb0e9d4259636ab;;;;;;
656ee2d35a383dd3599b8174bb0ac171;;;;;;
95b2b279d39b572cd41343da0ca23249;;;;;;
d340f5ccc46906f57a594be519b7c0c3;;;;;;
b71d97e251d07bba9a9a48670b8c6476;;;;;;
8433f7439a52adccd1f5040ada54c663;;;;;;
6ab1b738df51f58bd64023a95f8d1129;;;;;;
b418f54d51b4d70840f657a465def577;;;;;;
4443fb20b625f6d53467d46e2ca0a7cc;;;;;;
1afc2bd8c6242933739b9b43ce34e49b;;;;;;
8df7730f918ebc553cf865e20452812e;;;;;;
8395a72b75d8397b6cce5632e6664ff9;;;;;;
1f8a2263cb18597dc18323dd79e50b70;;;;;;
07aff4443728666ef3fa56dd98ab6784;;;;;;
d0875529daa42d381cc73934a60e0b45;;;;;;
b29f9fe7422c30c4f55d6219b0202864;;;;;;
cd825f76356acbe0044378a058a389c8;;;;;;
9a4a829119c3a7845aa310f97b5c2363;;;;;;
b75b56265a264cd28623245340ca17f2;;;;;;
f35e3ec0b12d42c6af3849ec292e0e12;;;;;;
25b3d820c1b609b8913b1c7e305abad6;;;;;;
5f1e2a727b56d2ff0444552e70086099;;;;;;
7fc8a597c8b43f7d5dc1de5186211ba6;;;;;;
7aebed390e17e9b6b05364e03151cf78;;;;;;
df4a18e34bdc7f8a31c211810b4a66fd;;;;;;
a6525b0e76622a7e70276ce2a558509f;;;;;;
ed0baa9b20e85ef56f0eefb30e9bb87d;;;;;;
3416509cb040c4f25ca955148910e649;;;;;;
c7e99dcd5a0bfd61f9c119683c5565d3;;;;;;
c9158100216307289bc6e72800d3dc7e;;;;;;
5e028b2199bdb277253c489dc9ca864f;;;;;;
a4d7d83980201c6560937c2a77a54967;;;;;;
d82d72c0a38440790be6bb1c444ab749;;;;;;
9818c6ec7d3ff9df214ec1b17ac8de63;;;;;;
2d17f855689934d74f9bae65b6e87caa;;;;;;
c2b5951f818ae6b47372cbbf68c27867;;;;;;
7443430da318a25b67fe8ff3eb39b7e3;;;;;;
79bf511c0c11cdddf2a1b4f31a9fa0a5;;;;;;
b0f9bb36b615507ab0d888c72ebaecc3;;;;;;
1fd6ff9c56e1b2b3df968c00c0036e4a;;;;;;
1dbb3705f78934d291dbd13ab0777322;;;;;;
f9ded6845c0f905398488398eb5ba64a;;;;;;
01edf37d90f076abcc468a773cc13a61;;;;;;
0453b38be38cb4a87053b90e0cafa07b;;;;;;
1c158b9b29af850f943792b3b1767fe8;;;;;;
62871831078acf525b35372a564b2b5b;;;;;;
f6b72ef160162fb910788ce3fe380f93;;;;;;
3a242a85cd2eff96d3b7cf56f6fc40ef;;;;;;
cf32cfb5865ad23143dd8033cf560ffb;;;;;;
dee3d45ddad32ddb29959501315f8d56;;;;;;
ba309d84f536ec5a9ab5fd9641539a2d;;;;;;
fc8e6f87d2816ef2d164ef880826f115;;;;;;
ce9e7a16efd2b9e4286e6883c538d25f;;;;;;
ef16c84a92410aaf82cb263fd6013e20;;;;;;
e34c7192bc7706b4f6b927cb5f206248;;;;;;
72d15df934adb0dc9e6d518e5a77551a;;;;;;
1323ac3b21371a0dc3cb84e7011dfdb4;;;;;;
5415f1fb6ea4dd14f759c65890572f0b;;;;;;
9a2e2c42e366e1fe41171c4fe64b6d03;;;;;;
ce2ac15a13287fe02ef56759f45fb6b3;;;;;;
c6c402e51c6c98f70e4fb20f2b9e5c42;;;;;;
89845b977b8a7f19f7227d021b27407d;;;;;;
c4180861c59224c47f042c50d1e6c517;;;;;;
994d81f095f09b6f6814e8eeb16d373e;;;;;;
8b3a4592f0b87c0db487478cb4f2b356;;;;;;
12a13d7cdaf0e0c595f5c8e1ce3c85e2;;;;;;
11d56fa365e0c16a4edbe9b4b205584d;;;;;;
3f1c9d3020b365ca86406d319affab63;;;;;;
bd857e1ae9df88413b3ed11cd76e608a;;;;;;
120e5d1992fc1788dcedf3fb58920753;;;;;;
0ead6916bc376929e94fac81da9ab281;;;;;;
38a4149708d401d08d9c782c1a01c1d6;;;;;;
1f25fb2e08407eeaa08fabccef1fa569;;;;;;
04a96fb6906990074cacef3dc986535f;;;;;;
992eeba8d13bf7dd450f70ef84bac4b0;;;;;;
22e863f653434b9dafee95b419f14a03;;;;;;
78db5d6d93d006d4d90db6ef5aaafad9;;;;;;
def890db6a6e0ee6d89d4e21203b2786;;;;;;
75a098df1a57caa107a4e4eb0af00528;;;;;;
d281af541bd7452c130f8db0f9eaacfd;;;;;;
b4d7ca401d82a248f06fbf902cad55a6;;;;;;
dbc72757cf159f032532d4945dc5ab28;;;;;;
be590cde126782e195dc94ad0d8e2305;;;;;;
66a3e8faa9857a1588af43f8966dd72d;;;;;;
541f1a8a8294f25bbe5ff84e04cb320c;;;;;;
b948435c95e4939914cd4b5e2d10273e;;;;;;
cfe5ed22de13051855924eb4317719dd;;;;;;
83c4384f682e4b0b0f2f254ce4c0981e;;;;;;
1d1ff2ba7b22f7de2e7b735632d6c8a8;;;;;;
97644c85c661a39c62fc1e6a5dcd2702;;;;;;
1cfdeae29a58ec2873cbe3ac7c4584b7;;;;;;
9eb36cd187715799d5c52a131a4c17e3;;;;;;
acfaa19f1c23ba7eb0680f8feafe594e;;;;;;
bd78a87daf7caedf6aedbcdbb416c663;;;;;;
05ef2d27b082be7ec9ed94521aaf0c23;;;;;;
a899eea640ba27dd276ed6be0e5f012a;;;;;;
3f6e23f01f89d086793fc0607af423c8;;;;;;
cf8c371255088b6b60f736e0f6379e9f;;;;;;
79d4b2a00d301838fd8624e07ccee8d8;;;;;;
7059e8385498c97f8948290f2bb80bdb;;;;;;
a94e9e11ac986de5c881b22700387492;;;;;;
016f6a8f1ee1d0d41b58ad2a24eea3ab;;;;;;
9ef044f86469a569d743eb70b93e18f6;;;;;;
dad9e9130e210a5985014a38c7abce37;;;;;;
2af3f0c7a9394608d5f148b925855c7e;;;;;;
8aebcdea2fcd1ba9aea481d0eba4e619;;;;;;
3e389499ff55a37ff9271a38956e9cda;;;;;;
ef4b0115eec2a248dcedf0d2800162e0;;;;;;
d46d49f5f94156b6f09f7c33d1ce17b9;;;;;;
4e29a5003df0b1fc60219bad47b79324;;;;;;
1e6c9933bd80f75ea59dc16e17f1d755;;;;;;
2d6584c4ce782bc42027bdb2187d1de6;;;;;;
dc78efd3f92f6cfc4a3bca8526154bbc;;;;;;
9a5046dec89b8b316ea67acaf44b64ec;;;;;;
37aa42630757fee3657a77461248f1e5;;;;;;
eb1ae068df6a159bad3aa1f05750a030;;;;;;
63507d768d49e3cb188bf30a38f8e6ed;;;;;;
b1b4464a376c4bef5aa8feb973233365;;;;;;
3adad3b291bece279f6af5467c963477;;;;;;
408aa5ddda39711bf3f36c16d9a71a8f;;;;;;
bc1ba0ce2e67de9b9ce6d251d60fea56;;;;;;
50865391d5d7e26c93d10cdfedde16da;;;;;;
f8ae92f0efa01ec657997672e02b1477;;;;;;
205be157e11cb4e9f54793713e15977d;;;;;;
30ead58c4bf9a3ad079b7968063e51ea;;;;;;
e4f9a5c86706ed766ba42be71916bb45;;;;;;
44c963f523c81b091c389cb78bc9855a;;;;;;
7016bc28523555b211227e0b10ffdeb1;;;;;;
5d495a8bb6b8601b1526f1200cc56a08;;;;;;
11940919d81344cd01fdbf2cf1baabfa;;;;;;
ef2475d4a5e049acc030626606619259;;;;;;
93172a81e90d101e54b4d683ab4a3b95;;;;;;
9126584db36532feb8195f41bf62d255;;;;;;
159b340a67eaf8d4332cadd6a6857a1e;;;;;;
9a2eb937e73af96f605512b8b9ce0f2f;;;;;;
7f7b08f60266b364adfe209d5052558c;;;;;;
12ae6b2502c5a8be460db441b7fc0497;;;;;;
b3822b2f6494a6a5c3539d85b2d9b088;;;;;;
c97822e015989281a0077a1b8b553470;;;;;;
fb0424766cf24523f8c154fc2240b307;;;;;;
23112ea4947261e2b46ea179b05fbaf2;;;;;;
c8958e38e990ed4dc57564a55e2dcc24;;;;;;
61059ac88472adf3fd8d9c062df71c1a;;;;;;
23aebf803e8395f44a9e4e038ed2f07c;;;;;;
5e70aab5e334d751f8b12f307b76784b;;;;;;
9fabd6888efe31f3e74b7eef3c968176;;;;;;
f5a00d50770ce7d6ba8867081311b19d;;;;;;
d9ec00d2b27c6744b65b234f618c8c12;;;;;;
5d7f12b66a0fcd42403dd22db2147dee;;;;;;
84f871fc1f4c30b9b82c25b9cf48e0b3;;;;;;
ea3f9c78e5b5841ee88df6d04cbbc279;;;;;;
d7e37dd48a437f2bf28364d72fc90d45;;;;;;
5d272ac2e7d9c49fdb556e8e4690bbf0;;;;;;
c10f8545ef5789d76124c7a673196b0c;;;;;;
1cb9b04d76109839a714a6888afa53a0;;;;;;
b2d1270478b0ac87e11792dc229638c7;;;;;;
cc2a06b53ec0e44de835bfdb20e131fc;;;;;;
9e38fe3541f7f47bb727ba6b559b5405;;;;;;
4f0c394cabdf025039400d997c288769;;;;;;
704ff3820fdff9ae5188abb4e6340a6d;;;;;;
3098fb8bc7d0ea58fccedeac2e324556;;;;;;
18421b4f84883a20f16d49712b995750;;;;;;
01aaeb9f61ee5d2f929497a3d34ff996;;;;;;
9f8258ad9e2ff9d0484276f3d9b6555d;;;;;;
7f37426001f35c7a3a437a98b835d4f8;;;;;;
4a45a448686031b00c5ab53c67173611;;;;;;
95f5bf16e22e6deb958c6df8cdf92594;;;;;;
2416c6fefa14ee66efaf9a1ef0c4e9bc;;;;;;
a2db64a4f1aa1513f3a8cd87908d4a87;;;;;;
f0d0bf2e7c765e4ea8de422bd0687c83;;;;;;
a3373f044365832b16034d727484b961;;;;;;
037aec3c28e759aa348765ba09b931ef;;;;;;
66d62eb9001ffc2db251965655ed8ed2;;;;;;
03e903143bce3b4040a0064d9fd506d9;;;;;;
1d194ce68b569cf271a0d50fd4d1345b;;;;;;
338c3d5bf6f588f238dc99d1cc3302b1;;;;;;
ab863bb2e648e2014de5cbaf3555544c;;;;;;
d65516ec8421d2f3e012450049a5440b;;;;;;
4f52453b815c27662209efbf2b77e16f;;;;;;
4ffcd4747932fb8d77fc6d7a8e9d0105;;;;;;
977fe7672bb6f2c22332865bb7629849;;;;;;
4c33c3a397dce4fd0ad43c7ffb126ae8;;;;;;
2115b70dd5ffd37d978849ff1ac527e4;;;;;;
094bd8da443dc85031876f0ea4d79c7b;;;;;;
cd0da50538b6a3f3f229c41c188b411f;;;;;;
706d08a26d64eefde1b7ece28805350f;;;;;;
68278f8d0baa77d8edb3a1ce4b1eeafa;;;;;;
55403938efcad0601c3b91686c58d497;;;;;;
7bbaa530839ba96e5f59a52e9220fe51;;;;;;
3c7c3b07640cf258560e0e185dc7588d;;;;;;
2e6378a9b902fdedce617f993086f043;;;;;;
8131e9fd1abfdbaadf4231cd253c2a62;;;;;;
7a2e71b5a9f737ef911b014d3f7c8f9e;;;;;;
30ae1984400b6d400a6671717dba8195;;;;;;
eb080406ef77ae5ec07456a64e0786d5;;;;;;
0c9fb5f54d86b210563d0668bfc91d4c;;;;;;
b5fa4c7d6f5f847e5c348cf2d4d90b80;;;;;;
7d056595e5c8b6f39854854df9b25450;;;;;;
2a6bcbe79029bd6d732891005d98584a;;;;;;
3c0e4ce06dd635a78641649790ab8201;;;;;;
13928aec283fe16e4a4e54210c6c9fab;;;;;;
6d85911d023837d6919f4bdcbeb300d7;;;;;;
1116702d3d4faa5d06057d5a62d788ec;;;;;;
b7a362d4244fe1b8d8753211945ee43f;;;;;;
2d2fe5edca4397370c1cbc42c1bdb528;;;;;;
5a7d0001cf7df7fd72217fca86710fd3;;;;;;
5ddb3bf78f09ca335e63b7004a7d9f82;;;;;;
96dc9828a3091c0d84f4108c48bdb06a;;;;;;
84a0be920406d174931ac7bdc398d64d;;;;;;
9881de31a5ed2e700af26816933ca6b9;;;;;;
c735d3020376ef327a3827d5ba984924;;;;;;
5519123424c9a753ec5c6ca91211e0c3;;;;;;
ed8416efb796d1b671b6a66571e4ae18;;;;;;
1212528160e3a23464552fa08a025b8f;;;;;;
14e1a7a92a7a8d9b7d2b8f66307c5c36;;;;;;
77518bb8d59202dabb62c98c4f706529;;;;;;
4e1355c8c626f475d3fa87e532ca5aeb;;;;;;
f0a895d21892926312666cedecfdfa26;;;;;;
03423f3086cdfefdded44790703b763a;;;;;;
f9954ac2f423099d3cc9af3fef8187ee;;;;;;
2fb7ee64b5242547da741dab54b81fd1;;;;;;
f4a2ebb54fa283ab1deabd73185c988e;;;;;;
d39b50a59272624a7c23daec7039b582;;;;;;
54de257a59155c82accf3e6cc2fec313;;;;;;
c80e18715b4b4b6bead30eacfa98fdab;;;;;;
e311bab11a63677fe89af7ba4e8a62c7;;;;;;
800bb73f12706b4a31ccf3fbc7f1ea8e;;;;;;
4b2d02738c24b5f9d6d64e53988f67c6;;;;;;
3653801820ef94a5d3e3381ab7fcd98b;;;;;;
e2ab4b8b08cbeebe5b4ac34c8a894e49;;;;;;
fee4acec77ba3e862f8964a0273e7611;;;;;;
5e907cae785ac84c72e0da553505dcd2;;;;;;
9e698713f1225e5fa25c1b9554dd00d5;;;;;;
761249928d1b36763870f380de7a3f0a;;;;;;
4b07b97e2dba74d6918ef2263e19e163;;;;;;
2cbb623ac819bf97ffabdf984565f29e;;;;;;
45003602a33b5efeaa92bf962641c990;;;;;;
6ba0cdebe0a9ff7656a997eba05d6d01;;;;;;
7444ae9493aee96ac8433ed19f9227e2;;;;;;
2f9d217b4ed60acd559babf248e343d4;;;;;;
488956111b28f74ec9c993d33c431610;;;;;;
b2efa416349c66778281b811ad3170a9;;;;;;
4b20f6bfc383af5dbbba5ccce13c8bc1;;;;;;
68c2c35f2f4051974a57d9b1dba51a76;;;;;;
55b173f08b0d05b79a4c80db3c40ddbf;;;;;;
3740721512b67a62dae595755bf4b887;;;;;;
8f29b707982bd8ddd03f950a7bb681f6;;;;;;
7c0f29836ccff72e1fa733a677ba4d8e;;;;;;
8ba1b11a3c3d5fd64bb0d52c7922f6db;;;;;;
c4a675d0800acef9f05715530b24b9ad;;;;;;
68d2c035f6e089f380a2af1d3c6f726a;;;;;;
13113e4eb472ff3be7873b2a0b0d3962;;;;;;
d761ef25cb720051ce75e134ccf62b67;;;;;;
8bc296a7a8a8f071ff88d282ea4e46d5;;;;;;
10fdf3e7bf8ebe5c691d8a7eac75882f;;;;;;
540d0337f894754289a8c195dc49c78d;;;;;;
717fc265d3b3e873841434052343e4f1;;;;;;
5772ca3f2c2f0383479215d10ce22165;;;;;;
13097c2760ddb6dc56d5f11ef62b1b0d;;;;;;
497f5dc4cddee246cefbdb9be7d12854;;;;;;
1a3ecea5cd141538bba3d2360b740426;;;;;;
d84169aa8679e75770c460d8007c96b4;;;;;;
0ff4884f28043efb00fe061138b37de8;;;;;;
1b3e0612e58c845290c39f746e5973c1;;;;;;
98098d38b1ab392cf360615cce41fd07;;;;;;
318f60c3426fba78b28cf6aa4cd482c5;;;;;;
41b68d10c322b5e5dc2da6721ae3da04;;;;;;
18867614ab1222507de2bf74888a51ce;;;;;;
aec83a2c142457a0ec3ce1f6ae628320;;;;;;
7d80c236331c4cecd66ec76d6bb1140c;;;;;;
0ab980d0f189098f73bbc90ccd57a20e;;;;;;
7b8c25bcd2113813cee7c37ce21a8aef;;;;;;
4ac947c342250176e0ba4f6f85b7eda7;;;;;;
34c53d677d884241ee263d1dbefedc03;;;;;;
9127108274728ecc7e8bb527e41012a6;;;;;;
2f1ff1f55a5b4ecf052cba6a054386c0;;;;;;
ee4d82bd1291e4e960b0dc342862f7d7;;;;;;
b3c7506ad959f3fcb9f9548d28e01b36;;;;;;
96d4ff92f961ce0d8198f7e8c2ba87d9;;;;;;
adf2690635f7b391a875f0123576570e;;;;;;
7716ffe1ee5ce97d123f3259a2a60be4;;;;;;
2f4887dff2517b1024fa61404081d772;;;;;;
a7b92b09458330249eac2f41b9ab063e;;;;;;
2fa8e8e35bce204e13908c0f39e2afb3;;;;;;
50517d043264d46daf6ca06c9874b4cb;;;;;;
56b679e2fdcf485d5fde418dd6287467;;;;;;
74471a76009a5fcf6d2dbb59b70c199b;;;;;;
ed53f71ab39f4e1990e5b13781f1b1e3;;;;;;
a8c1a1a6c173adb55e07e4170f235f43;;;;;;
6960995a33c17c5cb1097c63281137ec;;;;;;
c6f4574baff59239aa2a4202a48a1fb1;;;;;;
167ef4bb3bff441db248e3f2222fb2ab;;;;;;
ed9fac5394c7d715a70035772cc425fc;;;;;;
2f796fe44a6f33c171c6438a1e4beb74;;;;;;
9d9c13edb9839b18388c0b9075fc7f62;;;;;;
e964952fade7baae5bdc4777003cec2e;;;;;;
d95f15df81b9bc8bb211ab29710bd1e4;;;;;;
50e5d091be684fdefe6c585eb1a59495;;;;;;
391445da252e5fae6e57295b0df94b5b;;;;;;
9181609d93baee5602097469da9c2369;;;;;;
c7523b0e41228699ae0d28944aa8f1ec;;;;;;
dc56f68946affa8ccb619c5284d6a0ca;;;;;;
7a47ff14918787410e7398d2be0fa46f;;;;;;
cb734e14bf5cdf5c70d0c5f68f4025ad;;;;;;
cf35bbf3857a9e228c08c1f5bbd2e5a1;;;;;;
2aaf1890bc14b6c464648643c130cb1b;;;;;;
76c9bab4aed0ed09024923b88510e0a2;;;;;;
1dac551338a7e9686b9593f5da914389;;;;;;
329c9b2e3a12657aefb0ac5b2804aeee;;;;;;
2a53ada18c8bc8bdc7c4c2c5c7ab89ea;;;;;;
6b1c8119a4fb197e194d8439dbe820ed;;;;;;
f702a6a83f00b8f4d97f1f3f5d7c6ad0;;;;;;
dde3e07998eab78a1054dcd3ae922352;;;;;;
db571eba9e0f5ff2a044feacb47a01cd;;;;;;
7f0577788f80ebe13309e498adb4e887;;;;;;
ce4ad926a9b102b69e407915a504eac6;;;;;;
eaee358f4f4d86173d2e3ae4a0d764cd;;;;;;
3308688c4dd6614c22ed4ca0440f3a24;;;;;;
dfdc589fa58c3c04946362fe260c29c3;;;;;;
4aa6affcfb598b0594659ac276c85311;;;;;;
e42fcaf2eab1e8f7e9f32e5328a62d43;;;;;;
47066dc481793f8040367a12d67e4cc2;;;;;;
2e09737b89570f87fa46d63557950e44;;;;;;
8216dd746b6a517d591aeb0fd2a1de42;;;;;;
2b1f365fe16a4a10fe1d48b9763d746c;;;;;;
5f15e5a92b29dfd7714a152cd4ed91c9;;;;;;
71a3e7e20fc146adf47eaa0396669f4f;;;;;;
ea5b498b698f09832553a3a62523991a;;;;;;
4cbc90e447b9c44d009700dccf0e6f6a;;;;;;
2e0a792db18144ec18b11b6195cec0ea;;;;;;
fd7ccfab90c91ef94b8c74a3aba8d7c4;;;;;;
a08906dc0a64bc172ecf41dc16d69d90;;;;;;
91d87d09cf2ac47e4e907762f4cc0132;;;;;;
bf5a988fcef0c364599797a6af0c5253;;;;;;
291f0de393ef57b5abf2d37bbb5be532;;;;;;
175f1473e3958c2f183a0106b560b077;;;;;;
6f5278529e533c5cd19cc54ff8c6597b;;;;;;
15be8ebc0fe036a993e7533bfe0e68b1;;;;;;
57bef2c44d3532c0d7de0d4b802c772a;;;;;;
5447f169a7bc3819627f38b7b873c8c4;;;;;;
a0411e83a9db044f85bf1c988358583b;;;;;;
3189e26a8e6a14c5196d9354589b7af8;;;;;;
112cfa498ae5e909256ebe619014d324;;;;;;
fccb94f43cf47819b17ef72dc0c14351;;;;;;
69704594b1db51717645adb89bee8259;;;;;;
7b5309d6a688465f2780b6ecf159502e;;;;;;
dd8a09bffea472d0f116364bca3d4dd0;;;;;;
9677aef4a94244c952a6fe2f574aa721;;;;;;
03c1ab94bc89ab4cfe152301155b1ee7;;;;;;
610739b7e5fc56720581dfbd235922e7;;;;;;
628fa4419744363274247b8189612330;;;;;;
73f25bfd8718e20bdad0d1e2d880aba1;;;;;;
f5535d1b086489a0b401caddf3b6ac19;;;;;;
620ed87f5fd826b63d70b2f9f66cf5d7;;;;;;
7d46626514719e73de375f53b60ef57f;;;;;;
b17dd66d7e1e03fd84a37d5bf1d7bb7c;;;;;;
daa0e61d8a21d30feaeafa86ecc6e340;;;;;;
36f6ddcfb058e0a6c2de7aca70d4a13a;;;;;;
25375264ecd40d0606b8556e4b214df6;;;;;;
d2de20cda37de7c49e295212a4cd3cff;;;;;;
fd7102a1d908d0c0f354b7e697eb3596;;;;;;
0118adf884640ff85e76336203af1afd;;;;;;
cf030b388e8998e18a281bfcbafea4f6;;;;;;
dec900be82104279b93b70e47e3f2552;;;;;;
eefb96379cb9783fc2957b46dd6bfecb;;;;;;
9f5a597492ecfbb1dd1e14b21f3c3201;;;;;;
db7850e66abe1d44efc926243a9d1ab6;;;;;;
2e4984f9dbfffa6dba103d74e3f22389;;;;;;
f3547ccc1edd66240b2f3e4cbbf04200;;;;;;
bee38eafb9fa3ae49be67483c99d2adb;;;;;;
598a179305aa88e167e512635091c086;;;;;;
60361b582fd4669a11b5199a30e1fc6b;;;;;;
b6121992967a6f06508c546e826c48e3;;;;;;
c08ad23c12b826da1202372b0183328f;;;;;;
8b310c26606d44515855605b67c61909;;;;;;
91c50dd13b2544697a54d273b4a87860;;;;;;
703db59fc05aacf3bb2f39d210126a04;;;;;;
0836ed7ec92f4ede7d18a1de4d9c7ddf;;;;;;
1245e91209d86d3eb4aa455e139ca978;;;;;;
5f5c4eb655e075e694794e4b37a2f903;;;;;;
79738908c454a6343bec801eca3c0444;;;;;;
5b1b9613a00f0b5fa838058a0e4b45fa;;;;;;
dd66e98b328a94faccc144855250f9fb;;;;;;
ecf39a1a41d16bc725ba763b9f3581ff;;;;;;
ee7334620f0b3d38ce3087f449047566;;;;;;
78f814ed28864b769a07c1dcd60c4912;;;;;;
331e7b33a2def0b7d1be1d47ecec9aa7;;;;;;
2b8670ee49e2ad9523eb8627538ac956;;;;;;
3308ae762ac2baac0030327e4f894d7e;;;;;;
3ffdc4db05e0a4432d1938ae200c41bc;;;;;;
09e3a71dbd19b77e8f53adb99312e5ca;;;;;;
c690694275d61007b4ad6e0510b3c364;;;;;;
99079101b912ee8cbbbbc43e0bc395ed;;;;;;
2efa94dc479a1a38841fe7f51eccccbe;;;;;;
45ffe3bcfca461fcaccc3cb7f59e4fbd;;;;;;
a5bcdfa2fc9b45667effe6a25af25729;;;;;;
644afdcc884110feaab35b4afed1f828;;;;;;
27f80303bab0ddbcf7342b4e469fd781;;;;;;
f833f3b2e56aa118cc621062d180a372;;;;;;
320b4780ede436604913278d61399853;;;;;;
60e2b8f7d90a6ba6283fbb7dc955000e;;;;;;
1afa1a92d4295c48300ca801124ab182;;;;;;
3bdcc4f867582d865654be19b738dbf4;;;;;;
619bfd42afcdb6e8578e6b07d45c67cc;;;;;;
3882470e88e864372d9645c7cdc47edb;;;;;;
18ee7e38824570a3a3ad235f37e32dc4;;;;;;
f984a6215b8fa1be085ab7d8f9997c77;;;;;;
a48d6405cb00ba1799caaeb8c21d53f8;;;;;;
d9ec01dd7ed82e4d8e1741b04e63436c;;;;;;
268d6da3a0d078515a6bbd6563442dba;;;;;;
7ac0e91944c8d08421a7ac795a4f92c0;;;;;;
e183cbe2152de29f31ca52ec9c1f65df;;;;;;
e07b8b4ad10099efb9eac3dd62470833;;;;;;
94f4a4c4ccd069b0c6049515a09e5d40;;;;;;
7756f72df9318c6b08ed4161709d86a3;;;;;;
b887e91da90d44c65506fceb507fd1ed;;;;;;
a5599fdacec30ed9817609e4faabb394;;;;;;
fcd5e1a04f8c85969d1a6fc841b96d60;;;;;;
69a705cc847ce5dc1753b59d086b99c2;;;;;;
4db91a3b0b81c01e76397683169c7495;;;;;;
b80ae1249482a831035a3c70391a58c6;;;;;;
aa213472919c01c216755a0decb121b0;;;;;;
324f2fd7c12cb99f1cbe41c19b20fc07;;;;;;
4bd3929121eb8b478501089a16bbde83;;;;;;
129957061027ac74d326fbeeb7f32b03;;;;;;
34de40ac2081e39c0d16e141ed5d9183;;;;;;
f8710f3d2d68e6a931772d9535a5aad2;;;;;;
d201006af9fc876269efe66238c18fd3;;;;;;
df73ca641c19f321ec66b2fa122a0030;;;;;;
fd1dd48bb6520c8d75f2772ec8a27db5;;;;;;
6a00ac4dbb08c4cb26276bdc4b97894e;;;;;;
3ba669a85a49e66eee543ddde14c2334;;;;;;
582880c56d7dd465c6113df8e8ee9d72;;;;;;
51e000f49afb137c8101be8bece8ac0f;;;;;;
91f1292944fc882b94658d15cd669049;;;;;;
b7f92a7203f17d49fe66431e09d95676;;;;;;
e002beb2f8579e65abe10f758039af18;;;;;;
0b1cbc37b3fba6b36ad0c0b71f50c30f;;;;;;
7d0b99e9bf10f85ca32ee9dd7878d801;;;;;;
3d2ed7c7fd6c78c9f94ed059ef2929ab;;;;;;
e26c71c8c81e7042e8e5331693928a94;;;;;;
a61300f2edf33c521a26e86e55be6eaf;;;;;;
0c4ae5251646a1f6049b9665f839ee22;;;;;;
4ba9c84f9a2c5057741667c6bb2f28c7;;;;;;
af25bf718aea39c60dabfe522f561d26;;;;;;
254a7b833980f2242581fa026a831d7f;;;;;;
827308390f31417978688a936a45b42b;;;;;;
1c1a5774b0b8b047c509340f92cd3e03;;;;;;
3bb706fd98ecd073091e6844a8d4087d;;;;;;
93c6ba2c8f00cfc3608596871c51d28a;;;;;;
239ca602d041950b25bbac11b4ff3477;;;;;;
3c72fa48297a90fa0969261d34b2eda3;;;;;;
b055bbee1e758af281b230e8aec19e5b;;;;;;
7a4f7f863b301c47bb835f01ab432c1f;;;;;;
f725cf210bcaf9c32e38bbe1d8b4efc5;;;;;;
3782d2e59cf05c863a81b81f094a1bd6;;;;;;
62903396ec292bbada5505a5b57f8a4e;;;;;;
05c38b092c75e32eaabd570326f79538;;;;;;
a43361deda8ada5cbc3486f4a3b7d561;;;;;;
725de72f86ee99dfa20d12a0204da8bf;;;;;;
bd927de998afaf6c78bdf222cdb5b806;;;;;;
1f4eb46cdb58f0c341d072769ce290bb;;;;;;
9bc5c9839afbd1c49bb31025ac64669d;;;;;;
25d974983346290593e9edfce2d847d3;;;;;;
d6ccd773013224b9f2dba8a060cb5e1a;;;;;;
2129d8b483a2caa10ee21affb83b630e;;;;;;
dc970864d01f9e822d60e744ba600dd1;;;;;;
8f9582c2fa0d12eeafc375d414907587;;;;;;
4391d6d8433cf9261182bbfd5f8e9210;;;;;;
fbd40980058d814c548090ef77f988e2;;;;;;
77bdb29c124693d899c671d546e102b8;;;;;;
a3e63bd635c981fbdb4736320d3fb86e;;;;;;
3cdb745b63afbd1ae39b86755f08b4d5;;;;;;
206eff0ec5a668cbbaada0d66fb9fbb7;;;;;;
003fe45afe2223d2ce5f58553c683938;;;;;;
01535cfc389b17671f6319895c44441d;;;;;;
9b8f008311aa35cbae7d309db1b332f9;;;;;;
1031e49a01a52553736bfb8c54db96f5;;;;;;
4f3519c837a008e4c2eab34d0f227856;;;;;;
334f3f1eca3d2e0eec83d40e8d87baec;;;;;;
44070ec8139b64c3194fe1ccacb41d73;;;;;;
c8250d5e28895e3ce3f413e59283a421;;;;;;
7d7582369aa84edad87913e67e81143c;;;;;;
e404fa41f5fe5ca345df707c85f388c4;;;;;;
97a87f6cac57f8b66cb663dc6aeb37d5;;;;;;
c9212038cbfb234928c1e94d1e12c681;;;;;;
fc1f26c152aae553639b170cb4eb1df5;;;;;;
922261dd8fd4caca09df0aa716dab68e;;;;;;
a2d44f6983d4ad45b8a28047b186a8e2;;;;;;
16f1c4db5b19c87dbe906fab73786539;;;;;;
6f1e3616d167928a1036e050f3647cb3;;;;;;
408dd8be9ecb6f22abad4eb9d8583360;;;;;;
5fbe6b08e7c8c865477919efc5bae9fc;;;;;;
36ef80b6f10a8d2729d018b28df31f83;;;;;;
7dafdac1c575b2acdf943ad93d8f56b7;;;;;;
08c6cc6e145c2084445b4efc2f37b403;;;;;;
d3b06a7b3d9f918ccd70dbe664ab58ea;;;;;;
092eecff16b16acc816480cc16c83d67;;;;;;
eb151cf969c913853b2f24989fa66262;;;;;;
2c433e2d5bc1fea9e064d4f225c6651d;;;;;;
b9be92108a526b9d23571f4130d9a197;;;;;;
458c9f8787ba330b6b3dd6c63d698e62;;;;;;
7614e7ffd2fb91a708d0e989efb7aaf6;;;;;;
56dcd87bfe174922ebe6b5d69f418079;;;;;;
ec4fbe1db7a0014d12b220812fb1d283;;;;;;
8c40b05e1e18e4381e129dec1a227a24;;;;;;
957ad6976f2bb5cdacf6255767385e63;;;;;;
c808217825ed8692342415cc2715c06d;;;;;;
ded66be6bb72419fe44b79c273711cf4;;;;;;
e5447cd216943571480fac9254497f1e;;;;;;
44f8610def1a4c3334c41e8b5ed9be7e;;;;;;
40f4a619bb4890fc299106425c5460d2;;;;;;
931bbd7ebb6d5a681720834e1a014041;;;;;;
242542815abee7fa0d2e611d78f25c43;;;;;;
bc1d8c97acc4dc3c4ebc4d64653222bb;;;;;;
ddef1236c9897be3dc246130c556896c;;;;;;
ad9b8f0d6d86f713af24e7aa67ac7c6a;;;;;;
fe9afef9db2c99723ead93b2d7144ca9;;;;;;
a6aad2b73a7dac174497e02993ee15aa;;;;;;
31227f47f32aed9931bdd9075f412b05;;;;;;
9aea2229db4f8813929b8fddae92e4f0;;;;;;
10895b20e8d2e5ad3668d75dc3954bb7;;;;;;
6ebfe29aa256318969af34525b047efe;;;;;;
ec9f0e509d660990683587193c2b3274;;;;;;
a329aa0536dc87d1c06517d3872640e4;;;;;;
c14fb17e0e4c9a4a457fdf1b7e64ec86;;;;;;
61e4bbcdb260a0085011c0db4eb1f77e;;;;;;
f84a0108799ca8012b5e3255781dce9b;;;;;;
c75e0eb55b09ba6f61186ab5a72c3194;;;;;;
6a5eb6ec37c2a7cc7e9314e020598a7e;;;;;;
a61d58760ca136c49c996cf0f94b6b69;;;;;;
2d54f1cde417cf48f733ff397d09fd90;;;;;;
2620538bf341416cbaf2d018bec62995;;;;;;
f5f9ce38309f13d899198792c65558f6;;;;;;
20d995bebc0efc130b54b19a43fb3760;;;;;;
16611b3e91121c1e3710b4115c74dc67;;;;;;
74bbdb2247eaf9a6f750e30336de05b3;;;;;;
c03008633b04796655208a615b95e41f;;;;;;
4fc3bb04d9c89db2a423b8a6ac29aa90;;;;;;
af3f2fffd688df164daceb41db4db09d;;;;;;
8611d1819f61f3d6f9b579a5587de926;;;;;;
5970bcc9de9c30b4c9e53709f05329da;;;;;;
c90c0bc9bddd98cdd0fde7ec74eaceb1;;;;;;
94fb98b6835c70c3478b907ced8733b2;;;;;;
007a6882e7a287bce852065b95709082;;;;;;
a417bc078d29779148424611c37c3f64;;;;;;
aea2eb1dc30f6940cb9116d20e17a9f4;;;;;;
616ad2cd756c6d6f504ab501d61f693d;;;;;;
958fd72dd29ed9479c0f1d12a0c80ce9;;;;;;
e653cd22b22fe68e5fca674e17134870;;;;;;
83e5732debdae491f79aef5d54d1fe41;;;;;;
c3574bed7328d1afbca1515acc80d027;;;;;;
75744f32e217599f5b62d4200974a183;;;;;;
dfc36f03443dfe74a894848aa68664d0;;;;;;
d282a6e508acc57b746d799bc72c818a;;;;;;
d983027beb5e1cc073f7d0d0b4304d65;;;;;;
5fe4e67deb482205fb59056cddae18c3;;;;;;
d3c2812cc0a8e492f891994dff4b86e9;;;;;;
7366041ca4365acaad180dabd61ad110;;;;;;
59a86a1e7ab803f4133897d92287bd63;;;;;;
aa6e1f81b9044fc260653c2bae6b2e3b;;;;;;
34c240ef1dd862d8fe7c301c1abc90eb;;;;;;
be4093b337095d2906ee1d020dff7554;;;;;;
9fb0bd64f7e5a03a7aeb42d13a2b4f79;;;;;;
8ff25a07dae109c7d24f28e9a5768977;;;;;;
4c81f4498542a9adea42790d2c1f578a;;;;;;
4ae181b9b7438f8500cd606c53b74186;;;;;;
67e3ac2518856f4d9719f0457e3c4b2f;;;;;;
f100770b6837600e25e43f3f9be54269;;;;;;
3f9f293df3b72162ac2717d6af824d37;;;;;;
b865278fd4a16a8ce5c287a6dbfdd7f1;;;;;;
dbfaa6500c2ade46f624624735a1ffaf;;;;;;
5664ffdfc4e8072ab1240d909ae647f9;;;;;;
becd2441f4673f9253fd620fe1a39de3;;;;;;
21c7d3845cf1e96c783d0e880a5002e4;;;;;;
3e1ac620d0bcadf5ed128344e4766eb7;;;;;;
10edf3a01a58a8ecc537cae1de48bf64;;;;;;
bce7ffd9d7e5c9d32be4ff47d164cdc8;;;;;;
f4d4faec50bd1a22b4993ac486499ac8;;;;;;
d3ebdced0e6f4eeddce9e5e1fd871a1e;;;;;;
35e6566a8db4b41d682efe4cca4ae960;;;;;;
0bb7836e1fc7cfd629530dfa21e94096;;;;;;
38f5a389c3e241c8b390d001a9e69ef2;;;;;;
10461cb3381aea0a39187d885b500dd3;;;;;;
76385df5ed34c63fa3d8a67fafe57ace;;;;;;
92e49c82e4bf30ff20d08b0d0da202b7;;;;;;
c281372d88bedbc8ae760537979663eb;;;;;;
91379d954a2379502550a5359d8ae6ba;;;;;;
7467e1aa966166c767c62b61c0570652;;;;;;
64d5fa616e3b4021f14ce7d67ad26f5c;;;;;;
133511dc44445787310a156344e57dc6;;;;;;
e17d3099d3353b08648be3b745bedd81;;;;;;
bf826544a117b3fd6b4b0dfd692ee7e9;;;;;;
de3425fbcc479a3737b6ef1cf45acf33;;;;;;
e16af3021f79d4c1ca3995b19309ca60;;;;;;
b29a5c7201f1626a052d26840699b46d;;;;;;
6654840e6dffa81b8d0141d3963722db;;;;;;
17bb7e288d33a27a46fdecd833662c83;;;;;;
cc036538fb1a96cda4b149f9b331768a;;;;;;
119d88e805c487e4426b2c9e5e1e5ddd;;;;;;
0567f0711dccb151045f4cd32176cb8a;;;;;;
af40dbe7a1437654b0f2bacde7c59363;;;;;;
d831cefaf4c7c13e28d63cf7716bb616;;;;;;
7f5c3f5dbbf6a8621bf82313f48307be;;;;;;
1f7f761b720bba0ddd196c4400866234;;;;;;
a91bd0acc6fbc954d9dea0dda2696c97;;;;;;
e34551f28abd14186b20c976702927d2;;;;;;
d3ef631e5d5efdaba4c30347ec1f1d6a;;;;;;
cc7f9f832eadf5bd78018597e5f5cdfe;;;;;;
3b72f447ba8ce05cdaa3d90ea964e8ba;;;;;;
c8d9522ffb782dc826b1750e5419f71c;;;;;;
5dbe252ed9d5ecec2003040a096cf440;;;;;;
a2bddfb89d659ec5058d42e6128b7612;;;;;;
e9b4225485fce0e01b98974c20820483;;;;;;
8b8e7ba7c3251fa98e06e2e1b0ac02e7;;;;;;
58281768f242607e239968ce23b455e7;;;;;;
75df219d094fe512e6c2ddfa1cd9a550;;;;;;
1ef8f914d470c4e9d7ecbc82d3d77ba6;;;;;;
c345418c5d3e7707d849925fd7f3bfb2;;;;;;
f5ad157d4772d41b6e71a2e240528253;;;;;;
09d08024419d4bed8e9fdec5d2dac491;;;;;;
910d0e8eae4406ed185938e5c966dc43;;;;;;
d1a91664edbd10b7c850fb52052500e8;;;;;;
37b8dc3a3574530fb7d765167d39d0d4;;;;;;
56e793de9ae9f7cb7507db06956abe25;;;;;;
f211314e34b2d3bff6a0cce9b37e73b4;;;;;;
d718322864cf1665846e7d9f378c3526;;;;;;
2ce6820fb7eb0256d6422fa9ba4b02fd;;;;;;
50156d3a32b7bb791cd81394d899c869;;;;;;
5556db934db3ec40383342ae83073722;;;;;;
1f2c5256224e9a656b0ea8c0915b198b;;;;;;
2613882cefccf804f6a85bdf8b011449;;;;;;
868bec1489e6eab62836a88a99e16df1;;;;;;
18b3aa7bd7ba58f7d9b5923139e7b83d;;;;;;
dc76394aa36fe77e09291f629df31909;;;;;;
9eb72cf1ca9f3547144ede957a2e4290;;;;;;
1ade0e39871b1a3ff0584b1ba5e7300c;;;;;;
975800cf1c462f02c2ad49558b318a68;;;;;;
31f1bdcf01c1e7fe5445c5060f89b6fe;;;;;;
7b24d538335c9a3349aa4f27fca43071;;;;;;
980102f6dc039d3dc445aea92922f1ba;;;;;;
eaefc6a86a46e4a3df36617cb1550540;;;;;;
608a259ab631ca9a0b3be45e0c8294b9;;;;;;
848281cccd7ed503aa34a71f5f6be815;;;;;;
4c18804caaf9cab8878ae41c1bf1ceee;;;;;;
94dee38b3b10188de5f63539c198a755;;;;;;
ee0f7f7c4e49718e8b2cd7bea8d34c4c;;;;;;
e1ba7942adb1843c370fc792cad0c827;;;;;;
ebfcffc59edd601f0dc7425b7507ed17;;;;;;
ff53df28360ee06c821daf691e93dd6a;;;;;;
5f057fd58bb7d69d86bde2c936e7718f;;;;;;
e09ab27ef89fa9cdadb4af6c758ad558;;;;;;
c469622267ee158b836f3dda1200c147;;;;;;
8e27a52a5c2b5903eace383b57248f72;;;;;;
b9548db6fa06b8043858c9e1d7f0d0b7;;;;;;
28394002641dc7e55a6264193cdc56ff;;;;;;
c6982c4ad4470668073f77ac247b0b65;;;;;;
445b39da0828f5ebce1ff1c25658dc8b;;;;;;
e2b702cd658bb45acb3503a5afe2c9d3;;;;;;
e66c8d1625f20452e838e85e5d583584;;;;;;
bb6c5d3bde724e6455569dd3640bd3a4;;;;;;
e37376a128f373b5abf47e16334ea190;;;;;;
b261672af789e301bd9e37627fdc9f12;;;;;;
6154b2d6d32e586f260582008627639b;;;;;;
842b7bdd4325e112fcee76249c1627c0;;;;;;
c183880df7dc29938d5d1db637aea2cd;;;;;;
e15772798e91b341a116452982bcd0a8;;;;;;
45a4d7eff18bea24a3f5f1b6012a9cfa;;;;;;
c54947c9b12805c65ffa4fd1c48b23a9;;;;;;
9fb75e1f9b1436c2576a0529b558ee80;;;;;;
0356df75899370f8998829d702a407c5;;;;;;
cd451767aad1a4ec171073c79456f20c;;;;;;
bec33230f488efdec295838010082d8b;;;;;;
a561a99d9c83f76b6c466f40e463ab8a;;;;;;
25add62f8531af8eee181978ca1ef6df;;;;;;
4518a9f051a6afc9904f02ec43b5d577;;;;;;
a944eb285397ad370c9b5d4b75e840b7;;;;;;
a9f2bffd880d589043a6b201a981f829;;;;;;
6678a543ce3c3ad19e6d0fa1d9a1cec5;;;;;;
399d2f9cc3d910a13c7d291ad3d5db3b;;;;;;
f5875b438efed546a5a1deca2e36085a;;;;;;
9f4891c71b0e9c64be28a17a54e732b9;;;;;;
9a5941466518ad701ef81878cca72490;;;;;;
73cebcb16bd77f87060dfb938d62fb69;;;;;;
50a0782fbfa04f1486fefaf0bd284ca8;;;;;;
9079268349e9c3c7bbdfa58fc7f07236;;;;;;
3e4d7250e5d532c7a2a007000e61386c;;;;;;
b8e08b98eed7e71789441b51b457f24b;;;;;;
d1dbdad6432c08362bc6eac291bb6b83;;;;;;
4343941cdb0331445493f85519a5ab72;;;;;;
6fc0b699c31586356e7d794c6efa3eca;;;;;;
e0740f92fd81b2d212079667201c86b8;;;;;;
a10970e5addb1be2086b7a354838bf4c;;;;;;
a90755698244891a9222c948f3d9ce41;;;;;;
a0acb2a91116d24361192699889a7a3e;;;;;;
aac2a3d4c4cbbec1314a53c6d5bd1398;;;;;;
09e4a013b32772f3fa202b57986df33a;;;;;;
dd0154e16267952628cf8b6ccfbd489b;;;;;;
5f9437e36ca7f5bc76f11bb1c99be698;;;;;;
6f24b042f98d23b58873d43525fc5e2b;;;;;;
5a62821d6ac6faf6010a0ee40cb214fa;;;;;;
7d4b2a11bbc7f2e82b471dca9ed9d21d;;;;;;
ac3a45b12d4f2dac7098dd5cad4860f9;;;;;;
e04249a7b4222beb58b252aa65da4216;;;;;;
a691fd9a86088286ae61f1dd51b05d2a;;;;;;
ab564baa40bdaf42e955a5ce7574a235;;;;;;
678ff8908d8fc28c390fc9d3623c8bc4;;;;;;
377350bdd6fccb8e4e3ca73dc14c7051;;;;;;
0df52f4cf0b15bd16217e70b62b2535d;;;;;;
7149a177d71cee7940221b14238ebe73;;;;;;
cae5682818e46b95347a1000b4d5b67b;;;;;;
815062cf539c5904f8735bfe880c0f7c;;;;;;
d26fe0f8b497c796475ffa2bbec5f980;;;;;;
3f7efaf3d01912651a2ace521832e5b0;;;;;;
6e442ebc239c369216968281ddd52246;;;;;;
59f7f0e526929a6957710a31166ee62e;;;;;;
1552388f979dbe4acc435897621ed951;;;;;;
509e1184d6f758a2be7796a21e5713d4;;;;;;
5e77d7878998fa7b373f5fa11cfd128e;;;;;;
6923aab7ad0a63502626537b9acb8133;;;;;;
26c66bbc931097f4c6e15f7957eb455b;;;;;;
ccb179aaf6a99b541b8e018876a68df1;;;;;;
230135560d86c2368f056dc360498b5d;;;;;;
82405d5ea5b3ab665efb06fee82ce6f4;;;;;;
1369290582f5a2f0753534b30d2ff003;;;;;;
550e980e3fe693f82d0965cb5d12bb35;;;;;;
3a55c152a57fe2aa94c94f6c9b99e5f0;;;;;;
141941b138a5af37d9bc65ea185dc71f;;;;;;
d31781ca6f898a2e93397e76d27ee15f;;;;;;
a819f91fefba00352e3abecbaf6e9685;;;;;;
b5e04f1969d45117a85e5876907392e9;;;;;;
b51288af8d082d6162f6275fe8848ff7;;;;;;
a3d41dd6562be2499ad99453730b7a36;;;;;;
f9e1f1a4cb05ce882cf908c836873bb5;;;;;;
b30a3af8d00ebdada4f7a84a0b2d5b11;;;;;;
a722a0a7fdd76906191819d3e9d45f9a;;;;;;
2ebe93f4635cc03e029971febde9b462;;;;;;
750141d0751214495aaba13e8d18b086;;;;;;
88499b97a9542319ee1104df8333b575;;;;;;
5c619b4f9c0d8e912d12a779e0e42dd7;;;;;;
4499d8844d51e7aa21f20b2b8b898592;;;;;;
1b06531e354f01f9e2493af1c8d4d730;;;;;;
2292e9c07d39e5ddc2862d5964281d25;;;;;;
8873c43119d8f677d62ac67af7387da1;;;;;;
891a24a2a7be30d551efbfbe21402d85;;;;;;
802f7afe3dc36ae4fb3920366957683a;;;;;;
f2e55a0bb85f48af62c07276ec5ef181;;;;;;
3368db13fa5ba6bfafc567f38cbf83b0;;;;;;
03d776223be359ff4ccc5e7275e328f7;;;;;;
c08dc2f1a43e35a088d401786d215f0d;;;;;;
77487d02384212f3c99e7a3d96279226;;;;;;
51c5864835c8783079817dca42b8abd6;;;;;;
8a9ccf44d1ac65491def5ae6517e0fec;;;;;;
55e02903c0966869598ccf594eeb8414;;;;;;
15702d4529843b1e1f3747f9159b4005;;;;;;
069f4861ff87d37f14312955959ccea6;;;;;;
84e09d34d036720df83014888f2181e1;;;;;;
803016c8ce08c4888829c96b6df84039;;;;;;
b5b38db0c79cf13d7d2979bce25cefdd;;;;;;
40a4d6846b460c9b66d2cea1078b1c27;;;;;;
bc99346af5e291146dbbe0fcb1e1156e;;;;;;
65a23b0aae9840549668334460d987eb;;;;;;
89be29891efacde8975b81678acc8593;;;;;;
4d3a54b2303b9734e28218c1e25636a4;;;;;;
dfa3f12b6d1ce60f954f8ec9ce75b314;;;;;;
fb515d4e6f594e8dfb29e2fc0be77f83;;;;;;
6486f391860c467a77b683e4b58dde31;;;;;;
291c285ac95b409092cba09d6740aa64;;;;;;
87f595f671e4d31ecb401087e9097d99;;;;;;
20a1deb901aed4ca605cc5e36ac14090;;;;;;
2d8494a123de185bfcc1fd338838bb04;;;;;;
e1092a698d5b83561efca83736d4581b;;;;;;
fb2d1b4ba232a871afb17e265c228281;;;;;;
5347686252b8c11c16dfe5d4764e3c50;;;;;;
90e79de2b80f64b9a84a8c1ba5165e87;;;;;;
8a52ca4dcd8d9accdfda50a792d312a1;;;;;;
30a029e1192c9e9ef05d830abfabd196;;;;;;
15e8ff4777eca1b199fde3e52d3da7bf;;;;;;
3e6a2f65cee7afeb5df0b35f19c6d8ed;;;;;;
f5dbb818f7d9dfdaea847d79ebf97fe3;;;;;;
560b0b950f3a4da6ba4a0bc36e45fda3;;;;;;
22d54a42e314b729edf50d51e2056f41;;;;;;
31816fa0188abc008970512f78b043f2;;;;;;
fd824e6c2940fcd6b49ebc97b55e6270;;;;;;
b288d6fce2dd9731acefca3abb16752a;;;;;;
306fa57afd52a9a397714532baf1eea6;;;;;;
f0fce66e2e9e22f6a0292fabff60f992;;;;;;
7964ca133dffa260f24e14e84a177b3e;;;;;;
906a9ec4158bfdbabd506d92990d2891;;;;;;
63f09158cbc16ae4809a3a522c583cc6;;;;;;
6d26bf36c78b00e20edfeae4c275d9d7;;;;;;
481313bd0ffe13cf120e3e45294e3a4a;;;;;;
d6fcb0ebff458a8ac90837eb2470a632;;;;;;
af625c1d04fd82ad8ca1d7f6f4d084b4;;;;;;
dddb93da43c9dfb4b5595494ddc7eb49;;;;;;
36607e6c7000ddb2006998463d2f76ea;;;;;;
f47372ef8b487eece2d4fc8d8d791759;;;;;;
92494a6a03899d04138d6c96c647e6bb;;;;;;
51feb28be2de414b9cd7040cd0fb04d0;;;;;;
43c6b0651ee73726c2951cd36c8f3e37;;;;;;
99c46b6a24d9422fc4a4162e4292e948;;;;;;
8037fe1da668f37fadd33aae56f09c6d;;;;;;
e23e96545edb1a9db98747e6c88d59fa;;;;;;
1955ec34e504d77902d27f9d6ee61034;;;;;;
f8bdf08ae5a57ac6131235a1e5447507;;;;;;
eddebd8fb1c6ad1f0e4410d5b4e8fdf6;;;;;;
33a99085d308e9c9033100892d3d991c;;;;;;
745a82ecb5e9959b969d46f011380bbc;;;;;;
1dc6f5ce3e7b34bf916fdb4af2b329c8;;;;;;
64ca8e0dd04e5424172b47f6aa7c652e;;;;;;
bb04d14c33cda507bc8060624795d250;;;;;;
3c493fe9c1d1162b779ef2493a7370bb;;;;;;
3781826d8996528b80321eb7b4c8d9e9;;;;;;
ef05fee2f45ff30e2c75d8135eb24f47;;;;;;
76ee920633c2db50174350294b09de99;;;;;;
4cc88a5391e1ef019400af9f863cacc7;;;;;;
df8e17f17ab947b3b603306154b0ba68;;;;;;
784a77f0dbd4a54765e3585be0bdb3f4;;;;;;
6cf2582f0f76f5b353376184b7335b4c;;;;;;
7533e944b442df4894e5e13b0a6cebbc;;;;;;
20e33131a0eff734d77bca07ab455e1d;;;;;;
63e93a1420b1a38b1069219f26df011b;;;;;;
8c10556bcd498d8396516bcd6d91ac5c;;;;;;
2d0b7af53efe85e80662f1dd0f2b96b0;;;;;;
bde86c7ef16bc0ea1f6f01daa49c4ee5;;;;;;
275f34a3f4742a03cdd1ae60afd2de97;;;;;;
f8c8c39bc9fde80849c9b05ff5a818b0;;;;;;
4efcd1a245cf1f169aa4be14027979e5;;;;;;
ef2e0806f06b6d10c88ae71b3d1c30ef;;;;;;
0c1ecc4ac87ea7fa68b55bebe6426dfc;;;;;;
9975c4ffb26059c08bc91f85cbe8e8e1;;;;;;
7348593691abcccbd197b14296da2798;;;;;;
ea9561866b91603cbb03a33450f0ef6d;;;;;;
cffdd6b25ea395b83e6a5e5bf5cf6552;;;;;;
c4582f4e5e27fdf75ec832201faa910b;;;;;;
84e756d2afe1059baf6786882e4db53a;;;;;;
83ea06cfce7ecfb4fef1a60b8357dfe0;;;;;;
590ee5ec37813d0720d66258669d916a;;;;;;
462d6f4f200141b87d577d20a7e8f377;;;;;;
27a911d7a548e8401ade22ddd850ce74;;;;;;
4770be979df8f54819a6176f5dd61545;;;;;;
a962767a519360805b58995905f822c4;;;;;;
9238ec946169f94b5ac1753dc61da6ce;;;;;;
5b1a7022820a1ece63a4f14c6e76c139;;;;;;
2fddfebfee3e8ed234eff85145966560;;;;;;
9414bf8ddd147a8e8f6ef27433b34ac1;;;;;;
c8c7d0da500611fdf2ac72fb19b910a7;;;;;;
1d5a8dd8abdad6b49ef938e0f6d5ed32;;;;;;
10823169dfd753d879a4f0bcaddb7f19;;;;;;
a5e4a533f495b8e61a34203fa1ef2807;;;;;;
e7251e69f59799f6b82f1896ccc4a603;;;;;;
81ac08397343f8018968bad535ca2b4f;;;;;;
2dfdb0134f65b3e4f3b0554e0a95463e;;;;;;
652bced279a41516bed944701543b0f8;;;;;;
6100bcff5deda3c1b7b8f768b2eaa602;;;;;;
3daa20a79dc7f82d9ffcb1194dced8b6;;;;;;
b1984cb2582e9556daf0a71cb9890341;;;;;;
17fc11d60c900160ddbf29ddb8380b72;;;;;;
afba29df8ca51518f69a61587877a5c9;;;;;;
35e75b6ab45a6c539979018940449424;;;;;;
a30ab32cca0ad66aa050baa27c595bf8;;;;;;
b679e383a9e1ebe6e2629e426faf7102;;;;;;
1a66788b78e72d00faa159fbc8d440cc;;;;;;
616eb8d0a4579d4ed180e4aad702a76e;;;;;;
ff352331278457ce83c6c9a8f55b1bfb;;;;;;
c5b0bbd07183196144ba551a4d90409b;;;;;;
8c88dec0c15fb1ddf6691be04a2a464a;;;;;;
a96cdbda7a6f16c3a3a03a95693c75e9;;;;;;
1e99927e899f05bf9080f709541050b6;;;;;;
f27950ee5ab8908ac1dbe1e32671edd1;;;;;;
78b8d24c5e52e5be87f625ebb7f5f60b;;;;;;
0e094ba175be3b87933a3776b9fa00be;;;;;;
70b7fd95e5cc9362596c0566f73b1e3b;;;;;;
fd8e8a693ee908115ea3d324f55bde67;;;;;;
309ad26a3fc30993dc8bf35b3196180e;;;;;;
fdd37d26b4a1ba84bb53f0d7647f5a9e;;;;;;
36b32f5c4f393c66694a96f617c42b35;;;;;;
2bad5292b6af2530696cee16de3ad43a;;;;;;
62d272645d3f370300714b20bef06021;;;;;;
f6a2c8462a2f2eafd68d3fc4849edd06;;;;;;
5852a434664c35fc058ac07c9b1cdbb2;;;;;;
66f61489671ba7c4402b87e5d6e6b9b1;;;;;;
7df40eb0a82eba3fc8f35e820406d9af;;;;;;
7c62ba47b296095fd284a4164356468d;;;;;;
d724855537d842930e2a93f047fa16d8;;;;;;
02d21b7d6111c7686df3abc1025c44bc;;;;;;
b3fe3fea6928f4fb7e44fe65bffd9d04;;;;;;
d95b6a969184f2743d9186edbee16f59;;;;;;
ff01f55eebf01c3f11139412fd8e36dd;;;;;;
d2cf9b6a961a70cb676bb3633a42144f;;;;;;
9db6d23bce7fd9fcbd4c206db6361c5c;;;;;;
c346d1f26c03575085e4751ce8b2d5b3;;;;;;
4604f1af02747e5dabc97c39dcbff572;;;;;;
73b84889f5c497203a0dfb7685fc5dd4;;;;;;
bc8f8f1d93aad5a42a0905c8c2854d7b;;;;;;
b8f8818693856e78953d2eea3e7edd8f;;;;;;
386cf6366789a2cfc985ddf04cd86f21;;;;;;
ea2a3a75e92061b104a7306d38ad3733;;;;;;
b01c6edfc94e1620df34e3d91640b588;;;;;;
c65a6301d46c59f98d2e3bfc64b6690c;;;;;;
65e67fa4df42a644219d4b0b07d3c2a5;;;;;;
d985da98ef635acaeb66c70cae5092f4;;;;;;
24dc9c7b593afc3d1675dbfa83efb61c;;;;;;
3a5d89c533663a660089c55b57870e87;;;;;;
326eee580c0265060936c153201c5f96;;;;;;
370a08c7845bd0503fd3416722c135bc;;;;;;
57f674423418b20ea1bff660a03eb818;;;;;;
2536da80dbc8b836a65770255dc34933;;;;;;
28dfe4c831b916dbdd5b5da402c5d5b6;;;;;;
64dbf99d7e562e79b743f6a15361d399;;;;;;
faf07248821c443ee0bd037ab7c20e0a;;;;;;
368054fbc663997718285728013caca2;;;;;;
39484786893fe48076f0760291ca3f68;;;;;;
508684c3d71461a097258d1a33fd6bde;;;;;;
5bda10677d0c856cd0b46018cefff1bc;;;;;;
c4e0a722207056130e14b6cb64bcd2e9;;;;;;
e4da445679d23a8338eb2271ce89e8ed;;;;;;
5b080b96ffbbaedcbfa093bd1cfdf253;;;;;;
ce2ead5df899ca24e5435bbd8deaae22;;;;;;
5fa00211e2dde8a9858b0ac5bf465ded;;;;;;
fc56c89aa6bdd5a58c13089d724c9256;;;;;;
9e3156a62be7c021926d828b707428e4;;;;;;
fc75a52deb5c2160272a9a8db356dcaa;;;;;;
20cabbc898ea61d56faa41953944a8d4;;;;;;
65b0662c43c233fb62913a5f68ffa96a;;;;;;
4654b49f9ff8e5db6c3d1db9e05c9024;;;;;;
784eda95aab7f93125aa4fba91852e18;;;;;;
f5745476936206d849c545efde94b098;;;;;;
251a971f6df11a37fbb808451231f0ab;;;;;;
04829fdca26f53858c8029420a63eed1;;;;;;
18d89f4781569942fb23878a59afaa34;;;;;;
8a29d36c7593cf25b7bffb9aadca30c8;;;;;;
19d5c7370fe43522630774d5259c0201;;;;;;
6787ac257900913419890ff982910100;;;;;;
8da1069f8e6a081855109bfd4c04a520;;;;;;
1b14a8d673e8d4b4fe6295f0a8c06647;;;;;;
b704cfd2ba25f14b26cec6bf81fc3bf4;;;;;;
328597f8bf6f73e62374da718a7ac4fd;;;;;;
d8151819eceb0ab9a7fd6aba7187d37d;;;;;;
f981a1b7d0377fc8b1838e37b77f2941;;;;;;
8d3172aa255e3b4670c454ca75849f97;;;;;;
4f1c0ce8378e06718f020a79adf5c9de;;;;;;
5f3692e096c6e811bc370524578e5385;;;;;;
7d8f0dd88dadc96e4331de11339ea77f;;;;;;
51832961fde18c6252c627c745c59a1f;;;;;;
5e2288a8fd7129408d71a6419ab8c63d;;;;;;
2e839cd0b6b43c999638a319beba7193;;;;;;
f13f1364ad169a6f910c8834d322fdfc;;;;;;
a0f9c35be58e41311e294ac743f189d8;;;;;;
7ded3f7b98de8df286988f3756116e9e;;;;;;
99c5cb3585c7aa1d5bb72d865d0f29f8;;;;;;
50a57432a8a36fade974db43f0965311;;;;;;
2f01a36da680e1dc76dc53789a6f3f26;;;;;;
303a67458b5d774c3c620850479a8591;;;;;;
3644fc9e868ccaac8c90285192a1b7f0;;;;;;
e9c5b38361b9314afc82ef2eeeb01048;;;;;;
72bfd932e2795d64ab1bea3886cb3511;;;;;;
0bc6397b6f95571dbb3c3a84ea117666;;;;;;
9c7b35bb5bcd2271f2fa0f44ea675adf;;;;;;
748e3965d37bd2495dba4b5dd8277290;;;;;;
02c48e1c6251b5a319c43a8b012f733c;;;;;;
b1f109f60c4378e7a627e24dcf6844f1;;;;;;
bf4a38142e8ac152b325d16d03e6f717;;;;;;
1fb4ebb22391584f7d7885a4ffcff723;;;;;;
7b94e02c81e8e5e7001f256332b4d6eb;;;;;;
888d42aa7d21129ffadfeebf861509c8;;;;;;
13d07098f3b685abd83ea2967902a57b;;;;;;
39cbd1b0d95c6e4e7c04a4311ea26acd;;;;;;
efa43665a0cecf9ffeaf614d372ab431;;;;;;
dd21736f363ca9d0334c4f0ccf07b896;;;;;;
3f055f1ff728bb64f93d1f71e580f12e;;;;;;
d26908d348f48b9b152b63afaba32b2e;;;;;;
f80f9372b9c7ad811f7390148b9d296a;;;;;;
f89bdad5e9acb0d18f35a22ab85fdf76;;;;;;
30d61c46cad297420765947b2ddcfe84;;;;;;
e485a332968fc80827c83dbe98629416;;;;;;
973a11fe25119a5a0f2478a56de7fe5b;;;;;;
e1a513d4b1ffe40c5281ada298733f1e;;;;;;
187381ea671d7c6bdaf09f27ea3a9fc4;;;;;;
98398ac1934657a07ddcc48c59fdeede;;;;;;
8c446ee05aa1d24cae9ede28e7b36fb7;;;;;;
3dc2d12509c7dfe0189270b48b71ce0b;;;;;;
95ce944ba47af5b430ee5c835d548411;;;;;;
3e5de3de601932a4e1e49c1d85b6f6ba;;;;;;
a687a2ca45413a4f7e7062602cd354d5;;;;;;
cd8ad7c5f8f9570293ed963cb393f3b8;;;;;;
e2ca4c492e14f1193d70f04cd3cdc818;;;;;;
1ea10dc003da82f8b15a13814e79ae98;;;;;;
80ab96d97c53b0a587db5a09ea2b9f4f;;;;;;
88218f4393fa3c9db041d813800f9322;;;;;;
330f989991bc9fb32ea397819af3acb4;;;;;;
fa72101f65898578c2143da14db395f5;;;;;;
a8db2aa905a33f9bb8b36d34e51a32f6;;;;;;
ef0e9cffe610577bb7830cee8e755d10;;;;;;
cc123daeb9420941cd8f0d01b8e964fb;;;;;;
9a9279ba229d9d7b3221463b867e2196;;;;;;
abb1be96e9658c8f3178f198d2fc1142;;;;;;
389f997016ba9e816196ec33d24091a9;;;;;;
206498c435c29ad1f8b39748a93c4c4f;;;;;;
ac689aa6b35cf91e6aa98a93de41115b;;;;;;
37ccc0614adc5ab3de01ea2b4070a334;;;;;;
b500aa7c39ff84c1605f32ff970a4fd3;;;;;;
fd173d517fa551e263e1cf278d0d4d3c;;;;;;
5bf6e5d266957b14558cf3c96d836e25;;;;;;
8195c381fb69782a3fcd9c7b30437cf8;;;;;;
55a521a45be1f257e0fd508f436536e9;;;;;;
0290777b98eb99762005ac692c1f3edf;;;;;;
3565834d9998428cecbe0be6b8876533;;;;;;
4dab4f1aa2a07065466df6e411dc30f1;;;;;;
837e1a060c840c7926e279f6790f598f;;;;;;
b1660dd4b8e40d07c34f89418b0ef46b;;;;;;
c4685bb626afca9b2494e4802bc57428;;;;;;
58a31eeeb2c84873cc0abc239b208c0f;;;;;;
703dddfc4e2e7e5c5d785e5c0677fc17;;;;;;
d1cba3b049214f3c5337550638c5bcac;;;;;;
d4df30357acb15b91aab7ab03fc4b582;;;;;;
290d3c2ea278d23724722a21320c541b;;;;;;
3b2c656866d23a379c38f53d03c89dc5;;;;;;
6b92405148129b43af7e6440d1d39d62;;;;;;
1c1e695a2fdb8ef88863982d4bdea7f8;;;;;;
73861c20581e415884ba6b7189e1ab82;;;;;;
b81ddbde3d97c77ed4b9139d033987aa;;;;;;
4686f9a900402d788328cef64456d387;;;;;;
c44efd7dfdeab713e678cf32c0ca299c;;;;;;
d9100b3510b82a68769ee40711b799fa;;;;;;
4cceae4e920169db11594c200ae1035f;;;;;;
e80bad5b67a1c57e0af5b051fd2034fe;;;;;;
9031d12b05aedfed8d686875d663f207;;;;;;
8ad6ed5425c26e1148fce980471e2421;;;;;;
68f160300654edb86269889a2350a533;;;;;;
e387e1aad4b68e1ec59a4a7f2d80ed86;;;;;;
7f22cc997ebe995b8c52f23b608ab5b9;;;;;;
e0c9b2dad08f43cb814d646c9164d121;;;;;;
bbb3a7ddfa3e3fa2a76b62f17bb9a115;;;;;;
621d35083d0d60828929c9afc8f1bca0;;;;;;
c71d9daca05e017f263d225398f86a62;;;;;;
a66af19ea1795aaac42a30379c1f8a0b;;;;;;
5f6d8a668dd313be911ff6ee4596ed4c;;;;;;
362d685a5aa565ed49b44263a4adb616;;;;;;
b640d13d9d92fd617f3411da4fc8dc78;;;;;;
703f9b0eb000ee50da292fec977a7792;;;;;;
4c4453dfe0dc35d5487b8f4dd9629f7d;;;;;;
aa6c10fff023e2eeccb29b908d5f6a4a;;;;;;
ec20e7667e3b3696692c40b3d133a838;;;;;;
5d5d2de0098623546bcb95f380d48f55;;;;;;
2eed8ceabe3a1d5b0e09690db2ffe4c3;;;;;;
bcd11162869f4aa35542e24899a330ea;;;;;;
2f619460de5a8a4e5e5b89d9bc12ca6e;;;;;;
df5eb7e7d5ff5b6b007fe269b966b0b2;;;;;;
80a6ab8f903824a957c3ac4fa2d49f15;;;;;;
f523837d23ff917feeb2f019feae5e70;;;;;;
87d1c80ff8180260c0fad32fb6cb044c;;;;;;
c750c95a8995740a2550a4341d5ad585;;;;;;
60b1bfaa8f8bedcc3399734965b07b79;;;;;;
ecb469b5d9b4ce2536357a32205368be;;;;;;
193c1c580666c9646c510ae7943144d0;;;;;;
96c6d5f026a39a7d9ebd27c22ec1b3ef;;;;;;
308ff1a2928f237bcd6178ad78c55e0b;;;;;;
bb87f63ae63dba010d3103864d16690b;;;;;;
f8657a4e4b41bea4b8c52d4e7ec245dd;;;;;;
7b92a40733dbf64f09c1ac61e94e1fe5;;;;;;
a83b2caf19d394da340ba908cb47727c;;;;;;
e1d8fa418210f5a978b21fdcec49f490;;;;;;
23d4db5d85db021d34c00d3bfe785433;;;;;;
a2935a1f129cbf52825b5c69cb928082;;;;;;
195ccac78e89adb3888df76d68661437;;;;;;
44500db814f5c51d1069a2a47b8cff7c;;;;;;
3904bb3efacfc882bc49b559ad426ec0;;;;;;
ba0af64ed47b2a1ac04ca42cbaea03d0;;;;;;
3618acff565e61df6d2ca715090fcb40;;;;;;
ea8aee083df2a54e7e8e2e51717cc562;;;;;;
69b3130bb2dd9d712eb624edba3ca511;;;;;;
1de5e9498df587350875f72182b4a0dd;;;;;;
09c26cee217742882df582057d421d5c;;;;;;
c62e206f4cd6ac385b458e2cbc2ab4d7;;;;;;
1a522db61c6ae04245bb1f403cc11dac;;;;;;
83eb4c50895cb866a499fa5d472aed4d;;;;;;
f188951e907e98566255bce2e0fef8a2;;;;;;
0982a83c586bb53462061d30ffaedf70;;;;;;
6adbbee8b3355ae4ddcd25591fe60396;;;;;;
d125f0851eb9aee3df45e81287ddc4e4;;;;;;
ac827a65709aba19259e0db34df3c69b;;;;;;
8051108501ca9675177a9cf4c9898ab7;;;;;;
f5d82e52b57bfc79812c6a3bffc9b7c9;;;;;;
689167a407d196e901dad31b60b14434;;;;;;
ffac394f26e9d197bd5d7388c0ea28c4;;;;;;
fe7aa76f36482072f9149a69a107ddd0;;;;;;
af2d610f9e33c1aec48b0f22697216d0;;;;;;
86bd8a28a0fad630380c63d0986a3b90;;;;;;
729cb7b3245b5b9ba6a3de60607b5a08;;;;;;
53d9cff0656263aa91315f8d790f6327;;;;;;
d8cd6657e8ddb86c8ab997523ba3b81c;;;;;;
e2932b867ba729aee3ec7b079607193c;;;;;;
50d7f12123b18fd19722f7d370978982;;;;;;
d1cbaca0ea697e8d1618a8d695fef49f;;;;;;
589e95d15a9b2146e2556bf21b8146d6;;;;;;
ad9ce48dc67e2ed0c0de5baaf5fa02df;;;;;;
dd83e30229b56f98e2e2bf263504bfab;;;;;;
58d448f40952c574f1d58ebd7d118989;;;;;;
70e02e2196548c9acfb829cef939303d;;;;;;
3c027a34258f2ed8856a00b5e3049086;;;;;;
24c4bd1b25778ef61a0eed3bf5d9b614;;;;;;
bf77328c0a3554cf634f049a9ace1cf3;;;;;;
41fa06cf1837f29d85c40e7a70796a3e;;;;;;
97a5262c8db930f2a101d840cc659b44;;;;;;
a811ee34d41a9a755a5f85ba91340641;;;;;;
18a02a637ec3246ffce92a715121e757;;;;;;
7fb1bb2cf3048a54e258f95c92172e28;;;;;;
28ec6a18f34e5fcda138aac85d4a7a12;;;;;;
39fcc862832a1804cfd2bb1d867cb1dc;;;;;;
0eeb72b374d4d2d95f7be68a3d20220b;;;;;;
d1764787e70531fcff3a5b6fb3b1ff32;;;;;;
558e8e26d2985c20992dbb4e2e1d9130;;;;;;
f9fd6b10481d7c2c951c6347676b166a;;;;;;
6a5ac27af57cd1c6a9ae5bc98ca60d92;;;;;;
b1a490e798512d8b6407db93a09dea08;;;;;;
90638229b91936da3129f3b077d93753;;;;;;
153996a417ff2c50a4e18aa62a29ea5b;;;;;;
eb6404513550c183cf81066d0e9f89cd;;;;;;
49c733be401322ca3d4ecc24ff5e3052;;;;;;
89c4e0794768f5e6e98e79e405b12771;;;;;;
865f69f657d63b2c91839a4765815712;;;;;;
aed74482d4c0e8fcdeddccd3b5509e97;;;;;;
320040554dc04f0ba1f47aace413c82f;;;;;;
272d76afcc766133966be91911039e9d;;;;;;
28a6d289949a2d4b92136c2e7d09d19c;;;;;;
3545d01976fe3010d92269c6fca4e44a;;;;;;
6429b35fd1f0d6b30803aa02e052810f;;;;;;
f9918125ee2638b494eb5cd05b57813a;;;;;;
f7fab714d2c81b5fa3b510beb5a146ab;;;;;;
c808cd761c8199b6cf67278f1bcf0aff;;;;;;
932b496773eb67b0fc7d0d1fdbb89d6f;;;;;;
1c8f6c088c83b05d2bdd6ce4d548c553;;;;;;
e8014657e73c9404991b18bb51f7d3ba;;;;;;
1a647d7af43c9c3b670461a78a711270;;;;;;
ed87a2e7ceaeb5b42f51bdaa0b00f376;;;;;;
4e4deaffb75612aee7c18a59e44eef97;;;;;;
dac302035a8c4cfe513a0e814bd69d23;;;;;;
88f5adc0f0f3908a3c18eb5a40e635f2;;;;;;
c6dc5f50d7cb36a5babf4c7d5b4ec877;;;;;;
671e4d92e804569e7c9d84f02bfbc84c;;;;;;
c1d02f5da4d29f91d67a1d4b95325bb4;;;;;;
2e297bf602102eb817e870ef019ae0fe;;;;;;
165b85ba8485befed6673341fa9cd869;;;;;;
cecd74cfef871f3fbf0fa6a023c3fd8c;;;;;;
f72686db2434d1834eaf2d6ae3e5284f;;;;;;
b31e2af53f24b851e9c82645c7dde400;;;;;;
25f9c5bce6936dc2fbb0db6d554405bd;;;;;;
894b3615a5edd4cacc5d0fae584299f2;;;;;;
dc5e9be95056d8128bf4370396a39b0a;;;;;;
e19873385ddde3d18ac7cc5d5170a8b4;;;;;;
789f6080d93a2fe0020d9c91c1d7055d;;;;;;
f152626d4656221e0a8fbee1d3efefde;;;;;;
5faa420c71b9dd5bafdf7582c49ef191;;;;;;
05e7349503008c5414688da1e09961e7;;;;;;
c9690880d355ab349ae70d77bfe7b342;;;;;;
42917ce3f6aeff1ddd6506de58226ed9;;;;;;
5f7519e795e7c80eb2e4fce096dd8892;;;;;;
2951ed0658dbbab47b96360ec3ad7bf2;;;;;;
46e3675757221d3d57b8713e00f74af3;;;;;;
3ac7f7b334a387c0af16e9f64a9e5459;;;;;;
64084def18119d3bcf8c16bb18e54387;;;;;;
4cc424180f92fecc060a51d155eb9d97;;;;;;
6f2878ca0529aa08701ef2acd5456b5a;;;;;;
a11b173b02d5bba263981ce17b14daf0;;;;;;
6f2f016f11b0a6ef193dd596ec733fdf;;;;;;
04db88078868cf3de70ef64b852a808e;;;;;;
6f5f81b8c0190b0d0ce6fc38d8689640;;;;;;
3a0dfecaa20195c7b7716942c9f53e53;;;;;;
32c9fbd0f16b4428d2c9dad294cd4376;;;;;;
673cc95607ed99afd819799f507f304a;;;;;;
1edbfe33820a667f1ce31d7f5ad1fdba;;;;;;
ea7f202d959c90a031cad5a6b01141ba;;;;;;
b04822da39fdb728d5e3062e10e8dbc6;;;;;;
4ee4b816b95aa2f365a902c25f8af031;;;;;;
6aa6631553d7ebe50f4589095be89e92;;;;;;
ac909501df6e75c33d0e2a4b4626d146;;;;;;
7e1294de382576bbc17e3fbe9d993475;;;;;;
8e0b12ff4d30ac39d7cf21c8d1003686;;;;;;
378919f3505f7d29acf288f6f2958f4a;;;;;;
a67e4b6ca745ae7062bd08a4ef559081;;;;;;
7b7c590e5fdaacb8e4fdb6b2b5cf6673;;;;;;
544c8120d0309ef0519d85c5fde583ad;;;;;;
9413c94dec9fd0509e6085364c06f418;;;;;;
58f4f9bb09b8babcaee7d5b6de208908;;;;;;
2f76f8f8e5fd40c7ae2bda58da899993;;;;;;
0d5a10902a443800e6fc8854f37bd85f;;;;;;
e97ba99e81d120fbc6ce73db06974a0e;;;;;;
ba348cf4e58df49a8195fd5a168a9a40;;;;;;
3bfa695a3d1284419282b722bb3e6663;;;;;;
a1305e42564b4165ff55fdf850281ee9;;;;;;
5e9c3e2e853c0445bbeb8a6374339277;;;;;;
677dfac311863c910cb7213b76193089;;;;;;
e1e87c4a524ee94f01a08983cf388d12;;;;;;
77f54717a1e90e50ba43e2f1c3e210e5;;;;;;
13e5e33b28b60a18e79bf7db30174645;;;;;;
6c56d4c32e82f59187a52706a7801a16;;;;;;
5cd95deb78233447a1a4005dc3c1766a;;;;;;
e7c63fcaee643f5df422252fb7c87db3;;;;;;
54d71af8a20cb71d65233b05847fddd3;;;;;;
da9be16993fea29a407e1f112b86e4a0;;;;;;
4839ac510ebc068783bb286dd4355979;;;;;;
afcddb6ba724e20574e87f65670f9936;;;;;;
61e70dcb50f4b68081a36727948783d2;;;;;;
08bc93f547d237927179b16f7baeacf4;;;;;;
b6be863bf27b42de3439632e67fefd2b;;;;;;
2b09630b5637f4b1dab52f8e9cda739f;;;;;;
b1a3b6dc17203b305b47c89c4400cce9;;;;;;
27291efffa812a41020e6861a14887d8;;;;;;
f374a7418a6e9d7e83974e439e5bcdfa;;;;;;
f2e34bc8c6903b621da5fdf36aff3176;;;;;;
73d7dbed0e1f7ee93e0e2d9bc70b83ec;;;;;;
afdc69a6f7b5d5650c8b2a6bd01987d7;;;;;;
01d5f1e5035cdb99fe2df7f57404f6b9;;;;;;
f277cab2afd894a92bc6bd5a66d9816b;;;;;;
c2f42d86e7c1e48b7a08d3ac4ce3ad96;;;;;;
bdafda19d6f46e13b863b49c0b22201d;;;;;;
ab421562cb5dbf3dbb139052f857ed25;;;;;;
0bc711f5ce0c43aa893cbd6efc8e6a00;;;;;;
cce17042276af8ba827ea23833ea49d4;;;;;;
5ef7dae37de749b6db94dc30010ba6f9;;;;;;
91fffe0b1becc2e3a237b4beaaf5e301;;;;;;
36ed8edb39fe8576f3a0a0744dd6d184;;;;;;
c0902825122180394d1c87b70f7640af;;;;;;
28829d7e86172d3d21ef6aa1fb644986;;;;;;
64c407d88847811fc7dd67b512db899b;;;;;;
9d1666b9052fea3b9a324f23696d1abf;;;;;;
9dd86ee99f39d370d7735b50d28e1ee5;;;;;;
7dc164a740a5f8468469802f22d72bf3;;;;;;
f1721a8fb29e0dd665eab7cdb6aeba4c;;;;;;
4124151be1794ea249b8ed183716fa9b;;;;;;
415d9f50da224e78f8617fcad1a26c2d;;;;;;
37726f3e5e37b12aec6b5132bebad0d8;;;;;;
d9cff99a8147c5965a15ddcd01864a78;;;;;;
69efcbbdad271afa8659a41ca0064893;;;;;;
cdb2cc9331901f0fe7078972307de591;;;;;;
96f4e5ef20f565ef38b609a1fa423b30;;;;;;
7b952d41a946c872daa32d16522ad8b1;;;;;;
f1e1dce3ecb99bc44eaa5a79ad96ff63;;;;;;
2f09a5a483ff2f614f5bae5eb7a37239;;;;;;
829b28076306a4ffc847a6f8d7a77112;;;;;;
44e19b5a1eb5bc76b201d20258e479b0;;;;;;
734a7c17b5050caacd1aa29057de063d;;;;;;
9820453ce8d039edbb57d8b16f0b63e8;;;;;;
4abd7a23e8af7462a9930d1e39052e67;;;;;;
12c5b357fae50372b18f1d5fb5ef8bca;;;;;;
696cf19e3209556f16bbb2f9ce4d3ac9;;;;;;
6df7a64567b3a24703a3067633d025ca;;;;;;
be706734b17622309009c1ae60f9d34a;;;;;;
023d5ace6a5651ef6d7756358f227aba;;;;;;
3690980bcb7c28c9103f74d1a41f4f3e;;;;;;
b01246e5798dbf96b4ad3a215dc1434d;;;;;;
3edef42c1a82985e775bfa0888ecd678;;;;;;
aae01dbfa75006e887677584d6875119;;;;;;
f995c3b77188b9bbdefa7b2ad96b803c;;;;;;
a7a29e8667f59992ef447df5f042de50;;;;;;
e3a7fbfc8681043a2f0cece19e89c260;;;;;;
9aafce200aa3fa2d34f2217d28de5a31;;;;;;
1e5303e76f2d65b14538b0467f05f073;;;;;;
15263f34a62eeae60652bd02d6f77a68;;;;;;
82b4276c8b4a3b8b65cd1819c0f4c039;;;;;;
4265afebd764e000d1c484c436fc26c5;;;;;;
5ea8b774378a1b6b2943451e941d1b9b;;;;;;
44e8411b702fe677c984802dc9ad9d97;;;;;;
6e16dfde905c4f4a93e8400e8d75bce9;;;;;;
596654253b6279b69178ffd5c6b75511;;;;;;
3f7eb604e7db50c3615f58f218368925;;;;;;
1bfba6a241963854667f2cd1b14ae37d;;;;;;
e24b840e08408cabc25460ad60c6966b;;;;;;
8c13418acb9cfef09b68f51395aca2ba;;;;;;
522326163c9d02d2e9f581f47e55ab63;;;;;;
e61069cb3eab98dd8be4b22169aca312;;;;;;
a8eaaaef148f8c9ff7d43ad94fdb51b3;;;;;;
a5bc6421a1cf199c9b6e2b04ac810ba3;;;;;;
4aab63dacdbe5f44fe3da9287319bca3;;;;;;
f99ccd00119b23e43e8be11c2eb5ce2d;;;;;;
2bd71e6b505ca03c8ac009f1631ca633;;;;;;
b6c8ab35187f137a4c2090383719225c;;;;;;
2f3b74d9be06eb9658ace151f105a725;;;;;;
cbccdddb3ce9013f4b9089173720c94b;;;;;;
f85233575b39f36d750b56bc1a4bb1ef;;;;;;
08329f7b48da556b9121b97192a7395e;;;;;;
0c7ad71b6acb7b9e7e1f9e4f94534a33;;;;;;
5349cc3105b9ac53cc45e243e5d322d2;;;;;;
cc4981ce18e4d2b51dfce8ee64848979;;;;;;
7783973c06df8da689979b4d5911a18c;;;;;;
f8b1c579f796a861ad1ace9b963b64d3;;;;;;
2d67877c4e07895a81b941bd8a9c2b8a;;;;;;
eb79560d9d843d754d1c255428d7654c;;;;;;
c85eb9024edaa14acfa8f3fd038b5faa;;;;;;
ac07bbf70a455b2b91a3847feecea347;;;;;;
486dd0b2744fb76d86b286e90c3dbe81;;;;;;
c7ca2550eb7f7c46e237cb1526afa950;;;;;;
09603c5ee820e2a62b102e53b1a1f67b;;;;;;
0b20397421b2da06fea882ca33e76470;;;;;;
8132cee20a7df6ad7bf284766dc0a62f;;;;;;
93dba9d67cb6ca9d83a7b4919bbd8b14;;;;;;
bd7e208171b718e4a870ee7990cb6137;;;;;;
e3386c9ae9bd6f6c899c91efbc504979;;;;;;
8454b4aa38d682f6a7af3e4fcf0c1eb1;;;;;;
eef5cddbb069305f52b240772f963dde;;;;;;
490eee6bafd629232a74584991639304;;;;;;
ed3f15813e6338e7f20a5c8d429c60e3;;;;;;
a3e4ee1535a5a309e7157e8125173266;;;;;;
ddd7b558fe6bc7ae62d8ced20eac0fd2;;;;;;
2e7d58de96559cc983e63d4cbecd4a8b;;;;;;
ce97171f301462ef1f32a960b27b7afe;;;;;;
c7a2fcd9097a6363d3db8665d1233987;;;;;;
28bc0866f3e8de50322d6a38101266fc;;;;;;
51986e426e96f610b43aabf71df40e92;;;;;;
b09154d91098b6cbe6449cec2228a7a6;;;;;;
edd5cfe55926f8b4509ee753a8d3e5b3;;;;;;
ffe306dadaefd60c5ea1c2cd0834eb4b;;;;;;
b497f2c50e760082971235646b2a28f8;;;;;;
a740655516ded16be67fe62f7a98e706;;;;;;
9a1501962d16842ad05200eed36eeef9;;;;;;
9abd2f1be9fcdddb2d1a7fa752535e7e;;;;;;
0869dabf0b378b3d358f377588bb4a31;;;;;;
952b25ceb165425b4d7867dcdb3777b4;;;;;;
634081044d46b4d0b446d27b7a61e946;;;;;;
7a78a1a4cecc4a3ea1414bb9416cc4c1;;;;;;
c3c4570ad66bbe2f75cb66f8a6ea6f35;;;;;;
1deb245fd8e3091d744aa2f8a8e5d16f;;;;;;
0fc46be53ef03c2e971b2f13b7010879;;;;;;
f230ad27abe1223fdda28ec976343518;;;;;;
fad8474aabf2d5aadca9f7da7bdd4e5a;;;;;;
77886ddb0489dffdc14eb3ead6e21807;;;;;;
4311165d59658463a96c214920f72617;;;;;;
b241143acdff86da99314ac170f3cb96;;;;;;
34a0a22bfdf9737d13f73b9f9d0221f5;;;;;;
458790dffe2ba9a1c69665ca2641e0f1;;;;;;
293f8be0656323f09be8218fe91d50ad;;;;;;
c867d9100c81152b447003e5b619ac9f;;;;;;
6bc0ed7b6ae191027c1110d116350e15;;;;;;
6ba50b181ec4365acc930a5bbd45cc6c;;;;;;
59f4e7b46d4fe3b909b2fd2390bd3898;;;;;;
049f0e5ed6a50500f32d0498f18583e1;;;;;;
6fdcaa4a98bf78dfb1b135d42b7a521b;;;;;;
801f1f9d5a7c1c73b3c231b65e373955;;;;;;
2161827ce85f43e322919eb3bc7d1be2;;;;;;
6df602a67dc696adde9e3cdaba51418d;;;;;;
6f38d525fb049d564612d81e19a5c086;;;;;;
cc76e486f4e29663ce5671cf767a6bfc;;;;;;
e26dc29778733e7a81bc7e6ac0b9feea;;;;;;
90e8e7aacce71296393be0c7ff7b4d1b;;;;;;
416b0b78d90e710289a54147c6a0f9e6;;;;;;
12bbe27dd818acee808eddd74f52f1e2;;;;;;
09c59086f88cd1c5128da6633c7274c1;;;;;;
463e350cbc5eeefa61e053a21aa85fe0;;;;;;
0cdc63cf3cc93796e4cc738baff7b9bf;;;;;;
b15db7d059d7f1619449563e6b84fe48;;;;;;
fbf5f2dda5a136686e86bd297eff5f18;;;;;;
0bc51784a061b6f6d94ab93941cb6385;;;;;;
536bbb1763f7a5d2edaca763751689f3;;;;;;
09423f33c6a7099e1f3cbe72faca10cf;;;;;;
b693318c19df2a7c81727506300bcbce;;;;;;
90f1633d357b842780f7084fcacc1fb6;;;;;;
4457bd37cdbc6910e956553e4dffb4c0;;;;;;
8794b5e91b6ecc9f97f82c26a2333552;;;;;;
8c1d5617ac5ea914cb659ed6e61d3200;;;;;;
853fb82ef97da0484a474117d7729488;;;;;;
38599cdbc2efed17d44da47ea6b1aec1;;;;;;
3f71b25b2e77ae4c5343a7d823e374f7;;;;;;
619c68b6d8efb2c2a45ff74043753b0e;;;;;;
19e664fd6b3cacde43a0e8fec5003112;;;;;;
f1196b9a7a247c9145431d20f8535f11;;;;;;
248d8ac3eece4aa115ef929421023987;;;;;;
44bc9df71d1c15645e7ceea9263eeb52;;;;;;
0f3c2a873ab2ec70a0bfc57d1001145c;;;;;;
cede371f33aedb3cafe06db609368beb;;;;;;
2c280a7e59003b28da3451e8ece460d0;;;;;;
365339061f35698db12467def30713a8;;;;;;
4c79b1f2b9c96a6d3eb467014d8c3700;;;;;;
7d09b0119dd09ce9ed13dac608fdf4a4;;;;;;
cac42b13769d97e3d084413a2d955996;;;;;;
169d02684e2bc33c6bd29c1a21a4aff5;;;;;;
cce3ac5e095cd1c46b007b911ff26256;;;;;;
02cb02a302fb43e08fb8000c20ffb64a;;;;;;
957ac1450aeb81b10e8e5ad6b0d12f8c;;;;;;
3cf681ba50f1d48bdf1a3081f5af7920;;;;;;
ab284bdd1d3d0fb06ce080bfc1b56d75;;;;;;
6ebd4920544129a31d79fb279a6fb0d1;;;;;;
a850003b3f4fe2999ff32c7e291f8bfd;;;;;;
fd6cb200788cdcc0779510a05dfc2f42;;;;;;
69bc03c40807c9ab49e8b1b26c204c9a;;;;;;
82851b2ce88cfca970a39c5d5888029b;;;;;;
71a68109a6952737497ecddbf3aa72db;;;;;;
7d45657615cc42c5200061afa42bac2c;;;;;;
3bb79c03859145c8ec7ba71ec6e3480a;;;;;;
b8e745c58429ca916ed81a7df2820156;;;;;;
932cd78a7b1000f191bd83e1b9c22ad5;;;;;;
8f29267970b115711871fdb3b3037cfa;;;;;;
6e3716095f5d13c0754fc29e2ffa4c34;;;;;;
aec41347698aa497c77c68d8d7448605;;;;;;
b5fc126b2ba62fc6e6dd8509a73a9fc6;;;;;;
cad9ac70dd75e588188db46963c05259;;;;;;
be7dc7f43a24a0fc7cc8338a0bb380db;;;;;;
1dffa2a0682fed33cc29b8c99728b3af;;;;;;
feb41d305b2831a2e0d63417863db83b;;;;;;
054a23e65713d90b89ab470dc8a859ec;;;;;;
c6ff759bcf30c39c03b7dba3d2034221;;;;;;
f81f0f0622ef1ceb242d2f8ccfd22c1a;;;;;;
1147cfffb64e36a855b15404d6f35388;;;;;;
d500124277aa4b1aa25f36abe7976005;;;;;;
f649a8dc6f0b50096150518b0f2fa0e2;;;;;;
8eeb89105105a65ad118229f46f30666;;;;;;
c04dc09e612dca23131d7649c45d76b1;;;;;;
d9fa48786f56625cc96acbbfdc264fd5;;;;;;
20856a34e661444ba9ed6480a8cd092d;;;;;;
08bb46473d1b71879dc531947d3b2776;;;;;;
fed361e6efdf642c09416ba801f2a75c;;;;;;
87bf1e07770d65bc1bd36b099a07f742;;;;;;
f8ed21d5586f8d7deca09e225872661c;;;;;;
3db15b080d93d1f7834bd85068fdf150;;;;;;
56718692c4cde126d463e74626a8895f;;;;;;
3ef52a445c55441bd4429286e6932320;;;;;;
48de33b5e1fea51985bd3b58d21281f3;;;;;;
5c13f797ec88c3343fc68aa0688e730f;;;;;;
b79d8a84e490a71215335895622c6751;;;;;;
7eb83524ec9005dfa0aeac7a9b2f64f4;;;;;;
d4ecfda3854f41a051fed8dae647dd86;;;;;;
1a7a68961edb0544cd00c5d4cdd1af0e;;;;;;
d0bb89bafa5f5b0b71b6b8260f0b2923;;;;;;
c980a368b78a5fde31d7ef04c423eec7;;;;;;
f3c65e40ce393d204c47255b0f377b6d;;;;;;
5bb00b2dfd64605362e31139b3347c32;;;;;;
68e2bbd7758666c8d1a1e14fb9663874;;;;;;
90e503c0a71a0971d5730f723367b18b;;;;;;
70ce9336c0b1a2913777bd121c8f9cdc;;;;;;
67dfc0e69da8200b689418ed15ca53fd;;;;;;
a63feb3d2022f5aff1f731c50b79521d;;;;;;
8f6fb6ce0a9688ea5658160729501eb2;;;;;;
c4e4bfeda55cc93feeb37daa4889b022;;;;;;
46c81eeaafaacf202927a556e71d308a;;;;;;
f35279e929eb69c75762bd1da17815e2;;;;;;
8b64f71e13c9781add160e2806301df8;;;;;;
89a07ab503e076334faa6c7c973be96c;;;;;;
b64572846ef7f216401468feff26570b;;;;;;
83cee420fe3c481a609960f8f8e91b4e;;;;;;
669657784667595b22e33ed5f4b4d7ba;;;;;;
bd545262feef9c6c4400eff332250fda;;;;;;
7e8f010a5fd2f6adfe58453beabe5928;;;;;;
5b8f3b62741c28899c8bb9182dc72fb9;;;;;;
a5fa56bd40d8613e57a02cd6cb71d918;;;;;;
2f17652bf2d90245ce838a1be38a2d80;;;;;;
48a04069bea5b7489e4489fdd91012f2;;;;;;
2601322d8ded2da4e3a676725d12603c;;;;;;
8e8430b062022eaeb08f354637a0964a;;;;;;
52e7d2aaff2ead8eb260f80139d288b0;;;;;;
0797530dc4f397e9ea9769d88886b382;;;;;;
ead42e284c84535b29edb830820c9692;;;;;;
569d4fe39df1d7ee51f4e0d9a1c0cad8;;;;;;
7de9e40efaa23e445993143686c3fb0c;;;;;;
905b1babe107129f67663248579b2510;;;;;;
05b8d20995a6e29361f7c755bf7b2dfc;;;;;;
69571f0fb814cf25e07b25ed96864527;;;;;;
3426ef112a5929a388a6f2a4f9c19226;;;;;;
8300899fd122536289680a9244046867;;;;;;
a84bc1c5e2f3c526c9c49793d43c1028;;;;;;
3994f71f72127019b9db30d560aa751d;;;;;;
4d1bf45dd24ce354466907a14317c6de;;;;;;
35111481e0811c71f87b4df9e98dc678;;;;;;
c4876323a0052b21333ede6f326c721a;;;;;;
75dfbad3cc4d257aafe520b2dbfc22d1;;;;;;
74b48f029ac2add7e64a613de2ec8b22;;;;;;
1401a53a844b323ba1fa1765da4c065e;;;;;;
3f5847d4745c7e86434237e7118c89b5;;;;;;
3595a1d57ca70010634adb488d73810a;;;;;;
6ffca166daec726913b5d7cead5e0813;;;;;;
3d54ad1dab21103f13e94e681b992887;;;;;;
5296bcffc984e9fdb9887fa9497cb257;;;;;;
895a03029ce3d771ae691986caa51cb5;;;;;;
cd21156b788ab9488e5b9552bacf9910;;;;;;
1167e86389e02a1ef2c20a843ca76b72;;;;;;
3619151f1aa581f3cdf785d58cd3bff1;;;;;;
7997de30c0c44c80d709898ebb568166;;;;;;
f64d55721aec5cbb8ace08e6e2af2b8f;;;;;;
ec5f5c3552f37dd3379b046138110d2d;;;;;;
0fbf9fc4e92dc613addc86ed37ae9cdb;;;;;;
42632409753639bafb12522b853b7f9f;;;;;;
6d89a6eed85391485e792947fc7cc94c;;;;;;
7905d8476dd3d2531900489c22e9fc29;;;;;;
86d51c2df02aa91819b5d6ee7bcaaf9f;;;;;;
0a08167b55838f7e908fa1b731c885ac;;;;;;
cb3d0ee5655c5015284cc40711514e21;;;;;;
c69cb2c207111d44f466a09e17a73920;;;;;;
4a8a1878c71ebfd7cd351211401566b8;;;;;;
a85e796993e6f8352bb7f36bf39d9ca6;;;;;;
809a35f22549f3c0a9c01b45bed5a074;;;;;;
80d120ce38ee35e1aeffd0e5efc5e348;;;;;;
38af240d1aecee77031ceaa3a62c1299;;;;;;
a94a709fc246ce8e5e5eeb082ed585b3;;;;;;
e23555afec58395483668abc647fe89b;;;;;;
420a186dcd26f17f7fb4bf6b1b229934;;;;;;
8ebc7dac9890266efdc4fd14882f72e0;;;;;;
544ae19b994c3050236640a0b827ae46;;;;;;
8655048827ba8f9a8d3f87b4f51aa901;;;;;;
d7122634745b7217ff9d53322df11832;;;;;;
c1a05b291f645c91295c5c94cfd6d9bc;;;;;;
7781a6f338f98266b539b9174adb971d;;;;;;
95d0621a71038f6283a1b66630a98746;;;;;;
c13eefaa277ff7684d0517cc33a1c1a8;;;;;;
fad1de534f51b0d88e01ca1cefaf00ec;;;;;;
bac5ba003d58d82ed0f31888834d65c2;;;;;;
31d53b641036174961ff65964f87b960;;;;;;
ffb2bf4daf57b0f10afff763bb2e4a07;;;;;;
6230df2835640a8d7b74f20220f61915;;;;;;
4d3fe33ffb46da0e3a6acc6a10186f19;;;;;;
c074e3b58a972361e6b94da3e2a6f1cf;;;;;;
594b50ae0cff6b2918c12e3336243d81;;;;;;
c8f93a3f9cdbc9a12aec13abcf6954d9;;;;;;
5ddaf35db44209710c2341e035c3e803;;;;;;
52503a08443c082952ee13928bb3d466;;;;;;
38cbce9a924f8d05a1f76618879ceb62;;;;;;
9cacb4d130316accb8bbe073410b6fd9;;;;;;
211180714278f2cf6413c5bd9b40e36b;;;;;;
23142753433aa72e8586c29d6e17e61b;;;;;;
03f798ba37d9f70b9b1b59975f30dbe0;;;;;;
39d7ed7ffef176bd4b4e362de0b38256;;;;;;
92d884c18411d46f152bd999f211efe0;;;;;;
45929e52c2e65b85a9fe4eb2e96b34c3;;;;;;
34e230f573e090830b7d47f1454c88bd;;;;;;
2b31e60be83926b4e728948eff81250a;;;;;;
7183663bf25a9ffafd0a1f88516470b1;;;;;;
00c22bdac1c6f33c94bacffc6928ff64;;;;;;
939212db60a767a908015591a8ad77da;;;;;;
4053b5f55f0638cc2f0fb4993d6ccf85;;;;;;
721b3688c1a21334441ad4294caa85dc;;;;;;
6391f787d76b0869b8c1a9052fb774d8;;;;;;
a51303aec4e6d8bcf98d936c876439e7;;;;;;
3b3cba393dcede1217104011c3028057;;;;;;
8777edf29253c6ec046b4f6d8ad0e041;;;;;;
8ee0dc094034c4afd7715b352a6ba3a8;;;;;;
e1eda233d9138dae1cff141eed559d4d;;;;;;
e31ab76023154a31e359f331bbdc62cd;;;;;;
6d092b8d9e95f52cc01def6087caf2b7;;;;;;
62e5ffbf8c5cc82c3755255998e4f869;;;;;;
a65ff745cc0fa685950f4598d90ece44;;;;;;
f0dc8e118d76660eea6369347480ed14;;;;;;
2914987bad1e249d4b57571b013764dd;;;;;;
3089d7734fbb2d48c6c44340cbd1c3ee;;;;;;
77ec8e580e2445d07b7ba8c65c6641e3;;;;;;
a7781cd038af283fb09b5ab49e09cec3;;;;;;
d85318e723dfd801beb75cf56f5cf15b;;;;;;
659f0c17d794218d7f3a200283f75425;;;;;;
9376e0a254fb5ee5fc9bce0e5837f317;;;;;;
b810d0f442905a1f328722076b1f917e;;;;;;
887b0695a9299a5afeb8b3ed7c0d0982;;;;;;
ed8656be71a1731c987f59a9f154f52e;;;;;;
d3c91987f93da0cf212aa1c7e6502e62;;;;;;
71e819e1cce15c3afab8fcde58d53507;;;;;;
6de9de4d640acf964c31701e99e24dfa;;;;;;
498a86231e66b03fc7896a076ff88a4e;;;;;;
37190b4c7313e834921a974570fbb5a7;;;;;;
ce0ec68c45261c08b42c0e9003edfbd6;;;;;;
0630b7abf9b108655f0762906972e75a;;;;;;
9cec7b7b59b4b0adbcebe1d5ba2fc2a1;;;;;;
53d7d2ccace3abdf377543cec78431b0;;;;;;
1733310fe0393681cfda4f49783b51fe;;;;;;
4e8733865bf91117d523336e9d472ca3;;;;;;
1d00336629321e68bfa054cad453ec92;;;;;;
bee62c9108ab643d79e8a6a5586fe051;;;;;;
981e06df6843856361c64e3b65fa9d68;;;;;;
c07106ff9b9ed0d2ae1e38ac9461c3bf;;;;;;
bedcce138609ca3addd2f0044f0eb78a;;;;;;
c62bc3a1842f8081e49d640290f6b905;;;;;;
fea2bfa409a978e6a28595302d5b1479;;;;;;
2fd9de43f5e5a152003e9b6133d4bd33;;;;;;
379f2835e858719df220e76869d4b53b;;;;;;
6b5a039239f339c4c84e04a80b20602b;;;;;;
60872b72d0b9074d227b23c870956983;;;;;;
5852d04a46f80017707397c6a723a269;;;;;;
c3e314e52de31dc0021c363277e75526;;;;;;
e428143e3b33ec25c1ed5411a74a04ac;;;;;;
e861ef645e686c05b61fbc8ecb5538ef;;;;;;
5c361e40a8e25565632eff535dc4570e;;;;;;
ed6510d5703093f7efae211abed8a236;;;;;;
ed7fe09cd353c97ad94d92ee318d542c;;;;;;
8ae64c50d4ce34e12e4c3312f2608d17;;;;;;
bd96f6672a749206a0ee7b881dc79923;;;;;;
a97aae9c4a8852974671a614d275f99b;;;;;;
a0c8295713b712c5a3634a83de752f55;;;;;;
1cc728293cd62f633e218293a6bdb7bc;;;;;;
c3b786128629735401773a9146f103cb;;;;;;
ce06f423b8f7b14a86e3cc7deef22d71;;;;;;
99d7ba079edad37461a5e79bc311080d;;;;;;
c94c5068520e360299af4bb7a168e0f1;;;;;;
4de5a318921d84793809eda6c0c076d7;;;;;;
00d0b74d01d592d9f7bc458040c22ca5;;;;;;
cdb472f56ac39116b655fdfcbe56c45b;;;;;;
c46cc3a17603cf4b7fc262dde97d9151;;;;;;
196c4765bf78fb58dce10f0d75b3e29a;;;;;;
85d15ab9a562611124c782df09010bc4;;;;;;
df38b6754be33ff4f4787d8c7dfa5c03;;;;;;
210ac25b3093cb5047bb81e174cd1e0c;;;;;;
a04552f69622a090d9f13309ce80712d;;;;;;
3916bb0078235c6b30c19c1affff1cc2;;;;;;
b7dccf6d104f4a4fe3f08510b8e906f5;;;;;;
fef78ac8f6efe66d3cdc1919aaf672f7;;;;;;
7bcc34faa5d607912ceb14aaadcfad75;;;;;;
ac34e173e35a78d72cf0238788a8a75e;;;;;;
2e4fed384efc5551ecc0bd85017161cd;;;;;;
955c2a275fcff9749b5aa901a02b23fc;;;;;;
db5d6fe7f165be7fec756b15588b90f9;;;;;;
fdccac8650fd2a43fd78d4d5986a4d0a;;;;;;
4c745cfef1966053995992808e77ac32;;;;;;
88cd65bf7b6402c4b39395d86c77dbba;;;;;;
0fbbb5e0ac9a67d38fffcaf245d73dce;;;;;;
0115f82ceb2776bdfcc0dd05247a5e3d;;;;;;
26e529fa59266c9438e62ca87ac62450;;;;;;
af8a86ec7bcfcb828a34752aa02faa24;;;;;;
f9d54c561bc74aeb76d250d1d5f31cca;;;;;;
a3ab246a096792b270ec781a26b74e34;;;;;;
dd270705076133f3687e11787bad9e2f;;;;;;
0d89c9684b7d6d2f05a1e8ecf48eec94;;;;;;
a46c7ca389707e53960d31485ca52c1e;;;;;;
25365a65db10967f49b93c33ef4688b7;;;;;;
68d603311f49884cbbfd338578e27fb5;;;;;;
7b2789382e7ce47485b1f98137bf4ce5;;;;;;
5a1193a15dfe5de281a65339088609f0;;;;;;
5ae950c546d485dace4b311093ffa6d1;;;;;;
4cbe7ab7a38401da873b4b724f482d37;;;;;;
748af1c5c17cfb63d2f55bd182ff443a;;;;;;
1e575e510467b3b5ae8e86405d0a5bb3;;;;;;
95dc5c9c9511adc466924ca848d72066;;;;;;
65ddb1e2c353d288bacf2a5ceb07423e;;;;;;
2b3b0f0b4f487c09e30a1de719adff14;;;;;;
9b3db2f41e650c2b0affc76074fface9;;;;;;
68ae268a831c85780c9800f735f345b9;;;;;;
dd6014c9a09e199dfd6ecc07acfbe637;;;;;;
ce3c06623f4d68a67fd2c99eb35b1860;;;;;;
b2ac310d64f12475a78b694521354801;;;;;;
2de28c5b47419efeff20fcc898ebce39;;;;;;
07095eefc47b6db0388b0cff58428cb2;;;;;;
2ad00c9cbd78c853644e593250f75e40;;;;;;
3637d2f2d257324d2863dd227c6bf395;;;;;;
69697d015c8d2b5901e2931237871f14;;;;;;
0014bc7456757ee6ff16dcdf72ec7081;;;;;;
61fc6d06ca7d08b2ef6b0f533a96497f;;;;;;
d4d97fae6f79348640f3b92d7b2c5f0b;;;;;;
071e8abc1aec9586de350ef1a38be48f;;;;;;
972901b36f1532c21b861343f20e6ecb;;;;;;
d0c41586c59e5c05fc716dd328c6a175;;;;;;
65b020f79a5b775bbe3bcacc58d8e62c;;;;;;
f3b473db1ff664f9e9db9a1a1fac1652;;;;;;
cfadbd5fc1ae4d55002ab8f6a7ca6d38;;;;;;
8b23937ab32123c661bb9b53ae74f79c;;;;;;
85dab42fd17d1551a678110ae58cd682;;;;;;
d3ab03cee0ed91e2c6ac11ba77ca7e53;;;;;;
aeebafb3641c887904fd946af66588eb;;;;;;
c403966a91b2d9d1b9069d414c7666f1;;;;;;
89806ca9e27cb8bb35059d925a84bf8a;;;;;;
873ebda0cd64b79aa890f77ecf932bff;;;;;;
a83fa9a329d0a33d99c56d2d20b10be7;;;;;;
52fa3bf99f6eb25c848a10bcca1d29b7;;;;;;
08b030ced8fff0303e4d75ba549d46c8;;;;;;
628e7465ce2d1b1906cb465a2dfdc243;;;;;;
83c3064fc79251fd8c506d194b364a7f;;;;;;
0ce6a97d14b2f0166eeb3fe408c506c5;;;;;;
ebac366f368070929ad19d3ab4f4470f;;;;;;
3fde01d35259cbd4f471eb60521c1f89;;;;;;
4ae130e3ef49d9e8048cbe432ed8acc0;;;;;;
9f7a71ef5c835abf7a866969af418334;;;;;;
e52f643b33c8e45fc7285bf69bf8d849;;;;;;
ee76e66a9cc6831ccadb757cbd12364a;;;;;;
53a681bb73afef4037e8146dc1ae7863;;;;;;
484b3ba0f3a5261e509092a766372535;;;;;;
17bf1bb7cf1ba33181ee8522c61519d4;;;;;;
3837538688633cfef95e8e90137b4824;;;;;;
50b844be1889e42885c18ef8f2eb18b1;;;;;;
4d87adf49220315e26a4d0f9e28b74dd;;;;;;
d3570d404fca0c7c738d253519d095e1;;;;;;
002f2b9848ae19ab5bd71760f337d5b1;;;;;;
7622c42a7884c1c1415493194b40503f;;;;;;
14004338b4182695e82443bf008a2656;;;;;;
f17b6feb64cc202914defb15d5958b51;;;;;;
0a2d997ee75d0c0bc0a1553c87b44681;;;;;;
c1d6cf535a5fb670731887a0ec7c9bdf;;;;;;
1e1dffbcd6c6d825161e1f4acc9221dd;;;;;;
d6e641374478e05cf26d96795b989d77;;;;;;
746442289c633a34db6d5a4ac8c4896b;;;;;;
4d9360fadcb68f355c148fc0fe4e7c58;;;;;;
8ab5a3894434650e6926f5252cf23a75;;;;;;
3a9684fd866400f8c0d1d2345f7d92c1;;;;;;
9313530255f7461769d77f29ccc9d7b1;;;;;;
a0021c996f7667495ed657600254a71d;;;;;;
b72f5c11e501d3d4005a7c661c4b4a28;;;;;;
6c2f614f91c7395758882d3814920051;;;;;;
12d2281bb2f4275680e99e1531f5673e;;;;;;
4a0cec8b6d81b23eb1f1d1b012ed2d75;;;;;;
c0ed6ac7e68ffda8511c41d32b106558;;;;;;
383161895cd23f6a44715aa8dccdf56c;;;;;;
228200d2438ad1635e066033901ba0ab;;;;;;
87d94994d564d531ec79b5691a93d58f;;;;;;
cbfa7aab3e2ba4d815a0d3eceabd88b7;;;;;;
8e021b62de1590e21472f440f852982b;;;;;;
054a042048f1a9155fa3d6f0e5813747;;;;;;
a08ac5a22847b0897deec8030fdf9e49;;;;;;
38a7ca56d4177fa09b62579d6023f3f8;;;;;;
98c03677a1ef00df7659affe120405d9;;;;;;
2a7ee648219276585f43fb818877a4fe;;;;;;
8895ca316da4d3f0419dc0bf50d64806;;;;;;
97fa0fa4fd873d737ebe608e690e7042;;;;;;
89dbb90b1a68ce3fa004b7f7aa4ae347;;;;;;
e974397477f6001e9e12e5f3c7e72b58;;;;;;
e1c29abe4b6bcc477ed5afad20677f15;;;;;;
79b1801c86122bfd8771e1326aaf0958;;;;;;
3314e67fafa66c189cdbc19719967811;;;;;;
4d990f0bae94e9bb3c7751a0e4d3a486;;;;;;
447145a117d95e03be9cb6b758f0ebae;;;;;;
3793ce2d64e96b97551a495f25ec3ba5;;;;;;
31bdf8c58b136f8367769b1c40320dda;;;;;;
c514802b8e1f7dc7c320c7e51c943f59;;;;;;
c32add38ed38ce2d115453157ef9f5d1;;;;;;
a951444dc95b7b1cb414d0a92712e76f;;;;;;
66a3b64543478552ba3f8e1ab1e13725;;;;;;
f3e05bf939121423d97c296d853be6d0;;;;;;
e0e45d2e4a3cba51aa7ef69dbb694020;;;;;;
10bfa8e43f5bafe9b2642c69f4384a37;;;;;;
a4b19be313eac1888da01bdc5633279c;;;;;;
f57bf50611f3bca5ba53f602aaa48d5e;;;;;;
7a1d18bca3d0462037cca330f8bfd9d9;;;;;;
1d1f8f96dc1c13eb42948a940dcaf065;;;;;;
da5ce282b09b6eb846fe2b5c25c7a3f2;;;;;;
644fcafde28b25315b7bf9ddafac8540;;;;;;
ef2db2a66862b17c9800ac77a3791c2e;;;;;;
8562c05cbb0805754eae4dcd94a53bdb;;;;;;
bbfe418e67bb6d552b658685bf5a1313;;;;;;
de89146f7e4e895ae04375805d5bef6c;;;;;;
ef23c3a9931c81b74ebd7a5f145e0e0e;;;;;;
90f7723beef6f62591013b6bb78b0175;;;;;;
943aa1aa950643bd9a5a9aa84ec262bf;;;;;;
2c63ec256227b3b78ab90395b0f7df3e;;;;;;
cca2b26eb8ee2f88c5dea8cdd3931175;;;;;;
9af72f991dbdb6ec4ca25b316df15513;;;;;;
b3c46c2ce981c053bb457dfac826d571;;;;;;
002d407462fe360b5cb8a757d403f130;;;;;;
eddca5335d6470c24ad71a4418b7c9a8;;;;;;
3e1e7fcdec69470daf0ebc1aa0afb1c7;;;;;;
aa9ceead7c3aae3b719002724b30cae4;;;;;;
412617257e2005441ca5b7e80df9526f;;;;;;
8faf1e47b91902c4ff55d62840a56f34;;;;;;
f79c92c06223b871212c47c8929be264;;;;;;
cd45c95409d864cc457a67f91d85e669;;;;;;
0382175867ce5d9c4221401014d74a79;;;;;;
9146f3887957fbd9c12c0716f163e60b;;;;;;
53a0d9d2768fba714ad3a71f5fcb4735;;;;;;
b006dfa57fe4d14c24d97eef3d8d6c98;;;;;;
1d95c722eb1b9fe4818bb002bf504a8f;;;;;;
b12c2bd33ce46725de490193d57ede6b;;;;;;
cfa0e41eb599b9d17921340c78e1449f;;;;;;
6c640ef7927eae720c9bbfbe98084cce;;;;;;
d10d2d6cd61add8b6c997d4a40a51bd0;;;;;;
7b90e61bf77011c0c93d025cfb93ffd8;;;;;;
37709261d5bccfc3f77086e4f637485c;;;;;;
1c5df1760ed4c5ae188acebed1867883;;;;;;
694a227247d6ecdd667a808ff7c211ca;;;;;;
483d3660d25ce356169b79564351e075;;;;;;
b1411f6def2ce193ca6e8e904be41abc;;;;;;
c0809ba525fc0c92d3de57c79ae48b5b;;;;;;
440f6c5552ba4a009862bf8ae710433f;;;;;;
fc757b53c14871d9d740135ff49ae84f;;;;;;
fc0157dd5e7a7921d65d129e04abf1c4;;;;;;
75cf6bd4acd3a09a83a852f3b697c8c8;;;;;;
45b6343d6d4a376e4c4c23da6b5cc7e6;;;;;;
370dc83564549bd2de5f105aaa2d46d3;;;;;;
65d2acf1ee1a7edd2a033b27043eab8d;;;;;;
dab073fcce1958ae692f5440db61e735;;;;;;
c0fea044d3ad26039d0761dea67aa231;;;;;;
b070f295904538435bcc56c46613f9f9;;;;;;
c5190a93ccac61eec5aec38b7346f9b9;;;;;;
db99aa6f37db4da538e47b0cd431207c;;;;;;
7555b07d68de08c9ade5bca84881c1f3;;;;;;
6937204489d1b8fca52722e75f079c41;;;;;;
8b9866ff7f8c58dc3b95bfadff2591c6;;;;;;
747a2b5eb902b0b473b2bceef20d1b84;;;;;;
88dd47fb1044d4370b1aa0c11d3fb17f;;;;;;
47fff1d036e39028b2418bb90881681b;;;;;;
f746eb75880b43fb4eafbdeed27da953;;;;;;
fefac7a0a23a0fa82c1c322f441358c2;;;;;;
09997d493b545d89ef6c8ebb489959d0;;;;;;
fb7d81223636ae23b6b0a171b3875a10;;;;;;
bdfdf44ec819eb26de0536f233dba291;;;;;;
bcf15a2242d8d7fe2c23b921c4d1c164;;;;;;
f022eee7b1cf652e527d904ee3ecbed9;;;;;;
b0ed21b5c55baa285717ab5e04096045;;;;;;
bd28175e85757ff85e0044b4ad3a5acf;;;;;;
64277f7c32e74edc968d43dfdf648129;;;;;;
4a825a10f1f2f10af51d26c69f4d4405;;;;;;
f0111a888f562ce270637797b6540538;;;;;;
68d8550d87906be3a7eccf5ebc1c7989;;;;;;
6a879c413fb4a37a07f60b79e6087d83;;;;;;
9c607700fb3312a6c6a856bc7bfa97f7;;;;;;
1fc126f7a216f86ddbc52c6bef8a43c9;;;;;;
5b1854a2ff2fd5c1465af862cb344c8e;;;;;;
82723c39072871d829b72979f0d54dd4;;;;;;
543f6896debf28db3e141b991fd73ecf;;;;;;
29e422bd7f1afde095c8f93cb59c5ae8;;;;;;
d3a68177bae05002c3d01b74cc38a745;;;;;;
cb554cf52f7be2fe55d9439ee0978969;;;;;;
f65937f976f3acc06f77f44520627f65;;;;;;
26c3ce79097f977de7bbd051ee0389df;;;;;;
1c2b3c01ebed277f0ffe00eb541618fe;;;;;;
80302ee7c601ec1c99cf8b020db643a2;;;;;;
02d86999bd4e830f3f85edb3bffb269e;;;;;;
34e35a1834d6d0c812fbd7abcdabf9f9;;;;;;
ea5214e05cfdd9bf80930cf65f22ec0e;;;;;;
0e63b974f2d9fcc505095640b21c4d27;;;;;;
86c9ec9d3e75360667f7d7d9cc72a7e6;;;;;;
dca5ab67e0214bc3a2d11e0f8f917a38;;;;;;
2d9d15123c538c318aedf03cda57c5a2;;;;;;
bb961abe1e091a880ca291dd911f2ec2;;;;;;
975f9d575493742642f9da8fdcc9e1d0;;;;;;
8e9dd1b61b0d6f5aa0479cd98ac1c804;;;;;;
05ab0243c60e84a202605ecb8dee946a;;;;;;
fa27d1ec483714a42e43c574967c61b2;;;;;;
c667c535b3d8a7f4d5a9425d4fe7be28;;;;;;
25e0d32572d06a1234156b1430b0480e;;;;;;
79f1fbaa5db6ce63862b0c02ece88614;;;;;;
734244d114d2b2a9ed9d1ebf18ef6fb6;;;;;;
4e8412d5a9fe5c54e79fd4df5f0a7910;;;;;;
dc4e3ded66778bfb16ba0d2f7df168e7;;;;;;
a76a3ec989759dedfbd773551ea4a762;;;;;;
c1ffba970698691e3cdf52776cab7d3d;;;;;;
04dfd54908e5e47e24089d7116077a0b;;;;;;
b48395970178d65a5c65d7070e481dcf;;;;;;
5ae2e6310e100bba30b0217c8126dbf5;;;;;;
adf72375183f7a124e10fcac3eece92a;;;;;;
7e71966e87c2e685d4001f9899368b40;;;;;;
c4de7c17c2684f7ca711c7821180714d;;;;;;
c6c8ba1777785b0aa1e2b546a9c6c996;;;;;;
fbe8f0dafa368a9d898de9322781e0d1;;;;;;
cf0f565444b64151f4d9c5d4db39cd12;;;;;;
5b26de86fd31a27869c7998a5d825d59;;;;;;
1cc45a8b75e717a72b8854343c99cfba;;;;;;
5e2c95d25df1ad8831403e750947d262;;;;;;
ad2038f8473d68a3b83e0c0f8273492c;;;;;;
399d85701cb601e81d0ff21a4e7d84f7;;;;;;
ad7eaec1ea74a3068385b6391dabe504;;;;;;
0dc4f3a260e48ba491811de0c7b46dac;;;;;;
0b8986e899737332d109bdd2f1196d72;;;;;;
046848dd2e8f54ef9dc4e1cd08809ec5;;;;;;
c12b47e6e47472ed21b2447546a3453b;;;;;;
7728481a871c40a3cadcca3c3e79ff66;;;;;;
ccfa67f5d7b3e456cace2cf850a86ea9;;;;;;
febabc21e9482f7b7ca0291903104a53;;;;;;
7521d66d881e8bbd3693460abe40dc45;;;;;;
81c00b37c5673ebd9a8041880515610f;;;;;;
6ebd720982f1f510d0e953a6b3cade40;;;;;;
a8053fc435551bfcc4e27b9ab30fb784;;;;;;
b8c425c8c139322456e01597d18abe94;;;;;;
76ee249aa9d5bc8600605f41290aa7c1;;;;;;
0ba6866aba6ed9a1c76e52991784dafd;;;;;;
c9735e145ef6db89d05dae496bbfc12f;;;;;;
1c51d6618d28c0ce13ceb66eb07999c6;;;;;;
c4b644300c27f4ee89c2f7338853b2dd;;;;;;
7c201176be5c32356927591b7d45c558;;;;;;
c705ee81b5f77d5eaf784a482894de10;;;;;;
6037583bc45312506dc21dbf050a5066;;;;;;
05cbb3c6d3eab42cf4dacab0deb7e7c6;;;;;;
b7de5e997dac4a78913df2a091b48961;;;;;;
d709de2a26f85e77a306817a98bce4b8;;;;;;
0bd3a7915185c06cea67a410d199f95a;;;;;;
2b619049b6090bcc55f680672492ba99;;;;;;
4186e527d751ca929eafdcc08505c67f;;;;;;
73525dee3b1711de6807d072594b7fec;;;;;;
26b930904a396356824bf6614e23438f;;;;;;
55717f242805cf7da1832a1c55efb3c8;;;;;;
6c366e5aaaa2fc3d59841f49a2efebdf;;;;;;
91f3cdb9c43411cd5debac609a312dfb;;;;;;
c6db6bc1549b14463f5df2976af8c134;;;;;;
ea793165c97640883e398142015822f9;;;;;;
9f14a1fd923100ae915fac6f4561e7fd;;;;;;
bf5c3b3d08c16e3c72eb9585764970b0;;;;;;
23e781b6307e9264ff7940bb016e5983;;;;;;
905faba56dc4f3bc1d8a19ea6b4de226;;;;;;
58046c467e71f76241927e470341d3fa;;;;;;
48075c2f20b60473810531ef3bb5c309;;;;;;
fbc9ed8ec10f04620bcba577d4c93c01;;;;;;
43cc3c928fa6adb3a9746b0bd5be0208;;;;;;
41a50fb7df125e224e7ff684b2c3f648;;;;;;
68176ac9552e31c7d1e6380dce733240;;;;;;
f3b37c3a0a14d57e9b4ddb739aee0ed8;;;;;;
377c7cde49961eb23e0225670dfb09f9;;;;;;
8e94186d6db861947b5fc898cffde838;;;;;;
82f9ed280b5e57d400395b5edce2bac0;;;;;;
d845cea53101b95e1b5ef136310d7a0b;;;;;;
49bcad10629ba9aace37798bb0763e70;;;;;;
f13702221e78d82be4415ac5254cdb0a;;;;;;
6f788f48e3eef51fa83f3d92db4c49f5;;;;;;
035e3c6f3124dd648c097ac55b761316;;;;;;
0e219520e05f4b7476ef19ab9abbe297;;;;;;
9b66e7c761b58d2b484e618eaeac9bea;;;;;;
5753e8827d857fad5a89dc5a886457d3;;;;;;
dfb5fe3eb0fb8f6a94f9779d8fd6731a;;;;;;
e528eceb7073c87e3f4ef66fb2e45ed9;;;;;;
4353d7edfdd97f8b8f47c188e4b7b320;;;;;;
c56f8482a0ca218c1f247bc008fdc469;;;;;;
f790bde4f3b562b70f78707967d903fd;;;;;;
b183d5e0df7e6a919686eb7039f1baf6;;;;;;
7d21cb57871ff3863078164374be3bce;;;;;;
d960c13595a8b129219a628a252f5a59;;;;;;
14b82862b7ba21458dab88b9b71b2731;;;;;;
a1c36c54db9a6044391dc15ee484a9a5;;;;;;
67d42d5a375ab2603b0a67a4a6a98b16;;;;;;
57a4c1cb540c58ba710d006b6299da7b;;;;;;
b80e7fddf1e098f1efe06a515de06d6f;;;;;;
3405cd75584ca029a4c0aa50c4ecb089;;;;;;
fddf86782cb7a260c05e07d81a818310;;;;;;
b7a42e8915d41a171adaa47c0c7bd4e9;;;;;;
1756a69477d151c7c5ee24fd9f93e9cb;;;;;;
b1a7e875ad8e0daeeb77c7e67b7d8329;;;;;;
0378fcfd583253519af0523c43511987;;;;;;
6625423b8a1db2526b5c948328376818;;;;;;
c9543c5ea65cf1eb01f8981d1acbdeb0;;;;;;
59ef09c3e097c9ac533b7bd602beeb15;;;;;;
1534da65387d932f3b19a681ffcf1217;;;;;;
ea156507b9b08fcc80eb6782f55928a7;;;;;;
04a1b298762f86c8adb9c5f2c9524f45;;;;;;
89ed167f07059f759fe289c9d94f600c;;;;;;
2e21143081ad63a5b56f7cd03b851a51;;;;;;
355589c70aba0b6eeaaff1ef5cb11b26;;;;;;
40d4367f49f3c8b8f467d1521bdea7f8;;;;;;
d505b96973619fe32e42075f3b534b34;;;;;;
1173cf356cace2b26774a74601567c4b;;;;;;
06245607666b34dd229c32c0f026cecd;;;;;;
6221c6a8d42121130c84573ba3a9db3c;;;;;;
ae729347cb44e5c453fa63b1f531a41d;;;;;;
f24e619273eab6103d5729621c25ca37;;;;;;
75fe2955ffff41e25426c6b94334cf88;;;;;;
e5e0c86085c4793c72c7bab506270244;;;;;;
d10fa3ee58fb7f7c2555111dfb34161a;;;;;;
c4a0faf911fdc76ae5048ee78dfd1d79;;;;;;
57cf9590eece2ff609fa62288d03ec4d;;;;;;
d6755764dbfb6c2ed035bf5bb87ff22a;;;;;;
005a8e824cc26fbfae403b57b3293812;;;;;;
808f689d63f8cb5dac7d3612ddaa5391;;;;;;
7f8de9061c8055213d06d14cad5959fa;;;;;;
fc20ae9742853c5ac269b7f67aa3fd14;;;;;;
18b81dfff952812eaae96bfb79dbae76;;;;;;
fd7fd19a887689b064beb1ae167cf8a8;;;;;;
fce95a67e986d4f0ed16f21d51717780;;;;;;
e3c0798ad8afc30089242f4183b700f0;;;;;;
e3ccec12bd51622234c7677bf32482ef;;;;;;
5d5cf71f9919a1a9c35597d62c46f2d2;;;;;;
4638aca17857daa15bc8e02a844742d4;;;;;;
6d890d40471aa838b5102dd8d5000eae;;;;;;
48adea2b8a4422b0af38e7e53db0e9e6;;;;;;
1c10b5e7699b1ddd82a5f654df5bb461;;;;;;
b84bcf32443565b03e0962ba65eb820c;;;;;;
d173433473ac165a4190bbd2f0f13c99;;;;;;
0fd802281980b67fd235e79b4e479a48;;;;;;
17973da00696eb1f8c8a1c28bea189f0;;;;;;
f0df329da684cb27dcae4525ee7884d0;;;;;;
826e094b697cca515e8d259ef45cece3;;;;;;
e22f39302c58a1722b164c0fc20e149f;;;;;;
dd8bd96b6d406697e0be149e52eedd09;;;;;;
c4475e557eaabeb2247aaf096da5c407;;;;;;
5eef4a9ec97d7a3a6bd693614bacaae1;;;;;;
571990097e3b865755ddc8672468f538;;;;;;
b98f2e5265b1d8e7ea13094ac54d1efa;;;;;;
ef24ffc92b5a2bb9bf44a3cc9970d6f5;;;;;;
984b166e121710f3947b3da17f5648a1;;;;;;
2fb1f0b5a83425eec7b6ca767830ab47;;;;;;
5b1153fef0f6c7f9b84e0eeba7e1c31d;;;;;;
6c0663a11ce06d66d4034880fdf21baf;;;;;;
d4e7eaa72e83b75b328650376adfeeca;;;;;;
9f0a9dc2b527329232a0a585781c37a2;;;;;;
1c8fb5320781db01ef6c237a167db51b;;;;;;
7aa6ec47a72224341f3867e576c095f6;;;;;;
ebf192bc9b31f09f5cb2997874b7057f;;;;;;
f1b125d61593a773f25b8c33aaa92924;;;;;;
1d1a92933c7f802f84ebdb9145490bb1;;;;;;
c30f53755db6d133327e981e82d5b857;;;;;;
0e97192477e967448ead6d4c054d7108;;;;;;
9622cc88774aaf1a33f16774e47ea849;;;;;;
8906ab85d705a2b8a78884734a4f9f16;;;;;;
bc5f810bd19574ad97a4cce413fdaf9e;;;;;;
1fea0e975754aad978fa0e15bb5dfec7;;;;;;
0f7523f7f67f8b8a3e0c3be6a209fdc0;;;;;;
b74540d9ad83a13785e01f98dc4a5378;;;;;;
47eded0d269970315ca839114b664e4c;;;;;;
9ebabbf421f27f21deba4c7d1ee7e714;;;;;;
7505e34e48eb9dd57aae3ef17de41693;;;;;;
8a53e2b035f7dcc7baa2af18dc0148a2;;;;;;
fef07c68f6a34816164eb2e1192d9917;;;;;;
3a81b84725ef7216389ae176747b6682;;;;;;
a9cb119a6b5d6c699685f433abc7422b;;;;;;
fb88609bea214d56b21b6cde81635a43;;;;;;
d6af0567912effcc868792feb7eac6e4;;;;;;
d231f64b006ecde9b6d7f7e400006764;;;;;;
e3baf371f6efb8be6eee975186dfba8e;;;;;;
43d367c852adc633593c80b018172c20;;;;;;
23affa339a7e30e5ca7e6adc19d56418;;;;;;
2ac687759634741616c724f2911fbb88;;;;;;
c9303ae7d09874cde7d336c391b72698;;;;;;
0ee07593e8ad95f09b5ed2a2ad59b398;;;;;;
bf0be0b7e5f8549cff4a6e10d0e596b6;;;;;;
feecce3785d05eb46fae08df20c1def4;;;;;;
a53d984653e239df32c26279636d6711;;;;;;
7f4f412661ad38d0d92e22abf09491a6;;;;;;
f8454fd490c249ba1081f7531211b95a;;;;;;
c734fbc069a4bc2044cc4d064a896bad;;;;;;
3281f77d49b0c66c83eafefdd18fa048;;;;;;
47b3684caffbe9526975312d4c0e375a;;;;;;
064c744a195177ed0d01c763453bff40;;;;;;
4a99aa6b36c8ce0f2237cd45a0a73619;;;;;;
5ad221d0ae878dd2ef8d08549df51ece;;;;;;
5226b10d46d9d4e9fa011302dcce4bd8;;;;;;
e76781ee218897a0edd3aba8f522ed00;;;;;;
bfea0faebf6974af63caf6a6931a5d57;;;;;;
0ef65f39e1458d2e3e835481b3dd899a;;;;;;
de6c7ba4b405178ac9963722c40241ef;;;;;;
eabd22179797245ce8b81004b3142183;;;;;;
5a10a6c5053a191182c380be92408fd5;;;;;;
9056aaf62832e2fc2a70fa0aba584213;;;;;;
f390bac6b7f1d2c4c09fa3fcdcad6cce;;;;;;
b072f3214fdb1a69ab634a0ed29929f9;;;;;;
940be0ad30679ccd10a84a727fb19e2c;;;;;;
22d67e41509971cf72664d508c00af62;;;;;;
f56b665d3f8a5fc6d2a62b102caab082;;;;;;
0c229f92fc1881d41492a2928da45251;;;;;;
0b7f768fcba855553806ae4b54967132;;;;;;
2e2f11b498d8fcf178427204b303dc10;;;;;;
0b29b270cceb89abd9c2b55208e4d427;;;;;;
21dbdd0fe4934717bedb650e7fecf3fe;;;;;;
f8d624dc2b487332b08dbc6103ce1233;;;;;;
3fea9d1a535a9ede62aa9d1059936586;;;;;;
81cd3a3323f41d89fe51056f2f1dae60;;;;;;
c9c7260ad950dea0c9da3812ea9e3744;;;;;;
dfe055ec461617edad03f37f5e66cf16;;;;;;
e062a0c515d000cdeabb8321b96b624f;;;;;;
20c683bbf97e999c2a36adecfc614bda;;;;;;
91fe5d926a8e61068bd6c0493f5d0992;;;;;;
319287897eb63d20ff34557ae053a934;;;;;;
0e8bb966f994edf90c003cc5e903c743;;;;;;
d81307b3d75cfb144c6a7cb4c30bd5bd;;;;;;
65c7e1792b94332a8c7dbdd721efd089;;;;;;
7ecf249b5e720bc069471534e0cd2db4;;;;;;
b4614a1b703af340a5415fa6b990dfad;;;;;;
45535854b61f4afd4d937d5b42684774;;;;;;
01f792b9223b8e55761294e5de50c18f;;;;;;
34df7a2622183d0e6ce8c5b1c5bbc97e;;;;;;
0602839016cafd40c455ec0c16e3dff7;;;;;;
54ec3d3c23d49c2c362a2b163f1eab4a;;;;;;
da9f03264333e8cb95bbda3af07dacf8;;;;;;
9c586c8a26dcf525af7866184892ae25;;;;;;
6963bf5f1d8064f6ea24a258de753832;;;;;;
666a1888548cbbace1b8438be0ab9cee;;;;;;
d54d8418fbb57987da001732a57c9523;;;;;;
10919a8fcc2762d48985cecb017c412e;;;;;;
78ca9b0bb5de4d37724b65a05b6b501e;;;;;;
9a40e85f2b28f02b7707348a06c47028;;;;;;
5399e58c2e6c4e5654e695f4ae86fb56;;;;;;
524cd5135966c856b0ad663ecb870fe6;;;;;;
d811f6cb8a8a6871a5a4ca02ea07ce44;;;;;;
16c79ec0cfe4f383c06f1d5a77194a1d;;;;;;
d53c41c2bdf08f813a10d5afd1258fb8;;;;;;
46f36a5e402da3b61fdedbfe36c680e5;;;;;;
5568f5063c93f18a6d6f664b8738b5a3;;;;;;
7fc87250b91022a9b4b378bedc2605cd;;;;;;
2eeeb6e04d3409a12debf5bbc5f153e9;;;;;;
c9104e074a3f98eea107161aaa123d42;;;;;;
a7919b26f01af9b8775b17dc449db3e9;;;;;;
e4780c22ee8a9abea3385c2969c7a231;;;;;;
8dd20d7e62467f5314a7cf2120e77f33;;;;;;
01f1504923ab7d3b2e8364bdb84d9d4a;;;;;;
118892eac14098ce63d5ed2e9f418886;;;;;;
ed21cc8ba82ee1b1e0f57de4aefd0ab9;;;;;;
af6b1008d7bc078b14c6cdb4e4d0f267;;;;;;
fb3c12e173e9cf0f3641531a27045a9a;;;;;;
58951c50cbb2c5ffd7907be79f5805b9;;;;;;
2a34537d334dc3104c5c9e2a5388b6ef;;;;;;
cc0f0d26d0c6c98345cf306cc6d14dfb;;;;;;
e24ccb6c7aa0d4899ec088075391373f;;;;;;
5cfe4e9727a8ffcb83d91518e315b905;;;;;;
07737eca021862c049794ab8abc7d855;;;;;;
c2444c95521a9d6320d521ecd85dbee9;;;;;;
e1735e7599b8567ae5520c70f4960d1e;;;;;;
95b3215279147db72eba5b1dc59c7e4a;;;;;;
85cd7e3fa4e9175aa69493e5f4c7947e;;;;;;
6586e9acc85cd0682a200962d658b44b;;;;;;
ec251ae98d77546e1c19cafb786f9de0;;;;;;
530f233902b84cd957ea769c27fea3f6;;;;;;
6f192353eb7c547ed25f3bdd59faa353;;;;;;
fb52af01d24f4f506081fea0ccb3c878;;;;;;
ab8d3b656158cdff675f79922d68900e;;;;;;
779b0750c67c292ff0631687ad4143ed;;;;;;
4fe3f46df7e960260016cb2d2a18eb21;;;;;;
aedfa1c62cf7a47f8710215033a8950c;;;;;;
5ba59a1f496e1ed90428be59a37e5235;;;;;;
64796efa20640155334eae61817ac5ac;;;;;;
ddb69e40d4fe7cf5c6a7dc96df08fe64;;;;;;
7c9b7b6250db7dbdc60169cff33602fb;;;;;;
4c6087635b40b3c426734f7326d87e7a;;;;;;
8ac5ab57cbfffcabc251845430480faf;;;;;;
7f7677d8f27775557ca207aa4e226ab3;;;;;;
2249f9f716657ee829beaa7313b5d1dc;;;;;;
4ecd2054048214c95efee749b7079a1b;;;;;;
acfd3461c750f4386d06d14de334fa7d;;;;;;
b3f1ac4d88b87011948f778d0b40ac3c;;;;;;
311ed58a42cb7eba2f91aa0e34164050;;;;;;
d2a44ac40e9a0527d07959f14dc02010;;;;;;
e9e0beb5de4ebcc31433815340e5cc13;;;;;;
7cadaae5cc090b76311fdc52b57b8252;;;;;;
272f3d652edf155c4227be32f6b0cfa3;;;;;;
35819277240722e49f191e5a1764bbf0;;;;;;
6f0c2e3b03b981d0cc19ee96b1ff0434;;;;;;
b692f6912b6fa4fd3b5e8d55daef7f7b;;;;;;
c7cbde19857ad6b7c351bdaad7fb290e;;;;;;
fa0bf2ba3bae84e618e2637fc659d805;;;;;;
e69baf0eb43c1aef24608c3dde206f6d;;;;;;
19897194d5ac29607a1018ab6af8225f;;;;;;
29cb02f018a3e7157e89f0eef5c2bf9d;;;;;;
04d372ae8d40bbe9add07665e2926abd;;;;;;
879df84520c1c2a6948ba6486d9e56c1;;;;;;
898777e2ba81a20397c58df7e3e95a62;;;;;;
5db2e9ee47baa942eafa668e92d409fc;;;;;;
c7eaf286a42eecbc36ad5a5c76cc45cf;;;;;;
74fcacf9d10ce4d3d816b9f632252804;;;;;;
d7463ad4966f0bb4b058697b5031a41e;;;;;;
40d490b3efcaaba8278a82d05749ff20;;;;;;
40a0cfe9952941dea3baa9ee196d2deb;;;;;;
84804de36d9ead6287c2c76db17ae4de;;;;;;
ff6b94ffe4dd7f7c35a019c548a77000;;;;;;
bc918b84d8336c8f2be6094c41d60f3c;;;;;;
0ddaa558f83747b6a82e1f6d83fa3837;;;;;;
ab03654fa4c2ec1e026293020ece16fb;;;;;;
f6bb971c855d7864f57d7c7d737aeefb;;;;;;
04eea1d5dc3e2682f6ba4498f937bed9;;;;;;
3963b28c0acbb0e3096039bd980ff3b8;;;;;;
57813a9104d3485a4f3fcef555df8ccc;;;;;;
66bf765013c579764521de213c0bc626;;;;;;
95508172daeabe27bed8286c4fe73c5a;;;;;;
9c72b3d4a8d85a81b986d67760a29079;;;;;;
e70cd8148c5f240da2b0754b7e08c9f4;;;;;;
5368c03e53e61031d3ed6b94348fef9b;;;;;;
e5afd89d6a9a2cce4cc0265e68fa2806;;;;;;
aab1023e23ab26d91e397562a8bd03c9;;;;;;
f38fa6c088f5d7388ba3e807b3fbd703;;;;;;
6ee2eaf8a64b988775381529b3ee8695;;;;;;
237733b916965cd39710e4442dcf3c5f;;;;;;
23b66338240c8d4a13cb135e86afcb6d;;;;;;
09cce1d4c01f3939c3510cf1fa30badd;;;;;;
e4a6e64748d736b8a569421c919daf43;;;;;;
8c72d19a8a3887388c69b3319b6f9ff2;;;;;;
a514cb0efad18e44092247bd610dfa45;;;;;;
30c54f71979b30517f18f894549b2d01;;;;;;
f034cb25f09f9494699dddd9bb5a54e2;;;;;;
a1273640a69d69078b5e763237e4a22a;;;;;;
af257e4b81009c16283f92d290a27d03;;;;;;
635a6c75077e31961064a8f05e2309a2;;;;;;
f7f5d5233ad3c1e2d1559c08a336f569;;;;;;
d064b1686f3eb76c2269894c1b725ce2;;;;;;
6520452df63d1d729ad3ed725067181c;;;;;;
464e2be9b280261baff8577cd4b1e874;;;;;;
e545eab336a614098057a9c00c265aa5;;;;;;
efc1d60b8a9e556c000c1929b872f429;;;;;;
5d1aea2de8e27fd812033b341180d34a;;;;;;
1a68eeeecf79b45609d783561cd676a9;;;;;;
90d937759b542bbdab97dbacbf05e847;;;;;;
6cf974586193bd9a38b1887709de374d;;;;;;
cc14653bc05de3db06768da67933f01b;;;;;;
e10bfd711f126f7b159ed2c4ec98cabc;;;;;;
d1560aea6d00a4271d93b48548fef924;;;;;;
78a5fcd5b7b2a26dd3630c6198e476d9;;;;;;
e4caccc21821ec7cfc4a77f33beab79a;;;;;;
0963bf5b28f57e2a5cb125b473c635af;;;;;;
3c0261ea9beb4818f2b1601c8399e178;;;;;;
d919cbdd407b428052b7936d9915b474;;;;;;
6a938e76ea35a5f1da5b43a47c1c33cf;;;;;;
89adb0306442c382ce6a9a9d66026466;;;;;;
8fec9176e6d268ac3a30d68fe1a787cd;;;;;;
18c66f463f24f47e086abbc7947184a3;;;;;;
38056b976eff6625c20af4c163ea69bc;;;;;;
c57de67945285483c8705e4a93db603a;;;;;;
2f5de08b44b6711d76c0c4ef4b67c3b3;;;;;;
7c708a280eb09e468f9706fdbfd4aa43;;;;;;
6af55506b1715e2d666cbb3a9e80d5d5;;;;;;
64900756c8d5dc70d7f2790dfa3b79a1;;;;;;
1cc5121c9109d8ffe2ec154c78dd252f;;;;;;
9bed60808bbe45116b2b6e412034dc2d;;;;;;
ef37d38e182d18bfffa483d5a06abb7c;;;;;;
87a8e19eb948d7e877db1aae9f3dea22;;;;;;
08ead81a40bd46d3f48231c8dc9126e5;;;;;;
bb2f466596e80d62c78e23935bb294f3;;;;;;
74250cfc54ed533e3aba1dbe34d653d5;;;;;;
ce71a3bdde5964010461a1a7c00bf435;;;;;;
7a82b6ed48b5e2e9230cb154e42efd68;;;;;;
f45132433b15e88c97f72c50404525a4;;;;;;
51aa798228d6928e088052906120dc69;;;;;;
a60a2433475aad43f3ad7aab04100afe;;;;;;
5313d41fc6096556a3a0f6d3be8ffa02;;;;;;
32153210e5126942e5ed7508463eba90;;;;;;
f725386f3f6226112960d6837da2f537;;;;;;
98ba72f7a65524a97bb210119536e9c5;;;;;;
0a03058225e0b4104fd933811392b376;;;;;;
46925d98dd6b37ee3054c4bbf7b1d414;;;;;;
5c733c0472f93d704bff84ad4b7218c0;;;;;;
cc83db28f33556600505b57c17e13d2c;;;;;;
45598d05615b64a8def2bd65e0182ee4;;;;;;
5d14da28bd7540e7d48fa792d413eb0f;;;;;;
973357e95d9603fff69e081de6c24652;;;;;;
ead3fb26effb63a0eebb7acf51fb5116;;;;;;
6a94b9002acf508d34a89ddf8c1f6d8b;;;;;;
2afd97d07ce8485b733da683a3c2a214;;;;;;
f1cc1faed72b8486c8fffe7c04adba1d;;;;;;
9adfd170b8532bce85e19ce69683e059;;;;;;
6ff0e096bec825772372fdaa6d5a1ce7;;;;;;
9060a28f94422dce5af77434364b24e0;;;;;;
6108b98563748b3f3b0b685253bd6735;;;;;;
2ad363df7e53805919d87c75b87e9288;;;;;;
c6e2d29e45bf3385e3a5723a8d64c56f;;;;;;
c0f540efd75f58712afecbf61855a5f2;;;;;;
16ffd44be76b922758e2556e47c68d44;;;;;;
f2702e899d2ab0c58d3255b0c9531a5b;;;;;;
a40a1316bddd27430b79f2f7b9b143aa;;;;;;
7b5551638f001dcc8badc63d3645eb83;;;;;;
f4a1cab87129e39c9f55b81ffea09808;;;;;;
5c9c4b2fed7685ebbf1c09938f681715;;;;;;
03a4ecff61d493c85284e69540e72e49;;;;;;
71423242c5b924ba51ed80d59ae8b47c;;;;;;
cfde8fb572caba103d64e80b38d7ab06;;;;;;
6f5bf1da292502c3537209e8c2cba5fb;;;;;;
bc884dfd6a17ecf89e408468406e4cf0;;;;;;
0fc49be3d198984672ea9d4cdcc456ef;;;;;;
9f37bc0ab55808d9102189978fcdc6db;;;;;;
23aa5978303fe99455ed224c7806ba36;;;;;;
ccf8462e6d500fcd4a833fc8e13a110f;;;;;;
cb75b5ab98b9a06877d67885d0897dfb;;;;;;
06bf11aeb95f64e236c358afaee65e9c;;;;;;
1c0d84aed526e1028fe2f99b195072df;;;;;;
9fca88bbd54e0f1f24b5e239b330f5a9;;;;;;
e182d3e52ea9589288fa9ff8f407448e;;;;;;
95917792c06662722ce878f1ae97b2dd;;;;;;
b1eb24f79dbd469e867ca357fa3c668a;;;;;;
acbaf8c1160c74384a557ffc38e277c6;;;;;;
52bc6f7c726d4880b1da20f9828e818b;;;;;;
9d4be7d4b9c52011fb8c283155991eeb;;;;;;
711371dfb0a9076d95b039fd590d7241;;;;;;
13d4a5af90418c0f5eaf7e45ce6b2f28;;;;;;
6930a13ae1eddccfe22930af2d604018;;;;;;
5ce1c3fb139b2d252fe7b67a77e20380;;;;;;
97068204e15c66c9f88fc34efc7ab4c2;;;;;;
1a58efa782a7b87fdda01c6a5f3f33df;;;;;;
448e528603b41f856caf9c439ae86b2d;;;;;;
8f0101263ecd334ddded03639fa92365;;;;;;
5aaf86c413745d82972ca11dac040d69;;;;;;
d61189c750308983610a67bb592c46aa;;;;;;
63338e4a5468190ee400d1a8debb25ed;;;;;;
229e0e79e9605306cd788673fc96eae9;;;;;;
c27d4c90d07c00bfb4df1b95fab62ecc;;;;;;
0ad630ba9f5979d337d6f357fb1e26dd;;;;;;
158fea71d6209c11bbaf07910f2f46a9;;;;;;
30c56a8f7ee5858478d1447492eeea06;;;;;;
6c4a138a51a7d12be650dc21c4fdff66;;;;;;
d41732b709a1d21f4023d7a9fdf3b163;;;;;;
149e16c7e255cfb9a537bf3479f7b3af;;;;;;
93c6fbb658d1fbd0490ba2eb04909bfc;;;;;;
03aace212b00cdfa75454c86d65e744b;;;;;;
c5ff52cd44268bb6b4668e36999129f4;;;;;;
eb0445e86cb218859201426b3de839df;;;;;;
fca6ee5c81027f48409dc81efacd71b3;;;;;;
e7234820982962a48523b52daf91f5ed;;;;;;
8114d3778a9c9d2d74f53fefab597415;;;;;;
a72055a70383209c0e5975fc66dbe7e7;;;;;;
eb0fb3db20803922637d327bbf4e0646;;;;;;
face40bb0b2e7631d02f7b806e8c3c90;;;;;;
55a25526e2e876c5d02ebb94c5e272ca;;;;;;
a10cb4c20bb1b2d0af0c1ee07926d3a4;;;;;;
5f7edd9eeef919e5a02f3047d9c30066;;;;;;
4f01742b0c6a5f03f9dc3c7ccf600bea;;;;;;
44d206f4c136fadd9320a6832de537b3;;;;;;
cfbab0701d95e7be1570c7ffa2c275ff;;;;;;
5b4e6fa29d0640ecca4df576390edbb1;;;;;;
5a48da517d80c192a2d8a0f6f47ecd56;;;;;;
2dd93774ba6f5453d439719905b2f51f;;;;;;
544f7a15f4551fef7ff8cb9c610c3f0d;;;;;;
71a8e62bae179d47009f320a2851bba1;;;;;;
3cb73e93ff866eb4907349b3a0d8db77;;;;;;
8bc50dbd44aa0f51fbea92226ef7efa1;;;;;;
da2557aaeb61094ef8bad7ed9bd2d7e0;;;;;;
0a3a7a088f20f90f7c797b99bc26cca8;;;;;;
e50b4f9782c58298c38d537e376a3cfc;;;;;;
dd61b83af8470b692b871d28935a8b29;;;;;;
5d9dee496c56c42be7e6f0cc9266c949;;;;;;
e4e8740bdd842511e99f344d7841af66;;;;;;
99cec6fc0789f738a371f649dc86548b;;;;;;
e0cc5b59af4a19adcfb952162f342ed4;;;;;;
a384660de30aa305e9e7f2b156e1bc19;;;;;;
dbf061091de0e5a559111b1b9e94b50a;;;;;;
d061ea58156ade022ece6eedcdc39d6b;;;;;;
ad59cbeb7fbc552af3126400ad3de411;;;;;;
46887531461245883905bcce91e0b2e8;;;;;;
cbc8fda7785c93e213a0b93bd752b72f;;;;;;
e507d0d891beb9c4b0699c4ea79af9de;;;;;;
94f03971ae5e62d2b6aa7da205099baa;;;;;;
fec0429a2d90c74426e9ceb3a8c3a615;;;;;;
8b7694b5e6f8b68c3180f1b8cda0657d;;;;;;
c72bcddf5c149bac5ea5739fcd111440;;;;;;
51a350281ef42288218b45cb33cae0d8;;;;;;
45a1022672a5997583b31ac88877ac9b;;;;;;
5244a74afc6a8646d0385c8e6ebffbb9;;;;;;
f8f573ead644c0aa68dde693833193a2;;;;;;
1c53c35063d09f0aaf7129e3d99532ff;;;;;;
b9d4381162a3a35960ed76943f5e198b;;;;;;
da89dd25d11526dbea6dc463afffa557;;;;;;
c84e867043cb3649e4fb5b3fdacd7953;;;;;;
9d384ade529c7e273264c3b4a50f717a;;;;;;
0a33eee5e139bb59bd36443503017b30;;;;;;
6426e8e1b5ab2fc650c5deaac335f399;;;;;;
04e9a26c080af16ea3bba6715f8b218b;;;;;;
e5347bd06add9dac602630d13f48a1dc;;;;;;
07aa348d98d3ff52d7cb745fd9a77850;;;;;;
2b5cbe227a0785480a79d121dbb7cd1e;;;;;;
05a89990b59e8480b7affcd8fb3c6528;;;;;;
ab81ecf00fe09158b2f1d31ab3f613f3;;;;;;
96ff1b2c42d9a8103577834d52d3eaf0;;;;;;
ab86b2cb875a79a6e984196a03521ea6;;;;;;
fe59c8da31a59be2cf770a410f2df135;;;;;;
2c74b13750a25097a2d830f99ba35b80;;;;;;
93f1ec8521c6afccc4b25e80cc595f5a;;;;;;
7bc74bd386628edf6377da1916382a7d;;;;;;
93981d08d7d8cb4e6b4de8c6033bb37e;;;;;;
d6b0f958d3e138ed5a8b36eba806e0cf;;;;;;
53a696f814d8379d1c124a4a3f1bd158;;;;;;
13018f20586c67d4fbcd4c9fafdc9d29;;;;;;
a2759485bd732352b5d7cf43d4c3ca72;;;;;;
1af76a19e3d2fa8b075368508614490d;;;;;;
bdfdcc29274468b9792c9c1feae08d40;;;;;;
0a6259687f40dc34d2f3a27e7bb5200f;;;;;;
5e32b4f4a31a14d5ca56cb130e274e10;;;;;;
cc8f66a7aeb463490cb2646ff4f17f6a;;;;;;
95dc5cfe7c003a001ead317c2f8144f5;;;;;;
94c36a74377b7598f681bdff20395e1c;;;;;;
56aab22c7c116653294b7ad014c47978;;;;;;
482546e6375b343f412030fb882cae02;;;;;;
f9f0bd5a7e88ee6e45f2ce3454a6550f;;;;;;
6d66ab1e274f88184373bad32635fc94;;;;;;
ea8c98b8cbda16d387af4a99e408d75a;;;;;;
14d3fdd7a9d314283d3fe6b0dbd3bf0a;;;;;;
38b8038b06b9d896778e035fc3df2b9d;;;;;;
8c8fc55ff3f3004bcbaf5745ccdb68c1;;;;;;
8bcd0f8c5b4142daa7f066d40dcbf6ac;;;;;;
ef7ffc2b10ddf908f02bfb557c454404;;;;;;
94dea477ab7b710ce05ed63aae282b70;;;;;;
60252898f6c818b0addaa417f4b05062;;;;;;
e35a70a51a5de9ff4d170cf6a3d0e476;;;;;;
9ba2087b1dab0010a7926d859950188d;;;;;;
82a6a782a20c43d5893c2cbc6c06888f;;;;;;
48ae07ea31315b6bbc9c008c9867d458;;;;;;
6dbc418fb89a31f3a9728cd6d5e907eb;;;;;;
6f6343d98a7654744280699a537c6a29;;;;;;
d962a94bdb27172c301a5a9583b05050;;;;;;
7548b1fc7c5f5556b53b1d0d9951106d;;;;;;
9833f754858095b96799dc1235011263;;;;;;
cdab83cfdfe54cd8a9dd6015bebfeabc;;;;;;
bdb74e3198929c41e3c05b9b605f7a66;;;;;;
0dad0062b1c3501610060bbf36002950;;;;;;
853150ad7fd416f8fb4f8a4733459151;;;;;;
687d0c8a65a55727e5392b717f34e470;;;;;;
de85e270548f861a37601ef49a2a1066;;;;;;
308c9a47e6cf86d8804611faa99ca2f9;;;;;;
a110055805013033c9166a35b24d2519;;;;;;
ff91d8ef83788195ae00ff1301911961;;;;;;
fc511b45ffc534ba9cb62f2efe3422a7;;;;;;
f363f9afb84a664c0d9088f747b93471;;;;;;
915fe1458c31d24349a62576655bdd8b;;;;;;
d1f0509891cc05ad5d8295deaab1285c;;;;;;
cdc13c8a2cdb4f6b463a2e7fa5c709d9;;;;;;
0b234ec84b29f87d7f1dfd05a7e58405;;;;;;
3acd7fa6942d9d32a3b03a0ca445d21b;;;;;;
ef14f3cade62ad84a0682a7496319c8c;;;;;;
9db6ec64cfdacfeb62eacfbe0919be67;;;;;;
72c2bf9e0b26b65b2f89c3eac9aa1d4d;;;;;;
313b8c63069a1cc17c9ec008d10e65a5;;;;;;
5eeeeb3361dfddb7c9cb97ff2846d6bb;;;;;;
5a58d7f5fd1fe4fb8721c805abe23945;;;;;;
a1c148b5bfc9a87a98754a121a1ad018;;;;;;
c9c32821aa7582a37d46b955a1f0a9f2;;;;;;
d05efd5bde39cdb110e61e2365c03e76;;;;;;
0d383122399421159ee32e69d004605c;;;;;;
c5e77310b764c06b7782b85f0a85adfa;;;;;;
8468178bbcdd3be9112583ac684d2ea3;;;;;;
c4adaf2b2894b06e416b4eae3e260db6;;;;;;
070b47122d4a419888502ac2d5d1b201;;;;;;
d06707906ed9a31bb260b10b5486dc25;;;;;;
aae169461c70a3174be17b54471bb0b2;;;;;;
4254b5d68ec03a0a17ffe462c5dc8535;;;;;;
badfe7c4a522652b0e228a1e3a32a4b6;;;;;;
c077058df56c1840a014b1fdcc399c08;;;;;;
b6248bb9baed73d4158a91b0714d4eeb;;;;;;
25f2d3a50c9e2e4d089afb9c4c63e255;;;;;;
fa9cf8a4594820c7616a5466bdd48590;;;;;;
424bfd2be6d7f3df594f7dd05dc30118;;;;;;
9fc4d5c121e47a6d866342f209b1e1af;;;;;;
acd9bf984ad5cc1312e1e73482938d3a;;;;;;
e49324b4a877ef3b19f22cf9451a1d68;;;;;;
a0d93687d742875da354c910f88a2f5a;;;;;;
f49b10a30e6779e2f7512ae4c66192e9;;;;;;
dab915eebc886d38f60d9226aad845c6;;;;;;
80bcfcc540f3285731a0c7cc45f60fac;;;;;;
b12f148412d4f0f5cb65fea33a19f5a8;;;;;;
77d065d4049b658ea87e08b6453f0080;;;;;;
e13f3f819170046591b8feb15fd4e5ab;;;;;;
23ed2424a1fd9c5fb884a668e466d380;;;;;;
5af2dd41807c4c544bf0ec1f0f54e4a6;;;;;;
a125a5aaec77086631c2932c2d374258;;;;;;
f087d2c4be3f2014a87df4af89b2fc81;;;;;;
6d9ec007574888e4514790bdbfa4b88b;;;;;;
2664526459d6364d68a1147259cfa8b7;;;;;;
d1a372f8482b29d63373cd97e1e0539d;;;;;;
799536bd236ff9572294dc26b19c10c3;;;;;;
bf2851bd9edfa4e66dfc4a9d52202aaf;;;;;;
0e92286ff6407bf4812a43a246b19f9e;;;;;;
79cecc59263af3fd18bbdcfa61bb852b;;;;;;
40808819e5b904750215ab7e61e7f7ec;;;;;;
b23e0eac6610a3f28d3f901cc1d11def;;;;;;
2cf5ee17ed4753bd7ad2ef9cbc18dbea;;;;;;
5dc198c90229535cf6fd04e22c5396ab;;;;;;
f0dd72565ea5298e273df8d0c280fffc;;;;;;
7daabd2f44106fb8e69ba8c8754865dd;;;;;;
d8af8dd114e72f39160cd3c90ccfcc9a;;;;;;
f35da7f9b05ddb83034e46716c880c13;;;;;;
395be875d88a31752751929648bfe07d;;;;;;
4ab97067b195f111933dd13d17a5b443;;;;;;
614c8e21f6d158342936ef5ea0a35281;;;;;;
d5c7285528dae73ea84dd888739e10b2;;;;;;
dc7f4eeaee9bd0f97c8ea93d18be6d3b;;;;;;
72e85a94df75ee9f8dce22dc8a72d38a;;;;;;
044934f6fb5fa8815567eb6936bf10b1;;;;;;
8aaa0f66215e2a454173128475750f6c;;;;;;
7ae1d98c8d4ebcecc45020c51a6241fa;;;;;;
b5d9b29962cba31beae732090a3213d9;;;;;;
0b9efdb1413a8c4da3c59130895ca2d6;;;;;;
639b402fd5039062688d8ba752229c3b;;;;;;
24c9d4ff0fd7673a4752cbed08e0b805;;;;;;
249afccbd3a8aa5fd3d747aaeff5b8f0;;;;;;
5d0e05f391838c19421c16f44ad0abbb;;;;;;
9f3033899198a2e13812e19a937cfffa;;;;;;
219a1deaea5f7df0aa0cbd660310dec7;;;;;;
b6019f9a4ca2d616da9e852f4ccc8ad8;;;;;;
71e28b57a57bd1650398529c71bb55df;;;;;;
45a20a9394272906479c8f7efe7090b6;;;;;;
f59da38b10df0605ad4e0de0535ca692;;;;;;
bd2ead251503421e58ca0c553982f95a;;;;;;
757dfdd1417ee962bac0b6180bb74ebf;;;;;;
33cfcc483292c50261e493d8f3d3e7c8;;;;;;
561ee9329250436b168f89ee78e44bfd;;;;;;
680ce271a192150ee532c39bb02edfa9;;;;;;
c9ba7b0551f2318f17dc6711cdcb21e7;;;;;;
d6becf2d321e9d3c415ade54c98f66eb;;;;;;
f4c8a210be322c4573112e0e5c351395;;;;;;
abc68796c65500afb2e8194e65694081;;;;;;
f3f722a3aada03869f6687ed499f9143;;;;;;
8e08700374a78f76bc5d7dbeb04f7ff1;;;;;;
91349ac2171a080ce9d7bfbe1b5f29d2;;;;;;
eac42a6726902b864a6fbcce4808a2f3;;;;;;
6902fc1639506d79a4d35d247f398961;;;;;;
bf2dce806f5447ca4ffe446cb8ca6570;;;;;;
2a11bce82157374b8285b2c9b705df77;;;;;;
60c638f6d01ecc889fdd4839e538480d;;;;;;
86a48d47a872c2f669a4dc429de1c525;;;;;;
dd67795b33db23bc76b61b98bc329130;;;;;;
6f8bace2d8ced9146abb80d375b393cf;;;;;;
eebcd8190cbb4550810cf07a8c986c69;;;;;;
11a4bd4a4cec7b66f3e5d843c3db758b;;;;;;
622f73c1869319b99e1a8072056f772c;;;;;;
57448f6e1f10186ceaf9c267ce67f956;;;;;;
6b0e29aaa5ed7663be38679b834a383d;;;;;;
1db20ee6e011009b929089a31fcbb171;;;;;;
92f1c6cd75b5e4e1fde231cd2db44cf7;;;;;;
d28253c8510dd427a26bac5857d7ad7c;;;;;;
f4ea314659453cebfb6cd3b11c98811d;;;;;;
33f520efbf5eedcf05bb09d9c973dfaf;;;;;;
0ddb4f801c0ee56badc659a80c0cb707;;;;;;
a0954d55d028c0feaf41e3dd3c053b6f;;;;;;
c5c72ff2796dfc246825a51b5fb936be;;;;;;
814200226a32d8ff681ac3881be4dfa5;;;;;;
52f3ac7407c7df53660c3fe950304fd0;;;;;;
2e03c66fe688f34aea0909b836026f2a;;;;;;
3e1a839b30aff2c266e724e4fc9b2de2;;;;;;
4834545473dd23de760433c1de5a4e60;;;;;;
f9bc6c14e4b0c3654078a9825afed57a;;;;;;
daf79033e08f92ad2530f9958deb9f44;;;;;;
60eb58afe3c366d77eb0a7e08ed29681;;;;;;
2b8219acfc70bf1990a71fb28cbcf25f;;;;;;
e4558f3d34bde9d239e3541d04182d93;;;;;;
af27d7a502d59c3cef941d7c6278bfe7;;;;;;
b1eb241ba86b3fa5773d5b948f13ecb2;;;;;;
292797777bdad9f617799c8325d45a27;;;;;;
88d2373fc6c06937df0a84b0f770e7dd;;;;;;
b54d1d90e2cf43599bc5e40d25eae56c;;;;;;
e101c97145d0a2035a8736eab1de363f;;;;;;
f9c54fa808344989e7adc90c28e876bc;;;;;;
5666b933e251f984b43b3e4552f81496;;;;;;
67a8fde3040ac453fd0310adf98a9148;;;;;;
ffa0d7adfb490d50551da34b73af4419;;;;;;
f0cbc2bcff48ac9b1f3f979b65267937;;;;;;
bc169958048c3f839e4f92a35e57bcd6;;;;;;
a47fcb34b50fbf151d2f883b6248bd7b;;;;;;
759f7423d09561b4a12b58243095d51f;;;;;;
89cb26ac17dad93394584826b0e8ca75;;;;;;
7d806e85608fabe96eb0e5eed16b0618;;;;;;
a496869e100da564486a6813bbbe554e;;;;;;
8cfee773669255a9bea3f6ad0d07f77d;;;;;;
e276e0f1e34bc616d4bd99555fcd3b0b;;;;;;
9c2cda2fbd7c36b251b14bae51c875ce;;;;;;
2519a59466514363c6a84d477343a169;;;;;;
e8bae6c6ff2e3156e5324ea1b7fe0ab7;;;;;;
610cfa47d323184bbde717adcdf7793a;;;;;;
fa8da46764dac87f7b8984794148a200;;;;;;
136e256edb1724926efd6f66175d8cd7;;;;;;
636d04ff66ec36a5804dd53c7ce9857e;;;;;;
35770a4614ccec04c62f05f4f73f1ed2;;;;;;
87ac30c8ddfa1f7288f28eccffecfb5a;;;;;;
414402f9c5a8435af5bb5db4e816b580;;;;;;
4e559b5ccba8635f44e86d7d56928bf5;;;;;;
44a6942c73cfc9fa5af2f5b3d87edb28;;;;;;
5dedc246f1f0f5be8232e4710748a1b0;;;;;;
015216ef47487230820cb7d5866f4726;;;;;;
57b37025c655656143ebe8a3af63cd9f;;;;;;
6fa93b8c80ed69255ff78014e18c1c34;;;;;;
0fdf27f3c6f664203b75084ed4d4dc94;;;;;;
684f3172c2154150a5f4ed762916c5a4;;;;;;
0f7b4d22824734fe6971965381f1c30e;;;;;;
284a539d57debd550887da881b06a019;;;;;;
d2ade7560d59fa5694322b58b7b594a7;;;;;;
6b6f3dc0270e513c5626489192f82448;;;;;;
726cbee17c3cdddaa6bb375a67dd9b69;;;;;;
ec07f19f8e1e01aff7695ef71f9ce281;;;;;;
01ec357507ba814fa902325c649afda3;;;;;;
b15ea7740f7ed8322a997a10ec2676e5;;;;;;
35c1e00ae7eefa4b582aac15d103fdc7;;;;;;
fb41ede0aab1d960a8d7ce2d88a0270f;;;;;;
5760de2b8256520529332f90375c7502;;;;;;
a8f764d65e3644104d1f8927c544df5d;;;;;;
79bb7484e4a68a16629ac93609058242;;;;;;
d3d066f7c1299b60a68881bff52d712a;;;;;;
ff8da84c3c430b5a73d78c0020711c9d;;;;;;
2d25da3f7482a22630823b540528102e;;;;;;
3450fe41447572f8f239fe108fe817ad;;;;;;
f16655cd226991bfb3ed29fffbb0c70c;;;;;;
9ae126ac785a4cc2f5682997a21603e7;;;;;;
dd2886fe12941c65699e9ab0a9cffcc8;;;;;;
2da8dbae06fa3b3f7ded197771cfec04;;;;;;
cfb97193d94b684379b94a362f96842c;;;;;;
2f2e180b797f5f3cdfab791ed25d7a05;;;;;;
58595927c19cb20778043a57bf0c1c30;;;;;;
84471a4417578f904cdb164b66fd93be;;;;;;
693cc7266e392c36c195a9cfd29d12ad;;;;;;
636a16891f9197628b9a13a5d3db4749;;;;;;
73d5410dc9887d492130359be776a235;;;;;;
ac4e07799912a36c01740166fc77c0f8;;;;;;
845487946f716fcb1df2d490687771f3;;;;;;
5d8b8fbaab01b647c5c32ee7408be3cd;;;;;;
a7dabd9073e0ed42e027d26fc72429e3;;;;;;
700a5f3eea78bf7c829ccb9e25f2455b;;;;;;
9f6b8dfe124ecfb5f786abbe9e21f168;;;;;;
78d42645a5a52291e06948b89b2913f2;;;;;;
2d77318ca0bff8f23ff73b294801aed2;;;;;;
78c1ba28fadfd8a01717249f836557a6;;;;;;
703fe355db63ec76e8a7ed0be89ba9cf;;;;;;
85374ef7bed1969bc43fb6fa5f934af8;;;;;;
ba09639cabf370313f65a54305d9a313;;;;;;
6aeffc5924cde30d4d083ceda847dabd;;;;;;
1fd4115adca3c6d81eac8ad3c182197e;;;;;;
001afd2770ec25b1b859d627dce4757e;;;;;;
c4d0fd5fe4047729fd4cadd27db93930;;;;;;
c8a6dff7068c0034d140940ef9becd44;;;;;;
ab9fdf45a9257563a8c08ba1dd5dc9d2;;;;;;
72946a0db7718405a106b062f8406c74;;;;;;
eca04f857746345b9766c64b20c71e88;;;;;;
3041d70010b928bfec17a60fd28d7ff9;;;;;;
ed62d7e5eac1fec1e54d1f2543459b44;;;;;;
8b9a3bb0cac4d17334845ff3f07116d3;;;;;;
d1d04c58b2e2d7c1da410c285cf3c989;;;;;;
16f985df9ee935889578af6454f9ee08;;;;;;
91d4590d0ea929e8f59e46dade1a30f7;;;;;;
8229e31691192e341e5b1f82b54ee436;;;;;;
2ba9341d8b2243077e789f96748eeca7;;;;;;
17fa67a4c72d77436265a4bb8ce35825;;;;;;
106fa0148847adadf55ed782539683a3;;;;;;
ef00abd5df7a0e420709ec06f9459ef7;;;;;;
0b217f51eb9fd0ef9cd369917f94f507;;;;;;
0c8fca03465c0dfce8f9186e2998c6fb;;;;;;
92b4d05c81db9b00d22baa5c11c97c2d;;;;;;
6e179f196a3e3d46251c9fcfaa795f2b;;;;;;
ac8991a6e1772266143bf561effea763;;;;;;
5b0e6972b25a492208ff510fea52ff60;;;;;;
353b36129c9d1b630948b7fa1226a8fd;;;;;;
36f82fd746c6751276a7bab5309a8a2b;;;;;;
7a7c8bb2b9438cea9921e97fac9a74f3;;;;;;
11c2980913c44ec885a01ccde0975ecb;;;;;;
7dcaa1a1e62412565d85ac28dbbb5e54;;;;;;
f9391b76fd0948d5a936b7cb9d2d9d31;;;;;;
59b425f8b09ed61e17b83c6137140e9e;;;;;;
523dc0e12a1846f02d0f10d8cf8d42c0;;;;;;
6d401d48c553269bf5c02039e9bf5350;;;;;;
9a8abded3d4296d09f417d5811063727;;;;;;
d52a4edf6d665ad82f3b0c70d9ddde90;;;;;;
8826eeabec38bcae242d516886a87312;;;;;;
f8a53fa6b6c43147cd0f92fff81ef2e1;;;;;;
a7215c14dfeadba8cf31fb798dc67f7d;;;;;;
00d165b902f27e1e8237336d9d01262b;;;;;;
2814e21221956cb67492e279cc55962e;;;;;;
6fd36a24808d56f41e9c93ada1026a28;;;;;;
918ed6e75b5f8bfa80ca2834584a7962;;;;;;
2f808d3eda297ded4edb577465e3c875;;;;;;
d64598188296ec6718322f78a9313296;;;;;;
66bfe5e97a5fe5ce98bd97279eb8a608;;;;;;
92d71296ea20352233fabffe1131bdb5;;;;;;
575031281e98f9c156f4b4a7f6db2d76;;;;;;
d7dac81b3970323f510d879da281d866;;;;;;
8f131ebe92cad5a4ed3b0b015019428b;;;;;;
ba108c53bd3055d52e741f0bbb72f10e;;;;;;
44b11dc7dec54b505f3eb93dbcca9e4c;;;;;;
aecf8558b140927d5a97b32c2bb7dd9c;;;;;;
7e1dc873d08effaf47535d9d834588a1;;;;;;
588927788c5206fc35de6ca42efb8839;;;;;;
9fc87205e5a2ae4aaa320ece8663a346;;;;;;
be4d2afa0b10b81e275ba8bcf1034dc3;;;;;;
d94f1257a49d7b036675da31326acb1a;;;;;;
2bb5050605bbef2f2da2bdc06130d667;;;;;;
8cd424ea25efd6a5cb3d25d36f1f16fd;;;;;;
ff99c37aa4ad2bbace6f8f9fb94f1bdb;;;;;;
16e8b6836a39bd7f3fcb41a91ae175d9;;;;;;
3493a875379771db1ce2b8a6178395ea;;;;;;
0808930991d67af1fc4247a8e86f75ce;;;;;;
11f14b53d0538375ae38f6967002c68a;;;;;;
f11d58e2e5e61e828c0d47b7967c5888;;;;;;
867529a7a837bc6a52001c9afa655c2e;;;;;;
d7199267c48524e4738029683436e22b;;;;;;
37c4d6c6554a5dd7002162a2086c7eb5;;;;;;
dcfb4d5e10e24fbcf365c1110f524ad8;;;;;;
881a9206ee867e691354e2e9e7f43a5b;;;;;;
b50952938d4db1ec1192199be90e2523;;;;;;
621f527fff39645edbd234b1deb993e5;;;;;;
8c6b6fca931fc4316dc981752851694d;;;;;;
3c9f7453d62b2bb056ccdda9368c93ec;;;;;;
d1870e24ff865d1cb2f0103a42820c80;;;;;;
fa1236805c969578e4f3576fc567368e;;;;;;
d92864f74ca48214d68809ce1be9c8e5;;;;;;
597377b26ad7a6eb5420bd11e1cc6f7d;;;;;;
59007bfc91b606953f35b7c9d2967b09;;;;;;
bda7ff340ec6903652bac4abeb659b39;;;;;;
4f0e16fab5ce4f122b06f4d7632221a8;;;;;;
d57ec1dda7c7ae0f80143e8dfce7250c;;;;;;
42de232a7b5531d8cfe97f1d9490f4d4;;;;;;
b4f66844ee7d61acffcfe042a49a6fce;;;;;;
721daab2179dcee3f33c5dac8b44434c;;;;;;
a9cd73f493f417b617c9318271216af0;;;;;;
1c22b30b04ff7a7929da6f828eeaf3dd;;;;;;
23a57249ad50dafb98e54f468b4afc91;;;;;;
9933895f8fffa12adda034ace5c2fd9f;;;;;;
66e155babffd81ae6067b2c2225f4a56;;;;;;
e9125043fcfbf524ab6f9fc2c63f60a6;;;;;;
442f87537124bdd4aafa9f7330824aa7;;;;;;
7c0c81f9924026910674fcb7d813b16f;;;;;;
0b258808bc1f5daa6c9f34a001367e63;;;;;;
60f00ea4e740c8d6c5f4192dffbd2423;;;;;;
a0f5197f7c83685d6c26c5a4d0e160a4;;;;;;
7d2dd41b842b06ed3d2c300bff55829d;;;;;;
23952ade93b4f3b850ea07456bae4cad;;;;;;
34652cd84cc26f3f797d51f36743f0f1;;;;;;
f5bf25379d9e8fbb8128cb2a5a48b7b8;;;;;;
309ded3da43068da00334cca896146e2;;;;;;
ee6c202ffe53bced3f6dbda052b1adec;;;;;;
1fe2e7c560f0653860d32d3598bb0a7c;;;;;;
4f60f7e3bdfa1cf52fcae9e2bd508f4d;;;;;;
704a81483cb5997b33a030120ab21536;;;;;;
f499a6c3b87bafe6cede39feb3f2aaec;;;;;;
47380e07b477c179786d65c7508ec7e1;;;;;;
6fdb1ad4fa38363f3162261ba03d85d7;;;;;;
ab73e63295d2ef99c7aeea93269723dc;;;;;;
63f71532d927b00decbd7f8cebb6c0dd;;;;;;
ff3c291367ff752208325566fab0800b;;;;;;
a7db7cc312ae247fc81578f9ad4c5261;;;;;;
b870d7740e684fc4085e55529b17ad06;;;;;;
c325b78782d4656e2c8a56d596477c24;;;;;;
3dfd91a7cec8cde7d20f61043b5ff292;;;;;;
584259116e6d74f11f1c08d15d0a6b80;;;;;;
3a45541e1d53347072b16af9c6e40ae0;;;;;;
4b460749253a52e58b142c2ead021c20;;;;;;
89e640755e8059518f76f1c36a1c9ce6;;;;;;
0117ccfa9cd48f13637f06f4211ed07c;;;;;;
cb79c6de2d6d9207f4e30a344e25b85f;;;;;;
016bb43b8f84527c9a55ac6ff806f28a;;;;;;
2fbb560a6aa855b34bb9732e8199e164;;;;;;
bd95dc103a5b05918246fda116923583;;;;;;
cb690ee08f0605b20e8bec728c56a49b;;;;;;
393ba1ca72ff4abb641c5ba28c39cc52;;;;;;
c7b4c7b3908dfb236ad20139425f01e0;;;;;;
12985d7c6350d5008baf65172251933f;;;;;;
88dfa165b6887576f023b3d151a08c7c;;;;;;
5bc55bb1df8e764355c8ffadd4c35c63;;;;;;
a409633e8c4f860b86e59afb539916f5;;;;;;
2407c367f23eb4c25ac9bf9e35ff0f0d;;;;;;
ff05e1b4dbc2613980dec467fe100922;;;;;;
f91cb5ebb10e897d5385fb5fb08d9b34;;;;;;
850208bfb87d0d9eceadd7b9c2d86ff8;;;;;;
13fde1cceea6ba3c34fc847f25c3cdd8;;;;;;
2b878d5f81eb4b997b739b523cea61d0;;;;;;
ba560cd2d8a42fb09869bc4583b0b10b;;;;;;
2aa78b9134b8837203519c3bb10deeb1;;;;;;
75854ec97395f5767f58e84d9960ba6f;;;;;;
e97d94404d95fffee944c2b6d8eae38a;;;;;;
11fbc7697b2cdfa0c1a50c9a393ba327;;;;;;
8a0bd6795decf03d0ba3066168dc3364;;;;;;
a410e0fad7dda948fd6bf2ec348d042e;;;;;;
20439be37562758666ed6d26671b0713;;;;;;
cdba9fb8e34332145aa269624de27624;;;;;;
5ea89a9cf018cc70a2d7ed208599ec3e;;;;;;
249ed6b5244ac9b6b9a192bb8ed8ea74;;;;;;
bbf601eb0c88cd0c164c66be843a50bf;;;;;;
da0f8c22947c37809508b70d85b7b311;;;;;;
424f4051ac5b1bceb0394c7c3cde5e5d;;;;;;
840ae0c592f6eca9aab04492bf718461;;;;;;
c804740af5128303a8a5e26126ece3f9;;;;;;
c103e0459e1f457ba64c21d03d55dc8f;;;;;;
f981ffbc79771b2d092beffc875dab9a;;;;;;
d3d4740abc7153d8b575fa45bfbc486c;;;;;;
787cfdd70bfe3262c759993c1f425a9d;;;;;;
11943b9c22498ffc90b6bbdf3a190e46;;;;;;
b401341b2fc24ae2e75857fab1b148b9;;;;;;
4d1b9a996246d509726f1aac35942d41;;;;;;
a89aa3ad64fd2f3104f9f870bbaebdb6;;;;;;
6281736f5dac68c6baa8e417cd191a9e;;;;;;
01676d1ed263e6f92cef2e29dd1349b9;;;;;;
d80cffeb323a8d0d0a487a2ad376574e;;;;;;
356e38499f11767ffa335c4fa9190d71;;;;;;
1fbad006915327254a2f3feb95e4c8dd;;;;;;
90fcfec9c9fcddc3b48c4cdda15a1e67;;;;;;
92d3eeb8f2330c57c68267404eadbc72;;;;;;
c9d24112b8f0fe8bd087090396cc26f0;;;;;;
618f1fc4921210afe27d99911589c6ba;;;;;;
11f47ef5a3dea7bb6d0a87d61a7f3c63;;;;;;
c059a25733a3c231ba1221df0500ed45;;;;;;
2e9ee989b1a685b6af308f926bd07ec6;;;;;;
3f08f7ae2611784cb5ba44fbb2a13b3d;;;;;;
c9d6c16de9ef1eba614029f77af1c950;;;;;;
f83b40f3ed90d471fdef4320118c6847;;;;;;
218724c99012c7b5aedbc4631fc1eb5f;;;;;;
c335a2ccf212c495eaf281c606fa39cc;;;;;;
08aac9f88c51a69f66044f9285fea0cd;;;;;;
0d52c0993bd956f96d9c0590d50d4afe;;;;;;
7def75ab60098b6059ce5d99b6f82efa;;;;;;
d2347844c3358a614d7394c1e434343c;;;;;;
796726d2c8b99d0b1f3578b46f1302f6;;;;;;
da26b380179f417e8e4ca32b39c8ecb0;;;;;;
fb52a74e4c2680136cff15836528f11a;;;;;;
10be742bde6a53a0da0154cd5f756ba0;;;;;;
f2bb9de4670ae26330479067d7f0cdd1;;;;;;
59949bb9f078241ab8d922ef07bfe5df;;;;;;
7d8e20fd445ddc229710bc3cec0ebb51;;;;;;
ba647b21b9ec5a9a67318800d1cec27e;;;;;;
348f04289374d14e7f4ec41682a66955;;;;;;
6284dd31e39c04c1d82927473c798c63;;;;;;
7ee7aeb7f33dca1015ec9f26c84f49ed;;;;;;
a21a6d254fae35ab6975bcfff62f6ce9;;;;;;
19a36c109a70405c85e431cc1228f478;;;;;;
0251f76b0b729840ce71ae3e41054ffc;;;;;;
86582048ab1f9e3a282a3498e18c3399;;;;;;
22d55a64c1340dfa2cb0b1ae2055021f;;;;;;
126fbff0ff34d4287bd663d3871af7e8;;;;;;
ca8e72f83f8715b069d3f546708c100f;;;;;;
14934ff4f8ff5310fd5fe2cc6f323707;;;;;;
cca8f135ad7390409e8f7394a990ac25;;;;;;
da21fa79975850fd9dc71d2ca2b9bb01;;;;;;
e65cd9681c51ab51e70b2a6306eb9e7a;;;;;;
7859e39756297c35c19b7d93d651bf79;;;;;;
f80f04b3e372b1fc5242200709654c18;;;;;;
6e4578ba86f274a812c425a778b50b08;;;;;;
7298ae4b434bcd321043b738a32e52cb;;;;;;
fc9b2afbacb1daac4825c5b51163432f;;;;;;
c8a94b9b704fdfd0e2b7e1538189536a;;;;;;
20da1c755531f1c01c0a128bec903920;;;;;;
44b17d3c7371a33f7f5ac5610473b629;;;;;;
ba44ede0b04b7532c7b931ec921530bb;;;;;;
e4f6d18f8ce17a0e79590dabf571df9f;;;;;;
67b093d69ccb4c595599d5deb7a2a46b;;;;;;
cbe91e3030412b5252ae5e616d7c2143;;;;;;
2e056417a1fdb015d2a75faebf483d34;;;;;;
91fc3fd985054499803a3eae80f7d4d2;;;;;;
a24d70e239201b20d93049221da88a35;;;;;;
ae21b320ed967602c4e9b6c3684db645;;;;;;
552f808b606643ffbbf1c4843e73d690;;;;;;
f9ae0bf955bec85c9717dde62b79bcba;;;;;;
c2177348da6636b380054fcb2ae2bfaf;;;;;;
08148ff894664d6cb5def342e32eca25;;;;;;
b66870310d96bf484e6f5e8ac2494086;;;;;;
c0addc0eb1bd0fb1375cf35610aaba78;;;;;;
9d08983f7edd80bc7efab2c1b90d8396;;;;;;
792711e77fb2532f80f389505d4649ea;;;;;;
055ee848b14f4e6bd4dc66e4600e02d3;;;;;;
a26504250723aad4cde573d90dbf1380;;;;;;
bd67928fe9984f7d5af9da6712417c05;;;;;;
75b766e1feb2af5b4f1f996b832771b3;;;;;;
37577ab940b904c1c069c0f4fb92e03c;;;;;;
0edf904afe1c12e1e5db0cc81fdda7fe;;;;;;
915d1359f51570b9208fc3aa92650531;;;;;;
864d20f341ce510f071270c041ac7e5e;;;;;;
8967eb4eaa620c5dec6533a03fee6cde;;;;;;
ebeba1730cc72522e44d01bf222a3c77;;;;;;
93f814b9c6e961c797a349dacf2f328f;;;;;;
e14bf8dde6260b8ebfbc7819742987b1;;;;;;
5b5ddc7bdd202dc54d1867d316d99ce4;;;;;;
2a555e93570922551c4fd470aee99dc8;;;;;;
884afbf7e84c39476f89f6ff220327d2;;;;;;
79d87ca754cf1cfa21f306f5675b5526;;;;;;
aed7cbef583a90b1fa4a5b72364e063b;;;;;;
37a1bafc89ced586585cb4c0d598d50d;;;;;;
48ae1ffb449bacdab87294476872b779;;;;;;
dedfc7aabea45577bd789dfd2532fd88;;;;;;
8b6cf3a4ef3da5f01e33b053b6c6a999;;;;;;
bc42c1ae6ba16136bd612582d4cfc054;;;;;;
4f8d07a7e3f3c423753377301fcec8e6;;;;;;
72ea9d033b5c7dea11a1e2a0d8593990;;;;;;
26d22f2583adeef9f7bc1fb41fcf69d2;;;;;;
4e574d9ee57bd21a8cc24cb76b5f105e;;;;;;
13708ea5a0ec53f006d16a28291b3e54;;;;;;
598b9ddcb4f6bc4b24f650794ce39372;;;;;;
d3c1b04d13bd1f0451fb90b87d934f91;;;;;;
d06ec5f4b58646c473f89ce56889f21d;;;;;;
ad7e92675eaae69e3b5b45966686fa06;;;;;;
130136359ab51874f5040855e1519bdb;;;;;;
4761c0ab2782f2508c92cc7e2906dc30;;;;;;
1143953f945a59416264e174197136f4;;;;;;
abf20379d55b8a2b34f05cb8af94d735;;;;;;
449deb94164bff66cc74d196c200861b;;;;;;
d93daea5146a34938274fd778899f7ca;;;;;;
600053f5f637dc89fd1a5d5f037fb13e;;;;;;
3adabdfd31ff347c38f296d65a86edd7;;;;;;
928fc1614dbbb42f864e500f10757cb4;;;;;;
01dc30dce51698ab9d1f0b5d36867502;;;;;;
9f2d6ef51c5f3c7e4cf75d7a2e0e544f;;;;;;
be869e93435834f1d91701c868b46930;;;;;;
a6c0d239a18a95f64e00896db9637f21;;;;;;
07fe182ae23ad8734bc6bbcf1d4bb850;;;;;;
26facaa151f56ed7333693bb4b8daaeb;;;;;;
1732c327c4995f1109da400ee70a13d9;;;;;;
e32532ce997b528c75e345ecc5576e43;;;;;;
a27708b988d53a8f7888dfb5248212d4;;;;;;
9a33e5a06133758d8821bd7769042c85;;;;;;
b7f4220db981a15cc8dec9b1b5ca449e;;;;;;
d153843fef86a4aa5bbc8a9f3c246160;;;;;;
b70da0fad749b0f96fd44d2e8e410402;;;;;;
ae6b2af5188f187750f7ae49b9ef28c0;;;;;;
10935ab97c505b0477e191b6e6defee0;;;;;;
f75e21e67284eb3f61acb3ef264d9336;;;;;;
6ebaf130d889a148b9a7c46c4a82230e;;;;;;
74454ede55a65ad52991c98c69869fd5;;;;;;
f66a2ccd288a668d327916a66e31c35f;;;;;;
c480b59d2331b4a4ef7fe65b2fdc14f5;;;;;;
56722870212a4500f9f73aafd97cc46a;;;;;;
303ceeed7304c7e5e707e9e3ea3c1151;;;;;;
ad81923c728c24effeb1edeb7efa044d;;;;;;
91d981eb6446916aa3af78d89acfe67b;;;;;;
d133e6305988d21367b2a8e4331a5ffb;;;;;;
72f05b8b0e55cccd22ae952aca8ec29b;;;;;;
6e5f73335209a77785e1cd11ebdc8dea;;;;;;
6b2bba8d4bf870d67aa180c22e870017;;;;;;
b9204a469a457e2f8b5df485e8a55f23;;;;;;
528010bc92ef872718c442ea78349e25;;;;;;
68bfa6de6978afec286a325ae3cef809;;;;;;
00add3041824eaba1e622f06b0a59f0d;;;;;;
cf2a3017c965f08b95d3190c994c8e40;;;;;;
6e1333758abdfc1ab525b7fbb891efa3;;;;;;
d6b51e66a0cfed1c704a201390d508e4;;;;;;
314f0c2f05026f84e4f13c567eb98042;;;;;;
c5fa9770d83bc3fc0e15a2290f3859eb;;;;;;
de737423e195d0cf9ceae2942a36de42;;;;;;
e61a73b05e3bc7ad73c0f55c28a550d4;;;;;;
17f43659169fe8c0ab7da2f19c502244;;;;;;
ecde92411f5095f0e0fc19226737fb2b;;;;;;
d8f5909fa5f9d963d6382eadf0521a47;;;;;;
a5892031800abc27080461bd8746938d;;;;;;
af93015967da2578dc9afd60f17e12a1;;;;;;
4357cc515d30859d8e4aa010ef40b410;;;;;;
64476c2ab2b797776d6327e7c8f13e0a;;;;;;
ee217fdf754687600fe1330beb4b8463;;;;;;
8e6a16edbc4b39bf09e62b6a0639df88;;;;;;
a783425b6935c1f18e24158dfa080057;;;;;;
332243b8f8eb6f08274035d7c906536c;;;;;;
eef37148f889faed6378585d41af4850;;;;;;
1577614342984cb7d9289fed0b2084a2;;;;;;
eb58b26f6ad3bdaf3e4eb5969c64859c;;;;;;
0f4627fdc0d36ac50ea446dc2846e3e8;;;;;;
be5d9adf6eb04eb17f4ca67b112f8d42;;;;;;
1045ae2489f2cf522939113044f26b36;;;;;;
72372f52f50a25190290205ddc517707;;;;;;
6788e8abe32d157d4d987fbc67faf3d5;;;;;;
f4b27ee1f2ee09c9eb4712b657176e05;;;;;;
0e61503e6e61383162bee99a549b66d2;;;;;;
6e5815bc67830d8ad6ad26ca3706b614;;;;;;
715e9c0d3b440e9a17d5e5d8f6e91b1e;;;;;;
f4186df82eb94940f4580931882d7fd7;;;;;;
7dfb2dfc3d1ad9024a78b7bbf9a4edda;;;;;;
1f14ee591a45877be3e65d496c56963e;;;;;;
f9c9e62ba26e4a52b5d8c3c73a5b1841;;;;;;
8704c0ed944e15149731772da7a7a99b;;;;;;
00ee21344309cef0f1a6a4c3bb2ab625;;;;;;
8fc9488940bf74b83a46a165dc2f45b1;;;;;;
57d9b6aa880ad776c8e1ccac0b648df5;;;;;;
9da36e2440e3b87adc14b628d3a27c57;;;;;;
35ac003660db51be2d001bc4aa2f2931;;;;;;
68f11412709681635d941d8ece8e35a1;;;;;;
587aa0e5d506e7e71387235e67fd4183;;;;;;
58b20f4d7c4ebea36eacea19a5f48f8a;;;;;;
82de578a1441ab01b56e49357a156094;;;;;;
cd270c598a26c467ab3f1c3fbd0971aa;;;;;;
33e56f383d3a799ad3bf931c81fece23;;;;;;
8551c04404366c4cd922c5c9d72b6b2e;;;;;;
a7cc67a4035b78661e91d49ac0f40f5f;;;;;;
2cfea397fd63cf092616e045d29b0c9f;;;;;;
7634532ba94e8e7bdb1d11873d531a0f;;;;;;
8e97cc4133b63ecab5ffe8d32504c320;;;;;;
65183be05c346403e7bd53edcc2a920c;;;;;;
263eee91cd7276cc0f3db409c770c8e6;;;;;;
245b17ebf16acb53b054880efa882e39;;;;;;
d0008a675eeb1b3b6c50fa28f42a0dc3;;;;;;
ec9a159fc8b1e3acb23441205ac8da30;;;;;;
8df61546a24d97240d3aac7474409fe1;;;;;;
50c198af41e83f419e58dd0aef4d125c;;;;;;
db9a88f53c60473552ee93ee66e2d97a;;;;;;
6869b5aa590761f2bd880f7032b4663c;;;;;;
fc4e534446565c922078a92c79861081;;;;;;
f4467b422db15484832e11ef3949efcc;;;;;;
e432f485c3b260fa4153c36e9398f59a;;;;;;
94cfd0caf4abf438d5e0e5fb93210773;;;;;;
5df0e711b5fc9d4048c92727a73c7257;;;;;;
825749e004113f52d2f0b448f7a4f83e;;;;;;
20471642d278cc12ed6431e558acc6ad;;;;;;
aa71b7817c90d95a6f7dc2288f59c249;;;;;;
110403e72d6555c02fb7118daf13bb31;;;;;;
5d4a48e93672686b49a7f846280cafb8;;;;;;
260b0e732801b238422ce957572e7c84;;;;;;
819919637b5156fb78f66cc89574733e;;;;;;
30b665dba60ea43bf7f0c934a54211cd;;;;;;
48d02b36b12090da048cea16da8a1e0f;;;;;;
1b1573a0ec3762726c2494087105f449;;;;;;
c83305bb7ce76a585491d3d0a0015b52;;;;;;
1ecdaf5a5ae0afea0a3296be591e2c45;;;;;;
7f24817b62e200757874f30638cd6032;;;;;;
b3790949b9080dbbd6cbe17b6887c27e;;;;;;
4259b318fb2a1931e7de481eaca7ffff;;;;;;
6db1dcdaec7ccd2728d7e7db2693ee13;;;;;;
f8ae039e6204b543e165618e3f249be0;;;;;;
8a2dbe091c1f48d67ad66a8f2a6218ef;;;;;;
5ba8c3f8bf2f035d0acf1cfeecbec5d8;;;;;;
8a6ffa3e72166078e82b83dfc13582e6;;;;;;
d43e490a007c968d8113d1fe883ee36c;;;;;;
1fdf5fc4d611edebef3da5607e15c328;;;;;;
f9efd037127a061ea2e5e3ae9b95a4f0;;;;;;
f5882c5be1bd4af028b42ccb500b28c8;;;;;;
40b636903395b4bfd1dab31b112b3a9b;;;;;;
579719364c9322da4cf3c8c003742902;;;;;;
bfa09343c0a5d4c02f4b546ea4fdcd92;;;;;;
93ccfee880981161ae867eb6368db4a8;;;;;;
00038c303cf28197660fbd12b9b49df1;;;;;;
a350192f61b7d648e6b9bd7518bb0c55;;;;;;
277e853ef234f6704b4b9f859ae25ddc;;;;;;
8a62428fa2b5102d677d4aacb7d490f8;;;;;;
16d4c190df3cb98969942093c20a0c8c;;;;;;
abdc6c9a7e9782d777c5b0165050e9ce;;;;;;
706bd1192f2d84c4ed48a4ae3ae6c0bb;;;;;;
b6be25466a74ca79e42af8bc1a3d5c77;;;;;;
bbace410518c94d0dedfff72efe0bb94;;;;;;
978b7be57a3753b781a29babb027d8b7;;;;;;
a59861ab0e6eb5095ef78c31a3cee399;;;;;;
0a9bb3030da3095fdc1e5b2d78a78527;;;;;;
e7aedda89607f4b5b55d788130a9f577;;;;;;
4fb7d3c5e0a048d4f6eaadfb1ae4fe3e;;;;;;
4c508ef40613c079e56ba0dbfaa7848a;;;;;;
77900161e73a28d8b4a1fb9a1099adde;;;;;;
406450d1d4ad00a463b09fb788602472;;;;;;
7a5b1995b7a1f122d2d8cb5b460b0375;;;;;;
d482e97911b91d24e0e03d70aea17fed;;;;;;
438d37eb5ca49c5028081b6b08b23b80;;;;;;
f9f24efec40b185399c22c589e6a6aa7;;;;;;
8fc9f23452d7082a788dce183b3dc434;;;;;;
e088e5d33a7b438eede8747e9ec3db07;;;;;;
4aab0cc6073a019876922bbac525ff2f;;;;;;
576bdcb7cffd0477aab2b36b470d05ee;;;;;;
8221143fd2396e6e4df3b9e7f524b44e;;;;;;
a9d7bd30e707f0ca3f8106944fef5581;;;;;;
a59a342ab6011fcb1f757cc9834f272d;;;;;;
9c4d43aef5e3ed80337b457c7706c097;;;;;;
8932812cb6c594acaaf843cd0cc269f3;;;;;;
9f0991ee80244963ec01b9f1f7e0d084;;;;;;
ad9987e9841ee0d9506dfe9c42950a08;;;;;;
7ed9490ef3dbefb4f00915a5d9cf017a;;;;;;
9d354aab2b821bdae931e08df7120144;;;;;;
baaf0c9e67c5ff2fc71e0823ec57839c;;;;;;
78324fff246d5d41f3ee3b71eb346229;;;;;;
acb1e0cb906661eda992a22d7c4fd0c5;;;;;;
4d2ca11b5ee5f6448b83f125a93fd3a1;;;;;;
c6eb59a99ee81e78533cb5567898446b;;;;;;
15bca01f2d0ea02de33b496c74b038ef;;;;;;
cac8dc5a4ef3f348ea7b533d38ed19b1;;;;;;
c4ee3f5d54c3034f7f5128a27d46cf30;;;;;;
d5bb20888caeca4cf09e56773d017d54;;;;;;
866e277f9faba9e32710218f02fdfa0a;;;;;;
3aed6bdcdcac1346f2f739bf8f3df6ce;;;;;;
a44b31e12cab88aa5f502c0670c26694;;;;;;
286a22901d77f023589a28d0f928dee2;;;;;;
f162f3d637456b44227e3187e183cb54;;;;;;
e113fb4826c38319ca7ce3ff15d9da6b;;;;;;
6dd6f87ec9d32f3fbd49448a67b5872c;;;;;;
a4066546448ffdd66917792d9f39e05c;;;;;;
72ba5f6d090cecf8c9f079e925601aa5;;;;;;
8e524a60d1c0ae531492c7aa42af74cf;;;;;;
93238a99afdb76249cc94cb8facacf28;;;;;;
7f88b7ea8d895630e76bd7bcc3f38651;;;;;;
61f167fddd9cee551bad0d569dd2ca88;;;;;;
4c907c3d023d1f24789e40ed63961f6b;;;;;;
fa5d07fd473375e15528ffc4b556ab8f;;;;;;
39c7e3538f5b2d259166de228711f165;;;;;;
4873065b10c1cb260fc7639452f1cd7f;;;;;;
c17fb7d6d197883a6240639b4167fd6a;;;;;;
f2bf460fd6df8a6ad82080693f6a4624;;;;;;
81b15ecb2355681d8518b37eecd45267;;;;;;
3e223b544667f433ae94710e627f6a76;;;;;;
2177c8aa5402b4bfb3f1133b1eba4aa5;;;;;;
c65b8cbc44a00cc37cd265dc213b6542;;;;;;
6c5244326799f828cd2102b4a4fd72ef;;;;;;
e26a60e017187c09bd207dd59b382584;;;;;;
6a852ec4eb2b00d64a2f054582d4ad97;;;;;;
6febb9a693c7a7903d47ee14c82a31ce;;;;;;
344b12a0f609c48246e78731db72a8ba;;;;;;
b612b24165cd3e7302d7d5dd7f815b7f;;;;;;
4e525780816766ac47e3f06f929d4a15;;;;;;
c89099c425da01ad8f0bdfe84348fd3b;;;;;;
2d0171b82c20c59975a742c91b147d87;;;;;;
aa1a323f674bd90607eaf4a165385098;;;;;;
5f89b1e9982a4167d403d04eb584bef3;;;;;;
0bebad9401ef57c8b8fd9b379b04a22a;;;;;;
44b92fc5c83df6fcc06135f9b7f97d4a;;;;;;
ab2c00eff8ce83e1d2683ea1b4f69e56;;;;;;
697d14deceb4c220e9e2c9a5658087fd;;;;;;
f214f7133430a4d85520d568c7c229af;;;;;;
40534ab549bcd033907040de02f78a84;;;;;;
6c606092c42b06024b57b8476de6da44;;;;;;
c2bd2622919546b26014d63d90d08efd;;;;;;
54373c99b16d0211d4afc423821585c9;;;;;;
c649f0b1f7204ae82aec8a1310d38413;;;;;;
27036aaf5068b7f0e4f1fe3060cd29a9;;;;;;
37758bc20699d3e3c46fb031b2eccfac;;;;;;
7dda9463372d3f115224edc9afeaede2;;;;;;
2a72f9d0aeaa9cab0ac80828db564dee;;;;;;
2230f6bbaececf15684d0d6b32f80e85;;;;;;
92e5da84b2b8e15a685efe7153a2ecdc;;;;;;
389b4792690cf170e6d03686e388f3e7;;;;;;
258b53e4e45d92c83370f14c5afc1846;;;;;;
7711a5060c075569ab479dbc55cd4cce;;;;;;
a9d30b2d944e9c8e97f763cf081398e4;;;;;;
385adb78623414333b30312e7871db6d;;;;;;
fa91e62948c1efcaf9417dc208b71194;;;;;;
98b669f9bd85cc67a70ac67a0744d7f7;;;;;;
9c511e0e1c0cafe101d6a316a6ab5198;;;;;;
fb6181799834151b54a8565b87359bc6;;;;;;
3efe9063f05a767bcebde44241c1be19;;;;;;
1bd56f844f86b937c3f483a61538cc1f;;;;;;
ba56fbb8e90bf7ecdc0daf3686d26797;;;;;;
5c3d85058775c6da1810ca0eefcc754b;;;;;;
e55d053d7465ff538ebd8572aba0ab03;;;;;;
ac0fd286bdb4d891c2b92e70c28a8838;;;;;;
3821bb5026456cf2eba4c031592c289f;;;;;;
a97648fb7020f21fcc0b2a6ca1d4df7c;;;;;;
f30d66f55a03127ce3ac2cd8dd6bc735;;;;;;
32b7231cfc9823cc1965cf05e4bb44d4;;;;;;
c426b1f24cd0513c9a7adda0dee51e21;;;;;;
54e9436d6736415156a0015a59eeb832;;;;;;
d63e789c2f364c3b9289f066a0735137;;;;;;
64e41aac47f3e0c56c7a67586c896b70;;;;;;
d6f5e338428dc6f0b2696124fbd98735;;;;;;
f464d2770545e31125526bbbb8ecea01;;;;;;
385a731acaab23b471399ba81b42c91e;;;;;;
4984f175cde3c600fee81378bc9dada3;;;;;;
867f085c13e8313588235a52dc630fce;;;;;;
86c9a11b3fc956216538b73c52963dbd;;;;;;
a07eff5d450bbed6af08385d0e8f84fb;;;;;;
c2768fe9bfe778f523ad9789e363b406;;;;;;
16b38b29d74334a81366c914b4812269;;;;;;
c657fe34f72bebe2d61edd1eda219ce3;;;;;;
845d131e21a7fdaf5278e4d3423a348b;;;;;;
3ff672e5f2ec2a654aa8752d9e2603a4;;;;;;
d62b7dcb606314a74f47789ab0b55790;;;;;;
9700e914149623bbdfdcb4a856f58eb6;;;;;;
341863ffa341c8f6e0ebee0a95eea988;;;;;;
5caf989ff6a3afe270e68c42c69b4b71;;;;;;
ea791122c570a774ffb523112819334b;;;;;;
7f2efcad1ae21a05dcb5b3caff2212be;;;;;;
4b55f870faf026f95a00965d96e8fc39;;;;;;
29dedf699f6666fd48ba4a26761fb481;;;;;;
0197bec29505abbcf6e1dc3f377ab942;;;;;;
de9bd26d6527ac6694e05a96031915fb;;;;;;
f57246ca69ad9523d62ef719d6ed5f60;;;;;;
acdc562e5010070a45f4a791699c0f10;;;;;;
500879cea3ca4436e3bcd910acaad642;;;;;;
f39b7ac334cc9e2b757001b84ee50d1f;;;;;;
1c9c14cce741a8decd9ac181c1cd8839;;;;;;
ed89d537a695ac043fb38f728d99efed;;;;;;
b9b77f940746f87bf4e55f73fab72c32;;;;;;
6a210211f522213db4ad92d5e86a0138;;;;;;
ecc968566048f265c81215d65c6797fc;;;;;;
607396b9f8218686efdc98a163807e1b;;;;;;
82785a2ab28302c6fd328ec6238357b8;;;;;;
ea4eb5aa2a9bf21fc91e2c9234b64965;;;;;;
5bba9fc4f093986947cf568519c103bb;;;;;;
0db98fdc2f05044d99777dee3c8f8e6e;;;;;;
20092d5c2a9507873ea496b4e3bf0c8a;;;;;;
f297579b0fa09f720a00f8c4ca8f2937;;;;;;
2dad78e899a1d67dae04ed417868f558;;;;;;
b62cebb68202f12af12e0490b28bfa6d;;;;;;
df803d41c9e8ba500a32b2b885b76adb;;;;;;
dadbb9b7218a0d01ce742160bd427da6;;;;;;
b894bb278d2fc39e2b4c864359b485ce;;;;;;
8a5300e7a6b2dbad5b1605e338c5c2ae;;;;;;
c23728ce75cb2c3974369796ee119592;;;;;;
cae08da53cd33ec09e3e62b3abdcb133;;;;;;
7c5dc5930dc3c787e9017f157fc490da;;;;;;
25ac6c3bfc65040c1ecb5fde89433c48;;;;;;
2378dca708de57670398816559eea038;;;;;;
1e49211a25bba891a7cb70d30435bde3;;;;;;
93a0e0203cdb0d03298e65cca1166466;;;;;;
77d202cf22900d1f5f3c9d8d682f6788;;;;;;
9ca27ef9f4ef550f14c47272c09f87b2;;;;;;
a9c5fbdc56a31aac30ff0b67dd8019c8;;;;;;
28efaa3fb1c377f0ea4fc581d7bab412;;;;;;
d988c6fff74712d3f7da66a16fd570df;;;;;;
f9d29dbcb9cde6b30b0b9d6e9aee9f6a;;;;;;
c350c2a6c633472705cb78e117d8fa9f;;;;;;
c88ab94aa1fc20d91e9b8e6bdfaa2ab9;;;;;;
6057a9a218c6879804844bf8e2d59754;;;;;;
dec38e8e3adba207d9d82c27e936b273;;;;;;
6246b2ad1e7a129b3f930907ef34aa68;;;;;;
6f20a77582a260c08e1343c3567983d9;;;;;;
08559710b271a4c50695e2b0618b1182;;;;;;
6bb7f12536175ef5e889f053c0806e95;;;;;;
4fbc46120b41758779d89a9bfe80cf1f;;;;;;
9e5f41f75e66991799bf9d30db70f096;;;;;;
a9710efa3f1a0ec4bd38ee1c0bba6cf5;;;;;;
87bf3c52aba86b285eb2583328411226;;;;;;
7fff1423acc28fa89c4ece16155d42b8;;;;;;
9c1a7ac5cb0f5431bf664afdcddce56a;;;;;;
80eecf00f024f6fd0d95d61f76af6529;;;;;;
348c744ec6212b3b0f8f43ff59f8da05;;;;;;
725fa487cab662bb4261852d944bc63c;;;;;;
fd48ce6908f7b688c757a48a9844c858;;;;;;
ebeea81daf6a217def0f02f4299cf211;;;;;;
01d79fbfe96d9ec9b2bc228f3dcf53e4;;;;;;
2837eca9e382c3ae78e457d2ba64c2ea;;;;;;
b464827f278ab54b1a0c536970cc189b;;;;;;
ddb403d2783e3cac07aa99ce7ad15d0d;;;;;;
24f0cfa86512a9f75a0b6ba67e5238c6;;;;;;
22d26629a20299356ab84af431e3c430;;;;;;
024cb97ba49f1bd176a04afe0c4d660e;;;;;;
98205621f0c5460b39e99c590175aec1;;;;;;
b04d40aba7708ca799dc8c48613ddc24;;;;;;
0f5d42ae24439c5124fd616c061c9186;;;;;;
e06632b3c5447a19d74df1767c3704de;;;;;;
796d375c27444e92f0250b24d1581d51;;;;;;
b0dad21977aeea259a12c4a5094ec82a;;;;;;
0b34ddc25a1369e7b4e8feae8c341250;;;;;;
114781f579dd5f3303e84b74a1bccd50;;;;;;
b6319b5ad533c57888ef8f6638844a68;;;;;;
eb9b80ca41e78e8afbf6d95c3092fb8f;;;;;;
f036f78b8fa3ff6a6c9638e8383b8985;;;;;;
be0bf095d3f24556b289450c01229269;;;;;;
d781ad9bff1c7df78ab8a47f5b75e507;;;;;;
61f540e58cb0bdbbf380e4ea0acfeb4b;;;;;;
efdf077e786779e5d094dc7f921a2a99;;;;;;
529e1fb8b7125dfbd36334e7ebcf5fd1;;;;;;
cb1d969ab98c9e9162f8631967450f95;;;;;;
dc801a8917d7297190db63a7a58721d5;;;;;;
47e96c396ab0d14a610b3e441418fd17;;;;;;
f3e6fdb0bd5fc2021e4ada0c133b6305;;;;;;
d15179330422a48170ab1727d448538a;;;;;;
a9f398cb99411da3575c437c83464c8e;;;;;;
808526c3d239a866e60e5bf10d1b7f89;;;;;;
0b851514b35460b8a4d2ed04ed4073c7;;;;;;
738610f1e98eeb461e78c59e6a402505;;;;;;
6b467a27c93b209e11c864306ae7ae8d;;;;;;
f661e0c5a6c9f65f994ddea69c0dc46c;;;;;;
7e426df182dc3e6862209d4c466fcbd8;;;;;;
0fbca17f0e2afc9632ba469540d03c86;;;;;;
8ed98750161bb1db56e49029f2345d71;;;;;;
fb740891a8427866e702e9c9595be545;;;;;;
aa03dcc663bf055a9726ef79f6a8f5d3;;;;;;
4eedf907990b820a4ea087aeddb1b19e;;;;;;
2c4a0ac8ad0f35d6a906f8f9e6cb15c0;;;;;;
853b20d54a2d2357b15d25e5560b7c8d;;;;;;
801a989b60ee683fb54365d88c0c9394;;;;;;
bb06a0b8f545160ce569935cc3eb5f07;;;;;;
cb17f8c5249367f890561c68e20621fd;;;;;;
2bb51274388f58b5e729c8b475396619;;;;;;
eb1d4f40120684f3570501b905b531fa;;;;;;
259b6d99a88d6736975b3daccd7678db;;;;;;
1277a70a7df4e2ac06c357a40d62a308;;;;;;
be357adb9213464e932907c83acb6583;;;;;;
0c787e0698949cdac6e642aa92d61d7a;;;;;;
99e4638c88d89db2a787d242ecb23f9a;;;;;;
8db858faa98e3a93c06c23dc8e005b5f;;;;;;
8491b4bd331179a2f3eb1e5d827df889;;;;;;
9b80cfedb0be61711ae645591af32795;;;;;;
b8c04de70f96b534abd94a746ea46215;;;;;;
86cbbafd83d9bf96766414c294503744;;;;;;
fe8982e4ce7e4468e533c69d424ed3c6;;;;;;
a6a7efee377c1e411d0c38060c3386d3;;;;;;
9410b7d19ddd394d1fa007c71fd85f2e;;;;;;
e75d43db96d299a063ea76cba0a15ad9;;;;;;
10bc20dca3c97dc40c1a27d8e4543105;;;;;;
b8ab043db4b103f0f9dc84a360525dcf;;;;;;
9ce07d3d501d042631c1fb21d0b64251;;;;;;
b481ac5ef07f9a3e5f9808284f5a5fc2;;;;;;
79cc86bbe607c9d78cd3e57c55c5d83e;;;;;;
d9f45f210c020e511901cb79a6b8794c;;;;;;
7dae89a3b219250e34b1913ee211240d;;;;;;
d0bde1894264a3aff355e538165ddd11;;;;;;
709ef59debf4b306b91f06778d08fa7a;;;;;;
5a9b882bf10cfebbd1cc4ce49e51ceef;;;;;;
523b0bd0be59f924ccfbde2c5be25b2d;;;;;;
3d662d0972ade3c37dfc46243cf97ffc;;;;;;
bf9101bdfedaff3bfa80957d1524fbb9;;;;;;
b6c03208137f7ca55b4c3b3937e1be21;;;;;;
53765825692f08fca7b0264e24dbb3e5;;;;;;
004635dce97d23f7f34611f784264143;;;;;;
79d66601910a9d9bdb0844766fa91fe9;;;;;;
4627575483a5512e68e0a75293fc5e57;;;;;;
0a5a2b0b7115ca7477c96b48542c8a78;;;;;;
9692d99f765c89eb01b802f1b2ef29c5;;;;;;
2403670d057bc9f9d15f1fe08670363b;;;;;;
7e388d2044eab7ca217f6d804896cdea;;;;;;
5f5ce2a26ad74409d9d7e6045b066f2e;;;;;;
bc9b738336e7d24b9bc1b2bf2e9a8068;;;;;;
5f4c6643bc3e0aaca6361d4609c52863;;;;;;
c42c8834ae043eaec4b0252029192115;;;;;;
0a7c28cb3f94d41b8cd56edd4bb9b55f;;;;;;
801f10512b34026bbb12b11f7caab77b;;;;;;
00a77666538c80ab0a66318e800d5c92;;;;;;
42fd5bfdd926216051be946305b8ee43;;;;;;
aa2bcdddbf4f161866367d0a7728b6b6;;;;;;
0cc7e0ca1d0b0a8da3d957ae89b2c3dc;;;;;;
0a71a2a4db0f21a616ebf299ff43c8b2;;;;;;
07953175cfee473ee7afb75b3ec46c66;;;;;;
30e7cfbbbf12ae967cf9bec526553fb7;;;;;;
11f55549a94ce54627350e96d2b641a9;;;;;;
32be76803202b0da99a6fec38a245beb;;;;;;
526c3e644348260a3c2d9bd63e50753b;;;;;;
be29c8b0034ddbad4c80f7db7f18a707;;;;;;
38ff00fa91aa6f6c7f52b3349da098b8;;;;;;
4be69f38ebb16ed1c4b537648e7fade6;;;;;;
016b922678029789838797e84a0af17a;;;;;;
794aacf4c1d79926ddcf2bc79db95e21;;;;;;
ed36ed308e676e0afa6c413109f7de20;;;;;;
6ff57fcfb02d98ae14d2467b78a7f6e8;;;;;;
13b9eabda7762370eecde3657548e183;;;;;;
9b9ebdc47159a850c959f1bcebeb9780;;;;;;
2bf8c04f43eae45a82154fa723add782;;;;;;
6cd0929dff7c5bb8b7cfe08986599b64;;;;;;
6cc8b35ea83879d6181256f5bc90e56a;;;;;;
0ecfdddd8108cb75f71d14b06e525142;;;;;;
fd69ede37bebac3a8139f6d6b210d127;;;;;;
b16442b4b46f13240bd369905ad2baf8;;;;;;
6d997c23c6581861c678587cb0c95918;;;;;;
1c96ac388d4d1a48e0398c6b75c210b0;;;;;;
0fbfd17c131095937698e68336708c93;;;;;;
16248e3bd34e4dac8e41732aff3d17f9;;;;;;
e943b008a92ba8d82f06f78275a0919b;;;;;;
804cd5283ea5345781945e4f9a134aec;;;;;;
ca6cc5b7942d0f028db3662f7ae7d2d5;;;;;;
4b77114a05ada49f5b42151de5cff5f0;;;;;;
c632a73f2bfc9aa88100eb322a7ee99b;;;;;;
32e8fb15dd1ceaee0ba04d74fb986514;;;;;;
96577e019b517ae572ca92a21993fccc;;;;;;
c6d67bb6a1ee5b16dd7c1f1a17ec3aee;;;;;;
42c00d0d65c131f0b7bd5a2989ea69ad;;;;;;
9425870dfcae0371221d2c72ec24a6f6;;;;;;
4b32fc839b6a259871643388d980905e;;;;;;
acd31c1108bc57d9ee65d4c23019090d;;;;;;
461c0b2339c808673cd670e807cc1821;;;;;;
f8f312324181f32a5153f6081cee398e;;;;;;
a9b22186d05059b9415394a2f5d19e04;;;;;;
d094ed7fabc7ea32b400761ab4561d5f;;;;;;
08eb064cab8fe584e0b07089451ef88a;;;;;;
e19cfed7bccfdcd83393c4c1a835813c;;;;;;
ff9b48f6db0fe16ffb6c4ce79f39a721;;;;;;
8f75192f55d519a00e7c86ffed0f3768;;;;;;
ba6b46422ba1023efb901ea3cea761fe;;;;;;
1ee34599d5931a8a1c18eb2f0ac7b7b9;;;;;;
982b60939e45f4dfb92607d850090220;;;;;;
6a8aff4ef2b59bb8aa03565328eb8cc7;;;;;;
1a310954d048288c0ab43f5565f2166f;;;;;;
ce93ac1dab0546373bc163343a37edbb;;;;;;
ff062347d227ce66898e8fb6b0d16e21;;;;;;
c7369a916b4c43aa1620baa91eb40bd5;;;;;;
25c6bb281573cf6056ee81bf1cd26cb1;;;;;;
4f47bea42b907b17a7f4a75de461d73a;;;;;;
113ef005d7dccaacd9604293d2f1f0f7;;;;;;
c8696c0593e09e9ed345ec8de23035f4;;;;;;
f9764c25cbe07bb4f70194d14aa30044;;;;;;
0855d4b8119e856acae014ba09e29fa9;;;;;;
3b482686822361429cf804b7c953c42b;;;;;;
fd4502a5016e80f7e891ef71badfb7b2;;;;;;
219bf69783e3fafa216c1a9870470ebb;;;;;;
5758af4bd5fdca491b0231090dce12a9;;;;;;
b794de7b756975b5034c01099b5c7e25;;;;;;
374258960229097f7438bd2456f2879f;;;;;;
f9c2ee182a8a01f0bd0179f27468a772;;;;;;
516e056a3ba149adc76de050a5fd7ced;;;;;;
d8edc109fdc48fe1afaaecada558727a;;;;;;
a1a63083457146c24cdf780a022e68a2;;;;;;
ca1300223c2cc7e34b922005d372f0e3;;;;;;
b5f60b38ea095973d7961132a6cd1f0f;;;;;;
06ccae3ff7b7512ac1534f0d30850b30;;;;;;
0faee84386cbc65f86c74318e6ac6b9d;;;;;;
136edf38a608e3776b147ba13e5a5b73;;;;;;
a86a37d6588d87a6806d273a5181b506;;;;;;
f31a46bc8a4a7fefc3c0690d346e5dce;;;;;;
cbd3cf7864e89cf88f1e04a22fcd6040;;;;;;
59a51cd2bd96157afd2ad9e2e0678deb;;;;;;
c890607b11a5c6a9905fe62e221648f5;;;;;;
eb912f6a8f5d43b135f3e8d46d8513d6;;;;;;
68d3a491276011cc04e8a9b597d85eeb;;;;;;
be7879209bea69dbd47fd450364247f1;;;;;;
fab5a8b738fb4b37b5f8280b61732366;;;;;;
2ac48f2781b1b095be9799eb28a56a19;;;;;;
9547c1c611a3614ac2e65d9d106443ea;;;;;;
04a3089ad913ff929c4ea342c232c178;;;;;;
2c94dca2bafe8639178495e2c0325f8e;;;;;;
ed489f104fcb8d8d2c00fd4023ec7caf;;;;;;
1446b7cc79493157e8073f33e62d7edd;;;;;;
486f10611f7b9ac22d8bda83914b51f9;;;;;;
d906cf06839a4562cbcd7d56b53b8f1a;;;;;;
c45e1ae3914687269da13982dc6d55a0;;;;;;
3b12bff5534c02e9f6b20e7d97aff05c;;;;;;
848a7eff7eeb2d6f37996aeb63c6eb05;;;;;;
396d358d33f6fb3fb2181bf4809287af;;;;;;
ea76c35f8b1e1b9572ebe8c7867e2be1;;;;;;
0b56d0b4fe134fdc95441adcca4cdb5d;;;;;;
5df31771b2114b64d5d038696f636fc3;;;;;;
8fbe05db25e5e357ea16e20945fe04e9;;;;;;
92bf1607e5287d1b07307778cbc8f70a;;;;;;
fa60c5479509829a1237d71a727dbb47;;;;;;
e3da4aa60b1e225028eba0153ab1193b;;;;;;
81612ad7d106933d1d09097320a05b31;;;;;;
1a6a30ebe76321eebbc412f1ea1c288e;;;;;;
541966c48dc7e63616682b076f62839b;;;;;;
6ebe64d7e3617a0b92b957c7f95f6f10;;;;;;
df43437ed63ec462d7e52552c4e000e1;;;;;;
cfa97ae4e278a97a3a06c271246ef04d;;;;;;
cf11fbd942940952faeddd357f32d58b;;;;;;
1cf42c30885d845a59bf2e433e982897;;;;;;
29dbe1861dcb1d3233d728e425a128ac;;;;;;
4359d9711804a37ed4e858f40e91263d;;;;;;
c2bdc5d8dc04c061c529c1e5bfbdc29d;;;;;;
331ac790d9289b9296588535af401f39;;;;;;
9231fbc2be6a3e4746fa6863ac29d2f4;;;;;;
7a186605a90f242e7e752c61b1547970;;;;;;
fc79bbf2002b9ceb62fac95bbc5de5a2;;;;;;
fdf1e27c799f6ac22d1e001439a1a56a;;;;;;
59d62a27d7a0c8db282920025ba8906a;;;;;;
69175e6138e2fea0d0d916749038e2bf;;;;;;
33dc3ca0b7b1c80846cb1224248b9fa4;;;;;;
6c2e72a71980e9d0d72cb299672139dd;;;;;;
1ad9ac970b3ab13fe79fa7a78a7a6d9f;;;;;;
9754a7748c33c2c5074b8252f6879a77;;;;;;
b170374df7731b0d8962283b2a8bf3ce;;;;;;
d8ed922418fb1154b8d1fbb6ff7bdd24;;;;;;
23644b3a57afef5a0c38704f86e15604;;;;;;
9fa4d8a99efc0587494bded653ff468f;;;;;;
00a2712b6f5b323080a2657fe5856a50;;;;;;
1b58e7a522c1b70e12e01583e6251ae2;;;;;;
032c6d24d09690471426bf02b55aadd2;;;;;;
84b2acebc602e6df0a9627f207ce00a6;;;;;;
6e34d895f57ebc5435647a340c348bd9;;;;;;
5dc73d23bbe5e8f759283a905e50e9c1;;;;;;
88eb7022272e3cd660011d1c75a6fe6c;;;;;;
adfbcce7345eb9055971515050c25683;;;;;;
c1d98fcc22b2e9584520f5110578efd8;;;;;;
ca2b83e4287c7ff8a0e22589764269c6;;;;;;
971de720c375eb8119bf2fc0b72e1a07;;;;;;
37df58aa04d7f9abcfd3425abd920857;;;;;;
7ae16e39b829e293748ed175afe0ee11;;;;;;
65347c376773daeb0338890833384223;;;;;;
1ad176c9acfdb96c21edd9bbf7d0d0d4;;;;;;
4a94e6f00b9605f48e7db04ca4328a22;;;;;;
7636faf047a7c2714d9b6c0e2a33503d;;;;;;
994b580a49c813a9f379cd6e74fd1ba2;;;;;;
4ad142716268155fd0400864a08c3f8b;;;;;;
82065368b7a416c2f3271e7022acbbf0;;;;;;
26f77b1a87b87b2c99fbda8cf9b4be73;;;;;;
c31b45d2c78175883ba1bca437f5b189;;;;;;
3bdd1b55d56e79860a3b1affd9dfa3b2;;;;;;
8c4844b6690745c55e5bee1049a628e6;;;;;;
ca0ed5313d62fc79b476109af1308c06;;;;;;
c62ff83627b9f49f9e2338af9d74a42d;;;;;;
36c28f5b0d5ed4a06594bc4ca930899e;;;;;;
edadd7ae4211560990f7e75bbe122181;;;;;;
002b5eb8da02f080630bec9a7646753e;;;;;;
243fab6458ad40c90d27316d066f5949;;;;;;
e188c604c1658f38573691f9a32a7ded;;;;;;
f6d7f177d6e746072e425a2f9d41f933;;;;;;
1431837d1d1699a35c838948c93d8bdf;;;;;;
cd220d32e8a2c6c9c0b31fb3f5f36f75;;;;;;
ebc35e2ab4e20a1a34bb922f95b08ced;;;;;;
be5ee51613b4b3a3a6fc565b5a493035;;;;;;
a2dd264f914065a14a32989da1d5e452;;;;;;
e91e92cdc41c1a36cd4eca4001588229;;;;;;
8928c5520d10d2ce7feb999d1d8b6905;;;;;;
ba7997cf05fc2031c7f32a6b85cd7245;;;;;;
6fbcf929575184f4797833fa45c6e73a;;;;;;
2741168ddd9c506ae89a34706d42a234;;;;;;
a0cc1a19d23dd455294bfa989281db1e;;;;;;
00ba9cf923db58b78d2a83fa24e2cf30;;;;;;
46c91e8f303b7864ffcd9dbb33cfa03c;;;;;;
d5157ef73540da2d358a1d260edd425c;;;;;;
5caff0d2154b74654d6edfb3bc0e80c9;;;;;;
97ab228d0b3c25caaf71bda0878eaa41;;;;;;
672a0a724fdbb0c294030b9e6f53c19a;;;;;;
827f6f246e77ffb294f5118f37bc6e5c;;;;;;
ffba694a5582e77993f25bb135ac9fdc;;;;;;
67558b3ddb833fa0b26ac3f3d9b515e0;;;;;;
ae131d5ff06b1c853b1d965f525cb642;;;;;;
7e2a54fc478a248ab58f0132c8c96e80;;;;;;
206f1882b9a73189be88221bd1db5bf1;;;;;;
3bd674081e066f1516966a43f51373ff;;;;;;
e7183663aadf65eccd301cc0beeb48c9;;;;;;
29c067487d72d2b15318900e475c980a;;;;;;
8b4bc508c815a461cc2f7db9ec6d9f4f;;;;;;
5943da6c7efc5b78d90eeb44a5f59313;;;;;;
b52a2e222bdc523c269aae1ee71db603;;;;;;
07bce05e60693bc3218b2561935c98e1;;;;;;
3ca80b61bf7e81335e856b993f38fe39;;;;;;
5069a810b719dbbec6faf9394d93c491;;;;;;
7f4db568c55fe60b8b998951c178c8ef;;;;;;
76bdaba83f936f543bae51d417d85917;;;;;;
d595c9c466ad1a8fa71a6219eb337fcd;;;;;;
2aca5e093693deabedf7af15806c092f;;;;;;
9e24f336e403d678451e654d43b29c87;;;;;;
65a3bb4d1e736fe6147a334ade563599;;;;;;
8596a72f074128d8aa87195c28e1cf01;;;;;;
236e82adc99d18c4070d2b327258327f;;;;;;
63c5472063238482c767508d2ac668ad;;;;;;
1de2fe4b442238abb75803311f4aef4b;;;;;;
8fb8b2a3f86b3fc5b4e33a2381bf08aa;;;;;;
221181ab7909b737bcfd135fd30652a0;;;;;;
763318510be379296825372d642c913a;;;;;;
bcc94c6b726beaef3c28fcd3f3a63469;;;;;;
e41db44e5ff4351d1c2373bde96ccd97;;;;;;
8748221d44535e4af7678dd5946b37b9;;;;;;
3c6bb5459a7a68a431abc8c0366682b0;;;;;;
cf29af86675e480b3ea21e05d068d8a2;;;;;;
787b6138feba9c0691c4cb86a3cf565e;;;;;;
141235fce8d137dda1e7789030bc610a;;;;;;
75bdb21f40e87ff49506678dbb4163fe;;;;;;
45c8083e9a10acfc8e86b7996a3c5196;;;;;;
0c6521673ea5b32ffe5e47581b47cbd4;;;;;;
f90840f9c4d60aba1f5ea1c13a271709;;;;;;
5002192618dccb0c3922e94a2a844355;;;;;;
21b6f03cd3ba906be21d4ea6cf9ac03d;;;;;;
c4e8258e043155b7f2ba2b470ccdd587;;;;;;
114905f911e75cbdda31e898fe15b639;;;;;;
77bb30c99b5b6284fa5dfb23251ba6df;;;;;;
7bb4a19ec478277d92115ef21abca569;;;;;;
4f516d6472bceaa53eceb25fc5bb03d5;;;;;;
e9bf9b175e6f71676eafced1374c19fe;;;;;;
55e595f2e7b006e195768f9ddd667f5f;;;;;;
41dcc601a7d8bfe041860c2e5d1f7248;;;;;;
de54ad4f92e9f0f5dca79afc200b2964;;;;;;
43db1666d3e0c5a94fdf15e5a4ae63ec;;;;;;
d575461179940c3d3020f47eb71fda93;;;;;;
ba0599e19d1ae17b807731de92bfc2d8;;;;;;
faeb5254d567cb2f515917922fdf3c87;;;;;;
ba882efeb127c6b5e2ce6cd6d245382f;;;;;;
13ee34164ea242330a1176716b3a353e;;;;;;
6ab88e642973b86cb87f4d7f7f7200a3;;;;;;
e80f442b80e5b52c04cd4668ec51aa85;;;;;;
12eeafe54981eb27c09f7c18fa209e0c;;;;;;
c8f6a5bfdc5d6a0c8ccf4f9bfde2ee8b;;;;;;
3762d49f81b5a5ff65d09001359342b1;;;;;;
a54aed3b0ce98e1206e42247080baf67;;;;;;
a37e69719adf5a872e8cba7cc50fe9ed;;;;;;
35a652d1c3da7ef49caec6567f75fc10;;;;;;
62b9a02e7a9e5d7aba74e9fd43b30fa0;;;;;;
dd9b4c732e16e751d3829d72de826e1f;;;;;;
3e94fe563b1d067fce5b30b3dd84ba6f;;;;;;
c243725d006c31ab7178aa008abf7617;;;;;;
a3fefccc7c56d8be4d711444f7866ad8;;;;;;
6bcd6cbcd4eb0fb34bb4b066b48a93d3;;;;;;
efef2245d61538e091f5e9a5e1a94693;;;;;;
abbab8ca4f1abdfdc40dceaef048e166;;;;;;
4a037c88940f80d1f3f7dcc6a798ef12;;;;;;
06efc1f4a307746fef9fc343ed1f1290;;;;;;
4ec782fb28fde9535215ec27da24ce05;;;;;;
87cfad035169907c61116685f1dac5eb;;;;;;
ec09d4482980d015dd5bd67493a7a429;;;;;;
5676bb3dc37afb259e3beb55202308dd;;;;;;
9b0b040676341378243ac0ec24db16b4;;;;;;
65d973a2f5304c78ca817c0b0d7da77d;;;;;;
59763667543d2029541078a1a9bc1776;;;;;;
acedafc2f34e2389faebd3aa9f62888e;;;;;;
93174cc771d6347e7cbc66df80204647;;;;;;
a4f72ab0393038fd56d64639b3787150;;;;;;
6984374bc9632a188b8d1cb9bf9527a5;;;;;;
2f48d8de14e329d03db4174510da3076;;;;;;
306dfd61d351aa49d2dadd91ebe34ee5;;;;;;
8972367c5680173f983c7ef09c02deb9;;;;;;
a854a34a1320536f48ea611a1299d5c1;;;;;;
db5acc051a703b8b007d295295b79e81;;;;;;
d4aec8d4db0332f24c5218c2a729a849;;;;;;
1ca80c1be6db7d135d574e64cfa1aebc;;;;;;
34fc3c1f787bb8f5795cd03e68b31f1a;;;;;;
e401ad5f9feed1eba6e45406935b2995;;;;;;
d52de7128ac49c3308a34cc1f57e4026;;;;;;
aa725820e815bc3f09eba09806875d93;;;;;;
67be3779e3c120537069458bdac729a9;;;;;;
05d6050e6d874bced9404643e98a0546;;;;;;
edfa1ce276d613434fef868e35de009d;;;;;;
d54ef880dd72c650e58df839a9781936;;;;;;
072193c4e770e4ca024f47e81d8da849;;;;;;
29862c755100d20232f9aa5a0b15ec61;;;;;;
2e4aa4dc7134cc9cec5cf3e7ebd003d1;;;;;;
31a3097d4cc4460dcc3e38069cc694b9;;;;;;
6bf9d922d91d5ff02fbcfb38cd297108;;;;;;
89aec7e05c727bd121140866df9dfb17;;;;;;
10293f560044cfdd2be2275f0335a0b5;;;;;;
c26709861f45e7fff081efc7d2903b38;;;;;;
6db8c053a3cce29d2146490644e70ae0;;;;;;
4ff1caf31fe295aad91067ee0c4a26d0;;;;;;
b4cb33bb7114dde8e03f1782bc399028;;;;;;
817acde079dd1d4e4a6006d49f18d5d8;;;;;;
3d8eb471470690a279e8c7fd0200107e;;;;;;
409abc78cfa98fbf0442752f8dbaa606;;;;;;
acda819ee9b10d05795847c204fbb817;;;;;;
9ef7c26c688d82211563ac4b6d8b84ee;;;;;;
66d2ce87655250bb90f3ccab08b76069;;;;;;
7f3291bc7e47c5bceacade09b36bef59;;;;;;
80e205e3990909890d2017df4b54529c;;;;;;
b6f1ed58d1e041c213508220aee09c39;;;;;;
eece2ab9da12aca8847e87025cd95b69;;;;;;
1a2fa07bdc15e3e78c366daa37b2bf86;;;;;;
370a164745a12c02addc33c7401f2bd9;;;;;;
3fd02aa103e5d4422ecd419c5f7543c7;;;;;;
859cc6f48e228d493e7d6566d7fe7154;;;;;;
a413ccce6e2aefa77b21cb293fceafb8;;;;;;
bcb12ad050dfca3673b8bb1b7b6256e1;;;;;;
96acf05c48569eb5b07a5aa16471b8ba;;;;;;
811096e8136110fa95afd8b20e3cfe9b;;;;;;
8b9068d86d063c2936c58e9dab3f6015;;;;;;
ddae284affcd71e7415858a2246943fc;;;;;;
adfd5b04944965b0585581894ed1cf56;;;;;;
79dc1db5421ef48ea528e82c2bdf8360;;;;;;
411f4a20b39b6d8cc413248f8122c6a2;;;;;;
ff4e840134d2b223e3e5be216fe112d5;;;;;;
43ae470b9dbd6d1b33b268d1ba36f2d6;;;;;;
5b834e989edf35cfd2839de8ef3e14a9;;;;;;
79dd5d3213ae71a0655ef2386e838a3a;;;;;;
8b3f37df05f8add354258e3be20cff76;;;;;;
0e099dcd1582df713bccf999150b22c3;;;;;;
9bfe3a581d3e8c0da9734b29c01ecd3d;;;;;;
1419e09c9487bebdd46d7b7fb51caf06;;;;;;
5a6b4fdf076b7d263f7605f6c282ddbf;;;;;;
fe283ca2bede0b9d55e46047b9cf0767;;;;;;
604561fbb10ce4c36ec0c17e179e59ca;;;;;;
e9dd4401eb8b4ccc2deeccf7dd9c3aad;;;;;;
f245262b0e04973d711a19ca80eb0b58;;;;;;
f77c293746840321cc2af949104af6f5;;;;;;
7398b91781ff13dd481ddd914132ec47;;;;;;
1e9641d8d27bdb0d1cf69fdf5fe5c771;;;;;;
f6329cbf342a3d77d2ddc42ff0320d52;;;;;;
015e91e5afa64763855891b401c0f8e1;;;;;;
de34e09e934a83739d6cd2100e500a74;;;;;;
e78ea3f4b02bcc41a3e82ab39f4cb529;;;;;;
443ef8959b5b25ea4f2d6abf11d0416a;;;;;;
f594067f8ac9b1bb43bd1212f63970b3;;;;;;
cd2d04df4561e9b6dd5c16cc7dcc52f8;;;;;;
652f2726fd90b67738a48edb4d5adba3;;;;;;
c7a68869b5f1f66454760e87b0730b3e;;;;;;
fb427eb92e9032210fefa400beb1a157;;;;;;
b437638e835661b6af4c0abad99a9b42;;;;;;
e78b9657d9aee3394adc97c659f28675;;;;;;
18dd9f210d9078c93314f207d63d6581;;;;;;
83fc5da7596ea326f69e8cc1f16e2b4f;;;;;;
725c36477369666b61a26564b8df84da;;;;;;
c6eacee29a7ea93cfc2a756518d8c9ba;;;;;;
5d05a475431fbd702d532dfaab2c98dc;;;;;;
c0fb270d96440468e8abc8f444a9aff5;;;;;;
9bd2ac038999cb099c053b7cf25b069f;;;;;;
395ef3ee02acdd6469fa7d13557a1778;;;;;;
fe68f82ea5cf56e8506f62c0d23276e4;;;;;;
af96d553c382b935d48bba709f03c686;;;;;;
46b916b0c5213aa8c220daff75a5c1ca;;;;;;
4e8ec1bef7cfb9a8ae428beee0408f6e;;;;;;
6242b0bba55a09bf1871b34a1e82c085;;;;;;
21be85283a3b8f45c52fe6de562076b7;;;;;;
f692c0a569647bb9fc4caa88ecf9d72d;;;;;;
be71453dce1ef756b3637a3a28de4d8f;;;;;;
e1fd8a6658676caaec44c49e964af987;;;;;;
0bb07d0fe8b25ee85f56e7f6ec28372b;;;;;;
52210fe545316e2c2357cf9a2f255b57;;;;;;
d1b2f6c9d9418a2b131466f711d841d7;;;;;;
fd10a28a6b6eb5ad3ffc10c250f780b8;;;;;;
270c691ebc3befeabb6980f5752423c2;;;;;;
ff895e732b50b7b83b30dc204fa30a9c;;;;;;
05e0d3acfb3ba74edc109a8b39132d1d;;;;;;
3c9673b84d71523620603bc95194a1a7;;;;;;
a07913caa8fa6ed4af2ab93967fa0766;;;;;;
8800f761c9f3bb49d4c7beb50a0cd6ab;;;;;;
caa1ab1ffed14dedd54643d52c8b80ba;;;;;;
36fe4afd475ca0b14124ce5cf760fa7e;;;;;;
e8212c792dc4ee98b335b840786b9fe6;;;;;;
84e7b42b81ac97cdff5dbf7a96184679;;;;;;
6caffe143fc2571cb419292c93568560;;;;;;
e2e2f70f9bde7cca8e12804a25003f9b;;;;;;
f3d8d9b035000ea15799dc3a3080bae8;;;;;;
e564d6512e6332fd37a3acbfaecccb4f;;;;;;
f7c2cea5421250fe1230287b1f3a2fe5;;;;;;
ce91a595e65881230ec8c58e96ad0b3c;;;;;;
c157977ebc957de863b65687b2a15f85;;;;;;
894199983f3c5ae0616ca6e8da1a9b03;;;;;;
9e29d5d6d8e218139f71c624464fe15d;;;;;;
edd203e5dccb6bd9f47b57ee5c166ddf;;;;;;
33d18810958dca3a0ed40d5ff24bfe18;;;;;;
2d2dc52afe9b976a3ad07f5e51e0fbf9;;;;;;
985050f807cd7d29b9cd1f482a3cdf80;;;;;;
1c4df31940cfe77d70919df5c7171df6;;;;;;
2e8e053776bc06753f28bec85b989f81;;;;;;
fb0ef61d1302ee15c6c42526ecd3105d;;;;;;
a45f31ffc896cf8c84c83fb84907a5c9;;;;;;
0f32db6692c0841f7cd9048f8ef0fb7c;;;;;;
bbfb67e777e7997f0a02e67cc1b0d284;;;;;;
2b79dce01c9b31a5b76fc17f5a2f2c12;;;;;;
2f6f5c38f7694f6922cd3c8ebb7eecb5;;;;;;
12cc59a82522ccdd05c2234e24b35b7f;;;;;;
38908165a2e7aed0f06fadb81eddc41c;;;;;;
3b4710e2c7e2f3a9e12e7fd988b7c5d7;;;;;;
6c5a6bf9f116688d3aebae6de62cc9ec;;;;;;
bd750f02504a6aa0fa66333b0c0c1477;;;;;;
f042ed158fb9ea34bf5cf3a2733cc3cb;;;;;;
bc6d645046a94148df7445275f917596;;;;;;
8fbeb8de73eb589ab63bd1dbb9588df7;;;;;;
1758d28f8d44b527a7df16153cd78300;;;;;;
662ff7409818593cd9415c9b1980b4d5;;;;;;
01a86bfacf4ce27f51fe1af4e70d8f4b;;;;;;
2769578084b2bfa1cd24976ec97ab367;;;;;;
205a9a003b83ae775128692d68197dba;;;;;;
a5e26cef40ab3aa4bf02e2370a77fcf8;;;;;;
c7a04e16a762b95ee58682b4c6ec19e1;;;;;;
b8cca4773798dffced4ab799650a91f3;;;;;;
6b65a8482ab07e5c74b192090d7b77ed;;;;;;
03dcefa976e5f0cb1f38f133679ead28;;;;;;
4749d726c0ecc8c90ff6a1571c0027a1;;;;;;
58f815635b0513cc04343c42364316cc;;;;;;
7f5194c62671312569bb284a5187accf;;;;;;
140a03b53c02342f2b3a915a53253265;;;;;;
21d9566b261b5e917973f6b9ac00987f;;;;;;
e9d6816daedb6a9d97c4d4b289a1bdf1;;;;;;
134c44acc4d9eea6de7c2cd1a906597c;;;;;;
996d2075c726f001191f9ceb70ffb067;;;;;;
012c30cb496f0148e6cf2a990072887a;;;;;;
c10fa68ef73ff08edb50da57451304df;;;;;;
bf0b398bce0af4249896776a415f9d3e;;;;;;
17fca31205eb055c73b9bf1e495591e0;;;;;;
a004f64363d3f0fb8203aed6137839c1;;;;;;
8a40e6f3afe12f9aba583edadc680932;;;;;;
a54172fd2337a409310021acad335ce9;;;;;;
e97898bcdbfdefe8bf4ec6068c875273;;;;;;
789e1d4b6a7cc5a14f8f940e51b04791;;;;;;
0454e4dc21f6a14587bfe886b5fae448;;;;;;
9a2a625ade98f07226bc413ac0b4f998;;;;;;
6cbe999d0a8d6ee85ff81473aae2c7b2;;;;;;
886289bd921893e4d68f037fc99c9778;;;;;;
de01a310900a55c38792fb06176dbd94;;;;;;
c20c9b9d6481b6811232a15cb6d05322;;;;;;
2fb2c085bb00781cd9bc219e587c390c;;;;;;
3a0bd93cbf77d33d01a40cfb00e44889;;;;;;
4c61180ea7d4716064e0becec2dec01d;;;;;;
b86e21c9bfdafeed977652041c9bf74d;;;;;;
d652ac82af975b13a4a2f23e1ba80784;;;;;;
9d959fcc76532617908c02e5d6a469df;;;;;;
b3c219de839a7641030ed38718a29a84;;;;;;
4354969baf29009349f8c1d01720d5a1;;;;;;
8ddb7559317da279b218e4b58be814d0;;;;;;
74c83dc7c33d02ff1581c88ecc447ea7;;;;;;
60cbd9d3fada3c7557ab29c67bb7d8de;;;;;;
b20238a7bed1e512acc4e91e689763bd;;;;;;
1eeddda7a187a3d5122c6ee1ba355fff;;;;;;
3318fd89b1f6d854e604fc2dadaac11f;;;;;;
99a89aba3a103f8eaade7241ba2a13c4;;;;;;
f97e4aecc48d9800fdfbc3fe5c0c36cd;;;;;;
eb26e541208ea3272fcf8d6150b4e4ae;;;;;;
7f9293787abb78c695a8f13ce4b2b180;;;;;;
1d6257025e2fa1a25d98e14346a2d972;;;;;;
c42fe301fecd094d523f4bc58900aa55;;;;;;
4e44ea57b1549cd4b760150695319ee3;;;;;;
de41cd9cdc687b2ccb0cddfb2183a773;;;;;;
a64802ec15768ccece723c57860647e1;;;;;;
5ea446e2667819eb1aa779d8390c0877;;;;;;
b5758edde715a20bf0c1fb996e3b5c33;;;;;;
b06c5bb9e74f91dd2fc39b07b4d361cb;;;;;;
6e4bf6722c34627b864a25c53eda4cbd;;;;;;
99d31cb140cd7dc40dc19d0407eb4945;;;;;;
b2ccb864144208549e19964b836604fb;;;;;;
df1b289506c081fae5854d8071c3383d;;;;;;
f81ee513630c6e9427d1cbdb81218a76;;;;;;
087404c68c871d89a521752682ba202c;;;;;;
d68368c575ec322659558b37677431dc;;;;;;
d4adf27218d75e8f35f4b7d6c27c81c4;;;;;;
9557bac0da9d6612fc0009e4da979c77;;;;;;
e37f2aaaa690905179c9c5a2ad751756;;;;;;
b12d78d2a2a2d88d6b2e02588d709551;;;;;;
d69d481840f655083b03ae320666414b;;;;;;
bed62e396418ed85f48161c7c4b59e5e;;;;;;
32ff926559a3adc2579197d47149efb1;;;;;;
794f017ed29e9d56892434c045829c2e;;;;;;
f16b691cdb8af7b57cb4a99c563b7fab;;;;;;
3312525f51eba1853e3230e3021a3c12;;;;;;
cf3774a5a96458a84c926b902985109b;;;;;;
f236773d189d0f57fc7f3dc51aece0ac;;;;;;
bead0d17ac18b8bb0c321ae211a9f13d;;;;;;
34f01ea1d5b47fca3cb0ccd8c8735ec8;;;;;;
4940dcd6cdeeeaa3715909406b2dd333;;;;;;
ecd85595acc7adfaf759c526989adb46;;;;;;
08e87cadee5cf6433f9823e05dc54d2d;;;;;;
aaba311735f653ee142d440d8772dd7e;;;;;;
477101e5dae50e0d1d49617be709b6e9;;;;;;
0deb3d0da0b78eef7b867b3ea973a9ec;;;;;;
12b2f33420ebf63fb2df4c185c0a781c;;;;;;
3c37c3b57698c510c8b820128accd10a;;;;;;
efc86ea4d2c9b114fa625997e889b481;;;;;;
e0127999adefa8565c4e7bdaaf5c6393;;;;;;
9d89c599cf6f86d126c237d7e9a6aa39;;;;;;
526eb9712af48acf27bd21c44b4a5d66;;;;;;
4273e41fc6308fd209d25e48ce5f010a;;;;;;
caae0cf948e244a0793670467ed0f1d4;;;;;;
34718abff90d68f69b42902c2251c1e4;;;;;;
3ac201f555573ba61c27103e5fb3a0f3;;;;;;
c3240f14861ec61b75b21bdb93b72144;;;;;;
db5b55362517202112e1eeba188a4161;;;;;;
754ca60fbb173c2e639bf44eeaed24cf;;;;;;
19dfb2f789d6db8ea8c6526995605d01;;;;;;
909344e38fe1ca0ec11b7988bb06970d;;;;;;
0e357ff746254e4450efd0d087a1093b;;;;;;
4295dff6c470d718c418e5b731a6d2a2;;;;;;
ef7ea81230cd4e22c938da783d963058;;;;;;
1231884c52061bbda2f164b5c2c4d090;;;;;;
a0c938af0e29e4cfcb03f167d7f378fd;;;;;;
56520c5b1fb5250e7940181b4e4c454b;;;;;;
cd064cb3cfb78a63a80789ea2e952e1b;;;;;;
09b0e561ebe1cb47e5d79f022c98d867;;;;;;
6f9d90dffae69130b1a80b2d993a9fe4;;;;;;
3d5f5af81cd34ec02442e41520060c42;;;;;;
875341aac59d9cc465e9bb0a96473d86;;;;;;
0a3a2fe915a144f8897b11dcf9e1c1ea;;;;;;
c683199e7497fe7064d2feea76cba339;;;;;;
57466d6614c69e907aa1c541bcc1270c;;;;;;
e0492fe5a30bc51edb0b4d3b8f73af22;;;;;;
ce19f5a27ce833cd5b613f0d88dadb47;;;;;;
66aae64c387b490b54aa102a0b29a8d3;;;;;;
8be512fcbae77a8578df614e71471da2;;;;;;
d7b0890911dac6667b3037e882f195c1;;;;;;
b40519fce8bfc444b70ffafb8b024dc1;;;;;;
4dcb7233ff92b28c99bf932623e55bcd;;;;;;
2901c8bd1d20003be1901f8d5facc332;;;;;;
0ef32ff5b5e2e3a4e081ec5e38c797d7;;;;;;
6ba2a4ecdf7e11dac6dd1b8f549a1804;;;;;;
b7cc960b4028eaad21117be153553ed7;;;;;;
281a49e990e1e08a678a81ef5adc66ed;;;;;;
e3efcabbe609a0a39af0a9c2f6df23d1;;;;;;
c5fce02be5c2b3539690898693bdc473;;;;;;
412bacfbd7b29eeea8d35fd4d4d691e8;;;;;;
21a2d079624ab2fdc7a92be079d7b20a;;;;;;
3482146905ca5624775899a1e22bab45;;;;;;
1024da2058b3e7d004277b6bd7f7eebb;;;;;;
c33cfa9f3736ab64d90f64dd6547ed2d;;;;;;
7be68f53114a022a8ab7cf176d1075f1;;;;;;
ef66813b65662a645a8dd777c41dc73b;;;;;;
d1d7828b71016c08aef5901ec86701ef;;;;;;
283125b682f25e323db9386b202c3b96;;;;;;
90053f70614c7649ab57ea7b85c30f11;;;;;;
1f5a1a584ebc113904c1c58c60ef8156;;;;;;
40ace77f3f1d6f641a0955d36a9003c7;;;;;;
18e629cec1c847f2b1ed1de8279ad5a5;;;;;;
26200ffb3a463555ce6d615b7723a362;;;;;;
a6ab70ac89ff535ee0766c47c5bba7c8;;;;;;
4f46af822955ac866f9b243e8d0f8210;;;;;;
584f2c8d4d9f8170c095dc33c52e95aa;;;;;;
7c03e2783ace65c0bc383f26c6f7ca18;;;;;;
ad26d91462cac2783d709784e6b23838;;;;;;
736b87c660242f41183b2af9238a360b;;;;;;
6dd1a3263bdd141ea13491fae7af9b87;;;;;;
84a484ad420062085852150e94eb4f2b;;;;;;
c1e09dc42e82934d36052ef7aacfe892;;;;;;
118570203384c93e87b9ebaf8ed96323;;;;;;
c439a4e30d7f2df0cd26f8cd435ded80;;;;;;
6107a40e4041a395afc965667ccfa7f9;;;;;;
d8155af6d4eb8deb9779b6b0ca926db8;;;;;;
e8e1eebb524455535bd99c95b4fff8b0;;;;;;
83dabd2a6147a1888967397dacf425fb;;;;;;
cc26fc52b290261e8e27e38ca85fef93;;;;;;
47177f62804004dc0939989d320b382f;;;;;;
dbeefc8adf6f8e1dd8bf7e123f072263;;;;;;
23fbcbde8ce9ba7dcbb063d4cc9d26cc;;;;;;
44836686189a058317cc3fa4675381fc;;;;;;
c43b14750339a3b2a5e183fb22a9602c;;;;;;
62b1b96adf9341fc75b1ea9f7559a83b;;;;;;
fb5bb6ebe7c352eae581b70d051de437;;;;;;
c4ac262e0054d6c3535c24ba77487017;;;;;;
05436c53a988bf5ecf6ac0b67cd77ae2;;;;;;
5b495c31824c9f5f869972f85af0c68c;;;;;;
533086369a6a9d59a59d55387e0ddd29;;;;;;
aa6d7e9e37c0524be5e5fb358fa89ab0;;;;;;
0f0999fe63711fc35478533b995cbfd3;;;;;;
a8693364466e9fdf251fec5c7b63c262;;;;;;
14117cd9edfa9246a5c20cd7a38ec74a;;;;;;
8f766518c15cc5c35bc9b29c8b84a06a;;;;;;
5defd575844c56544365d2b110cd618f;;;;;;
ecbcc79b8f64dfd13ac9acfc2bd4634f;;;;;;
568370a5af2309bbe9e9b69dc7125787;;;;;;
f95ddcc73a769846fab37f67e1c8b89e;;;;;;
4353d04ad08bb73993adefc6f1019b00;;;;;;
386675d6a6ae2022c498bf6edd913fbe;;;;;;
a2386503c5f813b31798f36e9de5a53a;;;;;;
35f67ac809b5d48e985a3a6e7801a9a5;;;;;;
d1d7d7b43af2d4673f49523dabdd5307;;;;;;
81a00fb3cf2250be4d16a2587eead7ec;;;;;;
b1cddd9c92a0657bbc3745699ac44497;;;;;;
3e07bad83dfa008787d7c320712aa614;;;;;;
7c4d0be65303b191ca6a94a9abe0ca8a;;;;;;
3b7e116b60b2ff7dcae0d9028dffe032;;;;;;
6b448dd5a585f9254159001306c08382;;;;;;
26c94649d85665ff6d3b183dc46d95f6;;;;;;
f9ed4029ac5d85ab38d9ee9a8b191aba;;;;;;
58e84b32f3e289db26fbf491fc9d9eb2;;;;;;
b77c1365b3f6e9df95c70e04c5e1b4e2;;;;;;
2f66dca019a861b306ca01355155ebaf;;;;;;
d9d4d90b346dad7eb5874f07e8e55b52;;;;;;
12fb302ee16e00bcdc711ca794422bcb;;;;;;
950cece0e242406861120021c034b7bc;;;;;;
a242ac82040d5d3b8ccc5599bb1192e3;;;;;;
4874499e9f786e1508269933b587f091;;;;;;
2732905a6105e9e0891197f7bf566ce2;;;;;;
c19c40d9e2b79ecb9271f7f071518d6f;;;;;;
6561f9b2e680328815d9e034329411ff;;;;;;
ec4e724de0b15cc481549d12d33fe46c;;;;;;
ccd05d4bf76ad5089aa82b3ed3e78b8b;;;;;;
66320aa9196696e44673982fc27deb32;;;;;;
af4a2bc250590a3353eb5fcec7c4ea53;;;;;;
36f9696f1fd299bf890885abe7daa94a;;;;;;
5576e7624197c4900d4ae4dce36272f5;;;;;;
be01e64bbd214706cd47eeb682adad0a;;;;;;
a0382f59a65d76751c54dc41f4b6314f;;;;;;
e23eeacabde3a6db22e088fe17e79de4;;;;;;
fa293f154df95bf21ba9c1a296fe1bca;;;;;;
9a11f95b702ddd4ba7e32ccca2025352;;;;;;
035f78816353e4061c76ed9d35d8e65e;;;;;;
6f54262d05b08d6f08d1d3edee26a640;;;;;;
2befd6cd337489188fdd3b4e8e306204;;;;;;
d0b8f39ac6386cdd480cb5a455fc3c24;;;;;;
5048850e157d956a0ded409a7ddb7fd7;;;;;;
6ecf931189530462097ff676231c7df7;;;;;;
2acd72d0725043a6c0dace6aab88f1c4;;;;;;
6fdd2b922eeff8d757340dcd343cb628;;;;;;
022ac0fb5300cb469abe999dbb23329e;;;;;;
9c55405aa54eccb925f0b7563b85f9d3;;;;;;
89248faa6d46e1ae86c2219873176ff5;;;;;;
a8626b2bffd42409f019f229b3acda03;;;;;;
93b8b66ef6980d52be38d2cffe316fff;;;;;;
b4e4405c863200f74d2f82d5ad0537a7;;;;;;
e2330cda1661d36d3f12a9e373ab24e5;;;;;;
a979c866565535ec734b0386311ac0c2;;;;;;
a5d0aafbf12f403f529ec178be9ac2c8;;;;;;
b80e112e57a0f3106c77cd92b4d31b5e;;;;;;
cd8afffd3afa7379bdba62251a85244d;;;;;;
dce3d597bca3f73d8243886e99ffeb18;;;;;;
d04177e82290197504b741a9b04f8280;;;;;;
47bff2c94bbfc079a450aff50293de2e;;;;;;
325473df26b0332038f4289c6550d2c7;;;;;;
b182042e54864a19a24deb7b12d7241c;;;;;;
df9ecadb7aab63939cc96bfd9bac83e2;;;;;;
e9ae377232e099367489d1c1fce7c3c7;;;;;;
a7dd6cb9f47fcd2ac06ef26b565d9600;;;;;;
775af74741a7d600fa738c8918c665fd;;;;;;
44997cb136237831cf94375e9d178193;;;;;;
8644d6fdbba953fa0bb4c4b3ef43d8ad;;;;;;
b30da3ef049de21a434c2dea9fc8a521;;;;;;
47541bc3dca55c5444d12672e74367e1;;;;;;
f1efae1e34d97e5b234a035d679ba121;;;;;;
1f23888c3ae5641bc6b26d8303d1993f;;;;;;
5c9be2132291c3bc29b7f0ea3e7d5b43;;;;;;
f57d0e550ca0c5b5dcea8f86749ded6f;;;;;;
cbf26bff3c1d1275ca5cea01b9df8402;;;;;;
ae1cec66c6b11a23094d1fb06345b35e;;;;;;
a0b303caf7603d4840972f6e01f8eb53;;;;;;
207faf52cb755c0b3a3005ece197348f;;;;;;
8331d41858fd425e0556f0e8647bee56;;;;;;
aa0ca209709f461581f09095dbcf5a27;;;;;;
9e0f6dfbd1d064b9ba770d2cb2b263c2;;;;;;
c60d3f599235ef9baedd9c4970b8fa63;;;;;;
e4f73c7e2b0c61563b13810df21250cc;;;;;;
60db10b10de70a0fe18e5c9feb8f1cb2;;;;;;
81497bd55f5c2ab7386782862c3a9208;;;;;;
c7baadbfe3335d26ac7dc1b776a57612;;;;;;
6aa8184682d6f7d1f018710c31f11b0b;;;;;;
246f4694910542b823c5cdd396c30c57;;;;;;
520ca4fecbebfdae37e65bd1ce67e0e1;;;;;;
7db8b7837ef9eb1a296ed3b639185b27;;;;;;
5b83544c0e3c9132ffa39a8ed00535dd;;;;;;
29f6eef382498791dd04c3d5b095f21d;;;;;;
c0ff4e3d7ea8755283c9309d055cfc08;;;;;;
2d4682b57e91d8b8243d2b206838ab86;;;;;;
c6770dcba3945ec04e81a1a3622f5381;;;;;;
3aad98ac068133aca31da153ab5eb7e6;;;;;;
89c698ddaf4694c948d73e4b4dd0d085;;;;;;
4bb0b0fbb9dabbe2a497d98b9266644d;;;;;;
917e33b26c35c477aa12ac90ef155f4a;;;;;;
68aea080e7018b4899688e3ca964464d;;;;;;
86ed03f5570705f0507ea7ecffab7ebe;;;;;;
e4648d99a0c4739e0cd2774cc6a88ba4;;;;;;
429bf0e39f6984aae4d6cf5fa37bcf8a;;;;;;
e6baa8561294d9c01c43831050a31f77;;;;;;
cb9d7dd46e5c3cfcc0f76b844e238c89;;;;;;
5ab8d8de8b09647da36c40cb727db01d;;;;;;
3c473b8540480c847c60af0283985c05;;;;;;
63397214c31c795b5ebcec09f7121ef7;;;;;;
f8b8e13e2b9669995f69472091648b65;;;;;;
cb4cae011136687e05e18892228dc4e7;;;;;;
4f433f8a2fcc0c52b2ca429a7c296c66;;;;;;
2a0ac1aa9b55a1c6ecd23dbe95bcbf22;;;;;;
6bea5454538809c0defd5d75101f7ab0;;;;;;
a492c8bbf1fcd696a44498b691acdd6f;;;;;;
b49b0b307d727bf7e3d3603287003e7e;;;;;;
967c1ffd8f4d0571b1ba8ea8c51793c2;;;;;;
9e523f64220bddc2b141e6779ffec65d;;;;;;
dd314b6b86c1492b88098a6766d69ddf;;;;;;
0c3219c8d551871ee46decee8188a51d;;;;;;
e9fc2e3a2767097c38c3e50d570ab16e;;;;;;
dc8a2f103a04dc3273802a15519298b7;;;;;;
6c1a2af26bc6348b4cd241084db78758;;;;;;
e34196805f6599c6f3d266a2da45d68d;;;;;;
639f2fbf8e3365636185d683d33be940;;;;;;
3f5cfb2243e4490b71a8c166c31dcd77;;;;;;
9a6786cb3b71456b02cde6177baddcf2;;;;;;
4f3c84aa81810cad5dd4b1a9ad0a1956;;;;;;
50ee98eb3d783b76e5909720ca8fa2ce;;;;;;
59bdc612fa10cc224a5f0e4942e2c052;;;;;;
fa06213f1d2f90413d302a3e11aea380;;;;;;
62f7c048fe874ab3ddadd9c12a43c5cf;;;;;;
e94e9b4f2481f5ad597b2d7decd6b8dd;;;;;;
bc7a76aef0c0c0651436cb4ffdfaf437;;;;;;
2df24f1e04342c9b80f67557c2b04059;;;;;;
fb330338be82202157a3ebb3219a5476;;;;;;
dc516043b49aa0624db7608451b2bc3e;;;;;;
a5d5ebcfbe984897b6b52510e91a7d40;;;;;;
5bcc0af616dbe240b8a0bd0ccd09566e;;;;;;
731e08cf3c2a230ef3b9213670d1618f;;;;;;
34236f01236f5759ab9b387d1b14e458;;;;;;
e8621fe158300b2e4e57673de913aec7;;;;;;
f9e78c7abdb790df5b412bd6990af5fe;;;;;;
5c740969dd568d269dfa09d850aee7ba;;;;;;
e5b8a6658c01026ea747f1af4fa27501;;;;;;
a26885f611d329df21cf2b84d4b258ca;;;;;;
6fca4a80bd86a6cc0f84a178bd26ed00;;;;;;
a51826f099578f33438e32952220f8bd;;;;;;
ba627a5c06b05690e076c19885b4b79f;;;;;;
918ba2f26da13662b42ea43581f8d745;;;;;;
d8343e04a65ad4d80d348bec5001f111;;;;;;
1806f72f628553bdac84eef6fa52bcbb;;;;;;
75100cf2a9cce1ce9863ffe50e9b90b7;;;;;;
f923ad9371e23526f9e0531004ebe0d2;;;;;;
a9e8abf7344764c008f3e46c6ca8b8d6;;;;;;
c2668581d4c999edd5a8d9c158dbdc8e;;;;;;
7c9baa4a3cc376acecfb30c2fd4daa17;;;;;;
ee80048e6840dc6293703006b9ed02bf;;;;;;
367fd935696c070ba000e7036d7885cb;;;;;;
74b1d950df76ef2701a4bc0efe2d7dd0;;;;;;
4d100a61c3cdd7447e2bdb9760a4b1c3;;;;;;
dc1498ae9e9973441ebb3beb3082840c;;;;;;
c128c42c0f3cbe79a30386cdffb525b1;;;;;;
241823471864d30d4e584ba505c8ce89;;;;;;
c0066bd45a388373493d3f4ac04c59ed;;;;;;
7c03b182f5c9b9c38f17abbbbd491fa1;;;;;;
42915f763406bf8fd74bb5b06d7954d8;;;;;;
af675057248ea02b57f94c60be902780;;;;;;
81115a834d14f707255a05a5927d3350;;;;;;
9a50e9a53eecd52ca54a35e2871e04d3;;;;;;
d151179c3e34d73450f9301b44038afe;;;;;;
9538880dd22c7dd9d22afb9fdebcce05;;;;;;
3115a7d29463770eeeed60e386ad8166;;;;;;
cb81cfba3afc55716dcb3f605a311c50;;;;;;
ccdeeb4705d68b663b15c1b50cba914f;;;;;;
67ff894ecdd600cc59d2ff4f78f9bcf3;;;;;;
6da819ef26e9c37b08e0a9e7854fc82d;;;;;;
8324a4638e64fc5aab97eb1da28346e5;;;;;;
81a1a2792ce2698210ca2b3f2bab0912;;;;;;
63c7e017f7da9ba2ff1da3cae59e389d;;;;;;
10ee297e3394aada76e9e0b825eeb619;;;;;;
fcf1be6e67ff53186e70091d649b4c02;;;;;;
5cc4d54233d469ab313a85993ca59166;;;;;;
b4251dcdd8207b3e7e7684083cf29fd4;;;;;;
7a156f1d576a02adba1c56757a33a41c;;;;;;
a01d39f675209fb60c924213b27a231b;;;;;;
ae6143fd77b1563f4bac056d809d087e;;;;;;
a9bc08810436b8748e3459492f6b180a;;;;;;
b6ff10ee1c5a3867fc17145c0fe1b3fe;;;;;;
affb632ba21d446b90aa5cc9eda99f3a;;;;;;
5cebccf404743f76640d69540fe0b2df;;;;;;
2487498a6534b084b814f7c7492fd6c0;;;;;;
ade2ca086d3ddd33c6f91f893c2f1f94;;;;;;
376a660b755fa5416921a47431581e65;;;;;;
f0e10e4fbd188b75d515779f19b8f2d7;;;;;;
a3a30af210719857113226c73144a81f;;;;;;
dd7ed39361fabbbe1ddc4cbdfd15aa82;;;;;;
1c022a3ae2dcd3782b8879a4b4b4cf14;;;;;;
38e67b31776ee7a2e0526f9b1ab4467e;;;;;;
3793886ea566a46d168f53741e98b859;;;;;;
0fda67a33121e8669a3b7479a3ced8ab;;;;;;
504eb19bc10f2d81aa2a4f3206378143;;;;;;
8c9e47d59067f29cb02c59bec343b3da;;;;;;
b8ee901495576cdcc45198968566c640;;;;;;
00b29ec35950c8911787a073da622f6c;;;;;;
b38960305c614f4fd8bd34e55a380d19;;;;;;
a2504ee932ad8d9801ea8cda0c670ec6;;;;;;
be026e74d5976102fe600107cc5fd4e7;;;;;;
1e91dc087f4f799f484658e70415007e;;;;;;
7a11152979ee32ef9144a34ef2bba1ba;;;;;;
b2e532808135fc250ab1046ea1a1f6c5;;;;;;
922e0c4cc5e5aec0169f4849e95c9f2d;;;;;;
3235c310ca134b5a95b995516d6c10ae;;;;;;
bdcc243c64146a0898605ff74a6614cd;;;;;;
e06acf42681fd5cfef550b025d30a905;;;;;;
cc26eb7533ed7bf089a55585188f7c6c;;;;;;
b13adef8d5d9285550b496c842eced9b;;;;;;
49c178eb67d3a3a215595449b3d06521;;;;;;
c4949a8f9a759c10c726c429c3f37fcc;;;;;;
3ba945e47eeaecc7710c7df7c451f14c;;;;;;
d14f9fa0fa56e1e29e448a83b110e290;;;;;;
885068a6208036fa180b286861d14524;;;;;;
218cd3acceb5a0a3f1bb95646ae7714f;;;;;;
9284e6d9423c58a869048d421562e6f1;;;;;;
5e4f45160f89dcd61d46182b3297f77a;;;;;;
772dabaaa95817486e4cb22e89c6525b;;;;;;
003d6ebab3131c9ac81ff1d2b1616d75;;;;;;
d5db1854f5a660a375adb4cf4d2fca9d;;;;;;
c6b6e5c9a823058800ac33148784f287;;;;;;
901ae828ec1f56f37fc652214d179100;;;;;;
8cf16730386261fa01aaaea4ace1f3e2;;;;;;
ad5822a175f43862d0ba8a6ecdb575f4;;;;;;
cafb5ebf6e26ab6c94438fc1fe8b54af;;;;;;
c03dd49dc463cad8278590f5e4e21a78;;;;;;
4e794d9ec87de48980f4f2efd685120a;;;;;;
8885666a8d39729704ef8dd0f15d0cd7;;;;;;
ff594205c98b55c663f27185d89454f4;;;;;;
e54f02a744690d9c36b988ba9f6daa2c;;;;;;
27269a10395727ce2689f142c0c9a10c;;;;;;
8ec68ea66c0b8e53060cadbef8c928ce;;;;;;
9fb05c56ecf4b3190a17879bd488d3b6;;;;;;
011138b665cee9ac7159a24c0b8a7fcb;;;;;;
42f4d21ca051017200f74878b2fd170c;;;;;;
c0f2e321aa9eea0ce6d51e829f87df2e;;;;;;
e0f55c733a7e2f94bc21678efec4fbfa;;;;;;
1600261b06b2e7254f598c8c1170ece8;;;;;;
571535eb25160d62b16ef0fec0c8dbe2;;;;;;
c1e3bd6a8cc8c9215178ca6f43e410a1;;;;;;
ea244a0452d530f68d876dd7b03e4b1f;;;;;;
735d820cbbc357fcb48c046a256323b4;;;;;;
f22bf8d4ceeac886d4ec36f21ff04ba9;;;;;;
5a36c24ed5d5f4fbe71ef6503e43b68c;;;;;;
9b8662371a7a41428a403b40ef050084;;;;;;
b6b45d61955d2aa070c86d0392004b51;;;;;;
b4104ee8ed6ce095abd5ded37f13075c;;;;;;
1092ab5f878bf71db8df4dbaafcb9c46;;;;;;
0597340f4a8dddf610cd6d510ace0a6f;;;;;;
1e62ae8f6c1dc3e883b686e9b8566ca7;;;;;;
77ade7af04dfe34175d8f1bf4cef386f;;;;;;
6199ccd373d05437c45cb86677aae49d;;;;;;
9da00be371b22e571fc7ffbca5e3db6e;;;;;;
6041c12ca2f3e5c8509467b85631e878;;;;;;
8753579d779f665ba8874591e847a22a;;;;;;
39e70f4f01845095039f87c835b847eb;;;;;;
88380694d3ebeba0c4342a0221a0b184;;;;;;
0e0c95f50293401403fe57f2ef03f58a;;;;;;
1f9e37c6cf09b63393d14b18e2a5514e;;;;;;
9ebd8bc1f4e0727f1978ab353623322e;;;;;;
93b25885ded6874b80635b676f4a5947;;;;;;
9ca36e42f2e4b31055b34fe0e4a32ae3;;;;;;
b6969b889c9a7d788d86ee5131f101fd;;;;;;
b1d8b477c28804df76b65eb664f0a2ba;;;;;;
27606bf7080a78259df3c95df30ead15;;;;;;
89f37fc6875965a81e821778829a599d;;;;;;
6ac94f8015010c5dedeabe83ae04f34f;;;;;;
50a19f457e9d72a0cb9bc761287c1ee2;;;;;;
137ef31c76ae66954fa2db551a6eeeaf;;;;;;
9dc3a819323ec3e635095dfe1d6a181d;;;;;;
88044927743d1c8db95809811d2e89ca;;;;;;
3464954a7f41af5c4bf980e18c682292;;;;;;
5b9d1cde5837128c95cbd60303a55ec5;;;;;;
6a2ce569a5f0d44df49f5b6fd842b817;;;;;;
4a6f4ddc3027b3dac5327b4afbed2e0a;;;;;;
3b7acadce87669498bee621ea566ba9f;;;;;;
c04ecfed9a537d98634d31f2ed128245;;;;;;
4dec46510d965f1ff231ae2b30df3fac;;;;;;
a529050c69487120fb04dddcb3d160b5;;;;;;
821ebdc50b3ecf6786803a1dc9f7038e;;;;;;
98609068c144db0086fc57c58ee106b4;;;;;;
dd403d1d71bf38780083169cf2ec5268;;;;;;
2625085a0aff01b30aef901b3c812801;;;;;;
3739b0f9313bdf2d6cffca83a0671e3f;;;;;;
5e0e3bb4f901f9129f25bf47e71a4439;;;;;;
dbd3f3c367bda7bfb684b62f29c5f710;;;;;;
c085dc96f31da331447a38934830ca2f;;;;;;
a389609d3bfee666c0364f94e5f3ea61;;;;;;
f5ab470aed720f2e75ae5f94596b5ab3;;;;;;
04c0375a1abd1c633177d0bebb95af46;;;;;;
98268658b3cb4ef641e6d600be5956bb;;;;;;
c0fbc0ccb8487eb0e52e9f4625cec643;;;;;;
c15ae8e7dd28f2d4a2354cbbe25c8680;;;;;;
2f7a13cacb0e1bc44ec86ee15a14aea8;;;;;;
9f27bccfb688f43ba09f5fd84cc5c09a;;;;;;
7c50fa3c766df199337117546d0bf961;;;;;;
4f79996204c502b6cb1eeebab34b1c63;;;;;;
37f99836f3efd3eb13fe0fdb0cc4e368;;;;;;
4d61c10401edca1337fe4b1da8037ad2;;;;;;
7e373275353fe73485456836781e2ba7;;;;;;
ce14709ef671f5ccbfd71b538988c3a3;;;;;;
efbf663013a56750589c687c0353af4f;;;;;;
9a00d736672948f0d53a7edc3c495b12;;;;;;
b61593fce056f7c7f467f0ae2ac9545a;;;;;;
294005dba1cc1d0ff140bd60dedc885e;;;;;;
44b6a69997c7d3ddd2a95d7e723d8bfa;;;;;;
7a2c2ff223637b0c8ccb7f8b5570880a;;;;;;
d9eafe0f224ea7504300d0b9021aeb41;;;;;;
eae5d7f4520dde4c2f51a24e1b58864c;;;;;;
62874f9732983088a59ef03bb9fd9ed7;;;;;;
b251e7be91dc8350718564ee92fc3620;;;;;;
edc036cc16efba5206dddf87e772568e;;;;;;
7353d72a3106c18d2846cacaeb109f28;;;;;;
2e4cd128b86dac5835d6c2ecc7fb5b53;;;;;;
88a5fef885bb53861d59b44f501b6472;;;;;;
286c0d5602aa08b68f9a2c04d33e1417;;;;;;
9819679211a858657b90c61d87da2694;;;;;;
235b3c5400a913565fe72062362cbab1;;;;;;
b72c17008c29510d69ecda1c97307d8b;;;;;;
2221e35990c575ef6db4810126e27025;;;;;;
a89efe519141d8d6f599a37e82c45288;;;;;;
526c6b77bddd25432c5b4873388694d8;;;;;;
c929161a2613d8889d3fa24463936cae;;;;;;
8cb67bebd38cfa8efb753510d4428891;;;;;;
3803db748ad9004b2aacd30422235ae8;;;;;;
be3d879d1868a9dba4b101804498c6aa;;;;;;
39553a987e8b4c15b1efce70b2b33d3d;;;;;;
3aa3939399a02c8d0dfd44da45cb9498;;;;;;
286f85df30a3204ccb7be68e5cabe160;;;;;;
f7943a680a0a21a5a09d829003936f15;;;;;;
e254ea9124e18537ad227b1a0b5ce8e2;;;;;;
a14d749ddc852c695cf8d51c82961953;;;;;;
2e16d8a75f0c821d971eae8a9f524443;;;;;;
378565e509efc954cdbec7b8e9f9c088;;;;;;
3e7424ff870c46420a533c46df0e7dd7;;;;;;
95c279ee6182b518ea531a0cd9670287;;;;;;
355a0d7eac1628f0f54d3b4316daba40;;;;;;
dc7b582d2333a132555db6f8e4eaaa98;;;;;;
542800fe989f4ec2e97948512b5df9f6;;;;;;
cbd2c42fdff28c03f02f05434370d53b;;;;;;
e6e6b0038552e54786d30c5dacd3071f;;;;;;
f79a804930b9b5599b8ca9b2b8a93faa;;;;;;
512eecfbf0e56a43a667c238a65b0593;;;;;;
86228f591f906aedf0ceaa19bbada480;;;;;;
0d5c3c5db3fd8362ba91724e572c5d1d;;;;;;
e459c5b1440924705e0374115b421593;;;;;;
fdbe51c55e4fb941634d96c755d7746c;;;;;;
d54fb5e7d996196ff0fe6acc8442d3a6;;;;;;
59956e954b98e2b46b0fda5c6b0c894b;;;;;;
12e293169a43b76502e902d17bb206a9;;;;;;
cf6eeb20cdcf866b2a9097a2c3d9e3f9;;;;;;
114a7c5852c7d7fbc9de7d6db02c7307;;;;;;
615b424dc3f1fcdfa70f977597b9056c;;;;;;
000ddd30d6e8ab1b4dceeb77a083e93b;;;;;;
5c94865cf6bda890b573ec30149464a3;;;;;;
5a17dcda5ee9eafc33506581220e449f;;;;;;
13ce94dce30bfcc1c3a9820d30ac146c;;;;;;
1b234d1f5d56d5cdbafb3633483955f3;;;;;;
f54def7a6e57350c63da8643427bfa2b;;;;;;
a5cf3c922f8c48439518323215780aff;;;;;;
ca0d183fc488f445def18efe42536b7e;;;;;;
ef9805d2309b26f71d38ce30bbdffe95;;;;;;
9f7284c6564d10c403fbb7a15bde9e93;;;;;;
fcabaa77493f106a86a3c090914aac7a;;;;;;
a7e7d0f12eedeffe430684c64677c586;;;;;;
e3e87b34ef3f4e24a220a8dcaf347d70;;;;;;
0e557acc90e7f7b1173b1976272954c8;;;;;;
56b314b4344cb510ba451f19640820bc;;;;;;
656c2c65949b165be368cc79d7a97ab6;;;;;;
ddb2852f24542f3cf0878339e4855ac3;;;;;;
38fc8bc25668da2bf9e970438fb11eed;;;;;;
1673bbe7a4767f2fbde38cb8fa08070c;;;;;;
3c12e0e44d867d590d17138b03268e7f;;;;;;
5a614217df0a4e331b907c00b080ca15;;;;;;
3406e8ea3b4e11a6df64dfef1cf9a636;;;;;;
68349be2b63a81c3bd2f0f94ac856a99;;;;;;
3c1f2dca08bc9f131f2b9cb3ff23a1ea;;;;;;
5668083a60e8150051cf1e18ef478dee;;;;;;
ee9a694eff68bca677d2ab9062bcb851;;;;;;
050084a4aa10e435e3edcb437b01812d;;;;;;
7cc6287eec3bd6a63c0028dd850523dc;;;;;;
34139af9a13737b81d56fe45429b7254;;;;;;
cd48ec960aa143450b551c7300ac9d3f;;;;;;
03ef7ad9f2f2a6fc4d0905e8193ff488;;;;;;
25a43c5245cb686e0ca807360607fc55;;;;;;
de77548e2424c5d0a326603c8dee23b6;;;;;;
1145572a2812f54fccac10d9c83f3338;;;;;;
c37d74fca38badf5fab41ce26abc1b37;;;;;;
b735b52938410e3c3fa6f80c340fecfe;;;;;;
c1bb3c3b1a27da4b1b4f4b73895c8c5b;;;;;;
f744b91263942e1a03b720ed684ad99b;;;;;;
767feced6d8555b534b93f17106787a9;;;;;;
a50e7c5e8126218714d85998d6ef75f6;;;;;;
234e00e425c6b9bdcd8dbca21a00d96c;;;;;;
0caa67e1dc8ad6997902fb521aaaafaf;;;;;;
0c6e615e88815c5788d2ade69c348cee;;;;;;
0ddb972fe686abcb5ccf0b2dbbe816f7;;;;;;
b7de00a4622b20617bae884c0a902de1;;;;;;
aa5abb3eed66c6bf7adf39e15f624919;;;;;;
e8ebe0cd123b36887c512a9563eaf5a4;;;;;;
522b864dce1b0f039a548afb6cdacc81;;;;;;
ce604112462388478531bcd6ac833be6;;;;;;
0758472fb37885a3a3f7093f813b910e;;;;;;
6c09b5de5082f78352db6845ac99c0e7;;;;;;
5ce0d1954a8f1ff34784ddc69ec72623;;;;;;
8bdfaa28e94b05c2595e428089b79604;;;;;;
5570879572c2d75643781b805a6436a4;;;;;;
9f6d928e30f493266cba45b42a2de690;;;;;;
374a79f0fcbd313d625060328f090c7f;;;;;;
65e3cadcce562613b57a409bbfb53cd4;;;;;;
b36415a554496ebbf4a7de34ceeadca6;;;;;;
d4a20b14f44d0ff8a473982ea1c51454;;;;;;
1202e6ed1cf56f0b8427a64298ee280b;;;;;;
62c8b3b307e4aacc79383a561e204c04;;;;;;
0bc275c16d02e0deae1af85d9e1175f3;;;;;;
dfdecc322d50f9e2963000a9d56b6332;;;;;;
9a1d29e5298ccefcbf3aa8e423c723bb;;;;;;
e13bad6722e6717ca8d6c1abc29541d4;;;;;;
5089c5679e3622789171619cbffdeeff;;;;;;
c02238d05113f633f2c601cebd53105d;;;;;;
6dae24b97d9758d1f9136b13b7ffe92c;;;;;;
3c4170a2f3e68b71770cf1a2f4c7c362;;;;;;
2ee1f5bdf936e0c3da0f67ab5e1da893;;;;;;
b94dce742d63ce40a23afe8371d1a991;;;;;;
61c9d864adff7b05f149f375a242f81b;;;;;;
d260968b9b501c95bb05874ba05c0398;;;;;;
303f8fda26e9b9acc480404df66da934;;;;;;
2b96053115d241969cb402d165b371ca;;;;;;
bedbcc88f8e2a7bef421eb71114da212;;;;;;
64f15093c0aeb81f7a9bc91f9fa887c0;;;;;;
483d021711d429ee46b1c47692d3d487;;;;;;
6916bcb41a9dd9105d6c437fed2fab27;;;;;;
cb83eb33e2aba5acc8e2c3fa45c57c5b;;;;;;
20344a91137a6005283f61cde9490a17;;;;;;
b83a79e25990db5e2956389a025463df;;;;;;
57c3773783429992c081ae479fcc1f8f;;;;;;
d64bc3422fc712f85ee47c5d2820b4d3;;;;;;
0141c98145a2121dbde451a9f9349fe0;;;;;;
1f192dc1f06fec58e0b1b8f1b3f8fc20;;;;;;
4c635ab2e3f38ab22c987c129b3c696e;;;;;;
a4b31467106f05fc08fa500afd0709ab;;;;;;
43ea0e47a1abb3385fbea8bc58188f55;;;;;;
33432545f1bc186641ebe7b0d1733c4b;;;;;;
3e92701865876d237e086bb8089a63f0;;;;;;
eb5ece220829dc828999d31b0cf566fa;;;;;;
90e14e8b2608c81103599ab56ca57b74;;;;;;
5463e6199bdb3030e60f378e86222178;;;;;;
fec9d0cc6f5daef77216185b265336d4;;;;;;
e98b922308aa715534d52c757f7eb2ac;;;;;;
a6919e70f6bea9cc51f1917ab49abb43;;;;;;
9cb88e01b16ba5e6e346f9afb1b03e35;;;;;;
66afd1e0f64041f9f5300cb18ee351e0;;;;;;
1593b343303ee34cd56bb48d75911ece;;;;;;
07f23f4e953722d8c7a3463c809e79c4;;;;;;
ccc264cccfe9d342e32662448c2b585b;;;;;;
b1740eca2e16b7e590977eb9ba97c9e7;;;;;;
7e877623334651a33d4fb3da5b3e3a4f;;;;;;
2551056a32cea8011fb4cf6ff9c1b375;;;;;;
1febac772bafadb537f57c8d4a1a497d;;;;;;
fe80936a766b7059311b267ea723018f;;;;;;
cb066def63b972bb6c22672ff08bb6f1;;;;;;
f5a4d2756b798937af274e827c0a69fb;;;;;;
0d0f5979d9051d2f745c1a47a681d1d9;;;;;;
c9ab421758374ab2b46a71945952f2df;;;;;;
30df2b1a9cd361a01e1d00fe0d5c1d16;;;;;;
eb648f32944f0f551d909a317f5410cb;;;;;;
13e786fe12e9ef16da70ea6a98a9c29c;;;;;;
59bb562a23b50ead817e791bc64d1fe3;;;;;;
646a2a516739f3268e9964649b43ee9d;;;;;;
6723d20643e29af925f1cfa5b5c7b777;;;;;;
6dc3f4a46e19a46e26589fad8fa26780;;;;;;
fd916479598fa84bd8eb7a08bcbea096;;;;;;
66c4b29776d4ad531603712c6f6a9304;;;;;;
8f26844465ed063af628cebd202bc1aa;;;;;;
cc520b1170f63bd8a1b9472febce12f8;;;;;;
35bd2ce140b33598ca66a7d223d86cd8;;;;;;
a28e041521c1a8059d7677c5140d54cc;;;;;;
461adeae09416c5f2fcf341a7705c406;;;;;;
f6ffcedb82bd0a7e36470ea7dda0d7c9;;;;;;
c54faa93ae86ac7e3826dbc25fecac41;;;;;;
83c09c1a27134424c9acaee4fc767656;;;;;;
931dbe84b809be6fc69e0f64e63e9dae;;;;;;
a0eebcc609df09592f136dd3a25f358b;;;;;;
c9919da4ac4ac49b0ada7b09ca2b59d6;;;;;;
3394b12f5e182777ee31c80cf0356e43;;;;;;
cd02a4829b9aef53fa66fb4d07580741;;;;;;
80036277411151bbc4311dda9dad6e44;;;;;;
863034a39bd1699927c96d6f8c056070;;;;;;
0850d2ad8de3a0800f394513d1093ae1;;;;;;
19800dc8083e4fb296e6d789faa3b4c8;;;;;;
acd332a53b824144b54f1ebcf43a6dbf;;;;;;
8cb9e8e9701563f28a65cdfd80e9e9eb;;;;;;
50ed5338aba994d229ac16b0682a469a;;;;;;
e2aa292ab0a279f8de75ad49b54adc75;;;;;;
f077c058a6464bbcf7500c67d2f5a00e;;;;;;
36bafe4e0ae0cdff6e4dca3a7fc19a58;;;;;;
5c95ec7a48dddbb39e5017f0bceff8a7;;;;;;
88ce3e2ca1240e7576dd45bb321915b6;;;;;;
7689d5d14f4706fbdfc168bde57dc060;;;;;;
c6b503ba5cf54fcd526c1bd598377420;;;;;;
82c7c44a14341cbe13a64da37829da22;;;;;;
f011cf635567e2745cc7e82353354149;;;;;;
d904215580c3edc3e763846d5f3b80b1;;;;;;
d5df06beec313bef82029906e202446a;;;;;;
0cf04077ba67058dbd2409d2a1e361e2;;;;;;
94e9d52647f16cba7420440134204a2b;;;;;;
5ce14b52edb8c0c94233268b7fc5e871;;;;;;
9de0b325654862e7e0e356803efece32;;;;;;
1add3cbf0c7b654e28cb173f603f2bd2;;;;;;
9046fe8545902b0386491a2d6e91edc6;;;;;;
2ace3b34593fc37ae13a357d2e427028;;;;;;
bd8e15ecec878db394022fc35f6a2216;;;;;;
7c0ccec8016bdbedb1ba4b6e23f2c68a;;;;;;
07560f1758a671649f1ad89f712b7c28;;;;;;
135979a643337303aae4f227a27f2b94;;;;;;
8e427037a387080bff24b7d81abdc725;;;;;;
56c7be8ae9c2fdd2084a413ad332e82e;;;;;;
1d7a5544ffe1ce23d6ac5d8074cc317f;;;;;;
b3b90a6f396450e37b6c52d699afafc7;;;;;;
20c713ece48cc6a0c58d108367e80761;;;;;;
947a0bed555e1c2e0e211f357c555dd1;;;;;;
bc3eddd005c23aab3a448ed2a36701ef;;;;;;
131e0b04d4fac1e4b4548a2afab085d0;;;;;;
be0c585bbb3e014bc5a5cd5bcee19b88;;;;;;
a80deecca4b47597a81beabec108d842;;;;;;
e36c5caf8807b30ee6b1e78bbf0ce0aa;;;;;;
337390f4687cc0057b395b6012617750;;;;;;
a7184dac7653c96b262ee694279730e7;;;;;;
dfa4d418fc45e4d79046cc4e47fdf153;;;;;;
299ef771561f15ace236ab9ab665013d;;;;;;
6a3a66ca5429a7a61fb467950c5824aa;;;;;;
8922177f8bb905e6fb95341ca8bb5f10;;;;;;
58b0619b0ed8b9882545b9d7653af1f4;;;;;;
603be0594269a3954b0d8305a16e5d24;;;;;;
d023ae986a63f2c691ec36b44e502227;;;;;;
ef4968038a0b325cf762f279ae8f8900;;;;;;
390fda3d17da78e3ce8719909dece0e8;;;;;;
d59e9c85dc6368ca37a659f821402375;;;;;;
88b0a828983b98d2262d982549273ecf;;;;;;
139108d319b60b6108ea68cd60cd22ad;;;;;;
7edd317c9047c1bf67c650bc16e18b23;;;;;;
aa8ca540df9c5fea9eaef463346b04fd;;;;;;
e344f2db3c1dc08861eaad8cdca3573d;;;;;;
fb21d0688da8f72be63fda1826b14fae;;;;;;
bb5a7dd5b7137e1e36b5939f08c29a02;;;;;;
c6eacaec738483c7ff23bfd0d17ba19d;;;;;;
f11d4d7c1891c3f9a6c13a744a79bdec;;;;;;
0b409a504f8c70c56be60fa66bcbd2f7;;;;;;
6f948a9c4d1decc71efee6cd1d9cd797;;;;;;
7fd475a166cea3120e8784d7cb0fd633;;;;;;
5c5888df4d41b69f4bf0c67eb3354748;;;;;;
e4c0874239bb1cdfb92ba1a1904d4189;;;;;;
dd084d8d9d23c09ff87aeba2d9c9427a;;;;;;
6276ca639901e35d969fab62da67bcf5;;;;;;
4954c77fecb196487cba42e17f56318f;;;;;;
7e6da92bab240d152365b29043ae68a4;;;;;;
8ccf24d9cfe2a5b52605669d0142bf25;;;;;;
508017d9923ea1206ca0236a4e4aea3d;;;;;;
d7b812f56f923f6a17b590a70034d963;;;;;;
95fec97e0122490b86290cb92924b172;;;;;;
a668f98e3597b31a5630deacb2b2dd5b;;;;;;
181a89941d4ed4194492179e78166976;;;;;;
e0677a92f0d172366686d6355467ba9f;;;;;;
79adc318bbbecc120deb29441129b7f5;;;;;;
d5c74688503dc583efa1042c4f26d0ed;;;;;;
126cda16f246e1ab795ad21cedf7041a;;;;;;
5a18fc0ba9d2acc5deef1b7351c64784;;;;;;
02216df2e5ad108bc947121725ef1418;;;;;;
ee4a2f4683371981f46ec69f095b1c3e;;;;;;
1a8a9b9a91e28bec5db70ffcd87842c5;;;;;;
6ec8a36b5672b342272ec3228d88e05c;;;;;;
8a19cb949db29cb714297c1a0dee6ecb;;;;;;
974ecb087315b1aa09b9ba85336a30d2;;;;;;
50094e17716913170c436144059b45d9;;;;;;
97d29b02b5cb3f83e88c7baee8323361;;;;;;
c4582594e4721239c26d2b4d456959c3;;;;;;
3e8b5f91e8d63e6d291fe06db5b4a645;;;;;;
b776fa10118e9bb541ab97826981e9b0;;;;;;
b84d02531049f19ea714a61104e743a0;;;;;;
718763471f8cbf0bd24bd971281e7530;;;;;;
d0d78504a2098870355f34e09b2ef312;;;;;;
e7dc06c3fc1b1f8090ba1aa73a6e46a7;;;;;;
db2013603711c2fc4b3797184d16b97f;;;;;;
d05ea82f1ebc992e0549da0228836e61;;;;;;
c2279b88d2803c4f347aee46a39e5d9e;;;;;;
d5abeef3f4f57439aed185f93301f3d6;;;;;;
846a7fb5b3d392431a6c55f56b15abe4;;;;;;
167356db68e6e08a5dea88d5afc16f50;;;;;;
76e297f8f388cfef368f669c3e137732;;;;;;
be406a704423d755eb4243e006a5021d;;;;;;
b7723ca376e782954a01e9e0f546db83;;;;;;
84158077008edd1e51e2669a400373a5;;;;;;
6b99fe12aabc85f9e245dc678335c07d;;;;;;
9e46915ffa733185139374c819f411d6;;;;;;
78dcde098099a8c49b3aa3f68d36a246;;;;;;
f686b9e40a1fc50efffd64f7f139e146;;;;;;
87d0ce6677f36078eadfd83f88887176;;;;;;
d8bcbcd8bd79c79a410024be45464a85;;;;;;
b116988dd48ebbd870c638ba5593c16c;;;;;;
527272df5afa973daeadf745e354cfe6;;;;;;
0c4202f8cbd8323681b12e432b4c25ce;;;;;;
7a2d26cbf234b95671e44b38420f84f3;;;;;;
6dc936d4eaf6f93b1107949796a02bcb;;;;;;
57c49c414f26606ec20c9aa9f8079c8c;;;;;;
5443415dc22530c9b76c98815e98b795;;;;;;
104d83c51018452367c272d102d1d0e5;;;;;;
96bae741b897b8e5f6404b2360d92194;;;;;;
4c416a689714eae1a6c19e43b829a9ba;;;;;;
99c94f9125ecc82bb7a9f12544e42c58;;;;;;
e9b52e4768a17b2ebe0e6b99cbb5c8ed;;;;;;
7014092765cd86eb6e43e3ef92458e4b;;;;;;
6cf11c655dc6ab148829dcd7c5757a8b;;;;;;
38f2146a32d3f9695e7923ac9648298e;;;;;;
e2ae52a73b6146d10a7221782ae666b5;;;;;;
5d5de75e7f21b01384ae3ba66743b157;;;;;;
f644425f56b0cbfaa7f7eec37422b943;;;;;;
c8b913647da4bc4c4955eaef7bf402a6;;;;;;
7617317554ccd41f2e027870ecbc34a1;;;;;;
d7e8dee1b66b9f1881e77cd53dd12b7a;;;;;;
0126f6df8a9e322fecbd2fa85892e052;;;;;;
e84681d7b43b6e8679e9497629a503a4;;;;;;
c69578e2e1c4e3059f61bdfb279f7976;;;;;;
c711b280152147bf3d26643e164320f0;;;;;;
5ae0389d4a160249b69554e74a7f8795;;;;;;
9d24f20639926e40c917a1bfa57c6305;;;;;;
2db8539bc3b7c99be6002ff341dddb34;;;;;;
46625d24186c6fc33c203c3308d21877;;;;;;
29cd4d0eb956905593913e1d513dab8f;;;;;;
cf57b61247874a7af3af014558a647d6;;;;;;
0283c9be61225e12684641023466fb44;;;;;;
ba6b834d7348773c02ee4e382665f37e;;;;;;
d92adbb2b3bb2394dfccbf209986714c;;;;;;
bb00f307c0f50e40137f4ee3152a571b;;;;;;
5ee18a58a7902e56d3c5a6c337f96799;;;;;;
3074d437b92b1780bf6d9caa281ae9ae;;;;;;
44ef93f811cb6a150967cb417a8b6f7c;;;;;;
a56202c64f1901d75a83f3b30b1787d0;;;;;;
c4679bade4a4ad17e44b6d2b60ae6a67;;;;;;
c6cf8f6d608ef7db438b3fbba992a45d;;;;;;
13042fcb6891d890be3b094c25b572e9;;;;;;
3d6e6922e6f9a98158f75360be081080;;;;;;
c491056fd59746f09d65177fe3ead789;;;;;;
4d62c4f50e51d4ef73c4fb68a8f7961f;;;;;;
94e158cf03889c7c8344544feaa705b1;;;;;;
aa1d4626df1813ff67bdcf9cea252bbd;;;;;;
ad807c243d6a6deba1e513b671a22e13;;;;;;
86a0fd3a42a8843692b5f743475f0c53;;;;;;
d45d7ed071b8ffdb8a21be323aae0ccf;;;;;;
36dc72117a5fe3a2ed4be6c0a3d2054f;;;;;;
79165da05352f61246cf881684bdb20d;;;;;;
176d0c6175a0f268997a9fd4117ad3cf;;;;;;
f1d67df5af570d913aee5d88ee4db4f6;;;;;;
572d0339b338546fbe7497128a34a647;;;;;;
0b82c3ce13ef0e847f0623df9a5c7576;;;;;;
501dfa5b551e3652b0ead328b0728da0;;;;;;
6b65107fe8b9a4c2de2a94d7b9ccaa61;;;;;;
6b96c760b3c7c9729b3e501e650b7180;;;;;;
7ee38ae978261e7063c4c85bba9070cb;;;;;;
e01d3b91bbf79546e93a822f9fdee007;;;;;;
f315392bb4a87754f548eff24310faa5;;;;;;
b46c476a5ccccf550f89b8d92c6f9483;;;;;;
fbb787709a46f54964d7aaea5d3739d8;;;;;;
08109a7fd6897d1a4b08561d83bca958;;;;;;
91ad710a4de7a1867a994dd262da3137;;;;;;
4fc0c5bf6b75f1edcbd9ba711fbc3299;;;;;;
8e9a193fb60b53246668c6cfc42fa011;;;;;;
6db4f44c55aaad2572d6564a0af0ed59;;;;;;
0bd3bc64ada71a2bff8dba6c887e3b38;;;;;;
cfd3fc77a034b238181e82e82e486611;;;;;;
8e07148a2fa83bbaeb039cc1c511d47b;;;;;;
e45db8a3bcef563aff1b82b8c96dee82;;;;;;
a300be48d29243bbf1cda4472be9b86c;;;;;;
3cbf02d117cb52f06c3866bfbba775f9;;;;;;
ed0581dc2db6962fa7ddc8acff61d8ed;;;;;;
9277e6ece186a84005f5a21927d27a5e;;;;;;
13ec739cf0a1bf2dbfcec7769f9f95ab;;;;;;
99078e93a681b8a8bcf7f249a4c63f3f;;;;;;
654230f952c59306ba1f27d0ed3c22f5;;;;;;
4be4de394ad7b51304a099a7332fb1d3;;;;;;
4d482a485909dd1da8f46eb75c8d8750;;;;;;
cff5607b2e3614228355c8f297d1fb56;;;;;;
349d35f3f7875e66dda2ab31c87ca91a;;;;;;
3498ee2ba8db28f61361c82378b984e9;;;;;;
b1945a4276735745fd8767f33b09c4d3;;;;;;
bd64ee5a1b6e459eaabe4c5e10e45691;;;;;;
28769b9427eb26929e16d73a6de9f966;;;;;;
f6dbf03541ecf5726a30b3482cc1442f;;;;;;
c7f1d66ecce84796a123f109e75b800b;;;;;;
d3c902bd6d9a5e739b4f7f036c35fbcf;;;;;;
9c909f6777389d19f80c6dedc046f794;;;;;;
a9b9960a8f9d074ec5669860798f51c0;;;;;;
f7df7d55cafc63e3443b168a613cb799;;;;;;
062ea5fd88fa225c4b7f8f8ede4b495b;;;;;;
077d318352335759e76b6fe21467c588;;;;;;
62e19775b8f0b7d2a568d8aea4273414;;;;;;
cd9faf9a31d823f9d8bdc99237eb7757;;;;;;
e3ede2e570a7dde92e964493308542b4;;;;;;
2e7822f3c34254a5a5e2fd274791e6b8;;;;;;
061394267081901e1cf7d0068e322ab9;;;;;;
f5fa57398570d900671f365431eb300d;;;;;;
6dd3375e5058bc28ac02ce6d11ef4231;;;;;;
c109945b923813a0c50f8d99aa4c4501;;;;;;
0abbaf55a8b5847f164f5f372b412679;;;;;;
1b6fd485c20bb469c19d64f0c8a7cfbf;;;;;;
3c7b7b0123565d15b05b962e182ecf5e;;;;;;
070f4760b3e091431e1495ce03025f01;;;;;;
914e06302e5ea748ab0e353b2f8b0c52;;;;;;
2852a99d3e0812a993359fd5cea5ac96;;;;;;
7fcde56313d22615606043dbb624d4c5;;;;;;
f66f804416fcc2ad968ac7fb11ab5980;;;;;;
9561a040248837c2335a56e80bf8f1f1;;;;;;
e3bc05a1ff37934f4b92fda9d943b029;;;;;;
76e3888ef0642ff17ad646f3b60e92a8;;;;;;
13d882694b4004e9479294b2a92d13d1;;;;;;
62ef5ed67fe5952956f84a64205bb3db;;;;;;
9fc82c730a443e48e7aa7ce644c443b2;;;;;;
26b4b56fd7cf94bc02aae1e438d96f57;;;;;;
66487286815cc3ae5a87eca94fcd9441;;;;;;
94295d3861376491ef01459ca1b94d86;;;;;;
3273e7804ed80282aab036d3da9741fd;;;;;;
3c4e320272931dcaa1f9ea311c9760fa;;;;;;
1b92485712ff2f1b942e259ae5918bd0;;;;;;
726d53001465356375b4895ebe661c1f;;;;;;
273e5fb8820771259e971edd3ffb0e28;;;;;;
7146b7ae1d072a10b05853c88653a3ea;;;;;;
1de50ab273e739393ace23d889f4f1f9;;;;;;
1da67c4a5c39a1a559973b383ae05c79;;;;;;
6ae05a275dcb7dcefd45f546aa3fcb99;;;;;;
1df153402292e855902d7b1ba02d37b1;;;;;;
437034d7d72079aa3972b60afeccc305;;;;;;
96b0fc6212188c7e7bff9adf4cfa0604;;;;;;
b64829af60dfdf6690a9302c968de326;;;;;;
d921ef20e27c3df0034c86f36e72d6f7;;;;;;
af0ae2c5b0e5a9ea01f6b531eb04f47b;;;;;;
ed88594a920253deb61e82ec45ba6b3a;;;;;;
dc566bc09b09c12e4eb36f3098f0c8bf;;;;;;
17891d572e4f58d112c140d2e35a2d75;;;;;;
b717cb84be263405999eec89345d2674;;;;;;
f737203c987775535daa7e68cdbfb01b;;;;;;
1c85d0d6e3f66ac7217e8cb847e00c6d;;;;;;
6d7d46917c419a84f45aa764c92ab065;;;;;;
57834be93d49ad5ab0787a6a6e8a3ffc;;;;;;
3e4fbe0ebc384225fe2381f09fa169b9;;;;;;
8a5ae0208023c404ee20aa4ef69d2489;;;;;;
a4d9cd0d0145256c55cd5da03ac87e1c;;;;;;
91223fb56decc4c749767e6953563a51;;;;;;
b024309ae051bd0cd5a3802f4da9c959;;;;;;
d0ef5d912f16888c4910f18223e7009c;;;;;;
3dc45512ecbbceb9fd577ee0096c0fd4;;;;;;
1d9f5e1ba76f097ee3bef0dda921eba6;;;;;;
272f040af8c29250b99871fd04f00eed;;;;;;
fdb97ad68ef0b58e7925488c96b5c732;;;;;;
d46141fb57bdfbaead0836c8759e53d4;;;;;;
346c60916b59f1f532c2773f1c10a027;;;;;;
2fa494a7c203d6df414ab0b8580c973f;;;;;;
3c6a99151078026846b47cd97c388bc9;;;;;;
4add39cdc4fdea8a58fdaa92d1fbd7ad;;;;;;
24cda6723d050e462677850be8516824;;;;;;
be0a79f2fb4898df52fa9058ec4d0ac4;;;;;;
43e39b395af745aaeae455ce5d9c2f86;;;;;;
1be4fe44f82ae668d68f93e382f2b4bc;;;;;;
46ac23983c608dae9547689af772a310;;;;;;
d60c4d5ed09676dea3b165a83e48af6f;;;;;;
b65d71b8320721d95ee46861d283187b;;;;;;
6b9a6e9dd0eeabaa1881d51a6b00f9a2;;;;;;
cd6cb0239775c23e8a78258f98f2f7a3;;;;;;
c91f6fd4710babb487ea5a1c55f6ba78;;;;;;
4f8dc28e1cf7e74ec1c19797d0d64817;;;;;;
836254e3e64b09a5f171af0599527952;;;;;;
260d19571ce87810772a484115f2fb44;;;;;;
566f75af71ef52d846e8ae7ee02e9cee;;;;;;
ae0576ddf7a25869987fd035c79526e5;;;;;;
895a360a74338148c5174ae5c8139717;;;;;;
9403999858baa4d4a046c90e24191bce;;;;;;
a5ad95289a6e56dff59967b24938446d;;;;;;
65f5e0d53778d035209c17d68aff062d;;;;;;
5a9d092aada6ad2eea87dc79b3825a86;;;;;;
99d280079caee5ee2ec47f35678149be;;;;;;
847beed311166280b97ddc1fcd9886cf;;;;;;
1d90628f873b1d82c4be1200a3a19a16;;;;;;
5833a669f5f8f0d814164860423d6c93;;;;;;
760f5eb9a604153406ba1176037d6612;;;;;;
f411271e7a7208e3946402658f75631e;;;;;;
b77bfbb6a6550d3ce35cd063495a2022;;;;;;
aafbbdc35ae45fc7f633093282e5e9d7;;;;;;
6d452753dacc2bcac83bbbc7a6ef9693;;;;;;
9445061d2c1f8f820b4e6019773a6b94;;;;;;
90443f2b4671f56da0cd71abc7d99c01;;;;;;
6e0a4bcbb83700f81626a8c40ca2e8ee;;;;;;
6b06e866bdc153ba85904714dc165915;;;;;;
8b61d7eb577eaea00c045fbd07c1e4e5;;;;;;
1f8868d1c4caebb416d23ea300a6cf4a;;;;;;
771f28884c2ec0d130311d49803f87c2;;;;;;
c7846597dc9c4f66eff022a26677fbc5;;;;;;
1a157786569d257d16e3d6286a042721;;;;;;
a5a4276c19ec55e99913e8d74a5cf041;;;;;;
72bd5fc7082e3d5f093427dcaf1c93ff;;;;;;
ed3b5ef0fa88e89fbf1a29be1aadbc01;;;;;;
4fa6cbe2afa8b93765074f1089a75137;;;;;;
32abf8621663af2b2e5a9ac590273c15;;;;;;
156687508a253aa908eb2ec1fc7121c3;;;;;;
04c2eadfe4566abe35ca68bbcc71cfc8;;;;;;
7da4e91271abc4dc7f47fde135b8be51;;;;;;
0c0144e88e328b6f9396084a6650e0d3;;;;;;
17f25ed08b7af2e20d438bb918434cd8;;;;;;
c1c86edf427002c1276e06c959cec862;;;;;;
5945e26225df646556aad3787eabbfee;;;;;;
927166c4804f64619fbab0621f530d06;;;;;;
7479b5336917ee24996cfd6950f76ef6;;;;;;
a67c40276a85d6d96ca1ec2c69f2a37e;;;;;;
fdd6f3ba58525b866d0b9c50af9eb232;;;;;;
38b15298c3b27b8d1c4067ec566844f9;;;;;;
269206db5587eab7cc285593eb77e6e0;;;;;;
eeea00666dbeceacf45615d869bf4bac;;;;;;
9f9fe4c7aba81c27f65a98d9f979b28c;;;;;;
5e254857a8ad88f828d8b5a92f2a57d3;;;;;;
fe1c77373f92c357ad7d6a9acde60647;;;;;;
3f8246729516d540a021b82d2a56c63e;;;;;;
9d5bd572701e96ee474cba137fb26b27;;;;;;
74572d0b56d2b43398c71d8021ae81b1;;;;;;
9222d38afe90962408699825f4ddb27c;;;;;;
f29a0de401ac957eaf964ae92ba42322;;;;;;
c8ae5572f037e1891f599059a4b977ba;;;;;;
d0009b185186f735ac3931bb8cbbd64d;;;;;;
cd34d2d2daeed43fc08941070429871d;;;;;;
e180578960315c8f56860f7baab530db;;;;;;
b5fec99576ae70399e28aefb8d168ec5;;;;;;
329bb18c3a3bbbe63ba8c1bf812f1ac2;;;;;;
8f98563b3110f2f08f87e221334b96f9;;;;;;
5919585b9420d4a27e5b11c592c9cc72;;;;;;
aac00b2831f99a9cde4b50185a4f403f;;;;;;
dd07482958bab809377e252ff427f751;;;;;;
8b284f8761b3514d0e0e28630adb6e9e;;;;;;
3953374a9c49f50b66eb236c2c4d92c3;;;;;;
844e6dbd522ba7127cf29da9a6ae762e;;;;;;
899f1a8c3a97a20d61d6dd792438eac4;;;;;;
90068850957bc74c4bf2ae18939ac23b;;;;;;
b12e6f4be6b5db24598e6cdea740b997;;;;;;
fea3d80db6215f2c5c56427aeca314c5;;;;;;
d60b04edba4ea8a775aa7586c6310ca9;;;;;;
05ac18599d90a70602ca1cde0a6d7e68;;;;;;
31b13abe4ca1a8014e396e51989f3eab;;;;;;
cc9f8838aa5344730010d3a1877abef4;;;;;;
3f0a2eda355dcf16b769deb452d88834;;;;;;
4f5aa4346c87247a1d467c0f535b3c6d;;;;;;
8ae5d63279083521f7e92c2444a0c949;;;;;;
8357ba19a91f8ccefc3c8c9f41a1de28;;;;;;
027f3de471e07d253791bd7c48e37eab;;;;;;
34e20f7a186ae2c98339b85cfe6d1bea;;;;;;
7f5fba5930af90f80113c92e702e154c;;;;;;
3c284722feb783a8c93f6a3fe1a151e2;;;;;;
31791336d71d7853c16e1036a7de863f;;;;;;
7725657ec0a740f9e48440d21b406da9;;;;;;
595ba5226b4097cbe54f5cb7274d8ee5;;;;;;
c246eb43fad009a079df3f34870eda9f;;;;;;
3aff14dbb68bb108172fcd02d2ea3a83;;;;;;
6a0b1317c5cdef77d327a7ca7aecdbac;;;;;;
b2a7b45c55e369391296d89a2e1ebd6a;;;;;;
ceeb4b3a2589233bb18ff2030b4abc84;;;;;;
daf4531ad9a14da7a524af1b5d312b63;;;;;;
3da2e87b08e7da525c5ce11d4505949f;;;;;;
7aefb1ea15ea737e5094cdcdbb3d00e0;;;;;;
00b4dd0e8e2599fe729eb9a8c01eb5a0;;;;;;
b93bfbefc27a30e9fa474b3834957516;;;;;;
6e7ded3d6e81add449e663b0ba65989f;;;;;;
b0dcaecb0657fc93ac7005efb563bbf7;;;;;;
e8a9ac7257ef6be1ba00688d20b77934;;;;;;
34a4a8d6b7693fa0cff46ade38d771f4;;;;;;
9aee08e1d54f259b2fa56f5136fb5230;;;;;;
99489882cf94d3907101d580efc79c27;;;;;;
23ab1e9daff3395d1e0f9f45861673eb;;;;;;
dd1209d084f884f1c33b77f16efa1371;;;;;;
d086941f0ebc57b27de0979b72949155;;;;;;
bea0ec35fa989a994132f449551bb000;;;;;;
3dabc8bd1697bf49c6eb8de3617e597f;;;;;;
9fc10a8f041790b5bb87da0db592e9eb;;;;;;
40648e2ce3641393155976d672740432;;;;;;
d9701dd1be25c45d8e076d20936eb1e3;;;;;;
2ede8bd579135785a9aedd533b41ed2b;;;;;;
e46b10693bccad21eaf2d21fdf7eac3b;;;;;;
d9a7f78164bc533472b60dc5e1378028;;;;;;
cfe0a8040dddba2d54eed9a804cb9279;;;;;;
f92b7634f587703a1aff38fbf6f9a53e;;;;;;
07c78eb00b4b0e16402fc016a9acd79f;;;;;;
165ad7d6f5e26933b7afadc9d6784026;;;;;;
2a320271bb9d7d540fa1f5f4d2f2b7b8;;;;;;
8127c0886fe781df7f92750097333528;;;;;;
604378640e61bf0a2e31578c4bf0e445;;;;;;
177cbe858b7d143981b7322fbd92a350;;;;;;
2df13d716a04e6dded1c99ce41897396;;;;;;
075fbca100badbe9cf16425e33f8bf90;;;;;;
58e6fa1e45b5249bc7c66363a076a582;;;;;;
c2967701c03f9b2475093c9dc28f3857;;;;;;
359a520e599a735b3cfdbb96b94fe722;;;;;;
44dd8bdaf58469dc98121d05d6c02b09;;;;;;
33442272dea603e9bf4bc5fb061c7e13;;;;;;
6661e87349e7053989eda8c893d387df;;;;;;
c2bb142e7a7188481bfd1b97e6c1394b;;;;;;
8750fc92e6bf378df8dd1dd1a3077f80;;;;;;
08cd417dd340866397e01f54372aaf54;;;;;;
603e02496cb3ee4689480844694cdd78;;;;;;
775fbe4e0ac4ac9631773e6f613e34a0;;;;;;
cdfeeba3dced80f34ddded6a1136e434;;;;;;
06d32bb37a94d2aac5c534a59fe2631a;;;;;;
f7e4a8fa82496de6885632b29bcd1725;;;;;;
1b1d154f5c6eef5445ff9c648863e880;;;;;;
1fb7dbc63961733eb5c46bb2760be7ff;;;;;;
81fbceee8adba6d4bb3705e628f4c2cd;;;;;;
6a1e0534eacf01335610fdb72adcd25c;;;;;;
9dc265f06a61ebb7facc550bb05b3ea9;;;;;;
a9f1629bc76ca875e55f6275e088b0e8;;;;;;
dd1a5f5f77ac9d5bd0360566517a6ad2;;;;;;
936b4c1e7ef5f5a0a170d61b7f440b6f;;;;;;
5c7d7aa375d1e75d0f048b39ae0f7fcc;;;;;;
8eb63d2c156bd7b4fb6564f8f325d4c6;;;;;;
59bd948046ef95dd18d15fab0e47671d;;;;;;
142cec43ecbc99a6b3d7d3b418be606b;;;;;;
12c5373d6c8d39150fb5c7eb4be75fe7;;;;;;
9f342aeb0aa6af18db7b127184bfa58a;;;;;;
39f0479f3b1b77e3d325298803493a9f;;;;;;
1060980a0d6b1177e237f6c91bfcb044;;;;;;
05ad0c959241330ee2ce185a0149d841;;;;;;
8f2f116be633565ed6fd7610738547cd;;;;;;
05247b8f8f1c88bdff54c7bb64213f7c;;;;;;
7edd535fc378020d26586b968d9239d1;;;;;;
63d8bed9c90726f62c374b8558ecb66d;;;;;;
bb85fbd2625a54cf7e9e4cf444d899e9;;;;;;
0b5ecc55ed4b37b2d68036e3e85d443a;;;;;;
a5ddbb549f6cfe427f8abd3e60f3f2ae;;;;;;
863e186b986fa03fd593e980d141ffe4;;;;;;
582334b98ffef823d8abb13a472ed5ad;;;;;;
314dd2ed82854fc3f573179313d88482;;;;;;
091dec7c17ac2b930c15fb983942c460;;;;;;
e9763ca2707bfcb0c52de3ecbc12e06f;;;;;;
c7754dd20a924a2f99a2f1b0ca96ef84;;;;;;
b64bee1a1e74f41f365f30437938a38f;;;;;;
a288c22933f873e82dd4409af52a3adc;;;;;;
f6026a9c89fe953c5d482cb2a7dfed79;;;;;;
66495ba8dc55ec9c666a02eaaefb5972;;;;;;
7b23fb8e26687e8ed2026be79aa3373b;;;;;;
faac1da3e817fc511e674111614c3735;;;;;;
2f98f83408c5ae8a07a98354fbb2c55b;;;;;;
952f7b6952975cd8de854b5d530f652d;;;;;;
10957d171173510674167a55fd1d6a52;;;;;;
5eb2b12f24dfefeccae803b42f071561;;;;;;
736e136e132589156ec6e30cf17cfb54;;;;;;
a28118d8088cd5bedefa538fb51e52b1;;;;;;
ede1893e90e5a48a1ead64eff9175de9;;;;;;
49926db21b9512b5e6e7bc949a90bc3d;;;;;;
b25e4dd1546b6e3c586901717980073d;;;;;;
2536f939b7b256f4f67f2c335dbee61d;;;;;;
145855086e63a5ca179af8c193e726d2;;;;;;
e9e1353e13019adbe3b6b4c17b65a13a;;;;;;
05036f5c5a7cbaaba3becfd6d06328ce;;;;;;
8a97e642f4b4727dbcf6d366b9a11c1f;;;;;;
dc29cdc7a2ae3e4a8da6a25658a8003c;;;;;;
7ed726f98e61de8c2296348aa1f64ad9;;;;;;
9984d03ea72b7383beb5463abd6e3098;;;;;;
554cf9ff949982a988e5dd9910067169;;;;;;
b6735a3134715d7288a191873334a5fc;;;;;;
01990682c908bb595a595ff8fae2ed22;;;;;;
bce28341ee8e668dbd7d411d7b1133af;;;;;;
04f02f612bc219e0cec6d1363e0d758c;;;;;;
50e75026ca2ace1de5645276d19af986;;;;;;
0ebf83572f68714c9092e63d9630b461;;;;;;
349110916a55e8cbcd5149f0d5d65b34;;;;;;
3eafc4c9f3679fc9d97f5863fa1123fb;;;;;;
c717fe7a6f53c960ffee5f5d48a1e6ca;;;;;;
8041f36827d29c28a1b376abac5321cb;;;;;;
67ec0a983193c69f2ba56e47177c8d69;;;;;;
5d84d853b6242e4bf6d2aa83dde60c80;;;;;;
cfa6c8ceacd3b07e3712cc6eb6ac6426;;;;;;
baad5fd75c103f00ac9999f640ff794b;;;;;;
9535a5987297266a636c6ac3ebc47acb;;;;;;
03c10c30959b889791d250e5c73bfa90;;;;;;
ddcc43c429c7d9e42c0aaa79ea005d15;;;;;;
987a684e7e0550a29700f13a23b013e1;;;;;;
61862b7ea0e30ad464aef85dba6dc6cc;;;;;;
cbbe08265eaf69148bb5fb5563ae0b29;;;;;;
1cdf2b94f2c2e8b7de728109c334a380;;;;;;
380612ac9c33e7d42832b92682d34a66;;;;;;
f8bebae7abbb43c83c0c9849fac018ee;;;;;;
f03e40f2287296ee51d226bd8243083f;;;;;;
08a31259dbca174aa7c5a7750cb33060;;;;;;
0c39089db2efe8c735d32e87316599b8;;;;;;
a39973e86ca48f0c7667e67b4d299827;;;;;;
b998e454376862276a79c6c55b8a6832;;;;;;
259c946915a991df4ea2de20e628fe03;;;;;;
c9656295c51e9e78c469b3c025ae82b6;;;;;;
b188924179598807fd4e6670f2ccc85c;;;;;;
370db3a45035535e0c1037b64a56cc75;;;;;;
8bd15ce996ff97be63057c6a009b345b;;;;;;
db47661bbc9e921e277aff3a9135fe3b;;;;;;
efd30591ff2eff853e98d4c48189eaa5;;;;;;
871b14820ed7965e77597fa85895df18;;;;;;
d8cefc5a27a52ab49226f01c22c0f8e9;;;;;;
491fa70b3b38e364f88397bb46c86ba2;;;;;;
3af668beeaf4c52d72c80a3397fdfd9a;;;;;;
de687845c60b99c261b9ac4e5b2d9a28;;;;;;
eec2ffbace48c8f3f82cb9065a756f81;;;;;;
70bec48b644ae6fde3816726ac32db7a;;;;;;
274592d01f8d894843e944b26bf4cdee;;;;;;
e875aa29d591e0550a94e1ca83ea5094;;;;;;
eedcbcb53d9707a22b8e2388b8b41213;;;;;;
ca171e30e63176b91273fb8af677b42a;;;;;;
403df6cd637dafcb5c823d3eaabfec15;;;;;;
eb3776db05f12c72e4d878418a1cb5d5;;;;;;
8e71ac6a7b8678bec45463a8782f637f;;;;;;
1cf1453806e9606330640a1b5309ad82;;;;;;
1e4adcecff1343d69ec000654d1cf356;;;;;;
a7dfb27a3ae1546bd8975f1f7e81e04c;;;;;;
b61652e433b4c7affb29a0297c2cfb7a;;;;;;
c17cd81457821eb66fb441f3ea19070c;;;;;;
14b342f3f7840d42946521ca72f375fa;;;;;;
c32e45a40b719be1251c099c0bb322e2;;;;;;
2dde60b11361e65e4c84be4fa3490f06;;;;;;
fa224a20f431e8d78f1316c023956433;;;;;;
43c64139c07dd35ce6b8d73fc66feed6;;;;;;
30561431632fa80bbb1ccb1c6d0e9028;;;;;;
ac9ab9dacc4abe7fe321e5260ead076c;;;;;;
7ff2b6cd969f2fc51efc7a940366d6e8;;;;;;
0049abcc8a3d2c3efdc4d711d1826c8f;;;;;;
ccc5383456f5cb0a35daecae7a570275;;;;;;
c9e8132ce97ac77f1df6a99e0e6b2693;;;;;;
9a67c4b63ee0d998b71ab2581d5e608b;;;;;;
19eb95f054ef7aead77db0ea9468a0b4;;;;;;
f48ff1dd0ca5adfd9631387552530399;;;;;;
4191267c0fd34dc0b07ad0f9a977f464;;;;;;
248d461ee02d39aa0b59136a77426bed;;;;;;
229543b2dfcc66c3235ee629d4a2677a;;;;;;
629219c55e0fd1152dd128eb3fae96f5;;;;;;
b0221f3fcf03c7c1b55b342cac972943;;;;;;
3551c2f2ad6708b6db545b286441a0ca;;;;;;
b87c9bde7ca8473e1465ea8eb168783e;;;;;;
6ddbfcb055e80c3de28fcd8b29156d53;;;;;;
bca72d00e67de87223ea724bafcfedd0;;;;;;
762c8a68926043195d0a4282325c44cb;;;;;;
21e55641daef9df681b1da5e920ec76c;;;;;;
edd58650ddd461d83e75467850ba482b;;;;;;
c2e3121944aec028d76071d7ba1d73eb;;;;;;
aed4bba5549ab6677ef589bdf7e7a627;;;;;;
35e2bf706fc5a756690626d32c313a84;;;;;;
2eed7c3ae2de5117aa274177dde6a314;;;;;;
817cd8661d443287e927150d2535a71a;;;;;;
fa98eb01f44bf561a1c2eabb1a17106a;;;;;;
7bdcd2a44f38d7f1d93c7a6ffbd20495;;;;;;
c2e9288d345fa3a7df2fef9598492064;;;;;;
dd2de870c6c2acd0bfa337365700a9e7;;;;;;
e60bc9ac953a05606642637413a7cb18;;;;;;
a9b9c8003edcd0ed548f628c8107a076;;;;;;
df5b7cbf5a98db03119edd75f5b934f6;;;;;;
e08b5b2bfcbce8622cda9b820e266134;;;;;;
055c103ff88a6c2e991a304557b57450;;;;;;
2dc2143604c047a1425db02761c278f7;;;;;;
372d892bcd850fa2f385ec7d3d0eed44;;;;;;
1d42b8cad45dfa976df74472a5b8985d;;;;;;
74e9dcb7ee18a191267f5ad78a5c64c3;;;;;;
31888b4272e563312530c746cb6a747d;;;;;;
8ef64b9fb681073effaef287f9e0c89b;;;;;;
8d27478fbd6a1359798b41f92951d6db;;;;;;
3bdcdeb1ab4b13911fdd162732525a12;;;;;;
cd6b4ff1db1e05b289936098ebc7315c;;;;;;
efe43f64a77a8ae4229e122a7a241e94;;;;;;
1f27e4e940a10c8a5c4c38b288690ddd;;;;;;
6dfc27aa323d02ba6c9d2c1ded2ef80a;;;;;;
5272ec7b2338d56b99b0a317050114cb;;;;;;
3498b4cbe51bf6c706c99899fa7104a6;;;;;;
5ccaee9985f67bb818d93b69cbeba0b4;;;;;;
04f15c2e2cc00cac8e5b2b2a9d61633a;;;;;;
87b24e7eedd7ceefb0d13533799db748;;;;;;
ba4a603cd50dc9fc4a85c8404edcb3ae;;;;;;
b93077ee6ce338799efb6dad0f87e6ba;;;;;;
b7d83959eb80fe259252b805bd3a023b;;;;;;
1c147e9a018af8594ea9f79f3df07012;;;;;;
573cdbb2bad3651dd4426f3931bfe7c5;;;;;;
1a0812670f080bc3b9d0581b029c2a5d;;;;;;
d59cfa3961a85078a88b39161c7d0eb4;;;;;;
fb6b5d2dacd9c74b6174425f9e904be4;;;;;;
927b14e87d4c55883fec813f17b5b411;;;;;;
aa632f290dd16a08d5f627a898d1f8ef;;;;;;
837f9932737e6b14c7926b14e1fac5ba;;;;;;
a8a6bb49ab16e6b08be76f95d9438cf5;;;;;;
8412020fab1ff0f6cdb571ee43ecd59c;;;;;;
2f56858dd52888f317fff0cac3d7bbba;;;;;;
1ce18d48f1c319d93c94ce8c75900e18;;;;;;
a11c0d32219fa1e75e485391448c28f3;;;;;;
2ada9d7d23c21f2284570a0c418a5335;;;;;;
7bfac76d55a8d414bb49e49f737b3bcf;;;;;;
992b44c0dc6dbda8648e87ab9786d937;;;;;;
b02a0b25665c9a4158d61170d7ca5509;;;;;;
5d52e409bce5062532cb34c364e85880;;;;;;
e4e5174b38efad6059f68198cdcbe263;;;;;;
b891c83e5214ce46aeb9f2528948efcf;;;;;;
8587e8f1818af1e5fa3b0d018a800365;;;;;;
d2a1f26fb17d5be6d86ff5956087e236;;;;;;
6fc7931db325b3d4734c9c816cb03a9e;;;;;;
c5ebb9fc3c492dab9a396abc9ed3873c;;;;;;
34c5e8787014ce908f06b44d39fea4f7;;;;;;
7ee38bec506bee686d58c2010d9ddf95;;;;;;
2ca86a89fb236c07fd80076dfff603be;;;;;;
04fed73cb353ad84586b9f3eb472f65a;;;;;;
44cd5d0dda672e4e6f4f6e6ab32f53b6;;;;;;
74535e288609ef1f230f8a8c8cf41384;;;;;;
977e0297b582be9a023976d473a997f8;;;;;;
fea76158b4d851d910b3502d30ca2951;;;;;;
caf9844e6977437f8bd7a92ff5e425b5;;;;;;
d21b0b0d28d4eadd73825a644b21d163;;;;;;
ecec0f1a5114c034744c4a8a4dcf366d;;;;;;
4815312e9660c5cd1cf9d1290ffcea8b;;;;;;
077743fa07fae0cadb5fef1014651e72;;;;;;
c57e4f8bbc4f141cb82b1bc2c24f2c31;;;;;;
83dc44fb96b8643f975bcf4d35a56790;;;;;;
07178e654d53a8a3795838cacec0ad9c;;;;;;
df1d975fd6501f78642a1c54b5c44a81;;;;;;
c0f209310b6ef1ba667e92babc8e05cc;;;;;;
042717e73af96f4aa15acb97c06d3303;;;;;;
4d66c6afdbde01ca291bcffa79bff706;;;;;;
25cb7828622f49395fd46bbd700d097d;;;;;;
7d3d6c26731c33bd4103613e7bbe0bb8;;;;;;
dd48e3d616371665d00bdf1c3e817383;;;;;;
def9a1452b7c8f05314f24cff65d47d6;;;;;;
998040ad6259d11f8d97adb7ae2afeec;;;;;;
198abdb238c24d421e1927c5752e8068;;;;;;
3a1afcfdb67fe6f2b3b5faec047ecf32;;;;;;
664eab6c98ff1a342e96e11b9c569358;;;;;;
e9fcfea297cb7cadabae372965bfb8d8;;;;;;
4e53e9b5fcc26f1831bc6789072112b8;;;;;;
a9590534bdd076055856d90e456558b0;;;;;;
cd7796249559667ece38d6ab222ccbcc;;;;;;
8c424f74480411b20dd92063304d0778;;;;;;
47bf5e5b339fa94f61d5dc98422d6a80;;;;;;
7d987acb639f604f9429fe9f1322092b;;;;;;
c4a7d076578fdc2e66528b8ce1ba8ec2;;;;;;
cb4b9e60ec40b1a83e51220a8d4a9980;;;;;;
8f6a711e84331d50194816827c78d253;;;;;;
a742193b05bf0c09f316ee98f62add74;;;;;;
78ced274952eea879bcd809dfadddfa4;;;;;;
cc6367a963c20f75b2d989cf01e62828;;;;;;
06d7eb3c6ddf6dff487844e0a138d5b2;;;;;;
fc20a038415edeca445545b6b2210394;;;;;;
70a1c0483f804ad1b381a63bbbe6363e;;;;;;
f5a3ec416c3460595bea7028a63b41f1;;;;;;
a48d2131070a415f23ad752ceebee1f8;;;;;;
755d82e85c0670884140f7300df3c0aa;;;;;;
3773d07a4d323870fd14597d04c7fbae;;;;;;
385744f130007773a7b63b4e84104a2f;;;;;;
d91be707fe9235ee426065c6c863b4a8;;;;;;
74fc95fa29c4963448f7ef962c8fdfcc;;;;;;
6435c4205a0d10a45fcf88a07e2f5432;;;;;;
38966a2abe168298ea0eb1167d4f5f80;;;;;;
047ee9f6e141f7bfb1d74f657f257f1c;;;;;;
0084426429748445d53c3b79335599e6;;;;;;
f33ed730aa4cbf57431a3741feec9974;;;;;;
a7b05b53b5f2b39d84682d8a2e9747a8;;;;;;
cd604a087f0d2697fe789f486f7ecd44;;;;;;
dd4267ef261ad8d5ca197b140bffaf2b;;;;;;
32be7a571c43cfee4409a4bdee29a4dc;;;;;;
58cca34883a4b100099770d2a4cd506e;;;;;;
fbe8fc4fa0f07b8935f9980488a71ef1;;;;;;
b8132f753c01ebd3f5aae4738218ff7b;;;;;;
11fae37a5907de1c4526b23499c6f439;;;;;;
11cd0794a30e62cde85af12bfff1fcd5;;;;;;
f3de12c117eaceed41fbe2089e09018e;;;;;;
4e1d5aefdd06229eecde9e2faf4dde61;;;;;;
2dc5004856819d891572ccf9a6710a5d;;;;;;
103c850eaf2e2611dbbb33d4cac875f3;;;;;;
6fee5d00a298b177dfecae355826aefe;;;;;;
9e83e0b94ac1d5f68b5867a3ffad5175;;;;;;
23d3cac3472a59a3b0b04063dacac7fe;;;;;;
80b31210e5510e73bb2642cde8566ff7;;;;;;
98391867c4b625e23cfa18671a4b5bbe;;;;;;
e445a5b577207d9439fc9bb8f7c0539c;;;;;;
5c3d3bb1d9db91b096a6e9f2b0b23413;;;;;;
97b555e457539209ea232e7b18b80ad5;;;;;;
36e19c86a41fbe28bcee42117276e85c;;;;;;
d0e248523656df33b5f7d3f8482f52af;;;;;;
eb943081317a2b2a3255e103cb7812ff;;;;;;
51d3072dfdd6d844004a41ab71050a20;;;;;;
c77d87e9355633d28d0c4a660f9a2b30;;;;;;
9331b796f607b8d59496d77fdb118cab;;;;;;
f5f151fc7af73881247706b0a0de6de1;;;;;;
0d12395c6ca97ec8107412d86d02a036;;;;;;
92387084837dec085f23b8a3d0f1310f;;;;;;
99116304508a705dbe69d4fdb152b05c;;;;;;
67048f1b56a94d916be3ba1c56db9a3e;;;;;;
b09a5d05ec7fdf835ea8a6387c0d4346;;;;;;
ba725c95467a476a1637ff7dcaa010fe;;;;;;
1ae3aae40907180f1694050612d60bab;;;;;;
3ab1a0c38401da3f5301484c93009e68;;;;;;
4857cc863ad3a607f1f598a09fbd2e1c;;;;;;
6823c7432262d3f57a047566f84b8351;;;;;;
dd8f5502824777b231cbaa2e16497611;;;;;;
e2236e6109807691911e560b7126b701;;;;;;
f8bc9f8d68ba8443c26c57d42c92140d;;;;;;
6a8e9ec17bfad9bbb9528d2cd1d1a1c8;;;;;;
43186f9bb21b276a12a7a03d3c28b655;;;;;;
6a5c6f38e9c187585db39d520ce467c6;;;;;;
3f0d3fb2af860beeaf5c4f399cf772e9;;;;;;
72a3311bd2e9ca3c8cc28bb22aad3826;;;;;;
81498861a01ce3456be9b6105c8b8dd5;;;;;;
6e003439303991860a185160b1b0fd56;;;;;;
aa2bb41964a682e1597f029c9ab1f5b4;;;;;;
2782fb3ebc03054db5e12b74a7bd5fee;;;;;;
406fdecedfd2f308680d1cf7056ceb07;;;;;;
c263c1103b7ba64780fc4a4837df4931;;;;;;
ea0ee923bb0bb80f85cfa2d550d74450;;;;;;
a52601774437ff1363003cbd3a66f6d9;;;;;;
36e41a4cd4ca1bac182e90817cc27042;;;;;;
84dd95e2becb5d9b37120969f4edf8b1;;;;;;
a66962b337e31ff424e89dca38252e15;;;;;;
480ebd60ba1387c777703ad97bd2a62c;;;;;;
44d123ab932cf19322b4cc570a90552d;;;;;;
f44cc6abd42b008c4679f4d5845a161d;;;;;;
c7330dba3598c9be3afe28ecf828c17d;;;;;;
34196b49187b2b5c625748e189faf222;;;;;;
0977d9fb784e488b467b7828edc2a97e;;;;;;
ae0971b38f2a8e62cf6792e0f659ea15;;;;;;
adbe5866f4cf3f6bda05ae02973bf128;;;;;;
4155d00525b681741ce631b01f3cd94c;;;;;;
c6be82a21b1f78a66792737592db766f;;;;;;
526aabec60097997c5faea44303b21dc;;;;;;
a8cfbda4f1d27ccbc9fbbb1e48f1f751;;;;;;
c75e29cb2cd2c0fdec553f52d21fcf96;;;;;;
d788233bbb25c13e93ddefd7b6e9aa3a;;;;;;
c53a9b60eb8c19ddc9ec5d09382e3a9e;;;;;;
e5a2d96e06fcff25d1317e4fee7dc29f;;;;;;
1f09c3d89620c89f59f3d5db4f786dd9;;;;;;
10746a76178fa90ed46782eba2126973;;;;;;
6e8b09b2eee9f88b5249f7153da3c47c;;;;;;
534eb9763abb4b4e9cb27512d5d939ec;;;;;;
3e951ecbfc85fab6946b5d1d3cd689a8;;;;;;
2bf66912e17ef1285633fd9756005118;;;;;;
54394e6cd049b9fd7c9bf441925e85a5;;;;;;
cf3e9a9e7a931be213388c0df1393b57;;;;;;
84bd7794e39d3048198abcc74390a63f;;;;;;
0d05b189f4f6b2a89074129efae294e4;;;;;;
3e1082e670a199c4862f0c414871c616;;;;;;
68788ed8c4bdfde7391c07b300fa4646;;;;;;
532fbd3f21b83f333de29728e6325500;;;;;;
84c83c12d60e7262f2bbebf26e8ec485;;;;;;
3f5db13f62265c9234e2ca59a9a5b655;;;;;;
94283195994603b252b9da9f74d6836c;;;;;;
61a5c1aac9ffbc2ee8c795ad987b25f2;;;;;;
8e94739604ed6b0fe3dc197a0a6092e1;;;;;;
c4777ea4053fe83fb8fdc3473f77ae46;;;;;;
7dccb8e4f42ba475629a5b4a6bc13e41;;;;;;
b805f82b823e0aae4ab49dbc9dd4e1a1;;;;;;
8a2412c8e0718fdd7ff4c04e3acebfb4;;;;;;
7b4baaa5bd2cc83c2d6f5b2f05bc10f5;;;;;;
8b6cd936d3f5bf6068754e9309a30dfe;;;;;;
6e852c2ea08c05be95a0d382c0a46c2c;;;;;;
d2b57706b5524beb1c0ae68ec6b7b42c;;;;;;
a78360a7cd990f7b2b5e955e6562ac99;;;;;;
348b74a5c8996df86dcd39b9389441a4;;;;;;
b38b2430ada6d673bf59466a3af8b867;;;;;;
c073970224f74892aa7a3d8f6e43b9c7;;;;;;
5f76fc0cd70613cfd38a6f55c78a9183;;;;;;
7ff1b3ea45616309fd4e4345f985e52a;;;;;;
ecb18f2408ed689e1de17b7f048b2dd0;;;;;;
2f4c0e1b4872230c5f96ecc52fb6e2c9;;;;;;
72b3e6b07d7754ef0565bb04f6d4ab30;;;;;;
6d9719dfeb727c19cd0e14ef2db7d4be;;;;;;
b69d79b1ad6f7667393baecb7dacfdc5;;;;;;
effbafb81102a64fa5b8d8c9a604b047;;;;;;
8f32cc566df78d390d092c6372cf46f6;;;;;;
cd9135678be3af2fc5fc906d05edd2bf;;;;;;
7db2df0820abfbd23dd3d7db641a2235;;;;;;
200867f6bbd0d7660482c1ac4217a7f2;;;;;;
9a61ce9b742b1b1c8cc6b9fd789b311d;;;;;;
26762fe0dec98ff88edfc4e1eaf71548;;;;;;
ae471feadb35d394fb3a75f8d3c28820;;;;;;
b396fd1be3dcae2eb3f790263473f459;;;;;;
d33d8ba52cf1847c04f1ac9f8547760b;;;;;;
b28f1d575cfab3a83889b8f7e30cad8e;;;;;;
2c1f6a06741a27464a6d8cb59c7b7975;;;;;;
7c179d517ed66e5ef485ed1c80946fcd;;;;;;
2fd560140e945fd7db7f40137ccd9b70;;;;;;
f824569fd71c9083fc5e17c0a907dfe2;;;;;;
4e5a1ddb73ee3cf6357b21edb36da3a3;;;;;;
45044c862a6c463edf1a1d1bea12368d;;;;;;
f885f72c0d5d37a6b4e011acc35d8cf9;;;;;;
7bdc2a4eb74643bc0346cc26379d7918;;;;;;
87a32c712deb79f51a50c81b00009348;;;;;;
0bc967c52310e1fdc82f5d677aa9f756;;;;;;
c63a4fb72740c2a00d9062c6fbbe82c5;;;;;;
205bcea995decb8e5a79417135a9baaa;;;;;;
6daabb40d9b03945f70dce6f86f31a7c;;;;;;
776b7179d91a0ce85c3e84b23376820f;;;;;;
61dbedd479862b5906fe1a366b93575b;;;;;;
1ad901bdf45bf595638c478de0ee119e;;;;;;
861214b59d3e4219727d6129ede5bc3a;;;;;;
ff91481dc33aaa68e723a9fc4f4289fa;;;;;;
e80fc8b27b88141085a341877bbf7f42;;;;;;
1607c5c85252203e48cb71407504013a;;;;;;
a700979a06da63c7d200dd0b1153aa3e;;;;;;
e1187faa26ee1181d6d734a6256c7494;;;;;;
4b9bbc4193aa86e79cbc6f63e6f3d77a;;;;;;
fb0f6d1480ca5111f9d2213bb19452f6;;;;;;
dde96375c3a4101fbc48ea0ddb597687;;;;;;
caf6b1b25025f2bc96e43f14ed239806;;;;;;
28e3bc5e51e8d0ee6e2a023df4b62e54;;;;;;
0ce0e159f5baf806b004629056bd3e05;;;;;;
c83ae4ef083e88263080dbac50ad5d0c;;;;;;
3421859ae679e6b23449da6554f5b81e;;;;;;
589d8a530c688b81437f559c807f7ee5;;;;;;
9f91b4f5dcf37f9eb415e62d2dc2def8;;;;;;
2f50615c6f5a8784963b240fd4f3b65f;;;;;;
20e0433fa8295715515a713da52c83cf;;;;;;
9f3b57cc7485c0e57172fc985d3b77a9;;;;;;
4e7eb99fd4e2de98db8b305413f84104;;;;;;
af6b5cf279c9f4f12444a25b6a78d9e6;;;;;;
1c4b655bca0052b1254e9b61fea5e9c2;;;;;;
f0c33158b7df8fd89f19ff46ce2fb4a4;;;;;;
a7c27b3ed473040ffc671495db20cfc7;;;;;;
89bf3c0b40f4b30eb7e9d4cc651adec4;;;;;;
96f91bd23ee8057ba83e3ceba81f0695;;;;;;
f57007aa4a82dbd186daa4a8abec6045;;;;;;
48daa771834e6780b4739434f09b34e4;;;;;;
deb81acbcd2ab2f960e40dcde0e2b815;;;;;;
963f357b27cb64465ab04d728ab9cbd9;;;;;;
a335d6945291eb37f5a5fa3ae781973d;;;;;;
7eec0b5f5884858cc23da6deb8be88a8;;;;;;
48e8a6e61c344d9807e2a07a3e7a79a1;;;;;;
5c01005a09c192b853bc0794ea355fbe;;;;;;
d9e2a712a4fefb7cd6535c7830e5935c;;;;;;
05f1f6e56d5feef023d9f8820edbc3c1;;;;;;
34c246b547b1af7175f8e8f14b4fa9ff;;;;;;
852925ec75a8dd2637a333e3a22a3dfd;;;;;;
dc3db97374e16347ad03885aa0c0876e;;;;;;
6d719fefb9597929ad46e624456edf13;;;;;;
e9c323895a36a64536bb62adb03d997d;;;;;;
cbc03b8a74a586c06c82db33f8554626;;;;;;
e73407438bad97b48bc1e86249861a26;;;;;;
9772d2cdf7197314cbb2ff78fbe5a76a;;;;;;
4a4089ad42213968d8092177abd02c77;;;;;;
c170267927d2597d3c306f41bc9dba1a;;;;;;
a77c2e4c097b994af2c590b612e7f04d;;;;;;
1132438c41cbc384378f29adf4064566;;;;;;
bb723742ba93fe4d01168d46618c26a6;;;;;;
23dd583c357a0f89757051f2771d51be;;;;;;
5da167f244a943cc55dfa58b42653761;;;;;;
47c7ff6b7df7d3c797ab8fe12a65a929;;;;;;
e0ffe659c63baaad116244ab1bdf1c88;;;;;;
b650564960eaab67d1a3a243dd3aac5b;;;;;;
2d2aa9d625c98031636300558f4a978b;;;;;;
b6a609c3fae3d9497d1db21133d191de;;;;;;
fad820e1c86cb08710462c7dcc08ba1c;;;;;;
197fff91b5d8ed18a68792a8e544a638;;;;;;
e715558d544217785b25279cc155b71f;;;;;;
c7a2c44064627580e06a6e77aee9e1d4;;;;;;
908596bd004cae51d16931c8d44d46a9;;;;;;
9a745456ef75932c004635a079b50f8d;;;;;;
4f08901da3f282e8d96eb4503cb30896;;;;;;
9990759719303701bef99df432c501f0;;;;;;
7fd7edc14764feeefb1bccacf4cecbea;;;;;;
870d653a5f1760d9bfcbba4436fd916b;;;;;;
4d2d0c95b1fab72bf7251cb4b320420b;;;;;;
8b83f304266c2e7ad349f0c1566a38b0;;;;;;
c821aab842f6a5ebcffe7d8ff053ee3c;;;;;;
c6b3c2c9e5809ce64eb0c3a27a422f6c;;;;;;
73e85fa8dbf0a5c9e246595c6922d595;;;;;;
4e2f63cbb8fa806827259ba7838e67fe;;;;;;
b2a3bef3aa577d6cef9fc29fb74acc25;;;;;;
9cf3e7680bff8ab90816f1daa8ba25c1;;;;;;
0faa3086d6b5b1db6ba53a992622560c;;;;;;
5063b8a8eeda0cd977951351e5bb3bb5;;;;;;
c72f5546d9aa697bc233fc69e4672df7;;;;;;
439dfbb54614b8fdf157cd6ef857941b;;;;;;
22819de0fc1f6a694d7957938a2b6cb3;;;;;;
e83f30395a63c86bf6448e9e43c75f77;;;;;;
58cf3146e97e31ec593f4060572a4ece;;;;;;
2668babc5e55ad2172bf61a9df6c86b0;;;;;;
a7a646563e06475877d8ac2a0ae07fa8;;;;;;
db4c0b2b16a7bc1158d4553ba56ab306;;;;;;
4914aeeb7ddeacfe8ef5439ab7952df4;;;;;;
0a1b7be5cff4de4db4e1fe0f29af90bf;;;;;;
ae4cb24d73bcb485a524dd694a036211;;;;;;
bad0e46edca98b95e6cc15b58ac8663c;;;;;;
b0db914d0a5ffd6d22cf9b50f9ed4534;;;;;;
2c1bcab6cd2076e2dd8caa101ad8bf75;;;;;;
224bcd5d144f08372545a39c4e3bb359;;;;;;
3b24a5b7e78786c88b5b7da6221f8963;;;;;;
932fc68ba7e007057ff8e224dac05562;;;;;;
97b8718ae7edcfb0a3906feb8edc85f3;;;;;;
ce4c12e1aa2ada5f828c50c4e02f7a86;;;;;;
a7d25f69fd4ce725c224d82cf7554c81;;;;;;
b74e3c5267e74255d95f2538405ec47f;;;;;;
7666da26f17b5fecc4670ac41f213ceb;;;;;;
d669809768a820c93be9ff5c53383fb3;;;;;;
432d513aafd1f3cb9c1a2584a76e8257;;;;;;
15b559e4d535994957c5ad8d20bbe999;;;;;;
558f93b8603a91db902ea3bedbc6d8df;;;;;;
35b5b415c272c1dec87aea4c6f68db64;;;;;;
bc4179a8ba8119d4accd60404c1394a1;;;;;;
61e93db710cef088256a766c1b9120c7;;;;;;
baf0112fe1d5b7f2c793642dd5906c04;;;;;;
ea0d69b900b5eabd2ada82048604c993;;;;;;
b9fa7c27f0a5d641c930cc89e6766819;;;;;;
610c36f501914c2db59ee967262c0016;;;;;;
f5ac0d88f56c1c801d135044888d86f0;;;;;;
67501ace8948d05b6b02d6f6e78deb11;;;;;;
0e8ba31399a1f451eaf098394b4dc823;;;;;;
3a0423b4ea765068c77cfad02c61f3aa;;;;;;
915d8af84e7dfe2615e0b7d754380579;;;;;;
a8db157b7b26dff24dc14def956473df;;;;;;
2a19b96fdcceea8e43f17dd466dd661a;;;;;;
6320f13a2f4d1cb3a72526fa0997d7a9;;;;;;
0e3285b1eacfa21d018016a0d4b9eedd;;;;;;
4996778fa4c0f3afc94eb6d62ebbe59c;;;;;;
4f6699ea59b08ac7a6907eb622be30bc;;;;;;
49d81dc0694843ce7189c64e27440f9d;;;;;;
0a4feeb204163a17478fe29c06010a75;;;;;;
d831aed5aff4c7883b5b3d89707e81e1;;;;;;
8c4514765af054e6e95da2e4308439c2;;;;;;
bf7b744ad30afe55e15f3d8ac236312b;;;;;;
72b326063d61b7241844cf47e39235a6;;;;;;
899b24c9ed176c7a0ccf563198e36f6f;;;;;;
4c515d65f97d6eda6c9ae5db85bec81b;;;;;;
e57b3a40c27b0740bd47aa22601284e5;;;;;;
e3d0900f5889573cac39975dffc1044e;;;;;;
3eae4507cb3c972a7d8124623d7b3c48;;;;;;
bf5c2f04535a28a492961cb11279ee7c;;;;;;
2074ff28b363eaee749cf253677f0da9;;;;;;
9c78a530e3d5f4898c8642ff1c7ca215;;;;;;
9898272c6c83f42ce70b4fd5a07701b9;;;;;;
f1f83d9c1210323b131914283ed0e2b3;;;;;;
47f0db28119f6e52a302f29599d97861;;;;;;
26a6ff6dfc2c1ae80ded8b6a67c21d08;;;;;;
d1822cb2a4f0c92557eb59a133be569e;;;;;;
4e136cae80ef8a5d75e9604e148a19b7;;;;;;
c0b17e44f2f44684ece1dabb33f0a093;;;;;;
09d41872d91246c7011a900d7583cdee;;;;;;
fe102a4bc0b2278933d57090585da4ad;;;;;;
f050ef009e7293cbda679dc1ce3f30c5;;;;;;
df206d4717609b86543a6afefbced8e6;;;;;;
78ce9e774f37a0fdfe49b61aceb1fd64;;;;;;
17907865954bca5c86a36fb6fe66df86;;;;;;
5465dad556e7070326188394b41c51b3;;;;;;
3ec1e89674d27b2814950c063bb3a5bd;;;;;;
ee9d776c11276f9ef0e4799c39126805;;;;;;
3e637c08ac8b103b9a80c900b33c7ad7;;;;;;
a57ba58d52a99c259315c2f379be2fcf;;;;;;
34d09073fc259843be9928efbfadb2b3;;;;;;
744409419ab29d878c09edab85fc9519;;;;;;
b056bd0d4fa41c6daedd73b6ecf6a9af;;;;;;
283c12e9d0ef665b044354ab3ed795e9;;;;;;
507f036f5e673607f24abddfb7e9564d;;;;;;
f1acb0c23db20da52093fdb9645a827e;;;;;;
aae7e0bad6d43a3fdd9ccb16bb4c5cb6;;;;;;
297e4f2e062ccc50f5586541425eb5e6;;;;;;
2283b2b735e2295809b239c6f692f084;;;;;;
ff42cd01e4660ca6f8ae6c54abe80175;;;;;;
bddf4293f5649747788dd48db5200128;;;;;;
259307bdac800c4a4eb33ac0fd8eb009;;;;;;
68dd7dcec9fde9d40aa0b02786a01eb4;;;;;;
5c6ae8ad48315dcb33cdd5375fee3fab;;;;;;
96825052feca8e87e27bca326c7425fd;;;;;;
d8377f3a6b4957d2b69712695cf5fb7d;;;;;;
44d3e4cd55484f65a53585bc076bcd6d;;;;;;
ed4f47a56201fd3b89b9154bf630625a;;;;;;
c36b9d090cfecf52189fdb32ec8bac82;;;;;;
2de5fcfa3227418f23a2dbbab9299a8c;;;;;;
84f496afc13b7a759fdd11ea767ce9f0;;;;;;
a30ab8a6ebe0a3d5eeba275c35ce30f9;;;;;;
e1959cd3868fab643a785011f32de80d;;;;;;
c74cae346ae9dc092e60fe1ed9e5a77e;;;;;;
9bb8f11da75bcbad0d1338be403f04d9;;;;;;
148dd6518e25baf89d1da007875b5cc8;;;;;;
2b86df5ff7644068d75a0da0b4a7018d;;;;;;
7f159f535f95988178d140ff7f2d5c57;;;;;;
b838c6aea84aefdb6d4504e459be45b6;;;;;;
f3c5d601eff5cb967c7e83e4208acfca;;;;;;
f08bee4b031ac07a084919663ba537e9;;;;;;
aff1b963bf532dddde2a8a958de9bd3f;;;;;;
96cfaf90131b43b5a4fedfdd8f9d1f04;;;;;;
4d12ebc108d7ad132d09fe1c055774b1;;;;;;
72ba38a405b5173dd3425dda88f5ceaa;;;;;;
93fd28595127914736bac9e296268e74;;;;;;
b1f7bbfa5b854e3877e0222be8fbdd17;;;;;;
1bdeab56ef381207305233aaca422782;;;;;;
5fecbc2eef93c0fa6426bc1aff58cd57;;;;;;
80d550ca0d1c49bc6c969cc6e046c934;;;;;;
812a3014fa42f116cfa6a2bbaeb3d0ac;;;;;;
0849c485710b28b03f7c1b3857969d8e;;;;;;
49dd3b581f0de4711cba6e6815e0cd81;;;;;;
80b98550750b8a44b28639b64264e636;;;;;;
c4afe2b885e08c63de6c2b1633ecd8cc;;;;;;
ae398846699c7754dc585d43765561d1;;;;;;
79af39529d28ee810d6d71757ea28ddc;;;;;;
77a745378db50626b574beaa72a9e842;;;;;;
b248510ee7e07b85288ffd63dc5d327b;;;;;;
e14216af54a9a0184eaadcd577fd5b66;;;;;;
a5ee40e3640c9b67c30770a3e2999346;;;;;;
60c60bef2129bd1b330a8588ec5a8dca;;;;;;
644a714312b54987fa007afa38b38879;;;;;;
6ce1e0b3f04a40c47682d800ec10af27;;;;;;
9a04d0720d9c1b6b6e6e1ee50073de93;;;;;;
83bc89635587014cb495ec4359d74b6f;;;;;;
0df0326cad694125d8bebd4018dc42e7;;;;;;
599cc759916716da3765f0f57008b0ae;;;;;;
9dff8f6b637b0ec13672fc11c4da12c3;;;;;;
28f43bf5210e1beeb27326497f53460a;;;;;;
ab2fd3c48e1ee6654aa53247ee4b4b95;;;;;;
58e7712b22b4eba1a8ae3f174d5f0150;;;;;;
55b05e386296806cc7d4197499bcfb15;;;;;;
039fb0ab9981391e655dc628506c1c7f;;;;;;
442c85a147b8935ec03a3c10fe3f15d2;;;;;;
27f00f3d65a55d6bbac258696cd9fa32;;;;;;
68c9e3214120f91de5d7663e8c1d4af6;;;;;;
33cf30cbdb70e4012e4eb2ac9fa3154a;;;;;;
8b29bfecf5df53e70f0c25705a95fe03;;;;;;
95551fe3e6a9fdf897998c6a42a00824;;;;;;
567cae6dceaddd66ed012b78577ed93c;;;;;;
ae3d079352dd95022f3916e6ff3f7d5b;;;;;;
fe900fef026ed3dfd5c4779aba2ae0d7;;;;;;
66d93bdd7aa8eb31d5f3efa7ccc9ee26;;;;;;
6d125f9d1fc9eade5f95f25ab018bf75;;;;;;
854ce900f9c760f196d83b2811723611;;;;;;
5c5925c9b2a7d54480bc9a88da55b8e9;;;;;;
a4792131ceecea4394a96f4680e07544;;;;;;
5ee04ebfb9b44975d0dc87a48bdd289a;;;;;;
f5331a46763c4f1f39f1cd5fb5fcbe7d;;;;;;
019b4626aba2a1e9f631de8bde7b4c70;;;;;;
b6e01a1b5858991a7fdbc90111d4b624;;;;;;
a2c501efe1ddbd9bcb8a1c0367c6c651;;;;;;
8f25e0958f741f158977e6ca583e04ff;;;;;;
9cf1af937bbba4114caf7f5ee0b31913;;;;;;
094311cde8e96338e6d35dcd634a3106;;;;;;
73c0f98eaca7acc7a8e11d88c5c06b98;;;;;;
35d5e00ca8d78fd87f7885dce1184b8f;;;;;;
70b0c5efef5269a932174e342db541e0;;;;;;
8e5f3a3abdb0c8648b76d17dcfc26eab;;;;;;
f9cc392f9c53421fee2a9f56496ff724;;;;;;
03794349c3c3188674fa14880d3ab961;;;;;;
81a32c39d7b9de56a329bdb91c6e538c;;;;;;
0915a3f9de9342cfa7ff4d078b7f5ace;;;;;;
943ad5ddfd493be5aeb7ae78b8a1f067;;;;;;
61d23e1fe2bf85e099d7939d76a7ca8f;;;;;;
2091230a675a74d9027e30ad6aceead5;;;;;;
17056c40e4297aa688d6c4a5283ce310;;;;;;
e363da3d81af130b1a94b8efb0a29897;;;;;;
c2e0c64ded7b94f4f18aaa4fa72cccb7;;;;;;
8afdba75358a1a2458d7e385b873bb8e;;;;;;
2aede4d949142baeb91765b1504d5e8b;;;;;;
483be10c832b63ff5bab394bf544a750;;;;;;
13903a9c0943e2ef00dcb56ba6293e96;;;;;;
48e6b0e3c8524a85ce74748d09526455;;;;;;
ccc331e9ae0f0de77de6eb0b1bb77323;;;;;;
989c22cc482ecc6458fff0b4e420a9af;;;;;;
b29da0669ba322202ffcd10fc22c64e5;;;;;;
054bacc1c3fe1d59baedf9c382ace97d;;;;;;
20f6b9b6850ec04ad2ec4ef586872c31;;;;;;
ee9d82e0dc8f8568acccf3f855a6359a;;;;;;
be34b53ddfcc30c27794f3e99207ed4a;;;;;;
b68ae59ab0a6d4d7dda53fbe0f6bfef6;;;;;;
37c4b4ddbfe43cec8ad59a41544319c6;;;;;;
3cab05b1fdc24f184473655d87ff2f70;;;;;;
b5f128a736032da2f6ebdcec02fccbe4;;;;;;
8efbffd066386a0245a4fce212ae3d0b;;;;;;
dfc3a44d7d5fd3b108731fe2cea47475;;;;;;
27097da1c9839fe109440c643150dc88;;;;;;
7f1266bee71bc99499a453ddf4d012f9;;;;;;
882cc4d2aa9f190988e4b44499f08eab;;;;;;
7a093029065e3afdcfb57ce094fe2e96;;;;;;
1cca23f3f061c0bdfdbeee1c0d3e0060;;;;;;
68bb84f47050803f11844ba42c86e260;;;;;;
597ffb429b3887401c78053c4f251b1c;;;;;;
64398ddeddd9d35a88b1301ab2fbdbbd;;;;;;
dcafb7c0b2612e1aaabec710fa9d51fb;;;;;;
6d29f4d109a355a918f2f3eb5a8d0779;;;;;;
58452bff7c2b5a8dfa3104b88182f03c;;;;;;
8a586e56442a02a0ba38fe6ef500c528;;;;;;
76b4ae6529745fde6c691c9087548477;;;;;;
aa3d179202b97681614e005224cea78c;;;;;;
d07bf23238af22718929d6d1552341b1;;;;;;
98c6cf3d99db5306e013531bc574399c;;;;;;
eafa1b181f2ef217490966ce320ce035;;;;;;
e64bbcde0721a2ebbe47ad639f352ccb;;;;;;
cfb363fc46850f4cd8f865a65ef7c2c3;;;;;;
15229d9dde970c1ee120477f303176b7;;;;;;
0eb3021d73ec06f75d9fdbe5091cd882;;;;;;
074edf8b945316e950dd5c55850dc85d;;;;;;
595af286e548896af2acd64b52f7ecb1;;;;;;
fcec515ad7cf12e95916c104f651adab;;;;;;
b484f6958332b77996d9b6af09362411;;;;;;
70dfb1d71f2a32106ccf775c0600ecc4;;;;;;
cbb05deb01686ff977e6474b00d9a08d;;;;;;
90e855346072d90a8c9b4b1a221425ec;;;;;;
0d7f63fc31cb881a2beae8d020f5467c;;;;;;
6a63041946c1a62101869bb2b2ea809a;;;;;;
d7c94ffadc5861e1943089d459ce32a4;;;;;;
8c5b2844ccd531f1e9f5006e2c922178;;;;;;
4250cc27de1beaf2d7aec1207520b1f2;;;;;;
32b6a19d0471686c4d6ffe2c97a0fc71;;;;;;
09afb39d2446dde8f09eebe491d3ff48;;;;;;
3f7ddacc8d7f7dfcbe30aa26e10ec92a;;;;;;
73280a4d1862a7ec58ce61f054f00486;;;;;;
34e7462c00837d2d39a74b76a0c46736;;;;;;
d817aa1f456fbf2e3dd921abac1ec39a;;;;;;
97fb97ed4d468837ba81d705e2a862f4;;;;;;
9eac4ddc94e7072283a4274942d3b9cc;;;;;;
18fda3a958d71de99c6eebffae4c14aa;;;;;;
039d1ec38697f5e6a01c6924a032ada8;;;;;;
0ad1ac6d1a635516da828b4a0d346b6e;;;;;;
ba55e5508a2e6b1394dfbfdac367ee80;;;;;;
c432ae71c1ee977056f19ba26ebff594;;;;;;
c43b02b86a8b8506ea7bca79c4cff2d4;;;;;;
0c0187894263af5eaa06bb29d17b21e7;;;;;;
a0d913095a4a35e0afa3b863152fdbe4;;;;;;
c1512c14eec39d1b2f7b4cc6015a7111;;;;;;
b920aa0431e02c033f8decb9808623e6;;;;;;
7b338dc55e8582c4a82d4089651e4d8c;;;;;;
eb61c5d3ed379985d73236519ae80760;;;;;;
438544aba65cf180729dc50077da503b;;;;;;
f1d0af4c0a5834350f488e54f7c9d2fc;;;;;;
990794327dc263c3f1cc9b9d02b027c6;;;;;;
18352c83bde01a40c7a466b9a47e2030;;;;;;
195ad3e64d51c5c19208eed489c41123;;;;;;
a2d28fa9865c8413db44a15a51fdcae9;;;;;;
1d1b5b26b1030aee198b3e71a56d193b;;;;;;
468970b6ad15529b3bf002bc12a5e21c;;;;;;
8084418878d6943db214817a8d51d6d1;;;;;;
e4beb886179c6ee4753b112f3d9ed4da;;;;;;
693d36a77397c03e14a5f65133308338;;;;;;
ad5fd0870af53e3c576fc6ef95f66d65;;;;;;
fea8a525db14f2d4903d841c03db0889;;;;;;
da1eb7200507b43f0bb293f823bb750a;;;;;;
a414e8a7a854d82759901425ea051808;;;;;;
153995d1e13a3bb6b86fab386571f862;;;;;;
7e8f2da8ff5d2f4d843ac758fc1df6ab;;;;;;
d3c98f4e63553144683a182a1dc16d42;;;;;;
9e8599aa1bf7315e90fe4a04184036f1;;;;;;
458e0449edf930a448d8122e169deecc;;;;;;
899b6982471008ece7c9ed0e9b2bcdf7;;;;;;
1a27903f92797a00282a09c25f5df594;;;;;;
aa64c823b93c59c8efaca9a03f68476e;;;;;;
132a7d5ff27c624b6d75f2f886723502;;;;;;
9525c6cf9b28f4f9fef2680eb787dbf9;;;;;;
a9cd679a539fb7be78cb5566cf744ee1;;;;;;
eb301fefb79a8d0b839af9e7b0bf5b4b;;;;;;
bf31555d0b5458cf593d9d9208a1b5c5;;;;;;
65bfe672222cf8b882f2c9b7c61dc7a5;;;;;;
86b33dd7d3ffc5a8183c59c345206d85;;;;;;
43ac2b5fafd27336a7e07a9c4ceb2468;;;;;;
6ed068b82e15f826ef3ac9fc8240829d;;;;;;
241a1f2b428205acb9c42d7cd59e1d61;;;;;;
2069b7c118adb5d8c69ecb199e5150a8;;;;;;
3148d5eaa01c7492630f40ea75fff4cc;;;;;;
015ba72230bf0346e6056f4cd430cf5d;;;;;;
8e04ecd5dc5fad344357ecffeedb2dc5;;;;;;
38ebdaead9ac733acc4b9bf4a9a6da50;;;;;;
013057ae9f547aaf0958d67f75b90a7b;;;;;;
c614fe58111c48a1f37b174aadbc57ce;;;;;;
edcb3bf9f9655a4672ecc6032caf0628;;;;;;
6b97e7a7fa1127d45a888869cc8b526d;;;;;;
537cd63e50913914ada0a9acdcfabf91;;;;;;
488eedc364ca64f52d75eb5717b2adde;;;;;;
90632df2eab7c7cce4f7908074117784;;;;;;
e315f1f08eb5b638cceba29d8a5cea7b;;;;;;
34af5edea31dde1414d4ba268951c58b;;;;;;
ca4a19f63c58464a15de69e970a5b8bd;;;;;;
a076df871c6b18e8631145b450dc6fb7;;;;;;
ec3461ebc2394aa6a3a8bf9e7aa5756e;;;;;;
93b8e16b22757531dc5a59d6c5e515b3;;;;;;
769b769509cdab30b09cdac316580906;;;;;;
3eb35d758d47a4dcee52bb53d9e1dae7;;;;;;
16a58b6d9df8c570400f9029fe50d172;;;;;;
136df262a01bfeb2ce684f8554e6f130;;;;;;
d2c653298b791db6aee5c4b2aa7fe110;;;;;;
5c1cb78ea58b443e3d556a38df771d78;;;;;;
05be638dda0a60762b72146864170444;;;;;;
722cff3954717963e16ba757b5a828bd;;;;;;
5f818f3650b477d5ff48216862600015;;;;;;
263c9ef908332ef3720c17ba677b16d9;;;;;;
04abe58a640bad03a89aedce88c2c8ce;;;;;;
b36d577078c5f82675caaba2a9a44cfa;;;;;;
98134a86210f5b4844463a6fcb46b775;;;;;;
5afeb1825aac6b545d5c68ee3c5b97fe;;;;;;
24b5ff573315558d314e4db0d0cc0d04;;;;;;
956070bdb5e96bed219db7cf98a2f052;;;;;;
66c01dfbc34793e257afbeb055c054a2;;;;;;
f3528874880c49c49ba8b22407263160;;;;;;
b06df95be030c2a08a112625eb58bb34;;;;;;
37131523c5d9f9e0fcbefe8c6e25efa2;;;;;;
95da7b8c7e004ebd1a03c5d87e737195;;;;;;
957002959c3716d59d6680f4cad50d88;;;;;;
676d9fd119bc60bb7db569d7ec214e4d;;;;;;
107720c395949f5bdcc8ed70f82d0e10;;;;;;
6f307664224779fe7d52d3c0ac017202;;;;;;
b55b598eb00e41d55e801a05be5c9959;;;;;;
c333913c7fdf0068bafbfa5d703fcc33;;;;;;
5291be70f6bc633c2ff4b592680f0dad;;;;;;
4a4bcc6c496ca934a1ec6148beacfa43;;;;;;
31fa47432366e54b0f9f825bbf60bce8;;;;;;
c09303ec32c6ce3c951de5f6e2be96dc;;;;;;
70b526b8cc97facab3d20a976295b212;;;;;;
5231e050ab9ea6c8954e84a72a5e6856;;;;;;
25282adc41b20c6c91e4eecc1a0393fd;;;;;;
d4780ab0615f5f1a9dbecebcd0b842d1;;;;;;
6e9458bde926b4f777831cba562e4369;;;;;;
f2144c99672a645128278517a2fb6ab2;;;;;;
8a48c6c52b3568e3a2373792abe5ffd0;;;;;;
6b950129831a38177a3e26e47cf00833;;;;;;
b3750e54ad2d0a3796c7f1d4421a2666;;;;;;
f2cb3a7831f718cb868a615b1a195389;;;;;;
a7b8540d43dd2439b542e94c45ccfa40;;;;;;
5ab4b31b1576f7135434484eb4f1221e;;;;;;
9823d2b7ea2d87793de03bbc29a1ecc9;;;;;;
78e82bbb2bf3d9d9955d0670c5388456;;;;;;
ad9f9fd6bb98c30d082474a718ee1709;;;;;;
2fe79bbfe7e391245e3d59d567b7d37c;;;;;;
888f366a8132e65da070c61cafab043a;;;;;;
68c622cd71c8c22ad9649d1124d4894c;;;;;;
b62a57089f96e482cecf28942417e64f;;;;;;
894a1843a71c3d3bd6b1276110ff4c4e;;;;;;
a3f03ee2b83eaabde637899335c341e3;;;;;;
cd26eff0426b385ea5a7e48c053e7bff;;;;;;
cddb9e3a95b19f3d5208d5aa74e426aa;;;;;;
9ca6a9d11775edd1ad0bb77d337f704e;;;;;;
00e6338763320624e46ee5db5daf64ab;;;;;;
7b6634da9e01f086dad63e148f806fc2;;;;;;
9ca08fd4a793b4905025c12893577a1d;;;;;;
8503679c184fa6871f5c12fc27457210;;;;;;
ed963d1fadaad98dcf89b5205a3eb4ed;;;;;;
8c50c6c0449ec97ddc4feaa135ea5744;;;;;;
fd235d37ad659dc6859229cc8fb3cb0e;;;;;;
db995f14c77caa681be0a426f3e78276;;;;;;
f2291312fbea50ffaeb068fbacc69386;;;;;;
2aee47cffce4212bf30349ce39762d9d;;;;;;
d429446a6b71bc410ac1e299da6b446e;;;;;;
c297ee92b5a546e3349456833d7b3cb5;;;;;;
2e114f7cdda71c409eb09d55d9289d6f;;;;;;
0a6a215bda271e9f959a44cc728d532e;;;;;;
1b05a519ee94d2f108506114f7037e54;;;;;;
8670654754fda5ed8faf09e10f74d04d;;;;;;
b780f4c56424b0513aa33fb2107b23d3;;;;;;
d5221612b2d9a3d0e6fa8ad15e5377c4;;;;;;
efd3423b7675b9e2c03cf2c52c494f58;;;;;;
d1af833c70cd1a4789729b249f68dabe;;;;;;
0175156a71e8e5a19ce1f7af94cad033;;;;;;
7a79692d68428bd315fac5c62fb7a2a6;;;;;;
48136153e738cbbe75bc223d7c10da12;;;;;;
318e6ceb855baa68ee628a93f7871287;;;;;;
df1ac0e9bbc52e380aa14602efa2ab32;;;;;;
5852106a550622f7725c5051d8b81646;;;;;;
80d505eda674bcf9469647ff85213757;;;;;;
4a52409fb6c15d7795c05d013d175bd5;;;;;;
d6e6bc923df032ec5b6e5672a39a383e;;;;;;
8125c6b6e79be8a6eb5813dadd6c52bd;;;;;;
056d5935a1575523e1e84ce5f3138aed;;;;;;
a569229e62c245baaf36ca9099c8480f;;;;;;
bed65b21708d746f1c458e5e525e87cd;;;;;;
1549e8a8d1141d4d8ea5d133a8b9b0c2;;;;;;
54e4ec990221907905d888a450ee600b;;;;;;
c3c119a606e3fb866c8d71617a2c6db9;;;;;;
2999ff752dac2fd7e2838b83d08ebb82;;;;;;
075927a5c9cf24d639123c721014dacf;;;;;;
8e7ed3ef89c9554995c068f10e5ee6c2;;;;;;
1f0db84a266cf5b44b8f90d6ef92b16f;;;;;;
c155a4a98801bf31ec6c3085c388050c;;;;;;
b3500f53a322fbfb8d05c109c3b3a451;;;;;;
7b1f5e7e1aaa1af656ab51007c59ea1c;;;;;;
de991063d295be35125d9b84f4bbfa3a;;;;;;
3a2187dd66a45bb8b908746d284addbe;;;;;;
531e9195a463205741785ad293189d08;;;;;;
6196c4cc5cd9aa1d9d1dd84dd9ebdc39;;;;;;
c7b777b3277dc194c97c10e157656fab;;;;;;
c67b6f2bf203fe608d67aafb5d5a2973;;;;;;
d9c610ea91a3f445a3b7eb6ce4082260;;;;;;
178bbd373879f1279e6b9c558fe49f61;;;;;;
b35b8a1a44a0155eb8dd495f5c428bd4;;;;;;
42592b7988d61b40cb35f87d28746dfb;;;;;;
a4bc114315e380731e4e560c98fc0d88;;;;;;
2818c585d720e035c11610f74a6cbcbc;;;;;;
19bdd50721b938d3fb39d0e304174a33;;;;;;
b37b5935987ef75b05dcf5230c775a93;;;;;;
098cc1cf8c82bfb5a3f3291cfd9b240a;;;;;;
de7fc46bda4e9166efa3efc9b62a2d9c;;;;;;
7deab2ec95c1bf6510bf49bfa9dc07f4;;;;;;
0881bb66cac2031d2b1d11fa4a07b89d;;;;;;
d419ee7fc276335858074fca2f54aa17;;;;;;
32f61aeb064c8f35bbb869f6be635bfc;;;;;;
9a5d4ba5897eba1fbb023776e998a95a;;;;;;
33c396845df88595ed8612eae7838892;;;;;;
f5e4ab8704a5d70743243ee6ecbbe8f0;;;;;;
12534eb9c9fe9b058f9012810c9a46b0;;;;;;
4ec16a510c1c3637a1f1db69952e9210;;;;;;
520ed3843d2070db8c05f03f1d243f60;;;;;;
b7a756410c00493948a293df24125f7a;;;;;;
41a63d3672896c8b3ded139c3ed25e1a;;;;;;
1531655b90df74d29110285e96c3d191;;;;;;
7a7fe2728e4ff05cb1d65e325320d2f8;;;;;;
76c259ef013c63c627b79ae489e7e5a0;;;;;;
0e3b75da25cef46750da2ede9780a567;;;;;;
fc0b97bdaf7ca9d188913a1b558ccc03;;;;;;
c06ab7d365acf380cb0b56ce2159ab06;;;;;;
909dd35dfcf7dae389950b37e727b335;;;;;;
01ed80ff2dd11a3a4143419887548446;;;;;;
d3b9b9b91b3fba8e4f04f6680ed60d25;;;;;;
1afaae0e336bd0362da4209c5e5601e2;;;;;;
5bce932c4478f8bc9c5a18f7caed4e0f;;;;;;
cb9da7da7d4e112e9c008547921ddc2b;;;;;;
b64919b783269622af288bf9d50e2324;;;;;;
2375e7911e6ac2cd4f6234280d739ab1;;;;;;
3edad56b3ad335f28aef911a4c3a6831;;;;;;
feb00d7449900a8efba597be5deee85b;;;;;;
0f1fb77c1470bb503a413202a2dddbd9;;;;;;
b505bc0f9ef09d5ce62b2beefe03abaa;;;;;;
7a2656ad08cbaab9b84770204a17cf7d;;;;;;
2b9545b3d9dc9aa8462cb135101d0796;;;;;;
bb9c46f0d32adeff9f45ea485dee67f4;;;;;;
291c11b92b79bc4d00d8566a1c38cf72;;;;;;
0e9efa33b1159fc2f93a6c37ee0ba98e;;;;;;
0d0e4e80f634b3aaa8634bfb1d718a86;;;;;;
53115564c45b65f5e0ddfbd64a299745;;;;;;
79671568ce1e67d9601429a1493bfb39;;;;;;
c21cf5c7002f9aeeea714bc01e0f64d9;;;;;;
4bf37d4cc844328e351769b11fb4a52b;;;;;;
1af491b8bb4c0a41c1c9503c2c42eea4;;;;;;
35a84156c8af86fb693545448c86e2d8;;;;;;
648eaa073c7c58b7707143b290fd7a9b;;;;;;
c0c0f5b7763aeaf3440a032257c0d5b1;;;;;;
5967bc83dcae8676cba36c2130bee5da;;;;;;
edc7d047b1cab1d00d5ba6f897280b29;;;;;;
8c3cf1327020c9f1a4fc56cd337daab6;;;;;;
11636e90890a1a0487e51479a866de03;;;;;;
ab3c8bde89b79313547d9b6f593d9f52;;;;;;
48a5a32194fa154da3ec3cd7d26373b9;;;;;;
1e4099547268d8bc71679adb706083b4;;;;;;
14be2b909ecb4159f3afb3750c2bb8f2;;;;;;
e63376c6df923f5150ad67e0c05a82ac;;;;;;
bbcd53131d9c7279ebb73294eaed92d4;;;;;;
ea94a80920b27f3595afa7376a75b4b0;;;;;;
eca73cedf84dfc05c2776775e0a42ea7;;;;;;
5f5878ad34777cd1dd7cfd92eecf7fa4;;;;;;
74cb2394425e1affde9bc6993b41604f;;;;;;
797f855cfd1d71f4f6a5e2f2bc74f0a1;;;;;;
42407c7631145d74d331cf0d373f77d2;;;;;;
b6b785510a23b103ad15c26833130828;;;;;;
194fc2af09f85cea82ef41d54b961b38;;;;;;
f36b8e1ef8a478ea66b969b4c22a5995;;;;;;
c22d8f134ef670306403afd62cca3cf5;;;;;;
23969b6485a97e1cce17489813824c96;;;;;;
dc91fe689352db1a0b1c9d8203b66c1c;;;;;;
35bada20a545d030314d34b6f3c4a589;;;;;;
c03b1a6c58ef2bab79e35846bd7045fa;;;;;;
abf5ad357ca798db0e7afba73868b64d;;;;;;
b3d8f49c6e7e3589c227cae5c45fcda2;;;;;;
6ffe8f7d674c8b9e7c1a55dbdb97aa4c;;;;;;
82af4b30a3f90ed49cdbe5549bd7451a;;;;;;
a8a4ac631a44fb82c9d760bfbb094ad6;;;;;;
f0025a6cf3e5d7a26f80d12fe90eb819;;;;;;
fb0fb11d016e40461e5c9db5397cd3f6;;;;;;
e9f5f2ec194ca8106437e31b1a316012;;;;;;
863cfe16d6ef8bfea200bfcd9aeb1796;;;;;;
ec7913cb3b822ac69587350fd8f38849;;;;;;
8bb0a7e8dc6eaf89b0d271c72a893a05;;;;;;
16cd7dc1416ff83cf0ba9333780f41e0;;;;;;
6648b9cd53fd0e9145271c4bb75e2750;;;;;;
aeb8824f7e5a2904963ab501c5731ce8;;;;;;
8774c0156e3919f1ded037131ab6ddbd;;;;;;
5db8a7379a5cd1ed4b80a815da42ae8a;;;;;;
0cfb6a00883fafeb109a9af3dd8b4b5a;;;;;;
6e8532cef87dba78989cabc2ad3eb5f0;;;;;;
36dae4e7ead4f30e7f962c8758c5e949;;;;;;
df616d3dcc49629dbda1d976bbdd4e5f;;;;;;
60cec672b22c7da21f228d0b984b1206;;;;;;
8f0441e0f8a97f76f6cb8a44117eea89;;;;;;
617e848052007226788471c53ade3ba4;;;;;;
5c3909acdb3f19ce2d4ebf7f2a7c4b21;;;;;;
e7581fbaf6cdf4c18ae0bc8e4e0b6afd;;;;;;
4eb488647d93adfe4cad121f1d40cebd;;;;;;
778f3d46cae308ae6b0ffaf0251d906d;;;;;;
ebe27abd821732b3a89d4d08f9107056;;;;;;
d7a2b9a1573c1ed858d714f982eb94ab;;;;;;
2acf3f216024fbde19a5be332def167c;;;;;;
b965f9ffe0f9091615357fafd8f66d7f;;;;;;
6f5505118ff8110e6e140376b4d65b4f;;;;;;
db04d253eb3779adb157a63dd1c8bba3;;;;;;
32f3f8c872792b7e949d8567844a2980;;;;;;
4b15c8cbe9d0471f3b75710672f93f3a;;;;;;
d2d075b3f6e5053f7692ccddd9200b25;;;;;;
9c68f3a202c899d6f52d91e0e56d743f;;;;;;
b3341ad264fe63e4cb85a45e4279495d;;;;;;
6a077b3d01d343ea4603ca96530cb8a3;;;;;;
dc0776681750dd836175d521e07998c9;;;;;;
60c7355d877ce48b87a1ee283c4b9692;;;;;;
a794c998ae629dc160d142bcbb679b1f;;;;;;
05085a5e705e5573456aa5eac6f1a0bd;;;;;;
4b741a9120d7a20bb20a4fceea2c89c0;;;;;;
f8ca6f4c76bce5fb8234d9442d3d3453;;;;;;
0cfdbceb023d741f5e5b26708d17639c;;;;;;
19fb6a900461302243be54f2a88e63d1;;;;;;
67f2109dec7c2f2e11d429acc5f39e2f;;;;;;
13458e2641c8d66fda94074a7b08849c;;;;;;
a1f91c07cce8cae5a5b8202986e0425f;;;;;;
768bec42ab05696bba93badfd2d2abbb;;;;;;
c277624a1195083b333f2aea0aad686e;;;;;;
2f1a04f925877b6a4ca636bca7785114;;;;;;
724d6f1962c731d3c96f5af10a86101a;;;;;;
412928b4a2c3e34abf272850c3415e9b;;;;;;
95f8626e6300a438cf4f701c08598780;;;;;;
680c87e32fb70d122db9e1e2c1c1f880;;;;;;
3381d99df242cc03b66389e867689643;;;;;;
ba61639e6d5261e645d156855ceac5ea;;;;;;
ea2735bd5835297263b9b0b94d9a8c8f;;;;;;
c9dcffc9debaf57b7f9ad76b5d53cd3d;;;;;;
4df464b70ce241296fa372c14b4d194a;;;;;;
38b7a0e6850b6e8a4abca952b1bd804d;;;;;;
d8bf55530951d65b8ace72d0dcd7134f;;;;;;
54950628e5e8d2bf65581c77fe30b5ca;;;;;;
11af58f72372ee901fad2f8828455e3b;;;;;;
560be42e1828c4530097f370067cf585;;;;;;
da539a6009a610a71606ff8158c1badd;;;;;;
618dd4f835c095a935db8ac294aaacc7;;;;;;
336f9b5d4267631a6f2d53af3de8d18b;;;;;;
91fbaa2592963e81c83fc4aaa9fea981;;;;;;
eb8cc17a5447fb6cd835c9652077474d;;;;;;
28de01ae8f76e30cfe5cf0d2acad811b;;;;;;
edb43c2f45cb13c5ebfc518cb59003f7;;;;;;
3ccfd35a52a7891cfd973e5a684ad610;;;;;;
8096ffe3c9541688580ee18d45e12dff;;;;;;
340770367e6d904cb5a0e907ed7848b6;;;;;;
96d0c7813978db8daa22724f95e81331;;;;;;
15c717953e6fe4dafe19ef168403393d;;;;;;
6d2a62ca965593584d5cbee16216a9e2;;;;;;
1a104e59884d74429bf2647aee3c96df;;;;;;
a69891ce553c5dbc15428e65b721afa2;;;;;;
359e753a26b822b0b8773e2d604f75ac;;;;;;
86635124a488f4f830713912b9137b62;;;;;;
1cb898559a68844e561c39ebf6c431a0;;;;;;
6cb7e14441bcfbefbe28a43229f696ac;;;;;;
40a52e07b4735dd2ef3e5f986ce4a72c;;;;;;
fa51e38b23ce0d968f65d661a098312a;;;;;;
e3345b92c9330b15b24aeb5ec80ccd01;;;;;;
18b38c51a1a43bf1de5a0fccfc0730c5;;;;;;
615881f7aadc566186a1ebd9080706cd;;;;;;
4730d25f52cbaecef83abbbacbfdf50c;;;;;;
9c0477fb2549d567882bb96b7dafb134;;;;;;
bcf522918393a5c10081947c4da884c9;;;;;;
964694efafccae7e917db01feafa2dcc;;;;;;
71c23f23cfbc458fdc5e2eda0cc30ade;;;;;;
42ab18bed9049638a934cc05b33c7c2d;;;;;;
c413d91f047d89598c5b0a56b878db18;;;;;;
d990d01fca277f409c761625aea2ed2a;;;;;;
d228328821c8c1f6660e4cf03be1fb51;;;;;;
6abc57b4c623690f282fffc91f31fa32;;;;;;
4b54d924c3a53a7812486e674f65320b;;;;;;
03b24f953177180765e80717a6fb98d0;;;;;;
cba7821d975875dcd1ec74e38514813d;;;;;;
5f66636d36659840e9cab52f92481b19;;;;;;
94bad9f5ec931a25ecf1b8ea149dda6a;;;;;;
712bc284f290b1cc706ef83741c803b4;;;;;;
27b5afb6212961ef7e97512196d78707;;;;;;
762391dce7662a5aa4356639fa650702;;;;;;
c40dc9178ad17e3ea7621d7cd288133c;;;;;;
fd3326b543887a2707762c485cb42d8f;;;;;;
b4caa734c2d8905f2bb5415d176edf1b;;;;;;
7048205d88fb8903e8930d27e020737a;;;;;;
35bf8c723a66ddd6a334d1fd4eacfc3a;;;;;;
0e618be7e62093a59abd478686938350;;;;;;
a84e3dbfb29b060d789b5833c0fa500d;;;;;;
666d466865952497b39256e694b28cef;;;;;;
08fc378ed514941f04f85ce04bf85903;;;;;;
1fbd3d82f97e436a3b04ef4bcb889e4b;;;;;;
2cf694b984b897eac210cf0ea0abb16d;;;;;;
02e82bb71b9fe7c9a2390d5caedf25ee;;;;;;
39e1fc36e99eba764102070babea81f4;;;;;;
04039734b80224a81b361c9c534373ff;;;;;;
e5bbacb7603cd174dad9e9241f06c90f;;;;;;
f826f5c605d6659dfce3984c3c213eb9;;;;;;
d20319363a2857e3c2f2a9951832376d;;;;;;
0bc185ae8241aeb5a1b0d838b9bca1b3;;;;;;
48687e6553546c796c002898497509cd;;;;;;
91c56d23cc4d9ca0b5686e8b11b7bc8b;;;;;;
20af99601c73ffde1931fc92db70dd2f;;;;;;
1e7deb64fe2c02a055de153bf66f1123;;;;;;
40afd25bb9afed779f6c6c400e1de330;;;;;;
8e89f79bb6144b5585107a11e3192f4a;;;;;;
dc265387bb0e65c5d8f8b9e5ba44bc63;;;;;;
18e7c6f97789e843d04aa296492d84ce;;;;;;
992a10338a069551291d6c2b74ceb124;;;;;;
a5b0d9482194e7d1f2ce229c1cd51653;;;;;;
69297f6182c577170cf991e51ac7f3b0;;;;;;
3a18149cda5e1d173e941a6b7ec21e05;;;;;;
5e46cac884a3f48d7c4d81c006ee87bd;;;;;;
f04f8cdb80f3ed6fba645e2fd0a11284;;;;;;
26ff87f919eae465f253afb53ad0f653;;;;;;
b83b24350e3f661e09afff3aa68b9925;;;;;;
7ad44e5b2ba52493c789a95f676cbb59;;;;;;
8e83c563514ff29944dcd15d0b648170;;;;;;
1471885ea6af8111ab6fa172fab6891c;;;;;;
ce25f57fa2376b17e96aa3b685562248;;;;;;
3dbf08847f59a8687dd736dc5250dbf5;;;;;;
6e98c6c312f54c528b60afac79ec0c10;;;;;;
1400b8e8bbb5dab83800c02fb7a358a7;;;;;;
b7752e50053e51bfee357a35e28bb9fd;;;;;;
cf4d1fb863fd16a290e8a81dbebed6e4;;;;;;
1be46f3fa87bc822a06010b03005a87d;;;;;;
b67107c059a19010492b725a1f528c17;;;;;;
7611c1f0146bc73ae16dede59dfe8063;;;;;;
9c5a785661922b36e120131092dd3b17;;;;;;
d80e71c340d196282789f2ec786d2252;;;;;;
72f8db6b53272327e7869e095d5e40f3;;;;;;
3162e3b8605f637e8da89d64ea72d4d4;;;;;;
9630329671370114e8df47a29dad32fc;;;;;;
e8a3351dcaadf95784977b9aa8936f88;;;;;;
1c1e667ccef33d3c5f6c3e4881129eca;;;;;;
5c4c8e8a1ce3e66d49cad89057407973;;;;;;
ac3d81bda632188870ae5e2c91a368ed;;;;;;
b745e5fb827449a23096982c5d600d58;;;;;;
a6bd88ceb2b862658904d8e00c44e95e;;;;;;
31837e1464f0cfdfce320b258d4ffaeb;;;;;;
d9d1eba2e4c921fa246fba2e35bb849c;;;;;;
695f826f01e14cd813b07a1bd72cf6f0;;;;;;
b562785a90532761642fc39d42e0b3fa;;;;;;
a44c58f837d3282addcd14e512a60876;;;;;;
65bda88a35df6fadbbc5fea8f86928f9;;;;;;
490375c55a61d006bb9b07416674887f;;;;;;
a2e509c260514065aa3a56c150d10ed3;;;;;;
88fa4d8d5915cb7e5a88a8b132657dea;;;;;;
1dc90013c2fbb7319b47c2129be612bd;;;;;;
5bb6b78c8007525ba50d4d40ffbe50e2;;;;;;
567d3f2a333a95b56fd63a7e0172c219;;;;;;
a02cbcb614f42e5de841993496fce934;;;;;;
efa38d3c97f474d7dbea292241c568e0;;;;;;
f5c1784bab26dfc1a712f014626eda97;;;;;;
721965c10d7b7f5bac512100f956ae76;;;;;;
f9cdc5f6bfdc79fb07730d07dddaf05f;;;;;;
ef38ccbff16348ce50d51996aa171df7;;;;;;
97d30af942303830a564f4157c4bfef6;;;;;;
b80508e908a4dff870768fd4a3555b82;;;;;;
1a6681a22f06f0231ebf3165fad4e0bd;;;;;;
2137196c3c69bcbbc66f1a0eeed63fef;;;;;;
f961310fe9b280b2d7b333cbc4bbafce;;;;;;
dfe2332189fdf0fbcc9c9f98bc4d60b8;;;;;;
14802a5da7146793e07600e0dd52f8c8;;;;;;
0bd393d91512d45b5e991c540ad539e9;;;;;;
e6f4a90ad4fe267f66e31d68ca8122fa;;;;;;
5966b5894962ca8c53f9051a26cb572a;;;;;;
5ba8df64762c8208ab539d6c4b9cd754;;;;;;
67cad5c6da1128f1276820c98841fe34;;;;;;
dc98c3341056bf637ab68f3ac7959c5f;;;;;;
ff887ebcf5c25aa2dc3942d0b840644a;;;;;;
8b08cd99ca5338e2f97a0d0297226542;;;;;;
134022f7719c3cd8c934cd6d9e446249;;;;;;
fae38fd9c427a7b16544160be8731a46;;;;;;
8fd1503df50138f132f1678dfb9135e4;;;;;;
bb21266fed0b8994a049ef02d7192042;;;;;;
dd709d0fefe8f9477b1c177d777ba344;;;;;;
8db9ea42534147f22945c8494e6a2fd1;;;;;;
547f494fd48108aa064ea7fe9233e357;;;;;;
7baab35201b149109a9c2a951e94a217;;;;;;
659e72c865edee772e2e7260923e17b4;;;;;;
0afd2906d1850de4ac376e0c40d23716;;;;;;
5906c82983dfdd5c97cc491c55b1c5f0;;;;;;
ac859ef6f17dc6237808adb4ed04d3c4;;;;;;
23e56021cf285d176ab642b2ecd50d52;;;;;;
03c768fe7acd4a7d3450acddb5fdc7e9;;;;;;
753a1845cd709449fb255ec6668f52d3;;;;;;
7aa4ec066ab11d00e68088b2f8e138c5;;;;;;
1e59024dd42fcdcd33968e4d7660e1d1;;;;;;
5e9d0d72a8d1e0977ecb4f8d277d9820;;;;;;
e64c4a2d8a07e0317feff080e274f6db;;;;;;
dbd6b1d036368e41c84467911aa92b63;;;;;;
2086480add313e3bfe7ec1e332593577;;;;;;
d16a5a9fbd44f72d49e081513411c991;;;;;;
a28a0badea27c6d0fa450e56b65c15ca;;;;;;
b840e2926634d8366db22a469cf6fe2d;;;;;;
1d6d9134d325049f20b0195500b8f04f;;;;;;
3af3249da7634224cf0bfc58e442c31c;;;;;;
5fedd584d83c973aec55d90f4c35afd7;;;;;;
2917fcc57f5b244bd4ad572159b92ddd;;;;;;
f4d26f76e036211e3cd6a888a147110b;;;;;;
30d07a201379529d31327d5caaf2e694;;;;;;
f228204e556acaf5b4fc983c692053ec;;;;;;
f5a6108faa6ba5e280b9e246f233f2c0;;;;;;
9927b167712c48ab3115239f7ad7e3c7;;;;;;
207a118173269007cdcdd11b7340c2da;;;;;;
f4923c454bb863ac1da8aaaf8eb6bc68;;;;;;
c00f1248467aad193bba6c60bca6c11c;;;;;;
3c2bc98ff28333b9c4629faeee378893;;;;;;
ba1eb7267dc40f8ecc9ffd9b4e675958;;;;;;
12a77a80ad3a509351090bd12e54934e;;;;;;
58c993a62a283daf346c169e5d7114e1;;;;;;
ff26619afa915a13dacca4585792c26b;;;;;;
9b7898d751ab224d3289e97c3774c0f1;;;;;;
cc11fb8361b353f61f0bb61406ed46fd;;;;;;
f8f1a405b7e68234c3c1ef155e438538;;;;;;
9dc447e20399f600c7db97b0f6109c4d;;;;;;
75e847e2bdaecc26c4b4098fe498baa1;;;;;;
aca2a0c15c708dd54db96318ccd977bd;;;;;;
a3ec670721ec3c5c32d1a7a41c2bb6df;;;;;;
5fefe33d9c79adad24c984cb1790e93f;;;;;;
fc0bf12fe7f046cbabc784c824c89a56;;;;;;
b40f817d967dff1592dfb1703cd60520;;;;;;
2abbe0d885dd72bab270764425bddcfc;;;;;;
769b454866ceb21c85bb951ae7347a25;;;;;;
fbef636c8a894a95764afca537aca3e2;;;;;;
005dcaacaecf3c6cf3b6bd22aa74be50;;;;;;
1f008774a9d7c51b504099b8a6d29229;;;;;;
4fa712595ea9ddbcc8d58f4b1cfdd28f;;;;;;
f6aec835a9e016d39e290436c8977a3f;;;;;;
5fe7fedb93ecdb0ed61d9a60e0310cc8;;;;;;
2ed3ecd5965385584f8339d0c54b2959;;;;;;
3d43a79e725b38e70ccb20547ca72df5;;;;;;
cee20b3e1c887339944bdba0805e7706;;;;;;
55456b4d83d8f9e32311fb444b2f2014;;;;;;
a5b94b58c813a476d1469495c0c20f76;;;;;;
598070ffb802fd4b929fe5c80f6c6939;;;;;;
a0b5bd9a69614bec9235e50036716395;;;;;;
5460677dcb9c83f44f92181d3383a0ce;;;;;;
d4a44eb568aa0303ebf605afaf03e74b;;;;;;
661319e4e6a48fdc636b134546b953ef;;;;;;
79b418b9371d681c9473065a8d590e38;;;;;;
d199ff3717ebc76d362a881c0aca3dd1;;;;;;
765429ddfe7c295f5f2ec2f060d5b42e;;;;;;
ccb15b9f28f2f6a0cf9049330c6a7606;;;;;;
deb76ac68e6a284cfa9be87e280384f9;;;;;;
aec6b86e7cc0e5d489f85cbf82fd0373;;;;;;
e47177651bb43373b031fd542f1e5f2e;;;;;;
b841a0a9cd1881ed16c812f51505f523;;;;;;
1a74c56c3d63eeb5e25cb4ebfc6b0461;;;;;;
a4a8c978c45dfa64558611ed538467b2;;;;;;
166288218052dbfff1009ccd581c75de;;;;;;
8e3d6cc13b038e66fa33738f18e8c830;;;;;;
8eae4f54bd3d1aacd03f23512716ced1;;;;;;
a1febbd2d20cd975aa3f9bda1721f7b0;;;;;;
67de1e55e6618f5f12afe3d97ae3e328;;;;;;
c793bd8aa4d86692061752cbd12a9296;;;;;;
467a6e79758cd05aa8d58f915591a80b;;;;;;
2218e63fb35cd36c5da4f4181fcb0450;;;;;;
a379b96a56044fe62ef2c94b931e7001;;;;;;
ab9832bfdeab6ad3de2dcf582e0e1f77;;;;;;
fefd1fe3f7f79b0908eb8f0132234dd4;;;;;;
018b6f95fd201fe0368711669eb211a2;;;;;;
c6fa4ac957658adc8524afbc3c0d3681;;;;;;
e358298cdecc5c874ffae6b40839e501;;;;;;
0a31eee3e907a1f17dc5612c19601f5a;;;;;;
3cd51600b50abecfb465a5759d5f1a7f;;;;;;
ed6c4251829fe6425d9388176c3b7ddd;;;;;;
4961cbe5f70163e0df49a42be67faba2;;;;;;
2d884389feb805a403e3c76ecd6ddaf2;;;;;;
be6bb0b52139572a155a232691d39073;;;;;;
8e052553cc3fd6e18c29f55140e981b4;;;;;;
8508130dbba32b5029444cd20083774b;;;;;;
04998805c7cd2fc66aa6f520a4012ecc;;;;;;
8a1c13aa4bf82a75e6541053e12be684;;;;;;
61e52765275a4121264d50d583d04950;;;;;;
77e75dd1e7da5e4ac558ef5d7a20ff7f;;;;;;
1193cecbf7f41f3088d13c89d078a82a;;;;;;
ba193be1cf35154812e1106714bd1082;;;;;;
72c5a83ffb240a92266d59ebfa15ec18;;;;;;
66c355168ba3b24641d319aa829f9d38;;;;;;
28b5aadde68e02abe66a8dceec554f83;;;;;;
c3271d83adb6617e1cb3bfbfa7bd1073;;;;;;
13c38cb33667a9f472a9fbbbce0ffea2;;;;;;
ea46092ebb595a6848afd2cad43736dd;;;;;;
7bda604da014cd0f04078692a480e5b7;;;;;;
7aa91796d34888c4ebbbe9dc4b2a1733;;;;;;
aa093e9a8ed526ba450952175fa45b9d;;;;;;
7bbf006e414335b35e1499d2a8318930;;;;;;
663b55a665a0ad94d32d553955ba89ec;;;;;;
720a9bb5338274d0046d58f78a42ea91;;;;;;
236199a37df6e96a323996135093a15e;;;;;;
86a7ad6e22923ff4264cd2a31a4e1ddf;;;;;;
6cfa555bf118e74bd005ed2118af653a;;;;;;
9dc4dc18bfc99548c2ad5a170d108e7d;;;;;;
7ec0bca2f5b134880d1dc140d2311f7b;;;;;;
33794c8e21c63b2955e7cb95737abe66;;;;;;
820e57a106705abb64306609b882374f;;;;;;
92a66faf9186f48fc760367f7c191fa4;;;;;;
86104c6381d1209370cee93e99c7696c;;;;;;
2d62faa6d78e2c3ab5869a97e565b010;;;;;;
74f1efd9f59ef63c718f7012f28ede82;;;;;;
df2d31a64d7e53a2bbb36e32534cb793;;;;;;
38ddf5df2dcc9ab8581436f9bb07f1fa;;;;;;
c55fd3486be26070c9eae8ef0d9a182e;;;;;;
13730f1bf7522fc635d62fda09e3b0ab;;;;;;
1ed2ffd5b4ec4e8da34e45b2f9404796;;;;;;
811abba0b2b3bc90310c56c01e0a3d86;;;;;;
aae7559d065ec6194d315174795ceb87;;;;;;
42215582bc859375d5071ab7e6affb09;;;;;;
d402e93ede2e2548695bc9d6569a2188;;;;;;
a60799beba6d21ff07a7c173f71b22a8;;;;;;
2482048ef3faf76b8a3fb54089181657;;;;;;
6462a4843685d5fcb7effc25d8badc59;;;;;;
de4f62dcbc2f29432aeaab1c75ea15f4;;;;;;
0a2d94a4dc0d2cd1ce7bc6553de5d40b;;;;;;
9dadb64ee4d2e7269e66ea89f093d73f;;;;;;
a20fab0d577d3d96c0007fccaa398fea;;;;;;
dd6d79c357cf6a2f7db7954223ab8f59;;;;;;
80c7fbcacd22831acfb932ef0d2fc3f6;;;;;;
f665a5344db941afaea3e3ab56c5a4bd;;;;;;
34afeb8fdf5ec53ebff40cdd5562b565;;;;;;
194e00dff6424ad79297847627763121;;;;;;
bcab2b888b7fb9d6bb3b8434a6406f1d;;;;;;
a41bdddf7d25b9d8c78059d3c0dc4197;;;;;;
c2bfb60b1644ac0995b5503305d4f402;;;;;;
a6d682683e777305a629950ef57899ab;;;;;;
722fece6c848de67de1fb8af4b4a7439;;;;;;
5f420f037ac537ecf258956d5b2fdc11;;;;;;
429ff2ee8546438f83a0a0d89e08b5a2;;;;;;
6da41314653e91c092572a283860aa8d;;;;;;
4c6181a312b9f11079730babbbaf61cf;;;;;;
3b019948a190c9535e0af48f3c9a07da;;;;;;
967f2f7986254061d730fe5c2a48826a;;;;;;
07ace11f8652da953d62f6d325bf8e63;;;;;;
cd2959723b8a3c8506aa6feb84ccc7ee;;;;;;
8cf4a7775ed64caf62d81615a3870788;;;;;;
3ab00041c9b5876b428ab1bb0d61e40a;;;;;;
13ee78f02c2eb2dc14993d7cd1560fa7;;;;;;
e9bc388740a332540c91ae7fa69656fd;;;;;;
c20eb4071ac476ac1110516554737414;;;;;;
e3980aaa5ec17efe7e7d27a8ccc87657;;;;;;
ee38d4bd2d28a356069ce66e216553f8;;;;;;
57087165b76a9d99af48a500dee65d94;;;;;;
29b146883e21444cdcce739a979b66a7;;;;;;
fdc837fcaf5363399e05a25d50f4bcb5;;;;;;
48b418d437589dd2d0ab54a5122fa117;;;;;;
96594b30133f1450bd13d1a8ce633a0c;;;;;;
ed6e3643cfba2a52e0c4ea10f651a24e;;;;;;
1945eadcb89d4820590277f242e79780;;;;;;
49664c355a2eb68e603f797c030a2bdf;;;;;;
05a6b9cb2372cf40b916c54d9b3dc8c6;;;;;;
f838d14cbbfca802d8c3186c1ead2432;;;;;;
aac8c16a8f61827a12760d8adcb27151;;;;;;
6172c9fce6e1aa272cb3b1de7678f06a;;;;;;
5dd047518d87970dff77e93cae86d263;;;;;;
012a8fb1fd2857a3ab44c8cbe762751b;;;;;;
e5077f4e6b96de59337d415960db4c24;;;;;;
98160e430c5de472d6c0b4a0916923e4;;;;;;
a159588cb467e7990fdca58cb36321f6;;;;;;
0455e09a35cf6f530398f5899ac7ef4e;;;;;;
287e245e33477b5e0849bb670fd8d7d1;;;;;;
1f06131456a3d7f980caba055ae8bb66;;;;;;
dea85da5d80169ba8cf7014aa8764e9b;;;;;;
5691b2c29a730009ef266ade5e9c8ae2;;;;;;
2eab04fef5f320442e2262a611906ca6;;;;;;
47006b8a70b78dee323308f6567b3089;;;;;;
b76ec538f16c37e3fcf8fa2a3ac7fa9e;;;;;;
8bc2b9389508ceba45e149c426f9d59b;;;;;;
02a85a1ca24b55e398546d5a48d56944;;;;;;
5658c07771245df533a69d6a94d5ce94;;;;;;
1c40bc85371468f9ea68c874520efafb;;;;;;
d4667a54d2c9b752a9a1c7b660a7ef83;;;;;;
4b408adb43c6fe34fbdfff75a75e3ee0;;;;;;
7ef3533de1d6c77fef1ff3bb4f8fc3a8;;;;;;
79b7255eeba5b635cdfbe8d8c8b922c7;;;;;;
801fa2f98e8fd5b7a23355bc2f2cc947;;;;;;
3d3a5fc8e1a696b367b50b957706bbef;;;;;;
2f9ff77f5faaae89e7052246085f6d38;;;;;;
91c9917ada2164cf2f0fbbb5d7970c7a;;;;;;
5dcf5a9f13ba0673270dfac529c5bce4;;;;;;
b40fbc7f95a8e83153e498941d426e99;;;;;;
c521f6c073a4793cfad85f12d055d147;;;;;;
be70796591e3485e0cdeb2ac816ea167;;;;;;
519918e3b9dffee24b87e8989e804bf6;;;;;;
70446ef6284958e73324bea028d78f8b;;;;;;
675e47f5b53b35930a653d96f2e8fb9a;;;;;;
c7a4c7aea9b31afa70e9b14498e93e84;;;;;;
4f3c0f8ac206540ee6570a5c5287b172;;;;;;
566fe819c5923614295b7624b7849844;;;;;;
ab04d21581ebac1e549ead81e3e2209d;;;;;;
696fd586cd1d0a3b5bce8e28fe5888a4;;;;;;
7c77f81b6d14c61cf76598761e49f47a;;;;;;
53bca9f95284f9bebcceae8dbb3bf06a;;;;;;
c16407dd694bf173c25e3842e7afc7e0;;;;;;
170817ce60a104541834db9a97be4183;;;;;;
309b854afd70f577508815a3ae257e72;;;;;;
eb5b9f20061ca6196e69545e9baec404;;;;;;
8b0672a081ee3173617d547da0f8bae9;;;;;;
24de10f39c4bbc0f5e632aa66b774edb;;;;;;
d29d511b13cc37ce4da033300accacdb;;;;;;
2cfcb980d0eb1764216884e4442759b2;;;;;;
a6376215063c4791bfbbf30615cdc3ec;;;;;;
4db62a0135d2bb4647608431790659de;;;;;;
911e81d4c5fe23ae4daa25b2133ce695;;;;;;
619e4db471428da08619e613c9f95a10;;;;;;
59bc6a337c1ba3c38f4d3d98dc405d4d;;;;;;
ff91924c83fdfa02f2471a9ca3f4e924;;;;;;
8734beaaffd74d169d8e1217bb27a3a7;;;;;;
42e1c724dd8759666bad9d3eb58e9e3a;;;;;;
37e5afbf3bf1f2f3a49e8485752ad43d;;;;;;
02c000bd1268ac26b8dcdcea5bef2eca;;;;;;
b7ac0dd1cfca7e4201b40977187f3a18;;;;;;
16983b0a1221e9bca6d2a0bd046600d6;;;;;;
53ce02532d63d397c8bc3df430ee9f1d;;;;;;
5010c5b479fd6b41cebe801ee8b37af3;;;;;;
995dcab3d2ed66c190da03097f39fde9;;;;;;
6edf42f41235df16e3b78e67b773eac5;;;;;;
71d85f90fd75188b2ad810a6d247a0ad;;;;;;
dd73d6ef79ff91527793475a52863caa;;;;;;
2d2f3c570ad4434ac3fac28d188dac90;;;;;;
812defe292e534d1adab26ad69bade4c;;;;;;
25ffe671498b93fbce291877aa2b7261;;;;;;
7e52586d0ffb2c2e0f48391aab2ccae2;;;;;;
d99a865b57046a491a8e971be867a200;;;;;;
0d987cd08a371b68f865a73d88cd4b59;;;;;;
4692c4b22db7dddda5e0cadd718a3291;;;;;;
d10b8ffe409a32c3bcfb34b3d0fcc963;;;;;;
73b1f6168d24b65129c24cf31e68bbe4;;;;;;
76ad9322706d154ca6af7cf295f24ee5;;;;;;
8c582b760272f81097fd837099a8cb3f;;;;;;
bc809102714fe78a29d5a87397e84cb8;;;;;;
b5898e2090cfd30c5cdd0ac4172707b6;;;;;;
61642b4905cf2f3430691dc57e3f2dae;;;;;;
9088d8f2356f262dc8eb92147075b330;;;;;;
6d2a375363d0314e4c36a207c3e3d0f4;;;;;;
9405c806a909e0d0ba9e802a5eac08ef;;;;;;
6277674872f7332f07ec5a6c15cf5bdb;;;;;;
ec338269ea51cb18feacd5c83c4872c2;;;;;;
e604519d69acba1dd48728cd8af0ee12;;;;;;
137bd0536b50cd3b28f06ab77e4c7e76;;;;;;
8261d3d857a101730eb848bf7dd4352e;;;;;;
2d911df272b945ae2b3bd878ade090d5;;;;;;
9464a4af9c13be0b0f4e7fbc51ab3c66;;;;;;
c17c6201716c12851ca41d05bf917c7f;;;;;;
e2388ead3dfe2696321ae828d51445a4;;;;;;
c54fbc8219e2f17a14f2bfc1b08adb59;;;;;;
b93cb29b1f9de478323ae1106be200b6;;;;;;
cfa60e7291d29a7d41ce404cabf2f812;;;;;;
72997bbe432bbe6366832dcc5e664c78;;;;;;
2b73638569c1f505068d898e88adc363;;;;;;
2f825f01b63d57bb8db04e900044d78f;;;;;;
67f0c81417d851d67781f0c9c2f0f180;;;;;;
f4c1cd333b9f4eceff033d4a8974729b;;;;;;
20d25d83b1e855d74a8e1fbefd786cd7;;;;;;
83cdaef5a47c6505b3a50b48e08533a4;;;;;;
556e355a5d36122421c5c04917808a1d;;;;;;
f0f11e46d39d7e4f51445b6e1e487ab2;;;;;;
92cbc3deb81ea318702db0d90bbb4bc7;;;;;;
df8506f8f5b408dbe5440a37d22e119e;;;;;;
4e5ebb92f23a38333c21684e18326830;;;;;;
d5dac497f16a62753fc7680554164c2c;;;;;;
9ca7012886b3e63f355aa59bfe0c9b58;;;;;;
4ef32cc64739dbb989980be97b25e1d6;;;;;;
045de726dd9e40ffe962b8127c2dc533;;;;;;
4ce70922eee5d61cf6947591ce3c8eb0;;;;;;
e4b28957bcd0d5df0dbb7a325f54cc03;;;;;;
fce8cb91c29cadc3a1715e6a388ce66a;;;;;;
77bac077aaf3b2420f0cf1f1dd631fb0;;;;;;
336ceafed1a0c4abc58a4100854eadd7;;;;;;
bc21b5603a84f9ba2cfb4a3e2aec526e;;;;;;
7c66e219d50681726c10e2a4e6ed422b;;;;;;
bfea86ea81790ee098be086d0f5e6f1d;;;;;;
d5f87085ffc83d8c67645fe79f95658f;;;;;;
b58638dc06b902c02bba48d15e6a4061;;;;;;
6b786643818aa8dc99026ab3657e2bf6;;;;;;
1e8c9caf46a2a5f19a541d9c716b16ac;;;;;;
44fb036d483117721717bb14f8bab4d6;;;;;;
fd6385962facd61a44c2f41f58893cf1;;;;;;
ab330446908ae6bee1d9bcb7d3ea9b88;;;;;;
15842f52aa0ff9b99098a32f14087029;;;;;;
7c293dd1785466dc407a68c0bb12ae0a;;;;;;
6650e1979626586b3b40657cd9d9278c;;;;;;
6a669147113a11ab2f355a0df6cb7511;;;;;;
1b0edc4bda31c0bb6d87b386b613cd55;;;;;;
1a3421ce44cfd505e7ebc777a0996afd;;;;;;
aefa9ef35e6e0a1deee51378a6d6f428;;;;;;
0a158421d079128071b0b08b41c77ae9;;;;;;
543562aa1db2fbb647f73424f435138e;;;;;;
25138735b743d2da8234e754528a68d1;;;;;;
d2147688abd1c7b084b3d04e66e3faee;;;;;;
cb8f40c643c4c21a5c2c02990be53b5b;;;;;;
9d5a271c0b38d262c4d9ca3636bf6570;;;;;;
d3200bde49a8132d8e0a6b7266f44efa;;;;;;
1736fad138360b8ae82f1ad7b8b117eb;;;;;;
8053cc824e983439e909a5715c0460f2;;;;;;
6c4338d5f9994ac26266ead886d8be7b;;;;;;
5fb5ecf5d819a058712d00f758647630;;;;;;
36c70b1278965ae231f47ed718540000;;;;;;
5e348ed84c41472a8f3713d9618c3faa;;;;;;
5fec6d3c3a0d4810e2e0b9eeabaf2e10;;;;;;
ed003a39df7d6127f76e0f433c301ddb;;;;;;
e9e7f23b519fe92bd0fc14d73761b0b7;;;;;;
c51ba8e3580a20533e0695ee6f86cf46;;;;;;
f79b4f406ed3ce6fbedd1ffb83009641;;;;;;
89edf20114cff3d76e82cb8026d60e1a;;;;;;
892fb0a0abe8f3b8427f2936e0b9f91f;;;;;;
8739b46ccff25e962a8213ce4c11337c;;;;;;
0c78bff1150389c6fc66a07b2f74aab0;;;;;;
da6941a9ef7a67817f98eee96a80c045;;;;;;
80c9d81c3dfc7eb0ecdd68327ffc0f8d;;;;;;
f511839683b71ab69aa838784bdacce5;;;;;;
07b46e916ac6cef1b5dbcba47fc87d5f;;;;;;
4bdf39272fff47578d5c4f546f76b577;;;;;;
b7a871ae22828024b7ac6d39d3ffef1c;;;;;;
c16525218d864e690eeddd912c6f50ca;;;;;;
9b34e076e23a93991b543255f990989f;;;;;;
d2ba58be682c7eda89c94697204e66a2;;;;;;
de27e21b799e973f393f6c778de5e5fa;;;;;;
35a0b19c782e433a1d77e46533c40370;;;;;;
1895a3ca1bb305eb7bb1e05fdd2da5cd;;;;;;
4f12a6f21b656ed3cb9bbc194971e0d1;;;;;;
6277e8cd633c8ac0d18ccc62fbc65f8e;;;;;;
0cffcf7e5388d981230d11243be5de13;;;;;;
672eb64f048e999c57009f19e2131091;;;;;;
4313245e546df16869686b002bcd6306;;;;;;
32ebb35989e6f0ca6b9ffafabc0fd67d;;;;;;
3ff4b3bbfd89e44b68b342e04dadb1c0;;;;;;
6d067f58519671e9530a3c33bc263207;;;;;;
dc8198c79567b0b6adfc479b7fa093d1;;;;;;
deb40383ddf474b1066b586e8b8e5334;;;;;;
85da45095ae57dda0a7259ef6f25fae6;;;;;;
fddd9eef5810f0e96edb4ef75caf8c05;;;;;;
67469558516b68b272a1f16aa6466885;;;;;;
83831130c23c95026f37aefe990a4c94;;;;;;
934d95339fb3458a33b4be5e6b8ad305;;;;;;
b3e688e2480f569f3a1582bd692d18ac;;;;;;
957bbfabe5ea483a159750b982220cf4;;;;;;
db134bd85fa3236ad569f3adf9a9566a;;;;;;
95b3d68006fd03bdeac871af49a99c16;;;;;;
f13e82599cc513b194dfa4d120265f01;;;;;;
a3f51afff9a55f906ea57651d5839fc4;;;;;;
ad2a2c684feb365056ed96ff0e3cb9fc;;;;;;
54cb05e2bc62bbc1b67ec600c029c9d0;;;;;;
d266fa390229e28cfb35c16f5350419a;;;;;;
80f9751b18eab6fd24f82d7b93640f82;;;;;;
799839950f3f60fe9b607bb9350e5a10;;;;;;
139ed56aed5632dda0951b84360bcc26;;;;;;
91de14f83d4815c91c604c5da6bde0c0;;;;;;
60fe917b82d17afe43a9de47509984c2;;;;;;
2d0c5b84e50f2e974763c3cc6a1d20d2;;;;;;
75732e25fbca63f8c4669aac21bf5bc8;;;;;;
3db322e6afde47fed5f3eacddec3e2e4;;;;;;
5c88c67229d7bb99f13081295fd4f93d;;;;;;
2184cba6cd783abe86b1d3ca0ad70e00;;;;;;
db62b8bb25597e7ab1d6e227fb118f42;;;;;;
18e5180bd8f88d19b56b9a1fdd4408b2;;;;;;
1426af0e91d99fddbdbfdd9e6717961f;;;;;;
84001408cf6c2d3dc2fadbad5db1a33c;;;;;;
2ac24d3bd93b8b5f0d066c14afd97343;;;;;;
fc18eebfd79af4fe56e585d25026d25d;;;;;;
87c0c9ad7d88f765c56cd73b1c3afcf3;;;;;;
0829ae751f63daaaefb959fcf23844dd;;;;;;
38fc94f2ae124040fae4bd0da67318e4;;;;;;
469acefe8f5414584439c171cca90c24;;;;;;
476582a874b4703a4931509f2a27ea9c;;;;;;
09cd485f5b0731b243c7c19c30809799;;;;;;
20f698829de8730f0ff50fe6e7a310d9;;;;;;
dc16cbef3c241871aaf76f073951f543;;;;;;
586f46fb32e38180fd78dd031c2df3e0;;;;;;
df64191dd583cf8abee8780fca410b0f;;;;;;
fba5db1b255e011eb6f35a266b404c53;;;;;;
3f8061c737fcf28ebb50933550e42c03;;;;;;
6c303e72c075345513ff796b6089af8e;;;;;;
53ad77f94c5d5b195d33457f1c8566dd;;;;;;
0a2f599f8c7ccdbfbdc7a2cfc04fe0a1;;;;;;
8e552f5bfb5734e2ae5d50e0ba3854c5;;;;;;
95e6421bd93ffef21e10b2536a6b7bfd;;;;;;
daffda7ed4f26eb8d17f7ee48b104c13;;;;;;
097f50152ab5f1e27c02bfff72d8bd1e;;;;;;
c54909db8b90c28743bfb898698373ff;;;;;;
8da6475868beb5db27b978dbde6daa35;;;;;;
023b0e45a696fdc9aead5ca0187f2d3a;;;;;;
3c509dd573253a863a88b2fa3a6a8ab5;;;;;;
f72a58e3f7a1d59bb2210537702713fb;;;;;;
b8b5b8d48cdc691d0d2f04d554bae1f2;;;;;;
7526a8accbb56b6561269791c80a31ba;;;;;;
5f8bd048194f4e6db0a615c759bfca09;;;;;;
18ce5bfce85ddffcf0d99cb7cbafb7de;;;;;;
1d7cc9c21d7fc70826aa287e3537bf28;;;;;;
9d06efd352dc5f45e36d9500af4b1352;;;;;;
1c4655313c59a5e150c4e0bb126a91c1;;;;;;
a364b7012fa15314530a8f1fdc61dcba;;;;;;
6c8b0192109b04ba8d4f777f63096e0e;;;;;;
fdfadc3d9dd8a040944cb51fd3763bd0;;;;;;
e29750a742269fbf1ef6c61b3b359dd9;;;;;;
3fd70b38354f29bbc8d463ab37545819;;;;;;
bd8db7b46820737480e6283e4229ddcd;;;;;;
123cabb20cce28431b70383a72b4f3be;;;;;;
379797fa8a98d5dec64fb26343a993f7;;;;;;
ab07395d366c4d4004680741fc974abc;;;;;;
c46560f144070265b8d94b5603f8108a;;;;;;
75b2f98dd174519dcd1a5304c5c2861b;;;;;;
e56e50301850f724b776c3394799def4;;;;;;
f5d2592cb8e74f0bc421557845aee371;;;;;;
28bf95f243e865df0b4e5eaf6c6495c5;;;;;;
1485492457ce0f79ebded7ea53bea52b;;;;;;
3b1d65551bda0ef106f5d3db0ad03ed9;;;;;;
1f0bf41da2900d398d4c747bc157e3fc;;;;;;
3b0e3137a7b214ba8a2af84c4efbc787;;;;;;
f1b7f6c5bd8b7eb6ae34a50d119ab28e;;;;;;
8f4f7b6999bf58b45159a3e92c94fdcf;;;;;;
44ab88bd1437a3b270aaf99fc1d5c902;;;;;;
0253c2ee8e6020d36464ed4dd7276054;;;;;;
07e03086ffe5c3fd4fbdd60a987e63ab;;;;;;
3f283fe1e7e783460b83d68a895d1ec4;;;;;;
3fca80be5485058e5440a4cf9098750d;;;;;;
c779c556913275c7052cc2a6f4e0ab07;;;;;;
6470ecad790066f6e4bdb3031a7dfac8;;;;;;
8bf43e8d028b9b82b13797cca7488aa0;;;;;;
f36769ec9fbbb17ff8ca3a18f12bcc9d;;;;;;
e102913bbe48b456252939695985dc7b;;;;;;
2cdf80f402bcabdc523bc6f6a4e11fb1;;;;;;
13271b64807791442ff13dadbd315f26;;;;;;
3d5a6ecf5a3ffa1c1648efb6e823b24c;;;;;;
8dd66cda653e96486ccc76f91ca4ab86;;;;;;
5a8c054caf5ab19a94e77bba3791b037;;;;;;
b96239ee0c642a2b71544c1fbc428821;;;;;;
b92bacaa8b1672335ea3bc4e083a54d8;;;;;;
3b740fcb49cb467b4e1bca8b52f3f50f;;;;;;
a6adac0ead4f2e6c6353c30ef0a53453;;;;;;
fdbd8acd995d9169cac4a39ea5472f0c;;;;;;
4ad7e018d604cab09840af42672a5747;;;;;;
bd9c4fec117f67efdab152c799c2736d;;;;;;
0023795217440744ae01e25aa6b54b97;;;;;;
4656cf36ecffbdcf02c43d9d84bcf2e8;;;;;;
4712a2656a5ca915a67b4c916548b55c;;;;;;
1482d9ee81b956fdef5f7e05e9df7cb9;;;;;;
3b555e0467b274ebc7df5d15ccc49481;;;;;;
6a0f02d54062219d969f6fdd1bc0ccc9;;;;;;
2ed0ab873646a529007e27ff9571e1ef;;;;;;
cff3955f69be5610f43e2d610f1dd0ce;;;;;;
c948bcae71b4fcc2b4788f89c70811b2;;;;;;
0b5a3104a94addfa8ff50345fba30fbd;;;;;;
51d15a2aae9d080f70281b42050589f3;;;;;;
d697693a4e64dfc9bcf2e0f4008a6760;;;;;;
9e41eedc3b8bc086b00f9f5b98de9895;;;;;;
5eb18f08b06c9c10ed74bb7f4cd3a033;;;;;;
76a6e0c0b750ba45a0794b73e07b28f9;;;;;;
c815667b0a8e1b99bb4c9dae3f3d50d2;;;;;;
8b8f53ebbb8dfc7975e6878acd341bc7;;;;;;
27b6f718035b99ce6adf349064f2b193;;;;;;
23d5ceffc3227a0c2ebaa7e8dc243a24;;;;;;
9a840857f52fae05e3ead7c0df836969;;;;;;
ae9efdb851a98215952d9be61adcf54f;;;;;;
09423218749c7b77d0ea1f7588999b81;;;;;;
2b7f5406512e699bb00eab7eecb3ce1a;;;;;;
15bf8bcd78e85a308a9758dcba467784;;;;;;
fe56246206730c65be1321cd246da0e1;;;;;;
96b0897bfa5171c4bc9d87d17bceb3bd;;;;;;
918489c54ff3803b8632bd62d9f75cd7;;;;;;
1fc6dd3382352006782a56adf87ea601;;;;;;
ba9d3dbf4fb6aebf841664e3a32c7c2a;;;;;;
97abbbeafccc6c7b149aa18a18ab9094;;;;;;
03339023970aa186129ecd0ea0ae4e8a;;;;;;
65d3654247ad2d1c4d5d1ccc653145f4;;;;;;
331e41505ca594069a7a6cc88964c41c;;;;;;
319a613d6a679755a20ca81c3461552d;;;;;;
5c837af9fe04eecb78ca00da7bd46495;;;;;;
1c6c56afe1e7622f7827682229dc3be9;;;;;;
253f2b1315afe2170ade694228df3007;;;;;;
1966641555de81a5586dac8c016064b2;;;;;;
ba80fb2c270bb301c0ea9ad9fa957fd1;;;;;;
8afd7d35cae4b30593f70af769cd27b0;;;;;;
b7129056dc3a43a44d8945de1af9992e;;;;;;
b7ee4865fdba951c5114e5b49eebd4c1;;;;;;
bdb7c3ca9cc1d0a0dae361b79f7618af;;;;;;
310f79f8d94322500fd020214862b43d;;;;;;
a123495602b568d3a34f855c3dcde97a;;;;;;
145f2100feafe70d3137398672215f65;;;;;;
9703c400ff68108eb673013c84a66ab9;;;;;;
50bedce86dd504a6ca253abc6149daef;;;;;;
a74cf58c718e7af91b95d1e6ee539a3d;;;;;;
09816ed75338ecf8b7795727e92510b6;;;;;;
7da2efdb096462675a35d7378adba7e3;;;;;;
e9da9b1ca5011b002de04cf1a7bfb2d1;;;;;;
8de7ac6aff0be35bda89f877282af2de;;;;;;
23189dc0e2d3159080e2e328d4e3546a;;;;;;
6817a11d5ca470ab375bce859f518d86;;;;;;
d9ff589d16fc0bedc648143632306fbd;;;;;;
0e64f0db0ba04bc454296b6948f59254;;;;;;
61d8d14a0099846a20c029844299adcd;;;;;;
3786f33b8889b56a99c5a2a72b68a36e;;;;;;
4ed4c5d653bfbb7f7b6fec41982248c7;;;;;;
f6d3433372b85b98646c4a6ae82ca40e;;;;;;
bbb3d2683ce9dbf45d6daa3d3d808348;;;;;;
9a3a9710f8de30fae9e94971ea21a4cd;;;;;;
e3082d83e92382e72f1b40e616dd6645;;;;;;
5baebb32e6a609ebd614ee0b749fd6c7;;;;;;
738c59d7c66a033cf5b2321d305d0543;;;;;;
6107f427985f302b4400af9aeea288c2;;;;;;
5aab373f65f8c3e53222d8ec8d6e7065;;;;;;
649920eb254062155f282337ee041d8d;;;;;;
c681ab77d7feab52b740f5cd18d7ac31;;;;;;
6de4a302d5e8783edfc2ebe709e9090d;;;;;;
64b69701823aa18fec129406656d798d;;;;;;
6fbeecd26d3c5ee6d1b2b3af1fbf239f;;;;;;
e90604e1b414a1234a486e233f070253;;;;;;
4ec5a3573c431ef4e4e90a8581e14837;;;;;;
6698c578fc9a5deaa4aace2c56f6ff56;;;;;;
1b5910d183339aaea1085035c09bc6ca;;;;;;
61335430c8ebd09ec937122a04ff546f;;;;;;
25a28386215c491d76c6cae00aa7b034;;;;;;
a3f9744764134974d92d3ac6a5f35dfb;;;;;;
4ac36170521be579c4b4c25db0b16a78;;;;;;
3b8144278cce4e27cef69a8769de524c;;;;;;
b9867460f1bcb754729b0f699a9fda96;;;;;;
3828e5a24fcb056a61f6c2a011d3a731;;;;;;
e5a555413e625a28efb2a0cb4a0705bd;;;;;;
5bfff78f7676a55db647ba304643d657;;;;;;
80314795ea82f88dc2c65c884c6b97b8;;;;;;
317d273d911ea8c55a1caf0718a4549f;;;;;;
a07d52136da68c9f294d80dcf45677d7;;;;;;
ed982d8a88c78226147701e057f51713;;;;;;
97472da376048eddd05fd58460e8465c;;;;;;
70b337df233b41d5cb6671231e16d193;;;;;;
c114562e361e4a648493b2c1cae1c9f6;;;;;;
7c47682592105bff58aa7b0387ba0b8c;;;;;;
58b18e005a58a7f2756bce4449d32906;;;;;;
7152940a6d5955c5466bb83e7a003aed;;;;;;
062808932a57d8b0366d6adfc8bdfe62;;;;;;
eafb3f86e0c726c5507ca997b26393a1;;;;;;
60e1879954fbc30893fd78ebfa23f433;;;;;;
eccc8dfa39171acaf22848ae2927a4f9;;;;;;
59c36b76270a012e10f12911ef93819a;;;;;;
bbaab69265b550cc29d9e512bad5d413;;;;;;
e26cd5bcf51cf19aae5508b90f5062e0;;;;;;
4a78dc9af826027041072f0c265ab962;;;;;;
10b2c71524e3f643fbffe6ddc3cca2d3;;;;;;
63351f34f02945b84b5c94695f650114;;;;;;
7405c557b5afa9786807237b34b1efcf;;;;;;
bc97157ebe0098e6befacbe14f983737;;;;;;
83f38bd20afb433f1733431cf3ba3b98;;;;;;
5e04b8829d3288979a77340b6d8fab87;;;;;;
c8d0344cfd219243444e7f56a6dfd4c0;;;;;;
8e39ec8321e095a7ed244415432bc95e;;;;;;
078840402f2f99712a2f9b85b74c1fa3;;;;;;
1b515a414adbaaf2cd5320ea0d77b624;;;;;;
b9c2aef3cf33b8350e48127815850b27;;;;;;
0081c1d83fcd17b3678496eb416078ff;;;;;;
421f5fe2bbef92de5015e61b8f079571;;;;;;
baa8fd6aa009d14ce19c578181adb335;;;;;;
903e5cc01c559c4adf3464720c5cf9a6;;;;;;
bebd012b4bb3161890cd669abf04e56c;;;;;;
8624b5a8b9e4d6df2abad094312cc0be;;;;;;
24a42feb2a443a58afd3a70051a03e0f;;;;;;
46e0c03b351ec2efc3dfa6f1cd291e18;;;;;;
f870385488165e21179eed624fee0c80;;;;;;
8d112e0920a5084f48439bd86737b575;;;;;;
bab972cb7ef0bd91a595bb999fff87b3;;;;;;
560f864fe58837f4d71a1432a829c5a4;;;;;;
3754a4fd04d4c351d7ed204c4ccd7093;;;;;;
1601f0a4db8f11e8f6f3042559dbdad6;;;;;;
1165bbaeab5fa04404e26d4559af4cbf;;;;;;
2de4d19f1e40ba6174e8e0294f57702e;;;;;;
29342b82a969779ef92c6a33f6eb6ec1;;;;;;
a53817cc0939ff96cbebc6faa9a43859;;;;;;
2b659c005449fe73aad9066a7326214c;;;;;;
ab5e9ee9ec29637e86d6d713d108e99a;;;;;;
df8456610210c1583d0e44d5389200be;;;;;;
43f57d7774efd912a86f83375981b2c5;;;;;;
381675da591dbd0d4ae1ed4b3e9c11a7;;;;;;
c9e0e508ac8a94dbd0dc8a1d51e2f9ad;;;;;;
755e1979e7f29f8955c3210201118beb;;;;;;
b74dfa741545e0edf83b13c5123750b4;;;;;;
813a9d0bd7ee14790146163218fff806;;;;;;
ce293754b6ce39e6b08a5e352374abd1;;;;;;
c7d7228ebc161f3a8fdf7abd3498fa5d;;;;;;
c44e14519bdb871d8cf63fe1c6652c78;;;;;;
9c2581dc33369ca9947b694a48bcd62e;;;;;;
d2962b150f3f5a70e9d93ba0f850960d;;;;;;
c2967b567df4e9a54621c9120f4ff477;;;;;;
a9b2c7c22db00be368a92fa210c440e2;;;;;;
27338fa6be64e0b0505e5ffe465b6368;;;;;;
4523db736c464960073fe9cc62ecd1d0;;;;;;
729f80bab25f0ffa2560636a6150136c;;;;;;
e53da7c647dadbb379dc1dcf17f5c148;;;;;;
4ae28cdf3a14703fd72c5b843302043a;;;;;;
4d3bf09f732b10743d04972c84bd2312;;;;;;
386146671a7ed653d2eabd627c047c76;;;;;;
703655c97392148a3a1bb3ec5767e70b;;;;;;
6fb44def8f82b5f83b8f7e7f32e4fe2c;;;;;;
04cf3065680bb61275ba869a02bd53fe;;;;;;
80ef83bcb5a8dbb3f0a5113129dd25da;;;;;;
18cddf75971606e000d0b921c2bf047c;;;;;;
73aee880f32589244f0ed7ddb09e861c;;;;;;
d64ead23af99ce24e0f0b3708dea32dd;;;;;;
c5359b7a5d211a895fa456908eb5f1e3;;;;;;
be5f752847be2f4ba8c3381c6ad79b38;;;;;;
209b3f2c4d4b13c0d8dce23aca496828;;;;;;
d40aa357a338380504e506a580307a6d;;;;;;
e2b2deff0b8216f09e25c4f130c197e0;;;;;;
11b8b637e816bb9666579de57248d4cb;;;;;;
13157cf47b7eb740364b64df6d25706e;;;;;;
4a8d7f964a5e8425a2f59d8e0306723d;;;;;;
94c3b0451b68a6af34dedd0bcb089a77;;;;;;
1de98a0052cc3cfd0876c465bdc46dfe;;;;;;
b6afb0fdf85ff9f969e47c23f6e8f4f1;;;;;;
6edd105612c95752e6f70d4911f41ae4;;;;;;
153fc02c6fc69f64bec1752fe0240148;;;;;;
9043c95709a5c5745e364dda2d43de63;;;;;;
4fd8c90f4e222b218da66e77f53a58d4;;;;;;
7dc769bcfaf7c7e47b8e19244b58bea5;;;;;;
aedbf39b03731739e0c87e5db21eaef1;;;;;;
b166c5a413394a11034d99083057fb0c;;;;;;
c30afbc7511acc76adcb9d5934e48de6;;;;;;
091fb61c6626c119a54a152e9354bf22;;;;;;
97ab3945374837e9f77ef6d25c125104;;;;;;
1ce7ba9219cb3a401f30760c04b41be2;;;;;;
cdd793683f1a071b2dfbeac1a3275ee3;;;;;;
9ba3dcec80a12295c7e6003b3234d098;;;;;;
d7a05a0762818a27772f1010c3d50436;;;;;;
f38dbe8323f7475cac14cc24d2394a44;;;;;;
4845e21de579ad236881561bbb565a85;;;;;;
7d35b6b1a66b31ab724c9bfa99399738;;;;;;
4c2aec58914746b059003280a7eccbdd;;;;;;
1942708bf91f4011637403d0a66a6a83;;;;;;
46e944f37eb7c163dec9ce1e1c0a79f5;;;;;;
ec305b59378cca5307f30d3939b7deef;;;;;;
40a5721c9db00ddd768af12b74d0fc6e;;;;;;
8adb483ce01ba9ff9f4e9d857252f53b;;;;;;
6de22ed849402bd294e7eb2eb841f637;;;;;;
7e975877c63da0b758d79192083e8cd2;;;;;;
609ba0f8d1a1d2f4c140fd65b0099e92;;;;;;
aac7a79f6145ed0dbb1e26c614713f8e;;;;;;
7ce0bfce39c4095bb1a8ccf9ced3b0fc;;;;;;
8dab888ba4a2a2fccec9c6471bbf5657;;;;;;
07efffe6719c0029bd287e3ec52ec498;;;;;;
a097670e0f240d576532d89dd8441108;;;;;;
55e056f63c6934c1ae0fafaf2e979695;;;;;;
30c64baaf1cdbca3cc44d78aaa08e964;;;;;;
4726f7a71f579be5d83b37e492c3def0;;;;;;
fb3f1527dafefca090e2bc950b64723d;;;;;;
0a25d320c967fb355814c9fa1209f7c7;;;;;;
f76e7fc73bac709faa42d8ce1553f6d0;;;;;;
fcfc14fd0577496d7308ba4c0dca9d1c;;;;;;
03a876aa401c4bf86f5a533d4f77242b;;;;;;
e9a7bc67a76cb3fa78cee1beb11138b5;;;;;;
c5d4e029534a63ae2d2f2f8d124c4d8b;;;;;;
ec5b3dacb6935787e4cc710903b27d2a;;;;;;
ab22f801ae3e7094b49b781efca7e182;;;;;;
0cecf68e1c959d2aaf23fb717df16763;;;;;;
d4a759234775554f62674d5adcbb4016;;;;;;
88756d2cec1063047114cb4bdd2bc008;;;;;;
bbbfe7b9b71d86b5077d77b380e8736d;;;;;;
764a3fcf6f2d757e582d0cdff381a65f;;;;;;
1e5ab8f234f9d0be479539669c9e201a;;;;;;
74ad696fa6be2a90a225d9522eb84afd;;;;;;
a4bdb6ddc33e7421817ffa594f7e828a;;;;;;
2852c4f4fcd06e7e23bc3f5bd0aa8083;;;;;;
7faa25db5a1e2585fb3e2996e571f99b;;;;;;
7d9b6438cba512581abe1b35bc4371ba;;;;;;
8a7044877892ddca882df9f4d7c87a55;;;;;;
189012306bf663a9fdafdbc42f059133;;;;;;
e489aa902ed73f3be338a3e0e86f1487;;;;;;
e7d70c907a578d4b3e54dc4a44a91ca8;;;;;;
a3fa581ad39d6357b78b571dd07aa617;;;;;;
a67fa6cae9ea970959a4a6ab17f7ffad;;;;;;
8117ffd905cea5ab85d5a1bc0474ca62;;;;;;
1c0d177bb1dd18690cb9e97172b63118;;;;;;
bb25c5795e5f48839390a737999a4870;;;;;;
c31868f478dad4014fccb2c67089eb7d;;;;;;
c442fccfb224c6b131991625127c668b;;;;;;
267fca9548bc84d75f4df1837d36bf30;;;;;;
5efda7f9700dfc007ca7f520938ea142;;;;;;
662aa00fa02648486f7265ef2897a3f4;;;;;;
c06cb336e9ad0f265747bc67dbbdc749;;;;;;
655bb4a0597c71cb403ac8af7fae3a5c;;;;;;
4199a3a6b04fa1229f337f2382d6d566;;;;;;
ce7f33fc362c95cbe171ab3a561ba143;;;;;;
aef9ec3cad28e402f518d29d50a374ba;;;;;;
953d75089ec6b8d00d84d915d4acccc2;;;;;;
e34fdde4495ae82fc51e0a4b80e1a78a;;;;;;
e5d56f6823beaa2d1091e07361524168;;;;;;
7615ab742435007f09bcbaf3b8e67099;;;;;;
8618e3e7db711c87ef1a362d71bc11ca;;;;;;
2c2ffabdf5cc64f71f3b3c9cada6b569;;;;;;
5a1378f603fd8316cd926aaa815a5c18;;;;;;
83c32ef81b65136d84c6adc03c509dbd;;;;;;
41c018354434c1f1996454479ae0f72b;;;;;;
81f26a567a42a24311e6e41e9865098b;;;;;;
6673d3713f023f62b728a49c4a54eb53;;;;;;
b026e5757af4a7f1daec1390143464ac;;;;;;
02bdbbb9aa7d9e62f637d56c0e3de7c8;;;;;;
46c8f392af5438ea960197e86558fb28;;;;;;
781814ed2f3b5299c4ad084a7349f807;;;;;;
cfafe1ee27e31a39b2c102a488cd0a37;;;;;;
13a742142fe0ec6d94a2e0bbb3abc45a;;;;;;
f17a7fbcc1975bc8ac8ddbaaf29fa5d0;;;;;;
2e0cd6fd9da284d3f36a2c22684957a1;;;;;;
25d1baf790eb57cdd8c3fc011c3be868;;;;;;
84e90b8a507acb878d987ff17b47e4fa;;;;;;
c5528f0f8cebad4c7275d5113ea6ba43;;;;;;
ad0776c9d5ecf52f03d795112f1d5b6f;;;;;;
643924caa974f1e1949cb9018708c40b;;;;;;
6bd47934ba868c7d7b7c1533bca799fc;;;;;;
7cb01761cdfc19402100593d240b8d6b;;;;;;
af839672d887a052fee86b39a644002a;;;;;;
e5f717a7ca89e811e06eef3ecb444e32;;;;;;
22a45826698c45dce91f6c0a0e5ab941;;;;;;
45a63c91c863b2fb6571f487ed10f675;;;;;;
3fb0c2f418624115dfc691883cc1634c;;;;;;
138230d2ce6001fd2104d47a3513746a;;;;;;
232bfc79f784aa74ef3d478f6b479bb6;;;;;;
0ddcbc2e799fff028d1867dde87ac4d1;;;;;;
a39d5319845dab5a8b1ecf5f591836b1;;;;;;
7aca886f727dbdf3adf03c931b01af26;;;;;;
a8b9259f11018401a4dba0b6595fa18d;;;;;;
9e4fda3e29b83d4ed07c3787617e3d32;;;;;;
0905deee93258435cb1edf712030c1cf;;;;;;
90166bd868cd815cfa798969f84b11e8;;;;;;
7065a3c88996311f5145e7b9ef248473;;;;;;
bcf3aa59d4e694f622bf0871691e7a2b;;;;;;
7ff490642c231a94ef2fc32a01a3d0fe;;;;;;
2263f4425575e59904addfda1ef8c7be;;;;;;
15b27748232cbec9783551d35eaf4694;;;;;;
26cff6bf7d9ceda75fc70b057249f450;;;;;;
0bb2584e07b83c8ec07ddc252280f4db;;;;;;
cfb7939288124a8f22d3d6b2a8e50079;;;;;;
a5cbb7b4bbb4dc141d84e44181b3dc9c;;;;;;
aa660e80c817699d66f8853a8924ad8b;;;;;;
f809903cbcf2ac31b139eda4195145eb;;;;;;
5efa2053561fd09806987b2f9542090a;;;;;;
9ecd3e5314b90fd015bbc9856cac2206;;;;;;
0b9c173259b675bcd3a9b90321d6455b;;;;;;
4c2ba835f9c06381574ac0d8bbfa8a6a;;;;;;
aeac39c70923c513a9a213c7c843c8dc;;;;;;
d867f13b9e8ae01a11195f9841110e38;;;;;;
e05154976a48b9447d2e8fb23e6dae87;;;;;;
a04ee14a700aa9690808aa121b6624aa;;;;;;
f2111b39c0422326864db0a9e2e410e4;;;;;;
0884e907115636d281ab174d744622b9;;;;;;
0d62a09f3ba35ca2751bd7b07ea27732;;;;;;
cabc75d41de12a11c3dbdfb747cbb17f;;;;;;
6da37574a3ce39c5b7a9a4f95f69b6bf;;;;;;
f9853426e84f9915fb57a50a7701698a;;;;;;
c6f3b60c26ea8a2e1f9f4db6433ace55;;;;;;
3bbb212fc981021e9bf1ea601b4c0df4;;;;;;
b42d19fff9a07975b1b1a1f43bd15a9c;;;;;;
d0c2fd2df79ebd5460764aa79af45426;;;;;;
4ebc3a16a4fef32d2f1735b01a1179bd;;;;;;
1007502a28949d65d564db3a42c6da88;;;;;;
7cc50b26e8893923d35cd3066046fc45;;;;;;
3a9f2da7171d07458786cb6b02368e8f;;;;;;
3d01faa51a2c91a3ba93d27bc0914078;;;;;;
e6aed090c328b15814d28500a1413dac;;;;;;
b3147c066e5b690f562c116129304988;;;;;;
c517dcb0b2a42a8100a9a91e168da9d2;;;;;;
ecd9a925ad9cfdfbc9c42803ed73cc7c;;;;;;
a83643c1a9246d6709315b1cdd3acd92;;;;;;
5739b70ae652ab548ff01934320b1499;;;;;;
ce869c616eaf481d9a69c9309c36f31c;;;;;;
ecbd93838498f0e1bd796728ff9c2ddf;;;;;;
80a600fb7e7bbabf0a700ae8d5469b08;;;;;;
bbd3f1f71fa4f026bbc047c7785972d6;;;;;;
dcd97ccc4ddcae13852ac951bcbec3f5;;;;;;
ef79cb654a0d5d353541d69ab98b99ea;;;;;;
f6ce8462368a46fab016eb4ff9a5f16f;;;;;;
b5add5729f144f130ce40a15b221d8cf;;;;;;
536c7aadec8113d8554b2f1acd0e64b1;;;;;;
628d13ccd38b8386959a3667b4ff71a0;;;;;;
0b58e94bd95fd1c8029a273cf2fbfcb7;;;;;;
c933b26a658efd67d88b8ad63149e6f1;;;;;;
57a94b9277b5ee740c7d8399d9c2777b;;;;;;
b932cc5971d3316931149b1f926e438e;;;;;;
111ac40e35ac8dbac6069bc5afb876b6;;;;;;
f8d22064a106e38211bbbd80b4617ca2;;;;;;
4653c499d6c96479e2dd792993d4d044;;;;;;
4443c42b9d2d89fa9730e166c50f9f21;;;;;;
a3d4792539841eca37e4c7f1d9de2cbe;;;;;;
00148a46198c0cc258d9732bd8b631c2;;;;;;
1e3b9399f21c67afdadec10e675c6a4a;;;;;;
04001b811777e682698235f2c1462a41;;;;;;
4c65e6247c1966839fabb1bf0f568f9d;;;;;;
41e1ada3186db6d5cf47265262f3db43;;;;;;
b84dc831baed2c4b040a16e6a663a011;;;;;;
d785577f51a40751ddb24fcc4fd1609b;;;;;;
9035e5444dfda5bdeee39cd6041deea0;;;;;;
c2b17b53f27686b0e2c6cf1ea728eafd;;;;;;
c9632c0c952fbbadbd7c24be80fc6f59;;;;;;
e0eedbfe908ae302982749b8b81ee9bd;;;;;;
4e4fbce8af0e5c10da71f6ce715b2ef4;;;;;;
cfdbb9234ad7261132711a2081cf4a5b;;;;;;
3cb296072a8cc4b1c1536f11cecbe713;;;;;;
48ab18286cf9b65c2c5a6ef420f20669;;;;;;
50e14ef3e9828db92cbe817d9b94e04a;;;;;;
8a1e7f676e7c97fa023b4365c4d776e5;;;;;;
37c94f1804dc0810d1ddce9ebd84866f;;;;;;
6260ee4277ef80e2db03c756e6529876;;;;;;
c8cb7989fc278dd2b0d6e6a53dc5e157;;;;;;
ad0058e85d689e999d4b356829aa7489;;;;;;
1e8379826c1a3a992edefce2fbab4c61;;;;;;
cbe6625fa66354fbca68ffc04fa4315d;;;;;;
bffb59a8d0f70519d7077badda613334;;;;;;
9f3ba47f14e8e5384442e3840a494ce5;;;;;;
091af1b987174b44933226ad7ce4b74a;;;;;;
e96502cd768d7259807ac98cb2d4a656;;;;;;
da649b0e4893b8baa0840f741a2792a7;;;;;;
be152758ee701514b18ecc63c6650c34;;;;;;
78521e6790fb363961cd4cadacfaefe0;;;;;;
89e67372c2f871ebf552f3eb09b76510;;;;;;
70f38f7dbfe905bb995c638f903a5ca5;;;;;;
53e85119bb26d106c4d16512ba4e600b;;;;;;
e58d1996e866a27d670d0a32498439c4;;;;;;
58303e5ddd7c612508acb61e25ce4699;;;;;;
a628720bd69def468a2e1c34f4f1f3c4;;;;;;
d9c32aab0de90caea9ac6456b11cfb07;;;;;;
cdd01e4e2a2da0c82a1b3471e7f69145;;;;;;
d6aff91eaa8b17c1b522f02b1feb5958;;;;;;
afa914ccb44d82d0f8213a3d260006a3;;;;;;
17610510e1a2c9dac766705e9d4344df;;;;;;
7f2f1a3602033eccd37e5a17c6f1d527;;;;;;
f46b68a96c7ad93e79720eafbe0ef16a;;;;;;
70390f93953ee263ec8fdf7791431882;;;;;;
2c684aa6b6760d300786c254fe1dd83e;;;;;;
0d33032a70d001b98d97a5b07abf2eb6;;;;;;
828f3b18f1bc608252a5f50bb13c06f6;;;;;;
f857b6c5b004f85b288510fe3399d07b;;;;;;
3ef5597fe3e1ed4c1bee2636d17c2818;;;;;;
5a2433b4ce4820c02c9f7c9ffd433d1c;;;;;;
c0383f6baf38bfa9424564faf6aefdf4;;;;;;
e37413ba6af889938452ba381e08d58b;;;;;;
adbb5bdc490ee466c6fbff039b7eaf9f;;;;;;
554a2f47d6f5e974658097547f46b9e7;;;;;;
34bc8b313d77167514a5d4a769b40535;;;;;;
ca0dba8a7555e6f262a7644b1e81dfc3;;;;;;
a8e8e5a8b4a605fe5df2134e37b72728;;;;;;
94b92b9dc71c90a7e41025dd550f0e84;;;;;;
de0e8ebf53ab07116af34491d758b1c3;;;;;;
d024158c2fea993197f34c1bcdc37d66;;;;;;
6b9a928e7d4570c72ccae645753e64ae;;;;;;
1e60d8024c56df678963db272ff08da9;;;;;;
16886711b35c5f8a8d2cf007a8680c09;;;;;;
18acf4f2ba1c29c17f6fc848e2afe193;;;;;;
aa9fcd6b632a49d20279aaf421fd1232;;;;;;
89ea85103f1176b81dc7579be633ff01;;;;;;
4afeb3524b1a9714aae05e63f4d84d75;;;;;;
d6cb74ce272c9a60c5785d81b50d7a9c;;;;;;
b42b18a5f740069aeb8a22e5127430d9;;;;;;
0326940780a51e1cd6bb4ad5912cbba6;;;;;;
37cb0828a6a3b9ce43c7aa773b017513;;;;;;
7745fc1554d535cc0858843db7673f23;;;;;;
382ac96ca69487bc9099fc3d844e6ca8;;;;;;
1b89967981706604f9078a3c99fa87ad;;;;;;
b5ce5175d362e5ff3155240a3f4283de;;;;;;
c0a34ca76dcb5d807288c2b7524c65ea;;;;;;
0c53237c343c3bf11c82c7525f33438b;;;;;;
eb15b10275e126a64903c32e360eb502;;;;;;
c59189788242d292b3f24c7578e38c8d;;;;;;
2a29a37372ab135f54bc5edc6647825e;;;;;;
7fa98696588fdcfb0af95caf3cf22e1d;;;;;;
84da109f6fd2636e5a1cf51460d55975;;;;;;
22da6cdb8c33acd2f253a7f77f63ee77;;;;;;
15449ba91d792705d88cf228bcc91002;;;;;;
8f172178f9e224f0b5a9b8645e15e748;;;;;;
264cba43b275de9992f3203038b3be97;;;;;;
ac8c8db6c25ed31a4d0c2811dcf473b5;;;;;;
627793e3bff98e1514c151646d98df50;;;;;;
d91dd1bbe089e1dc6241b263af441db4;;;;;;
e0262b18e430ebc628086aa59d2cd153;;;;;;
ab266bc7e216e4b8abef5c8d8fa4ec2e;;;;;;
2c32c0175904230a20a27fcc2782e129;;;;;;
031b336ce65e240e7e1db6b70ed8b867;;;;;;
e65f4bf2c65b15b7f8c9da4b34969ff2;;;;;;
9b607e65156634269827fa1cbbe4394c;;;;;;
f685d5d931dc7b34e7242699fb3ccd59;;;;;;
a0efe5ff237213024350c9bf5b05cec8;;;;;;
92790fc4326ca3f0a92fd7befbdc121d;;;;;;
a5b80bcadbe5ea84323c67b606fe8f19;;;;;;
7b8fc269d6bfedf1787a3d43f048618c;;;;;;
7bf1c008ea8c171afeef8b20e9faaaf0;;;;;;
cef282292b3b45424941311946c1bdd4;;;;;;
71a88dce962e877c81bd560d86f9342c;;;;;;
95af69986e6f498533c99a938a5db446;;;;;;
289e5c92a25d1ade73cd21e9fabfe019;;;;;;
28d031d31171afc13a01382206127bfd;;;;;;
2b3654be6f9567a3ed8dd948aefc4d73;;;;;;
033706943c66901c1473385edaee05f9;;;;;;
fbdd834e98ad4bd47a6184cededa9b43;;;;;;
7ab571b34293ae3600d886626c63dd5b;;;;;;
536bbb24f15e739035e45f7596c9053b;;;;;;
a885cb686d793e1ccf925b2cadb33b1c;;;;;;
4b428e61eb63e5dbb21d47e6c3e03912;;;;;;
42e3d941491aa9c9ce2680363e208a4f;;;;;;
c81988a2abb6032010ab792352a3b2ae;;;;;;
18176e6b14da1615367d8941f3a02674;;;;;;
4128268a1b19fba49ccb2145f6c53513;;;;;;
ab1b5395c957073f4d8eb64088e11712;;;;;;
4a905b27782c2403af556650bb7529ef;;;;;;
c7a54e4a447616d28f40e385118b5937;;;;;;
0dc05aeb4795e1a02b3281c2949faca7;;;;;;
8d87a83ef90aec22abd23d04b6f52c6a;;;;;;
5c20aea1e7c099d4f971bc1f4dd86a60;;;;;;
47fce4a7f8b6ccd08669e4015b286514;;;;;;
acfebeb4796747364c672d1f200d96b1;;;;;;
ef90e72338d1347300316607c188e3d7;;;;;;
e9d12def738cf16ac00667acdaf05bbc;;;;;;
318b2b1cd92a100d422977920484c6b7;;;;;;
0b02dce73a1fe5c5fbb684edf3f800d3;;;;;;
5923de3b8b8ea4e4b7981bc090600cd7;;;;;;
5c6bc163fd88d2d1fcd78c83c7df9785;;;;;;
e07ec10e4dcdf901701fbf4f4430eb3e;;;;;;
8143b0bb2c015368394071630fb72831;;;;;;
153daa7e6b0bc645605eb13ebc92f20d;;;;;;
50afbf2f777cbf8ab1c4869bee65b786;;;;;;
12af92832bae0991ec4f62522cdbcaa6;;;;;;
4f1604b0d1f350a4051ecfaf49d8921d;;;;;;
fd8ef676fc91ae7bce2c3ea0dc954218;;;;;;
da17a9bee164c7b232f461d0f4d6658a;;;;;;
56108f02f550a779b9fb3097f6c9c350;;;;;;
76c26833bb10403afe5fd499135b106e;;;;;;
c49ac8b524160c256eb11c5b86099b78;;;;;;
c8b2ef4598e4041434a59fccd7268508;;;;;;
6c337b0296cface1e901526ae17ef502;;;;;;
196192ce9fc29e7155ef1aae9a72eaa1;;;;;;
8418cf4781aba2739c50c109c13049b6;;;;;;
eccfa19be332c605ba086731c9fc28ad;;;;;;
b0815ba7bcb1172d5b4502e9c0f895ce;;;;;;
babf7a544fea4042298136c8c12ce855;;;;;;
5f276b5e704b85de31ce454d2acd9441;;;;;;
f5bcd775a8f0172176dc61ca904062b1;;;;;;
e3c07751e1fdf4cdf878f7ec4a3acad7;;;;;;
97b52fc7c3437334711545cd2e1a3e46;;;;;;
7d21c9733549515f5f15c46f776f9c6b;;;;;;
a5a46caebf4eb7aac962a866cbf937f8;;;;;;
28222a08a379bacbeec02e2b0b1418b3;;;;;;
f9badcf8977cc633037322caa4c25769;;;;;;
ea98330d4963887cf0d0f3947d6cb15b;;;;;;
47a239694c56d05f045e45e7afc19ea4;;;;;;
605f128c97abf4c917603d865f5634ae;;;;;;
fede52a3810c4b8995232848c3502a43;;;;;;
4e0174b4efa0ac7467e840bb988c925b;;;;;;
ace98e035e5772a0c6c34531c9cba0c0;;;;;;
5aa3967874f517e3b724586178cbff77;;;;;;
e34a85c16be29e3c460a056bcc3143d8;;;;;;
b6aeb40759c1fc424817de517275c666;;;;;;
da8ca6568624254b8e407661059dff7d;;;;;;
b7049f01b030906e397e3b761961881f;;;;;;
13141a6e0663580b34f7a66f2a2d941b;;;;;;
5cf01872de5f4f1a221c1dd465763aa0;;;;;;
00784fc6b92b926428cd4964c8834e10;;;;;;
d2658d85c965945ef42ea36b335883af;;;;;;
344147c5985fb3b71357552c2b1526ab;;;;;;
189f7838146d46da8a5e1c336315a4cf;;;;;;
3b0c89b1254554fbf85a81e3a561e578;;;;;;
5c6370045f6e1f84f863fa59636e9e67;;;;;;
2cc2339cdfe840d4c2f4b595565fa35e;;;;;;
5060eb7bb2cca00570e365ade03dcd95;;;;;;
55b8fb98f19f13d1cc45e33d3b7de379;;;;;;
bd7e19a7174f3651ce68fca5179019e9;;;;;;
9c57b20770a9bb45993c4ddf2fda4e00;;;;;;
f278b2107ae2de313e857c5a6992c72e;;;;;;
acc567196b72f01f5bdac0b9c3c23d96;;;;;;
fb512f6bd20cdc609f87e577b6a76d57;;;;;;
0230ad7b63113a345d57fa45f0817cf7;;;;;;
a326ae382d01321e85ddffa3793c4a15;;;;;;
2f883d56625abb35044bf3e6d29f91ae;;;;;;
19f23b7a80eb509476f516a2aab78153;;;;;;
756b32566db6866a15d4565e31311db3;;;;;;
c24859f38838eac8e3986abe110a89e4;;;;;;
e9ea5b9097b07f608ed48478da064f0e;;;;;;
dfdc42025657ff1bfb1cfba06c29c2fd;;;;;;
a4c2d96f68d47fcee2e6c37ac9f97cf3;;;;;;
b2ab21fe7a97480d53c944e58c908341;;;;;;
bdae6c6d89f922446a0fe4c4831bd884;;;;;;
97cb6ef874d48e9c07c6d0463d206ce7;;;;;;
100c3ca552613fbcfffbfee5cb51e031;;;;;;
6ed6544227e47d9ab4a4cf9273fbcaa3;;;;;;
47403170d3547afff4efe2a0646571c7;;;;;;
2c478b31ef3786d8d4a37870c117601a;;;;;;
1729f4261cac472ebde87ec4301f1609;;;;;;
dea056d1e82c7bbaef102ff0ea02f317;;;;;;
81e90b4bde5aeaebc8a5da4739444d8f;;;;;;
488b81713836bfc6957cc6063cfff6d6;;;;;;
fbd54757e178014208c9991150f5254c;;;;;;
6868199139b9f2bb0d1cf1558aea45a6;;;;;;
1cd659adb6bf94ffb1d396c68bec78d7;;;;;;
49f719ad901f596a1cb83d133a0cb320;;;;;;
635a60a6e05a7d5fb40726e4db581e31;;;;;;
a816e58411f292ab37adfbeb1aa4b5fe;;;;;;
4fb0f1e9c1e85ab73ea00645b2c602d5;;;;;;
d606547f03abd6be23711a6799d572c2;;;;;;
12051c51617952220aed06eaa0782936;;;;;;
88eb73bb6d8d2039f47077be406d71c9;;;;;;
96510ce64910627c6bea305f92163b74;;;;;;
efabadda6a0e6220348e49740071d0b2;;;;;;
f366324ffec4a7c41eec08060aa33cb5;;;;;;
f011c947a000f3ef027b488ce5774fed;;;;;;
5f9d0d082d11559f9798af7cdee3a4d7;;;;;;
6ea0390c242baf75435446f42dbc7864;;;;;;
c85bb79084d119cac420512b0c7e6e24;;;;;;
7f009bbba81d5cb8f48399c21d95b273;;;;;;
1197fb25861fba6a215f205bbfbbcb83;;;;;;
ad4e3467c6642fe9b83209836350370c;;;;;;
ab16a882226fc6cfeb7794405d7b8a2a;;;;;;
1a7fc277e05656089bb7fcb826f93d0b;;;;;;
e4d6613281fde1714d668864953746c2;;;;;;
95e78a0d8d6de6aa693d2a6864974e95;;;;;;
bb5efd92da47dc472d723fed58e84702;;;;;;
f05b110715999b8e33927f4d097af3c3;;;;;;
5320736f8110ff0507b4c37e5b49d189;;;;;;
6b919f7f64f8fa1dbbd187fcc5062b5e;;;;;;
1e557f7eead6f97ef8e71d5b73628e2f;;;;;;
1de58fb483d6380eafc4b49db22c4384;;;;;;
3244e86f6f87186f2b78e09eda0289af;;;;;;
79244d0f5ffb9ff9a54a2f0ccb777670;;;;;;
d5258639bc31d48ab6bab0859f25bb54;;;;;;
ced443c2f088c069f57fdc57b358b138;;;;;;
dc9f709c54861fb76425a3ea94254e33;;;;;;
8dc3be382af396d096002c20f5b99fca;;;;;;
cb150564b9598dd5d24ef2575eba5192;;;;;;
75a590e6d07574917ee6a51bfc65c262;;;;;;
d341803b5c0b91d439eee623fa3895c9;;;;;;
b4add55279e6458519e76ad972d37ac2;;;;;;
e65d6e3bd608d8ca7aab04d8f3ac63c5;;;;;;
14652acc44e40cea837399584a8f2967;;;;;;
96e742ab70be755a68f0b778771ef811;;;;;;
55e2b0e334b5880df1691971012f058d;;;;;;
970aa6307cb970b809a32a1d4f65af3f;;;;;;
16b35e9c4d1d279d09e6c2bb4bd79e09;;;;;;
08f5b44dd32f123574edff89785f2cd5;;;;;;
0024d82d1fb2513ace6775b8cea08082;;;;;;
4b79b24079d144afce36ce0492879104;;;;;;
15417c0e3598a3394aa0512a98e8200d;;;;;;
8ca4b4cd733290684c9bc8e3259e6662;;;;;;
a7b9a85ead63a8264b181bdb03b25c46;;;;;;
0b4780cef199aadd5d5323168dc27a1f;;;;;;
7e4a52406029020102ccc4dce325cd04;;;;;;
b7e08f99e8d59c899d889635f180f612;;;;;;
c7cb45efa9c38ded64b736a4fb5d8b1a;;;;;;
d09395f48515e7d21d6384e409925842;;;;;;
f891a6e1705f85552f192baf2ecc0e40;;;;;;
d1c5b309c1bc2db06420e167041fc5d0;;;;;;
131372d24fbe9eddad45cc5271055493;;;;;;
fc34afe9f97b0749ddc5f2b74afa67ca;;;;;;
7905dcf56c1c3c02290d1d32078228b6;;;;;;
9e022a01a8b6a1afd2484b276c493d47;;;;;;
e421a0f4db4897134187198fb68e1eb7;;;;;;
33636ed61236f6c6ae366d078bc37363;;;;;;
7be741083821f9291fc5b66c02cc89b6;;;;;;
9ed94489c5be295325bd1ded5c05acb4;;;;;;
a57615f8faf9df25477a81ed35abfe6f;;;;;;
9c8e6e10c06b46c72330512a353b9593;;;;;;
3b34ab3c5dd5b0c8d86c728d4d40f066;;;;;;
fdd59243dca0f8505a8989e94dfe1f53;;;;;;
2f459529958edd60d97ab892c4a7dc25;;;;;;
6a5ec62675fbf5cd8ba97743aaf65cc1;;;;;;
7e81512646fde521bed349d506d265f5;;;;;;
9759048bc72410640ef3e5f2861dbd0c;;;;;;
019877694571a3a9743bfc802f6b7b62;;;;;;
e81071598e836d2e24bdca20a93ffa23;;;;;;
572304b1c8ca7c14b188da0403b9e953;;;;;;
d0511776c93a5821f4d5ebab401125e0;;;;;;
8aca3647d70c5dddf680af1066860d68;;;;;;
9f05e358bbd1ba89a7bb9098fbde90b8;;;;;;
76e9a8a67588c3a1c7771548ed0b5c28;;;;;;
313f70da410ca19cb1464f39f0c3aee7;;;;;;
a257031a8dc885fcb916b4d474d20a39;;;;;;
ccd2ce5e55d443a62681145fa0f07764;;;;;;
01b99048491a07fe19139a2959826d66;;;;;;
d59876b83e66cca06a50d841ebc357e2;;;;;;
4549fbdc63f3c5730cbea5f992c5efd5;;;;;;
d38f4e6240006f9023fdb1f0b57989b6;;;;;;
b460ef0ae934df5f7a96782a522ca1cd;;;;;;
79b4fbeb9adc0b3253eb72394ac3d7c8;;;;;;
740da49878b93a2551c0b474d1474f68;;;;;;
c2f6c703e5cb2209fb763f51d83f3889;;;;;;
59df3e2953bf922dc9e22392ec919375;;;;;;
392d53cfaf7a25cf3f610878f8cc77b1;;;;;;
a9621fe2c97da5a6a8e450880aeb5b20;;;;;;
9bacffbb24efd56cb13d6b7a0a48e6a6;;;;;;
57244c569356e2d403c39c84d3af4fdf;;;;;;
76ba96598b18590cfc23d2360a7d36f1;;;;;;
f79a2d7b70fa7de555370f80d47725ee;;;;;;
84646f79a15886b7cebe1ea1fc62b21d;;;;;;
56129ddd8e775f65ec5b7e828f0d2207;;;;;;
0dd7f348f1b5a3c161491cacf232f324;;;;;;
157cf9b1970187ac3f020b571c8eb835;;;;;;
b04c9f1eca545fe87ba10af86af13865;;;;;;
5716e4aa1adb91be057612513ce597ad;;;;;;
e31f3eab791124037a9de81ab4111847;;;;;;
53e15083d4971d6170a244cc46e76233;;;;;;
5cc5da7be7a292f84d6b4e30ad715aa0;;;;;;
8ad76aa1b22c39591f0920f8fb8ef1e9;;;;;;
9968c6393fc1d21572b5a9b4f7c4c3c5;;;;;;
9857f020f7ad75b829d9757bbaf1e59b;;;;;;
9082ce37094e91a3828475fee6301352;;;;;;
a454e828ac37c4cbecd655449badc533;;;;;;
3c429a447e617dc0a8cc9b2166f61ff6;;;;;;
2f7fb82ec45e57cf7c6cd4e22b552c39;;;;;;
d2d9e4f67bb93640517af925a7f5b6b2;;;;;;
8d2567a73bb506317a0bc0ff5b7b61ad;;;;;;
8d586057b86000afbc3870288cd31cfd;;;;;;
fc0f05bbf97c2dc0eacfe669b931be3f;;;;;;
49023d70b2fd353576674aee9fc6a24d;;;;;;
3bb5a271db703c894be8f74ba5316314;;;;;;
cbf065358b42d936d70f8f68ca73851a;;;;;;
211d71a15c212d35d8c9102ae1ebaa96;;;;;;
790b433aa1479f7cbffb046adf275d90;;;;;;
02843ee39eac7d783283b0d051d92a0f;;;;;;
8cfbf15105d86ebf1fa3f2bec21bdbc8;;;;;;
2faa82410b480b3de7640464739f5e30;;;;;;
1e59b8e7c3135a1d61bed5557cbcac44;;;;;;
230089e289aece62698232720d537393;;;;;;
07522f9e14fa364f4bc35c0b199335d1;;;;;;
ea910871c54e563d852ddbce77ae8eb3;;;;;;
0af98312a8e2185295de538b9db965fa;;;;;;
338469957c8f5975b0fec0af3509b843;;;;;;
111b245558ee12305ff019a08357ffec;;;;;;
7df8816360bee27f27aa1d1239dab743;;;;;;
584964798cde4083f8fbb20935edee67;;;;;;
b6469bc47da7193f1ae66e8544b13845;;;;;;
4d9bb93e06897c5e819192f3c0bc814d;;;;;;
b08dca141f369270d3fffb88521ee1c1;;;;;;
b6b777b31e0f960e6608bee2a765c031;;;;;;
a9797d3c6ff886645379aa79e59796ff;;;;;;
3972e3c2374d2c04d236b6186b5cf57e;;;;;;
8b037b52348ce70dcacf1fae1be87f8f;;;;;;
fe60872040c51196f35a49e64fa1962c;;;;;;
6331d8a410ede9d8dae6fb388907a609;;;;;;
613ef12fe141d44e4378b9ffbaa5b05b;;;;;;
0eafeaca2dcbe92f5fb7911d7a3aa886;;;;;;
c3b630bd10404c451e89866ad8491f2e;;;;;;
3b96bc0e5267ba93cd00b8dd073ecbc1;;;;;;
f1ea6d664f47d514f9e1932cd866ac8d;;;;;;
1f6d51614f9045c33ff8c1991dcb6db7;;;;;;
25f44d7fa617e9e186c74c7bdd871171;;;;;;
5e3e02d80f307a8032912d3a4d7c4353;;;;;;
5cecb31d4977ac4da3a14b517c873ef3;;;;;;
42b1522fc4e48521e961c134037c4b7f;;;;;;
3b24789fa4ba2345a749e0df37263fa1;;;;;;
c5171077a7ea3c9e4a94223d3f0f7295;;;;;;
95debd1c3127e32fcad568b962c00a74;;;;;;
d1e19b06183e5a0b57ed74d892375a57;;;;;;
7bcb8e42529aefbcb65dc12f780ad855;;;;;;
8fb16771c41c4ebcb18c159aa9b7cd74;;;;;;
f460ae8e58de52cab8581a2a75fa58da;;;;;;
d92b798415b163cae80080485990881a;;;;;;
1d49373f8309774db70778800587698f;;;;;;
9f60edb215b9d5127acecbd7775c9de1;;;;;;
1aa5796163b02342ac255efcc21b0868;;;;;;
c499603046a3480ad3efb5523a56d244;;;;;;
e65b1140ad5344de90694f944c005f1d;;;;;;
04d7fb5878c790f1af71d959400e72c7;;;;;;
c5cbdab1e8128d819fdfc7e81405fd12;;;;;;
b88cbeb66e20935a7bc1a514d5744f4a;;;;;;
d293b8b36bbe5ae86f25d779614f9e7e;;;;;;
04e0bb0ef9ed1d34973a0e656109a175;;;;;;
27fba5c1a715898bd7f9665626369417;;;;;;
b40143316ab8506ee9348fcf53fc3ac9;;;;;;
d552555406f3e2fd0c954bd303c4cdc4;;;;;;
eabedadc0df7606de10b35dcfcd70624;;;;;;
a4593b4a7194fead09fe0c940507dd5f;;;;;;
31a74eff9631019fe9ede0e546f8c887;;;;;;
4b9917f2735e39c080f9dbafc817f003;;;;;;
5c6b01f4da3716ec169011a8cb1b6e51;;;;;;
14374af0338da7de4c4a7814a59c8c0d;;;;;;
15e343978f27ade7c4b800b6bdc09f52;;;;;;
02d00770879f016bec40757e157d8405;;;;;;
d7fb1acf79d048b624d379be70aff529;;;;;;
e812fa93de04fae5e7fa1104e9e9fa97;;;;;;
3e259bb6a8452db952429f5435e33eaf;;;;;;
7d6dc6fec85a43c1f3d27833d26ff96e;;;;;;
6e8f2db6f58e9f473e809eb929914a61;;;;;;
cc50ddb453a4c8b5ea8e06ebfc4b5331;;;;;;
04cc9299c7ce38417f1e4900ab3021d2;;;;;;
ae4917819dffa222a8b744f292f74185;;;;;;
c63bc51d5e5c9b1f954dd7c260644ea0;;;;;;
c6b61844340220aff4cc97421aecaf58;;;;;;
d451f7ef1d486281c82cc261c5073867;;;;;;
0dfffd81125782a6b9dde9924c99c2b7;;;;;;
0503bfc18c68f88c754fae831631eaeb;;;;;;
8a2b5a2bcea55be184b64459fce800b4;;;;;;
db0997538b242fe0ce357b4f30a330f2;;;;;;
f54331ad098acac494804980326ab13e;;;;;;
ce1f5ed231053ea549c0669621e52a7e;;;;;;
879b8742e65248eb497982171073dc95;;;;;;
198a1d907ddf207858471f81c1cea816;;;;;;
782239549bc8fe650dfee99a5efb32c0;;;;;;
fbee16a4d743fcec846486519ea4b424;;;;;;
563e1848f29a8cdca5600a1d7fc4364f;;;;;;
f854c85988f9f97e0aa8037170be789c;;;;;;
32e8c5d6499823f5d48cdae6f7efa79a;;;;;;
b06092cbd2a7b05647cfab8cabcb8090;;;;;;
430ad4edd1538c4eec2c84fb136425d9;;;;;;
123088eea3b0c82805a4ad9bd42ed12d;;;;;;
2635546d04608521af44596fba37b8a1;;;;;;
0f77a93adcdfadbe4f11457d281bf5f4;;;;;;
40b4da69a72f87400f69f3a9678f84a7;;;;;;
03b437a2251388f43f4cceded571c6ef;;;;;;
7c50a4055c07d01c49ff7b56eeb60195;;;;;;
80711c78ad3632eeaa4876e1ad8f0a20;;;;;;
02bb995c3068c5557526cc63444aa19f;;;;;;
48537219f5288aaf6992a50219beaacc;;;;;;
c76e395e4594847d062132f6afb9a491;;;;;;
35caca48da65d5aa5284181f5f377e0f;;;;;;
d0100548bda7fbd219abb26432f97be6;;;;;;
bc61bd556e02d723c79a24a8f4c9110c;;;;;;
97713ee8273cb6ef4bf1a42611c00764;;;;;;
8578d04353e9a4e6d01711ca1bab1ea4;;;;;;
e5f4b8fe4a794e39a251a3b7d9fd6b04;;;;;;
92046171715525e0f827e997716adb40;;;;;;
c2227885e8518a352cf0337d97403d7c;;;;;;
fea9eb82c0caa792821a12365312dcc6;;;;;;
6b6564b01c2bd3177ce605bb77fb5bb7;;;;;;
e4c25b2fc297346cbd2037a34c63f983;;;;;;
5ec02d3777c46780939ed11c49f0c272;;;;;;
cd84641ce48e361ae416a6b876346aae;;;;;;
1bbd4c65da6943fcfad1b50c9b381ca1;;;;;;
2e44de555f41ba985c7221476235b226;;;;;;
1e0620595e1f6f22700ad9ce1b71c3e0;;;;;;
ee6bd3181ae372de6c05983566f9fcd7;;;;;;
6597a75c56acb4c8f4b17595c00886ac;;;;;;
31fca617a1db8d63d082a99e004e3109;;;;;;
10bacada9aa82a0328e83558bcf9ee6f;;;;;;
db6dfc33f7e7fa767b748f95ab5f025a;;;;;;
d7432f87cadf02cc747ff24b76f75342;;;;;;
6bd844f6935dbfa992135bc1e2e92c0c;;;;;;
16873b236eda772fb0d02966445b4bdd;;;;;;
5464b20aaeebe455a207c4d1e101a399;;;;;;
ba05368aa9c0c3f168143935cefa59aa;;;;;;
d75c333ac8d1c1b348ee0a22741c55b0;;;;;;
35cf7f182b2d9b39d06958c6376c2572;;;;;;
5ec68b5a038887178c3c60d52f64e507;;;;;;
2d34d1866328eb2f488ce25bf3f6d652;;;;;;
b58bea45cce9d7764da868e4f26eece1;;;;;;
0527792ae71ac43e38f879653373402a;;;;;;
6fc013da1f0b42138b24d8398acf6570;;;;;;
bfd742bce5006d70b32396d6a6d3320c;;;;;;
64e0627ee2dcbb38df89b591dfa557a4;;;;;;
779cd3d14b5f9caea2551962f91f8bea;;;;;;
d8bd69d1b0dd5d1d9c65bf1eea28bd79;;;;;;
9b4baef1a7ed6a482b83ea3dfabe53fc;;;;;;
e2a1493c4ec3a8d47003230c925cc75a;;;;;;
631937685f40457c0145e29ee0bdcbd3;;;;;;
0b8d7d16fd89d1339991739330781829;;;;;;
c6d70c858d028e826fe76e805b3afc8e;;;;;;
51eb28c5e26fe43b24257f64e9b01ba1;;;;;;
89fcab5b23a2e488d62d9215b0da3fe6;;;;;;
0ff032ee69ab10be697d37842401ee59;;;;;;
089b73c359266f428c64e913d5ae5776;;;;;;
5df97c6f5dc7560210cb092a494e53cd;;;;;;
2fde25cb22b934f41a605ff6a435da0e;;;;;;
6b0411f54b279f600ea4b9b50d6d28e3;;;;;;
776b52f33526841b7edbeed139524bd8;;;;;;
9774ee609d9a98175379647f2d8d2456;;;;;;
c37dd8ded6ecc782c897d5194d74eb67;;;;;;
a6f9015befee62d3627bb4e1d9ee62fd;;;;;;
34f55f0c11097fa8dfd46acd48e58c82;;;;;;
908476f825910141a2fe02ff78b6d3d4;;;;;;
cab810e3b1001afb3b1a1a72619f7f76;;;;;;
1d996e519f58e1020235f6150ebb73d7;;;;;;
75d58367a5e2e4f83dbfc9e047afe2c4;;;;;;
d0cf1411aaeb4d2fbb77231662ce0ded;;;;;;
18acf5f2f4f14203584022b16a83cd91;;;;;;
56ae04df2a48b65bd1e8592681e6c40b;;;;;;
a967983357a6ed5340e7e979f690c45d;;;;;;
2eb70cc8fe9b10d29460c187426daae7;;;;;;
58321a282941d42d28bf7cfa82c4d0b2;;;;;;
bf1dad174bbacd39a63051fb63d7ed42;;;;;;
5184eba7934d0f0464268fe763f0c94c;;;;;;
7d5079ba27ae07c9734a53c72f76a7f0;;;;;;
78a827a440e70f7151e51561907c212d;;;;;;
bd982184c9066c857925660e6c363c5b;;;;;;
6b32d5f88c725a8485b7f40beacc0697;;;;;;
109229412658a641730356b5cd226a92;;;;;;
8d1885d6dbbd200300e8684ba024c7c7;;;;;;
3f648cadf54d3f641491260290c3205b;;;;;;
e6799b5c6f8b9661d4aa7336aa6be152;;;;;;
75aeef5c9e493b185abc180fe3795323;;;;;;
e38cd6530cba675b09d7df2e0563768f;;;;;;
b6df8a494a53abd6450b9b255811326e;;;;;;
6d4b879434baa2a4167bcbbae832b9e7;;;;;;
a27e2b4c3c98612638b5881ce645f32a;;;;;;
f185cbd20c45530081a460510e2c9a09;;;;;;
cc013048886e74ae17ca8d0400265c63;;;;;;
7211ccf8674c6a4121dfd1bcb529968e;;;;;;
f7d9daf5e82dca21d16c5088d9219a91;;;;;;
fa3807a4355b27501b3db026518d3b2e;;;;;;
c7530a5087bf55586cdc881fb31d035d;;;;;;
4a98c9793f443b3fa375d6944422ee2a;;;;;;
f8cd1da03e4f3cf161f95961feb3f009;;;;;;
1f3e518c7cd7d8baf17d89102f8dc8ea;;;;;;
369c1fd32ce7f161c220363a963725ee;;;;;;
3382143650b84c99289a15f25340e7af;;;;;;
e3d58333969a0865d443f790bff59168;;;;;;
52a7ee97b291116b7b31e3c7f009f505;;;;;;
91bc141acdb500dc0bbbf50e2912d03d;;;;;;
a299c0b25be71b5e2d5e80763ac9f82c;;;;;;
bf8b7cd635bd4e4e4765ffd381edab08;;;;;;
549af9f7be64df18ed16742161352840;;;;;;
e8006ba6e46bcf152b98f6648b524b15;;;;;;
ecb7f0ac6446cfb3f132b2f396742e8a;;;;;;
a18a74c79f2a21b0f7e279fa2a4c253d;;;;;;
3f6fd82d4321fa8fa07662e95a653ed4;;;;;;
0f7c6f6eb6dcbec50088e226a8ddee54;;;;;;
2d61ab9e631ac57ad04a387cb534bcdb;;;;;;
478c0f45ac9566f44d54b579c38fe863;;;;;;
3aac0cc9a45dece849e761667b62568d;;;;;;
2226085e6dcc09dbb9df200bb2d0df76;;;;;;
bc8eeb1faac4412c19d8f0759ce3b672;;;;;;
21f533e32837774339c1aaa108772796;;;;;;
9fb46de00a615de1d065888a3e1c1462;;;;;;
60f5b934005cfe13fbed032cad0cd68a;;;;;;
ff338f0dd81882d0fb0204065ac31b02;;;;;;
3d7381ce155c727e9855233db83bd272;;;;;;
8162859fb7b9fa979283ff034cfe5f24;;;;;;
6aa1814550a5660077a56ec2a502f63f;;;;;;
336addb1d1b6a035a853f8de9dbc6437;;;;;;
ea05a120d08a506542649fcf546667ca;;;;;;
fd6203167e8dcc7c84f0998b4e308190;;;;;;
150207753a0c98922ccfba6c1c295260;;;;;;
0bf8c07f9815ad3f7b645833be6b0b31;;;;;;
44e75933cf56a4f5ade0b524541529b5;;;;;;
a2dc73ee10ec14b3a70210bbad25ecf0;;;;;;
5674925fd3f990f3fa4af372f488fb2d;;;;;;
a8955811801fc129f27839030de463d6;;;;;;
e1bb3c1af993e6353ed7d9c9719b55d4;;;;;;
29ca093aaecda669ab79930c9df67626;;;;;;
c030a72dac4d6107425da1c3bfa2e7d0;;;;;;
296d5763b926c972c2f0f5d083486f8f;;;;;;
4fcb566b3257467c94ab352bfa8c5557;;;;;;
6db92e573ea7b98fc81959a2cb443194;;;;;;
8d25f0eb60c3711ee7feb7015a3bf4fd;;;;;;
e774e3185aed789a0382f7857ba222e8;;;;;;
762316fe7759136da2624f79683a510b;;;;;;
b7500236d0f4b3607fba22b237afe013;;;;;;
7cde9d43ccfbd32102f3a30dc121a48f;;;;;;
7701b26a893ddc73dfcbbd4e52ccc6e7;;;;;;
5d4442a23f9bb33bf240c51f608b5fcb;;;;;;
69e80a6d496edb381baa87dc4e33de1e;;;;;;
a44cecc4d9d786a3472695eb664695d8;;;;;;
723e74143daa4d42e20b4f501ec07baa;;;;;;
1581ec468221498354f337b99bcbfabd;;;;;;
21c6afa17a3cd2c81e5b4ad33b6d6e20;;;;;;
3411a50f0af6dc05d75e0349ff20aa6b;;;;;;
fae7436a537315b4e60d1bb9370ddd63;;;;;;
88a909350ab0e4f363e8ecae4cd1ae9e;;;;;;
676cfec25b9cda85d0f5f88655284036;;;;;;
87e19c2e16c6229e00a25ac00a08b47f;;;;;;
41b925c17150b2f3932daa41adbf91cb;;;;;;
55bf54ba84e938c719243afd38d3cb0d;;;;;;
21b7dfdbbadab74000f1498c6ab48e03;;;;;;
4d474d572c053c6e07130a8336148578;;;;;;
5e5632fa7b89d372ee247bf87416121a;;;;;;
d12b43b32b2f6d5b30aec57a58279249;;;;;;
714b690ca640e44e06657458949187d4;;;;;;
ac7826c47db9320f50fecba9a4d95cc5;;;;;;
5dd36d2446f8d4c156113b0c685a2619;;;;;;
103d098a242b0050237b7c6ed7355585;;;;;;
5326c0a47b236c2464934e99cec994b5;;;;;;
02d854f3809144e68cab3d3d9b67d318;;;;;;
c4fa2e3f856875cef74c70bcc045967d;;;;;;
5eb534cd9c3ac33b501266678d4c59d1;;;;;;
8dd45ca3f14aa6784f8c6c3df7096ea0;;;;;;
3ab1468702203800ed72346cc942f242;;;;;;
5123292d13e3d275fbd6463086c1371e;;;;;;
e96a65e5e71f331e824a815c5f9186a2;;;;;;
6e35a17aacb83eb2a898fef58bf3ee9f;;;;;;
256dc0fcedc08192cf4446e9d90ec4d8;;;;;;
0792d246e70830b06a04c39f24572921;;;;;;
537417f53ed4101a5c731e8adb490d8e;;;;;;
f86980e324fb7b6e3fb0f806aafdf7e3;;;;;;
d524f8350861ce79574179261d14b0ff;;;;;;
d0d67065253460acabacd284aeda5630;;;;;;
a25759376973ef3e52db90e6128ab1bf;;;;;;
b3597e72cdd9c257a835d3aed4759a2f;;;;;;
e5291ddc467816224465216dfa1b8dd5;;;;;;
e1be8e978c18319f534deb41ee991449;;;;;;
2767151b2aaaef17f603564a4fef05b2;;;;;;
a8156ebf79809ae4a1cbda57ca5707c0;;;;;;
42c17959dcdf8aeb72878f848eee7008;;;;;;
9d4b798c63e5b42c273acc1d246e9134;;;;;;
48ac08ea3af3bcc9a4048b802ec8bd6b;;;;;;
308457ca9049f48ada2b7e0bd909577e;;;;;;
803fb27279345e38932d982f4453f749;;;;;;
352f65a7c38c50a6863fe9e75106e8c8;;;;;;
a77137cbaad8ec9a9c0b7e075fe1b0f4;;;;;;
ae2b8f95fd6c382b5b7fbbc6840fad6c;;;;;;
15d76bba2c380cc91f5f9d290cdd5c42;;;;;;
0c6f698ecee7100386bdfebae3d6b006;;;;;;
687905cbfc6be8d84dc3d49b380d022e;;;;;;
85cf8a2ee237bbc933aa170db980dfde;;;;;;
8fcd0fd88f8140834bfc169bb323822f;;;;;;
0418ef9ccaa7a1675123cf1023c1991c;;;;;;
fe4eb77c23752ea7cc90d72f7a20cd44;;;;;;
f369ec99dafdfbba5df77a098761fac7;;;;;;
a9d9c8ac0b3697d8c63a99accdd5cef4;;;;;;
644666569d6941d841ff7fd63a29003e;;;;;;
ad34f76018696953d7c156fdd1397b44;;;;;;
3dccdfb398e7e8ddd1892ed89d73f804;;;;;;
582bcd20628477075ba6528d43e60586;;;;;;
fe19bd8f5e74c5c471cd28cbe951512e;;;;;;
e16d99a69ced1495e26770e4661c80fc;;;;;;
e84ff44904def4ac02b56e30e054aef6;;;;;;
eb3faede77fba40e19cb0e859e1dde4a;;;;;;
70fe3667eecca9eb2b3343be6a980ff6;;;;;;
85cb38b873ccbd2cedbbb001d0d428fa;;;;;;
748c453e1bb5a26e672d684268413cd6;;;;;;
14d2659c3194e0dce53705c7b2a4f479;;;;;;
3579670d31b9b7660f4b57f4985e7145;;;;;;
023d4e5f6102ef6c192fd227f56e9ab7;;;;;;
19c2f64759d2033b7427202f19fcd0d9;;;;;;
9258c0c3fec3ef4d2f5a4257acee3df6;;;;;;
9a73674ff3d96c39fbf569a8c91f3cd3;;;;;;
08047aee57e4f08094d627dca577bf40;;;;;;
7aaecef7ff8a22b74b27dfddaccbb56a;;;;;;
1c8451d014538672b8db3b740b91e930;;;;;;
8f8d188b91e9dcde252cfed5654606c3;;;;;;
9a31eeee6966381d7417b6168ea4396b;;;;;;
d4ebc8ff848248278792f10c73348930;;;;;;
f1a69e949768856dfdaf75c182d4f5e2;;;;;;
0813d4ffb37e00f8ee77404c00ed251d;;;;;;
ec545f6c87a1946475d9eba4aa9c71e6;;;;;;
4b445a01b931761f2c5485f7f8e41c60;;;;;;
e0177dadd0731480036f39e2887f6e1a;;;;;;
e9edd72b1ce118ad273054be7f67dd6f;;;;;;
995e6d9a1f12c0df617bbafaa303bee7;;;;;;
00fd74a96554897deab2a9f443438199;;;;;;
58aa56fe758ea0f1e1f93bf41ac57b71;;;;;;
cf60ecac486dfa327614cebdba42dceb;;;;;;
77ba32c2f14c465243efe29adb90c5d5;;;;;;
6d1b698961ef1fe314da4660606f57ff;;;;;;
29b364427e5d21fc59f2de29e9c0c88f;;;;;;
9de4ebdfbcb63828050cc0c90524c72a;;;;;;
e642df05f12c84d34c363458a152a807;;;;;;
3ff7064091595e36895be2fc638b6e59;;;;;;
9c833fe75ddda94b2a0fede77a42ce83;;;;;;
604ee8081c32932cb0df5a1d817e1652;;;;;;
411a9bf2be55b5e48c65eadb14d357ba;;;;;;
bb0215b4e3b88be237841c193a810e65;;;;;;
2f4e0e05aea60406352d8368f337d7a3;;;;;;
d8ab68e40ea2909fe5753b4e44b8747f;;;;;;
32c0934b2e989d73b76c125acfb52bc0;;;;;;
aeff15fdaa8e967fb432aea481ed1bd4;;;;;;
9165ef969455b7e33a0e9eb29cfac109;;;;;;
c36ba215c3c5318b09474298f8332e9f;;;;;;
1fd2c3bf78f07514d47bb6364e479301;;;;;;
e6f8b2c630b5504a7d28c59c2e2fe572;;;;;;
1354a145819145cb86f5b3d11fc8cf76;;;;;;
5e392c7dfa71d392f93df37613c9860a;;;;;;
bf79c663ddd5bb7579839fabeecf901c;;;;;;
ffc2f0df4004e1dd2e590b68adecd982;;;;;;
69121b694589d7ca51e4caa0fca50f9f;;;;;;
39b120c2c5bc137db1bf1e4db07a344e;;;;;;
fe621b6fdfeed2bd77e5160dda20ea7b;;;;;;
d6d7344a8ae66f9b966a38d2a1889243;;;;;;
fb276a5d01dc073304428b23574fcebc;;;;;;
af6f12f5de646ddfeb21d6ba7a4608e8;;;;;;
216ca2b60c94561990cbfaa8f0edaf64;;;;;;
09bb48139744e3022bc0ba1eb44b2ae3;;;;;;
7b87e12eff489f0ac9093eb6f19e8638;;;;;;
9c7a21151c8bedbe9f6665e2b9c29169;;;;;;
feafa4fe949d03fa050b48bcea705abd;;;;;;
b24bcfcba901d774b4b445bf5506720b;;;;;;
7b2e795db162ff6461346ff0cf4c6345;;;;;;
309a2455995ca98df49b9ebfc39b8259;;;;;;
6b409b57616544a42d28842f3e98c569;;;;;;
6fb70c52109dfa01c7773d4a69b8a1eb;;;;;;
7e59482d00c5d79d1cd660daee228739;;;;;;
3030e65a99741063a5083e322dabb7ca;;;;;;
cddcc1b0e2ae0e62d3aa89231afd5e4a;;;;;;
126295ca5fd3574c0d2493b88637ba91;;;;;;
22b2cbd2f6b07b9897f18187a0aae77f;;;;;;
aa6b30409b80fb34e6ae6b3591e436bd;;;;;;
d36cc6beef8e39f001b8219401492301;;;;;;
abfe478d3e8bccd5f76a62cb0a782484;;;;;;
f23afc674308f192bcf9504e68670a93;;;;;;
058224ceb693ba934903d83029355ed8;;;;;;
bbf40d5de2fc4edb9fe54f407c5435d0;;;;;;
da9c639ee00546ebb4a99963574a266d;;;;;;
e1743347978074b0ab84f00881777df4;;;;;;
95c7944ab8788021fc1d6c1862b40ffe;;;;;;
cbbc7d003999ba3f0fbc63f5c3b19f02;;;;;;
483e14c78c2d0d6155edaf5d14a473bd;;;;;;
97d3eae64ccfff5ef111aca7c7a03246;;;;;;
629a39eb46b312d4c6f29e6856ef73d5;;;;;;
0a2e18ecb82e63239a2c20353bde14ec;;;;;;
87b21f32f32f7d4b3363f19ca431121a;;;;;;
b06ea0eb7af90c4220ccfebe1b6fe875;;;;;;
c8528141dcb6094801f8b1cbd1d10792;;;;;;
ba47b47e05052bb96443b321d7535b88;;;;;;
0b2f036be21864346071ebb2b3ae0d1c;;;;;;
cff388e92d81f707afef19a759d023c7;;;;;;
d48f251a6155996610b0b713464e53cd;;;;;;
3de1f8c29083a94cc8979ec944adc449;;;;;;
b9879e1ff5674a5eb03d11de5b34cff3;;;;;;
a0734a661fd3f4a890d035fe0be7d026;;;;;;
52eda71d71e171937eeb93210b12fa97;;;;;;
807554fff5d888825ce3c0ddc4006be1;;;;;;
550d91ed23558c81e70d79e5b9778a0f;;;;;;
bd68c63c0d47e06a210fef0cb261aaae;;;;;;
113d0a602f853e4259d41250e5c68565;;;;;;
30c5dea5fca9ca536ec14dca3887c0eb;;;;;;
6b9f64ce0d30e099d79d8ec81f313b2e;;;;;;
524723da0c4ec1c338e230e7e17cff42;;;;;;
29f13b27626e54c1bcc15a9e67c2607d;;;;;;
2355d301aa4f4844c72e7305d9094220;;;;;;
0e28063f897873d7b08a29a49694b035;;;;;;
adab7816b3b7db82100725e8d70cb146;;;;;;
de460656aba1ce4a8bd134686fe17045;;;;;;
164c0edeb41c45844d5805c9b813d224;;;;;;
72f1856c0c7f097b84827aaef825faa6;;;;;;
fe58f9c94cc024c9a9f48401a12dd6f9;;;;;;
a5adef14bb5726ea03d9cde534d67688;;;;;;
3f676b4c35fdedc8b28dc45c21b6a66f;;;;;;
70ec045a6af851e17f202ece8e7fa629;;;;;;
e090417ed3134ed6bc50b3144ac22a12;;;;;;
bf5e61ab1ce0df29da03e0f5ed2c083d;;;;;;
8f4c48f77c2b637358a21a08f2b2b851;;;;;;
7d27e5b297e2ebdee3f973ff38b1557b;;;;;;
4d86f5ffc2368e40d7064f1c12e4c59b;;;;;;
897bb43fc6b27a0295316a150fd776b2;;;;;;
951552cdf6a43e1ad84efceeafff8b6c;;;;;;
1115afa5bee351d72802cdf90d4fd2da;;;;;;
8e8a3364777e1b6d49470d7fade366f4;;;;;;
4be7bd449349c32503832dcad747fc08;;;;;;
b89185b558c60b110e67d25767e034e7;;;;;;
2b5a080a36cefa55fc21af17c17b83fb;;;;;;
40153c1d62776a905225aad7244f314e;;;;;;
fe1819512b1a278ae944838aefa6586a;;;;;;
74436cd989db14b46e5c345553e06312;;;;;;
54dcd752d8429b732338dee303f85c71;;;;;;
5d53f506214e5de3b03d61bf7186aea8;;;;;;
fd5511bf2057ce970786d58905486eb4;;;;;;
9f2c050bd4e6c24615aee8385e7a734d;;;;;;
6d06375ff5361bd5f8ad6194e98bfb1e;;;;;;
fdd9426f914db262bd39adfe5cd4db5a;;;;;;
38ad80fc64cd51d99fde12fc30385171;;;;;;
4fbc9d754fbf5a8eda2fcc4879fedf41;;;;;;
49b12b835c33a16a8994239bcbdd7197;;;;;;
1296a1791a59b1a1a9d09463a0f45029;;;;;;
0092b407a53cdb84e16268f62adb25fc;;;;;;
de54bcfa4fa16e5a3f5859b1ed0f50d5;;;;;;
591f44b0e2577741bd9349a6550df95d;;;;;;
758f65d4bdb58b31e80fea05acada42e;;;;;;
bf3c856c004b2233ae9e1923a96a74ad;;;;;;
0edc66acdc239380830af32799073dae;;;;;;
66e47555e6a160156f08ccab0b3aeed5;;;;;;
92df47ee2c4acdcfb96c18ba460c6af2;;;;;;
13e69dd0849065f4d31004ecf6b1fb2e;;;;;;
f66e30ad32a4ccee3cc4063b56e64b09;;;;;;
06b74ecb387d0d43a45827427fff7a4e;;;;;;
ee5b1ea5cb729251882d60c0166ffe0d;;;;;;
6d3e0a2612dc8646cff5db33c747e34a;;;;;;
bb296ce8a751dae2d238aecef6df820d;;;;;;
b98708e98894e7e468439dc8604fa763;;;;;;
528c0ff8dc94472f5dfe01d1cf5a36e9;;;;;;
7e57a2f6169622d6473e95a5c0271141;;;;;;
3a71ad5676bffdbee048afa28c08b52e;;;;;;
642f9117188954567f57f22938bb37ef;;;;;;
eb7566cd43d4ae5d4143eb94bd115847;;;;;;
2795fa69e8f766bf61d641a7dfd2189e;;;;;;
5c8e1a6783af10e34b6a7b6775d0dc92;;;;;;
b66b819dae0fc756275e04be5e6c57ed;;;;;;
d9e1ee876debb7787893499a5a084d13;;;;;;
157805cdc047639cde65f04bfd9a1da0;;;;;;
231e6cdd6be47067ec0ba015a824b2cc;;;;;;
9d659059c7c591ff87666a2bbefe45b7;;;;;;
8b76959f5ab88a19e4cb3c717ff29409;;;;;;
1f006649f9ec60910a17eaf9a547d4c3;;;;;;
812a577cbc0c80b0b04d262a5b494696;;;;;;
f4dbce9c89a4f81211ffc174f133669b;;;;;;
b6562e76ef0a5d5e8a4b8de1ec464fa1;;;;;;
8df0d77e4b1e4e696158a0f1518bc6d8;;;;;;
57b5a830e16d998be294c2c9a983ad4f;;;;;;
61d1c6758c1225d64001de23a6446d15;;;;;;
7927bf8c03c8e409d0394045e8147bc6;;;;;;
a4c3ccbd2e08ca5260ce525d51fa60ed;;;;;;
294e7e27d1df633a08616fe4a20a394d;;;;;;
61edb92d1d25abd1039e63ca7f1455ef;;;;;;
269f61133ea435a1896bf636384a4fb0;;;;;;
218ea38a1da26c3979474756a60ea6c5;;;;;;
961876d9367c226db1fc5d90fef97686;;;;;;
fb8bd4acbe02de6f776f51fcb6518a06;;;;;;
1d85478e16cf8c4d1dcf22f6297a9c2d;;;;;;
d9ab33910107386f40d0c8602d18286e;;;;;;
a1543b1938c81d566d7219643fd27869;;;;;;
6364696fb4f70b84558a26dd1a2bd4b2;;;;;;
296ea45e64903eb84a87c1a6f91d57c2;;;;;;
15f006b81a8f76a19d40333538c10e97;;;;;;
90427309315390d4356e5bacb345d176;;;;;;
b48c78d4ab4f8658b77b709ab62266d0;;;;;;
ad0181cf441a20e68eb05ef4bffdb172;;;;;;
fcafb88ee382c545340aeb1eb588c60a;;;;;;
95ec90ce704937e9cf081c9c845f3c35;;;;;;
160d5e3b330d0e4dbece00778bdbe7d6;;;;;;
1a18a0895c5cc202cbeb25258934228c;;;;;;
f3d116c297bd522a84e02ed0d43ec237;;;;;;
c6b295770ba09570fb56d97571a51bb1;;;;;;
31b8ef312325e2885d0c23290fa3c7cc;;;;;;
921c983f31ae101bccbc44538634d071;;;;;;
fc59c261b16a84df7f4fbfed0e24a4b1;;;;;;
27deee8489b4ab8bc205e94ac21619e6;;;;;;
8a132666d974a2f8b77b6edfb7b72412;;;;;;
bfdd53afd01a3c839589e98c54776c80;;;;;;
15c31713193f8b3d9ab30c2f84d6ccae;;;;;;
a00708b38c914d370b4d2503d175d907;;;;;;
c7a393e225b296b33dd92eea8fb20dab;;;;;;
e28e6779bed86dc2b99b1e17d1efd2c0;;;;;;
9a4df8fa3d7d29c1f21315da889caf1b;;;;;;
255270e9180fe1a55ac9321538a54b59;;;;;;
14609d9c0dc5712ba56ee4a1d1788ac9;;;;;;
9368d32277c197f5c6595071c025f8a7;;;;;;
f42849c234e9fcfdad65192afdf0fd9f;;;;;;
ebc0998499ac5d977f79eeb8fa0f364b;;;;;;
3230d11547d6ea029f3962c5d4606837;;;;;;
e6d3eb8d72d0fef06b1866ce725c9dbc;;;;;;
8e66f36fa98d46635384fb7c0afd38f8;;;;;;
a053d4599949e98b5a29f7b20e84736c;;;;;;
bb112416bafe825b58048360f71aa7ad;;;;;;
5b36b4ae669aa3d3d4c0b29eebb0c6b2;;;;;;
3598be2510e77dc2c41065196027414e;;;;;;
ff3c6becdcd5c4c1ed18be5cfae34a57;;;;;;
bcb0d90264fcf33cbfde01192b259102;;;;;;
3f167be2a5a5ebfd001e46e999efa7a4;;;;;;
babc37ff64c0037f621ba654222b7595;;;;;;
0d047dea2d3b0ba3a886aaa8d06998c4;;;;;;
82844ba3581998eba751f1f5bc5b0be8;;;;;;
de8b4144526a1e920711bedb651d2bf0;;;;;;
b5b584829d61efaa5b6c221aaba0b711;;;;;;
2e32bc67bdac90e9c1aec837fd6195e0;;;;;;
beeb14c330563d916fdab9e333b29974;;;;;;
7bc0e0e8e95877701265a5bc95c65bdb;;;;;;
40b95829972aa8912b24c99f170730df;;;;;;
eaf87545112970099d6caaa2c11d1141;;;;;;
95022110045b904f6fd9eb0951dc9efa;;;;;;
286897188ccb20c595725eef19b3a59b;;;;;;
15837b8450ef07304882c5341eb2cb79;;;;;;
a7d20e94b4707cd2daee85f84626ca02;;;;;;
9055b46890f1ecd82dc5be0a3d274660;;;;;;
8b9bc51ad9ea28280f51de239d1d945e;;;;;;
9d7a8b86d22b486af90d85393f1563ac;;;;;;
8b467e1eea7409d1ff3eb1bd72a0f483;;;;;;
190431739359bbc361c23ca3018dac0b;;;;;;
191e3526ac138da96f746de8c7919c52;;;;;;
f99ef205464ec0cac108255e28c2f15c;;;;;;
8f1597abea338f419820a73de7d9056e;;;;;;
894ef16f3f5ce971cacc2efa34cce147;;;;;;
ae311c375ff7df55288d0a0fb7bea91d;;;;;;
31921c61a8d5cafe8e09c841cc91f5e2;;;;;;
7851b560b62f1422c50c005ffce8a1f1;;;;;;
0ead2352d8f7b0123dba4ddd173d984e;;;;;;
d0b2969f221419dff2d0863d6ed3beae;;;;;;
34a2180c9b562cc98d5e2fb1ea7c6a74;;;;;;
bb72bd9efa59af0f56cb65de9efd7b89;;;;;;
9ac0e75e360d7b526f0fb03a4e753cc2;;;;;;
9ba3116be14db8a4e794511ae161d132;;;;;;
a59a0551baf794eac74da82930ff6517;;;;;;
6cd133379e64573e43b34d0b9a9d78fd;;;;;;
1560ec870424be23ae1389b78d4f4ba7;;;;;;
ffa7ab0f4affb32e2b17e19457e79a7a;;;;;;
2fc41b702d2a5f859f55f9489cd6513c;;;;;;
34340a28511407484033e3250d1ea9f2;;;;;;
657777cecd6f7bd401a12744398d8b55;;;;;;
5e2ca6ff49e6185d0a5342cc1e59cb0e;;;;;;
196c07bac675fa01e6b9186778e246e6;;;;;;
c5c2b87a0b4b7116cbf5062cf8b71e98;;;;;;
097208c8b10d49d790e72a061dadbecc;;;;;;
fd5f7480edb1305f213dc816fec4ee5f;;;;;;
9f18f923f7c3173a277711e558f7f0f3;;;;;;
5e2daee74d941d056136ed635acb316f;;;;;;
c87229886a17073a1dd233e79d7be318;;;;;;
c4b243758109b52ad70ff6afffd21e77;;;;;;
5e3f912c9e37f648f975606986aa29cf;;;;;;
81b08492c4b4cf067b20fb1ee2123ca2;;;;;;
4e9b361479051e775a63896590e74b28;;;;;;
316a7f5dd60f55e32cf36d35c4872dd6;;;;;;
d1e2c5a6274bb94129cbf8dbb929f605;;;;;;
d92f0d3b6e374826d45a4df9b96e5577;;;;;;
c380081e9370753c14ffff3969b9b998;;;;;;
437ffd9977fc4b24d4eec3b48f17da3d;;;;;;
35b285f864e021f60dc7dfdb09dba96e;;;;;;
1681d738ed70808d601df36a85758eb2;;;;;;
5b9230405c5577b2ba4efd8f58d0120f;;;;;;
c02c996ca7beb9eac182b6605d3ff721;;;;;;
d90eb35946a7bf44b5e62d4424462be2;;;;;;
11e74e5cbce933dfa77b7849bc9359f5;;;;;;
ace324cfbbf6d19bbee771cbb3ae9a45;;;;;;
dde2702236786b627474d17f6c55223d;;;;;;
bfa263a8bebaf7a0742d4ba8e171d6cc;;;;;;
f3e722f44acb0bfe1f4eea151fbf9621;;;;;;
f89785b0d5d9e2c88b92dd1bac2a2cb2;;;;;;
3c028167521f15dc34c5ee43cc904e3b;;;;;;
523b0fde2f1d169f0897cc6659d05e8c;;;;;;
940cca19c40e87fedd06a3b25332f8dd;;;;;;
d2247f7dc072eda8f95cd3a0dc575c3a;;;;;;
b382d76e12c4397fe5b2d0af061c77d6;;;;;;
cf24a8fa7025513164cac269120f765e;;;;;;
fdc7f760257c2a147d366f03253ed799;;;;;;
400f7e9e3146d5347cca1ea0f5aef586;;;;;;
87f67ad60c14f2c17c76100aa5fa2ab8;;;;;;
f015bebee480f1b5f3949a18a92a4d0c;;;;;;
6ace4401ffd3871be89a6af65698b63f;;;;;;
d1252379719e5bfee4b964641c2d5ef8;;;;;;
3e1550b99bc0e0114cc5cef6075cdbe3;;;;;;
66793d361fa80e51a35ccf8e69c30296;;;;;;
c5257b56e27b82d0288be02cb73dc249;;;;;;
da050147b6f28f4cd94d53736c95d67d;;;;;;
87215ab8871637d787c5fc22b1a7f6d0;;;;;;
d75d11db15c18421ccd4dcc61d8e4263;;;;;;
0e7fbdcd4bd9b47364d27c37987df2dc;;;;;;
004ba825eace234c2c730d63b86f904e;;;;;;
27fb791c4c6e32bbd2bfb9fdccd857a1;;;;;;
613afa0afb3aee6fe430fd0a9e3e0ac7;;;;;;
84411e6f1dd45f42c1f6c8c700583d54;;;;;;
87ca0a4870371a6f3f4084f3a486555e;;;;;;
116f93a8966620260d2526d434f99173;;;;;;
e5af226f17dc53b2ff2d2c6bf53bb4f3;;;;;;
dd7dfc917754011b5fa69dd6b86da730;;;;;;
03f91a9291454f175d22f659aa5535d3;;;;;;
ffeceb447b9d82f387d9bb65db901c17;;;;;;
1a2755ece601fd9bab93d553283d2b55;;;;;;
1eacdf8988cb0ad00f7d5984d02cb592;;;;;;
28a147bf9138731ed65d86b1650561bc;;;;;;
50aeecc97cd7eec31b8cdfcebf9122c9;;;;;;
57b8843b4217e4e0dd90669d6045d93a;;;;;;
12731b673d5c2e7fa6aba8bb534b02cd;;;;;;
7e836f1f9a091cd7eda8ac71a559b243;;;;;;
466f972ca6dc409a6a29a3b397f74007;;;;;;
a745c77adfe16a122143e3105baa7ed1;;;;;;
305475282842054f229a983532e988cd;;;;;;
8cb36f82ee79105c87f616b6b9744b65;;;;;;
12a48b6b2599da40b8f1b889bf715a10;;;;;;
ee40c40aca0cf0d4ede897283d83b03e;;;;;;
1c08e9edb4ac44083c0d90e9f9d385dd;;;;;;
228385bc379fbd172b71fba72234a522;;;;;;
961aa9e38c034a84d7e4c00363d37859;;;;;;
ba7223de1481fbc39a8bccd98b861c3f;;;;;;
d391a51eefbe76244dfa45a13ac5ff1a;;;;;;
421abfd20d9ec8ce4e7874799ee864f7;;;;;;
6710386ec6725a596aeabc3c2eb0d151;;;;;;
320a3e9413e83b27312fe5860c92ffd7;;;;;;
72d0ca6414851d8f9236fe5e1ebfadcd;;;;;;
a8293bb94399647b4f5cb6a5404445ae;;;;;;
d83b03f01976bab27f95f8f9529c00c6;;;;;;
1fee53345d65ca2d79745ba4af2e4772;;;;;;
e68643d8c4742c2d433d11a412fe579f;;;;;;
c05ac580508d18a2e637845dff4fcada;;;;;;
4c737aaafa1ef22acd3c8a3578f024fc;;;;;;
a564fdb3c4aab2428494f7e1a27d1061;;;;;;
610c486e9adf0de63c36ba8eeeb1bc65;;;;;;
601ca78334001a957d06d545f41fb2d6;;;;;;
2ecd84fa8093978749e65a422674b93c;;;;;;
a0eaa376ed3453b02e4e509c7da15cb6;;;;;;
db7a5231f4887b9af2f6d2b131f3768b;;;;;;
73a27c549d031bb5093f368b7c79d7a7;;;;;;
d2fa9923766c712f073121387417aa5e;;;;;;
6bbcadfb669b352bfd5b7fb3f39e2ae1;;;;;;
bd8724bbcc63f1860f5fec47719c491b;;;;;;
9083b617a3fcd8029855c3054438e031;;;;;;
7b9c4be4b191db96e7f4571febffdffc;;;;;;
3a329bb3ebc864905dae97c67b0c47bb;;;;;;
2eb4e14ed290a88169558ea1003fcedd;;;;;;
1a45a432c6a13a15238107f565d7b60b;;;;;;
6fd32382b9646f9cdb9f7cfcda688f19;;;;;;
78f92b775a3dec840fa63016973a0af8;;;;;;
37ed2540dd095e3f1ad45c3562b2da18;;;;;;
b928afa7b0652a10a91a2fcf6de5c17f;;;;;;
3c526fa86892877c08b50e83352ecf0e;;;;;;
cc26e9345ae14c4b2d793550826d43e0;;;;;;
d26c5d9e648abe1e464daef7dd2b2dca;;;;;;
fe51bd218ccae7a91eadb4361a82c11a;;;;;;
36f37428024a612c18dc1fa56925e4bc;;;;;;
643f6508dc381cfe07c292103258401a;;;;;;
6c7bb5d002df02e1822e0cf6bd30c897;;;;;;
7782ebc5a4926c8fad2adf011fde0ce1;;;;;;
a05d012d7dd636c5a00514bb58aa7d6f;;;;;;
d460d81154c41b3d2d92bcf2bedd732a;;;;;;
22b74c40007ee0409c16105af47b3519;;;;;;
8ecbec8b391f6f8b503bf74e6a7e3b9c;;;;;;
33ebd2917b7892c0754d87ad87be8751;;;;;;
4af39409d1add46fbe2b6d73fac0213a;;;;;;
8b060d22ceb5b28393b59b1901eb569d;;;;;;
8dc75b0c1bd87afb610560f9e2133b5e;;;;;;
12f88b2c66e5ff8e99919fd21fbea0c8;;;;;;
6ad206ced165824b71a512cadf635918;;;;;;
206f9abe2366db22199a04eeb4a91e5f;;;;;;
cbe31f5135cd3118118c2c67bf998771;;;;;;
b44b57cbbbf6578f7607a37625888dc7;;;;;;
f6d9d592de66617459b5e3719ec6dd3f;;;;;;
ddb33642b3f4fbf393bb4046310ed6cc;;;;;;
116a755125a63a297df1d9ce271ce4be;;;;;;
3387f9ac8a1c4be1321ff2aabb985f65;;;;;;
74f5fc3bf3a525202e5e8fc2a11b7026;;;;;;
357e0009545a8b0f3daf5d650097ad52;;;;;;
17ee10897ec7adc8979e1a63c6cc495f;;;;;;
5e9c0676a42a52f3d97a3a7736115bd5;;;;;;
d54496b87b3070a352540ed0ce5d83b0;;;;;;
6d2de29fb470d1372a89ac1b900f4297;;;;;;
a48e3de53d39c2966ed43a46047a3734;;;;;;
6093a64fb66d7d953cc9e0649074238c;;;;;;
00bad62bfb08704e3d342d8c5da2089c;;;;;;
c5df71f742123370ecc1132e226057c8;;;;;;
0b8a342626f54e9386f68739cfb942ba;;;;;;
9e9252e4b846c3b4953bb7876c1c52b1;;;;;;
b19ed64692e0b3d7b057695e2c86c28c;;;;;;
08ebc8ad9e47448a876c91e005db0776;;;;;;
950bffb25bd59c3f90da17972a21e5d1;;;;;;
3bd0828f42a2d91aeadf3e989ce44072;;;;;;
a1129b2383555fe1b473054c852b513e;;;;;;
184af02879754c49d72d607962aa1035;;;;;;
e20fd19fbf03d32df3bd15116dc91ca3;;;;;;
afa12394a7295b41b43ee4290e2a293e;;;;;;
230c46d4975b9d49d65ed876100b6635;;;;;;
e0780b568c4b0a0c8190086a7f643804;;;;;;
58ef59b66018e8c93cc2cc3575533e8c;;;;;;
c0acc938f992c5352f415f0134debe72;;;;;;
a5bf77f00dca76b3891ea41f1687f2cb;;;;;;
292b1e8559ee9921521590d48e97a4d2;;;;;;
3b86e52711f0251cd97c6ece2551b0af;;;;;;
c486a4c0f88589f235028d529a2037c8;;;;;;
f0f37af5972ffa5fcc8a6d0c792c3e00;;;;;;
b2f8b87033af5fefe10054a33daf8582;;;;;;
69c15aa3d9b606c166630e3ef3d9d5e9;;;;;;
cbd481aa14d6e61ac5d5c5ff477a42fc;;;;;;
78ca815dad7d5c74429cb135ba6efb47;;;;;;
997aabdc552156505eb57cde536d61d8;;;;;;
aa1f989c439f5c55a5df5a05cd045bcf;;;;;;
dd4c8fadfeb20f1b3c144ed87e4e20b9;;;;;;
d8939dd41c62280ac6e8e4ce34f1e49d;;;;;;
d9e748346a39d89c0bb556f0a2973d07;;;;;;
d16eb7724a9c564d177e18bb9c14e6ad;;;;;;
3c08a86ae512dd609d65d3f413f46a35;;;;;;
7cfa290693037672a58d77f6e609dbed;;;;;;
ea047ab4ae9345539f030b23503fdeab;;;;;;
f189888546ff7142a7388dec006b0913;;;;;;
d305ac01268f30196f246f03d2071254;;;;;;
1f1e97bc2d76dce9ef47dbd8fe326dcf;;;;;;
1ce133ff863e894e58f376683f4995c5;;;;;;
17298c1a5e240c1dd24e7efe3a2b81c3;;;;;;
74da2b66712bdbdd2424e2bfbf7d6f33;;;;;;
80c7e847e66d570e495d1c64d78581ea;;;;;;
5477022cfe4eebef2b90ce92973d289a;;;;;;
293ceb9925335fb24a501db13c0d4bf6;;;;;;
4091187613a518f79d811c24966e0582;;;;;;
402e399e5086e0cb86a3abc18904b6b8;;;;;;
d5d62830f292e9c8e85f202a4c9e9231;;;;;;
adb1f890988db34dce2d67b0eb9820ad;;;;;;
b5f47856f593d8c0700f7ccbd70f9fc7;;;;;;
ac5ca81d70ee9abac7ec59bc822ab3de;;;;;;
75754bf5b7db319cb0cf1a10ad240b8a;;;;;;
bb26749eb40d0cfa8ffaa541e18eb89c;;;;;;
4cdc505e2a309efb0e4327fd692b5706;;;;;;
989aa05a01b5270d1a51e098f683bd79;;;;;;
f21d69e40f3966c90249995630330e04;;;;;;
3d56a9404e0945db24be5eed2183e710;;;;;;
4047f0722bf7aa4425a273f4b04351c9;;;;;;
c1fa83061124163a9fa7fd552fed5eb5;;;;;;
891e94910f952e9fc145e7ade23d1421;;;;;;
317446afa0193ba6c09b02711de79785;;;;;;
2764342f8f996826bacd2051c6452af3;;;;;;
8e7159c193ac784384c1dd5824ef4c4e;;;;;;
2fdb686780a3cde7e6ac616e4a26b717;;;;;;
fb07f8c8247cf65fa44a3e6daa67e5e0;;;;;;
e9139e6d706ec46c203f725ac131f144;;;;;;
3429023daec1c9a08a1892e0457aa62e;;;;;;
b4bdabb2197ece356426023eb81a9d46;;;;;;
d2440b69bafc61dd5b325be0891ba0d9;;;;;;
d998cd06c9e75acbf13fce4c81113881;;;;;;
1340bf3c87dd0190ec03283469c37137;;;;;;
bd5e32a1aab94b5d9fe8e2773a975e89;;;;;;
bcca0da22cdd3a10ce8b7095880bb8cd;;;;;;
adeb47fc7ba657c9926475bc65ae2194;;;;;;
af5e455602d5bcbf489185228d535274;;;;;;
35ef19a1b847b91d4273b2534f79c633;;;;;;
242f0d7062ce83d27a659129795361e5;;;;;;
2841197f85a63e70ed79f0b8cd07954d;;;;;;
4ab37456739485a1f49bd55444afd66e;;;;;;
1434eec8c908118cb0a58c99acc63bf8;;;;;;
6e8c1ac1ce6069309b9e68cde601bab0;;;;;;
98884b996761f752eaf972f0005f0010;;;;;;
8080c7c2b581c953fad922b6c4e707dd;;;;;;
0dcdc529a415204edc168ffa94cef584;;;;;;
d8041dded912cea5bcc26e99b65d2624;;;;;;
0458a0ab26cfe0cace02d1ca5de70745;;;;;;
f20cd51b8b2e2083ca1d8d80e931f54f;;;;;;
7ea49db892e025dbe4a6a6e775a98bb5;;;;;;
059a3bffa268ca1bde9631bcfd0ec7b9;;;;;;
efe5855b6ca3499ff5f37a4cf9e828ea;;;;;;
741080396af126337bafb44e827e5bec;;;;;;
370f867a22fe644a919bbd955d50fea4;;;;;;
1e9a03e582abfaf754083ef42b06bd57;;;;;;
daeb148026ecaf55b6d384e0f2988f32;;;;;;
776a53477514cf773dbb8b8bcf4093bb;;;;;;
8aab234debedc979dc6c2af1b7e92f7c;;;;;;
ec265b4b1ae2ceaf1ced9e185aefb657;;;;;;
34e3f0f3af8a5329cf92aa10ee946081;;;;;;
56c94688d0e39ebb27ad586cffde98d7;;;;;;
2228a9a93611eebb6cb1ef1d30d0113f;;;;;;
555feb6fa07882e909fbab0a1cb13324;;;;;;
671121dffbde63e4288d0a1674674a35;;;;;;
b717bc6cee37e38042235610050239e5;;;;;;
818e89f9d7a8371224a92e6e568c67a6;;;;;;
fee42d220ee5e5f22beddb266510068c;;;;;;
65a9e8445f62c95b4c91e4aa0cfcfcfb;;;;;;
275b6d81db092308b4c5b8f0fac61f6f;;;;;;
24138a06e46b299d33b5f755d9282cf6;;;;;;
ab9aeb2d0a3f9baeafb8ee8d20c519d3;;;;;;
301cfccee6702c0e1c67e9fa67bd2080;;;;;;
65dd6a52eac344e7cdf3848680f7c10e;;;;;;
68aa1c04b07065105e7bd0fe70f41c0d;;;;;;
3ef6a848428064782dc091d676a2d46f;;;;;;
d28e31cc526da57c13efbcf0f304ce45;;;;;;
fca39cc2e4c2b65b5abccde86881f76d;;;;;;
759426cb589d377427c8a9bc9e2b5bfd;;;;;;
010196dba5497fc077103c92d08ce934;;;;;;
beab6b630b51f7204f45015cc1c57147;;;;;;
c133aa08d58152ed8daee701c787dd06;;;;;;
a2776752ee5343860d089d8959c225fc;;;;;;
3dd724b24cc50f6fa2682b6791f7dd41;;;;;;
9c6bfe4bb9b1c464b09d01eee76978f1;;;;;;
dcde51c7f5af51555869c073cc18f048;;;;;;
be7077692a094a70c3f4052bb6e244c9;;;;;;
ef67212446f0ee083791b041703a3e7f;;;;;;
11bb82831ac25905c850b6657cb3a493;;;;;;
a7b51ff2ed1613319ea5bea3e6a425e1;;;;;;
b106eb11b234433c4170d2314e156b4d;;;;;;
8b9d608399f68d95c21544294d21ebf9;;;;;;
cd470c3a0f79b62ed3d5a02d7c7a67f9;;;;;;
6764b03d46c5dfdc9b8a00795db15eb7;;;;;;
c28f4ec6fd75bef56ced14ac752fc7f8;;;;;;
3e8607f6d8643473a475a17b0b60ad13;;;;;;
88b78cf774e1d153c3c2dd1eb213eebf;;;;;;
80e28ba61a65d713e5e8700af1671eac;;;;;;
f503b8d2dd86332cdda819119db874f8;;;;;;
078afd1a006181fc6e97a6e388c48ef8;;;;;;
1a1e2d2d19253792e7d2d9a3140a9996;;;;;;
134413bfd2f5c77f69d0e3f813d003c8;;;;;;
7add732475e52761e3cc1fa0ee7ee08d;;;;;;
c062cd9adcd4395d9b2240cf5045dd8a;;;;;;
5366c0456dd9137bf9e5dd64204b6c69;;;;;;
000f72d4afc3bde2e6b31e1d978b6481;;;;;;
19195285279d83e980e061586c43e649;;;;;;
b760fd28d45dd6ad3e89b6831a6570f1;;;;;;
f246e720ff773a7489d8282816b73097;;;;;;
0f86074cf984555ffbd27c1f57f72f1f;;;;;;
cfbb0536f83e8f5b901d5bd2b0c80a91;;;;;;
134e82940134ab50a8f21bd9a0c7fe2b;;;;;;
cbbc35f89d90d2eef97367c7656b3a22;;;;;;
e5fd6c31ef394247aba550eabd550dc4;;;;;;
9829a793308253a49ed5107895caacf5;;;;;;
fc8dfff7fe2252df020a9b9b68def812;;;;;;
f483fa296b5cdb63ec2593c8d3918b78;;;;;;
530ee73534b8db7c6a50e86bbe2ebf60;;;;;;
dcef517e7050a3fcc3e0bc8ca2008a7f;;;;;;
59cc90c5a3a4401e7174aa754005cc4a;;;;;;
14b2910f19fa23a4f58d7540d44adba3;;;;;;
52e9b3a9a7abc38f3642ea0ba6a9cd15;;;;;;
8a48e9191c5b5c0576d7d543eb0b8b4e;;;;;;
4e3f8c026b762928ebb36dbb8d0941ca;;;;;;
349dfa79bfdeb8d0de0285c7d2cd459c;;;;;;
7f7a6fc18dea34f6e535c954f528c346;;;;;;
1e976c449e0e7f44cddab6fb926f98b3;;;;;;
9c90f1b251fb8812d14079d63aac2a09;;;;;;
25d36be2d8d982461a94724517dc3daa;;;;;;
a2d898913e9656cdd71cc06634be714d;;;;;;
6f299447c6a975bf42b30523598b9e48;;;;;;
07c8bbddf171243edaef257f0698d4fc;;;;;;
a3e1deff8af9277b9ce8607556bb4aab;;;;;;
d6fe14fb2439d2fe6d4280a7219178de;;;;;;
fcee3a9bca2f57c946e5a0ca63ceb34e;;;;;;
7b7b6487d7472582c3b282ee5e211952;;;;;;
261f151ee62b5d41f09dc62c7701d63a;;;;;;
95e6e034956234d712cfedd1ed9b275d;;;;;;
2a8d18e255d65ca8bb209488befe5607;;;;;;
3a549f70cc3b8aa787c43ad5c3facb7a;;;;;;
f280eddea94529d2df6855fec1ca8a92;;;;;;
63095793b0cc595484664814a568edf4;;;;;;
74e36c56cb4bed2d15214cd73286ffd6;;;;;;
88b2ccce3eda3c26011dd5188993447b;;;;;;
198dc70b601d283f64e7d85a895684fb;;;;;;
2a43b1c0df302e5d4ce93061c36b7461;;;;;;
cbcb214bf31293de6d71993beb9b2deb;;;;;;
dc1fc2d4d2b04a7e28cb6071b3e75b45;;;;;;
f3154573bbe7fcdc2cec96428867a444;;;;;;
07f1fdf9e463ace8420e107b41897a45;;;;;;
ac0ac7e21f2557328e1260524572463a;;;;;;
d4dc3aa3906e5afe03c388b9b1d74e74;;;;;;
3591f192b64a58dab9c5f4b94320f791;;;;;;
6394a7e627f2dc595954b52599a2fd56;;;;;;
151094ebf90a86d6e4c47546270bb16b;;;;;;
257c2374d939b29a1243f57c6c1fc0be;;;;;;
d97d7c3b2dd8aee84fd49768d548c50d;;;;;;
303633ceb419eb406d748f65319b5494;;;;;;
17e0e737715136973a8dd38d3be4081e;;;;;;
25bd7d2251d2b0b300bb91c6ad192e0c;;;;;;
4dbbc477423910713fd9979db53ff339;;;;;;
ab68d7229ab704791f3ca2a08214bb8b;;;;;;
28bc0f645b13f86d3afc63f63d85bd44;;;;;;
c86d05d5a19acafacc6a9810922dfef0;;;;;;
83c4e3ea2c33fe65b22f028756abb0bf;;;;;;
97095a501e0e509a6dcf8beb819ff705;;;;;;
98ac362f759e548d8c17771a65e2b3ad;;;;;;
c31de9634412a0d9d064e91c9881579c;;;;;;
4ce75b596bc3cbbfaa528116e9608ae6;;;;;;
cde3d8555262b485c0b6ad1d53f157c4;;;;;;
7e1bf713160de8a9351ff997e50e98e2;;;;;;
ec4853dfa8ae1439b52ded1fcd56ccb1;;;;;;
e88ff4cc34e7a001e3a4cc7d7ce0d4d4;;;;;;
15b2ef7eaffcacb09a717dd0b41271ec;;;;;;
d5a89eafa33cf362c999c7e0ae00e2f0;;;;;;
d22ac901a66bb947167b08e5c955b517;;;;;;
0f428f3fdf89acef70c25c531dc02cbc;;;;;;
9f17fc24354ddcdf25535ff19f12f0d0;;;;;;
1d400c0efb2cf85468e329bbf104194e;;;;;;
281bb97d62c4cb40f4ab8faac308c384;;;;;;
b871044b81eecd2e5331349df64b0a9f;;;;;;
3bba9224027cb6fc5ce654fcdb94b0c1;;;;;;
0efee6e03a522ca797e0b22f130be299;;;;;;
5ea402b1afa1f5362e59f01bdfd5384c;;;;;;
89e15f1e7892e41693cb6f42a4ba4774;;;;;;
e4ed40a1c16e4e094ca80e18d13f5d1b;;;;;;
39961896449caf14a8759e32541f94cf;;;;;;
a9b7a9f1af26a588d9627c5cbc071a8c;;;;;;
72aa2c9a79ff3b5ba838b91fdbf11503;;;;;;
7418cd118e3644c3a3072ea0d049f181;;;;;;
9b3e609fd44989867554d53bc6e0d1b7;;;;;;
22d59515b54b42481090193152d8bdb9;;;;;;
5956799fb6fe08d5c42d04412590971e;;;;;;
d146d8142b27177e5ddc10cdb5144547;;;;;;
429eeb77060c621a267034610f499b85;;;;;;
6b3eb548d2d0c78230bd88e9dfd34c17;;;;;;
ecab5c571a0ada8f42cd403ae337b15d;;;;;;
364b1561efdcfd4303a570118109cca5;;;;;;
aeab37252863dcf167ca9558098f1847;;;;;;
f60ab9f7edf0ad5e885cffa79f6ccb09;;;;;;
f281e1dfcba7d1f22953a35e533dc414;;;;;;
e989bcc10f69b178a1b9e63f80c01e7e;;;;;;
5488c43837c0d4c18a6040d6e86f4037;;;;;;
6fca6411b8bea06e6cdeb295f7d23e8a;;;;;;
6434610fa96cca51bbed39a1ed2badbe;;;;;;
5e9b676e6bceeffb081be19412ea2608;;;;;;
71e6506d677c38b6ad107a7b059f6f0a;;;;;;
ca48be97d1921d850f76cb42e35fce89;;;;;;
dfd4b6deb8412a2f7c9f6744b6fb1490;;;;;;
712afccd207fe20f0a20480185d6372b;;;;;;
66ebb4924c228cfb17e0dd12f663a0fa;;;;;;
886b0da3d59a0bc0746f065e7bf32a20;;;;;;
df710d5b8f82aa5e951d143772cdc1d2;;;;;;
f5fc6231469a7cd3fd17fb876df7a569;;;;;;
8c6ba21a4b89e99bb43a57cac662d0f6;;;;;;
cc90508800c54fa269ffaa31918a9e67;;;;;;
e04b13652f4afd30478e73879c803a9c;;;;;;
bc24decdc4eaf951e63410815c47ab42;;;;;;
f97b8ae4a350617910ad6192e4740dbc;;;;;;
5af5b2d9dba8166b0716914992d1f0d4;;;;;;
87b0eb7d2715a0813db22ec149a5b318;;;;;;
8580b26d75572b354182b19bfe8df47d;;;;;;
8a95d4094387c940855ff532e4c5a468;;;;;;
86a0414b8f341739c16fcad3982246ff;;;;;;
fe905753f46ae231a923f61851b59a4a;;;;;;
94e7be631c216c3c7537c20cc335b5f1;;;;;;
2e1cf19a28cd6524a11b98e8a46152b9;;;;;;
5803f710ce51bbe5ac1edc3184a3e5bb;;;;;;
c88cfb157f95dca4bfa87215e658343b;;;;;;
062be30a60f6ae4586ee4813250d6207;;;;;;
0e7a968b710bf75a1cd783f37931d225;;;;;;
e6bc2b0afdf3f43fcccf60b77fe96cac;;;;;;
8e7afcd70e0a1eafbaa1087c6522453f;;;;;;
d3ba001ef830260873214233a48cc784;;;;;;
e059dfb1e43fed57e6af60818bd4e00a;;;;;;
46dcac07c9de7be941c37addd80b4b3c;;;;;;
824ee85dfd85d6bb54d3c0a3c372b1cd;;;;;;
a843c863135a25cafad7ac2c18692ac5;;;;;;
72fc5c36b4b712590ed2e17c09ea9f1a;;;;;;
953e934f687703e74385e7f5e4f62c7f;;;;;;
c6b233d390597a3f18b38ffb810ac774;;;;;;
df054b8188f49a0d2ed0c489f28bd282;;;;;;
42246dc652c6cc201d5fb8c8492526b7;;;;;;
5e1cc3fb3d2b9a00292744b116929768;;;;;;
6392f91bc5c77b5ca8fe12a64c7c6c63;;;;;;
67b45a76201be4408c349e28af505bf9;;;;;;
846e35efcfdeb747e28d59ca906fabc2;;;;;;
8b513f0a891feafbe7cb657728fffcca;;;;;;
c87e8c6018c6df0377fa5f3cee760d85;;;;;;
3392aa79179c28da107524fda278fa42;;;;;;
6e9941ed33cc2fd525d6b61b554502f2;;;;;;
c853767b4c74b80c8d70d907b27a2f9d;;;;;;
9349de92dd8b5d4d445d09c9d240fae3;;;;;;
defa4336b00c4e22361825909d711b98;;;;;;
ca996c9f5517eceab1e48241687ea333;;;;;;
869d0df633748c933948f4880be6b1cf;;;;;;
3674369e85734ee0493407eb793bc088;;;;;;
00cfb9f01e7f2749a4852407c4f10d09;;;;;;
44be57dfcf9c01904cc0acf94658a050;;;;;;
387e10db3020419ca7d7975514e19403;;;;;;
6fb1be39d8a41e608d7907eb78174cca;;;;;;
26b611af959d12f4285251cc92918d59;;;;;;
f9b36c6a80e8f16279d04c09c07316d9;;;;;;
9ca0c2a0a5a4f5ace6310c8717fee6a1;;;;;;
7d0c0586bf37b9f648c3710866117e6d;;;;;;
3d46fe8a0f6197e086f006680a77f6ce;;;;;;
206341f74008d1559a9fc0b65270a44f;;;;;;
278ee23cce2c345df5d9a4029dd43d78;;;;;;
4929a28ba6b6106760cf9e3d6440648a;;;;;;
2966e41693401ce2675da6f353d8a51f;;;;;;
4224332be9a1ed604952f40a7d78f1ba;;;;;;
208a43b7691bc341f3e8491ff750d432;;;;;;
dd53ef3663378bbcbab4ed9d39155b90;;;;;;
28057f206947125b2531b37cc3ad76f0;;;;;;
e8d3da416b6761823ebea33af1bdc44f;;;;;;
aeb308415eeb2190b855acba2d9b826a;;;;;;
1ff2766b8e9051e66e720ded6c0161b3;;;;;;
84b1a40fe84b4c61274e2b5b5cc7e14d;;;;;;
4e26bfb00e4b0952591328db95f4bca5;;;;;;
eddf233cba59e84008e066b3bce653ea;;;;;;
a446a2d1410176f87cdfef0dd705410e;;;;;;
de08235ec71cf4764c68d21e8fbda19b;;;;;;
0c341c910ec7dbfdcec47ef8fa374a61;;;;;;
a9b0f5605a118e55b363d505766c8867;;;;;;
5d0643a4fd34b2267f7843ac135d104a;;;;;;
7b13789c2c2205537596f702c5d522a1;;;;;;
86aace4a86b18b467c75c8cdc86ff105;;;;;;
a31a90c1860c7f5d2c4b9458055d29bd;;;;;;
3849c157b66a580d4f88a9d910ac14ff;;;;;;
2717ed754a0b2e9f62bbe896b962764e;;;;;;
241a7c25a207b5f696652e1f8c124630;;;;;;
ea532c504604c7ac68186f6ab2d0ddad;;;;;;
325a853fb2f6d8a61d6b2dfbdcb45f0c;;;;;;
1b31a87bb425c4f4ecfc748af344e043;;;;;;
2af55d8aa9a803c39702a108a1bd9cd8;;;;;;
c832783f5620977b7025f1c8b40f0c77;;;;;;
318bdb08461fb2b72e1dbb37cb62e7ec;;;;;;
ba57ebde70a1f3924759aeb3ce8b5d59;;;;;;
57c658c549433d910d4339410194b927;;;;;;
757633d371f85578b889e5cfbe78d0f8;;;;;;
34a08c158003a3714bb9d38284d4d9d6;;;;;;
e28f79b8c963e6f05de583b73e4b7723;;;;;;
701ebce81646e7ceb8e07e050abc8fb0;;;;;;
fd7526608513471dd014ba3880c98f8d;;;;;;
6fa02a93b8975132e5891ee19c7b3e0a;;;;;;
952b8dc960737573faba3e323ea46881;;;;;;
528f24e07d3dc206883c1e24ea0f88e6;;;;;;
40e53ab6f26701bbf1e74552339e5ca9;;;;;;
62fbca3ca6bd60fa07dc9f5d3da395f2;;;;;;
9e4cf93bb6a1e94a07a4125c4ba82c29;;;;;;
37c0edca11dedfb664d1798916129fd1;;;;;;
d0029eeff6698049d19dd13eb4884a1a;;;;;;
405deb620ffab0852d241af76222fc1b;;;;;;
250c1ed70dab2052e73650cc91aeaec3;;;;;;
dd74684c2561c8c7f171f267bfcf4d4b;;;;;;
9dfbb710571f0c89a86fb96a22d946dd;;;;;;
f18e058961ddff6351497705efee7ce8;;;;;;
ce79f2c6a879bcdb9e4777c7c5f22efe;;;;;;
9c3876f82662682ef48cf710d0335e5b;;;;;;
369521da151ecc53077a3645d30bf21a;;;;;;
9254283d4ed87357527f149fbacd39c5;;;;;;
b8b22486865dd2e2d8060bbba30e1a60;;;;;;
bb99a51eb420ba9423c994554022d3f7;;;;;;
3ae310efaa3239398c295a6786b68111;;;;;;
ec80610c05758fa86ff4e5ee1a382b35;;;;;;
2cf1c544ceb5ae66802b5571ad6b63dc;;;;;;
a0e2d2218bef87c64d6066fc33d545a1;;;;;;
65c33f7b1d3a72d1e8ae949bd6edc7b5;;;;;;
a8312a6841ffa68682a455749800f7bd;;;;;;
8adbe4949f60a61518a7ba48470bc76f;;;;;;
c1d6e0a7da3cc1091f40206349cc0b03;;;;;;
1301b816dceaaa15c59e82638f2fe7b4;;;;;;
1a14ce284fb4ef06a6100e3cb0998f4e;;;;;;
f699d0b09d508806bc9b782d9e14d6ae;;;;;;
d82e7c5a21546fa15962b10b1cee0d97;;;;;;
078897c6c2d69db6331e6e7678e2876f;;;;;;
3ac5f45b291c8746b4cabf3eedeb56ba;;;;;;
f431f04d6017ad34c45986b388157817;;;;;;
e584e93395570857e9cfdfc76a6712ab;;;;;;
3c349e0119403d166cbfb94766f12ae2;;;;;;
7c6a06c45f899577de61dbc6eba8e573;;;;;;
1a437ae7e06819f2b8e203f8d5387084;;;;;;
02f359d9af238ef3223288a2ad5a75f1;;;;;;
a5bc975fa885318486a1be0dc2d9bee7;;;;;;
673fdf0fbc8f2f8dd5ed131f176141b6;;;;;;
d18d778d3e6e19f2d90363aad9563e3f;;;;;;
67c5bbcf932d050f6538f16ce13fb249;;;;;;
1858fdbb9f3f1614edab1f255f712a96;;;;;;
913f6af607fda5cd2496786e9f92e44e;;;;;;
ac9d83dffc66dcef7a290591a5dffc15;;;;;;
e86b27c1a529fbfb7a5780aad37b0860;;;;;;
b37cc007b402609bf450d7ae6456e91f;;;;;;
fec5274d4dd187563109d59ddcf74297;;;;;;
5d97616f70202fa842566654c352692d;;;;;;
1504615700a5b6a9a672991c03280566;;;;;;
8e8eb2fe6c6f828c029ab2c15a31a2a3;;;;;;
0e433272b26ae212495d07d778b93325;;;;;;
61996b1bdbe3f0fb0150a8cee8c58b9b;;;;;;
fa2b46b69479444aa334f59cc37ac08b;;;;;;
f846e3202650e683239259b6d03f1493;;;;;;
c05fd647485c3636de4271713e01db98;;;;;;
454ed7e5ccab75787401bd9e1eb09667;;;;;;
750cf820092fb42731098f4e3a474e3c;;;;;;
21a5cf5de2c0e5d3933cc16bd50dadb2;;;;;;
3b950afe4d3777e514633a2a7f0cd3f7;;;;;;
c100d9550ecd530ebd85d37a06d426de;;;;;;
a93faf28749138340eac470042cd9b54;;;;;;
23e643ef3a159e731c097b407ba68ff1;;;;;;
98658ff19e9a2d345c47100f7a9e2ac9;;;;;;
04b36208a87d378c0e630bcfdb772bb8;;;;;;
e4605f1e2e643c872932391d05b45079;;;;;;
5bc14925c823f1bdb4c492b6b81bce3a;;;;;;
e86d371a6b14cc36dccfee6f3ee893b5;;;;;;
dd8edbf274529efaa421f35dd837db91;;;;;;
a588f6cd47b42dc6ceeb910824130aa7;;;;;;
314b45e4d93317cf30cf9826cb6fa826;;;;;;
68d9665c1705817aea99ed31a3a09a69;;;;;;
725c47604641484daa1fc47164ebdb3e;;;;;;
c601fcf87118d05d6c185992ed32e41e;;;;;;
8a845a8d5acc1815f93fbc2e019f27c9;;;;;;
f4481fd28dc0134ca318f3cbe9b6d33a;;;;;;
076dd88b84337ffd975fac309df805c2;;;;;;
783e7aed0f9e320bc6c5b142a9affa78;;;;;;
b161eefee733ac31fa173b797caa7fbf;;;;;;
c5193dd6ec6c6edfe8f3688721828245;;;;;;
3d6b3dce029fea4ab4943e07a3f6cf78;;;;;;
4bb79222ae5dba23f312e066d256c1eb;;;;;;
6e453c883627d1fde12fa4b02807a90d;;;;;;
11abc1d7dcfadfca2a45b2e2527907bb;;;;;;
2b8a2b58ad2c39045eaaa78680d6ce8e;;;;;;
f81e11ae070697bb74b8ec50b5d3af8c;;;;;;
d0483384d810fb70bf579df907cc8d59;;;;;;
3b93c44e8f00e2c123e0c2c86e0c6c82;;;;;;
cf64731f1a6c2116a506cb982343d52f;;;;;;
06e007dcc6ef425ceb84ecbfe68a3a86;;;;;;
a4c002b74f459101ad07580266accf6f;;;;;;
379b1a69d3adf0d97d27b9501cfc4914;;;;;;
2c6af46961f8c1e432f95941a6578bae;;;;;;
92a22792f9d22a19dbbe7ac1e79dde48;;;;;;
3f26dce626de4afecd3b582a67fbb3ff;;;;;;
12d847d3f1d4460376d30021f6e60296;;;;;;
b5e0fbb1a954610a970040a1f6f63494;;;;;;
1ed9d0b01e7a6f36282be35b9ccd047e;;;;;;
07caed0f80c521fed2339d65400b0847;;;;;;
3e4b4b52db258fdeab4df328a6503890;;;;;;
b46e3bacf43c3e5276c7fb4c2b9d090f;;;;;;
e157e96813959b532bcd4ee7ff9183f4;;;;;;
dc016ae376e23e68ac82b0dca53d265f;;;;;;
a3929620c334b874ebe416e41894e004;;;;;;
5f9acc040e821f6f7994bbe48341ab53;;;;;;
c47f7cc28671cf208a93a8769e1a4a0d;;;;;;
c546d66bb4bec0a61f02c2afbc9e3c4e;;;;;;
29340f46c2f20ddcbfeda5d340dbac7b;;;;;;
31d86b6843c1a00bb232a8aceb09fc96;;;;;;
e0ca5e0ee465523bb5351dbcb4cd320c;;;;;;
222b720019562a08ea429c4f158ea323;;;;;;
aa9621851a1114a6b288cca590de91ad;;;;;;
6c9fd1b6c74487a57ed3a32e7b0cc1ac;;;;;;
a1bf94b45e3466c8c21214e0bd10147e;;;;;;
47e207e76ce474a47a09b59fdba46251;;;;;;
9b813fafa1adc52b4b515e8093d49b99;;;;;;
e3938abcd8b6b823554ee631d4ebf86a;;;;;;
b658e646ad9d5934409213c5a89ebf41;;;;;;
326a83547cc0bb5cb043909cc8d1565d;;;;;;
1afce9e465065c175d6b6d8562cf0f91;;;;;;
1ebf020d212a370f92799ac82c190685;;;;;;
a4811a47b449368b3e1dc631a523e86d;;;;;;
d7e9e1d4eee372db9c442d3491674914;;;;;;
3bdaedd71a34cfec8aebd234d5ba9de3;;;;;;
4ae13f14b81d435851df0ce0b8514f1b;;;;;;
62913cc3127f2a7b53deb8f478de98e5;;;;;;
8a2325048e77f798ebeeda1c719f56b1;;;;;;
dc60adb5b661b41e2379bdc6f0b4dddd;;;;;;
f1650d474ecc6ad0a198af10fcc7da01;;;;;;
5da01c680fc89d6956d48764d0d276e8;;;;;;
402da14859ddee99a3d081a855f7070b;;;;;;
d5f0bb58fde9d637a44d4c236d875ebc;;;;;;
207e6047ccf7162b77c5269af736f713;;;;;;
7f72a2306894a2ba6326f845e0aff398;;;;;;
b14e3135c9f66d85a16a8db67ee05119;;;;;;
76d8c38c5511d83394192b98242c68ab;;;;;;
1d65825362fb96ac8b8ca5db779d8420;;;;;;
8bc1421c0be89ca76a12274a1a2fd775;;;;;;
31ba46b2da83018906f3a7a7542ba966;;;;;;
bdcc7bdceb40da305eba68525c15131a;;;;;;
1a6b019776dbeef0363cbc29787375d3;;;;;;
382406b1def4dd150b17e23a03d06826;;;;;;
8c17c5cab844b7dae55599d5c8be5841;;;;;;
f3d84b91c8a8b5c5bfb31bc737dbb799;;;;;;
ef82a14ce7c61f97f1bbeab65186061f;;;;;;
09c0e4009de8289b02510bad976d9056;;;;;;
e51508ecaf59d8eefdec3e416fc4dce1;;;;;;
4973cb7ef85cb7eba53fd804008818a2;;;;;;
0f694dc084bed9b5d77eea3eee22608e;;;;;;
abb7ae1b215d594791f7958e2cd36cc3;;;;;;
67534b6b6e1c55e2b11c431fa5b8925f;;;;;;
bea1f4995a086f11e976627d3cea84ea;;;;;;
9f1d3e4934ca29e956a19b1e418b040f;;;;;;
393b64b7c84fb6f9a14f66afd9535128;;;;;;
bb9b595c12f7d614455ac80beb89f42a;;;;;;
4d4dd034d23cd64802b14ebacf101aba;;;;;;
74e9f7f3c5556f44159d697d75fdf88c;;;;;;
2ddf9f58f1ac08d0ead642413ca32066;;;;;;
f9716c9fa5b1648d525703e50d5d5f0a;;;;;;
5d30f4a388f38a20a801aa55cd4750ba;;;;;;
8846455acdeafd4f63e09b7aa20193cc;;;;;;
25580e033b266b13820e4a6a247b27df;;;;;;
a520be3d5680ff397fa47367446d776d;;;;;;
0c739a5686c7fdcc126d315ebd58fcb6;;;;;;
63f34d4ce9a1483070fafe06e1537761;;;;;;
10aecda3086085db824861cd9bf8b8f3;;;;;;
77718359f07f2acb421a45504b29ab83;;;;;;
3e550688b7840a7f081256f75c24a2fb;;;;;;
18335ede57e3c4b68c2dbe50e9832c32;;;;;;
a665e36f516edf95cf3e55a3e2ccc39f;;;;;;
91558306e83a4f8d8484ad703d6414c3;;;;;;
fb714d8dc44e6c153db2b3f4ae5db734;;;;;;
5044c4a0f0627b522b2f40ec45689675;;;;;;
1afca940f0d433805ac00f1859703abf;;;;;;
d8a6c32f0a16feb81f0d4de88f6a65f0;;;;;;
1b8b3ca57124dce796cca307d284f977;;;;;;
b8ac196363d0d0957de416e46dd6907a;;;;;;
a5ade93d4358c15026aa7965181fc63a;;;;;;
d331c49cd4d831ea948fe4abc23fe045;;;;;;
892090ff2c813247eb956759774ee294;;;;;;
9f41006cbe4b0aaf4478e42cab9d102a;;;;;;
77c5d6fd6c4c2511759b7c0150ecdbf6;;;;;;
1715b309549a2902387decd30e5c5447;;;;;;
bb672fc26f50bea9c450886155cc37c6;;;;;;
d19a7bd1474f76e3e7746158d33ebdc9;;;;;;
0ee634ee8f82c010eca1a467d0710082;;;;;;
770c8f6dc03323c2ede48edb019c4e25;;;;;;
aecd495568e820de82d350787488d989;;;;;;
510cbf3804b457b930db3ed8850bb4c5;;;;;;
9c0099f7903084d31d4064a1eb39d7ab;;;;;;
4d39d093dbd15cbf26a2a3b53f40d15c;;;;;;
fdc25cbc92f49ae7439a3cbdefb04986;;;;;;
604d22e44f1f0235e63c863c6eb31dad;;;;;;
089eeae871525d40cc2ecff4718eab19;;;;;;
b60193c10825d535f72adddad3ff6bf6;;;;;;
7a9292ca51ac5f6f68efe4a26bfd4269;;;;;;
e9253bd2d061b26027f2ba99d939b2bc;;;;;;
aa0d4bc820e804fe3f7fecfa181e7467;;;;;;
ea2b1167ac78e11d6308cc3b4852c867;;;;;;
35dd3fcd6587ccc0eadbaf702b315192;;;;;;
e40570627b13064410eb49c1f1273af5;;;;;;
8e2dfce5960ac48b395650b09d92d4f7;;;;;;
6027b15989f07ae274a031272c9f3e4e;;;;;;
ad713b84ded1ca3876571e39f686a434;;;;;;
620841967baf1dc4bfad313160a32e28;;;;;;
dfefb04714f0d6542a20f4566ff23c7a;;;;;;
4b82c019283f1dca2434a17ddd5f8635;;;;;;
c0b29a2d62248dbcb50006c16af31633;;;;;;
c284e0bdb4439df6dfeb218da61831d5;;;;;;
59feb4f9ef4c45550e20e5f7b1387075;;;;;;
b9ed2293df945e714896036f3f0b0fe9;;;;;;
27613a773c87db39711d0458bdbcbe30;;;;;;
c6f54e29000753435f27f54de83af336;;;;;;
51875b41b8e48529347212a2f44259ff;;;;;;
643889230b127821f1f73bc42fb2154f;;;;;;
c15109c44de0ad33e98df3f35a7fab7b;;;;;;
cda605148ec77644c02dda57a38b41a9;;;;;;
6035591ae11d44ffcd3e2fb0052fa84b;;;;;;
52bd4a47c30726847d9fc6b46a786310;;;;;;
2abe6472242ca3754a0694e5b817befc;;;;;;
c6d30d2704a35553796eac6b9567e917;;;;;;
53d642d9df61c554a8adce0726217859;;;;;;
8fc6744d099d6d88a917458caf3fe99a;;;;;;
36c9a515ceb13c1f8156e58bf3d5d960;;;;;;
7962eee684135c8293e2632292eac8a1;;;;;;
e66796866658c3dc94ecc73b9e1003ba;;;;;;
f5e909be23cad261dcb6418e40e916f1;;;;;;
d424b73ba4de54e9bc5a7c33b4c447de;;;;;;
c07e5b7b956104bd075739d7073d8fc3;;;;;;
326497f1da4589a87773c97efd1d73a2;;;;;;
4fad934ec30cd225d97adfec03572492;;;;;;
3402913ecebdc5d6b3b8dce0268bda4b;;;;;;
fe92c17013e23884f7f53710b6d75c23;;;;;;
a1e72c8010835c9f8be8c8388db66aef;;;;;;
af4e8f9cc084dfd9c6aacf099f0e04f1;;;;;;
f12c596c176a3c5229b12a48075e5706;;;;;;
0d4ca24c1ffa53b04a573e7761278e5c;;;;;;
ea06711fa5fd2ab5b98ec916577d81ae;;;;;;
d077685131a5c49108db8bfc41428244;;;;;;
70d565c3d64a09856331db191919888d;;;;;;
3caac8b8788c5b835eec2276f24aa1b8;;;;;;
ed7f35653142c207a86157a4a1ec5b3e;;;;;;
87fb81a67f0fb8bbae6d8b8fec1ee683;;;;;;
0c23f79dc8009b5b4e7bd7a3e332f98d;;;;;;
116d63868be0b64401ca9902108c4584;;;;;;
0c7bee80ab7aaec5b9f82ddc46ee8ce4;;;;;;
c244f615a92b7a4915fff7155ff16710;;;;;;
425750ee4c18870cf23ab4f7ee700397;;;;;;
c1ec848afa2e11806b28671390d6fafa;;;;;;
84625744c6948b94c884ad145cdf7dee;;;;;;
c98f0689229b74c46a854ffb421a0a8e;;;;;;
1f97b28f9252a42ae9ed7d325225f446;;;;;;
2f333a6167c977774187bda72cce6ee7;;;;;;
f82dc7908e8d98528410f04eda95892c;;;;;;
d3356ec2cdb1f02b527fb4e792d16e52;;;;;;
c2bee008422725e45b08791cf4863cba;;;;;;
b8fe28b92bf52208f2d66bb61ac32802;;;;;;
8ded8e7c30ff464874c7551d7768defc;;;;;;
032ebe916a6920478ded482e4044082a;;;;;;
c11d8670e2bf7842744b5b39ab7f6efa;;;;;;
c1c8e6348661ab34f5c8117ff8dce54d;;;;;;
1f1e17ca73f789bf44ce5e2d8b6e2308;;;;;;
602e247397e416207678bf926b765c7d;;;;;;
deb935bb5666dd26499e29d68d71233e;;;;;;
c23f81324543b1e95c8bcb44786129be;;;;;;
d6c3e13c939d04ec3824b7c335060364;;;;;;
1a9f2af98f60128f7018d801dcb30bad;;;;;;
9fae86533e8b32860f051e77479e9477;;;;;;
bef8360ecf10d2f0bc224c6435cb7c7e;;;;;;
025b1ec0c97c36f3826e6036c4428d63;;;;;;
bcc344bfbbec1aca2b12c0d23d062d0d;;;;;;
66c3410b14c6c776ed2b5efd5fb6d057;;;;;;
6ff1cba8533cc0473d66f278a9b50d9f;;;;;;
daaf0fb3d18b13ec3760c8d7f0f4c06f;;;;;;
ef02ff0387a60a9257580d2dbd380984;;;;;;
b2c6821e12e74781eb1d89668a294b07;;;;;;
303f3ead79e99521218d6a216a8afc49;;;;;;
2c9febe3a8e510e0ebe6914ee17700d0;;;;;;
4e61f8f148a4acd1238f9bef0425d539;;;;;;
b0af90de8067dcc15b1e5f954c1a7ac9;;;;;;
24199b82cd861b6c48b04dfce06c54a7;;;;;;
4d895b764f05f16327457d3e2e6f467f;;;;;;
a6159a543094a5473a980d89ec57b246;;;;;;
6381db8748a3d6d24d0b414a4b1900af;;;;;;
a6f54cd0f02ce2529719fa39d73a9b76;;;;;;
dd104c5fe8a1add8297a7bd750252428;;;;;;
6f1b8c14849d498b34ed3ff820aacec4;;;;;;
cead149a193b1c28fa4e0b554d2f295f;;;;;;
d27a124c0f86cf7ea9ebe23b6d93b771;;;;;;
a4bdb970c7740b253629fabf8363234c;;;;;;
da74280ab6ad504102df726a2735aa03;;;;;;
95eae7a2b05f593ccc1f4a9eac05d8b8;;;;;;
64018d565243dbde37f37a7942ffa59a;;;;;;
00f208dd23d908912648d540a5c1f0aa;;;;;;
fc9750e46c91120abe7bb0a594f82bc4;;;;;;
0fbd5cd87cde1abe28227e9108ea5e1b;;;;;;
d54b545e4390b947815360d4de3412f7;;;;;;
b4c8a15779eb6dde3718d60a75e988c6;;;;;;
8e8fc2f42da2f336f484e7d97eac978d;;;;;;
800a2cdaf51ea06b9464fd8064d2d895;;;;;;
f211ef81c30879d80b5a2db3905c0970;;;;;;
5a826959fde15d417e5d8e2d60f7451e;;;;;;
e83b45d044306d77f0936c75ca70ca52;;;;;;
16358db4735eaf0ba9f935e590056cc2;;;;;;
0de88db2b5eabe6738cd66b3c1169f16;;;;;;
33629a5c2863e572b772287f2954d93d;;;;;;
89ecd063e1bb668eefb037f0678fbe28;;;;;;
b7c1cadfc0620e417d09811711556c80;;;;;;
ecf1c94ac6fc4d2ea391c39e70057e44;;;;;;
c9d707940895f87ffa445388cc1141d3;;;;;;
9d94ca56ed23b7b44204a4ae9f85cf0c;;;;;;
68def98ef53b59029e91023bd7e0b248;;;;;;
7ba847757242c755ded1bb4dc2c42598;;;;;;
34ace53d218176ee577a23bb39386f0b;;;;;;
3358c35bf64be5ad08291d503509dced;;;;;;
e9db8dc81175c2b71eee9121cbc2ddef;;;;;;
f07f1322006738c109cb0d4c8971258c;;;;;;
eb5430d9d055524db7e8540a37401c49;;;;;;
bde0dcc48f0542ced39dd16526817489;;;;;;
1e0d2ecadee1363641ed0829e5b1da0c;;;;;;
82a760a556a0f1610860f7125ccf43ce;;;;;;
e1bf23bf62a71533d696c372eab86296;;;;;;
2873f7f523184aa143571ef8c3242287;;;;;;
d626a4374bfadd81bce2c95c4563150c;;;;;;
2c0c90948d74114803edf96156e3f582;;;;;;
6e4319e71feb500196862215e131a0a9;;;;;;
399d371c2c36d87625f0482066d7c91c;;;;;;
c12803d8b98084b3ea8a517b562952b1;;;;;;
950d3bca2dc418eedcb041cf70c70d8d;;;;;;
e5ec2f7d42f00f2240c5b081a8e2f820;;;;;;
d63cc6578a13351cc5ba70547dc623aa;;;;;;
d1cb78ec0017b57f807a16e60d195a2e;;;;;;
a391d6cfff9f18154c82f52e39dd298e;;;;;;
43b2d1098e8bd4e17ced2592f017855f;;;;;;
142e25dad3b9526094b142e549370eb8;;;;;;
cb5767fe5808d7c431fc12d0cfe23e06;;;;;;
c27fbad0356e691233c7b243014b68c9;;;;;;
154f8b44068433678c1fe4c19bc1c438;;;;;;
e3975cc989199e0a9b7f818bd033a83f;;;;;;
b26491abbccb6d4aaea8ae65a5fc99f4;;;;;;
38cfaca7ed2cee9169bea2aec6ce371e;;;;;;
c318b1c5eb3a40821cd4bd1c173b702e;;;;;;
2bd8d2fec952394326423ba622ac5ec1;;;;;;
00fa33e64d10d56f8189d79686688e34;;;;;;
7128941076d78f55fc4562a26d38e727;;;;;;
be8fcba4a5b3f60f0bb86741ef16e6cf;;;;;;
27e7c3d4e2c0fad4cc339516087a1a8e;;;;;;
4bf342d08c06b555edff377776852918;;;;;;
2f0274b9c1bf6ad11e3daa4566cd8911;;;;;;
dc1ba66805ee22f3cc29ec9bfef9e197;;;;;;
dd4bfffdb14899032a423e73853204e7;;;;;;
18f5c99b7ebf43835890f93994cab4d8;;;;;;
0bd4faab9fd7f8b7d059fa75acb7ba2e;;;;;;
2bd207d1af1d96d125020ce487968f41;;;;;;
010d41c15cbf40dc6721333093e25c43;;;;;;
39f05c45c74119814572476446061e81;;;;;;
586bd5323f105a871ea067f7066ad79a;;;;;;
9fd6067eba4015e1d9ae42b2a9d08f37;;;;;;
8fceb3e426d167d4317395bd14086686;;;;;;
9aabf1a87584199f142069aa022efa57;;;;;;
528f7dbd370f2be0ebd2eee35d757814;;;;;;
3d4fada8424f969ae42bc7bbf10fec2a;;;;;;
37c75e42692c35c23f6de7cba4924dd4;;;;;;
f0e9ccb518269cf86f4c0cfe48e01f19;;;;;;
1ed92c2080fd05152605477e1c178aea;;;;;;
4a775140aba4f34c131f604b0f9d8856;;;;;;
8bdf7e87d9e1a3f1f98075919aae0b26;;;;;;
9d5c0bc620bed006dd254dfe396026c4;;;;;;
1c6f5d5fab957a0a680f9d3204c605d8;;;;;;
6ba27effe7d8cc39b6e2c746c9002b42;;;;;;
2a3a1d0045a712cfd27f93db749dd68a;;;;;;
931741e8b436c83d6a94fa1f8115e75c;;;;;;
5c51c6f361edf9be09bffdd7c0d65036;;;;;;
2b00097d6096347c615d0026d6e0eec5;;;;;;
cfb1f225bde8858cf15aa0addd831c25;;;;;;
58fbed91a5f15e179d31e00428afa030;;;;;;
2487d848fa08fa10eae294ab5afec667;;;;;;
88c6bb7dc0e98b2203ea031785b71a92;;;;;;
3067ac1894f6a1dcfef7a8ac50a34d88;;;;;;
0901bab8d0f917f8cc34fd8f003bafa5;;;;;;
5962c0b93fe755186fc32ea98f32c657;;;;;;
553a6a343698c908cb7ce7951e33e7b8;;;;;;
3fff14ef4f0f4bf57115cb911159dec0;;;;;;
cb5f13048aa1a14cde1077adfae02cb7;;;;;;
2d5cc4e91102e32e2df9538de750059c;;;;;;
190c5f179829b372f65e178cb01e35e8;;;;;;
8a3cfd191f2f7543e1fcd802ac4d675c;;;;;;
74807fd58a31ec31903434424faab48e;;;;;;
d85934d744f57b04bfa5387cdfd26f3c;;;;;;
9e823a33557c794af2549582f448bcb0;;;;;;
f988e0ad77c14516df141e24ec74548b;;;;;;
a367e1e63011a1109420adb95aa0595b;;;;;;
d124d34ab10716b376184716e1967b44;;;;;;
78507c3471ceab7444b011713c61589a;;;;;;
d67a68a91692bdda0f3f4a14b8bb3e82;;;;;;
7b4d3f3aecdd21516f9e4e724246f45e;;;;;;
1b074d07edfdb1888ac76616f64610e5;;;;;;
afec11d5d031fb62fc4c92b058f11957;;;;;;
ddfec36dd8ab5a1c24934d8494a217ca;;;;;;
938053a726dcf8822825b22efbc10167;;;;;;
8b878080c1ff0b5a6423bb088a1b7f3f;;;;;;
39531c5b7796c6a6c1105471993bd89f;;;;;;
bb05960539349f3e8a284dd800892d02;;;;;;
17c98ed0f787fa04b399d83c4cebd85f;;;;;;
75d9ede389d6eb8091e3d66da2e9fc97;;;;;;
2fff517f53056a7565856e5922d2d712;;;;;;
88b8323e94b49ccbd6b8116553ba2154;;;;;;
dae7a12bd0d4f365b681add947c06a6d;;;;;;
c03fe5cecae1363c287bb1035ed22128;;;;;;
7e2c724fa46909b4c33e0139483d2fb8;;;;;;
90556b7181f6a5e5259227d61628de8c;;;;;;
1c1cef9f5628acd2e1ab8af8171c879c;;;;;;
9ab99183d9151c739cdecb7e8b1b1392;;;;;;
1a06199cb961ec9f9e16c4c660ab0e14;;;;;;
271217c30d9be165256d6d2d7acaa190;;;;;;
93d6bbfef6d52c196b1d7fd10a454401;;;;;;
cabde6edc7189f050df3b625d71d5a33;;;;;;
4ab230e316fcb41aad4533d5ea4fba30;;;;;;
29d9e52b38a05638990032ffe130ce41;;;;;;
35fff1c15d46efd75c825665c4f91c27;;;;;;
95cc6151d77d312b754cbe4689cf624a;;;;;;
8acb9158526a5a129a1d487a9916ab10;;;;;;
d5f32b6b5c9380fb8d7fc324b86bf4f7;;;;;;
0ecc8bab0a9dd97b5602c90b2c6d02ab;;;;;;
7298d915d21699baaaefef1cd6482f67;;;;;;
2dad17194c3a357fb541100dafd20787;;;;;;
348146f066f7d9ffd0864d3300cfedcf;;;;;;
c15b1154c357fbec8d06d65cd014f440;;;;;;
1ca82e361ff4917a21ef8327b36d111b;;;;;;
20928af7437d61d13c765381c207af1c;;;;;;
1559d1a181c3e64cc7dd8e46fcd78d06;;;;;;
b35315a6d2d0e615d5afba30d8577225;;;;;;
7694b2415d708aa52d126d5110f52077;;;;;;
7a5522cfb220b5e3a988c024ce26f00c;;;;;;
5470088d6991cce9a7faef67d775e5f2;;;;;;
530cfe9a507600cef87f2116a92c7282;;;;;;
22c46b06594a2479b32f5e158099394b;;;;;;
daa154f07e264f811f75da5d3b94147d;;;;;;
a80399ea4e38431ecbcbcf220a9eeb95;;;;;;
300d28d4238d135038adf7151f7be8f8;;;;;;
064c094a85b59c14b56c8bc322c19d8b;;;;;;
2f3ad4cfc022f3e0baa00cbe502dce73;;;;;;
3c1f52bb39cb38a8f6debcafaca703ca;;;;;;
a10ff352a5fd7fbffca3419bdef4be3d;;;;;;
95df820a1571e2f03b3c54d7c786bf3f;;;;;;
049e6b662d15477b1e8d98d201936dce;;;;;;
642559b17796bd1cf4717b1faf0bfe1a;;;;;;
a3dd09a16632ada9359d9a8eb940d1fa;;;;;;
90477fe8c5280a044b2c41a7e1c42597;;;;;;
4f6eb4d472ec40040c8943c344909742;;;;;;
0257f4ecf37046c0fe7e3a5aff956ea3;;;;;;
6b7e01acc33276781798d397dea0dbbc;;;;;;
3bc9d30ae067a1c9fb7eba78a0776c4d;;;;;;
c717696daa8a8404d0db3cf5cfaad309;;;;;;
9cd59324874cffbf54e0c9563657c132;;;;;;
2153786bec0b63c29026ca43f702c7a9;;;;;;
a55831846fba0dc2c0dd95b706d77109;;;;;;
0029b684fbfdaad79ec9d3f9a8c08a99;;;;;;
c085618b8dfd63cbc0a8b0be31ef1beb;;;;;;
13f419cecf5cb020e6ddcf14c0c8ff70;;;;;;
9735aee9634dd72f11dc6f9bc7767102;;;;;;
181d14e87853de17e9c6368dddded92e;;;;;;
ebf6750a0b99afafec3910acea360491;;;;;;
49b3c6b4e71a66a2d2bb4b25792a4f42;;;;;;
0a53bcbe1b9d156c90b87c389fc4d355;;;;;;
d073f3b5351ce482917296f65aaedeb3;;;;;;
936e4b31623fc87b9c7993164748a654;;;;;;
0254b9512dd2bd2f7775e59252c90e06;;;;;;
a8db9ca8aa6c651bb1c27a056ad3f08c;;;;;;
78753ca5bcd460deee76f01d40bb549e;;;;;;
f472f96e6c36941dc95b6d0680ea4650;;;;;;
62e893fcbde1b2dd37a03baf0dbf1e2a;;;;;;
02b93ca6ec83a4ca5ab7c8bc5ce35582;;;;;;
63d81a10d8e30a220f98e9299cd658f1;;;;;;
201f28329b56626e3e1add1e593f2a19;;;;;;
547742c5c30bfe9b7f09cd589d096178;;;;;;
3b2900252e8f91aebf4bcfa2c4880703;;;;;;
871fcb907d144906cb12e1e04bdc53db;;;;;;
a3458ba537bb8a33f21bb1555852e5ef;;;;;;
fad1511deb25a5f4d3eb46842011d814;;;;;;
3ed04b45d5189a322b531fe9f6bd9f6b;;;;;;
e256516386766891638fee3f8afca7e1;;;;;;
c7cc5ed41f69cb32026f4312664a06db;;;;;;
daf6bad8ecc2d2931280b1938604678c;;;;;;
3b151ab96ded63463356d277376e62f8;;;;;;
5f4a9b69223e6aa8884b948d1d218612;;;;;;
f78e22b62578c8e3e6f321eb73ce620c;;;;;;
ca9c574e475a30cd75a55e82717677f6;;;;;;
09b6b562a45bf0d76a536d6bd534b8ee;;;;;;
28966fcfdf7f24cbf3a85e1f4b9020c0;;;;;;
90aef00c6d0bd1a6e892fe0ea5197332;;;;;;
d3e8a2c11e8bed38eb5cc4a552e9c627;;;;;;
2c9bfe17bf060bfb700970f6cfb34950;;;;;;
c7eab804e213076cadfa49bc29123277;;;;;;
12d7d2630cebfd0ef845e87f1900e498;;;;;;
aefaea9faaae00eec231319be88169e9;;;;;;
57cec8fca948f9eb4c3cdc1608784968;;;;;;
a817555459c2cd39466b43ca18dc2e3d;;;;;;
aa01e3052f44bcee8a3727b47c827989;;;;;;
28db3372a57012ae13a0fdc8a4b1c684;;;;;;
31538480ca5d2ad1bcdefe89243b4311;;;;;;
d49c4c8bef729e8fa1cb7e7c28c39d81;;;;;;
b09798fe9b9d8ddf1f2e4014ae15001c;;;;;;
8369126b6789894c5bbf85b85a4fda1c;;;;;;
521c82926be107c24835223fbdc594aa;;;;;;
0b883de1fea320c621f984e75eab0c11;;;;;;
573728aef1668b2529749ab3d8a0fac7;;;;;;
60eec594e7896647dada59b5d1fcfef8;;;;;;
e6b4ec35775c7f3642739fd4d25a62c5;;;;;;
62767b3a67c80c98f6c48d291018af0c;;;;;;
5d4f0f518b6728ba2ada4eaaad3fa6eb;;;;;;
58508329e485124e8c1de4c5b70216bf;;;;;;
a74d86c827d2f2a1e90a746247cdde93;;;;;;
971e97c1cbdd33d4bc916430bc3a23a7;;;;;;
9c47ea85439ccc04411b481d919d7c3c;;;;;;
178da75e53bccec1e33bcd2734666a9e;;;;;;
dcdfa00e724af741b4dc66f5b77cbd8a;;;;;;
a3bdd3db7d69fd34e9546d9fc6a3ca0c;;;;;;
fb2f3e5aa5de6227517384065507dc0c;;;;;;
3000b733fdcdd1a47a80e6f4e70bfd47;;;;;;
3134ba7abd30fae2cfcfddb9c4ba6f9e;;;;;;
d4871adf882cbcc3281e2aec8084937f;;;;;;
a76c6de1dec70c16ddd87fd952e631fa;;;;;;
4eb0cb5e8169fc25c64c4c27ebecb177;;;;;;
8a35380907f47997e6d8f5804b550e59;;;;;;
183c88d60b2f3cd5be3ba1d85efeff51;;;;;;
d050ef13fffa677593ae8998aa71da7c;;;;;;
756c349ea479344c448076ff71bbd6bd;;;;;;
6a3ef455943abab9c6a87a464e595c3c;;;;;;
d7a87f934e628ca95ea51dec5f621138;;;;;;
1ce66efe560ca64de235b0fce8c399ff;;;;;;
8413c6567aa3e9f81146b85bfadb4f46;;;;;;
778390250ced2cb28f9ab7804de16cb4;;;;;;
1a0f3dab2f1cf12efebe2894fc5f63a8;;;;;;
f7d3956e8cda7383b1a4884257e144f6;;;;;;
0f62dc619ae3c902bc241107b7bc19b2;;;;;;
19517ef963fed6d367ff1f82dd54d4f8;;;;;;
af68ba3ef84e7e7cc66fca4077ca8bde;;;;;;
d47df29d5b9eebe087ff21daaaea17e8;;;;;;
ff91061c73696bd875383a23a30c6986;;;;;;
d0d89c0669637570a542bb2c9187ea0b;;;;;;
dc9ddd4df8e95817b352d15ca2b763f1;;;;;;
df455c4079c0118a9f4c92c97fc90cbb;;;;;;
74d44c8408397cc87ebb881d680a47c0;;;;;;
961a0caec88d522712a8aa7b462164af;;;;;;
db2a605df2bafdad54e27c15db4e4ab6;;;;;;
f0521e931002a0417f5368070d921c22;;;;;;
6448591064b08dcd0fcca3ae03544998;;;;;;
786f43b98dc4e14532e08032c2465e6d;;;;;;
934abc4a90f0e3dbd11fd18c5e26b36f;;;;;;
598a87e465d8f8c3f497fb158a6832cd;;;;;;
18ba59b17c0d4b4d81a9f8d93cc7f29f;;;;;;
35e9803c50984a98cba412bcd891b766;;;;;;
bee0777059ac3321fcf047f7334d7833;;;;;;
77145187ad9a50d2e41a3e0f482e9ae5;;;;;;
4c131554ccdb8417be6c7441f75d7b35;;;;;;
403ae05eeeef30ae2031da4b95cbedec;;;;;;
1e33bf7267adee282ad04b987d524523;;;;;;
2cd575cc7b933bb9ee36926653b323a9;;;;;;
becdf387fb9e5131efbc462a847bec6d;;;;;;
ac1623388f8f1d5a5be1e49f3274531c;;;;;;
aae11186b353c0056c186c74cbda22e3;;;;;;
7ef835a8e3e90b80750a94d925ad7842;;;;;;
b8e06dfffd1b04288cb0ea91af398eee;;;;;;
7179565fb3a91eb45fc8bd50a05d3ad2;;;;;;
93eb73b9703bacf567189e19ec46c0be;;;;;;
267f91ec0310a3741796e3e259d23733;;;;;;
f9e6c9c746f3399e560bd5799a51f108;;;;;;
0653574f2e306daa914c15bbbdaf075d;;;;;;
6eda8619d1b8ffc7b893e62d5669d04a;;;;;;
77ec62e4df898a10020261f6e5c71420;;;;;;
8c9bc215f3675e1b78914bf78608dae9;;;;;;
bcab5fac44a8cf6e1594e4ab8f700428;;;;;;
2e8461b305481d40c3595eb7c061e2a6;;;;;;
44c6cba7a80638da7c2502d527e7be2b;;;;;;
0de4452dcdb3b6d18635c91824b3a8e3;;;;;;
eed5b9ca12639c6bbfa9914174b5f6b1;;;;;;
5924d2061d172c4711ecc99bd3882ece;;;;;;
832f28dc4020e2b96e7c1dbcfef93e5b;;;;;;
27d699858d17b6ec14214523f7e00e13;;;;;;
f930c310b9843c9bbfde6623e9dabece;;;;;;
5383c16ddfc750204c548abec2467794;;;;;;
6e0b8de585c3233bbb0715e4187f8e02;;;;;;
ecef9b03674ac83bf69d5afb394c6cc6;;;;;;
929432e886285064e259ac277015034d;;;;;;
ead63317b1e601105a2b55092e62df04;;;;;;
ad0210e55cdbbd5df360445485efa761;;;;;;
953230819eb8cd660b4a4f20b41f76dd;;;;;;
77357a4b5e1c1862aa33ddb849f22399;;;;;;
5d5ca944c5f3b168c67d720305b62563;;;;;;
12661c02587709354ea7d3fb966da926;;;;;;
0ea26e7321e5b768c62704d8aafb301e;;;;;;
4b3833d38a706d06c8ae574ea33c3432;;;;;;
fa2d66992b8ef549aa39daa4f7ccf64b;;;;;;
e5f38003ebcb86447805e4fcff4df609;;;;;;
37729347011c7f92da26dccefae16d29;;;;;;
982f2ca661af87a87ba5e825bbc18810;;;;;;
d762f267ecafa6a6041cdcea693f7d40;;;;;;
118b541a04bfb20d3d78c31107cd529a;;;;;;
942841d8885cf72cbd3a97e8d05743d3;;;;;;
7f9135af067d5980a5450e79d621ace7;;;;;;
07c4e585330c66e71cb24848bfa08245;;;;;;
0403f478e7bae07498a5b9dd65b459b5;;;;;;
78f72861b1ea45cb63285e36a8e6c46f;;;;;;
9c29151b3eb4b66cc9fe806c828a0c85;;;;;;
bb8549431489964dffde94af2c6b6377;;;;;;
0a8a9155bba7477f07b11f5b379d0b35;;;;;;
d410d1891485678e2a095881db0af67e;;;;;;
4907e0eae562c2aa15a4a1ecc45b73ef;;;;;;
9d833294f5e565c90e92963ce11551c6;;;;;;
27aa3d456a02c2e5cf380141669846e0;;;;;;
c3a3a93e155d45af0c3107b4ce40dfbb;;;;;;
339e6148459d075a5b7f693d09ca5145;;;;;;
c67c31a1be586e650582947478e985ca;;;;;;
085b87ba6817eb81785efd589fe8bb7d;;;;;;
aeeb39fb948c64983931ffb0ad069634;;;;;;
056bf5503722c53f56e64cc960aa2dd6;;;;;;
c70d64470bf37d0ddcb34d9c39fa964a;;;;;;
609635eb8f4c2be73e97c2bbf6ce9446;;;;;;
fccc16382e46d5f2136633bdd00820ab;;;;;;
630b610b77bbed608ce504db58c1468a;;;;;;
277734b2178c10a9037336a9253288ed;;;;;;
f6c84ce61ab8364f01483f29f6b967bf;;;;;;
d09783743b64bbad8d72cd4d91f509a9;;;;;;
da144edc9ecbd19fd1667e2f0dd8be8d;;;;;;
84be64b01652d4cbe28b5985680c93bb;;;;;;
1bafac9f22011702de758f4a67fa134f;;;;;;
339a4e9dfe0017e7b0c1f1a0dd5ce958;;;;;;
0db9d7a2256575aa2c8f2c4464c4278e;;;;;;
38edb1351290d4adb874ca60c982454c;;;;;;
6e1e3fc553b33d79fb8f8dddadd7e817;;;;;;
e33e5a04fd70e2baec7abba446a72337;;;;;;
7f49ef59b8f98bc8611c276e1210c212;;;;;;
47e5a6635c15dc0762b8b7231f754228;;;;;;
f2140811a691fde45f4a0a39457baa40;;;;;;
e811d4e84465e639a829ff72beb765dc;;;;;;
a247c54ab0f568d501ac4c8b5a75b235;;;;;;
16f330a5664b56720a666d137e772401;;;;;;
39b6e9a7e17ee5c7c0652c184b3743f0;;;;;;
d0fa3a20cc6f0623d18e0b120381d4bb;;;;;;
d21ace2835d45ebef209dac66eaf75f7;;;;;;
04e4b0dd220b8ae897918bba76c3a38f;;;;;;
09885056357345b499d6af0ce4bf24d4;;;;;;
8f727591c5887641e1b5d3dfbd8688f1;;;;;;
a85a38720cfd70fc94234fc1e06f67a0;;;;;;
3576f633fa1c594be707ad548ce38151;;;;;;
672e4d80e3dad0e54b4aecf8bef37e68;;;;;;
f6c3ee50224c557baec186cc8cdcf674;;;;;;
8265655b2d188bb77ba46bdb3b36b626;;;;;;
e6c3f2c734a94f973812040304d7aa68;;;;;;
f5abe4311e71a0ab31a7b681be8e6091;;;;;;
a7ca6c73f09e4fe053dd316d0df63ec1;;;;;;
116bc81870f7d5dfbf7d05592b589fab;;;;;;
a62244c78fcf5bd4f1c854eaaa25026c;;;;;;
238d4413c6036911b520b0085553dc05;;;;;;
1c46f35091fb34501eec6a1c0aba6785;;;;;;
2c6c0c8a7524e131a1861c0ef8dd2671;;;;;;
2eccf4bfb1f6cf556f85f3e8e88954c3;;;;;;
37b56bcd2f0e18ceb98a38ca83f35f14;;;;;;
e8bd3dea923387ec03334051b5b18075;;;;;;
bc56670b5eb86a91fbf2da45f106f625;;;;;;
5179f0eb2f1272b283803377a525282f;;;;;;
eb47532a4529555731f7d817d1c1992c;;;;;;
0ed02abe2fdd5f5e1b2c47124895a86c;;;;;;
4f3da3f1426bee2313fee8766d19d409;;;;;;
683a1249036e2d5dc263534400a45924;;;;;;
ba097a809a978187fbb680572d836850;;;;;;
f692d150fcc8d728d00ff56312b448f9;;;;;;
a268bc589330022e6d6c2655c2796591;;;;;;
46a252d1756a48130b769159a1f7afdc;;;;;;
df75a920505c61da17a50db02907e630;;;;;;
09bbc62a5eaf748d2701512d38e9cc81;;;;;;
73a873a0458df988409d5bcac88a22f0;;;;;;
345ce75d3e73a0238e74f216febf25f1;;;;;;
0383cd87c4a55be986001c3139f7bcf2;;;;;;
cdb4a1e2a0a1c0925c9668fcfdc6e4bd;;;;;;
1f4ddff1cfcf5597c94fb8a7c26182ae;;;;;;
5f7268d45625dc35c3b0f25404c72b13;;;;;;
86c9a5193e6d69078143989df67276c2;;;;;;
ddc4b1a22d4c20a6866ad7c1c057e1ae;;;;;;
8c296882980f5f941d2e4835971261f2;;;;;;
8f742ef92733c90e34f4575852ad8f22;;;;;;
ecc604c04a5a93e8d19a5b9059be1ee4;;;;;;
5abdbf21cdc0b6789de45a054a62013d;;;;;;
df4b0eb78197312538351ecc3f425051;;;;;;
2c61a4bd24c2a778485cc66a5d9939c0;;;;;;
a8ed167199ad1e87aae887e00dc80413;;;;;;
c30d683de696cc39b868b099e67d959f;;;;;;
4db80fc24499f46fdbfc6c9d4874c39e;;;;;;
6e0d693bb23cd72a6d3ad8a9f2f11ff3;;;;;;
fcc6ec0e7cc6e2199031b84650f261d5;;;;;;
132f57aa365a0f38ed1f15a03b3e82c4;;;;;;
3cf6b8254c0bc4f03435ecd0db6ad166;;;;;;
a15968633aadd3b922ec36601094e17f;;;;;;
6075d71e5325cdfd36e55503e06db3fe;;;;;;
4699a6a57e093e72bc2a266dbfcc52d3;;;;;;
42d9050709c72ef50c48675a95c5b198;;;;;;
fb32ffef601eff764f8946e7c29bb30b;;;;;;
ff05c735b6a777bdeecd33a7451cc6e4;;;;;;
22803db140db49d851eff3e46c91b690;;;;;;
198e38cf0cde26e46f2361a54ce9f579;;;;;;
200c7b1b41b63015b7ec3f4809ff6fe6;;;;;;
98b9ed88ded8fb13b1bc6024f05e6608;;;;;;
f81e58d15f6044ddc928e90a675194ab;;;;;;
26c635fa30a06ccc774ea22ec3f95227;;;;;;
f79f69921aa6a03b13315e8c35739e62;;;;;;
d9e0af41c0ea0d97bd03988ed3444ab8;;;;;;
bc2994b3ee0a80e656c11e10f05377b4;;;;;;
8dda637a916b99495ee36a645aea55f1;;;;;;
d35d65a8efa312b699588919291b6b67;;;;;;
1d10c334db99171247556724c7678ef2;;;;;;
5a9efc65d37fead29418d716b6247fa5;;;;;;
39a8fd9c6966e8318397ba59e4129805;;;;;;
b17d21c64e137a6ae79eec57b62b39c9;;;;;;
b9f7b6d3aa65451926154a17b6deae8c;;;;;;
81e85fb9429bdcf993f263c6d2a698b9;;;;;;
d506837fd3736e30d4ccc58ea6fc428c;;;;;;
ebfcf818ee49f6e3b31f87ae00493f10;;;;;;
865fb8fb12d85d651c5075590e4e2a37;;;;;;
b420fe205c3c695e910aea0dc62522e4;;;;;;
c514e63533e178b69d836cfd7762e532;;;;;;
e47df8ba8ecb155cc14560a2efcab080;;;;;;
d449aec51296ddef8e1ed678427bd2a7;;;;;;
6e1df224fd86cdc706a8f074a9703b15;;;;;;
387933727715ccea4df8111e927e534f;;;;;;
1c9da5331b6aef7b4fdad30052052718;;;;;;
85aa6e692d06e0f569fed7120e401863;;;;;;
8c1bbccb849160edcad93efe081bfba5;;;;;;
56a0e3c3ea845a3c6ea2fb5e26947372;;;;;;
2ec7f8f1f9fca8ccaedba9f2b3522180;;;;;;
5eb45e9bc1cac6127bae4e4112ca0795;;;;;;
541580ca7d31236853c93658edf096ca;;;;;;
b6b40d2bee78031395ad4a890f4ed5f7;;;;;;
a523c231fbc462023b3ee554a49d3902;;;;;;
19436a7a6bdd64cc3bada74f1ba92f3f;;;;;;
274ae7d6b91c9ee6197a98e984476af8;;;;;;
d800d8e9e34ec10dff096c3ca0a48555;;;;;;
6da2d19ef3cc0bcd041d385c98b88035;;;;;;
e635fe34cc0a548b43f43722529e9139;;;;;;
a86d28fbf3582ef86c9239fcf9006c21;;;;;;
c4b2f5f2136babc7364d0672029b028c;;;;;;
c63adb6034d3ac058385626fa2a4a759;;;;;;
8e8954c67e5e20e7cc9600adae917027;;;;;;
ac9c81918203971622c32f47c407aa5e;;;;;;
a7e8fdeb23a356ae6a35111b3a8dbf1c;;;;;;
0ee81c48030378a1c3e2510ea9316853;;;;;;
10db15d952bcc98bb49d866b6d0da24f;;;;;;
024b19d567aa7f443eb5d525d4861512;;;;;;
0a60769c486d950fb56f40aa5a44300a;;;;;;
05be03ef245ed7a4fd40b181077a86ba;;;;;;
2195aa9d330216be7fbdce40aad2e880;;;;;;
74b66ee3e98dd5948376abddf7f653b7;;;;;;
b90359453a453bb3c4a292213aa2a5fb;;;;;;
4fdaeec6bd87cc94357d10301a6a1a14;;;;;;
9c08993b3c6ce983e192c3694bf1a096;;;;;;
fdda788f6414a05ee42b4a2ef68d1b87;;;;;;
1b3aeb9f7ef3f226c7aece23479755d7;;;;;;
cbfbe00159f5e012e6dada220319759e;;;;;;
3aba2023d3f99d5e92e24a31e0802190;;;;;;
68f997c7a66f24896106fb9e6b780e87;;;;;;
3e7baf339604f5ee4969bd0cf101a408;;;;;;
ef8b4cd9cce830677d9626b41d13f939;;;;;;
57ff4b93e9f2629134769c4a0d182d8e;;;;;;
1e3fc6710f1e057136bcf92bb8d2a055;;;;;;
decc22f8bd00a6dc6bcf7c4b7c8b2bd0;;;;;;
49ac5c9c7239eaf3c8db2a3671d2e37b;;;;;;
9b89f3200e6c6475a784747dfdf1e1ad;;;;;;
8cb0b7b52664e609daaea99fb7c91ad6;;;;;;
c12f4e360805769fcc752601ee829870;;;;;;
2e3c76add14c6e066c5bffc4aaf2f39b;;;;;;
b35640ec2a9abef1873f4cd9b22af319;;;;;;
35ab32e70c36b923245ac24b80d791a1;;;;;;
9c145fd717a2585653c8cefcc3249d85;;;;;;
6ec88212d814e8e431293971429f306a;;;;;;
1968046e36878add4d03bd65423c591f;;;;;;
d2839935d628b6b941a6ace8ba8df3cc;;;;;;
3c23a1efcb618a04c8a3f39f96e8adc6;;;;;;
bc4804ac72d8be6aca2979e0afbeb6d9;;;;;;
8ca52205f79238df8fcecebf469af6f8;;;;;;
7c7341ef3f81a7bf90eb3307ab8fc27c;;;;;;
5250e19126abdbe60dd378a521da50ce;;;;;;
13d3f4f0313852c9d83ff5b49aed170f;;;;;;
72c876a04666d110559dc7c6588cd289;;;;;;
86328708815401e23a0e27f80be7a716;;;;;;
7bc375f5b4c3b0ed83fc0252e62443df;;;;;;
45485b04a7a68ff0858783d0a02c5c84;;;;;;
7f35369f6c47729567a441053ab3e353;;;;;;
81670046cf20f650d50f6843f426d61f;;;;;;
209419a9a2cf4e5562860057271220eb;;;;;;
4aacb1f4ae632450261a14def416fb7e;;;;;;
2fd8a1154f84dd0afa831d448b832b84;;;;;;
8a80df7be1bdfaeff40a5d1b472babd8;;;;;;
c199e485ea40849c961a58065bac5354;;;;;;
58474f3475ec830fa2e13516ae36ddd8;;;;;;
2c33f74718e181d799e4990b505149a5;;;;;;
c1dcb6b9b2b1a952d5468b0678b3fac4;;;;;;
776cf6250b8e18a3e8ad3a3949ee6643;;;;;;
cd0d1a8feffb83fcd430746755c8a10f;;;;;;
09e66ea329cc948bb76f31792a6b75cc;;;;;;
a696347453940f55f54219870e99255f;;;;;;
2767a378569a366b23ee68fb3bfe3a24;;;;;;
93291e8bbdb6f1507973cc4e51e803a4;;;;;;
db39db9b699c89cbe3fc1b5e1772bb4c;;;;;;
a2a91d6680a83465058ab76584538792;;;;;;
f7e053ed18d06162f718592fffce4f12;;;;;;
d231a48d1ed463a64510bc4dcacb0d0c;;;;;;
a32314807d84e8959402a4766eaaec1d;;;;;;
18ddf7bd10895d619584433ee57e1cfa;;;;;;
70d0f772d3b8b18a02068780704a9755;;;;;;
edfcb79b7327d411a33b3cec20affe34;;;;;;
fbef78447d3367984abd259c8e5e82de;;;;;;
a856598e4b0dcc67a7776595919b69a7;;;;;;
684736ed9f5c998fe278ac6446bd1eb9;;;;;;
3f2d1b27d2e087e0a1500597e410aa3f;;;;;;
626bb7f88000f30a64c5ed0e7b822ebf;;;;;;
c3d7ae0e4354d1787e09c90d18b9302c;;;;;;
dd66201c598eeeea70af19dc0a1aa4c5;;;;;;
222700cb02106d0a904eebbe28b16a40;;;;;;
c1a0f2675b6edb9273ca00e401c6d1ac;;;;;;
e3b8a992d74baa1180ea226147b18067;;;;;;
7a7ad210ac8d8508eacaf99435f3443a;;;;;;
46d877e7e6fe100ab093f3fd80885650;;;;;;
92862dcb9cd52b9f0b723541c854552f;;;;;;
fb8a8ecd558a6e93e5c5e0c9ef8a13ad;;;;;;
b1467652860ac8af3ec6cddcd389faa3;;;;;;
9c5c4d22d8a4cd3f2bfa9b9b75e3dcc9;;;;;;
f65da280d1747eb478cc235722abfbd8;;;;;;
134799e70d9e6c6f1d07e57cecbf951a;;;;;;
6301b5005adc8bb2a86bc3cb50c4d5ca;;;;;;
772c6f429a168e82599d2f960cb1c602;;;;;;
0e7d36c2c68c57268ca3f5e4375786de;;;;;;
b18f9c2edffeab92c4e737177f23d344;;;;;;
386ea276362f269df0797f401f595879;;;;;;
4fe81e8761f531294ad037dd6c8f041d;;;;;;
7575d368ab2392ed18848523f10fcb2a;;;;;;
926bd45677783c413c1fda043bb7f252;;;;;;
838beead11b6f4d347741f8de63c235d;;;;;;
6233157cb584e251cd9c30787bbeaf68;;;;;;
b62054837666ad8ed6a5d4733f4a0f06;;;;;;
e1c67ead1dc9a4057dba1142f5bf29cc;;;;;;
a5b74a2d3642e0a479cce43af1d14f01;;;;;;
6aec01c3f9933cb6865a190a568106f7;;;;;;
6d88010e87a80858fa5b9b0702b63850;;;;;;
1db392e9f5aea548d0226157a426b04c;;;;;;
7d891c6a6b47c2d29580536675009cde;;;;;;
560fc01f51383c4ff0c6ce8e06a8b1e1;;;;;;
1518aa48a180b672f1fed41906d4de12;;;;;;
f5a71df4b9ede878991301ecf1a24cca;;;;;;
df8fd359a43c6698ee6406c215b478e9;;;;;;
4a1e4be30e8537c49fa6a544d378846a;;;;;;
17fa828f6c28b608ce9a5852c2eaa4ca;;;;;;
6fd07592c5282cc35a5b153900426222;;;;;;
9719a9e618c09345d9b47a576a824a8e;;;;;;
431f8942f1bdca4bdbf71b760154a95a;;;;;;
174b8ce6d8156fddf18b1c25bae747be;;;;;;
2ce3a9df1774c175e3619aab607d4506;;;;;;
57709c4f4763db61f5e5364e1ae199dc;;;;;;
8efac61a31e602c06815c457fa1a1cce;;;;;;
8b8c691c825d5b9e4bf77bf80900c54b;;;;;;
28165ac90ef83467b315a8cb8ac5b924;;;;;;
6c5a0dc0c1f99118845cacf3e8cb4a04;;;;;;
3db747cb2b378833d7e4022f8f84360b;;;;;;
9611c69d8690086a9f00ef5526c2967d;;;;;;
1cb7244c0b12026753b60f6663ea7bc0;;;;;;
50e60a060aded88ff6c8eade0b787731;;;;;;
02fdb2e20c1f636d8517c089e929caa4;;;;;;
bd2bd1850b114ec2777b2d3321663566;;;;;;
51b96108636c337ceecbb5af9119fcbe;;;;;;
c367f53b57258f3a8a51848dea384024;;;;;;
5e03543d4400d9829ec5c96a89454ecc;;;;;;
e7210bcebc73d0481b64f9929024ce8e;;;;;;
b5bd9c0be3282df37c74b06c4b661be4;;;;;;
3fab2f5ed45e11b5b1383b84012e62fc;;;;;;
cb5690690ad6a477468328250af1628d;;;;;;
00b19a8b8a7b8a9a8718b71258647911;;;;;;
fd8f3c7ca7cd0f09d085909883e48ccf;;;;;;
a5500f61991a08030582adf6fc3c4ce7;;;;;;
110dd99740045706d4d7debd328785f4;;;;;;
cf26644030c92202f1d3c585100a7a31;;;;;;
9177d8c4ca9f1e9ef16ccfa744056546;;;;;;
652788ee39ab7644b19bf9f38f817ea0;;;;;;
45e2c9c86b2482728ec8e43fca58157f;;;;;;
caa9c866079c34f9a320afbb22f9828f;;;;;;
8bff1bff7f19267a60793294744aa9dc;;;;;;
3ddeaa58989b0d4a3e3a16fa3369411d;;;;;;
b0907b580cdfb44088178276d740095d;;;;;;
9ee84ee870668c9b91a4f6047207c92e;;;;;;
c042a729e8b1abf5d3d5310174544893;;;;;;
8ea6b816f01e9fead37a9aae1948c878;;;;;;
70874e5abe5f0c728b65977c426eac95;;;;;;
7d82e9ef3e5ad1a069d31926c16a6f0a;;;;;;
19bd0c65352b9a3a329da7ffdf3d1016;;;;;;
1b58ba871ff96765015d8d0ac355a7ff;;;;;;
0a5913c8272ca31971e9ac11dc5696fc;;;;;;
bc4227cbb32702ab7d2b1f79535198fd;;;;;;
88ae35757d22e2420ba4241baeeb9f6a;;;;;;
3af3fc9f21b16b6cb28ca06d178e9fa5;;;;;;
9c2273e1efe4543e6f231a8859c94319;;;;;;
d93cef6d7e12ca7f1bcb488a1897ffd0;;;;;;
06511cca8297932faae39de9315a268b;;;;;;
1249c76edf97bc213d7c005bacae8333;;;;;;
c083841c8cfaab79c8c3294962679342;;;;;;
bcc71447f28e131c2b1abba2a7a45ec0;;;;;;
1d5f40602866e83fc04f0ac4e4e07e3a;;;;;;
accd1187bed92b1dbe93f5c27bb2fe36;;;;;;
454372da4aaa87b33fc6d3cce988cec4;;;;;;
30a9c36d336db02c8e47effda8ebd04e;;;;;;
1bcc261fc65e79b522f107269e65ded6;;;;;;
cae4c98ae6e165f4c5a0819962c8c393;;;;;;
49c7515e4b3fd8e2dbcd159fd8671153;;;;;;
80e20a3da8788fc0d4b0ce8f39e36523;;;;;;
7b797394d7a1526ec532826e7ee488cf;;;;;;
8df5c469053c31c1b79dcf973f7585e4;;;;;;
b53b8f910d4206ac4ffa70c88a6207fc;;;;;;
9ae7a44621e14e46809aa66202da7316;;;;;;
530499d3b427565e47f61c885f214c9c;;;;;;
00702ed219e9351525ddbfbbf4a6fb22;;;;;;
86dc524d7c9a5297487d75accc4f1927;;;;;;
705b219d29bef013a1f36781e1fd9563;;;;;;
3805eab5c83938fabc21755b8b3de416;;;;;;
c8af4f2153e33792e3f2ba5265537533;;;;;;
b5a563805d2188bc171fa50b72eac3ed;;;;;;
3c59314bd67cddd50b289e8e3c2a6a79;;;;;;
2ecf64c19947774bd7619ec05532907f;;;;;;
d02fa6d07c6a817fb434a8498669db1f;;;;;;
a76be2fd58f518461037ec709490f38c;;;;;;
99b50281aba77dcbe09c78844ca25079;;;;;;
1438eaa6b9f3a7c2e9d6f13447988af4;;;;;;
4cf68145c3b9b5687dc187934d474da5;;;;;;
290e2b7ec50a0cf96b682c62dd1b06a5;;;;;;
f4b53ff5bc5ccfda298e02433e8b2fe0;;;;;;
6fff4563a935dfe1264f573aeb44a864;;;;;;
81971de76cbf1e4114389727e860bde9;;;;;;
c563a7bcf23d808f4b2de44a41ce10e8;;;;;;
01612df61478468f1e96a197163b6e66;;;;;;
9ae5596c2fc5ad77eff6a73f8e4e58c0;;;;;;
e07e700b94a71271255f1742b9d83d1e;;;;;;
c2b2200453615e8f7ad161b8165d3b5c;;;;;;
5c66bf6e1f7572e71df9b2c620c77dbc;;;;;;
1c3c9323784b4f5652150e7173969663;;;;;;
5c582ca30686fb04210580e9ff58f2cc;;;;;;
5834cb4bd8390bff58dfa1a4cfbc0f12;;;;;;
5714bd503e1b97618b6e345db771eb9a;;;;;;
e1ad53e9d8f4148650c4cb0a92cc708e;;;;;;
1dd421e3946f1f17a713b52673e213ed;;;;;;
6de5444300ed8325092a5f32638ebf82;;;;;;
3f0a600d1a313ebafdccc673df7a67cd;;;;;;
c4a415bfd09e5ebe6963b0c52c0a414c;;;;;;
ff01a7d080dbc5b16ae706b578cd1a23;;;;;;
e50c7ce778754cf264d63f41aa83a8e4;;;;;;
7d1b91f4ad87914b1fcf80c9dd129994;;;;;;
b4c7944dde7005265ecdf02b384d9f07;;;;;;
909b0171c89f19fc2140dfd10f7194c7;;;;;;
3d67bf8132ecca260856b9da04cae9f4;;;;;;
9ca2cde0b5f2d16e32dbdd75578fc41c;;;;;;
9760aac99068bcec3d4d488d8c54983b;;;;;;
ba4dde9fa4c98b99b8585087905e1531;;;;;;
1a15596f1e0a622d333b86273a30dcfb;;;;;;
68486aadcf75497be1dfe5015631b805;;;;;;
f6c14b5ea500b46a5fcf74f76925215f;;;;;;
8c0d80cc9beefb87bfda33d9dfa217e1;;;;;;
1bd222e199ac6f8f3cf0b236dc9e4590;;;;;;
80249fae198db156f820834aefe9c219;;;;;;
d192ab33501a6d1849952ad3d184b6f9;;;;;;
991d612d17cfa8a81f15d0bb8e156530;;;;;;
a08a2776931b08f27157092226d9bf7b;;;;;;
dc778060e25e120a7c3563f94ba60429;;;;;;
67e4bad2d4b1de7475814c99cead4f05;;;;;;
3e130aab2e9e692202f100a97debfd1a;;;;;;
2b29eaacb5ed917ae1af7f7147909fbd;;;;;;
82c83f9df1d7fdf0c4b9f80f1ce96a9e;;;;;;
a8739f3585151e6a3174d23427399c02;;;;;;
98c4a3983a8000fd1e6ac6e8eb1d91ac;;;;;;
4d8819835d05df0662b47b7edcc51d75;;;;;;
2aba2c97432f3ddbca9ed2b08c10ba4c;;;;;;
6cd24256b506d6f694df0aec7a5b818d;;;;;;
3ef56c8f47fc2458576a8d1606ac0c54;;;;;;
3e9729fb5d7f9bcaa3c3148af0cc1b20;;;;;;
756dd11cfb50812bf2c1d6295f9a0b8b;;;;;;
37fd5f4e604cf5311a29a4253e25dd39;;;;;;
12523967439f91f0633a6d80709dadca;;;;;;
4624fa2c304d38f252392f3b39a1aad7;;;;;;
ba620003aaa2929c414b03e6c628447a;;;;;;
922b85e41779bcd86fdf63ab63637de6;;;;;;
d6989857425eefdac9f5302038e0136d;;;;;;
4405f2c05a3fbbf77334f8dba67ed1f5;;;;;;
01fd50ad07b2af1cc8fd5dcf253873fa;;;;;;
265b6e45c56f44544472108cff30826d;;;;;;
c8a62f5ae8c925811090b88c4a2fb6a5;;;;;;
4b03819efb21521bf3382db2e2f57766;;;;;;
1609bbfc6912eac9e7124e61c0c7fb0c;;;;;;
e282a8c81b0b4ad295d5e3a5cfca0bce;;;;;;
4e99c7c931816b769c8f011d0a505b38;;;;;;
1257a73241e8178634a0ae395bf6124f;;;;;;
7be85792c04e6485ce048ea2e515c0dc;;;;;;
4b93c2e88d26c71a8bf8db2ece0e6dae;;;;;;
3635637b5822b9e64f8d6fceac146910;;;;;;
2c7665d5a6bf2a0cfcb4b7bfbd96695d;;;;;;
8b3f6ca6adfb8053c087b9265974e88e;;;;;;
1ada256958e3fcc900fa026cf17611c6;;;;;;
e51948aa70979016f5a6cae691ce6c03;;;;;;
ec8bbee88f04408bd9ad224e59395a3b;;;;;;
dad3bffe622e98719b6532621372b38a;;;;;;
cf204590fc4676c22f095191b0ba02fe;;;;;;
9d793fa49afc2d7d73a57a249a15789e;;;;;;
a56ae9fd710e1b733d8408ae19374d1f;;;;;;
c2c36c42896bf04ce5a0f531a40ed663;;;;;;
276dfe4e076c1a53e497ce51aba87574;;;;;;
30f29891ce4b930978e61064ee4527ba;;;;;;
b5fa37af3516ce66212996898224b3c3;;;;;;
a75a43eddae2e7f8a98fdd79f8da6bdb;;;;;;
f57a91f8009ceced83bd011bd9602c68;;;;;;
9fa00466f674d3b539544850bff67e41;;;;;;
3067dddd1a4af038001ac05da4dee002;;;;;;
2aa40a5defe482546f514ba672765539;;;;;;
c6c4569a7a0a04f26a81749ef39d6052;;;;;;
4f1e346d92064bf9737532484f375593;;;;;;
e13bc61cccb9f4e49ef10c0bd904dffe;;;;;;
5a8c184a79eccb1c5fc18f86c05b7bfa;;;;;;
123e64bdd22e2cf2c22893d89aa58d38;;;;;;
5e46ceef88e319c2379c45518fc4095e;;;;;;
dd88e2c61e214d0665322eeb56901909;;;;;;
44c09ef677b86299bc8c861d8f7a5b27;;;;;;
822008d3ed86c95403e28d530fc94516;;;;;;
d773a4cd56e46568cb7adae78ec47f0c;;;;;;
0889889b6c9754480acc45c721e61de0;;;;;;
2ec76cfcd400c5aaa040974b7e824f02;;;;;;
f5887111f41ca074c22a1db950a518db;;;;;;
e7fb970d6821f915a978935f9d8e84f2;;;;;;
0b57ea10adc1a96e4743ba61e6544099;;;;;;
ef835a96f7568d39abe817bec4de7baf;;;;;;
82ccd9c51fe68a62df7c37d6495cbf37;;;;;;
88f32fa7f9f77b49ad1144502b430381;;;;;;
64f84c37ec0948e558726bf748c98681;;;;;;
c561fd3850691b342f0a13ab0593e783;;;;;;
914905608aa99c73709891f63e85ddce;;;;;;
51febdf0c21cc81f8eff664b34c1bd2f;;;;;;
1bdf3af362eb522c3f4426f9d90b9002;;;;;;
4482ca5da579380bf20b25505c883ca8;;;;;;
dc128b36838bed030f2604ac044031bc;;;;;;
e5cb29beb7b724fb522529bfd94b2979;;;;;;
43c78396104ccf85520af38c9e37618e;;;;;;
fc1baf27b4e2490270ecb195b0f7de03;;;;;;
5f6a4106bfd31ae88c490cb0437d7809;;;;;;
b4628b3c241c55898c4d2c3e937942a6;;;;;;
a50105058e7ef27b6f91c45c85086c99;;;;;;
526176b9c2d97408ea00283ff9df5547;;;;;;
2c9f3e156da53685ca04e7f0e46569cd;;;;;;
bf02a0768be5ccc47dcdbd5381d68e4b;;;;;;
58e2db10de149a5abc87fa02ae732f9a;;;;;;
449a85fc3481c2e1148b517758d01ecd;;;;;;
795b6eb55091ffd444e502034a24392d;;;;;;
aa4b0730c7f07e7a76297769de29b119;;;;;;
d461c51cc3ca5eacd800ab2ab18f269a;;;;;;
da6067d20fbd7af8b6d3accdb15e3182;;;;;;
f925cae089287b4ac9ff320e97534fd5;;;;;;
0cb2e97ba157c79fa46c1e7450101cac;;;;;;
d51f2fcd5b72a120c65944f9b4ddf2d8;;;;;;
76bf4a57af988f78a09cf39a5a73736b;;;;;;
fc3b45180c981351828c562be498ec72;;;;;;
47889794da92a99bd75bf7263865bdb6;;;;;;
11d209e6a97c58de9b33da006dc42f15;;;;;;
54f3dd60d4ab4d506afe0c462b5b52a7;;;;;;
c5b16d6727e4fc68006b7e6a5152e53b;;;;;;
e78dbefa24755998a79feb81fe1d089f;;;;;;
029f90b3b49da221d2e603c527ac0ee2;;;;;;
a836fac5a5510500ab700b83efc4b6bb;;;;;;
72f37377b23078836a60bf61b3a49377;;;;;;
620275a7879b6e29bfd881e3e83b8306;;;;;;
38e233346f96806a51bf4e3f32909d6f;;;;;;
e511cd9bc6a8cc42b7d073ebb1383f9e;;;;;;
e87d9f97f1bca3d7bfd7d9d0c0a1044e;;;;;;
77cc986ebbc74007e05c5750b312a556;;;;;;
816dca098b6c7f77ff697809701eebf6;;;;;;
60a1cd1ef1af74e81cb1441b98c47225;;;;;;
4c70d529a39bea30a5bd0f3d3d18ebf9;;;;;;
64a931e0f00939e9b5ca2c3696fd00ba;;;;;;
8fef59ea7aa919461fb0dbb80cea9318;;;;;;
b367b1c54364eeb05a857cc2a81bab61;;;;;;
8bf5d71e2f03ab0e80c21c5a47938972;;;;;;
da7e3d0bc4d6fda3223e0ec5c09d574d;;;;;;
bcc7166876376c9a42da56725b900a1a;;;;;;
4995230b7bb11572f5b6ce7a7cde9718;;;;;;
64a175585c0a08482ef81981b7ad9b48;;;;;;
3490fac2a3e8bd534ac95591e65d3a29;;;;;;
47a0b26b9db359e6af21451185c0a73b;;;;;;
36e7b3cf732ce9c34fcea948e55e4339;;;;;;
5f8f25f9cb08f4a7a6e085ab5c3acab9;;;;;;
392ebd86d2bbf91ad758b38501c50e40;;;;;;
52336c6c518b700dec87f0a1dcf5c305;;;;;;
7df86e9242eabc648cf38cfeb7d4d0fa;;;;;;
9e68e1a2f3cf7048106b2ed32d8391fe;;;;;;
ac371734c191ff02c6ce96e8949a6b1d;;;;;;
b21ca8178d5c40c7a13798a640dc6a08;;;;;;
e571f5b590d564c79928536f70ef6a4c;;;;;;
9d42dc70a1ae71c79285509e38a71204;;;;;;
a3cbfdd20569961c00efb386f207a7ff;;;;;;
a7b409ff6a5337c19b3473bd8bcf40bf;;;;;;
f2965c99fccbeb2d234920d19efbfe53;;;;;;
07a0295fe5e648060637589143dfec8c;;;;;;
fa393644810f13843ccd84e3d86c3381;;;;;;
484d9f79473bc9885fbbe2029aec82b0;;;;;;
515e2fedcd70b70637e8635902b2028f;;;;;;
7193844d175d6337b0a30a6eba7a43d7;;;;;;
e956d8e5fde2287c6bea3dc8dbf1460b;;;;;;
f0560bccb9e2ec34d87f025780688f39;;;;;;
03053fcebf9b7483f54b03eeb7990447;;;;;;
3b297ceb8c41b1212e7e9dd1fe3ada15;;;;;;
17d6fe8ea3a552d5c2256578e2cf584c;;;;;;
b99cce10fc7bff8d6ef9bdb0f1c22050;;;;;;
9f1698d6585af53797e36da612e5eb2c;;;;;;
6462f30985ea4a437897ebae7fd854db;;;;;;
09e887f44d96e2a856effaaa8866d8bd;;;;;;
1b404301f4b27a851b4fde35374073c5;;;;;;
bd845e20fb5dd5eb935240e8d3e6b99a;;;;;;
53fceeff5885922628b72863ef25ba76;;;;;;
a22983d7bb864ef5d85844112cdf1e65;;;;;;
d1291239fab4c8a857ceed364b87cfa6;;;;;;
23666ac39fabd4385b908f1ed6199695;;;;;;
940a28f8e8108b62251133b528e5e87c;;;;;;
bc1f1af31a2347f5a5d19e4af502ba73;;;;;;
789f3ab6120b53bf164f828d7ec549ab;;;;;;
a8a3c1f5b30ea8fe56e419d8c0ac3ce0;;;;;;
5fce18986a3b42bf366870aa2ca5176a;;;;;;
de0f14f5a79fe8d47f5b25167f022756;;;;;;
b2fa076eac2721bc5fdec3acd2000220;;;;;;
1a08a284bec5def8e7e91f4a45173ea2;;;;;;
6513447caaec083ad98ca03744a64cb8;;;;;;
9a165e698f904acb161775aad5df8d0e;;;;;;
cf550ca0601fe68898df104df5125de0;;;;;;
f4012abc60b02935fb8ab0173fa1ab21;;;;;;
13d015ee4cb26b76ecbddc7a567d9726;;;;;;
7279e24b15319dcee5e5de940a848c7b;;;;;;
b2229a6fe2ba3a5450839351ebd9f03b;;;;;;
2a252370c843041c0d31138f491d698d;;;;;;
e7389aabff2dbd9fb7122fb6e9d13b9a;;;;;;
5111276bc6a275ff1f17b466ec4102d2;;;;;;
802b1d27642b724eaa2a9a17195ff835;;;;;;
7a82459a8edd659ceac7229bdb424645;;;;;;
323a9ea46ed65d70028dccaa312122ab;;;;;;
c60aefd75c23d44aa11063a92c9ab23d;;;;;;
43a951fd934456ac12a9a421f0478b31;;;;;;
e39074279353e4c34975ec4ce1a8b75b;;;;;;
7ccdab2e2ff17ccb7b8a2f27f6f87161;;;;;;
d95ca0541c9e21257fb6ff82616915bf;;;;;;
5e354d33d7a5cec80d3aad145c56f73f;;;;;;
bba7ad378db206ba352b6dc55d08a569;;;;;;
5f94c12d4838ecfd147c7dd9a1ba30cd;;;;;;
34d93bb511e611fbf5e0e41f28477d5a;;;;;;
7cf4b990d65bf68843b1b850f58c79c9;;;;;;
808989e2a1499ead6776dd0c99913b87;;;;;;
d7f8e1a7af3ee01d354a4cf7136366f4;;;;;;
952e43164315d9f37a89da12da185162;;;;;;
c7abfc0a46411683c52baec49ea9d801;;;;;;
a5c5799411fac4e530f26b9b699c57be;;;;;;
b6684dfd92bf1217860940a559c90637;;;;;;
52ab5ebfcd4a043bb21d687ef7e9ae09;;;;;;
ef3c952ddfa46c133b997fb2ad3f7d11;;;;;;
0c530bf5dc59156fe4673527b1f06d0d;;;;;;
79d27f8750d14a7de9c0f625fec68639;;;;;;
8344eecc5566e55302f856b9d3aad6a1;;;;;;
5499c9316ea1d03314a0af110a544ed1;;;;;;
02722c32fe178ca3a035188276f12f21;;;;;;
a4d3cba6e2cef000df646471c6815832;;;;;;
c55f5dadab12228c54489624674156f0;;;;;;
1b1254259d6a06923824373d5352dc68;;;;;;
79c598aa7e7d2d697482646f8e4497c9;;;;;;
70b3f8a9140c67fe1c812338c2aadb56;;;;;;
4d6630e6efb3dfd441fe0b8bacb1c23c;;;;;;
ce776ac649a9e60c683ebd1be967cff1;;;;;;
c85678e2bfe605d9f3ac9e8fa1861239;;;;;;
b2af56b55f87c2629b69ae594b9ce177;;;;;;
1feeb37eae4957e8fa4f1cc4d4b8bd1c;;;;;;
c5b643e83c5c8cb4c0bd94c3e62a2666;;;;;;
37b8eee0c69fe710b1181210ac320ba2;;;;;;
709bb8062fe8d6bf0d65b6242fdd8dfc;;;;;;
8e1e95036fbead91b129169c545daf62;;;;;;
dc68a40a92833cf5307a65b04b36cf37;;;;;;
0d9196bef7446059a083c4c6aa2fbee3;;;;;;
bfa5f846735038dc55d79ddca7288d07;;;;;;
28327e44d3ef1b6d91e0b4fa12f2f4b8;;;;;;
3115e42e07620eb30925b88ce47363bc;;;;;;
ec69f52af536506380c4c925a88e921c;;;;;;
65b550bb2348ff730f633560b59ff70d;;;;;;
3fbc6648c1004e34fc9f9b63c6673d68;;;;;;
d5779153986721e92b79814c549cfddc;;;;;;
a487251a0d3d3fbb387e76915b95fa21;;;;;;
4295ba05c5624612ee928907158a2381;;;;;;
5f1fe2a605cd16449c6b3a83b12fe529;;;;;;
84361d0aabff2b6e146e9a3a1ff9157e;;;;;;
211a536769bc4d872b39782c07c83fbd;;;;;;
eed076f5f86e3fc1e912219baba0b6f2;;;;;;
8ba393e39576fd587faf99371021ff7c;;;;;;
5bed43785e5a2e5d87f8cc74d00e73f7;;;;;;
2a1342dfff3f9264ad74b5c81799044f;;;;;;
be93fb6eb39ff3a33b40ea8b59c8f025;;;;;;
c24e60083a5c8edd78e9f621c24fd225;;;;;;
149e73ecd2dd397ca7f77e3cb563b16b;;;;;;
03211a00cde6c71583bae94ef1a74fe8;;;;;;
9c7968bacc2225122c3ce45d6fad810b;;;;;;
4636cc7f5dd4cc2854cf05108fc4ae86;;;;;;
153bcdd3c57aacd0a4c17606e4bcc875;;;;;;
77dde7e1aa22e3ed812974ca8df6ef90;;;;;;
63f42d796f674f693e1aa1d9437b8d50;;;;;;
071d2088d30afa3a32f32232cf95b6f9;;;;;;
407864e083cf4c953024278dcaaf42d4;;;;;;
c09df32a20469ee525e98ddbc272757d;;;;;;
6d67d58564bad11a33087687d35fff04;;;;;;
2637ab4690ad601835bc9ef13ec85c1a;;;;;;
ebbfe47ec3bfdfb5e0e5fef6946e87a2;;;;;;
286e1b7dacec9b1cf9052b22a98d4208;;;;;;
b3ba69eeaa77ea44c39b4923a4939a52;;;;;;
e87f830927e8b08e73fa4220f984a46d;;;;;;
01b5a59f5ed4122d6010541c84e25092;;;;;;
782ca363fcd1315d12144ee318758349;;;;;;
5265f5f5ec5088a303fc88bf38d8ca69;;;;;;
944bd78d4dd90093b71641c5aa191bd6;;;;;;
d227e52317f214124bad84b390eeafb1;;;;;;
5e4bb0edff77e26909c835a97a8e6ddc;;;;;;
38028cf39b16608334f5d98ef1b03316;;;;;;
d3ab5303bc7c0b40b26da19a86f66c15;;;;;;
c6bb3272cda0c4602559c631a47d4d5a;;;;;;
9a304cdc634201db438bffbf9c5698fe;;;;;;
dc7f2d832fbf2801f55d106571e66675;;;;;;
c6fc71bc7c8af276d6cdc5144418bc2c;;;;;;
9b80a467b3ee4c047abb29bd9e5b4ae8;;;;;;
79e1c33f5a522556a4b52295eed6183b;;;;;;
9c71194f5312cd4661338d55bb73e2d3;;;;;;
bda648d18a20e0cbf8fc2d78783d7db1;;;;;;
3f307a9c9f0143350d14880b498e9ee6;;;;;;
ee7407cccb4b7053a671f0b9d5565e28;;;;;;
197295974d66876c9308e4027a862311;;;;;;
5fd01de0dd19ceb5ee5e05eaed79e1b7;;;;;;
e4cba1fc25e44cf25ef884eb1e8b2b68;;;;;;
ef9059502b1794fdb5698c36e94126b7;;;;;;
7761402818e03a51638042259daa0066;;;;;;
66b8a67fbd156d58b85658d0f842f024;;;;;;
0cf65010c4a88183ffeee07f5e20fb59;;;;;;
96930f3321cdab700357b284a853a0ce;;;;;;
bdef3ffab3ee7684da58c790dde02fa8;;;;;;
5d74c5279d0c5759235a7318952f3103;;;;;;
63f476c7d1f3f36355d6681141928c96;;;;;;
b09161ab63d8f210e66fa77350bb1399;;;;;;
f49967d7282e6e0205b345e8afc5a5e0;;;;;;
1a9a689188509ea9bbb39b60eda15bb5;;;;;;
3f3bf95576631727d8a9ae7973fc0ebe;;;;;;
67252f7e88cfb6dc9cce4fe2b6736383;;;;;;
e0dbc509d0df4ad17fda272ff692cfa4;;;;;;
25547906254b031082e5f19fe344a597;;;;;;
95467412a136934d6603b837a3571941;;;;;;
624f5e40e7dcb80731320e1501843d8c;;;;;;
72c5fc156fc255334f66ed43aaab0ad1;;;;;;
151d563ddaed983fd15723af2df22eba;;;;;;
1e70ab707b38f8beaf5c313cf6ec27ce;;;;;;
7af4e63160824520e76b9e393ae8c6ee;;;;;;
1a248a52d4481d6ae8400035f5770c75;;;;;;
0bbeba30254631b10792a6dd4ac1cdf9;;;;;;
4d126d84efa54e03a0e141c87befae64;;;;;;
92c60d3c868e2e3d89b4d017835ac7c5;;;;;;
09d69685e2fdce8c40d6f995cdf1679a;;;;;;
466d0e693dfda2f8337b1dd7ae4119df;;;;;;
593696f730298162c84ee3f891d43e05;;;;;;
7b74b2a517442bc0cf3463806ea9a211;;;;;;
725860b7d4ea3d890860425f858713f1;;;;;;
5da25a7222fcc3d9707fda17cf82673f;;;;;;
a71bd07b826146d2daac347261030c00;;;;;;
d397e3c4be7fbd72465e7e5e63a8a1cb;;;;;;
7e0feee879373eeefd9fde6b9b31a2b2;;;;;;
9eb0d70a9aee60031cc45b2d17254173;;;;;;
1a77d6962d25b366e33f34d944f739d0;;;;;;
62a007c5950cd74510b79c9ed8826b1a;;;;;;
ef73d11e06b49e76c4ac69cfdb1a306e;;;;;;
38ff6c2a9e66d781b6807af0d0fba9d9;;;;;;
f4907d36a9ef8a7fe8f3488d7ab1c287;;;;;;
a90d3af85e4c4c54c4a08aacaeaeb2a4;;;;;;
0eaa7c8482fadcc8339c564f908550cc;;;;;;
fdba42aa8106cd9e1459031ff2463857;;;;;;
248fdfa687d937b1b3ce28ba37a43f09;;;;;;
cde46930ca41e3bb447106796dd3389a;;;;;;
7efc6dbd737286433ec3ee148c2b01a9;;;;;;
a8934ef9a710ba48f82be96104672e44;;;;;;
dd8be911b6c87e013881e4c20c0350dd;;;;;;
9d156eea3f26734c4e388ca7a8287ee9;;;;;;
40202e2454858e7da9fd601f5c63e23a;;;;;;
f6b3446c93380942022c229556b33ad7;;;;;;
689d73325f00fd66e28bde6d22609258;;;;;;
822ffceaf5cb06d2c7b2c1237b6e3e7e;;;;;;
100660a9039e2516e89948da03614728;;;;;;
0a1df8f303eb1b5f58fbd6c9fc0a63ce;;;;;;
78236b78317d16937ea4252c7dc02dba;;;;;;
941cf51e221d21f010f2213b1c6cfe56;;;;;;
1e706cb30325f6e7c94b9c64f9f947b7;;;;;;
b7b09fec86f7b4865ca5b79c98ad502f;;;;;;
5a15b90ca97f556682a70dff2a3e07ff;;;;;;
412ee4736a20730a0dc54d94d7101371;;;;;;
d645451c839ed66e337bc33dd3477d4f;;;;;;
423500b96abe401ba59d3f67aad7c3b0;;;;;;
16c6744379b49ef54761aa92bc73057f;;;;;;
30e00f04a23d056a8288446f27bbf660;;;;;;
8debb089d34c4ece9b0a3e7796931f1d;;;;;;
4564a05bee7390b1e4c7df60c224e8b3;;;;;;
3f1318d5dce0fb560188eb5e1257d284;;;;;;
3004a0f68a15b9b4d1e31f92d9107c90;;;;;;
9e8ee62bb5b907a84fabe205672469c9;;;;;;
e4c85989ba84858b66f7ce15d7a9c730;;;;;;
09b4f8e8fe59bc88d1f185556c7b097c;;;;;;
d66c35aa1b1d6bff84d7894d954a2985;;;;;;
9955a43a9c0e279dcaf462b77f2d82c6;;;;;;
3e0ac0d5000b67bd9dd93540ad7906bf;;;;;;
547488c2147bcc9966dbfdbeebd4a9c9;;;;;;
b6ec9ddcccf3e26a4cec9548796fb3c2;;;;;;
77a41b13312144733b8d32e973717178;;;;;;
ebf05e05721edc7d11a1731a64b500ce;;;;;;
2c507fbf55cf83d2a103b487b4ce4ba5;;;;;;
3dffc147077ec08ec436977d38e4d35a;;;;;;
824aab47d50891d0cd65bcc6f6b3dee5;;;;;;
f10aa88a71affe4999a8ff5a7249ada2;;;;;;
3c61357e3be89a5eaf84a25937eb3ce8;;;;;;
7dd6b19a726410cea9663539a43e7e2b;;;;;;
97a35aacdcee6f5d2a0c9d25a253b38d;;;;;;
b7538c7d89ae18e6e366732fe3a1b540;;;;;;
4d78025318fd60cae56ffdd931ae742a;;;;;;
75ac18b5c1bfcc8227478ec6614af299;;;;;;
19fe20117d41c5ec847781394cce1474;;;;;;
9855aef4225678b3f560ee29b7dd838c;;;;;;
db74ef91b733e0b2a5e66ff7856c710a;;;;;;
22342b4d1a2ede5824a4fd11c3450445;;;;;;
ef7c659855882070b13cc3427ba6b6e4;;;;;;
44be30e6c0c1c7cd363a6c6689163994;;;;;;
67f62345714983449cceebedd4235262;;;;;;
992d6465a32beeadd96268520b5f84e2;;;;;;
8649077fed3ec00a9d38a4e7d7d7e829;;;;;;
37925aab86e3d341b022c7c3f4570f52;;;;;;
c027afba3ff747dbdb35f5d7a06b5a64;;;;;;
805dc4b17d91a8873e5006682aaf9a90;;;;;;
0b978eacfeb83214207c948b4c17942f;;;;;;
86c42d68dcf74f334c4ce26da9d31746;;;;;;
7b04153bfc82d84c1d383f7435bf65d7;;;;;;
c11523897c388dabb676b0af15f6efeb;;;;;;
fae77667c8e763a38115d83422b382c4;;;;;;
4050b19e01f794999a79078a8a3dfe79;;;;;;
145481251ca799bf937f81057e790ae2;;;;;;
e789a25c6407b7da1783a5f782d3c03a;;;;;;
ef5e3c8b8312c6d5984d84271106f1af;;;;;;
1bc05aaa994aa61d64ee2f136e44012e;;;;;;
ac5810d1d1efc3471349880016360aed;;;;;;
f4b5d2fa04ce40950b04bb7a8d6eb0b1;;;;;;
dddf63b1d33259a6912ceac155433199;;;;;;
bd00993e6631928012731611839041c7;;;;;;
4bcc62eac455120919dc2cde3875c44f;;;;;;
90c9b53943a2a52096432c0b2304959a;;;;;;
aec95d930b091e089ccd18346349bb2b;;;;;;
894eb2709e33bb1216200b03c9970077;;;;;;
166ff32eed0519c729bd84894e1dc1d4;;;;;;
e157d7c91fbb53f10e50d99a606abc9d;;;;;;
d025c443d6037f6c166cdc30604b0d25;;;;;;
993eb2c58dff4992c491807fe5b41c9e;;;;;;
1ed9a180beaa5fa0adb7f430d3bc5997;;;;;;
20f2abbdc65dbb652952ed2fe706d561;;;;;;
0b971c4a5163eba9107adf6afd21f182;;;;;;
121b883da3e16d49925e7be116ba856c;;;;;;
d16ccd4fabe05e3ce811c0d5407d7602;;;;;;
c24531b43b550d446ea3268ac9667041;;;;;;
14d6456c7ebcd37c1edf53a6ada08834;;;;;;
10743a31f49606e7d83d2da444cec96a;;;;;;
e112499a49030da26be19b2c23acba96;;;;;;
4602144059dda8b5312c0f9ffdc6ad7b;;;;;;
7ed837c232d6f492b4af70e9ca42a2f5;;;;;;
4646d14c0acb798a1f2e92b9e599ee60;;;;;;
a68dfd174bae6e40b994871560b0d5d9;;;;;;
f519c3dc313744cf96a73639940836af;;;;;;
1e92b540b70408309de8d1a5033a537c;;;;;;
bdc5c4d66f1795e74416e98e84a6f694;;;;;;
2a4fae3a43d5aeecaae6e3b50fe8f12d;;;;;;
416e70022aa88a5cd05b67d08dab9939;;;;;;
6c19dd81bb9c3bd9e5426fdbf51e4ac9;;;;;;
a98d88abab602fc2f26ab7fce8d551cf;;;;;;
f0d147ffc159a5aa5bf8fbc236920018;;;;;;
69d40f400ff5d89abb386f2027ae4069;;;;;;
66385c66cba807a5604a249b7cd5a327;;;;;;
b81c9b1212aa7328401238e880f56150;;;;;;
a01ca6a5a9900644e6f39ae53ffdf046;;;;;;
8d17c50871b55857b4ef89cc223f775d;;;;;;
d1995c9e7723d7aeb48f10d14623880e;;;;;;
7849e4914c74c2a15f41258be14bb649;;;;;;
c25de102a528aa638be55fe78521d267;;;;;;
45e36f9a6180691699f753538fb9dc94;;;;;;
6053ec0b9417f20e5bf23f7e41cbde31;;;;;;
023f29f47b96efc619681edfe7177a46;;;;;;
0f7e86a34a0c64b2396b8b7bc651a93b;;;;;;
26d24ed2e096888353795185e9ecc326;;;;;;
a489479ecc0cfb37ecc439373a9e702c;;;;;;
e2ba9224b127a754b77280a4a5b9c346;;;;;;
ccf0317bba317509b5a6dde874e85145;;;;;;
c7956e57e0834ce19e70023e2dd636a5;;;;;;
fa67e3933f5f3236675d0ad2ef081319;;;;;;
c3d8f3da18ba438b9faddd4232d6c60f;;;;;;
e34d959d73cf645b4af0889548939891;;;;;;
f317f4aec79d2c3c7dc0bbe0b4c8f2af;;;;;;
cb3dc27f65bc3a680195a18a929c94c7;;;;;;
711f525e64f1fca1c3c3ab57af359044;;;;;;
505c5257ee127906bd81d28bbd85336a;;;;;;
02487998666509ca9862472ed649d453;;;;;;
00fd36ac3e436c975f4739879cf9ea5d;;;;;;
9ecc8b92e1d91ef7617eadee4103358a;;;;;;
7c0c7806173014ea6446a255baeb76e4;;;;;;
2d20f9f26334f047d5a2cd99079b378b;;;;;;
907e2369ded6c04d65e08b89ab419da7;;;;;;
682a6b73e17ce204b0db347620093d04;;;;;;
8aadddc09e3bcaaa04b9988e9293b70b;;;;;;
a6f9a494c8d52e9d6dde5699102d7024;;;;;;
76a66d2adec73c8bce08796738d31d9d;;;;;;
924685c5ee3e5936b8088c1075eca653;;;;;;
288ec6fffb5fb535ee81c00a647fc76e;;;;;;
33783e36fc213717be97501940d17557;;;;;;
9bb60e231a466ca6a7882334b91b0742;;;;;;
970ecaa2d1074b0671e2e2d164d90340;;;;;;
9629256d8a2c8131fdeb3080f67897e1;;;;;;
c58f9fef497c7d94dcd197a76d144af4;;;;;;
23004c3bf4f45c6a5f882508f408ff59;;;;;;
e183c24ea77ad4f8128c70805538fffe;;;;;;
a05e1ebc587ca178dd8598af2f88d433;;;;;;
72849fcc880ffd7c359792b52a44c74b;;;;;;
bb1aa3a04bff6d4cf06950f1c5711321;;;;;;
a9ee3973683dd5eedf4f1eabf888ae1e;;;;;;
1d0afcee460f79a75b2a075eebd24dc7;;;;;;
baa044fd1787c4a7a9cb47088a3cd6fb;;;;;;
86d3d67aa6603d404cd1cd76199f0ac0;;;;;;
7e3a2f1a06bda9125b3ab827c7174da6;;;;;;
cc409d9b6734b7f41b9c5db304a24cb2;;;;;;
93ce6c32fd33bedd5c9c4becbc7afddc;;;;;;
80b46a56c447caacf3490ddba3e0e21d;;;;;;
d326551481f11ba93e6eb82fbf51dcf2;;;;;;
46fdbe862f92f12003206d72d0731377;;;;;;
919ab225a324ea16f109db263c567d97;;;;;;
e154a9fa941b5af310c9990078e3cffb;;;;;;
1a74fc9248b5c67e9fbacf65edf72f87;;;;;;
ca13680ea36595ed8fa25e10d311abb2;;;;;;
83a7fb91d76dc1f8904d301af709181e;;;;;;
2c0a4f6d1a680bc732b3fdc1f615c464;;;;;;
0608eab22953f8b6c47938ee3083dd7e;;;;;;
b6dd08a5579bc872663af263305f080a;;;;;;
94af673023226cd473b320ebed140087;;;;;;
f3249761d3868aa38a7dcabde2f5a915;;;;;;
fb1bde6fb5ba64023f0739da841923b0;;;;;;
d9b55ed7c66def9d77b53bc45fc210d7;;;;;;
3a74d5ac35660157346ce6c07890da2b;;;;;;
1c00756c2c12bb4cf09b15c658f5a4ed;;;;;;
e513aab6c8390a846f2d0232de3d2e79;;;;;;
3da0196aea523b2f5e215f4addfd7bdd;;;;;;
5b89ac1b5d67a35c3c91d31410c2fd93;;;;;;
17aa0c1124a3393465278c986981eede;;;;;;
82778ace330c269f180e926043917875;;;;;;
a24bec1efa11e384397160571d5f77c5;;;;;;
7c2146b77d21c164c2e2fc3037c2e6e3;;;;;;
7a13af9ddc8b4b09f33adb10774e26ff;;;;;;
32d3bd518a45b5566172ef34e0601d01;;;;;;
d414ce0ef6119b777bd5f2c9750b5784;;;;;;
55c497a1305d0cf7b4e69b53af3f6625;;;;;;
c93638cbd66090b561c1cffb707d6282;;;;;;
9598c75b9205c44740de4b5eac966c30;;;;;;
55be92b7d0f750d08d085c82c29cdad1;;;;;;
f0db0b8b304317ba829afddc1a25ac56;;;;;;
ed9e1078e3fb3c97a84b1a4d5ce80e93;;;;;;
7b9c0a543b6712176d73c19eb6e28281;;;;;;
b4889561fe8c8a78b8b1e249b6ffaee7;;;;;;
6eb1ec7ddc16e546e3b32d22b295c060;;;;;;
80160c0e04ba0f013971d825c4bfb267;;;;;;
975812ad8dc9be8462b449fb263bcbf3;;;;;;
5408fa169869218a61292afe361a86a5;;;;;;
dfb810c912e37899991321be14d77821;;;;;;
8db221842546b31fe2454d28756adfdf;;;;;;
298315a61b73c53495be8098b1a4cc3a;;;;;;
38b95ce79ed0ee667085a8d35479a658;;;;;;
21dfc61fe64773dcc17d890a79fc2275;;;;;;
6bed7e58e0b3e1edf9b3f0f263ee966a;;;;;;
34d668514bfe2e33db65cab3f5c84d5b;;;;;;
5957c913c1c58e1cf3ccccb79f423547;;;;;;
9bb626de95b3c2f4bd562a744a17574c;;;;;;
fb21af6e909428ba72cd4cf1ef92828c;;;;;;
4930102d53287416944347b86ca8af9b;;;;;;
8d31429e58134d61f241921c6f502c03;;;;;;
fcc640a48699413560a1e7f0736c82d5;;;;;;
21bd9e035ff5a40c135dd4c74f830bf4;;;;;;
8c9790e08bdf905c31c4dfe8cc5bfb68;;;;;;
3bffe608d8d218e518aac62de6b0abdc;;;;;;
0de01aeb93d03c47e1d50686ee3b9dd1;;;;;;
41b904b0ca498d79a50c11d8deba28d0;;;;;;
8745398fd74cc47ac7608b9115dd084f;;;;;;
e308c2f2df791edcc41600fb0ed95421;;;;;;
cccaeed53ec492867907fb9be466ba41;;;;;;
50cbd31f7a6576cca0bee418f6177961;;;;;;
5825f67e69278d68d75e8f50b76e6454;;;;;;
9adc6ff45b39681e6376d1e26bd85fdf;;;;;;
b600aacdbcd182aa1cf8489185fa18f2;;;;;;
f0ac796c94ca7e51f3f45550cb84fb0d;;;;;;
11a8ba1e552c2eba8214c5c747d16990;;;;;;
2ac1c955cce58a2c4a1a5d6409985f77;;;;;;
29c93f54b0547d0f8e91d12c54b06134;;;;;;
55c9b106c4466f275f47be881a23de0f;;;;;;
7f7bd859f4194585e9d18cac0e38e46a;;;;;;
8829afc60d4604f065625682f5f6a551;;;;;;
7850734b9e53c1f2898218d179f82594;;;;;;
fae530de3773663e5534e3590b4dcbd6;;;;;;
eff30a27fad982f888ccc41987991f85;;;;;;
3769c33545c89f19e17778ff170fff51;;;;;;
0f3bca4ea90cd0503f1fef8ee6ff7c0f;;;;;;
a0e2c8bc326c3ecb20d1d5beb03c717e;;;;;;
b0a8a6181ea214a7498df936038089c5;;;;;;
a582431828022e048ca62e0feb3824bc;;;;;;
c6db2e3523bae7eca37d131d4b4c709c;;;;;;
5d767ca093e2c2c85a76dbbcc4b3e2ff;;;;;;
c3170303fc834a9f1f44ae5fe6c8f652;;;;;;
14173f066d45457df3a6145308d91b1a;;;;;;
68a4c8f5184c8bd31c30f9a084822bc3;;;;;;
d133b693b2ef5bf44e1831d6abc7329e;;;;;;
09dbb792f5699e715c33b461bf00c9e6;;;;;;
b2d3739c47f40f5a1384f4a78171b778;;;;;;
52e9d3b83c99a031b3b570ac9b3af4e6;;;;;;
aae1abbd9d2874cb77378ee7f41a8547;;;;;;
f743a19deff4122f693eb85614244225;;;;;;
a3e1e8f6b17f4580eb847a2d23053dd6;;;;;;
0f9aab098d8aecd4b1f18334eb9e259f;;;;;;
84741013dffe6869a3b79e5b0f56b3c2;;;;;;
6f89805750dc64514fe36bc6a3ca61e7;;;;;;
4bbe2f5c72481a2910c163297e777800;;;;;;
c96b163bf923cccc7d056fe0527e1d6c;;;;;;
df5ba662e17ae75fe1b4a338daf19bbe;;;;;;
ef7347252295c8e25729158c96d41b80;;;;;;
2fc7643096c3ac6d204b43a1f7c09d44;;;;;;
3c4fbeb38c9a7ba7976d45e749658764;;;;;;
c6430a5c74ad654aa0c67158639424d5;;;;;;
371c70a71f059a56c134459b977b9cd0;;;;;;
e0bb692a2a4d92301462855aa5fed7f1;;;;;;
67ab68f18fe98fd177fcbfcf38b5fdbe;;;;;;
188945fd95ff96952d9b9142228710a6;;;;;;
e1e78b24af5200749ece82edc24191ff;;;;;;
755099ad92d3446a3e296f43794d90a3;;;;;;
a3c2ee7ebbaf94320816e25e5c150944;;;;;;
b72ebf196702b9af76a6c616bdc29a41;;;;;;
21e2ea94fa805e37df4118e8d116d332;;;;;;
dd28f802b040a09a33c0a9ed0b12f7b1;;;;;;
c82cfc5b39cbf76c2b2ed3f4d7757821;;;;;;
09da27675a06124a664968bb9a9b2c4c;;;;;;
41e530a1270062e88d70a122e22d2253;;;;;;
4461a81645083c777e3c5d30d4b30f13;;;;;;
e2cf11ebd8855b674ea11f7ff3c89258;;;;;;
1ff1d444251090090910e8810aba16e6;;;;;;
250c0be9f93366c6c3769be9e835b4ec;;;;;;
e4ad52c2dbc8ef014b0c935d077a44a2;;;;;;
71e2283476682a0839e2f74fecb5b0f2;;;;;;
37443ef1cede50e02eaffdc737b97333;;;;;;
f1bac938a0491ffac81177e8c4493e2a;;;;;;
4849512cbd40d4a369425c7d7bcecf73;;;;;;
2898307c62cea0f6159a0913ff5f8e16;;;;;;
7bd8d3618a8ce53dde43b25a7e74ed5a;;;;;;
6194d084f97daf0118091b5c8eddbd25;;;;;;
2d6fa4ce74639acdfe65614fe041aa0c;;;;;;
926f2449e04d7b688d12698a2633e56e;;;;;;
ec9db1c722153023471ec3ba8c3d837d;;;;;;
ea591135f59fb5f3c179c6d7ed0a3f4c;;;;;;
1ca3c4c73d2cd00f059be8ed19fd73f3;;;;;;
b945a51c576a224fcae47ce77cdbe7fb;;;;;;
2f099acd859f3061c993616379acee93;;;;;;
dbbcf578a725b2345eb96f5136cb3325;;;;;;
030b2e436dbeeae830b59ac1334a7276;;;;;;
ae44f125cdf46dbb2625b9684e070042;;;;;;
d7795442c79838069c0f555938cb0df1;;;;;;
3e50a6b7bfa6e0635dbcd4b381b94e99;;;;;;
c3cfe52bdfa7caf7bf5947a196b5bfd7;;;;;;
e4061849d962982fec16a2008d638e3c;;;;;;
b965fec35c825e0aa3491ff07e0765ea;;;;;;
b9c5a5a1d3f401cbd4fd90309eb10f22;;;;;;
2b083ad1447e9b8f72d83854a929fef8;;;;;;
38b53c8584f66182b245487c1efc2e4f;;;;;;
4f9c4cdfe99ce8c35f4bd05a3fc40204;;;;;;
d8d7848976a830d779378d8e0581c40c;;;;;;
1e5e3994254077d5c7cf704766278592;;;;;;
ab3a871128f93b8f34ede5056f998215;;;;;;
2e389dc20881953dcb8dda6bb30f01f3;;;;;;
9bf84355654f728b81efa5e70f3d9528;;;;;;
31862495fc1124074b485d60c087b592;;;;;;
c162fc90eaf0fe7736be697b7e470c4f;;;;;;
565e5c4bdf249ee5855a07308fab4020;;;;;;
fe2cb6aeb3ddcf16be6b2e2d811e85b1;;;;;;
301f1678803769d560a4ca6caeba1c77;;;;;;
1924332c4f3896f079578fb3cd6562fc;;;;;;
215acc9b246604fa62e8f6259ba63502;;;;;;
6b668fef98ba4ff57457a57a0a35f770;;;;;;
c60b53c1c1464a3759d111160a597e97;;;;;;
66f503b423f0cef481ff67d89424edd4;;;;;;
fa1f7c3bb39e195882507caef7849f4c;;;;;;
0794a592efc342de199d44f56b2c12af;;;;;;
4cdcb0a106bd1da5b539a9cd9be0cd89;;;;;;
79a029b0f9ec92c928f53f10708ebf53;;;;;;
a66037bc9b46b2238fe078be6f0bfa66;;;;;;
20652977a5de41647f2be842e8668692;;;;;;
c06af2d78ebd06d072db684cb8257dbb;;;;;;
573f5f89dc88849e0df03a32f05c1479;;;;;;
0b881d0057ad0f57f5162f89be8efe77;;;;;;
8ce2e28685fc785ec50262bf54468cf3;;;;;;
e5dfe04d06526adfee8fd8bb08b944e6;;;;;;
6fc0c3e8c054edeef565aa7cdad89433;;;;;;
ca4e80b601a84527c40cdafe9245d0fa;;;;;;
3cdc41900ecd9881afb4fda58fd4d5ec;;;;;;
1737e02e3f6efd1e298f3a6e8206c248;;;;;;
e752d966fad6d2faca9ccf647e86fbbc;;;;;;
9b5ac70c326eb74b15234286f279f09a;;;;;;
3daa7523f1b2459b462b92cf0632acc2;;;;;;
54dfefc7a59bbc4fcf334750bd43802f;;;;;;
5f17f1194d143cb3267a1cf19bc6ae09;;;;;;
947d9df7a742cdb6f07f227dbfd12e68;;;;;;
30a4198395289cb8135d73ba11790796;;;;;;
5868ec42b7953afcb6450a53b2f938a2;;;;;;
1a5abb41ceeb13f8041dc42001196b70;;;;;;
d6f4f550fcc6db02a64e34bd938d84e6;;;;;;
18d07513d5676af25ebdba1a13b63c7d;;;;;;
8fa53e7ab77e11ab291de0792a6ba354;;;;;;
a5845e48c4d08d7378d6e7aafe154211;;;;;;
712612d37098b8e09e0ed0b14956b8f5;;;;;;
ca915c29b071150732e8d60dc495ec3a;;;;;;
915ce631d4c65bc7343583ce1dbe25d6;;;;;;
ebfb63180120f52111f86ec501209af3;;;;;;
d0c72045325a69a6686950c05f3851d1;;;;;;
d63b82055f6be76ea84515f30da9082e;;;;;;
291ddedcc153ae4fce57ad50ad4415db;;;;;;
4e52acf834670638d12fa91ad73cad6d;;;;;;
43ffe101c8b0642eac466ed4dbae5fa2;;;;;;
59a4a99e5cb8a4eb73cbefba82835735;;;;;;
0040d867c42afa7196bc9792b6255ecf;;;;;;
02346799e35c539c79fd40da59324d78;;;;;;
3d0272b74a8e55d0a7eda87bfbb84b42;;;;;;
bd396267e6f342966b8408cbde8c38e0;;;;;;
96778bb464a057b983caed89a59d6d98;;;;;;
0587f8ad7245500b11a1394b8127c989;;;;;;
98efd62f4a8788f2296f4da3b08033a3;;;;;;
664c358289447adb4ba04381f958e5d9;;;;;;
3c11a1b7a3bdf0c47dbfa2bb09cb3b25;;;;;;
7229dcdc30b14d1d4f5f79e674909bd6;;;;;;
4f22d189ce60286c9288cb5c68ccea1b;;;;;;
ea959a196653d182568d7ac6dfab4e74;;;;;;
2221e8c1b98844ca6f3abc6065e5f1b2;;;;;;
91aad0f36df67ce3010771865915dfe4;;;;;;
32bd67a1b9a7f017b314cfda7f77c4dd;;;;;;
2d591e8ca5af58971d4ee3a0ad59b803;;;;;;
3d9976d49d85167ec836c77d839dd85c;;;;;;
03096bde868795f9321e18bcd5c17e31;;;;;;
bfabf8a6173c7b300b23edbe05591fdd;;;;;;
2847edfd2ac96337c95f6985b77952a6;;;;;;
50b3a4f33b8921642c99072e0a6df426;;;;;;
8b51d9b8d55f5c6c710ca514469a9f7c;;;;;;
1c19fa9483374217485205f95fb20743;;;;;;
eef9308ea4c30555da9777b130b56936;;;;;;
62cc25823a2f727939c3249c9b983bf9;;;;;;
1e9e490bcd735a7590113343bc490822;;;;;;
ccdd199ca769d3b421e24002f1f4cd99;;;;;;
db1e11205b4f8ab252e9a6ae9e5670f8;;;;;;
7e121342fcd94f7c32e6a74169a2091f;;;;;;
70debc1666a303ba7bd58a6a242fa5a2;;;;;;
1ba915c1992ae74d6cedcb5e7ad81c50;;;;;;
6fd16b3a4667d0494450b3a756d7b4d0;;;;;;
9c9de293f5e38ec64ebfd7feef0a82fe;;;;;;
318c7fb5a6aa81d88802aa9f8b1e7749;;;;;;
ddb763933b54da6c986f669f874722c6;;;;;;
b8db5c579acb7049618c29d1c56917f6;;;;;;
78661c13a049ef42ce3d68a76dd2fdcd;;;;;;
72c06cae333a76fcf79fe31816eeeb10;;;;;;
df0ec238a08b9d9c9976d0e5e9b930bb;;;;;;
be80acaed2784e1f5b5de6b962fcde00;;;;;;
a81f5026b4fa13d7579f2024486736fa;;;;;;
a9e324df5b1650336388388cff65e35b;;;;;;
d20a4c607c635bc1b1113215af1b32f0;;;;;;
ae5bc40187d02653297c42f19fedd85b;;;;;;
047051facb8c5836052cf9f4f1e2198f;;;;;;
17d98f44acfafa3335f64ce18a4281b8;;;;;;
5c6036ac227aebe30f0bb3f40a5e3a34;;;;;;
fb0370322f9194f13619b49a536f29ed;;;;;;
27f700ab9450338a04ea69c6bf00fb7c;;;;;;
856b09f7563e53808a3aecfa5107a243;;;;;;
9bd636a63b60f3b707e0f0a5ef8a5922;;;;;;
476bb256e2ca6b58d4b2d9090e04b84a;;;;;;
79d66fe918ee1342def8190140083d91;;;;;;
22b74e08e59fb61680fbfc0fb9f8516b;;;;;;
06b388da6884bacdd473ab1acbc1cd88;;;;;;
d743559130159cd72d8aa575b2b5b1cc;;;;;;
3c0d331af7fd76c396b6f5efd90497b5;;;;;;
cda0f64a266fd80f101737e547d79813;;;;;;
7992de661cd262dda0b2cda167121778;;;;;;
e3f7a276de0d1a28ab122638c0fa590b;;;;;;
c697504432d2985561f47de767df4737;;;;;;
9e3a9a6034fdadb4741e4edfd1074c07;;;;;;
44ef1cf74ed2e6ab5372a532738419e8;;;;;;
233f06b1fb055e45864a936ea8171823;;;;;;
4ee3379cba563ef9f92e9b2b4397441c;;;;;;
79e18eb34c288185c42658112a177ae6;;;;;;
4712ffef84048a1ed96591ccfdd4d77d;;;;;;
fc7172d3d03cac331fa1cc3b3d1d15f7;;;;;;
f300b2a92d836d256ad0828614a83ad8;;;;;;
348dcc9c6f4bdb941f9752f1edc22300;;;;;;
c62dbbc17f4bf5259da09299d4abff2f;;;;;;
842cda0b535e044e16cc3f7673dd288c;;;;;;
d7ff0c5e2c9311d18dc2f42be042c948;;;;;;
0cad690975c6710d77aeccf2936af151;;;;;;
546fa5efd607e5c9de4dac3fc5c91c19;;;;;;
397c049432ec22fb5bbdffa84d215073;;;;;;
d38de805f317a1eea6853dfcb1675836;;;;;;
5b581a834056a6434e2bd1b9c5698a61;;;;;;
3ee24382ef0002983201af37bfe761b3;;;;;;
5313dc5b5ab31270c4f953d50d44c696;;;;;;
78e6f074260cf612e84699a1585cf028;;;;;;
a21ab93f47ed03a250146978c127e0c7;;;;;;
5effc33c02b9076b79ec57b8ea0ada08;;;;;;
ebee6e91877e45008626f6a20a0c78da;;;;;;
8ae1f20b73dd4411f4c45324269b4ea6;;;;;;
1f68f43cb6e842fa6c59cfd1ad456c59;;;;;;
bdd993a909f7290b9fc34c664a41a764;;;;;;
083cf676b36b4eb7679de95be9161cf3;;;;;;
e1d473beecaea75c49cca6d1879f8e1d;;;;;;
df1c3e2079ca896906e78646b864a4da;;;;;;
0dc9cf11bd7c5591bef960a3676e6a87;;;;;;
60948bff75a772919336ff13d1b61641;;;;;;
2b075f6dc90cccfba74ce3695099256e;;;;;;
05da6f4ae87885d188fee63541ae26f6;;;;;;
7e3a21d46f29f51272a9c63946ca1aa9;;;;;;
bc6750eb10d51256063bb8ea7cb304d6;;;;;;
aadb18c16123979230ca167ab4770b63;;;;;;
80b90e81dbb113475bf5a9c47ae29767;;;;;;
cded17658dcc2c97c2f2dd7f7a2185a2;;;;;;
d836b10a4f9f6c57e74d03ed5c1cde1b;;;;;;
9d10651471b3209bc04c2a4976715851;;;;;;
b007173c57db2642185d2f890b997276;;;;;;
dbc4f3626e3a84aae8f63e8f30626f52;;;;;;
cb359b235ee0842e588df820ce04b887;;;;;;
d723909761a9f077e9c20d7814578504;;;;;;
6cccdacd2d333327bbd62d68b9177495;;;;;;
d4e2d883e077961d6f7a1305025e3dab;;;;;;
c46c5c584cc5c30e55a6db829ac462f9;;;;;;
e2fdf85037f6c6a7c151e5d3f6dd453c;;;;;;
dc10cc6e011398d19d712ab043dcebf9;;;;;;
d6d70a33ab8d3635c9fc0cdb31aea972;;;;;;
7301b104047dd0ba3204f8563f85285a;;;;;;
b6261490b0a69ebe825f33930540a262;;;;;;
3fd2c9c3f7ca16d81737a1ebbad5068f;;;;;;
d1b8eb91e288006d96b7608322035868;;;;;;
7c264278296aff07cc13f73390beee76;;;;;;
4e105d768d211f9d570d5768dc894624;;;;;;
bad50693481d08bc78c01156438a44d7;;;;;;
f36f5be8de3bf53c208702f00d3dc991;;;;;;
d5802a044b0cbe3cc0c7549d539d703c;;;;;;
341e8a3d5c22bfc9aeb1da76556cdb58;;;;;;
5076f5d7558757c09d5b19b147f41e67;;;;;;
39f244f63e1c30524159a7e6ee3455df;;;;;;
d66d3335d8ff56fd885868a5ebb067b8;;;;;;
baea9e3ba06895a9c89f986eaca914b4;;;;;;
d48879cb2c1f7701347814b9eb113cbe;;;;;;
a909da5cc72555f07304c938f8c7ec2d;;;;;;
81edc429491187716fadbd28dee52eac;;;;;;
b2617afd12536bc8505dd8e2940a14f1;;;;;;
afdb43b30ca8bf5f74aee14240bf447f;;;;;;
9e87323b2ce436ec27e0ce7c92839b7e;;;;;;
43e8787e17d7def119566126a372e8d8;;;;;;
cf0ba614eeb886a1f303d5dc4272a0f5;;;;;;
97f9fadef7c138787f1c9109e6914249;;;;;;
3621ccb95c0becc7f00f7b40be0b33a3;;;;;;
21534d185e80899d2436b8f8b4443745;;;;;;
42e6c7bba3f23a4a385183ad19ac7469;;;;;;
2a440e45224d434fcb6a6a2c75845122;;;;;;
9af77fba48bcf64e64c6f5461c8a724c;;;;;;
fa01469ea8e08ab6514e3147eb73c09b;;;;;;
3c2f582e4672bc6499d0580b21b9aedb;;;;;;
367d84b08733b7585ddf3b9b5a71b103;;;;;;
a84304021285598995c6831b5a0db203;;;;;;
08a4eeae86e11134d6fdddd03e29038d;;;;;;
97dd39b0d42d65ce234cce9116563b7d;;;;;;
f6d97a03941584196fcc2b48f662a7b9;;;;;;
e1f767f8939e911eab133feaf62ff426;;;;;;
a63a368c49aea0ba9897067bb252e5c3;;;;;;
cac66b778d5b5e22a106acf05f8650e4;;;;;;
8fa7e6551bd99fcd085ab2c5c376a0df;;;;;;
c3af2a83953fe93c18a5ec15b2bdc519;;;;;;
b1c2962b04becf841ae69e3403372278;;;;;;
5551a774568ab5e1e3925b19eafc9a54;;;;;;
a51bb5d32ad5e30f1ead8727035145d1;;;;;;
20791af1e33e811704277a4c91479311;;;;;;
2048706fc96d374505e26acbc160be66;;;;;;
862a88bcd56c09b3e091321e76de0f0c;;;;;;
fe8f1ce22758e7ff8d9d27f5e439a22f;;;;;;
2e44f617f45b933901e886ed40773ebc;;;;;;
813f220fa41dc16f7155306ad506db13;;;;;;
a10749bcbea39c609041ff83d5930480;;;;;;
c2e9d6aaa02ba75f766fd91fb2e5e489;;;;;;
37808f4b2e1e2c18e76d9ed311414dff;;;;;;
b7f9b918bff421379d6d54b05cd762d1;;;;;;
4494237b91dfa94722fb2fe7830c85e5;;;;;;
1ca53257ae7a9b31e0f9e8fdb36f2c21;;;;;;
4ec89c0f7195f1efe3af4775c5a24ab1;;;;;;
025bb3b009a3a2312b692379fe9e57a7;;;;;;
f0f41f180405e1866a05754faaca5121;;;;;;
571405bbda6b8eca2561a03f6edbc389;;;;;;
70b57727fe582e7006cafee9d107f342;;;;;;
dbf20dcda2b68fae258296d7f5b853ac;;;;;;
2b09fa62876e56cb1ef29c125de129c5;;;;;;
9d9c380384f5da7705f201ac5277478e;;;;;;
4e0ab14575d9a3a8a6b8d5eae611ba1a;;;;;;
ca2714d7f76d264627d61ef14e675dee;;;;;;
e64c011dbc47256f2399b1526895e5f1;;;;;;
f2d75a67b065681c1668b1680030555a;;;;;;
f7e3809d5259d51271f91f6999e44f3b;;;;;;
b87b3ae4823b63822ad3523025ea2115;;;;;;
76324d6ac8fa0f4166c1de1558a5c18d;;;;;;
886789a0d8b84b2bb19ffb604c1b86a4;;;;;;
b06a548f035d167552ef2ec7ed033dbf;;;;;;
59ed06bcd2a6546604988f056653a275;;;;;;
20807c42027e1a5a315b2cd7443600fb;;;;;;
47cff42fc0c40673fa76b497eb5eade4;;;;;;
df75eefe92510502cbac1304b7877611;;;;;;
1520deea269282d5f9d6bf264729245c;;;;;;
98ac2cf47580770a444dd6c800286629;;;;;;
b929405c6b565c6f552370dddd39e5eb;;;;;;
a71cc72e9da86413cf27b3d7ec969b88;;;;;;
001fc37b6213467c9edb3d2a5262eef9;;;;;;
b3c3d1d72ff25e01fb14efc7b075bf39;;;;;;
d63c3fd558bec84912f0278f5b0a3678;;;;;;
408c4252875dec4c349022e7fb82509e;;;;;;
ed9dcf2f15ba76905ff223c68e55f27b;;;;;;
99fb1ea7980402a63c4a68eb7517c85f;;;;;;
ea5a997d7f2ced72039352ea8cecd2d6;;;;;;
90d93d5d9e4d3ba7fa348469d48b60b3;;;;;;
1a7b8d3583f9a9177bc17f9ce588c531;;;;;;
7a058c32a91c6bc307385bb0137d1edb;;;;;;
704f398b7eb4dbed1e04f63972019326;;;;;;
23f49d45711b4fe6633ebbc39786cc4d;;;;;;
3b0f23d17c4ba13c9ef69568cd8aac95;;;;;;
152af749e54baa8b1ca028f77ce9dfa2;;;;;;
8b485dd0b8ddc34a41e46110fc3cf166;;;;;;
6fc44425a5de8dc622af1edb6d7b524a;;;;;;
08cba84a305e8a580c58e64c95f1f07c;;;;;;
b370515ea8d516a08a9dbe8766c14e72;;;;;;
05bce6114f80928cd9daf6a07dd11f1f;;;;;;
447604eb348d5846156c37787af53cae;;;;;;
74c18fad9bee5543b88710e79ad7f54f;;;;;;
47cb4111804702dc6545da95bc897a1d;;;;;;
52def9aca13a4141b6a59e0c3efa03ba;;;;;;
22f8c48c34e2747c6a3668bc44284a37;;;;;;
f59244234cd12de450037c8c99ce75e1;;;;;;
45598158ac206c571b4aa310eafa4575;;;;;;
b1b68d4898aaea7cd6292aac565a34c4;;;;;;
3b37caae7cea0d8136c908883a65bc20;;;;;;
53bf78644952ba07720bf76d77437549;;;;;;
e2a6dc1ec6b801ec8bab31c29f59045c;;;;;;
a3449b34e3811f2a42606b5b3f8b0256;;;;;;
83c85738e7da7623b77bc3cc8a2751b5;;;;;;
e0a6c59155be757b6d47a3d7997e66dc;;;;;;
d44b71aa2cee317266a12bcf4df3f029;;;;;;
1a6cafe8337e6c90ad48c350ccb676c2;;;;;;
ff8a4fbdea9bac6f903d50376e15c306;;;;;;
aa8e121b44e1914ce7423a2599b7cdaf;;;;;;
48fa8e2892f77f61524aceaf1df4492d;;;;;;
5d87dfaad45cd6577dde6c07a3f88bee;;;;;;
9623d592f594d6f069506188978ad984;;;;;;
9682c1305c8bfdb69ccd6237d58d6289;;;;;;
d940a6c522d6ba1cae6d4933a0ec9eca;;;;;;
f2f28f58ca841c40ee8223fc429d387f;;;;;;
77234d85c482641078475bde8b66fe48;;;;;;
c58a22068f410fc36232cb7ed988adff;;;;;;
1320a4632e58c79e8aea04e865771c26;;;;;;
d31ffd89749944586e0fdda44cdc4153;;;;;;
cf1aca39fff860382848bb384bc82082;;;;;;
bf8c242f3cec96d59b4960fa30ed6c05;;;;;;
e5db81f44a919de30657169ab1b2f389;;;;;;
3939011a71e6596205e93d3e1800cf0c;;;;;;
8a2ff5e6acad1ed1b51fe3af14620486;;;;;;
1bd5110458ddf8fd2b07204881eb1944;;;;;;
fb96a2940e9d8c932487cd547dbbc028;;;;;;
643e24baae09b394553eaf4456b06273;;;;;;
8a59b7f4fde29a5289468a4dcd7deffb;;;;;;
8e4c3970a7a732ebce9c69097b09e24d;;;;;;
1725ae8ab3119b72afe9db598491c15b;;;;;;
63794562ea61f02d85e18cde3663ec75;;;;;;
1e86ecfd048d5e22939c6b24d8f6830d;;;;;;
24e656579bee06cd57e4ee1db96ea788;;;;;;
b67899468d3c43de9e04553c949b77c4;;;;;;
d14303e7f6a5f1eafc787d8486b5f9e2;;;;;;
7775a4467cddb9cfd2c7956545fbcc5c;;;;;;
1b2d0924dd2407ae4adc5d014c2cf260;;;;;;
541f23c3de4b96437d6b6e67cd907dff;;;;;;
c160ffd173d7a968462358a4b5947489;;;;;;
409cbe6e2d3a799776b918085b561e11;;;;;;
baa72bee9770914f78abf6c604a14eb8;;;;;;
68c230b038fb23c0ddfb81cae43b9c9f;;;;;;
4f0bbe421a2af9b3d86457c466e187b2;;;;;;
cea3864ab3b52851d9f9065d12378bb1;;;;;;
e34ac7069883750e37e5734cc6815259;;;;;;
77973527cdf49290eda24595f0f1615b;;;;;;
ce091eda27ad27095a95258ee881b79a;;;;;;
7eda5ac276ef876ca0db20b1dddd12d2;;;;;;
1573bdd2147db28267d9d7268eedc77e;;;;;;
00bd89c15f2f5523b46cdf8f03d63ac3;;;;;;
5220cb475bb0229dff820a90a6a32112;;;;;;
55296a3b9a188b2f97eab3181e89d2bc;;;;;;
6734592646721a5c0bd7f22605150af7;;;;;;
4beac4370e330ed9b0bf334caab450f5;;;;;;
4f12c0af6c6c080be8d52ebe52bb2b4c;;;;;;
9a29ecf183966c7184cb1a9524fe4fa2;;;;;;
e58c05b422711d4fdb37c456cf794c74;;;;;;
a94de3ec541e444730d27c50fe26d689;;;;;;
1578311caac0c7a0ce794410c549d024;;;;;;
390d54f0f4a2edf529ede4620b25db57;;;;;;
3169aa2113eabecbb6c10f53a5e15cbe;;;;;;
65266687b64ed4020cf75cedf01942f9;;;;;;
651d69e7649ae6cb40baf3070f38ea60;;;;;;
d7e14a9ef5b09886600aa758e29b63a1;;;;;;
ff9ab60a18e7dd4cdc208a54cf02c4df;;;;;;
c21c2fa85f39afd3882e9c0295fde038;;;;;;
0394c66efc3faef536ccc20833774eae;;;;;;
ef50770277f4c3f1e09938dfb2843304;;;;;;
621e080ded039bd5b20b3875c287cd7b;;;;;;
ab62ff4b9ef3c3ad305a79e088009f29;;;;;;
fe089a8319351f014d9db98095c781bb;;;;;;
03a6b62fc5a63477d853a5e15c508619;;;;;;
68a167315c40365f6af9f0f3927cd2c1;;;;;;
de3c918a28f160a7473d425343a90189;;;;;;
59f4fe29d2517f1d2879978be6f720b7;;;;;;
d48085fb264d5c48c4c7ae1085b59bf3;;;;;;
b122bea0244a51acf910d7f7c9f5c1fd;;;;;;
16823b19d154144413e190586cbb3566;;;;;;
fb9ad9c3f47532a519ff6140eea95b44;;;;;;
f9f158d1c72e475d1992cef05056e412;;;;;;
3c23bb3ca93335997b18aa903a600be4;;;;;;
5fa5a1609df6565308691d29f4a21d22;;;;;;
94e1cc7c5018a1cc09f407b65357b936;;;;;;
0323c9fb64ae7eda5da0678f5f4646f0;;;;;;
1fddf6b4690c6dba5a3a8ed300f2e99a;;;;;;
12e6116dc2999ff7a24d63ed4dc6c3bf;;;;;;
a5f2aee323deccc9882b2416c42d2556;;;;;;
48fef92f5057eccfb5da22fea2670311;;;;;;
7149a2b1eb0308a286115d6bc0d0dbac;;;;;;
11c8b13f4ea5145717bfb5459ac9a462;;;;;;
a416a68d0e355f5bfe211854731445dd;;;;;;
ea479bfd9f64833ae47eb16ae6b7af74;;;;;;
ab06ec02a22c000630ff6d515e4771e2;;;;;;
4001d87a6e267b12bb9c8d4bab7066d5;;;;;;
ebb47efc0eab4008817f5356f986db8a;;;;;;
cad223ca80a891b4cedbb0309aa23efe;;;;;;
a63a29864007b31b51e543f615102ed1;;;;;;
ac6b16e295449647bef8a57f31353bb0;;;;;;
f996ba9a6809a0729ce958c9d46052cf;;;;;;
f8f1384916b6ae797a5063a7e61a4c81;;;;;;
e6d5710a0f580a44e0f9bfffeededa0b;;;;;;
a43dbac816af4708fa72df07a8d5eb50;;;;;;
34506447240faf549cd28aa7c50fbc27;;;;;;
a7ae41dcf87ae35003a747e527b7a6cc;;;;;;
8d0f9050b5dabc79c4a2a28b195dd2f0;;;;;;
3d46358c43120559e65937d2f6ef4285;;;;;;
d20004fc62f3edd587345acbfb027546;;;;;;
415e9fde4bccc59090512caaa8cf542f;;;;;;
c5ca2a60e24485883a47902438f9c7ce;;;;;;
da27325f7a061d4b116da3f20766c0de;;;;;;
bcd4768e478c707e33c8332fff730c47;;;;;;
c4bec9388faccdbe81146e6e638abb20;;;;;;
012be638641f31eb4755c1f0b6f839b9;;;;;;
3c92274a16579f1281b85e7aa9e5aeff;;;;;;
6e4b8f2afa80ef9bc77f2e926c43de99;;;;;;
72278e8d49df9051fc4cc48ce654d480;;;;;;
9ad2132e6457cf33a458571887c8f9ca;;;;;;
63de1184aec858fe07d23ec032d654df;;;;;;
f9dba5527e0ff3e07347cf471770536b;;;;;;
f01303e6209660f08c05f7686b6a9834;;;;;;
7f25b0898d988db25887a22b7a718e24;;;;;;
4aa5445164b79429a6336cf52216e93f;;;;;;
13273b80b3bc6b1f526e4f4fb3faa5c0;;;;;;
21be2df2335005eee14a1988efda5677;;;;;;
078ce16bd94d95e2b4ecb476316b2b08;;;;;;
40db9b6418ce569afbfb8c8cdd9a68e6;;;;;;
97545b1ab90d6c1fd1ed9412fb5f52f3;;;;;;
945bd57c2e82b38ae634c20a641a7910;;;;;;
8f09d7879dc180cb87dc4b8842551ac2;;;;;;
ee78e5a879cb989a19cc7e697942622a;;;;;;
cf00ef6576987091c2fdce7006d389e6;;;;;;
06698bd73c6431e235e91c27e16d0809;;;;;;
7d4bc9dd29bc4c3afb9a71f4acd95d81;;;;;;
a849bdaad895a2ab38eb54a2c54a798b;;;;;;
71186ed4850e3583313c6d5da0a69350;;;;;;
4e18438d8470f73cc958a4dd3938db8a;;;;;;
ef692b5285c823aa29c869f2c761f430;;;;;;
0c6c8a1c3975a8532148ad1243ea02c2;;;;;;
fb12414c567e2b11f43034fec8499627;;;;;;
e28fa7b96b2959ebabd288cd86c8e9a9;;;;;;
55f81b46c96b1ecc1589cd55d78904a2;;;;;;
aca0afac30bb46224782b19a0d7deb4c;;;;;;
5a4d78ad653bbd7dcf14280705b7133b;;;;;;
f9f0876fcc4d0fc6559eb1478b02c7dc;;;;;;
f5ad0877b8c63a5d17f65a5bfb9e0328;;;;;;
9a988933deb52e5c4d4df0819623e483;;;;;;
8366024aa0197a42f003f48767fba51c;;;;;;
6d12357c752bec6d5e1cfa0fc7441dee;;;;;;
9fad7c3ea0fa6b581f69baebb8b545fe;;;;;;
f015ca14bbd3ae0faf3fd061196be9b6;;;;;;
2b01951fde58b83bf370a92149ae9aec;;;;;;
109eb408334be32abcab5eb849baf5b4;;;;;;
9378f9c4c14dee2631a4ef27db96e32a;;;;;;
bfeb1a32e38f016ce30b5ed3c13efe88;;;;;;
d60a409f78e375ae42da6395705febb6;;;;;;
89dda240b6ff3b09baaa592e98647d34;;;;;;
867d32622fd8958d3e0d18c8553dd682;;;;;;
cc84611dfd1da051a9da9a7eec7b0e6a;;;;;;
221f6a8d9201ebb6def85d4f446a2db3;;;;;;
139e3abae7ef0c84141b32494daa8bbc;;;;;;
eb68837cf772e9f3b1284ff74759e194;;;;;;
d3260af6aae7b5002b9eb26edf44cf89;;;;;;
eff8167f9f4908ee64041e76830484d0;;;;;;
922f06095a10c5aaa3b2f0c352ce5381;;;;;;
eaf8eea1a6f12ce6b5720234f70cd9f2;;;;;;
7762a2e1fe96fbc194679802db728260;;;;;;
ddee762299dc0a39a37c06f4ef20166c;;;;;;
daaa0804132b7a0c259d809dd6fb358c;;;;;;
428b63b93a850017efdbb51a3dfee57b;;;;;;
3b57b5ca1d89e91c8e515d7e0174adb8;;;;;;
64c132ee34a890d2e522818a54864bcf;;;;;;
f88385a5c984d380e28a4a6def5c137f;;;;;;
39246eeee21012ce6aa554bda2a21fc8;;;;;;
0838ad43c937342a39e7928ebf992a26;;;;;;
13c9d029c526c244f4d4ed3ad647afd0;;;;;;
ffe710c48314c0111b21adc15e71b502;;;;;;
54885abaaee4df67cc899772f44aa664;;;;;;
3fe76ff63bdc838b1a5dacd34ade6f3b;;;;;;
563dc3aea84bb80ae202cec9e5685c99;;;;;;
def2246dd220c1ece104a760a8b7fc50;;;;;;
bc69a71aeac2bd7ac93977e2571a957c;;;;;;
250dfa64c8bd1b7012547635b40a2bdf;;;;;;
f00da183dcc7461ab1861594798277f3;;;;;;
d26f0aadd8601ce69f068ff120603438;;;;;;
8b0a05c5e0f5907d1e7e13e3114d4846;;;;;;
f3bf0a6e1b0545a5f056bc9423b0e5db;;;;;;
5eca995edb4515fcb156e367b848338b;;;;;;
25d89e1c2b975a023acec95a4135e14e;;;;;;
0e6ab93b2f880164846964c7a7b6630b;;;;;;
69981edf3f3839fbe4f7b0b1680df685;;;;;;
4841bffae6aa9c0508d2e287b5e4abe2;;;;;;
8172b54446830c043003cb5cfe2e1c3d;;;;;;
5a1206926c05ab69c3642d41f889bef9;;;;;;
7c17d47e3cb6db0eb3e636527cf14a62;;;;;;
4039291fdf581327192ae5e526146a4a;;;;;;
a0f4412eecb7f5bf43dd875d567efebd;;;;;;
cc7ec53992f8257665965fb0f1fb2561;;;;;;
e9cb841042a642144583725c3e106e60;;;;;;
d7de76ee0dac23d24b46b1d8d5e8aba5;;;;;;
7ab4b77043a8444efc2d3785887994fa;;;;;;
25b821b231db204e9475ba98ccd979a9;;;;;;
f60713b8dff93ffd72682cd288a3d935;;;;;;
6445ca4f575a47a0983dd692e63e06aa;;;;;;
5c34151b6bbea2a271b8172edf537536;;;;;;
36176b522c99bdacdabbac899fd5d704;;;;;;
359f427706b7edbdf94c606f851f6633;;;;;;
e43342fd263fbc881940655b45229cf3;;;;;;
033f24849834b8345fdd8caea41bf423;;;;;;
f93cd413384b96d973969dd4b8ee906c;;;;;;
9685ef061947bab129baa6185e665b5f;;;;;;
2b3574e8768fcece253019a819676b41;;;;;;
972cf7387e28c7ca33740e4ce5d2f36a;;;;;;
ecffc611e11e42c2a945ff4ecc7298c7;;;;;;
b3a86b862a1b21a48a49c81233416ed1;;;;;;
6c91db4d1a06ff22ba9592cd6a6fb6e1;;;;;;
09bc012d3959a60b6d24b0d4933ce791;;;;;;
6ab6f619e9dcb25486e5f55daaf4e338;;;;;;
7509f64f571f91fe8ca5dd4e50859026;;;;;;
a8d90c2d7de9354afdc186a80f530bb0;;;;;;
52331221b36cffd62eff776f29e66919;;;;;;
3f7f38cf3c24821cf91a6042b40293cb;;;;;;
42b8562719ff6de3ae19950552d0ebd0;;;;;;
92b043312dd2af8e6091696f805a2336;;;;;;
b6167f879cd18ccdef9b2a45013d23b1;;;;;;
1c1e2fb0bdb9358119ae1a693838fa7b;;;;;;
5b4abbfd9a98305ce58a0ae461b7eb9d;;;;;;
40684734c13e6075e5f2002096ed035e;;;;;;
804bcb97582b766e2c82386891940e17;;;;;;
1a4cc95c0b0ca5a5caa9b534b4a7911f;;;;;;
7621d98cbeab24cfeec1efc523cece34;;;;;;
40040fad6f27517f265b7566e8bdd412;;;;;;
9dedf85bf675d8167df23fee358367f2;;;;;;
1065fa331015c1dc7d6550f0459337b8;;;;;;
d6dab0e9e8abc71a010368e2f9ef79e4;;;;;;
a01c6afe2d5c3614e0dc3ea6764efe9e;;;;;;
d0a8da2f9b9ada2382203bf883016229;;;;;;
162de1f5590a9945e5233d17c778f6f0;;;;;;
e0ae9049f7ead2974330473bc27e56ab;;;;;;
498af568274815ccf861aefdb938b509;;;;;;
4317dffe594f9024db54f6db73ba79c8;;;;;;
31ab27565263b59a5aad044e7ef3e273;;;;;;
dafa48f2b7a6c9897b150dfa309df088;;;;;;
356c3e4db56806db0c9f9308ea5df325;;;;;;
72f517f36d66dc297ecb8ca71bf64d3e;;;;;;
27d1685365bb851b570c8834e2c8211a;;;;;;
751bc54e57389aec24f5b26df831dcdc;;;;;;
1094f0c4600ec29803b3f9ac3e69fec9;;;;;;
92d4f31e9ce3f31679eaf43f8aaadc9a;;;;;;
5e939c5a6328f00682a0c34e2895755a;;;;;;
6f1f691e1a88bd9e3e09b4ac66e2b884;;;;;;
71e916d4ef00bef13948d27b68fb7080;;;;;;
6b7359d26d15537f94b7742767e2c9d2;;;;;;
2c7cfacb5544158d4eb57abd25b54073;;;;;;
1ab05748feec3dd6c7fede069d11d1d3;;;;;;
4657ef949122cd61cd1f32a21ed8816c;;;;;;
b662868ccc6ecbae8d1a42278a0ffcf9;;;;;;
4e12d11348cffec3d4174d8dd5db0763;;;;;;
4adffb8dec69463dabaca7354badac5c;;;;;;
792e2ed00935debefbae5c767c72745d;;;;;;
72bf5a5c9635ae2781b008405038fcd7;;;;;;
924881b137aa2bae4b3ce220c40487fc;;;;;;
cd3b6d0c0187210af72ebb40a894a8df;;;;;;
0b83ca5adf19bf57285fa60a62fe6dd5;;;;;;
e52eab75128f49a7639ef4ecbc030b16;;;;;;
8c4f5fff2f07119bae06c2d44869b9cf;;;;;;
93954d9665af4b934f0e5a88c273dd2d;;;;;;
08a8f9e12ef32836b19645ef9f4979ec;;;;;;
c9f096af691cc8bb6ba44cd492ba6631;;;;;;
26bd7601f1c9aeca706f4aa22136182f;;;;;;
ee3d8fed7d16f329ff698de5b727814a;;;;;;
0902ad9ac28226952f536a5b6ac59baa;;;;;;
f7229977529b5b7cd7fd513c971a6730;;;;;;
e826c6bea21565c05eab2542c18703c1;;;;;;
0841bbedaa386a7ebbd86678304c4288;;;;;;
2bf50ea1e97ad81a273018764f70ab04;;;;;;
e836da1d811fb259689ca7f756ea00be;;;;;;
8b0313d0a17091e81468578e9cfff19f;;;;;;
9e604c9a11bd9aa3c3c225b8a42e6671;;;;;;
62a8c592f9745841ab49323975c63610;;;;;;
b27c8786e0926d3622bdac1ad77db22d;;;;;;
2ae9188194347a02355f176fa5e64dad;;;;;;
d6d757eb9885143862b0d23bdd1fb453;;;;;;
64c80b25b8d37d5dca97e32cc9b43beb;;;;;;
446c57ff821c2367e7d428d438cc01c0;;;;;;
dba55e6633b52cd782e3a18a27b0791b;;;;;;
237ca22f1137bbd7efcbc0c211b7c061;;;;;;
f855b28684de49bfff8f04f14865e717;;;;;;
4d4d34da04df9b7c9fe424daffe2b226;;;;;;
829622f645271912a193721f0c968770;;;;;;
d43ec8e5d8de0eb95dbfc23658884a3a;;;;;;
f04859fe6a48e13dd46fd53e7a405cd9;;;;;;
82dc7335595a7c0d776cabb0ee09cecf;;;;;;
76c78908cbf082c7e9b2d046b12b7924;;;;;;
24ec0e1b570997feb31c4b28dfa5a86f;;;;;;
c00db5a960324c108da367fb987e4aa0;;;;;;
b8ba6eb5dc64dd5ad0b14e90633444b1;;;;;;
27bc91b96a7dc08a434443978d6d42b3;;;;;;
fc717532eed163421d5b1ef44b00330d;;;;;;
59d2d6d59893d8f888517156fa85ee83;;;;;;
851dbf00c542ae7a9a43a6e55d2e3128;;;;;;
7242b954675140374f33faa42e0f580f;;;;;;
0c8d824d26578892eeb2fa73ec4ee442;;;;;;
24bd6320ccafbdbf73ac6c7c88c371ab;;;;;;
68746e6e4c2fb001a757f7e3942fd0ae;;;;;;
3eb05ac13d848e45b57d28f1f19e4d3f;;;;;;
cde9094b80378e915e915e61c8620857;;;;;;
f365fa95a2d61a0803a89034cee0f6dc;;;;;;
922032498aa66c84c03e3a0a4800f58c;;;;;;
045094174bcb3f9c5617f546f47379e4;;;;;;
385e4508db53b7343d0e62023db0aee8;;;;;;
f028b406707fdc10565ca7f89ad040fa;;;;;;
e471c8fe4b6dfe5988cd43d2263398b0;;;;;;
57aab0f9b78eed3c68eed7d42ec0aab0;;;;;;
03652c65804120879cb797d6ab4f7cb0;;;;;;
8b6632d899938cfebe546a832beea64c;;;;;;
bd4e3e838852856ae0cd140ad4cd48c7;;;;;;
85bfbff79c724242171d01bbb6075bb8;;;;;;
a9a633c573f7c2e60170fd2f76855937;;;;;;
ead5954a9f0149df7e5b3500060c9c9c;;;;;;
c4bff84d3cd339e05dc5e369874bfaf0;;;;;;
132dd00a16f9f05ded4dacef2174ecee;;;;;;
177c59b48c69723889e069e00109c4c7;;;;;;
ed9e5c76e7fe613e244635d8601985f3;;;;;;
1d1dd799cd1c0c1b2692994fb5c677d8;;;;;;
de3e8558918e42b729b66ddf778d7857;;;;;;
6ccc9e87c23cac7d7b88b00fb9897db0;;;;;;
ce5d59e63c72591b58006d41502fdf12;;;;;;
86a0cd1aa61a3a60d0cba76595893250;;;;;;
7f09fb527d29fcf6d5c09c12cc8e8897;;;;;;
7023b9b9b4f232d221f8bcc41462bb6d;;;;;;
882380391cd9f9e9407834ba8d70cf1d;;;;;;
0a9507954a8dde89d58c6a251c88ca23;;;;;;
7f3f272985372b5290adb2bff8c050d0;;;;;;
235df39a95d462535b7418267a4fbb8a;;;;;;
3cbf3efdcd4dd305daec61246b26738b;;;;;;
ca8bc8bbf5c421bbd67a209bc97cf2f8;;;;;;
df84f57c3e3d49880d462daf32c06c6b;;;;;;
ee320f6d985aebc6709650b3696e2d6a;;;;;;
88de9c0e93bf747a8db12f48c26962b4;;;;;;
9bdb07aa2eba6c634036ac984166696a;;;;;;
63ecf63a2d10b85116bb7624b70b3713;;;;;;
b82fd513b4c4b273ad7205ec113590a4;;;;;;
5d946a41e5413c5cd937cef9a5bffa9c;;;;;;
a6fac6157dcfee6b166ac5c79171ee5d;;;;;;
711793fafccfa8ee9a9cc3aec01f7a6a;;;;;;
dfd08b62640b5091beb0b4decd418ad4;;;;;;
15c1771b881019f5518fce65912b5a1d;;;;;;
062d948be7ec7cf6b9bd7b7e9713ccda;;;;;;
9167c50c9fea5d23bfc8a2e1fea76312;;;;;;
575c1efea66f6bcd872ba52565044669;;;;;;
62ad8766a1359cce303745fb666051b7;;;;;;
05ff6f9e2220d013913431c6302ebd05;;;;;;
8718294224d2ff839ca0a45079f6b183;;;;;;
2627d1af15367f82023635180165f940;;;;;;
4addbb89613470bcc5a3aa1bb233a02e;;;;;;
425e199db55a25bf1aea19aad53fb559;;;;;;
28b58d61f0189b8e0fb05dc5f4261e51;;;;;;
6cdf69e1dafd79a4aa4701b6734f8fb9;;;;;;
101c50a6003b25fa8baf659fe8ab3d35;;;;;;
79f4207cd74842c4b0a045bbf72c6232;;;;;;
6ae7c12d3c3d1fe86d84c00dcb4cd495;;;;;;
a259f2101fa8d08b7355678018f19a88;;;;;;
b6377ec36830fcd6adc9d0079a4b39fa;;;;;;
80fbfd948a0d9d9a8991a38189cc345d;;;;;;
69a3cd708c66a3834e85f4773b3db2f4;;;;;;
943abe9d0dca719e6188b854000f457e;;;;;;
152174e0a13d300c61d09f4b09973bff;;;;;;
09c9fd2e9b5fd3ba6b9e7281f2fb65d8;;;;;;
0aa4c2871cc569c52e7c382403e70aa3;;;;;;
359102d9d4e1d8037f80c5dcb1b4563e;;;;;;
c8fd15327f3cff9e57a630d66e019b56;;;;;;
53bebba8a181c3060d37de9b3926cd2a;;;;;;
e3f6f9c1951546ff750277f295625b71;;;;;;
6836060f286f50172945138f1404e55c;;;;;;
bc50295c1b45e10e53bb9d66410223c4;;;;;;
cd001b7219b95b1a5cce72c54826d63a;;;;;;
75f2ede3e140109c7abe0fae427ac3b1;;;;;;
bf72a83c3205cadc244f3e10ae518294;;;;;;
995d5c836f9afe620236d53433058847;;;;;;
97ae108ce61acf2b35e1c1769ce4a78c;;;;;;
3b122ac361e1c089f52894a730c8d3e9;;;;;;
43934bf90c1b622c2002c5ddea4f50b5;;;;;;
266667381131625c8a891ae3d62b76f5;;;;;;
0acaadef0df4c68f461e46c8a24aca24;;;;;;
a9b3369b0cfca3b39ce3f2e683abffad;;;;;;
4480a03aeb40edcd0573cd4962cfa9bb;;;;;;
a1bdd1144f32b4565896032d9a30f0d9;;;;;;
5f98ceb8702a9f1e39f1fee5bf3f7929;;;;;;
66fa5162558c78d9d3f9c3fcbd02953a;;;;;;
070330d6ae8c54f039d5cdd8fdcb338b;;;;;;
261e254faed8bf6f85a516acfe774ce3;;;;;;
1b6d1082267d190f5a853573fc7ac508;;;;;;
a503cfe7e9cb1c999ee2bb46a30dfffc;;;;;;
9c0fc0c1c0dd5eefca6d0c00eaa80613;;;;;;
fb6bd2dd03d47b462f5be3d0c2a19f7b;;;;;;
43a1f944f3bbb169c0a4329a2b3e4b94;;;;;;
a15deb1c9daab4e4664d1f7e089bd53f;;;;;;
f82ea08d8b7b780a4c32f1dba8f343a1;;;;;;
c25509cc36b8198499b655bcdeeb9d22;;;;;;
293a4dc946504eb2b2862d67a2e0632f;;;;;;
7059872a7b9c02d158ccf4569edccb7c;;;;;;
69ea308b9902ffb7b4ed6b371b3aa93b;;;;;;
7be58c73ca614d5cbdbb076101415d30;;;;;;
3a7a9675eb88199431257ef62b0f2ea4;;;;;;
08f72678773ce9cd3b3a4ec1d9d8a2b9;;;;;;
91468aaa714f03c3116c529c5daffe49;;;;;;
1ad154211992681bd00eee76e25a16e9;;;;;;
89c8496263990b56813a2cbb31009000;;;;;;
094402292b73a0c549b7d4fb1bee52f8;;;;;;
fe80693f935c6247472b659595022e23;;;;;;
d8fa169736bdb7c13ecdf964d69dfee1;;;;;;
48531fa62c55602e3b7eb00570c9d19f;;;;;;
3c57ac15b9a811ca5cb34b1c95a3c50d;;;;;;
762a6e3c498aca701b3beeedfa7cb65f;;;;;;
e4ddabdf99ef11f15729b10b013bbaec;;;;;;
4907ce50cb0612afacb450e73074cff8;;;;;;
c96d0c50d663bebfc8aa66a27a63c83d;;;;;;
76999e286135b34518d9442fba807ed8;;;;;;
89cb9fcf1a15e60f8f38f9f43ea5187c;;;;;;
37335509e1b0247dfbb3a88b4aa2f1c3;;;;;;
a9a3ae86aad99b99da5bbed357c9f6fa;;;;;;
83a5a26d72638867854b37021096534d;;;;;;
12f25172125b88824035da89a327d1ae;;;;;;
2904d4126377877fd1d8cc8103ce0e44;;;;;;
4fd877b0a82beee0012a18a7a71abd75;;;;;;
d79fe4967b6fa559f54e8b2eaf48d699;;;;;;
dbb5b804163c997b3a127b5dd19d55a6;;;;;;
85f64f33f7b306bddd1f35f061698578;;;;;;
5db92026d5c413aa58d44b94588b4f1d;;;;;;
b415ef3ba96c17c0d36117aa5a16f562;;;;;;
ba223819017d1474074b54fc57cae90e;;;;;;
ae3c75820e02468513fa324b6c97e3cc;;;;;;
183dbc809de0fe7c51fb8468592fc67b;;;;;;
3d03478fa7ff171bd725ea8b0a53c545;;;;;;
a6a67b57ca62bb4002621296c88b1327;;;;;;
48723fc044f7e70cb6da1ac4bfbb130e;;;;;;
ec231ee3e23253e832bc2a0a12818333;;;;;;
0b31161bbb668910276b9211de8caa16;;;;;;
11f0814cc2ed856697174d0f22930d73;;;;;;
32125a018f0abff336b6ee6d4614ebd5;;;;;;
161185c71b42d8d070166b0dc6cbd825;;;;;;
c352fb31eadb6d6e6e486f36aa375f39;;;;;;
070736538dd9199333b273a97b2b94ed;;;;;;
3d362c7faa7c34687ce05fe0eb3d9142;;;;;;
246afac6917643e1c7d92ee2dac03d59;;;;;;
e87d05e56e0f3a2e59191d8db05ebab1;;;;;;
9f9b09c1560d02c3ad5628bedba784dd;;;;;;
2d00a578e4ce898752fa929dd6058093;;;;;;
ea616ca8e913214a64fd8af0577aab9f;;;;;;
7dfe713eac7fa52fe49c862045921d47;;;;;;
f12d98cd5872d80a676cdaad4a697fbc;;;;;;
7232fff086a3f23ccdf51d52cbf06cdf;;;;;;
e0c3ff3c8857c29b65993bc509bf648b;;;;;;
2300f8015030a6393843997aeb60376a;;;;;;
d144555c151faa1789442e051d967650;;;;;;
19b9dfae4258c6db7f3329460109e99a;;;;;;
5e29fb302868f7ff8b4ee635c69fad8b;;;;;;
aee50de2a0184df813cfa0866b3abfca;;;;;;
9d498ebe482fb1cf90d7e38e61ee40a1;;;;;;
c6c91958ee29011641fbf363c1bedc67;;;;;;
c219dff1267d50497025565c0f8444cc;;;;;;
8222de1fb44c082504f19014e83e4c96;;;;;;
5d55826ca5c93cd777116dcf1eedc467;;;;;;
1d11155b5a37e61e732af88fc4a74462;;;;;;
b90599c0179044529ca02a3994f6049c;;;;;;
83aacfa0feea2c0b817584e48735d11e;;;;;;
95ea4396d53bedeea9147a5d3892ab71;;;;;;
23fb3f8bb1cfc571b7238fb106d76821;;;;;;
6ecf574dad84cb638cc773edab66f1ce;;;;;;
f47e2a540f113455f72f128f7fb7596b;;;;;;
e40d32e57ec5a48ad757584eead423a2;;;;;;
ff5a69d1e9db7b274372a1f61570bcfe;;;;;;
302f609739222d318a1d9f5ae0276d33;;;;;;
62dc85cc72166cf6602aa708864ff59a;;;;;;
81c447bc04c3bd4084ab3a702d9968cd;;;;;;
9da0ac7aa2772d67935c5a1e9c860ad2;;;;;;
c6a27f195f4248d9753e2e0a7bcdae86;;;;;;
d713508a7e16175ecb09dc767fc02ef0;;;;;;
f85586955f28bfd021601de145fae12e;;;;;;
9f104d58bd12bcd20d5a5d30efef53f0;;;;;;
3050b385fd7e652795b75713f19c9fc7;;;;;;
26fb88c606f0126056fdfb9646937152;;;;;;
f18db5cbed2dd8b9d28fa99032b74753;;;;;;
9aac8ffe3cdfa269e70828d346b59cad;;;;;;
0d22a78a9b8cdb99fa4802e1bb031489;;;;;;
ff1a196af70dea141cf7f8bf5a4c0c9c;;;;;;
12f26529516fc629893ae66417640b96;;;;;;
db9acc0a4d27f4dc47ad9f6f2a2eec77;;;;;;
3c4777bc0825184e7f0adc6d8e28cc1c;;;;;;
34c9e37aa81fcc4c767057fc2913d443;;;;;;
e575014a3d0a542063c1135a4b75651d;;;;;;
7d7149ec390ee884423067dca2204a49;;;;;;
98ffa966ebd0dfd193f8ac23d65797c0;;;;;;
57a6a2d51dadbcf416110b2b4f834d15;;;;;;
ff4d6b04ad4717e6aeca035e006df66b;;;;;;
a785b3a8ccf456765b0262f5332169a4;;;;;;
500496a79b001ec30dd2e953f5dd0b47;;;;;;
ff97d74867895dbe525f3729e37c4a51;;;;;;
f827b56425e6c3c3f3393f4c3577f113;;;;;;
247677be395c910630887a219174a8cf;;;;;;
5c4fb871649866863f78822b4c9e3e13;;;;;;
e94694afd2356d9e331c9219f595eeb4;;;;;;
0c9c7e0e1d1df501309239a4c8aef80d;;;;;;
192146cb7c026178915ef1df78c4f87d;;;;;;
aca82eeee303f122a4e388254c0719be;;;;;;
a37fe521b839e0b41cfadcfffcfee6c5;;;;;;
9437c6eb89cb9682c3884a437a328c54;;;;;;
759225d209b950f7ac4e1da11cd015f7;;;;;;
523e3131181f720da0d95dda9a29501c;;;;;;
08b6cc87300fe634ac5570706656321a;;;;;;
4dd05e2391f6fde1a7157cd27add1095;;;;;;
c458c5407f8bee219942207bb4fa665e;;;;;;
648eed9a0cd48dca11b2f0b4a89e3522;;;;;;
a99eba8365417021f8f0c682fdb3cb63;;;;;;
b5cfb9854ad915b673b61c30dffb0561;;;;;;
6a295ea8c41dfc4153f45c7978c493a7;;;;;;
c47d3b6c004949fbc89c570df5bc8aa8;;;;;;
5c7892ca40ffb7249b7c30590e7004fe;;;;;;
b60877156aa84b3efc4f5148a0909b1f;;;;;;
827e2662dd5dd5484e07979aca2c8b87;;;;;;
2bedb08894ab1c443f916fa6c40553ec;;;;;;
394665ea9519c9d8b57b8535725dc4a7;;;;;;
7a3699def56fa17bd4b95dde80aff15a;;;;;;
7118f04888706deff275ac828d2f2d11;;;;;;
143c6fe2bc8c191990874d4d7e5d7c88;;;;;;
38cebaab2791446f609fe7cb736788b7;;;;;;
ef9b489a70766c4af8d70811560270ef;;;;;;
c32d4d7798de202db6ffcabbf164c77a;;;;;;
29e04b57b30713f1ef5a537b8dee139b;;;;;;
9e6673c4cf8c0b88efda8d71b708eeb6;;;;;;
f13246a60672954a5253a4d1efda477a;;;;;;
f05c32e99b6dfb96172dbe93676d21d1;;;;;;
51e616c7de6a9da38a37cb91a5557a90;;;;;;
b22c802cfcb63570bcc0e9aa34e68505;;;;;;
081036ae5debade70011994e4eb1ac32;;;;;;
d2938e1e10983460d03b58afdc70d944;;;;;;
1a51ea3e88ef30772cc322a9123b6966;;;;;;
8674ccd375ba63fac0710917dbe0534d;;;;;;
5421b551ae1f41e4c09aec3d811daf20;;;;;;
c64f7cadc82da64ec49bff5fe0a6aeee;;;;;;
39df3f349c19a449673cfc5310b69e35;;;;;;
096d4313135539f98373699eee146d8b;;;;;;
9926ca6a6befe8cc91aae165dd8e11e1;;;;;;
a4391767299b26a390764a4b08dd94de;;;;;;
9f69b80026baf1eb6c2d63992e49fc2d;;;;;;
299179c5f7b47c6172906cf444394e48;;;;;;
8a5d6d5505400575e1d7092d8026a3e6;;;;;;
fad00a3f34da6d92b1388a33e7dbd629;;;;;;
0fc792cadc40b4be7f9d081d758bdecc;;;;;;
323cb8db02be1691871109865a3a9127;;;;;;
a13d9602908d6328bfc8dcb8b8c50148;;;;;;
0644130b85f6206ebff6e391696516c3;;;;;;
5a879b3ea829f0e08f39600ff4f19763;;;;;;
b390e1b8a9cdf71d4d6f1c7a649e1d0f;;;;;;
ae48a8014a4d943a95018949be60521a;;;;;;
90cd67c5583db66b9e75cb6bf17978ac;;;;;;
e5c54d40285f8ab42e3514112f4a677e;;;;;;
e8db6f9eeb34b1d7a4f2efd58ed63575;;;;;;
0d8c3b295190e9ef2395d38101736c07;;;;;;
5b8ae24404154a1c83ab9945eebb4f39;;;;;;
c80dfcd1f77efd539c12b1b8656ab129;;;;;;
c054b6b2e334e2419b98d96bb00cbd25;;;;;;
2bf158ef819262af55451ad77bc3739a;;;;;;
354fd7cb47d60ea0b060ab645f4290e3;;;;;;
321377acd5df6656c4eb83026cc5c92e;;;;;;
138b9ef53809adaeb4622ab2391be12c;;;;;;
446eb9ecff3ed7dcd95704d9da8b4406;;;;;;
4a87f7c26cd2659581f1fc68148ea396;;;;;;
a0c0b8a09c03531a90cebd86c4f3355a;;;;;;
c97feb7be6f3edb0672767e3c45d993b;;;;;;
6dd864e062693e2285e118a4f249d68a;;;;;;
401037878b812d6ee34c393dd5488b9b;;;;;;
aa54b0cf6e4c030c2cce10ce9febf175;;;;;;
251af89b93f66311b5292dd7ab21ac31;;;;;;
6d08f8b2f26e66be9e502e1e7cd97a06;;;;;;
79b1150b28456fc4ef62fbceb4fec13a;;;;;;
8b4eb8ff30d66d6739b8ae21ef1fdd00;;;;;;
680e74f5b54ba6fe0e034141598d6e57;;;;;;
da47b7d7849cda30fb63fd85ac29cbac;;;;;;
ef1c348d9e28b80e693283e0cb2cfbd8;;;;;;
9a5520d0b5ca473bc615dbac84e4567b;;;;;;
7dc9be669fc052fb984ff3ed6395f49b;;;;;;
6947453f0b0465a23af9a21995c4d440;;;;;;
c544cf1ee2d18424014f2bf3d2a585c2;;;;;;
6d120d7314ee03bb89f649085f95f067;;;;;;
e7b66e824a66df4af87e3aaea2a01250;;;;;;
663553fccc18e640171d60618524cfcb;;;;;;
8f0bcec331c284ec8bdc571876d90caf;;;;;;
f450002cd3e6f0496f2ad8e79d1d65ea;;;;;;
7328c44bd8cb7b204bddfbba4cc56132;;;;;;
0ae1ee451ada26d7de011aac73a8bf7c;;;;;;
fba92e527bcc29489899f754a897ae31;;;;;;
b91348f77b032b6b3640cac3685c1eee;;;;;;
75f32d523561993d017544b476e8cc3c;;;;;;
298d48df2d0970e3bfe64e41d83a72b6;;;;;;
fb31561fdceb3a68b01b2c257e179d3d;;;;;;
8756b083c3590a72270c936ea7a8cbff;;;;;;
adf9bd84f70784426d7c06d611001074;;;;;;
ad40eb2add00a252d0e203e9762ee0f0;;;;;;
9be6280554d14588351215693f27b9ac;;;;;;
49a216f07c31ae11d93459094630563c;;;;;;
42ec5be21ab1f9bd289af06cda80da92;;;;;;
28e9d32d3038bf2ca5e8a6d351f620f9;;;;;;
3bc1ca7dd67c743fe1cf64b21b1f40b6;;;;;;
6878ca84e6edc898969f7cab3c202bd5;;;;;;
bbe64556745b927b954eb5946eb9bd85;;;;;;
d64352f8de579e25a9112a652bce4f16;;;;;;
227e3593f96bc5126367d64b7c610ebe;;;;;;
ecfdc2d984a366caba8560358afa4987;;;;;;
3cd1c60d27a29e98d01a96664d0b0e02;;;;;;
6f288946edfb8b25a8433b6e7331b3d9;;;;;;
b14fae2f10df8a9125925591e09ff7ce;;;;;;
5fcc90fbade991015a9a5206c853529a;;;;;;
8bc8ec4b8c31e67730a9316470f1334a;;;;;;
ff2305c2c65371d3f96cd4fcfabbe343;;;;;;
cf15688e2de52ac50242219401687c09;;;;;;
445d93b53b5c92c207b6bed0846b5b91;;;;;;
9bbaa3a14fdf25c06f2338d98c55ca1b;;;;;;
c5bcc59f5959bd5e2fbc65a9557314c5;;;;;;
3cdd84744b3a0642dd017091ef468421;;;;;;
4a53212d440e64282271c49afede7252;;;;;;
56b30d4ce753784df2bccfe0fd144c0c;;;;;;
9588cba56251eb4bd0906765b68aad7a;;;;;;
3b5ec3d6787d8b3450fb973e263cf897;;;;;;
67d228ac30b0de3c531bfd0c745ec684;;;;;;
249cdfbd7abd749f0b885d8d3e2a0fb7;;;;;;
b9ed5a523676e19eb4925d6415cb5bf3;;;;;;
5f3e4106402ba034c6ea42946247b108;;;;;;
aa21d8a60db4e39ff26027d5f25aac2e;;;;;;
754403ab714230313672efbedccc04cb;;;;;;
bc4e1825c48ac537f77d2ef781c46605;;;;;;
de98ff58e7d23ab526bcedfc98a27ca2;;;;;;
541e8baff7ec7f7bf55d6878f3d173a6;;;;;;
7421866ced7a97765a5f9ff42f17aef2;;;;;;
329653b0f754fc189854985bf161e409;;;;;;
6ed08c8308306504cead2f4cfa97a891;;;;;;
fefdaf245cdd9742f7f26b1dfffba3a7;;;;;;
b8e32ca1a2c100743ce23240356a2a65;;;;;;
2c16de1bd0adb1e5e07b83f3dab27535;;;;;;
d534173e8113e340f53bfef7a477eba6;;;;;;
f2a385ebce58b3c59515c18f651b6a4a;;;;;;
cc921f096c35461da1c077779a21c96d;;;;;;
e19d89a24e1e1a080c9b261c053722f2;;;;;;
eb91f5fcb45fad58508ebaadf8a4d768;;;;;;
f0d2f3ef53c347e0e0d9665d252157f9;;;;;;
82ad17295a8fed8ef14345c1909ace6d;;;;;;
4e5e0d44b74539b12c87acc3223397d8;;;;;;
27666695adf19a4c244d8ca4584c6d72;;;;;;
bd53bb5a8b3f7415f43d01c0c748f5da;;;;;;
bafb518a11b820c36180539f9e041021;;;;;;
da49691972d49a17052dc447ceb3780d;;;;;;
96d9a1f50c41c4570745c403c4c42fba;;;;;;
da001fdfaefde5da10b2a29c3f1ecb03;;;;;;
63d2cd0a9a0e97f72d7b6c1a1fbba0da;;;;;;
c41ae2cadc0cce99890bf4fdc1876ef8;;;;;;
7de454c3940d2228d67145b6e004d9fa;;;;;;
52e571808c6ba8daa96c69039a94c921;;;;;;
70035e71c7928b9e6b4bc459cf75e9b3;;;;;;
6dabdf98e988a40fc34e8d3aec86dd61;;;;;;
840ada03b428765187d62bcff3f4ca0f;;;;;;
593447e18ca348c3d411e75102409edc;;;;;;
0d27ea1841a69aaa0ddefca129a81b1e;;;;;;
efddc688c2be15bbc932beadad2f35df;;;;;;
f344b89e6b0f98a4645f4cccf1a3c91b;;;;;;
717e75561f94989f438b7d05493fe9d9;;;;;;
ec54c35d9070b8adbde44c33ddc16a0d;;;;;;
3c11f6ef125ddf5cf5399f46572bcd53;;;;;;
7ee9ef08967b9223e3ae4f16d34fab7d;;;;;;
04004815008cb95d41df3f083c3fc4b6;;;;;;
540126ae1758cc8f85afbc05333e81e5;;;;;;
69815fa3515d3dbbaf0fd1a16ddfbda9;;;;;;
54b915688c71cbb9c312acc169cbe193;;;;;;
32ecd78092499a1e275490b891073fe8;;;;;;
8fd107979bc09560704e3ef647b36baf;;;;;;
511060ba6786db9bb6c6fdbaa3203486;;;;;;
20f47ba44c3a975f7ba7e45bed7a8382;;;;;;
8ba66ac01d13b38e52017cb86c2e3180;;;;;;
15dc1421282bc0f0c75c8c14966ad4c3;;;;;;
ccbeae6ddf495642ffaeec673dc0570e;;;;;;
d8ab0df1414706e722a376a6d5bfd8a7;;;;;;
c5d4989a86ea90c2d698fb653efbe2b3;;;;;;
2dfa83aaedc2ed5e47fbebefada79f55;;;;;;
629716373f90adc7b09cd322d246c7b1;;;;;;
2a927987ae3bfe7bec67457f8c56a584;;;;;;
2e901c4d1fa3a4de6d2ff784e2048265;;;;;;
400edeac18f5c59ef59abd35cdda4404;;;;;;
0d4b9c751f18f6895b102dea4012102d;;;;;;
9142e73258ce7bc344ca14e64d2ba520;;;;;;
0a95ceaf59bcfa24144a4e1a615ecd96;;;;;;
fe9c7d2dbd3ca0e6a2e535b3c3fc2642;;;;;;
4a79d2edab97bc3c811a39aa2d0e88d0;;;;;;
5693cb7340cccd1b20e82dedc70f4af8;;;;;;
a40c0fbc0588363ef1855056153f69e0;;;;;;
3b26811a5137646ca20753cbd937f1dd;;;;;;
84e1d8ba5ce0158e502c22de9513c398;;;;;;
f137ba915e810676cfb113811c93fde6;;;;;;
68739cab3bd476f17a86b8da3282e110;;;;;;
30ede091576d0ac5247cb219a98a4082;;;;;;
2db73617f0dfadf214c39efb7abd726c;;;;;;
94961ca3f48943aba1f7e12af3fbcce3;;;;;;
9ad02667999ca7f29225d1fad1c404da;;;;;;
1f6313ebde270a45a812f125a0a9b623;;;;;;
f0bb9ffd8347759faab31dd0848f00bc;;;;;;
7e2d43fe6eea695e789284ef07e0a730;;;;;;
d8937e814975dc77a15282bbbf5e285f;;;;;;
9ede76b005060b77d73b470c155e4dec;;;;;;
d2641d522a17eb6a48e3c901f3469ce0;;;;;;
1ea95257a9f9e956ff6027943bcb5bbc;;;;;;
2ef9a9821131eb5f396570fb34a2a1ec;;;;;;
fe4cf5cbf9c1b590b2df8ec2b05fd4a1;;;;;;
60b817841b8417c09324770ace4966ba;;;;;;
4e999e3351d9c97aa33c796378f61e91;;;;;;
f1325a9bf13697c18b74f40628863d84;;;;;;
2392001129cbb268e35dc5b85dcbc070;;;;;;
f05f773adb1f1e531bdc86868f320a84;;;;;;
3cf8704636e2a8151d989062e35b3232;;;;;;
645f6d94f5121f793853d3c9027efa8e;;;;;;
2c8cfc957e9b7f56477d57087063dff7;;;;;;
e2af5eb546f0e2e68fc976abd5bdee67;;;;;;
18b783c9ad54d386f575bf8d4bbd5532;;;;;;
b936ed0ae6700aa7d04ed777fb3516f9;;;;;;
842d84420d0272a651f63d64af0e2dbb;;;;;;
4fac6af766ac496dea0ad6cb1a6b042d;;;;;;
870d28a34a3dea75390e52f52d252010;;;;;;
336d6989a3982e33f6ac515f04ed429e;;;;;;
2328b8f9b653efaa9d92aaf047891ee8;;;;;;
786fa2586f2bc0a7f0c93b9766e95fb9;;;;;;
a25fc685de1b8823d9f3f70c890fc177;;;;;;
c12cfc959404d52107bcae25bc6c33b4;;;;;;
1b8325b7fa483b9ce0b5090b2a23c22c;;;;;;
8f04b6d8568a055bb70a9f93fd0c7931;;;;;;
27ac4afcbbcb1f38110e80ea0092e03f;;;;;;
a385cd3de2d1902a56116d755e955cb8;;;;;;
5b37e9960573b57e9bc5fff46981e800;;;;;;
c8f82f4021784c5dc951d6c044409bf0;;;;;;
d8a3aa54d96d82a8cd42a376747e7507;;;;;;
02200e708495429f677c4a629a4c351b;;;;;;
942324f2d523516dc4f85187b7e3405e;;;;;;
fd5020c09d045977b9b77f563b56e425;;;;;;
4896314bbf485f2a9252bfd383e88a28;;;;;;
89c31c09acefc41043198966a6a0537b;;;;;;
a7b63e210474298a27131f2ea709e119;;;;;;
bc601d986f1f644064289f346b1cba8a;;;;;;
20dac20f36313b9414a2dc47f8822739;;;;;;
60764781bfe9faac1d7140687fcdf81e;;;;;;
2ae9d989fdc7f78f97622d57e5c407de;;;;;;
17356d6800cd7f90652f670efa485d24;;;;;;
1d7dcc376e8ea34bb2c2aaa221670ed5;;;;;;
3926d3003db0af29d4e93f5e244de399;;;;;;
2fefd376153d756a3626aefa568e3c21;;;;;;
5457d5c288a2935e299a00f64da2f07e;;;;;;
d7149c6c775f2d8ee66928affe49de38;;;;;;
40c4092aa30b8709e40adcb41dea4bbc;;;;;;
23d1fb51a5d0295fa64d5c9bb18c1542;;;;;;
c48d3726bea62599398d7ec93406e1cf;;;;;;
a700ee0fb713e498bf719df410bca386;;;;;;
8a5c2d36698bd15e24b98f6000a5ed9a;;;;;;
e23db2edec8aff219c353dd63ea80607;;;;;;
c4ca4530485b00b39d9d9b175cef5bdf;;;;;;
ac957058cc8a341085e5a332565b7499;;;;;;
225d46317d0b61d873ee3d7fc22048a5;;;;;;
075c6861ce1f33e1e0fea41a57700ca3;;;;;;
d85557000133ebaad0b0ba093045b5fa;;;;;;
7f9429e1b36cc9dee27d771573c77e4d;;;;;;
e3e4e8bf278dc0cb9d49626d1ac68dc6;;;;;;
77b119b38aa2cbbc5cd4b0ccda901698;;;;;;
9100425d66b5d1b2498bbfb2d80218ea;;;;;;
0519b37467ad4ed751517626f41aac7a;;;;;;
95da446abb494d0ef82845b05a5926ce;;;;;;
3e8f4d9d9b00a63c3e4d0c010a1665c3;;;;;;
55320bc46622ff9e197afda5a5c286ef;;;;;;
2885fef629a8dbe4cb0979643d9123a7;;;;;;
5d55780d405257ecf39ba8da24ed2b36;;;;;;
45a99db2ffb7295c4ae20063fae7b149;;;;;;
be8064e49f6211f738adaaed9a070dbb;;;;;;
ef3fec02c15bb314a590ceb76ae985a9;;;;;;
9d664242e2705e3bcacb8dfae2eb6c18;;;;;;
e02d1215d74451c2a431e94bce2579b6;;;;;;
22199f4af2c21d3349c2674168b7a91c;;;;;;
498aece5453e81ae0e3a8100a03c8926;;;;;;
1fc6297b88cf97597b4f770c30e04e04;;;;;;
0a6d60afb83ac18ffa37141aab927635;;;;;;
369cd4833623a5b503dbf6cc10fdda2b;;;;;;
233ff281e27edcce5128b10125695e91;;;;;;
9ea1c6f9cb8dbfc70810333483515034;;;;;;
3af2fbf4b9713b58aa0cbd6e590f7195;;;;;;
f43a1f247335c5730be7fb7528a476b2;;;;;;
f601633ce9f2354a3cb88edb725c2a23;;;;;;
0315753829d81e61c2e179b23319fb6d;;;;;;
8f779760ed2015eec7be2daf8fda12b7;;;;;;
30a0242f3b4d1f5bacb91540302ecb18;;;;;;
cadea47665a13b047d7f0bbea3e3134f;;;;;;
ffdfaf7bc59894571177d2d2e7941064;;;;;;
b9f159ec2a44b0d79a74a4d0e4944f59;;;;;;
706767cf7ce4a6ed8b1d512afea70eeb;;;;;;
dfd2662ce095008ff0f8276736bbc8fc;;;;;;
fc22caedd915320cebdec6ca79c7121f;;;;;;
0039f42b08a86d5452f77c3de33a8dd8;;;;;;
5b2771d79f14764bc1d46b9245f5ccde;;;;;;
34137fe331eedaca738e963b9c4bf748;;;;;;
c951beb2d9a8aca359795c85b8da0ec6;;;;;;
1d53f493e79fc485e6fbdc4b5b464439;;;;;;
e677028066a0db4f89bbc741bfbfb266;;;;;;
c3396fc656cdf7424f0d5f229862142b;;;;;;
50d45dd994596aeaf7c98e44c50881a6;;;;;;
dc1a3a6fc6470137f7d011da9e8ddb10;;;;;;
a02067bc9dc4ce81d20e1a531e3a47f2;;;;;;
f9e982335d189ea2ec1c9de3c037d891;;;;;;
16a391b85cc82bc671389d6a76077f0b;;;;;;
c5dd01d2ed94f7537275a9c990fe82a9;;;;;;
0f8bf2bebe1df145cf915c3ccece91a9;;;;;;
d8f5edd1b3a7d408a3a00c31e4c7db76;;;;;;
01c3c2fff350f57fc17c55df9391a623;;;;;;
de256e87f2e44e9873591f9f6a8d4eb0;;;;;;
2114158f2c5c2085fc43c4864553c221;;;;;;
f9848731e7c08a0b99ec04ab0dca321a;;;;;;
f03aca480b6b2e7ca5bf307093bce6f2;;;;;;
e87defa65c6c8d2183ce7d3a7aa7d2c4;;;;;;
3eadf33852db9d1d1acceb732cc72271;;;;;;
f852dfcb9499c09eb7ad9cccd315f2e3;;;;;;
87d17fb16216fa966584fc36f67895e1;;;;;;
57a0b043ff5fc4cf7a5c2a31f9fcb624;;;;;;
65e914ae4a8263913c1b8b10320a3e2c;;;;;;
f49a4f74c9ae7e9f338c8952269b73e6;;;;;;
40722827a4657b384533747c09e1c8c1;;;;;;
d83007e6766adf63c2635fe121413f0e;;;;;;
080aae4cdb7a005b29f6cc268925457e;;;;;;
0b6b3d2a05b15a8dae586c4247b4a3f6;;;;;;
a2fa9cc93a63773689d95f761882015a;;;;;;
87fbd93bb5a744e8bbf3b810db5420b1;;;;;;
3041e1778610f79a71b55099164b4d8e;;;;;;
5cb759ca63ffd9417bb460ed27c242c6;;;;;;
01da9fcc11fbb9098e98a37aaa89f363;;;;;;
cb426871cb89254859c6662d767879c4;;;;;;
19633b5077e78c11e98782a0be602123;;;;;;
40ee89f15ae0980abfbb71acd744f9da;;;;;;
3fb7ad479729146717cb597ac8f5bb12;;;;;;
f02347938911117240358539a58fb00c;;;;;;
ee997a6c9718aa1128cdb9d1eb09488a;;;;;;
901423dd38a4fa93b82916ff38e21707;;;;;;
c0a89aa7acd7f2946349949eb682a58f;;;;;;
adc241b0f67c966d8e4186d4dc813339;;;;;;
41718ad1bd79fb8577de3745148f4e79;;;;;;
7157e3f420482a6bb40acc2d3f50557c;;;;;;
3df1b0951ee211b8e92e8a553251a8e4;;;;;;
1c5d2637d0729e7347a96b51adde4aa5;;;;;;
f7499b80218bc44e2df70ba2d374d8d6;;;;;;
a6ee846e76b335602f18d433533daf90;;;;;;
edaaf51be7cceb1ee5d66e559305d402;;;;;;
887b2f681df22663b8ebad96cf718b2a;;;;;;
daffbffc76f4d435fbaf543e6852a512;;;;;;
c46eafef3d5e8ce93ee6be94553c70f2;;;;;;
a4ed29264398cb4073d34c6276373f1a;;;;;;
a1903e06fcdf5af13cf7f545c90b53a4;;;;;;
95612b6decbad1aa1fccbba3fd66ef60;;;;;;
4f6bed162d87f151ea07890ad1d079fb;;;;;;
ad88f9c5d74b6b6f9269bf0314149c46;;;;;;
9cc569b2fc367ec3bbce42aacf02c686;;;;;;
abf716e5df34945d3564d5303d1e0c58;;;;;;
f1c4da2ef84e818f40e9432d59c05170;;;;;;
3dc74287135564c5723da1d112128b93;;;;;;
c6b0a58f08461f373fee2e7fe55a3138;;;;;;
7bee78209ebb11ff3bfe5a4dd17e5144;;;;;;
1183bd3d40a06a9d95d5c5f67a4f4948;;;;;;
e175e8e0f5b382246fdccdad9075500d;;;;;;
46c283a902002aad1835cbfe86844912;;;;;;
2a44469f585e5c790f53ca88ee28a0f1;;;;;;
141e6f53948c7005a1166b9dc05c3887;;;;;;
543f24109f0544d3c6b63a758af4d066;;;;;;
fd92324e3ea52b603cb635af22699692;;;;;;
02cde168d1ca410cb2d63a369bd8c0ad;;;;;;
5706377fd8564825dbd45b7d5e7ed7d8;;;;;;
f2836a02c8e61dde364ab62467e3d705;;;;;;
35667d891126ebf1a22f35f12b2444b7;;;;;;
06a75eb4fbb96f8f1f0dc7ee8a8b50fa;;;;;;
9a91b6f994e858a82c4eb1d8f62fd283;;;;;;
f0ac3a1b7c619220819dc5d3fcd326bb;;;;;;
34b39088c894131f3b7711cd66f03097;;;;;;
f7bdb2b841bf021d6ce4cd292e32a222;;;;;;
e2ee8d7a0c7138435166565962762a62;;;;;;
e51378fa95aff863d4e129ab095f29d1;;;;;;
20f62a82e3df7524728a446e69ec66d5;;;;;;
71de343484c447e2e6f59592391375b0;;;;;;
b59550109a1dd22d134331080efec00d;;;;;;
eae6bf940a6cd62079bfa489397276df;;;;;;
9ac05118ae39f2e8b40617924b2fe4ca;;;;;;
d2902c295404a82a15018bab08c32cd9;;;;;;
83979e103d00a3cc745e5d9f98afa7a3;;;;;;
17763deb9b203e6728b950bedd9068db;;;;;;
631696eb7db194e16093f5e15f64ec64;;;;;;
1262c62cc3348bdb1cea9adb2197c1f1;;;;;;
6f2891b051c24bbe3058e49923adfa08;;;;;;
539725d0d2644fab9fac4d56242f404d;;;;;;
27d0fca8271bcf185e3b54927d66da03;;;;;;
21ff3479c45317cbe746950122ff45f1;;;;;;
7c3c6c7c291308f26a434a678d4841b7;;;;;;
ff46a82b28eb55eb88c3edef560e901c;;;;;;
4fc24e5b416050d2bd1c1869ee496013;;;;;;
f08926dca3f6fa4ef1c9279f4896d40c;;;;;;
9d8424bdb6aac6ea9de9b24a25604627;;;;;;
5c3cc391eeefb3f6160152ef0a6a22f8;;;;;;
f403974de11b1b4b04c363821c48bdbf;;;;;;
a6155dd66059faec05d49c402ab8dde3;;;;;;
8b1f5487a1e828cf4fc3ed91d52399f0;;;;;;
066b462536fd36acd1bfbc8afc0255cd;;;;;;
60aa68946d9103e5c51409508a14a37e;;;;;;
f9e4cbc993a9d2381909dfc2a74a73de;;;;;;
5fbd2401734ff67807bae56e23d01ecc;;;;;;
43f748de641b831081d04f2b2e661c22;;;;;;
a34ef59e0b5bcb987cf57de40fc85b7e;;;;;;
3048f991bb1fad0bb96738ad048943f7;;;;;;
135fa7e2287c8e69d7beb347d506b348;;;;;;
a1c6588a2f513d3a4e2c1e8d9a22231a;;;;;;
91ac6618ff1d5129fbe2dba23e408da9;;;;;;
12288e326c06ea7a4e9255a031ae8a2b;;;;;;
49aa894113b6526f95d33fe4a617c70a;;;;;;
6fc4d58ac39cdf3e22586f148f833875;;;;;;
d2220a9179421bb1ea079bd952328358;;;;;;
ca40c58f541a3fd8e738ade393178522;;;;;;
1ab6023faf6a3ae5040b590a2e1ab887;;;;;;
50015a2a51d7e6803272ea72ecd558c4;;;;;;
efae0b06b5db4f8ad3c245f64f423f61;;;;;;
12155c424f33c7c5afe5f1cad5302536;;;;;;
9e9bf267775474da633e302d5be29312;;;;;;
9fffce55e80a025693a8d41ea3ccff6b;;;;;;
5fc9fd48e3b6b19d5579aad00e42ccda;;;;;;
1bb1eff438dcb4247287a0111bd3f470;;;;;;
915ad14fb9fd60e1129d1f2e9e32f4c0;;;;;;
28ac167a7d6d7693931ec9e3e3463260;;;;;;
52f556645020b5ec0b5fed99b7286cd2;;;;;;
38c101c2460f28c300e63d7cb05f16aa;;;;;;
d949e37138586777455fc02c805ac9a9;;;;;;
24431a6439743f358554db880ffe35c4;;;;;;
118a9fbc05bfa957774c643188ce117e;;;;;;
c3879d3ed392a0f33ba8f78dadf8ce72;;;;;;
5cf0d3d9448965dad20cbd313d2fa00e;;;;;;
72629f6970a9eef5a1d8ff199c50ed48;;;;;;
03724692057ed95ee7a69c69e56bc9b7;;;;;;
9a64108d926a93bf50799db4a041ed73;;;;;;
4a749247f392382e69d5527b4be05021;;;;;;
35aa2f577b633b163bb58495ed793477;;;;;;
3dd8356129e18d6d582c7d95d9c536ef;;;;;;
a6d6d4d7ed0458bb1871134d15526d72;;;;;;
1e5610b89eeb47726cb4bf54586001f7;;;;;;
159e760e22832c6eef61739d6565355e;;;;;;
88b03276789888d2a52b4d49a5b9b9d8;;;;;;
ee4ca7af4d4bf3e23bdfa83ba099948b;;;;;;
113c972007f9aeef4746db8d40c07f68;;;;;;
dfbfea4f2738914f622f3bad34ee5620;;;;;;
cd82d4018314f74d120beb2642177b86;;;;;;
cfff666c75604095ecad83554c20a917;;;;;;
53471c1fe3e7936abeab02bb2bd99a00;;;;;;
5aae8bba0c94289b09f44ef2f7ff5631;;;;;;
b36c50bfea8c5f5546e13e5142b79f60;;;;;;
43c28eeff62e952aa5b547f9ad2bcd21;;;;;;
09e2d0c3b1ac5f586a9ab12a921982f4;;;;;;
d5666eddfc931f6c31e8a4a2a77dcdb5;;;;;;
5621f0ca94aad2d9dce3d94fd5a5b5d3;;;;;;
450046e9830d41fead8dd63e11829e45;;;;;;
2a2cb69af9f1d3d23f73f76ccef19be2;;;;;;
8ebed6dea35d71a116be6700af43887c;;;;;;
c72b9c5ed719d8ba1c4f24ad9e0f2f51;;;;;;
ef18c13ab35745ef5a826f62b5016285;;;;;;
020352b839b18a2368b5d6865744e399;;;;;;
681c3b8f6a77df7ea3c63d2d0a6a45e9;;;;;;
1ded6d07d2fbfef5cd6f28c781c357d9;;;;;;
ce709096b9916e18cbbb247738981e7e;;;;;;
3c1fa1ba3dfbe1ef10056c3e200c90f1;;;;;;
3c864815cf484f857b0508a721cf4a49;;;;;;
dc008e247de7d40b1bd81a60da381c76;;;;;;
06b91fdb772c807b735ae08c79cfe2a9;;;;;;
18837c077e58b4817bd600fb601c3f0d;;;;;;
b6d9ca14a749c58f799781bcca7ef91f;;;;;;
3f41884267774e879af89e3018abee33;;;;;;
1484149f1655bd4f63e91374f03fd1a4;;;;;;
c30579d019a4e1b92032851b92be3f83;;;;;;
7c0ccd354d4f9e05aaaad3b4a008680b;;;;;;
ede17d60ea76366ad88690be9988174e;;;;;;
ce420890139cda6102986183da4c37b9;;;;;;
1d6c7a224ddfc7a30b54ef68a107ed37;;;;;;
464b372d3886beda764b094b79826bb4;;;;;;
78a63d65a94f2ebd2f5c09e909d72a05;;;;;;
0c7f2ea04a1ab10cc6707a3161cbac1b;;;;;;
3635eebe1b3bb2aab0d8edb9d9f4a482;;;;;;
a23246d6ac26206a283014636b3d4056;;;;;;
60311ac2e45b58acad0b6c927d1df87b;;;;;;
2ae6632d87d186165a03afe79e29c34f;;;;;;
19a6ed10e9b773f4f26c85f6d4e45cbd;;;;;;
bf5a1a23b9f1203355361341bb2decfa;;;;;;
d27baac98db3afb3944a53f843590226;;;;;;
f9479e35801430150197836c6938ca34;;;;;;
117decfdbd65b883a2251c62119b18c4;;;;;;
c829999e45b91ff5c224ac4a99b1c3c0;;;;;;
c9f1f3d4c8a6a2b6c1f4833ceefc1f9e;;;;;;
88a3ff3a708213f07451e17b35ac1e00;;;;;;
0a9304ff7035e5d00d0c5adaf623c9ff;;;;;;
bbeb9633d8c3c0d865782ceb9170de0f;;;;;;
9859385d13fa1e0248ce0f4bc01b4bb8;;;;;;
0da84e38370c7dafb0b942e6e56cdc6a;;;;;;
c11e28e9af0c9e820498a65378bde5e8;;;;;;
fa468a616f485aadf00c931f5bb4646d;;;;;;
f49c973685fa350341c9a638f65498d7;;;;;;
b9b15c9abe229d0bb6f69e04248415fc;;;;;;
558a7b27ada4c5a2580f38e1b2cb4f6b;;;;;;
600b68381b03415054396bc2d7702cf6;;;;;;
5e35c9b89a6cd8b21f9ea2f884c41cb0;;;;;;
69b0ec49c9d917822aaa18120cd064bc;;;;;;
02903176309309a22e090e829f0402a2;;;;;;
07fcf07c336a94be1ea43f19327c1062;;;;;;
bdc6dd771477dc49f3e491c5ab808c24;;;;;;
5781cdddceb5718aa0267d102c3b1ca9;;;;;;
982644c10b56d887313e5f36f58985bc;;;;;;
6dfcbf1f5a60daefa966d0096d6dbd44;;;;;;
6dc8e294005812e6ec4da1fbdef80cbe;;;;;;
72a752debdb4cc459b6f8a24db2cc0b7;;;;;;
c056f17efc401335a4a6d1ca18a0b466;;;;;;
77af4d786389f32d5d06feee166d3639;;;;;;
788ff90abe9ddcf801f3a346d289a7c5;;;;;;
10474fc07956637fa838e7fda9365c57;;;;;;
0b3a7f4021a356b175b2c8cfea4a7e4b;;;;;;
ec30e7926473c2908f1c871240ea907a;;;;;;
d805a94c37afda9d528ba985ee8d1218;;;;;;
efc52a164207d09606126e296a886a65;;;;;;
9b8ccc5c0efa19b8c299a925c6b8cbd7;;;;;;
5e2d7d705a110bc5bc034a931f5dfeb7;;;;;;
f7abfe826c8487fb287708b83865d639;;;;;;
eb18cebae641e141a384405bd39e9ca4;;;;;;
42aa2dad3a33df3a2b7df26027d57df3;;;;;;
8489120c29e25ce44bf8d5313555265e;;;;;;
77e164985d6a9de9ee4e43aaa265de7f;;;;;;
744137a4c69e6763031d5fc4ce287917;;;;;;
061ab1690ef530ae5bfecae791de940c;;;;;;
8a8e7f74f569af1b36252061ff4cf039;;;;;;
3f9f48182fb14421011828bf6c4d0725;;;;;;
8f9f11e0377e4e018f7945cbfd31e752;;;;;;
ee9c63ec332987a222a31a11dbc83b1b;;;;;;
2110028d84cca7a0ecfc4e1ff6cb8857;;;;;;
24f6676e15c067a515e3ccbe3fdf26c4;;;;;;
4779984c6c1d35be88e64fb807cf4483;;;;;;
a2e8c9116e95321b724505b14f475dab;;;;;;
1ef764e4d831a020c0617e94580e1c3b;;;;;;
5d28af0f2dac9945b9381453956b43fe;;;;;;
61b0cd76aba0fbbdf6634e724b958f1b;;;;;;
9c44257349fc1f9a8fc7ea6e86a20e7a;;;;;;
9a7922b168440865fd82de461d6d467e;;;;;;
1bd336cf3a22834cb3e5b47b1d72ed7b;;;;;;
2bfe717e4ccbe436ad8c6b4f467bd601;;;;;;
1c7039ee1cf5376b4c0831804ab1eb7e;;;;;;
4c994e12facbddec9b228db6f45daa35;;;;;;
1ac7c57619f1b596e65667a2a34e2b23;;;;;;
24edbf34108abfa489eb786336208d98;;;;;;
854f7c2149ea8de1bced5ccd86bd8bad;;;;;;
d897d1185fdc60a52be2c48d83100f37;;;;;;
8908cfcdff84ed5f36509fa0e814652f;;;;;;
090314941d60d7c802d4e8e7507a97f7;;;;;;
1a3047fbfde18b646919a669dcd17953;;;;;;
773289af14c182841dc5079e6e289dca;;;;;;
5597ed178fbdd1f2e3996aebb84dd353;;;;;;
9b5a53b8deebc3810b2b96c6ed18dc66;;;;;;
7801efa5766516473d67db48c1d43d90;;;;;;
1973850fca05eb87331e76da0bb8f755;;;;;;
8ca36e127d860ec69a4dab3f6f296027;;;;;;
41130cc93014a9fcdcdc87d95c3c06ab;;;;;;
1cbc4e92f3dc9dcb76aac2a2b6cfe305;;;;;;
8a65bf4ee5b624efbc2e19f6c7383e99;;;;;;
fb2e26b65469128be47cee8eecc3069b;;;;;;
a00df4083158f70fe1686f5db39d8e47;;;;;;
33e71575b3707ba45643e263de78ff74;;;;;;
fd99a5a5b0d02c6ee1caed17f99b2159;;;;;;
2d24f45be8c1bebfae464f8439d8889a;;;;;;
653370b38d2aefec26d0227ca2a96cff;;;;;;
e6205f7baf45de9c4fbb805f38a54a8d;;;;;;
b92d6e352220a8a628fbd605ad41ad62;;;;;;
2a97e075444c9b6e2825f7664b53429e;;;;;;
32d918c9f6c1b62b83bab43f1c6eb894;;;;;;
18de49cf72bf376fa726163323b3b6b3;;;;;;
a949f1c0b1fe142f414f8036c376bd4d;;;;;;
4ffd0d0df9ef48ca575157d27f88bbf0;;;;;;
4ffdbf25888b0ef4e983a61cbf5ff048;;;;;;
a7bcd01bc3511953079470ffba6b4c43;;;;;;
b93187bd27e00fbfbf7afb6144ab2a0d;;;;;;
798e7ac3b2634c83924cc97ad86ebe5a;;;;;;
08f1e2306d06bcb4fc4dabed767dc8be;;;;;;
e87fbaf4500e2b10fa410f1657944a4c;;;;;;
d512b7bd50df7abf66a6f22fc929e828;;;;;;
b0722b339e1a563a1d236e6e8aa4e099;;;;;;
8e2c1ad9840bb1bb1187516deba66ea2;;;;;;
cc82fa78caf57e09f4ba3df51c171dea;;;;;;
9607aabd07d37838e40c66f79250e5a6;;;;;;
d7331609ae41b2ac361536ac81a75a22;;;;;;
170257a9b1439ed272ab0b38233250dd;;;;;;
38e8e580196376d0677cd9bc6a21c2d5;;;;;;
c6c39015a5f2b648e2cc766a86316caf;;;;;;
0bef1e47b3fc945a16a33d61e1904962;;;;;;
c689b4b9358a36ac5c1aba765b1da13d;;;;;;
d92f834fb30d5c6bbf5b5d5c7802c71b;;;;;;
7e1579ebcc6f74230e31ae2427f801d1;;;;;;
87e8b222961aa761bbbe6a5148226391;;;;;;
f30c689045df99b92f4cf4506d825239;;;;;;
7cc890bd2b6cfb3632ad6c83a3c41941;;;;;;
62fff83e5e1083a9070bb42803cf0d3b;;;;;;
ab13c9d3a8beb6e288708524e407fc4a;;;;;;
fbac40fc27971c352d2fdcbc20bf2367;;;;;;
d332dc4925a840eaf72b97d91e1ed72f;;;;;;
67f68f0d7dab5eca6418494c96a2f0de;;;;;;
a6505bac1c457e52a6b667d49cbadf4b;;;;;;
f04d1b97b3b92496b762b145f0afc192;;;;;;
11640f9bb760a0c40bcdd1353371072c;;;;;;
915bda60e071a933a2a1aec8c64eb9b7;;;;;;
4d5c318377865094ef1fd73f9216e8cf;;;;;;
34cc91a033aa2ef6a9cb77da7fdcf2a4;;;;;;
935b0d3120779d74a4ee0375964af76a;;;;;;
4de9ed2a0ec4472627e4b9f6d77f6625;;;;;;
a06786014ebdca9e77ac670ab72c94c0;;;;;;
61ae843c6048bed67329ecaf168b920b;;;;;;
e5c7f8e6350b0046dccb0fcfe47a1787;;;;;;
fdde47eefe398ef5a881a6cbe0b41785;;;;;;
e3f0c5d1b60f5328fe2b987101bf7554;;;;;;
00c24a90fb8e609419a8a75e9f2569b6;;;;;;
fcf3669e8a9afe38d3453a3666bc492e;;;;;;
c07a367a4c76ecef0bc5548f2a0bc1d0;;;;;;
03b2fdbb832fed9fbde02a5db1f819ce;;;;;;
99c3ba8a8afcdfa177dbe8bae635ca96;;;;;;
d239b18798cfea28dde55d746f79ee92;;;;;;
4136bdc001e0fe5c270fae19bd022fd9;;;;;;
4ed9373559713c263ae96be87b60a323;;;;;;
28a18bfea44f369962ee3bbac941c9ba;;;;;;
d94c85df93a105fe67cab93d0659d091;;;;;;
20ee5fbc6f3a6bb3a0824c988d5bc81d;;;;;;
ca38f50f3aab42e0d332133349656b33;;;;;;
69028a8224b28cf46894314c19723d7e;;;;;;
0cc50e1d1869fd547c7ff417adda5639;;;;;;
7718406ecb9eeb37507188df2f807e0c;;;;;;
d44dbba6328f66459033d76ce4ce5482;;;;;;
23c304bb5bacbb447c70795df12f3a73;;;;;;
f2d196358bea539d625c03d8ca497d00;;;;;;
48137d196048c1057f487bbb66a6ccbb;;;;;;
13808e727288495c75edaca12f912ace;;;;;;
296ba17c26a40ad7c344f76f32dea685;;;;;;
ea6be6ed77d8aef1cca7498b7bd7debe;;;;;;
fda708cb2bc933fdb0206c0d153f2576;;;;;;
f2585f451c44f5f1fb0df03ab809aa47;;;;;;
188b312ec05c36ca31bd12ae2f08126b;;;;;;
b0c23fe0fcd60a55fc9cd0dcbd0a1582;;;;;;
3cfdd080145d608a6cf790226a31c885;;;;;;
6fceec40c5921631dc3a377ebf8695c7;;;;;;
7367eecf7e026858dd8a877ff938ee64;;;;;;
3ffefa1d75d0b37269ea80ba465617e2;;;;;;
0b7e56c847f2d1d523f7c5ef98099a7f;;;;;;
66259dfed516181db658c303b5d66435;;;;;;
ff69e3d6b08d36d130e562a85d179a44;;;;;;
d23d902b5ede05ebc80aa53cb2e6a5f6;;;;;;
6948a447f433fa1e13e89986a1e729eb;;;;;;
86ff3ce2f1fe36fe62842ae8f5f5ed9e;;;;;;
e53000d18f31eb3a880e210dfd19e555;;;;;;
d9bec3c6734371bc96a8865bec6521b8;;;;;;
41603d41002e7845b814648a46dc2f1e;;;;;;
1358488efff80fab2bf9afd25fa32562;;;;;;
3a1ec86389199e07da3164feb8ee3270;;;;;;
a99b4eeaaf655afc358b81a3d1bc384c;;;;;;
90eb074fc41a392d270bb280d32afd85;;;;;;
a464065280d9e0c4b68f7c9708e1cbcd;;;;;;
24d212f7ec3dab3c4502b87ef26ad895;;;;;;
691ef475c18bcffeb73473033cd6423b;;;;;;
437bb787f567c76be5e85bdf698170ba;;;;;;
c834ad589513b80c7b8ddfddcfd51f1f;;;;;;
35f180368a2bf706c3297c848d408a41;;;;;;
f2e1d3a60d5114c9a79b1b1244235397;;;;;;
2b669630f4aa6e9579f2d385b3895b00;;;;;;
477ca59b2423c660167a1e4e3cb2a264;;;;;;
276343569138d5f4bb21e3912ef13bbd;;;;;;
18e832961d13631a15c8a78f38d6d141;;;;;;
f0a07dc0f704036188a06d73c65780fa;;;;;;
2567337b1876f59aafdce5c0d59b3eee;;;;;;
b46903d2e38869780c162f00974277b5;;;;;;
f90933db9fec4bb0c8fa8b1bb8e94618;;;;;;
d111232a130d8a6e7fd67edbe7941eb5;;;;;;
88a8e07d53a267ea18c519652d62a389;;;;;;
053d4d29f6e9585ca5944491224e42c0;;;;;;
599fe6480e017e43a36126de3e67c80e;;;;;;
0e3bbf6878727a3bb62415567e4347f3;;;;;;
0483fd35ce418c5aa1d0eb222477bc74;;;;;;
05e9e5d3f77ace22d1abdd43b19e557a;;;;;;
0ee415cb33c4da370f31d89202fb35e2;;;;;;
81b6e13da37ea978f601739d40860256;;;;;;
f1328c468648fd71cf59df68c63f582e;;;;;;
5f3248c788f5f7d151d9018f3216c775;;;;;;
5bfe024763dc83a18df66deb3cab34a8;;;;;;
e349dee22862e4aeb8d8fae4de1fca70;;;;;;
1c1b8e6b19938d2513f8e82ac22254c5;;;;;;
3639ebbee0d4f7b937acefc64571c4ff;;;;;;
99e0f2ca5601a2f4472373dfb7245405;;;;;;
462bdfc2c87eb7db8c80f44d24fe25de;;;;;;
b81569b929c8fd6809826261f8aabfed;;;;;;
7428e5ddfffa3e64d5208344492fafc6;;;;;;
019295ba1efd3bdfba105439eebbdef3;;;;;;
19fe7311f78f595a1d8ddc4c4b19d1dd;;;;;;
db84b580021f450168aef2d8f50402ad;;;;;;
15e10fe07f75f2af232ce355b5d0682b;;;;;;
22992a1bef372c7b1a3f015c4a1ea5ff;;;;;;
1a31a6a78330570b261ad6473b5f4c96;;;;;;
a1cae701fd4daa7edd9849df338a02d3;;;;;;
6cb5a352addafd77e758196d1f7281a6;;;;;;
c3df7cb076c55a8f60721a6b805214ba;;;;;;
77d0a19b037aed167f9f34777c8427cb;;;;;;
99a589b2176a8310e374a38f567c8e8c;;;;;;
00ca859b47a033b0470731eb85dd92ea;;;;;;
85b082cd7c47a624bc8614c26fc7ff4c;;;;;;
6daa9a696f8cd955b6b0454ae2f5c892;;;;;;
e3ef77707779a5f35d12c811b68cada1;;;;;;
e7e9b7d3d438178b1ee447712586b48d;;;;;;
701821764677782a0be9afba6cbd595d;;;;;;
c20463e40f1fd992729e8acea0ed555c;;;;;;
75bb59446316c982f82dd531beaabf6d;;;;;;
8452cad6837f99a83fdd62038d02dd73;;;;;;
897abafb073690cf512f3eaec537a319;;;;;;
14c738374a5fe37c9468269be38b366a;;;;;;
5f37aed6fa855c3f445d048662670a06;;;;;;
d925b82998195d0550c74b3c1f9efe86;;;;;;
9a6ca748febd999ec9c6ec97ffed9965;;;;;;
c246bfcc782aed52551c3a38a49ae05b;;;;;;
6c5b4bf22ef7d2f18b97f9c7ecfa4c01;;;;;;
1b750961de016d9892215b8b1f64bb66;;;;;;
479f898a6d2bfe10c2c976b19b734a0c;;;;;;
0a93f63e80858122a5d20723c6db5806;;;;;;
2d4b4277038cfe7719412993f2d9f5cc;;;;;;
d0a22e8ad11b965c0e77c6d52c80bec8;;;;;;
a42e130e8629f7f38cc471f7e7a87bd0;;;;;;
0cce9268745d3489f0cc6a4ad64c666d;;;;;;
62288969cbcd01aef23b1809abe35339;;;;;;
77a60f5f6a3cf599a2da8868c8fc55e3;;;;;;
d196da6bfd370a16fa3699fe12f8fa6b;;;;;;
c45680b6d1acd942ebc31c9db0ad50c0;;;;;;
c2b06e0946b2ab515609741f56375e72;;;;;;
efef5e8a94f9c16f4d76b96539596d64;;;;;;
cf44376f1484d08eda61f67c40093e5b;;;;;;
d5ada93e78398b5d3dc6d87b0700000e;;;;;;
693d2a4187bd7719eaa60b833a8a7e84;;;;;;
f40d412dd55e0685a6edb98af7e412ad;;;;;;
2f63343abbac667ddd3525770bd37e51;;;;;;
40b76cde7e76bf1d4bf2dda67fa5e78f;;;;;;
f86d2ad9b4276092fbb2538a78813e64;;;;;;
b89df2a77664b0ee486e3e870f60a7a9;;;;;;
1e349c38b4cb1d2fba14383e44fec4ca;;;;;;
889abc573bff2f4b788db7be547b4b65;;;;;;
f69a1c1d3a33d3c33ea65764e5caf8d4;;;;;;
580d9ebcece0cdc3012e6066624eec0c;;;;;;
45ba3c5002aab37309d8f43431588676;;;;;;
990a37ccf54fc7047ae9b3f9286e4795;;;;;;
9ced06dff700362a7c0fbd752b9f31a0;;;;;;
f9ab00e5fbd2752cd6d633920f020465;;;;;;
77b4fbbd5bf451d75049bb1ea099c4e5;;;;;;
3e18c30f76fa72438b6699fda035d7da;;;;;;
9efc7abde4f34b4d0a2f24e0f248caf3;;;;;;
925ea5a9f2b9565eeab4f5d25fa6c0cf;;;;;;
1ccf160edbe6b79de5b656997566cb15;;;;;;
b7d51f60e1e54348886523c0e9e3b3e0;;;;;;
54f4262b7d9ebeb3ec86964305608f88;;;;;;
548578a2ba410cbb608ebaea3a5fc660;;;;;;
c4cf0e26147c7e38ebbaf88abb6182c8;;;;;;
6b7869e3fd06368ba73fe704272bcec7;;;;;;
37064df065b789c5cde10c63a347fb6d;;;;;;
ef14ee04db6ea2e8e491a73e9f6ef0ca;;;;;;
65bc376a6f269ad31713ea5cf596dee5;;;;;;
6117edd6c66c35e1d5c4ee87130b40cd;;;;;;
166402db925911e75d9edc97e1ff1f20;;;;;;
b683ab0da07f1ac05f46be2f80259a29;;;;;;
4a19f9661524ee615de0f413ebc7c1af;;;;;;
32610da2a88b6df4b0ebe40778fe9ed0;;;;;;
e4049d7c98191fdb52e86f0ade9e7878;;;;;;
851d418620cdd11cd7e3f491bcde5774;;;;;;
451044789c9dcd6bd452ffbd746e0b61;;;;;;
de1489c1a08818ad4866f77e544bc01a;;;;;;
1e55d60b8e0a22a4246fe795903ab473;;;;;;
60724c2d236739464c692665ef15418e;;;;;;
148276046d2009266525ff4a641b9457;;;;;;
4829848a6fded220cf02fd7b13da122d;;;;;;
c715a6a051239379df4ac3b810333109;;;;;;
5d0772fc0a4bea45f883b8179239d3ce;;;;;;
fa70184e07fb491556e4d2a7c22c5e3a;;;;;;
900b193b34e71a4212501440c3d274e3;;;;;;
55ac88df65d559fb8774e925cee74d5c;;;;;;
efe3e175db3d640483cb59564e768e79;;;;;;
352b6b317d73a60f80540a69714def54;;;;;;
e82b99f0345d2efd7b860db2cd231170;;;;;;
cd45cb0b328615cdffff61c39449ce52;;;;;;
b7dc6295a56e5209795f19e412276760;;;;;;
03b0cc42b57770e730b6f8e4293d0d71;;;;;;
b34b797557eead054d2878c30d9ef559;;;;;;
18b29f3f76591bb4c5143fd9ab702bf5;;;;;;
080c2023a87fe20a5b1fa9cebe3312fa;;;;;;
b999086b7df33bd0aed054746bcdd7bd;;;;;;
1a85504e150cf4c6274a7a8f047c7e16;;;;;;
44daed5dbecc2818f58e0e3bb430b444;;;;;;
8ddac7435e922986b42a88fe47b33b65;;;;;;
acd2a6befc4a88fd2d2111fdf5ad5a8d;;;;;;
6794fdd06d422ea5c4cda2fb16abf2a8;;;;;;
e41883e26e9c38e177939e73815638db;;;;;;
4767e4eb3459691a52640483f7c32604;;;;;;
518dea6ddb1451ef43c4ab1600c5f4b2;;;;;;
5b464157fee22e95661731e1f4fd2476;;;;;;
12da7bd330193d202d85c4e631d4843a;;;;;;
b9d30cb855f0fb9d957a4bd10ffb8da7;;;;;;
f234c3a4126d20d5d37dc734c5fce88b;;;;;;
da0961d7c4cb282fd35735be76cfa5ce;;;;;;
7e5e074d504c11e59e58b70b0415ed40;;;;;;
2bc8248bad4c4b94b10936eb4878612b;;;;;;
b16645c56052cf68705e76af4959c789;;;;;;
26d0fae20841f4c3c031bed452778ffa;;;;;;
f4c1e0cc301b2aa23035157098f87785;;;;;;
68dc902e07afcd7b1577cc8e43dd7ad2;;;;;;
a8c49d6099a44c94a6ec7d1ade5b6ce0;;;;;;
022557378d577469ac22999fbd703b7f;;;;;;
65c17fb01295675fc1a6526341849c83;;;;;;
42bab0f561717d029c956babd17cbf51;;;;;;
a375340bfd453fe7a002988f600a5621;;;;;;
8964237cff697539985d2cc7e9bb56ea;;;;;;
e8c53692cd657cb0d48ac911b1063880;;;;;;
4866498c45057ce86a0fda231cfd51da;;;;;;
5f57369b26be8956b84c602d3bc8ebb2;;;;;;
f63a3e0bf347aa02901dd694b9a013f8;;;;;;
2c66cc017c511250c5bd0423be8e0791;;;;;;
8527ce76395b51c87200cee66de63312;;;;;;
c11317455e830599560b9e15e771daf0;;;;;;
03453fc4aeb5cbd590213e13c7feae6b;;;;;;
05e3a7f2078b92fe91e86b6e01b25b8f;;;;;;
01a48ec97523aeacd9d586e5079467bd;;;;;;
3d71a00f9d87a68a0a68e643796b8742;;;;;;
a9cea41794f4d3c4a506bef6105ce951;;;;;;
74b7bb4007e2cf5fdce3c347a56fc803;;;;;;
47edf89ca4b5227552b7424d9645f612;;;;;;
5f04f89cd966a73a9e1e2e49b727a889;;;;;;
e40c0ddc1aa4cea92e9e04a1b3a52eb9;;;;;;
9fadaf71e242f4b21262ac4ffb1090d6;;;;;;
ccf0fe25ec504bc5665f4e3b3bed5a60;;;;;;
fdd72438f57b2d0d11bfb857ac822482;;;;;;
939a420ea73aa432f9de8a41e1f987f5;;;;;;
d235c19d0ba84e18fed85437d94d0682;;;;;;
241f42f68ee662c3d0cfc505f3a8b870;;;;;;
97a3e57b2da9d50d19c81864d8028b49;;;;;;
3e1f80c009093d02acf36dc4a0c961c9;;;;;;
0925e05c7c53df9e373c539194e7b36f;;;;;;
4eaaa7fa6dc127ca41a4f66cadb18ba8;;;;;;
5bda210ef5edf9e464aba870df02e96e;;;;;;
70eddb901c40c2bb301d88179097645a;;;;;;
af23d7e92e6b97af6fd93b509d2720c2;;;;;;
3a3b764c2fd463a8a8f3aa7a689e245e;;;;;;
f0c8b3079a366abc87040dbe3ac726c5;;;;;;
adf4faadae5856e1036d20caad408749;;;;;;
5b638851ce3340c5ee27c6b4c248d6fb;;;;;;
696bcf5fc21361e195ef344592692617;;;;;;
171e51f618dad997781002a2d3cb88c1;;;;;;
a8752fe7062ba0348904d7a88c6fd95f;;;;;;
928ce6718bd836cfbe0bf2926d509961;;;;;;
c21dae3c791ab34290395b16131e0c47;;;;;;
fa06dafdbb09e8759b77e815e2beaff2;;;;;;
09b3044eb31a8b1a55add893e822b6bf;;;;;;
54588e38f63960548d2b8f73230897ad;;;;;;
9621a6d95bfbcbd8d7f7234b69e7bdcf;;;;;;
363e7371c646c61d97a6a96bf6760f3c;;;;;;
e27c3f045c005c00ad8957e3f81eff59;;;;;;
567aaef710cf83a669ac098cabb91125;;;;;;
2ee29f06b2c83ec45b96dbf303e53cb2;;;;;;
3a646381080be8dfeedb88c61f9a71c2;;;;;;
688ea83ab305a08b281ede45aaff3c49;;;;;;
e0bc33e06ea643c9d47d36b8c6391ff1;;;;;;
576ecfbd27ef83b15af1845ecd439459;;;;;;
90fa8a4e5031f1356983d1576bcba17a;;;;;;
162e1e0a8a51000f619e34a120179c78;;;;;;
8183c9d0548f7c0eb02ece506a889851;;;;;;
691f78be45b0ecfe4a74cbf7c179a37c;;;;;;
b9808e6881d3dc22bd9a9c3c19ad6e2e;;;;;;
7f7b7c760e652d7e0578669ea5bf3bee;;;;;;
f991a15c59e1f1f48f78ae2339fc967c;;;;;;
ec67bca9a7ffd16c2c351e8082100171;;;;;;
3e7a3e36bbce0cad9b6ff528e83d4cc7;;;;;;
298e6cef9961e5fa824e686dc15b2038;;;;;;
d63a35ba73b02f88fedfff64f5bb87ec;;;;;;
801f116411f6d3d2d979d9b222c96ac3;;;;;;
404d12b10827e9ddc185d11b00e64ced;;;;;;
c7e337ba9c89f2d7a59ba44fb88b47b9;;;;;;
0cb32194a800de743affa33437e9de4a;;;;;;
4ab62d06746ee5c2b5a42c366b193223;;;;;;
ad33f6bbc0689b40a86d3fff3de29312;;;;;;
e5d48b77dda758e86cde2695dc916de7;;;;;;
04085c560c73d09db787ab089c48e349;;;;;;
fee33a2d6ba75a1f79824989f4b78bdd;;;;;;
efad31c7983ac0bf2fd4a7e4bc3bd67f;;;;;;
c0a96cb3a2d19d28feffc57aaac58224;;;;;;
478fd8b192fbb42476174b2ab3ae4869;;;;;;
360db7b0f55ddd1d12d83871746eebaa;;;;;;
caeb28be73dcad7fa609be3ca185b37d;;;;;;
05383bb258571c9701cdda8bc701f8b9;;;;;;
9dcc984318e42ec8b38384f3c5555843;;;;;;
bb66cdbe4efbaaf0501ff5fa7a213884;;;;;;
3666642826789d0829d7b4767dd5aef2;;;;;;
464f4461b064bbe85038ddaf55f5fc08;;;;;;
a26820e758967b438fa64ceb7d68976d;;;;;;
253924411a4c0122b24d4988911fa15a;;;;;;
b990d1dff88fa7529de3b43331ac9366;;;;;;
c2901c1035f38aa2d7cbb89e17ed38f7;;;;;;
9c5563e96728def1e97575ffef0166d7;;;;;;
66cb4fad4e556a00d33319f1294ce704;;;;;;
7a3d2159b7afe0e3b74db84d71487fda;;;;;;
11921b0e154f93867f930979a3984e79;;;;;;
26a8bc1aead11d99a243c23ad66f1a68;;;;;;
9667a92870c80003f42399582e57fa3b;;;;;;
d80850ef29f43ce0aeac72d00993a39a;;;;;;
6b099326cd90a2b14553c7f5394ee74b;;;;;;
aeaa4436444f32e90089282b8de57f29;;;;;;
928fd3ca8ab402acd53cb1ef493931dc;;;;;;
453c529e398bb3a7a17bda0214b36e59;;;;;;
7e84bc8cb91e765ef066964a6e865d3b;;;;;;
91b3fd04d2dc3fcb03ddebaa68cfc88b;;;;;;
23de678b38243f811743a0968838484f;;;;;;
3c0db9e7891b19f15a9e79fea5cf4a8d;;;;;;
ed5fffeed0728dd1ec2b58fb0cd481ff;;;;;;
d719cd2fa8b41a64ebd3d6cd147ab69e;;;;;;
231e321d5651566dc8c06b4eb0c7ca03;;;;;;
1412d8a83cf3b7e394cf91cca9bd3a7d;;;;;;
267f851c9c7e704046249feb4fe30dcd;;;;;;
a19d0037dc024c8d9102bd12091aea34;;;;;;
b547b7df015a1f89a04c76eb3ddd5181;;;;;;
1dc4ad9dc76eb8bb479095f6900fcbe2;;;;;;
dff575e5370f248aec219d7c56389fcd;;;;;;
d4a81e4c6272276db044287aa20cd89b;;;;;;
8b6d7480d7b0d15e61cdcb625ce4a9d6;;;;;;
aae7c52f0322e97c63fde29d5c022169;;;;;;
e46795add70f8ab6351576628e46af60;;;;;;
0ae447b59efa2f8a2761d4142831ae76;;;;;;
40aeac142debab985073290b1d4d9fc2;;;;;;
e5e3266a598c0c18cfa3477a85819b56;;;;;;
42ca2033f5c91409eca418eda8026da1;;;;;;
0ede4ce3b8eaba1f2b5d0f796d3f7e14;;;;;;
e1edc077fe41146e7efbd03d8041ad1d;;;;;;
e844d4d4717254789869c269a45f331b;;;;;;
be1ed52560df7457e4d8d7483648c244;;;;;;
5126feb5c07d563751712afdde690bc5;;;;;;
59e6f88d0bb27b6f330915c3fbb9e851;;;;;;
7e9892ee6d028a140343d7e419964a0e;;;;;;
91eb9350ae567a24264cd0d4e02e1490;;;;;;
6d257fa23d53d0c784c08e9e659e835d;;;;;;
cf621777f708d28024d27330b53d6e51;;;;;;
da3e93bcb1801347fee1d942d83b66a8;;;;;;
552ef717800f79277009b9bdcccc112b;;;;;;
1f029a70ddce769bcf8044976202ca8e;;;;;;
47dc0d7b105605137eb04b34ecce01dd;;;;;;
7da0cc72c29c96be61077943ed965821;;;;;;
28a02bb280bbefbd6eb8b4252f108533;;;;;;
07b82e5f9d8746f52f330111d03fc667;;;;;;
6cfa8cd797382ba56aca6ee7d9689a4c;;;;;;
4bf908e0e4abf123375235e59a232bb6;;;;;;
94e7822cd6598b7ec213e2e92fc3b5b8;;;;;;
76882115a4533635f770838faa64b4cf;;;;;;
82aacd1b5f0aeb32c5c7773cfdb26200;;;;;;
142d09778d0add207d93cb8e60f052f1;;;;;;
ea562bf1376c217e4ee73746a62d76ee;;;;;;
82250ac439f24d315e3459fe56bcc10c;;;;;;
fc9ff00058900a89bbeb37bfdbda1f88;;;;;;
69f309f8d3ba83a63e0b714c6a9b3e3c;;;;;;
3363876b2bb9040cb70023dc3355717b;;;;;;
9dff044a1edc059a5c6e40eab2d82499;;;;;;
4829d0cecd87097df2eee1180143e2e3;;;;;;
a1ff2e0ec9b3fbba9ecdd884ee63db9a;;;;;;
eafac235e9c248208db9c83c08079dd1;;;;;;
12e0fb03e3a5e2288a74cd1412ba2579;;;;;;
a50e30828fc244a1c3b0aa56cf71159c;;;;;;
c8269dc89fe13687c554ad23ef97ba55;;;;;;
674bdedb7a747918a069fa7dfe6f6b8c;;;;;;
9fbd3aeb81a823969a4b9bb27e2bc32d;;;;;;
321d7ef397ce980ae9080673e2fb768a;;;;;;
e6c93e20cfaff88e913adca9504ecb29;;;;;;
00df7044f671315e1be86927507dfc61;;;;;;
ac57a0ecc3684e615557b718f17a781f;;;;;;
5c9f872f85c5e7466d03fa08c51ca833;;;;;;
35067bc8bfb820f86a9e68f522720b4e;;;;;;
9d7553bc41a47a2693ee42a428cb4350;;;;;;
8e8f4342d839b46f5bb84bc21bbfa88c;;;;;;
95a760771e83c957cb093fb45e12839e;;;;;;
b3233266840f67fdcd74dc4b66012d64;;;;;;
c2454582f5d6926655b76b6da85b8e43;;;;;;
a6da9966ccf22e7dfeefd83c0b7b5539;;;;;;
3daddb57941522963c6d78408643b0a8;;;;;;
254732b7135b6d9a9e1c05ae102c3001;;;;;;
b66ea851c9e1e797b5c6051400f45290;;;;;;
b4e6f8e8d39a4fe8c827b1ce75829e13;;;;;;
a8e82cfa5ad376e38461df4b696b6d5f;;;;;;
4e6b75d482d744ecb93b856507a575c5;;;;;;
5681076d45e4b2bf093a2d673090ae0f;;;;;;
62ce433977935912c4d1f84a4720e97c;;;;;;
1fa5e8a5c2f23451dbc51cf34d88f004;;;;;;
270ac327fc40af680e21deaf82162c1e;;;;;;
17008afd3595ce6859604ee6fc6d200f;;;;;;
c709fb91aae5d78f4d9361159d76df70;;;;;;
2f00b048554dd0b63cbf6d3c1b0dbccd;;;;;;
1a9763ccf15791a91b28689a32fbd05b;;;;;;
ea0304fd7179374b58e9a83904475f9e;;;;;;
29ed39e15a1b6fddae02ec01ca110d11;;;;;;
63b9c4bbcd1e371adb9c15fb00b0b245;;;;;;
73096fb8f24a314b500487c2dc0da51d;;;;;;
b95f7ef25909db3874999b2e3fde82af;;;;;;
9a26e6afaaaf9312da448000f80f562e;;;;;;
93483df522a0ce40a0530efb6fa27dee;;;;;;
5b755c36a2c5ce7c43fe7aab1b80ae20;;;;;;
c4e5064f9661227e323c51aea69f8701;;;;;;
e9e5bc512ef2cb7d58a8a2dc69ae8fba;;;;;;
2b08d84ad91db543f546cbb49643eaca;;;;;;
6ff1c6fd39db9d011faa312217dfe465;;;;;;
0bceb46b3ade2f81698ee90e6ca3ae07;;;;;;
e152b728398ba8d8a1b9684f598dcdaf;;;;;;
991de3b2e45d173ea11188a2267448c0;;;;;;
07d159d5ef6c81184e4419e2ef6778de;;;;;;
06036b5fb669c6d0b16aad0670213385;;;;;;
eddb8a9cc87330dd9c70efd977f68b98;;;;;;
802e864958bc1773da914d350250ed48;;;;;;
c17b84a115f7474a58bea0ef7b2a57af;;;;;;
c952a6862974b5cb71a2358c3ba32041;;;;;;
068c91b0dbe0690e10d20b354366e7aa;;;;;;
d5e90e1a91a47a6800da4935744936e4;;;;;;
3e1c57f54b596870e2fa1000842c2f12;;;;;;
6587213afc1eaebddfb086d458ffb629;;;;;;
51353e7a5ebc637c938b9fc88e8e5df1;;;;;;
ef661390d74ed39089b50ad836d06fb9;;;;;;
70a58b83d13f4edc693260189b80feea;;;;;;
377f3ca5b605828ccd899047c859b283;;;;;;
4c5ba534182a1e72a1b0c880939dc365;;;;;;
1928dc863e5d17e3f19bddf0cdc73980;;;;;;
e216f7b4762ae0ae52c752213e60a8f3;;;;;;
1f1e9ad9223a57c723adf7e8a2fea6cb;;;;;;
0ccda291ac770da0202b5cdbf3c322e5;;;;;;
704556aa8f74ed7a231b6fce2e6a6cda;;;;;;
e3489280a51ed527079b055c557efcec;;;;;;
5443c655d3ee3bdb72ab0e3bb45ae2a5;;;;;;
0f107c0705e2e94aad83dd0d79081d9a;;;;;;
616ef8767ad3af0a31944f1327fa8110;;;;;;
f25e5055118944a2db58c807a12d5f1a;;;;;;
275c62c6d4a2e9d927b10884f0b728a3;;;;;;
6c8c6de5c05cb76fdfb2481ae8caed4b;;;;;;
1b689ef65bb56a0ee5e41a9ba7725227;;;;;;
d75927cdf544e6b4434a27182d51ac53;;;;;;
6353c6cb6ee07bcd751bae30090880ea;;;;;;
475c1cf27dc24fb01aa70606047403f9;;;;;;
3d3fbfdcde8fe608ef119482ee9d26c2;;;;;;
86c806aa1c7f3902ffbdcf523c686ba4;;;;;;
f4131755bcdf6124d98c4e32d9194312;;;;;;
67c3c34665b60e5316817109acd1c628;;;;;;
bba10a8eb034bec720ef70cccafa9449;;;;;;
32c9c1893a4e9746cf4b4b54a9eaeabd;;;;;;
9b295184f3f9ec7f5df44e38e60e7210;;;;;;
ee25500fde896a576c1c41618b50e87e;;;;;;
8c142271928b1e623a512db5ee762a85;;;;;;
e571263dfa8389d230f4b54b22e45368;;;;;;
6445150a81217db07901f4a8ee107f70;;;;;;
66f7a42984305a1c88395322547cb669;;;;;;
13c6605395330170892f9cd63c8de138;;;;;;
5ee68b4b927f9434cdb0b99155f2f599;;;;;;
bdde8f601319f2e50f7213cb960f43fc;;;;;;
fe6150bc08958c226895cc7d26820822;;;;;;
60669608b3f5e11e394d2567d4a49858;;;;;;
bffa84201bb985e73e96b3b9a00c6d49;;;;;;
0b0c9cea256b3a1301e4035d23875be4;;;;;;
37def94a17fd2865ea373f59840a2af6;;;;;;
a9eae0a80f91977c1c77db7d360ac22b;;;;;;
2220d076242ccad335dbf916bb4323e6;;;;;;
e5294c264e62850254a5f5e3fd191f9a;;;;;;
22613c7a25450ad41db98877861376ad;;;;;;
a30558b4b43791fdccdc934d909aea15;;;;;;
817a304b70dd576783f8a974b2316900;;;;;;
bea45ef930fd40fe8046ca7039640f9e;;;;;;
378e88b1143528fe8dc872f5ceb61f67;;;;;;
4bcfd11ab23fa9573b121904633fd647;;;;;;
fd7e19ac58635b943d9b2b977ab08c21;;;;;;
1662b322b70d492201fa42d29f6214f3;;;;;;
35f96c0ec90b7b6c9c9b22798086113c;;;;;;
aa8c3c5d1689881ba0b6538dccf6ba72;;;;;;
e017e087735feb12e704000bb782fc09;;;;;;
b022d51139f6154965b9c505e889dea0;;;;;;
4c7919f6b9c530ced826bb5575c5783c;;;;;;
cef95f83d8f85b7a10dc7858d49586e6;;;;;;
3cd6988f82e456b980ae1f6b3c586326;;;;;;
86fc46b1b4e78d0a73fbfb2818894e83;;;;;;
aa17d19ee1a8d87726eaaedd78972792;;;;;;
4653a68afe1feb926c1b7af9dde10a40;;;;;;
a6ebb04788741532eee0299e6d795d92;;;;;;
23741e1d9101852760f4c48c116a6fc4;;;;;;
36c0fdad05536a0da2d479aa9d8ae899;;;;;;
355bc37b2b3ea67ee3bfafa2b35c6cf6;;;;;;
b154755e4a739a1f5c30d01178a50287;;;;;;
82cc127d9b081fad7748142a7590cda4;;;;;;
f784dbd95ae9897b4e998c3de200425b;;;;;;
d882b77299d24ffdce2730651984076c;;;;;;
7f007f3d78eba9c3f535b737ede44df9;;;;;;
0571cff809b8b0ad1c36ca0ca47f08d5;;;;;;
9740950b634cec6458c171c2c94c5bdc;;;;;;
7f6900891488e517c513d510385164a3;;;;;;
be93db472d98314909da524035939c13;;;;;;
35c29667e2a6b31d4ca6787d6d534649;;;;;;
1c02e63df147a2eb7571ce08a02bca01;;;;;;
185770a2f8baf3bb88e39a1578f65dee;;;;;;
5174b6fb6e3c9f1a4c8e72b1d6d3358e;;;;;;
68ba708f8f0e991500c519a70e4b97cb;;;;;;
7d18f6a383880a5a2d4eb49be13fec92;;;;;;
54dca2ed2ad03d582cc8cb14e3b54f27;;;;;;
dae630d15567c7f40bd80bd451979946;;;;;;
4c3ab3904bfc5cacff4317255b800310;;;;;;
8e60181fed6f89cdeee5debcb4192301;;;;;;
901e91d710322393f40b0205ef4d7012;;;;;;
2189b2d33b6fd28f383eae01f4e144f5;;;;;;
c39edb81d7df7b93149a9541ea7d458b;;;;;;
4d9b604e96aaeeec7b33d829d34ffc8b;;;;;;
a178a2eb64c0274baca9433fb6bf7486;;;;;;
5fe2350ab951a378a4e51df4defe7e77;;;;;;
69ed96c2e3021edacef191453293c307;;;;;;
13e986cf8ad210d8d49ccb8c630952f3;;;;;;
14169ff9b0aabd078e445f941a0b2950;;;;;;
d3de1e05a2a55ecf7341c1ecbcc2b77b;;;;;;
d3dca6769c04dbacdef7054e52628e1a;;;;;;
dd19605d663d13cbe2128587b5d6ef48;;;;;;
a035409641b97a4efcbea7e065955022;;;;;;
2dec513a7861f070050f8a42b743984a;;;;;;
614fad49df1a1aa342902d02fd4451db;;;;;;
78a996821de6f6bdb31386aa560e0a00;;;;;;
0820ee7d3090cd0f3c3beca02b8211a9;;;;;;
e48226ecf147772af1721c2d8a8330a9;;;;;;
c0f6879b646ee0225f9ac8eb562e77e1;;;;;;
808a62f136282edf3daf00745ba195b0;;;;;;
9247ddc7922933f1973fc80e842282fa;;;;;;
0c0d0ebb5dc2a703941f4e8a4a1e315a;;;;;;
c07867abdae2b0690f6af19607db681d;;;;;;
f6ff702486ff924305bb43666b83f233;;;;;;
0f52d3923dd32f1a3515b3a14787623f;;;;;;
6f37a0ef4829a49f607a2b41723f6b88;;;;;;
50e49cd58af58a75d98bd6b78c107a8a;;;;;;
547f54d41abb00701ba050cfc3159d03;;;;;;
cc9b85cfb157f65d2f7588622d48072d;;;;;;
acf91937f63fe3fd25b7183befffb61a;;;;;;
14f2fda97c2b4adb3555b822c9aef610;;;;;;
0b4b13c80baf9724b0b2946863d63226;;;;;;
2fcae2c9a22a922ef7f8f67ec408450e;;;;;;
b59f567ed81e0568ac09f7392271a4da;;;;;;
2761cbc6c7b8afafa55202ad7093533f;;;;;;
998ebe77b3b5cb5edd5adeb0fab67fdf;;;;;;
4bc95accaebabd17a21b2502626a0d00;;;;;;
2978f77fb7d9e312e99c5d2f9ea4a782;;;;;;
3157c09f84a2006d63e2ac6ecf5ddba5;;;;;;
05ce71c4ad9d6ed681d95d9b63c7ecf0;;;;;;
26748c89901508cef3bf4e7a60e4adf1;;;;;;
96e3831d75592084c36b0f2e5f22d810;;;;;;
28bf4e85fcf41489a69fd499a7236a0b;;;;;;
4764236ef8deb3baa51d466bf2493988;;;;;;
2b3145845c6951ecaac5d16c7359f459;;;;;;
eee8b2573dabe5ce1e87907cf601065a;;;;;;
8e0565129073064546d3b5978eba232f;;;;;;
dc2cb8ced78a547bc5aca8f77422b6fc;;;;;;
f491c701f969522902d1bf73138126a9;;;;;;
c40afd59f9ec27abf6218fd309eccab5;;;;;;
06a2c967d68be269bf33d31becea7c2e;;;;;;
39ee8b6731018a7885c79f2a9bdd1246;;;;;;
29918cad4ea1aa7d138b8f5f299ed784;;;;;;
c6b78f60ca7b6f3b53745c2efffee7d4;;;;;;
383539ad8449d9b204d51b30f2f90c46;;;;;;
4f71375212c8bb54032214d5354776af;;;;;;
f771454cf98da1d1fb0d161f513d3064;;;;;;
3fb108142326ad61c5bac41f50ed19ca;;;;;;
d099266a98257c1bd827f283abfe5c8b;;;;;;
f0771513a3090e6ddd6a2fc47b6d5502;;;;;;
cc29fb4907dc08a312511708f80fb78f;;;;;;
f1028d5001f8367c98b519dfc0a45ace;;;;;;
f106b6615d1538630cc60a459c1ff69c;;;;;;
3891ca70fc076dd90120ca3a2aafcaf5;;;;;;
a05df1da36178cb0ef35b662b3943745;;;;;;
bd85d1eb78541e872375dd3ca970487f;;;;;;
5ea8e05bb656413c8f128bf30d500528;;;;;;
6db4fdb86395080daabeb56d089ef33d;;;;;;
7fe2756d76cd2b0288e53efc56461299;;;;;;
78a5ab8d9db09f8a3091dab59b577e61;;;;;;
2d337681b966826871fdbcc80ade0b95;;;;;;
6e7bbfd7c325763a0b119b71ce792a7b;;;;;;
641990b6dce38df322f04127de95ee69;;;;;;
c37456e2af4ebe5a8c1599d9b1a3da5d;;;;;;
bda2ea6c37e3447afaac19ea451203a1;;;;;;
30a739654501847735e0aeef9e4d5abd;;;;;;
ec8a1dbd401bdc9907e5c4532275975d;;;;;;
e2fa3b846a4d100941d53495446be42e;;;;;;
890878155b910dcf855b6784061345ab;;;;;;
6feb8d833eece5a792bc06f7ed62f989;;;;;;
9e1338e889f0ba4f978596b09f0b78e3;;;;;;
d324aacfe68794840cab45f977d2042e;;;;;;
a7a76f59ef934a4d9c75e21ca72eca8a;;;;;;
241eb35748605b7b13e477302bcf4b66;;;;;;
0df9c3395467f03c1058f35c487dcce7;;;;;;
78b1d87522ddf96a582b56f26a5ab705;;;;;;
841ed723fd872f7b6d8ad123505d7212;;;;;;
331ba3ed1f540c940ba1f23005a39cb2;;;;;;
a2a1aaf5916f6d7f6fb51b6fe14afb03;;;;;;
c21333f2c00b39d323784eb29975dd0a;;;;;;
80b431cdf9de39cab489191d03f940fa;;;;;;
76ea16014c3bc3c204f1d303a87509d2;;;;;;
c9ac8efea52f52c3bca18c05fdf3db3b;;;;;;
026c76f007f90b4ce8c37f449d080601;;;;;;
7bac356aa0d8112c7499328243277509;;;;;;
aad2ecf34a7af0f0d49640d3ac3da5ee;;;;;;
e87ade50d9adaedd2377bf5c4535d623;;;;;;
935e652560b089f0d3d94449916fdf2d;;;;;;
ca76edfbc1c29f0b9c9a492eb9ad16c7;;;;;;
c1431724c42064dc122fef55081c44f1;;;;;;
25ec8d68f227a8096660f0b13b91670d;;;;;;
ccc99193c6692cb2604782f1e1756de3;;;;;;
745892926013da85e3083e05f5403063;;;;;;
8c5704d7a125e8f71e6cc3be88574b8d;;;;;;
861bb9f7488bc561379be8cf1493a5b2;;;;;;
e077d3e23800b1aced356ba8e5625503;;;;;;
f2f7a8906103b7b77fa3b5ecb0355dbd;;;;;;
e8dd84549918796bf2926295883662f3;;;;;;
299ae98f57fce4e6237f05abffb39385;;;;;;
5460d7257a228d7a385b2883c9366461;;;;;;
fa698668d5b34f4906edc2c011afbe56;;;;;;
f5bd153e434331b2fa4232145cb73b8d;;;;;;
5a4b5c5a35ceda314cd165b33601db67;;;;;;
a458dc63c8ffd06e8eeba4103a046e9c;;;;;;
0a9b3f366ce8857a8a9719332299bfb6;;;;;;
cca52133a960ac42972894cfff28660c;;;;;;
4a2ff47aaf87408643c95faca7044514;;;;;;
8921666d938ca77ce1a547e0cec7c22f;;;;;;
6104783c309cfcee13e98cd3b80036ad;;;;;;
4e73ed0c3d071d5ae11c1c979745dc39;;;;;;
652dec7bab82fff23a7ace6b1f46b3e9;;;;;;
2b97b20ea4bb381f4c2a9cd0178253eb;;;;;;
1d4faaf36bf4383320a93bb909560cf4;;;;;;
a66dfd581eca45784a8b290aecbb7c79;;;;;;
e16c608cfeea672f5985c88e0715e063;;;;;;
11a9f5e966d39f3f8daa9341391143ca;;;;;;
b9707044f4553a34feb23755923321a6;;;;;;
5a5ee75997187075508aaad3401bf9bd;;;;;;
58173d252e86a4b630ae542598cb40bd;;;;;;
53a4b27b4a3f46ca76b7e49de0646742;;;;;;
f27568f752ecdf65c61941bea54ed6d7;;;;;;
9301ba0cb5b0085fd5598be3545b9796;;;;;;
e1116f8be69989184de128177c57377e;;;;;;
a98ce82371fc8765b248178a9a8ec736;;;;;;
8cd27aeaf0ccfed8daa31e2680d3e67c;;;;;;
8a3f5267d66cd0f284ff41022931d2ac;;;;;;
fb8539547d570487af649baef8052319;;;;;;
b815eab9b619eae79d39555b4b1d7503;;;;;;
b6255b3255172ce1b3d4ffb63f5662e4;;;;;;
8e0acfcefe661cc771a362e52e824594;;;;;;
03eb729c7b23c3600e68574438a4de10;;;;;;
8435273e04e5db651d02dcfaf8ae1aab;;;;;;
cafcd19a6893ddeeaf1c6a9f255ce71e;;;;;;
1ee2cc33943bfe1e9f97fbea88090dd4;;;;;;
36252cb634541e6b5845c2bb6c25c83b;;;;;;
c22fa7a8216ff055b8360efb0eefff45;;;;;;
9441e563c6d5e23d85d2a862f4d0ecb7;;;;;;
ed946560b4b430580d1e149a5bbb2ce6;;;;;;
760301c1ba61c6b5b64626ffe180667a;;;;;;
73e7e4d11a09495bf38d5576d8e453ad;;;;;;
75a4a6feb7f1b330ab9d135db068d79e;;;;;;
4e009c40675e4c4b40f858592b1cc720;;;;;;
ed94f25287c1d4388d4c130d26029a3c;;;;;;
8f8e220c385bde23c0a1b9b6ec1dcbec;;;;;;
3b256a736ab017552bf17a3cf7fd6136;;;;;;
d58717c1cc40f9083037854fd4aa4d4e;;;;;;
753e6436f6a049d8908e0c3035020106;;;;;;
f03f3b4a5d5476267cd27ebef4c8487e;;;;;;
ffd51966763ba70c21b40091b5b18fb0;;;;;;
34126c5c7c92b4ad7e1af8533d03466f;;;;;;
8f882c554a6d30bf56208548209f179a;;;;;;
71f1fbcffc210ce677f711604e5e31f0;;;;;;
1bf1e2fb613d996c1135efff1de24483;;;;;;
a1a0407ddd8d18a41f9ca170c1a5c44d;;;;;;
432cc6bd154e6a79f321372f3e3befc6;;;;;;
5a85be0c2d33d4fdb1557f82729d1cc5;;;;;;
ddcadd23ce1dce726352a1934594f84b;;;;;;
57b8a6bcde52677fce35fa3ce2c9575c;;;;;;
c7113329e916a297471e6fd2bc1f8c84;;;;;;
10f7ead4658342b6878ac6302aa1c01d;;;;;;
19765c4dae1825d8a34bb3d6216b6f69;;;;;;
3250bfcf71faaac89c6f2df5335a7429;;;;;;
89bb3871885988197ab465e453a573e9;;;;;;
3cf475c6c61d2d25b9cce099deac32bc;;;;;;
adab7bcf83dc745d32be73d9beefa2bf;;;;;;
3e9a3371b09c5a0b4be492b400db9232;;;;;;
103f9beebb108822990a80fe804c6a3b;;;;;;
c3ebbe6b852a122b495734281e5f3ade;;;;;;
d182b020ad9a52196e865f0e4cebdaf9;;;;;;
a12c54dad70348a6d1fedf2bfc55c0f9;;;;;;
bd6a29654a3c23671b694b37c4a9fc35;;;;;;
f80eefd78922e1a4184b1484d5be7d00;;;;;;
e6e40cd9597d519db42a39452d07add1;;;;;;
43ba36d446d317da6a6c454fd1b81615;;;;;;
5c74703caf071ff34f1140e60c56a200;;;;;;
34aa069fb7fa0430c7429fb15a06ca88;;;;;;
24ffe6b8caf918f155ebf5b9bcbb61c4;;;;;;
86e5765e1b6361a92962749644dc2578;;;;;;
2c144294655754cff4f8edf21f163301;;;;;;
e5e8e437b0af82791ff7bfea70e243d1;;;;;;
100360a16c8727b5f60e4801cef71213;;;;;;
857afed499c50d851e728e58b487c800;;;;;;
96fd8c5a781f99f3e21b1ca9f67524b4;;;;;;
41aac5344e0dab12d5aafdf54f4878c2;;;;;;
18967226a1ed4928e14fde6fd8d0c3fd;;;;;;
79ba0bc3aedc1bda6bca3a5ed0f3580b;;;;;;
67fd9e668742de6658ec6adbd034f40d;;;;;;
abb4a01e281a451078682871dd9ede31;;;;;;
aed08a59ac6f724bfc8477975150a68c;;;;;;
a72cc5b8d2c94e6e2a49b975afac82f5;;;;;;
0c085ef1ef77ca538adae0f5781e7b53;;;;;;
299551f8605df1bfc0d0f8bbdb6e65dc;;;;;;
e9b48d792f2087c6c12f49a0caa4dfb9;;;;;;
3f594609158b3b0a26559679a4f5197f;;;;;;
b571525f610a581c35f63c496a95f471;;;;;;
4b12b36d53a8002029d94dd511c7b4a2;;;;;;
4f8fb7437c2cfc69026b36e7f17e4066;;;;;;
67b0de68594d452fa2653b89fd03401d;;;;;;
c36cbb9bd50f2eeffa86f6d244cb7c5e;;;;;;
20761317ac6f1cecc454f316bcf9ef3d;;;;;;
089633daeedc7fbbac521c38d777185b;;;;;;
52018d4e4fe673ba9b1ae7ff18457221;;;;;;
4cce88559d54ac710d6fa0865585826e;;;;;;
d71e6b1ecf4f9186429f3db93fd7ac84;;;;;;
548e15189211fe7256df62c6cb74dec5;;;;;;
b3b5dddcb2c3144327160dc7f93f1750;;;;;;
7ef53fa16d48d296fbec6a391cbd858f;;;;;;
330f069e79be5939a239ba4f3272e8d8;;;;;;
d9d6212c9b4320fe604884eac6811168;;;;;;
d3733ffc7744a7cb9c62d5573a31db97;;;;;;
faa2fc244f09f0638a481b4ec59ed118;;;;;;
24eefecc56629eb4e4b9e3391280ee89;;;;;;
271895c94654a36c2a2101cf26206c62;;;;;;
1584cd4432bd8174c66e874ba9bc8916;;;;;;
4dfe0cac078ddb2e6b97cecaf8f33dc5;;;;;;
23a0120280e1b56ac85e84a72162d98e;;;;;;
569e2ae864a9ceaba6a192b608909e08;;;;;;
325dd9e933c5fd82f50987c51f87d0cc;;;;;;
bfe52e0046b3adee9168e34d1d57bacb;;;;;;
6fda97c86e9a87c8bfa8c7eb12f0209d;;;;;;
e58e841e7d4c5dc1d435291080750e56;;;;;;
e8a60820037491f727bffebaebe2414c;;;;;;
0d06ba11f820d042f53b51d7d981c19d;;;;;;
fd20ab1432d02e6484dbe3d214d5f594;;;;;;
2675e56478f680eae73a693652df6706;;;;;;
a254255860f9cc43d1a361f821fec965;;;;;;
b96fadb6f6b031fb10219297935444d1;;;;;;
d5cb3968f6a42a5244e21a892511a2f5;;;;;;
d7386c1ea76eff83f8352231ee96b2a9;;;;;;
5dad80e1e70f93027637e58de3e43570;;;;;;
c4cdc93fde61f9bb3c7fc81961d64428;;;;;;
83cd7848be33457cde27d200b338273b;;;;;;
f10aa7dfbbe7ad910dcb1c663fb5404f;;;;;;
2daca64f576b655ca0e5a940e48f2777;;;;;;
aa091a1401de9d66f5836e044b36d75f;;;;;;
c05bc64d85321e1b29b898efea095aa8;;;;;;
c933cde573739c4ae778f8f368836657;;;;;;
77c5d86c5c74b42d7985b9fa303b834e;;;;;;
3dda06a84a478823f4da051c27f4ef94;;;;;;
722e4d85b8a53a2de6ccbaa5f481b0e3;;;;;;
b54c03b454a735c3e840bd0844b23808;;;;;;
ed5d16e8be1a0e2056d4abbffe3539f8;;;;;;
db0b81f709982de142efa046bc2cc4da;;;;;;
736be7d8a630199f38440e606a110284;;;;;;
987955d89306b75c74e8e7eb2c98bcdb;;;;;;
28f3343ad76313251087a6ae098bc069;;;;;;
72bb5f6559386df2d0a316941ce367b6;;;;;;
f0aa7bdffc19fc3fdb6117e3a7fd5195;;;;;;
316934df5c31a6f54bf8ca9b3002ab66;;;;;;
ee697f22df9605e971d6a3571c5393b3;;;;;;
0c984663f623ab1b3d92a60a66975b16;;;;;;
1b2e057e05552a3f2101c8b13ad68963;;;;;;
1a9bbd51107de3280fcc5920f3969bd3;;;;;;
7d579262008d9cdebb701b5998a49646;;;;;;
35b0593883c685d0728e1ee520af85f3;;;;;;
8af38bf34bb2098a6fe45716e6f643d0;;;;;;
ec1f8eb40155b78f774f704c6e635ef8;;;;;;
2a8f6726e5e3cf9df3bd2c7f1a3e3fee;;;;;;
e7c9d012681be7b362aa424facea2eff;;;;;;
47d0565103e286a4ea5fce884f2d5a72;;;;;;
ee27901d03b2e0d4deb80366634b5d1d;;;;;;
f0ad34013edb4d1b5b084c162dbbd7d3;;;;;;
d3b81c9a788ecc91aeb28b033fda0e7d;;;;;;
f9b61d9426e859d51edd394eb1b8e78e;;;;;;
e4d079946b18fd425d92e1c1d666a620;;;;;;
6ca83b657aaac9dc5ce2466c1bf569d6;;;;;;
9aab54d5a2f35f6442583390f844acb3;;;;;;
1f72be742000cbb24e43003172118777;;;;;;
a64ad6b240156366a2ec4cd7dd14d024;;;;;;
1026bda65e9facf3d64605c785d566c2;;;;;;
07aa4c96bd989bf1d59d631132e3419a;;;;;;
8803bb36fb6d7083bb2154a79124059d;;;;;;
b47cad0f62f44336bd0edba3e9126105;;;;;;
1d76323d76a0a0cd302276a4e4b2ba6d;;;;;;
364756046c60254f196b28f70c43b897;;;;;;
9d1ba46b6126140c864c7ffddb9300f7;;;;;;
5380f6c43622165327bea4e21ccdf1a3;;;;;;
face8806dc761b819fae9c8108e1405b;;;;;;
41b8d1d68d3edb59033431f828063b49;;;;;;
0e86d13e94f2f4b24de3edaecb0c5166;;;;;;
6a64437f62899fab3f037165cb1c9658;;;;;;
de0f3de2aee90561f375a530edcd5252;;;;;;
44918a9094b0d28acb3e31cd8330ae19;;;;;;
e17a3224b6fe891acf5e54487542138f;;;;;;
9282107397b1f75ccea94c56ccd5f7bf;;;;;;
011ce4183ad410dedb34be6521393c7e;;;;;;
17cdcacb449a56362ef10c1b34de783b;;;;;;
b82f93b333b50e29465b8884fa29c9f3;;;;;;
b136eca15069e418b8bfe972ca56b213;;;;;;
523b52d1d257654621f8b9b4335d8d11;;;;;;
df83dba6bbcfd6ae9841fdd34b55f0d8;;;;;;
e3c68bd910ef2d913bf9ee8ed4ef172f;;;;;;
67f4f417e716133b2fdee03c29b31f69;;;;;;
27b50d42e0efb80b6518f97fd2783548;;;;;;
41acf62821343043fa18f11f522c04bb;;;;;;
3b9e8ca29d784552c1fd1b08500d28ea;;;;;;
12f0397f297755392fdf11b83a9564f6;;;;;;
e88164f6c63d765280eb36bb31e010cd;;;;;;
31ce48b0687a1ec23b525a31f86d6315;;;;;;
9448c315516cd8fb82534b9c951f39fa;;;;;;
9a6c15fe9a4d3d0cbee212ad0eef12c7;;;;;;
868ae0e40d4de12ded015dfbb4866141;;;;;;
06d1bacf1980220bd133c1122e3a600d;;;;;;
0e84fd5d7ecf0edc86473e44c8908618;;;;;;
1e35c57b3cd52792268735a131c7d0ac;;;;;;
7fe1f22e6f64502a79b2781ead338374;;;;;;
add7c3fc212ce54c269e9bccf3a3268b;;;;;;
d194422b1522d7ae86bb5bb54ba014b1;;;;;;
f8f788b6f480f543bc890df84cb9d9a7;;;;;;
82d0ca016a6b50a55adbad60cd9fae0d;;;;;;
9d148c01f5849336dbb3d307632d2b31;;;;;;
35df26e621b8b4070eb8bf8589e691f1;;;;;;
192f5172e1c2b796b1b3bfbcc6806fbd;;;;;;
3b9520d8e1810bc79c3b1011fe6400ac;;;;;;
8f08dc77a869a802acf8652b3577fe89;;;;;;
7f84ec69985d8d434c7eda188b00fd59;;;;;;
32c5af31ec495fea25bceb5185810875;;;;;;
9359627b9005f92f4c8a2f21a5def436;;;;;;
1babbb03109d011df0b9a47974235bf8;;;;;;
2bd366e117300759d1bc579101f07943;;;;;;
50a6c5800ff70e4c2841385e638d15c5;;;;;;
debf164b050178baa9c6c233c62fbe81;;;;;;
bf0617a71b059e08fb5bcb39993dc7d1;;;;;;
edb74a9e9c0edd5defdc66419a0b879f;;;;;;
50346d99ade70251518b4af241dbb9c1;;;;;;
3444a1106fae010f03c39826ddd046be;;;;;;
f373a447599ad4441dbd0de8c9dd70c6;;;;;;
2380bc0a3b09c850ffa646fd4722e3f2;;;;;;
6ad448ec80e41bc68bc2334d69f4681a;;;;;;
34e1649e45940f2b5e5a1dddb46e9a0e;;;;;;
69502fa23df87a2adccf48508c775ff6;;;;;;
70976b174f81cb2c5b2425893f06476e;;;;;;
ad32fc6b9e0a3249000943d74f6824de;;;;;;
4477373861f70352b72b675fe16e1507;;;;;;
fd19abee7c4b0fb99c9b671ead5452ff;;;;;;
2c15bf67863ec92d5a3e4848e275a780;;;;;;
8440df4e6b08840a83eee6e856076638;;;;;;
1c80431f08deb2e18efe7a821681329e;;;;;;
caf6f0619e963264282ebbc825c1a85a;;;;;;
85b0b39a24550b537e0bb3e142608c28;;;;;;
5692f5901f7810c53ec63fed5b96a7ae;;;;;;
4abc6c329f27389d9dcb7008083d305e;;;;;;
12796acc19e01ef35c7d0ac405ebe669;;;;;;
a8084721455d36ca684760f952cf3879;;;;;;
8751fd56482bf6e6279abcbc97b52f03;;;;;;
97e7b164c69f0e2c205daa17234eb344;;;;;;
ffe52dc2ef42ae6d3410046519e7860e;;;;;;
49052951e752a4831dd86b72bf49f8c5;;;;;;
c26450ed243aef3e99aeaeb813824899;;;;;;
f2b06a11f4b15da0cf627ee65773c32d;;;;;;
621263718e90267a9d1ab068ee8088eb;;;;;;
ecba48bc5759e576fe94243f0cc63439;;;;;;
19b213824d705399d8cacada6bfb6922;;;;;;
40da4505583b9c651a975c6646ad6167;;;;;;
60d3566242f37290f0b028e8921f74d3;;;;;;
0052e90c69c6c4588807cc4d658d34c2;;;;;;
e5b7ec6f3a073bf5d39070bc13706e43;;;;;;
aae1877419e3f9c7a034f352220d8007;;;;;;
bd0edc6a51f37354d80082850b277efb;;;;;;
91645a91d34f151b06e56259a7d92f6a;;;;;;
e5d73c4e4ff9ff69bd041a8471caf39b;;;;;;
fca586397a4aa948fcc3ae91f033cde1;;;;;;
4fc4bce019bdc8b47cded641de3d27e4;;;;;;
be4ebb874611a06e61df7b8a4fdb4e18;;;;;;
b00f7a19b0fd0f7c200614de1d9a7d36;;;;;;
52fadbf3a9188a38a9313e4605f516e2;;;;;;
4ba61005640be70b8ccdcc9a7c1274bb;;;;;;
f6e306f0558753caf2688649f33ec7d6;;;;;;
27a574d1a0e9394aa08706de46e2e8f5;;;;;;
6d081eed68e81536bea78c26241f55b2;;;;;;
da923fe4e635ec46cccd0f27b6159706;;;;;;
d1e5aeac732bc7c18a1e4689a53ccdcd;;;;;;
2a5f726ae2508378ead812acfba1842e;;;;;;
2a2bb74c49701699bb213de8f75de84c;;;;;;
58a6a92ecff48077960a62477305ecf2;;;;;;
db60a5a1389d50d6e68a5ee220e455d7;;;;;;
206c1b18f71e798a7399bb5c548bb94a;;;;;;
2f7f60f829a41207f858addd0a93dd11;;;;;;
c7f847ba30ab57af3118f4429e76bd8a;;;;;;
a72ac33e0b06e775b1ca4362b2008f3c;;;;;;
a83e5e10f32f4ca0f26c73bcb7572bf4;;;;;;
eb7176d65f1a89cd3539033485cc6eef;;;;;;
6f583533a80b67a2292809e6e86e8d7f;;;;;;
cbfe92cbeb4319e8d091e363369a7e6a;;;;;;
b3c2df3d6d7393d2af509f1b65a2e6b6;;;;;;
fd69e4118c7d9d408ca85e6baa168394;;;;;;
ba0613db31090fdeae98de733f77694f;;;;;;
5578f75390a9c546009d6e7b1355cd58;;;;;;
43459b14a78d9e6470a03843bdb11b7a;;;;;;
3a872c22af45d00e2da7faa5ed83dc63;;;;;;
a504edbd760c85de734e62e9bd966d5a;;;;;;
4918986c55123c2fb5c178ab1029b66c;;;;;;
b3e0a572c8909afaca1e5a4fedbf2001;;;;;;
46fade6411d21acffe1404c45595494b;;;;;;
1286781b40971ca3e6cbeedebdd8cc2a;;;;;;
d02056edc159cebcfa9482ced565ca41;;;;;;
9bdbdaa95fa1510d9332fb1355ff0d17;;;;;;
f026eed868d3af19f25ffd6da594801e;;;;;;
0014c914d10a2655dfe4591937181834;;;;;;
284d6e522ed5dca3c7d4fcfb18f01f99;;;;;;
a7d7cd29524570fa368a74777ae01317;;;;;;
781f64f7a6a02add9eb341be879bd4ba;;;;;;
20ccdcf901097d4e5b0c70a9ca30bef9;;;;;;
233ff61c9e0caae4214eb8da53f7087c;;;;;;
c72c0e721c17e1e24fc1fa07c9e164af;;;;;;
ea138db3cc33768166fd2ce842dd55eb;;;;;;
4e3dcd6f12ae2997d648f7789396c0dd;;;;;;
af1c2d8df7c255e27314ad32d37f0351;;;;;;
6deb9aff4cf87531f00baabe64c73166;;;;;;
cd45c12ab8bdad7b3aa3722160b54cf1;;;;;;
e79233dd6f3f07197b5200b99c68aecd;;;;;;
244ed2a899ef1b02295e0e0a930dd46d;;;;;;
d60230a6984901e5e5969ac9d268da59;;;;;;
9aada3d090035f5545c6415e74c5851b;;;;;;
d24b769678e287f17e96e2c3f0983acd;;;;;;
809f6586872469ce6eca3943a82c84f5;;;;;;
d352ca5a0844aa760845cd0ddac68b90;;;;;;
96691f4cd21ab9dea004b77e76930202;;;;;;
fc276aaa9506840a69f6d691a7a84faa;;;;;;
34f2e54b0b802f834f9a70c071cbda81;;;;;;
cbc3c1a832bf39f613bb91e0f7db0401;;;;;;
fba50178769309d77294fbef6b9bb594;;;;;;
203a01b19393d64dfe14ddf7c527efdf;;;;;;
4c81768e33eb68abcbb5f9f5cc47683f;;;;;;
4be4c56d77565d3a773b8f058fd5ec7d;;;;;;
b13bebdf9f6d09f224f6ae9e7a189047;;;;;;
82cd67efd91b9fb47f08e1220f3a25d9;;;;;;
d43cd071b7f8f14c4d2ddf732a2a0558;;;;;;
c69fd0c239cc8a9b11c458ce52a68562;;;;;;
10e6af6ac415343de036a42703c52106;;;;;;
384ad8fbdee94c6dc651e47f5111314d;;;;;;
3da5e3e05f3d8861120046e308fe7e70;;;;;;
195998edc7e41c5fc7796201f3d027b0;;;;;;
e17aee6fb9d798e19162518e0c15ddea;;;;;;
70ca761e196658a7aea1723aae393ad8;;;;;;
653a7a47e6a2e39df4b120c579abc195;;;;;;
de50232216b12bda7f3f7ac06f99cbac;;;;;;
460890a64446a4ba061d4abe3e2ed414;;;;;;
acacf05c9e87ec90f0c7bf269a3192a9;;;;;;
aa1a7a03711dc22d8954da3bb720a402;;;;;;
cc02ba17d05bad2336617a4ea089e3cc;;;;;;
32aa1fe2330f40ac9ecea195c5f7f510;;;;;;
4e74906aae709cfae1aee8d4d00bc062;;;;;;
a8fc6acadb5d9d8567e07070107635fc;;;;;;
2d15e3db127ac7d12c32781e4d6b11e7;;;;;;
1d26031398a77a6ca686404a08cdb597;;;;;;
989d298b7075ab4ee33dd58b4714c396;;;;;;
7dc938fa9ea4a3d4aaab34ec1983ab04;;;;;;
d7679ca21b2f8c85cfd2867468586b7e;;;;;;
d889ac0347e4945c7b74855903e38054;;;;;;
fd69724f9747f7a4d68e664879fd069f;;;;;;
85736652ae2e94c6bd3d4229c65faee5;;;;;;
505ae1d62771d97dc6b20b7e70fbd8b3;;;;;;
ddc20ba5b11e740f66b173d5912b4314;;;;;;
f12ddb9f36e6fe902217422b1f632671;;;;;;
9abb523f05ee3e63c51403537c5c7edf;;;;;;
211b829beb84603e40986b86ef12fa81;;;;;;
4296cbd294f9ee2b3f7dfdebd9f077e2;;;;;;
acf1337a5b1fae8ebb40d5120eb1314a;;;;;;
bde0b0407c17be6cdf89299593866566;;;;;;
0372edc7e423a06bd0679aa1b3e8ed17;;;;;;
dff41dd11154dfa79ee998d0af12244f;;;;;;
5a316be79c7046e2a6c64f2ca5db7bbf;;;;;;
4b5333651f3b000c95763866c654c78d;;;;;;
19e6cfc1cc237c378d5c2769eb3cd0cf;;;;;;
9281c337363e3d77080439842fd1b699;;;;;;
b536bb6885ab5686efbddaec373f3baa;;;;;;
2528e9217647dc6f774656323a35a427;;;;;;
46369b2fa4bf593007102d61414a1704;;;;;;
de0b4f7d9f516ee9eda0f4ad13432bce;;;;;;
4046443c914602608f95c8d7cef7e2f7;;;;;;
9b0766cd3e2f891d49b2f24a120845a2;;;;;;
4546eecb5db8f7b922df8b43200c9b53;;;;;;
602795d686095f9964a0bf69776df19d;;;;;;
7c68db5ce9c7781d4ed8f5549d31ee28;;;;;;
f81f4e8403a0707957f4bd68d9ae3019;;;;;;
16196cd162ac2a46997c084bffd5abf7;;;;;;
f03de0be0532e0899d183062995445cb;;;;;;
9852f786f587f171184216ed011c4844;;;;;;
8b0d260de73559b9f20afb759a16ceca;;;;;;
fad1d2b930268407e83b841b9be5e6ef;;;;;;
b4384eb40fd56a1565faa9cc3913bc78;;;;;;
a2bd2ed88dea89ca65f7f91ab9220854;;;;;;
d77f1814476b4ed37819f99918b981e0;;;;;;
413984c7618f8474522c5acc63a784ba;;;;;;
a11ecb211d81dcd41136f46bb6a7d8da;;;;;;
5a01ef5659c5f37b1309e87684490291;;;;;;
9aaa83236bbc86a570fe59ce9f36751f;;;;;;
e9f3ad5424263b7d03b52926ee5f9f5f;;;;;;
5f9b2ef85bc4964a20776661c3808eb9;;;;;;
7d4400e8ec929bce5a51180c9e17ce5a;;;;;;
a2a17fa202fb14e90764ff8eda41f582;;;;;;
b2deb29b4db7ab2ccb6fd08c3b3a6b1c;;;;;;
36dd14973a6c507f342a14b685d4755f;;;;;;
4b9d67b6d35cae2cd55398af82b6cfb6;;;;;;
10a3e6056b69ece4ba0f6aeddf71c1fa;;;;;;
5abbe90feb638dcc41fa4ddb60d96069;;;;;;
c3c4ba085460dc4316876208752e0ea1;;;;;;
d601bddfbbb76af986ed3b8dca584ed0;;;;;;
c969555fb28650ef21334c3b2678efab;;;;;;
14d299eb83866916495e42ab2eb886d0;;;;;;
8b15b07cac26e446e30ea1f29d813ca8;;;;;;
fb6ce23b74b3e57f4bdd55f4dda853b2;;;;;;
32d8cc620a05fce4f28c3b48a8c27359;;;;;;
1ab9a6102adef131cba95cc0f0351906;;;;;;
e8fd84dd4600f4f9e45062a2bc9623b1;;;;;;
1e1b1854b9a54afa819ad4d2467103ee;;;;;;
12c621bd30ee7c7ceaf7e590718b8969;;;;;;
53db69ae326f4f72720684bd35fbf9c4;;;;;;
21d82844e62ac20c6b2fdaac6d9e6e61;;;;;;
bcebe8ea76d57befb043b70c046c8f68;;;;;;
12abc938669a31094741c4176fd695da;;;;;;
541e7c8b35c774c161e9225497651608;;;;;;
95aa66e614fc10c96b4c3d22da9f31f9;;;;;;
c1a3d1c01db434da839f5f06b7fd2d26;;;;;;
83b7b0a142709810160849ed63ccd719;;;;;;
596ec7c140f96a6a5f08e43be6d23ea3;;;;;;
c19d124d63859a4663f242d451e877a7;;;;;;
823a6422660af6794859dd6e4ca0af6a;;;;;;
d554697080f24c3dc6750c63ab4b0e88;;;;;;
40325d96bd999feec54848cd5c4f9a7d;;;;;;
f074d5b99d46e863955e7051113bf627;;;;;;
39f8bdcde3d7c83777ef157234cbf8f0;;;;;;
3560b9be135c1decf22a2720e6d3d130;;;;;;
cdc242f54361bb3866082673a13b973a;;;;;;
0b75924c3ad23c66e12689d0218c39b2;;;;;;
7669bfe00bcd570574830c9c9a389847;;;;;;
dc0618831d2957591c8bbf4d2d8d10bd;;;;;;
f3c962bbe9e279d8eff1d34022214896;;;;;;
f92eccee8c8fa5d45aefc00365bdd0b3;;;;;;
106c4f1d105e5205e1bf05966074ab8f;;;;;;
84825c57585982995a1aa4470961ee7b;;;;;;
e90ae615742755fc67aceaaec3776949;;;;;;
7d967f65accbb2c160d9cd0db70a05bd;;;;;;
bc5b990691e69be244e9b9c378b502ee;;;;;;
645a16f952f3dfd18c632e5572fa48fd;;;;;;
9757ebe89ce8f6ecbe86437ec7c54a73;;;;;;
74fca94035169b6e2021ec70e285a104;;;;;;
0e12bd7bb43ea2cb4e28628fb7b6db11;;;;;;
02d85c69ad4d647c7fabe386302d5748;;;;;;
3c7fe9dcca9e28920ad8397a4bb9d50b;;;;;;
d00f18f041ccdd2ae6e697e86a192799;;;;;;
6efbf5f21a0126238798e99ef50f9322;;;;;;
dfe8abfaf2d753654424055f95f2d526;;;;;;
c888ac3785f69d0759e06b62068e4f3d;;;;;;
511ce3ff8cdf0806517903cafcb3bb4d;;;;;;
758d33c2709e6a96cf482237cebb58d5;;;;;;
59fcd464c5527fe44df6c6aad5502051;;;;;;
05c267a3daef7d575ccd7f7d695f02d5;;;;;;
4861675b5f60a12494014662ec7a9934;;;;;;
107c297c8aae9a8c1c149f0cb7a9afdf;;;;;;
15cdcc909252d1ea598278c877615812;;;;;;
c0939df1e29a6f30c5e4413619c07ac0;;;;;;
9926ae024848e387f9dbc9d0115075df;;;;;;
c0669a3b1c625029dcd345b49a7b7536;;;;;;
eaad0ea572fff7a425d6a85890628594;;;;;;
8601876ab943612387e7b559fd3a39ec;;;;;;
0aeba61fb85e689f1ab447915a3860a0;;;;;;
929f2fe421de957d34ccd3f017d5997c;;;;;;
4a73e14b3349025f22f3a289cd1e7203;;;;;;
0958714e11543f5963f016b4760161d2;;;;;;
2483cbc99132abac20bc2a08d97c857a;;;;;;
be416e35d9a459be6b0bb3f72f269359;;;;;;
8ada9948dc51e765008ba82e332ddaf4;;;;;;
fba2c00cfc0160df2d7fdc48e5dffb0e;;;;;;
3ba298ff18da276e639f8f7396915685;;;;;;
d65d3dcc810da98dddf10b6e455d7769;;;;;;
f0e4aee5ff345f1eb5592c82d521dbc1;;;;;;
2a711e37dc7587625a41ba19fadfb4ff;;;;;;
569e43d6aa79d768d861652f6f971482;;;;;;
e9744df20b9b21df781ee42fc36f8413;;;;;;
95405ffcedeba4d57f1f93e6fe42c1a3;;;;;;
ccaa9d59c10001b01a95669b02960dc6;;;;;;
4c157853d7902cfdb22a263816c864e1;;;;;;
1d4cb4cb5b8e7f67dc75157dd1b5a175;;;;;;
964901be0d3187e7eed812665281f07e;;;;;;
5974340f99ad37b8343ae08d2085ea66;;;;;;
6569d81995b0305c89c0335f0c2d5706;;;;;;
2d23355deb800bee8bddf0c76de5a367;;;;;;
843b99686b35395fd0e93239781e0c29;;;;;;
b38cbefb20e30861c50d37f8e00dfbc2;;;;;;
c1192d8bee0700084a33af1b70783663;;;;;;
07c452c1ec96843808fee80503152815;;;;;;
6714e04bc28d5414258d000c9fca2bc9;;;;;;
9f2444a796b390c7da38a0085d6a0a69;;;;;;
899369e1ceddbf50249d44976c4b50e8;;;;;;
cde4bf7f09b1b085ff6544cba44ee675;;;;;;
c357f3478d7e9eb6014a1c7919bc90d0;;;;;;
2a4fb7f41879d08a7f08fd6bad55908d;;;;;;
f1e1bd33b85434663a77b31a4246e807;;;;;;
60a5f8dc1f62951ad0bd728d521d6d20;;;;;;
19b83f69831923bd0fb9ab0af43735ff;;;;;;
a01f463866d2f2626120958fc7343813;;;;;;
c18c40bd9c596d890bcbc88e8dd555e7;;;;;;
ef114a4b77037db4051e01f3c0743c24;;;;;;
f9cc3ecc537b7446676d9670312af704;;;;;;
693174c1d366d7287da9079bbded2b2b;;;;;;
c28aa0fc9706c4211ec8bfe97f1f951e;;;;;;
58bd6e849aa5d718b28b593506571bcf;;;;;;
14b46bbf5241fcd0972c36a11bb48c9a;;;;;;
066bd91d8dc584e65229872759bbf219;;;;;;
655891b82ba47f79e45b52e138d4804c;;;;;;
ccd47549e49118bfa2098b28068d49bf;;;;;;
57f3924a38578e882c2584978745c240;;;;;;
04d0fa27c8d97dde617561212ec8208b;;;;;;
ca21fca6935ea2459b04519407369ff5;;;;;;
15dc4d6035cdae1287d33d24e904d08a;;;;;;
488c798ccda80b5f1bff4627628a643b;;;;;;
6ab563c9ae5834d8df98c1a7a0a1eac8;;;;;;
84588a7aa2f8ff8f3b693ac608aee7b1;;;;;;
081a9a7e55ac17b7789db2c64410d3b6;;;;;;
ede8e389f184aaaeafd0d6fe0ab0e527;;;;;;
1959a741f343085c2d48dc50870671a4;;;;;;
af645f24cb4ed332ca4631e584a24269;;;;;;
086e934546a72a1163358faa3b9008ca;;;;;;
3fee37768a305316b35c3fe164010ea4;;;;;;
96e5c54f50ff18e80095080a337a29e5;;;;;;
54edacfdcc51076fc079e06cfa3ec91a;;;;;;
c2a7936416fef9172ec87e1fbdd9122c;;;;;;
e9bf4d08c65b21c49558a52a3065ef0d;;;;;;
090d6e0bf85b54031eb1f710c272af7e;;;;;;
6ea9525ceed7d19cc5f3e0ed8c6005d6;;;;;;
8696d8f34979eb75149784ccbe09710d;;;;;;
0af3ecc1789f6dcbc0e4a246d4c393f2;;;;;;
427c9313ab45d8d5702c6eb2b7de90fb;;;;;;
b9d6bc8baba5a67c5d91265a494d0e4e;;;;;;
aa022a84eae9703952844be7e97a618f;;;;;;
3eefbe0687b42f3a1772fa57a731c9e0;;;;;;
79e1ad8676f7e582237e002d80840d44;;;;;;
0d31aa1231f018294726025bc5b233cb;;;;;;
43ec153694f14b76dabe6ed6ef94a83b;;;;;;
7bc5038ad14fcede17136d7ddf388e09;;;;;;
e1fa7755090e2e13d601058a96e937f9;;;;;;
3554838f060be54cf7421c37149fa29f;;;;;;
29fcade908642c64b7928bd5cd878e26;;;;;;
b4e0ba2a1dacb29a0e7700596a8acf4d;;;;;;
eaed83d51ad0d51046394e5718c33da9;;;;;;
947717516b31bebf76b89aec7b2620d6;;;;;;
6b542e13cef7afe4a09c097010a6e2fe;;;;;;
5e6464c50e88bc63f460e76d4bc7184f;;;;;;
2ec2070eec04b8f56d740fc31c9bba5c;;;;;;
65b3388708ca838cdb4ba33e9bc5c384;;;;;;
70b9281594109638403a410ebbf04267;;;;;;
a7e0786a65455a934bc6b071f3445de7;;;;;;
1a5beb60819a433fe79e208ea76e6017;;;;;;
fe3682f76985f0188da5cecee31c84b8;;;;;;
7977b39bd48eebe79ffa067e38fa2321;;;;;;
5f9c9420d577438eb532998e658ff8ef;;;;;;
f56b7def0dee4e5b5003393cf2901231;;;;;;
72b81db5b070b6aa0bc22cfbb4e93d81;;;;;;
6eb056f476ef27e2bcc2889efc15cbf6;;;;;;
21b7ddbd17be95164a7f497adb464b7e;;;;;;
007ba299049e270efb0dadc4b90c412d;;;;;;
960c85ed93cd1a42028f7bd3f65cae7c;;;;;;
2e1d184b49e836294c11361771d7ff4b;;;;;;
61568b1fcfb6752c6b419ba175386bf4;;;;;;
72fb92bc58b69e2f401a0135d9eea088;;;;;;
0a9abbd032bcc95285e25cd418d314fe;;;;;;
3a68cde2573aa36904d915c815614048;;;;;;
3f884a8c3ed02c27e28c80de28459276;;;;;;
c1df598e7f1c8e4f5877bdac9cec5e1f;;;;;;
645a748433d2ca2dc1e0c88213ea538b;;;;;;
988d715b26ad72ffdde342efd974fbae;;;;;;
ba536c588bc1b18f930e743e17f365d2;;;;;;
8dd7a35e79411a7734808d6959312681;;;;;;
046b69929c684f7c0cae705491cdda56;;;;;;
e464f5fd8f8aeaf147a1a9dc91fa186f;;;;;;
34dcfc0e5b57ebc42389c6fd2b821ff7;;;;;;
be48807f352bde3e6bf90c8f743ad9a3;;;;;;
e666d7cff9cc7596b07c9b1aa4ddddc8;;;;;;
40a795ab24056d1ddaabf353750739fd;;;;;;
f3f6fa55055a63996072b1d698f595d2;;;;;;
d9b849645b2fd06910efc8badd16e7a7;;;;;;
cb61a82315f46b5a6b7d2766fe5e1bdb;;;;;;
7bb6f9f0aee6ade1d2e3aeedff369e8d;;;;;;
3cf99f24aac3ed7db303d61f540b757a;;;;;;
6087ae65321d8b0fb11005f7f02f2743;;;;;;
2fd815b1e0c486c57ce215155f7c6fdb;;;;;;
47dada051e444beef111f4a583ee4808;;;;;;
7ad82b2a8de3356f42195d94dcc44420;;;;;;
bbd52c118cf9462195272e223538d3aa;;;;;;
77007cb2ae8f3aaf1096c4064f51a9b6;;;;;;
6ba8548b8359ac4eacc1637cbfb3555e;;;;;;
e6cf71f6a27203821dda65a891944a87;;;;;;
31f340fbac892ceab355a0cb57d9973e;;;;;;
d6d80ce1c32b56238dc2285859a2acda;;;;;;
e751d1a9039c0d403e51b6c6790da712;;;;;;
0cdce046a8475ef2852647df972424db;;;;;;
81a8072874f31b82e400521c1756f680;;;;;;
51d60612f7be2e564593877e2e04e53c;;;;;;
31c630a6c4f42375b1d68b1d706ff6c4;;;;;;
4ef5aced63c5a64e11126ba0faa9fbf0;;;;;;
9bdb37cb1c3c2b8ba7d7788729149058;;;;;;
fd40dd79f887ea140dc29e12b6e69919;;;;;;
2f8ed0be6cf1885c9c6cda831fd68523;;;;;;
1b73e8329ea92b50102dbe40b4f34529;;;;;;
ca0607b06a5b58e55aa8c8c688b8d470;;;;;;
43784a0a958b7f7cb57e7f5b1a34dff0;;;;;;
b1243b3196d2d49b13c4acb89ea7a1d7;;;;;;
2803077b2cbdc8f01b608dd75bffc683;;;;;;
db830b95959d0b71e7cfa5905a9c6d7a;;;;;;
49daeeda44019b0c0757c1fc28800ade;;;;;;
2a70fe53ad3011fcf327e0cc091844de;;;;;;
c61bd7447556bd9ad89f4a7b141d902a;;;;;;
c4bf46ec65214a216fc3975ea7b06ac9;;;;;;
8ae9f3e6e19d2df0a503fa561e073bff;;;;;;
d3dcb8f20cde998952cd1098879e66c4;;;;;;
1a80f8c64d68f16779b2662928b74b4f;;;;;;
76ff18388cd468058079efdd5bfafb21;;;;;;
69f17053938885b6203f19175481d8c7;;;;;;
5fa32313a83422234b45ebaec839601b;;;;;;
eba11761c536daef946116c22dce5860;;;;;;
9bee0747c79da877d51db35c69d1b540;;;;;;
ec6dec7a932ad83b7292ec13ac1014df;;;;;;
99dd2370f0f16d80eb6c0ec7917ec743;;;;;;
f85a433c977a5aa23dbb21f2bfecd29a;;;;;;
f8333b3fbc7a2f9ece6a481a8d8620da;;;;;;
d87f8c3ff543125a4cb4600edd11f51a;;;;;;
409a96442789b950743284b69e8b00cd;;;;;;
e5f72e334eec4ee94aacf8621366b474;;;;;;
fa4ff0df2edae7c1b48d86bf0483c482;;;;;;
8e8db6b4a1a469223cb7a70246d2c06d;;;;;;
993a43bbd3d672e50afebfc68adb87ec;;;;;;
d4c2c5ba8bfaa076af87c0273e6ae649;;;;;;
2b8010290feb384d584eb26af7c835d9;;;;;;
11dfc57cf36a4e64e31e694917d676d5;;;;;;
4d7748d6bdc60bc70e6807708fb5cdd8;;;;;;
4e79b03ac3118200fe7343750d42667c;;;;;;
56cb8052c3edd77c69094d532d85bd2e;;;;;;
d371a409cedd645d7e39c67ef7ec8ed9;;;;;;
8a4f209d6088557ebafef9ca2d4502b4;;;;;;
261770a099628413fc6fa56995be72b6;;;;;;
fda6258eda9b8893c3cf6d2cb24d80c7;;;;;;
a8ac459b4e68b8c4eba2c2bf7c17d505;;;;;;
420f97598069436507b29f426a2e0f97;;;;;;
b741ccb5d9644cd8d4c966a24f819c1e;;;;;;
f274be2c9ecaadc23e77341ba7c04507;;;;;;
ec428fe44a51cbe2935ff258c14d834e;;;;;;
d06371a3f0e64644ea7f3533ade20f1a;;;;;;
8707123587b11ee82904e29930824b9e;;;;;;
7f497ee51d1fb8403ad7f4f189069885;;;;;;
8e4424366cd15a4d05a12ea8e3eb5e0d;;;;;;
736cd2175acebed03d73e7e48b9cc698;;;;;;
d6cdf764aeb5b0e32db56a9f1dbf74f9;;;;;;
005c3d990ac9a4d400737f609908fdcd;;;;;;
28e10b684fa28a9890ef0ba5179d5450;;;;;;
bcca8c71ea688e9fa87bf54ff9f24406;;;;;;
b67c9caf268c22135fdf6006b910156f;;;;;;
d3b46b965c58cf965367d612aca10c43;;;;;;
f9a63541dc6dbacbc3aa79de196d2896;;;;;;
161756ccd2cf543e89ea73fbe6b91097;;;;;;
527fcf8468936eae7327bba040282e7c;;;;;;
aad91c467eecd75bc863150609228e12;;;;;;
7980e7516cdf2d7f4371efe3887eda0c;;;;;;
e3f646e1b6da8a1d097fc2d9c7ec32f3;;;;;;
060250360c47dbe67d9f95c7306606ec;;;;;;
680ccff0449e4f42a37f41254c7309c5;;;;;;
b07ae21a6bfec1c6e638b6d4b4161686;;;;;;
d146bea311863c22fc5d79386ee584f3;;;;;;
708030cb36170efa4705b7958884cb1c;;;;;;
085caf843212d5004076d0eaec5094dd;;;;;;
4427b00dcfd6c7c51f047b10fe88d271;;;;;;
24000bcd2afd5cc97c7d572a91cc1b60;;;;;;
67fc005a29817cf389679aa40098e37d;;;;;;
17bc9d5e549745f54b3242187df9f522;;;;;;
35ca6d50a53ec047c7c8392ce5e2790d;;;;;;
425e2237f61e1271fceba88f565b3db9;;;;;;
81b4f75715c6ad1499102fcc055c3372;;;;;;
40b1568b87223fd84209754134831b08;;;;;;
91baeb2838c7d42b2c6b2ff6b0ad2d8d;;;;;;
bae0d3ffb5c036c569b0ff5f5f996ca1;;;;;;
24434af37964f0415564510b60a0a051;;;;;;
b8492b0ab9a2acff050a2c5a9bb9162f;;;;;;
d65d0635f305aa11291ed2b443df8127;;;;;;
a326aa13b29f4139ec27230e8f12b1be;;;;;;
6be655f7c71a48e69b29047a9651d154;;;;;;
5994976ca4a842802eebb638df94c2e7;;;;;;
aabd2b1f2f039ea575314b317d024ed7;;;;;;
75a1ef2eb532ab8ea27816064f10e723;;;;;;
7331c10469049d9aa50ca14db70ccd29;;;;;;
432b2be12c28800ae55c6db9804f96fb;;;;;;
84d1f1c195436546b83e9d0ad7e1b196;;;;;;
85e86525d8e84a0aa5483b22731ea6f2;;;;;;
3316078b01ec1a7e7a5abbdbe4a59935;;;;;;
8626a560e47421a9f03536ffc30df31c;;;;;;
1999a99cfefdc5c6294ee1e6e511bbdc;;;;;;
987f83ac17db8a3ade8fa3031d70e0dd;;;;;;
7ec2fb3ea1c25fcc2b66b4fd3d6db703;;;;;;
4905eff2d62c72eafa2a73aab14621a7;;;;;;
bc5da5cdf8ce9553e8dfcfe495925e96;;;;;;
9a7c1b122f3df40c2b1f82a8829c4cc6;;;;;;
46827cf5930f862da3b6c1685337b8ee;;;;;;
d4eec834bc1948bd99993030d798a968;;;;;;
3890921a99a9c95ff73cdc8ed4dca55d;;;;;;
b6b37a70d4e534aafe6e1259eceb24d9;;;;;;
494ccd81995f1c099d5247138362477a;;;;;;
dafc567f26a34f92d864c4fd0d2a851e;;;;;;
f26ea9604bc41187635d93cabc9c8d70;;;;;;
23f02f5968d02aeb30bdb7a43c2c8e3c;;;;;;
ad781f0b5a35fed7beba0a15a86beb3e;;;;;;
74ce1e90968db5a3e732abecacf37424;;;;;;
bfea93b72a44b229f827315b8c0b0e31;;;;;;
a921fcc1fe7c2cf0000a0f99706370ee;;;;;;
2e9993e192ada156552c1ba968b3449e;;;;;;
5f0c3ab89b36597b6772f1be0f6ca97e;;;;;;
bfef5af9768658b504b48685edf983af;;;;;;
5acdcdb96fdfb093786ecbb5a336c215;;;;;;
f39f3b840eff6be57635d6009e19d68e;;;;;;
eb32193ceacb606fcd39fc2344b3f321;;;;;;
083fad00c42396f658153160739d9962;;;;;;
6b2ffc00da7293948f63e9b4adf02bec;;;;;;
5b5ec4ba6df94bd5362d9225d9602172;;;;;;
e06f0cc46001238b0925758fe70002fe;;;;;;
b23a744d5b27e2bdabae2a2fdc3285f9;;;;;;
00da19a76a11fd8405f6a43a16012c5f;;;;;;
37e4f7b82567a85ef3c130f00ac8c5f0;;;;;;
66f56b0787d030f1706f9158500dd179;;;;;;
d2a1b38e60234b3c6d8089144643f7a9;;;;;;
e2c3aa576392dbb301a58c29981f272f;;;;;;
438fa0cfe4059ac0112dfee1d2579c3c;;;;;;
6fa138b0e05832668749c7d73e1f80ed;;;;;;
db504cf9d6222757b3c393d8bd1f2e70;;;;;;
31bc42f155d5cb5acb91e74f0d2b753a;;;;;;
3b96d4d0579cff0ed064352cbc8828a5;;;;;;
1a6e3b84c41d497b16416ac0e0c3b30c;;;;;;
43723091097891ea04c2e2d2e4057ba8;;;;;;
df829d900c202fde9c735ec793f39a81;;;;;;
0ce07b66849b4b70f8db749f1c59517d;;;;;;
e4384d9a649da5d3d0e97771f93179e2;;;;;;
deb367d86714b68f2e6a4b935bec0ebe;;;;;;
d477f6d43f4fe4deabb0329ba17d464a;;;;;;
f53ffd724986a9a5ded489626a15808e;;;;;;
a5d9f5c7913ab3b7fd9bb5dd52298e44;;;;;;
2bbac28361c5f2c50ea0cef814c1feed;;;;;;
710d91ef17ef6432fb69bd0c5a6d8ee2;;;;;;
1a840491ebda6ddb8416c0042b71fce3;;;;;;
4332ebfef6a518bebbc4bfb41b7db6a7;;;;;;
78162a7ef21b1177ab892eae3474b588;;;;;;
1445de7db6c3a5c9d1ecfefcd02b4c4c;;;;;;
3bc9bd93fbcb518d9a6b2c5168146650;;;;;;
29932922387da2dcf4fb8adacbe70182;;;;;;
3e7e431c04d9050306e1c4256856bb7f;;;;;;
c245b732c0a9084339bbfb1334f61d89;;;;;;
8a454cf470fe05a164c3c5b90bac0747;;;;;;
9c12c32ed5f01e6e5ddcf3e8d0cea65c;;;;;;
1f46c2a83aa185f64918e0a176696c42;;;;;;
1cc272a5208d98f49f99c119976e2607;;;;;;
c22c6388d84d4883323cdaa5e49a8d45;;;;;;
23b7db1289b9191e533beaf11a813cc4;;;;;;
c1304ed4756fcb8cfc08b015afd876ba;;;;;;
cdf8421a908d05d2cde11995003374b7;;;;;;
d63999f99468ccb3c112c8ce860d3f06;;;;;;
1c8279f882d4dd18340a7226413b3bd4;;;;;;
4f2c198f8eef4d67d6e9cca4071fa6ff;;;;;;
4afd72c05599dd7b24a0caa0bce256b5;;;;;;
03870510a0568016684269bab61f3a59;;;;;;
4277f4d94478c4c0c8040e7fae69d447;;;;;;
a00b4339f675a2ebd210d7f603443b68;;;;;;
cb99a9f792a5f674b840c3107fee8b10;;;;;;
1446dcc1d350ea2840ee2654dd89f543;;;;;;
7c0e3652b951a86da9cff837aa775097;;;;;;
117f78a33c603a7c0ed13e70be44af64;;;;;;
23a85422c6164e3ce49522a689d396cf;;;;;;
917e635660da7c2c757dc7a859e13faf;;;;;;
a471f54ba2e41ff6c0f6d787362cc3a6;;;;;;
38d86fa4bc8c407f0e524c2245b6364a;;;;;;
e62df9b844527f4e9502a0a896603332;;;;;;
44f5a35bccd3a35c2c91374345eecda1;;;;;;
5dae766950c6315db9d837e87cd28086;;;;;;
8f157cd638e0b0803cf5f0adc628466b;;;;;;
dbd299df811326ed2936639eec1060fb;;;;;;
83436d4a03a4dc82a16abe6ded7c156e;;;;;;
f890cc1d36f059013f01b62e9ca9510c;;;;;;
a9f343c8232d8ecf7f2bf95922f3d58c;;;;;;
d475d0f3babc76f918ad2902c3a1bcba;;;;;;
ce9ddbc558b5a0504a32a70a15a03f01;;;;;;
b46d12fe0219aab5e0d924a381664d5a;;;;;;
3f144796522f16e62bc13b271b4b695d;;;;;;
7a62b062e3dd5d66769b49d0928f4788;;;;;;
d7a6fb3b2816401c202457bdc37481e7;;;;;;
d3ffee1fab9b320a4be5a12703348cac;;;;;;
3e46d9aa32c1ef1a6dc1b16d98c08e2a;;;;;;
9db88d77cc9ce0bc818289566f3a996a;;;;;;
8afb175759e0e4b5700f99df7c64a019;;;;;;
c3ac33240368cb1a332ac5475ac06c25;;;;;;
2bdcff05d4f7e2bc028da1ce115c083c;;;;;;
f6f8c3ad411617dcf8ef4a4b70e7886d;;;;;;
a1f7d41ec3d92e647baf18682010f7ce;;;;;;
546ba40382ef8724db4b3fcb0710b8a2;;;;;;
c57bffd5d221f108b5d131b629e91cfc;;;;;;
00b084edcb0ae2a7279d6c874eba8423;;;;;;
dd41941b5a2da7a1792d6b34f586c39f;;;;;;
2740888a82e3a8df4ae48baeb1185b75;;;;;;
a8c1da5845a03822d09a00419ab33223;;;;;;
08285744433bd6364c4aa74776fc1567;;;;;;
8651269d32f1b541313ede796f502f00;;;;;;
396a0d06b6c60ac9139f484675593f2f;;;;;;
8fdbfe75cea99fd4e4c72c4b27d7b075;;;;;;
f9da3d4fdb54c9ff9a9be3f2ae21d138;;;;;;
430d9f20d28d7216c30d5e82b400a5c3;;;;;;
61952a70aae899ffeb2f7c9afbc28f88;;;;;;
21864b7af9a0547f3cd5b6d3354a7e68;;;;;;
f62eee80e67beb21440e89637b37e3b5;;;;;;
fd7137a3355dd003bac66bd579547681;;;;;;
24b8421cf14ad61a9f7505fb85f113be;;;;;;
64d3f4b525fdb12757c8e4105da32329;;;;;;
a4e69a8717a374c8e752c80514af8da7;;;;;;
f683ef3646b622a69e52d9c49ba6f1b2;;;;;;
d4f67779b8c01596157776ee5f3cf383;;;;;;
47d326a4cda3db1a793cc0e7e3f51959;;;;;;
5f7bab2a3202c6a839fd8de424815451;;;;;;
07c7efcd6045f87bc6404b34e4f8d9c5;;;;;;
23bb0e080528694319146096bd905bb2;;;;;;
c00fc4fc50a053167e0c231f91d7269e;;;;;;
032cad6935a4ed07cfd240809bb844ed;;;;;;
4068ab1e16d28e0bfdd1582286a5952a;;;;;;
b6480a1523fedc95e27dfcc33f940c7c;;;;;;
1f74a41b4e7fcd8850d45f34f2e28580;;;;;;
8543819ca2b88c5c9cf0da0e93ddde1a;;;;;;
a065687ac6f3f261c369518f3f1a852a;;;;;;
f3b10d69b3a17f27c6b8970b3ec6b755;;;;;;
30b3b622eeff2788dca21c58fcb1777a;;;;;;
514bd42bebd4c19e66c1fb17541e2cb6;;;;;;
c965a614a34036d1f8b74bb337760fbb;;;;;;
f65e21695b6dfbee0415ca67cc59b7f0;;;;;;
ff2aca722f93cc7db31c6492ab1c9ceb;;;;;;
582c3792f4f642901231c3f3ea03b5fd;;;;;;
a8990bfd8636bb3e3a7d4062dc81cc9a;;;;;;
e9cd01dbf63feba11d9fc45302738215;;;;;;
3d12336c30c7ff10f00f603b732a8752;;;;;;
5a8d84b54da9151922f49173f1d78e7f;;;;;;
ed759617528c00a41398239e69f8aad4;;;;;;
8466767f12c1b73c83f9f5f47a219a2c;;;;;;
2f30a898b67b4ec7e1ef3c570c481648;;;;;;
ad57a11b52c720b1acf1cf12b0ada8b2;;;;;;
1cb307b1eb17086a808aa6cef0b23597;;;;;;
1eb3bbd44c01760a40c06f58a9072411;;;;;;
10c83dcaf9214150505a6c5fae2d1a65;;;;;;
6a84ef5d0d1e6c402d89378170cd6630;;;;;;
0b3bf89f91575843089867e63f3965a4;;;;;;
c0da9b663bd87a60ee14eb8c00b0669b;;;;;;
0960fbd1e877df33fcd2e983b1a88584;;;;;;
f15421f45409bfba478354d8a954dacc;;;;;;
0a041a4805a9ba35896394bddf15a0a4;;;;;;
72c02a6f6fe2e8281ea10148594185b1;;;;;;
d91ccbaa5068156773e222ceddf1e30d;;;;;;
f138bec25232d5993d3d2ef0aa7a83b5;;;;;;
c2af8be80b7359c7d05fc3ce992047ba;;;;;;
b77f77e34f0d8cc0b43d719d511444c0;;;;;;
1a1efb845daf86d17c0a8348bea4cabc;;;;;;
151ad067dd00732bcd341cc3aae98f18;;;;;;
2c55bed9f0ca34253592b5f8f87dd455;;;;;;
a08b281a0f5b78da4ca42345f1570fb8;;;;;;
d0093b48953fde9ff85bcdf79f2bf271;;;;;;
47ecf5324b56b5c608470135c052f34b;;;;;;
002155f83cacaba8a1d1a28135f9b227;;;;;;
ae444b8233f81fa403396c03e8d6fca5;;;;;;
22a484c17a2e4767bfecc4e4153da19d;;;;;;
5fd719f9edcde60ed4a7a8ba66a9389d;;;;;;
4ea2dc8f9cd89afea9a02b8ba9ecb5f4;;;;;;
b03d900bce410c44219592854eeac0db;;;;;;
e353a6e66d3aa1bd3ef7443cf68f74ed;;;;;;
e45d0fb5238a82acc92ca58964e1461a;;;;;;
e51494f45bf75aa51dcc6eb9862e2d3d;;;;;;
d2a1df572a0c7e7eeb3cd64392e99659;;;;;;
f03433dbcd9e50e63fe8558e344a52d1;;;;;;
8d9094164320de21214a3a4bad70625a;;;;;;
daad896b3d552b9e1547bba578aed5ee;;;;;;
30ff72cfbcb57c08470257e7074afa6c;;;;;;
c1e7379b0d14d9fb5e3b8a891cf3e0de;;;;;;
f31d7a9949a140255247bf51f3834551;;;;;;
c9b57273259d89c292209ac0c3f6e9e6;;;;;;
b3d696867a5e853c9519c0e6a3007195;;;;;;
e7b42797709ed6818ce1f89c9a4db564;;;;;;
24f0dc0cdad794af72e23d5ccc945a2c;;;;;;
df2e579e13bc311d29c10664be4380e0;;;;;;
e197aafca3deb58ad39664561d6b9913;;;;;;
fbfc7cac612fcbc8d69bcb49e56900a7;;;;;;
a0606b894b1b8788d77dee317eca7982;;;;;;
f5033f466881c7abb2b0b35b67529c25;;;;;;
e4b65da3c885b693786bc295dc492819;;;;;;
f470349ad09fb61174a6ba36f19d3977;;;;;;
169363094b4edd33ffba1543a1f78a19;;;;;;
a47063c602553e287b44b18aa9123c71;;;;;;
2540e83b99f0cd7a8e0078202097d707;;;;;;
64744d2b95b8b4e840875edab85c65b3;;;;;;
aa1778ecf741ef037d0e30bb34e94298;;;;;;
9ed1671875864b785a4c5e33130c501d;;;;;;
9370e0ad4a5f0faa4df1bbea8be658b5;;;;;;
730fb0270c6061577fe4092340f9e1bc;;;;;;
09edccf97eb9bb5d503aafb16543b013;;;;;;
73ee7ae387cc173705547f95004dd71d;;;;;;
efd2f3e62394a98f1c2f061e00a8004d;;;;;;
318a386e35860bf87d6b2d8ffc41c576;;;;;;
e46e1dd0d7fcd841771d5a6aaac4b9df;;;;;;
a52e4dff8782331ac8afcaff8f6b3e35;;;;;;
3e131bc22ac1eb89ff03dd2f80b440bf;;;;;;
67afea135e260f886d57f574465273ac;;;;;;
b51a795746224432f0ac89f2e0650913;;;;;;
9ead42ff48f354db4896dab2287ea9c3;;;;;;
3109a57b8a24afcee9d6de2c836ea351;;;;;;
e9f05ae3fa7783605ba802724aadc0a1;;;;;;
4973c95dd15994311ed4797be37868b5;;;;;;
2ad72ce52f35917fa56c7194a4c53e0f;;;;;;
9fe82938185b2c0a191e2b722e89c1b9;;;;;;
176007b3126a6ea2d7387090ef46ceff;;;;;;
adbde3754e4b227519d72e7a45ec68a3;;;;;;
a387c3d9e2cbac1ea5f2107fa83ea338;;;;;;
603115470cc9a67099a0fb66de861c55;;;;;;
ed0272343dcef20824849d67b3fe10d1;;;;;;
408a58f51f3d84ec3d42cb84230e3b43;;;;;;
4c5e6a168ca2e296ea9c48cb9234c0b5;;;;;;
abed9f7c4ecec5a00512af7c68645425;;;;;;
bd33cacfbf4bb239a6bec416aa91d06d;;;;;;
ce156010fd12e2f14b50f453c60085a1;;;;;;
c8f340a6695afe7dce49d0874328d4bf;;;;;;
0fb3a3a35244e12ad027b1b52945b7b0;;;;;;
6f9029b3b4d52eab91d6d752e1b0b1bb;;;;;;
7966ec60f794cf29bbfaa49e83b6e97a;;;;;;
6cccc2219be08a190ff57156f41fe6e6;;;;;;
095a664ef0b9cb8732735374b5e4bf3b;;;;;;
d6fe4d969bf130c937e4b24bd0a9c940;;;;;;
d75a8c4452e73468044d224a4135523e;;;;;;
9563d75263ff5fcb0eea63f4d36ebbb0;;;;;;
3d3662b990a0c6076634439c55de06c3;;;;;;
7ed4da7f681a5b459b21eb06a6e9134d;;;;;;
50df9a4bf01f071901b58d634bf82b86;;;;;;
6be3f4df067e771e092995ba8df9afd9;;;;;;
55bd35cbc13e9f9258be152f37774a9f;;;;;;
1d1c10bdf6d5f9e915aa5fd8eb2ca27e;;;;;;
0ab08b8b4eab9b1b98b16ae19f265805;;;;;;
4d676f3b592b8eac365b15964d9ba2a9;;;;;;
fc5bb69691eece49c2bf33b618a26b4d;;;;;;
3f6a337780076b4fdd0516c869da0fe1;;;;;;
25509f4e78824b96b3609ef73604a848;;;;;;
09a1258ddd124918d99de554f83b880b;;;;;;
f9df5ef5006898ff244472f1894e0514;;;;;;
e8b43adc23068580281ffafc0c3869ce;;;;;;
78bff056bb0d338edc4a36931b2d154a;;;;;;
09951d253a9f4ddb71a94fbb25b71e53;;;;;;
1276c18e7e9e3694f4cc4cc8d2a7c2bf;;;;;;
4129211bcd579ef32fd6e227de91afc2;;;;;;
4183a48c27e3bc0ceafe0b038aa683c2;;;;;;
71253166d584e5b93bb86eebd50aeb9e;;;;;;
f3b8832deec7d66e07c167a7151988eb;;;;;;
62d46f554fb38f675a11c7a56530e119;;;;;;
f38bdeb48e663f2899f676e23d7201ff;;;;;;
6b5bb060f12891e3aab7da6b6f3a9293;;;;;;
d796d7932cd87c6c754e41e2f6e481e0;;;;;;
1df5ccc4b6d9cf768375d70999e1d4f5;;;;;;
279572a79303d88d94e6dfd22a76c245;;;;;;
139bc105112e14f9a374a8ba3d64e80b;;;;;;
50fb711fd2d3b8c1e208f0bb7da50a81;;;;;;
d59e9327456b9e738ea2bfdd73dedd00;;;;;;
e50bb7e1f935824ae37dc3ae3e9577e2;;;;;;
fe59d0b13cf4f435227ed0f8d7fe4e77;;;;;;
1b5c6d9f701db80e2a9f43ebba77dcb9;;;;;;
1411bae45f7f73643e3edbd9606c3311;;;;;;
dc98199afcd381d1b39f3f716e5df162;;;;;;
0df4941745fccdf1fe5b90f1edac6aef;;;;;;
1678ba4b7d7502e791cea5b6e41c27c7;;;;;;
dcda297055c0f276b9a60a962cb9bf84;;;;;;
47f3f456799fd85893215a5f3ccf716c;;;;;;
457c7d8258e59ec6e46b4321447a8c5f;;;;;;
d6abe278763e3e9436443cf8dd642372;;;;;;
dfefafcbc3614aba74e23b17d75f4fe4;;;;;;
465a377339d44314d8727d6aa5684c34;;;;;;
eecede453a8a978e0a4bcaa7c3e41575;;;;;;
1b096aa3db8a7fd8fc5576a65772e7b4;;;;;;
061926191701a3aa8b46d0d53d1a0d6d;;;;;;
7d376c0aa839e6b1035b37282227f14e;;;;;;
4188d33fc4f985ae9e27f6f821d7f203;;;;;;
8414b98b3ca316017f0543e65479b4e6;;;;;;
b5b23191f8afa015c5595c757ae56409;;;;;;
34149a10e1e710a307ab58b4edd5bb41;;;;;;
6c2768a3e46dc5f28c2786dda13a3f0e;;;;;;
4ff5e99ab50949b2750288315281dfc4;;;;;;
5e4155a173e87ff48764cc4c894f8f7f;;;;;;
978047ef3b3c13f8f7fc862a516464ad;;;;;;
baf169ba85d190e9b7e3a5d789bde944;;;;;;
9c5881520573d477be59dacb40053a72;;;;;;
97a0cc5f8844329dabd67a7c935920e3;;;;;;
f4a724014c1382cd191602483a2ba522;;;;;;
ba7d55a8e914f436890e98997f3cc86f;;;;;;
a0744c791b64bf13b0b230b9fa984e0d;;;;;;
472070d41dff20d230d4d28e6010b512;;;;;;
100856e9640bb8398d83ce76378b0432;;;;;;
ef88c67d0d2f7dcab750745be7378366;;;;;;
d4b6d24a76bbc37bafafbb51083a4555;;;;;;
5df0e73bf548af07ddb0fe323bee80a8;;;;;;
09eba29dd8402a8e5ca04c8e9e407cec;;;;;;
2d44118ce0567c82f17dcbe0e0e669aa;;;;;;
0aff7eb2a27171348bf6e2a34ebba0c8;;;;;;
c3e2b96a35be7c675ed418d4d25612ec;;;;;;
783d5e4eb0db7827c6160cd5ba01df8e;;;;;;
9670c070e069f2e4d38bade8b5aa5f17;;;;;;
87d3982f9001787405ef851106391aa7;;;;;;
66888161b0d01e43fa7b01da2966bd6d;;;;;;
f47f12e2a92bd5c79db46b80c9e5a6b5;;;;;;
365fd58b728bccd49e64adb7f6ea71a7;;;;;;
daafd0508060b7efebbbc684cc679168;;;;;;
5d9519789979bd46d450adb60c0833c5;;;;;;
9bdd36c628f1b1147def5c8386c3577c;;;;;;
e97a13f8e57e75b2e68e0a64733bdf35;;;;;;
bbb373980e8c7478c90db0cb5b2d6712;;;;;;
3108aab2083f8d02828a9b060d760ec6;;;;;;
009f33751e775d477b7e9295b9a0a700;;;;;;
7b0826c0ea6111b34fa0c74aab851252;;;;;;
6c805f573c1876e0ea1e2f4f8dc380e3;;;;;;
40596c10185de1e4ce714deea769a81b;;;;;;
858344f6ed7eb396c9179396c1eab05f;;;;;;
c57ff0013442e6d9230226516a767740;;;;;;
5d109d9dcd6dc38d5074aa81814f757d;;;;;;
7ef6e39b133e24067315b7659e69bd06;;;;;;
7d0daee7f0963018f37961d57f30e7fd;;;;;;
35e848702812057d78be3299290a16b2;;;;;;
753b21c47a160c913503c25a73ca7751;;;;;;
b173f911f6745263db534d176c43c0ee;;;;;;
2adf07a75831e1f2415b3bfd04153961;;;;;;
a5afeb5ce3ecf2695f322f6c5030d187;;;;;;
dbce3fd399c0af33b5add2d3c0b0a129;;;;;;
f081700ba921837b403d4371d53ec9b0;;;;;;
ea55d6167675b7277d3ad209a907c694;;;;;;
1d2afce7bb1838111d1d2e3f5bf34f97;;;;;;
ff54cbf395b1e913265e822cca2b1660;;;;;;
79367136c470de83d969dd7c48caf741;;;;;;
c3ff25b992e4a9b966d712f224d4c0fb;;;;;;
caa8a3e1a955719c1504c50e586aee19;;;;;;
616b74eb64864122f63175758b283ab2;;;;;;
05ce5b02a5bc3203eaff2f6f339dd73e;;;;;;
de861e444ac85d0502973eb2c4b73231;;;;;;
6b459f6d59881aff23709fbe9c90d1cb;;;;;;
a676020bce04efbf58d50f70afdc8ab0;;;;;;
e7afa2f9655f71ddccb51fc8a8339d54;;;;;;
a004906ac5769f4015242f95d7bed560;;;;;;
49ee3664a49fdd5ea8c815e171250514;;;;;;
d658cb00fa017c4bbded91613d7b6619;;;;;;
2c329809487c03c032595e5ed3e1e25d;;;;;;
d23c1bd2a55f913b561b5fe14546bbf1;;;;;;
59b20a50f089cb5264ec4835d7a14aa4;;;;;;
23e56ce84748855f021f08476920bdd0;;;;;;
af4d145c60cfd5a037df4dc8ff0b6d88;;;;;;
b090fd216d8d96ccfd59c406833cbba8;;;;;;
ff6c93039f693274b3a14ec06c3adf5d;;;;;;
6d61fba551b41d4fa671cbe0d92b2a72;;;;;;
c5ffbcdf23e70254135e3a1549319544;;;;;;
7aea8a7d69321aef738641ead761d9a9;;;;;;
be0431afedb45b432068d83bd1b89e93;;;;;;
398963dc5a070663cce0b842e0e60f0e;;;;;;
9a28a348e7ea63bfaac77db36d11ccaf;;;;;;
30b4fbbaaafd38b96407952d1b23e858;;;;;;
f21f89ec4db89f7fb556f9af82bc0c0e;;;;;;
c815c204170511dd551b84b54b741a91;;;;;;
8685be6e46032b3e56db4ecaf5016403;;;;;;
942dc50f1879490db90361bc818b1425;;;;;;
e7edce8cf6fe9947c04c0de5ed8e5d98;;;;;;
8ccde46f103fb5eb5c6089a8c2f7c7d1;;;;;;
8b8cc8231ce4f7d07d7f2e2719619aa7;;;;;;
d078d405f4f0483f611af8a3b6b99c0e;;;;;;
f26508d3327a3ac341016fc2c6625228;;;;;;
8b191ebed8737b6a8ef8004c9992d379;;;;;;
3100bb707eb2e8ce76a01f0cd72d2740;;;;;;
831fbd431e387671f83247b26e914795;;;;;;
be2d4448ea2bab8e701db98703a88a54;;;;;;
81a709877500668ae7507378a4606229;;;;;;
a02d09064b8a6fa7acb72be41df23d7c;;;;;;
1583999897b0379ad751504f5951cabe;;;;;;
3c6a034f69913e8011f23635593565ec;;;;;;
6265cf0a99d43217296f00e2f9cf6742;;;;;;
2da39dc62be774c349f86e808aa62321;;;;;;
574031c5a3ae90e71fce53c1570f3c51;;;;;;
64b2c9b38732635c0351afab42f5031d;;;;;;
be3d0a316538acfd7b007b022f04ff82;;;;;;
d8a8ee50ee45bbfa44a5e5d9ef4aa886;;;;;;
88ab998144f516795801d63c5c850680;;;;;;
3edfe26b488df95b4dad6a414a6c3ce6;;;;;;
0d07a6a04e2bdc29436390032ebe7358;;;;;;
8831e5661d34d1a3771184ca34f74c58;;;;;;
75b7fda9f553bea28f53261b7c5747a4;;;;;;
d7d400253a3e3176dca7ec2bd18e54eb;;;;;;
24ab237e6353509b0c6fed5822131d10;;;;;;
944c2a28d979b267b7599792928ec51f;;;;;;
468a9aa75d13076b542e4372a4233615;;;;;;
682bf5f151c23f01aeb3aa29f094b35f;;;;;;
1d78e7afab645bd1855a57fda0943ec9;;;;;;
74a9d766c36f16be684e99a9fde9fa6e;;;;;;
779e19d9ee9d1fe85ff3193fad7cfe2e;;;;;;
a5af114807d44ea1e95682354c732dd9;;;;;;
496c32e159432bb29cd9b758693de219;;;;;;
e0cf3400342dedb8cb8573a2c0daba8f;;;;;;
2f4967b67177ae0c73eae58718a61a36;;;;;;
c13a47029d41f680d426fb9773bd840f;;;;;;
f364302ee43af0832617f10181f87293;;;;;;
a2887eabb37fb797cb9f85a088c87bba;;;;;;
91699cc9d84a9cc4c1bd05771cf9af94;;;;;;
399485fc9b3b5beef8514e327255b4a2;;;;;;
0851972c36b4c5b0a5f87c4ac9ced3d7;;;;;;
c12c89d8dfa623bd999052324b31168a;;;;;;
27d92f8554148ff32db508aa183edccd;;;;;;
608936dc5ef5396fabbef850364cd207;;;;;;
3b0fbe772ead6734eea69703867f5a81;;;;;;
7899b2bc2895c92b12afad90ca3394bb;;;;;;
69d198a7f89b77f68e6114c02b598477;;;;;;
9a4c9840a9320e1dbd9b1c59b1384771;;;;;;
c696f391e0bede05dca004b590265a3f;;;;;;
917ec6748c61602161bc4563a5b4ae80;;;;;;
218ee4dd4cc5671f7ccf54ee46a0edf2;;;;;;
972e3bcab81cbcd6b96e0e0377e19394;;;;;;
bbc09825d3776d2528df5bff223eed51;;;;;;
0137e04ce8f2dba8b1aaa3af21dfad7d;;;;;;
efa79d1ddb772e2dbced6c6712be67e6;;;;;;
33e4740ee926a9a188312368387911bd;;;;;;
28451d2826183544e3daa5bf7dc8f23a;;;;;;
6ac88a72e7b0996d4bec8660342f6327;;;;;;
c5fc5df567b06e1b9f6d0e557e61ec43;;;;;;
66d4a4d2508cde83980fc5da6756009c;;;;;;
559cd949b24d21d463049d6689ecbd0a;;;;;;
ee7f5c4ce8c3bf2f93e4607f128c0ca2;;;;;;
6b148547f6500caf47faaeb598befa98;;;;;;
0054f252239e68bcf5ff3cfb30cd1d1f;;;;;;
861c127922391e6214f4704c87255ae5;;;;;;
43dea0c66ded9ab9dd3aa4b35774ddf3;;;;;;
00405481218a4db700ea299cfe4f7264;;;;;;
4f46212744d75e4586106ad4c98790a8;;;;;;
fb31efda2f8627a41d9a48b5494a97d1;;;;;;
1ea6e0a8a17642000b1fb855f75f26a9;;;;;;
0be01ceb969982f45d471fe99d2ccabb;;;;;;
0f437c1674c3506127bfe8e01d523f2d;;;;;;
24e45a35c22c0c9cc4120c32cadef8f5;;;;;;
9605cbaedcf197b7e55e4c1156805d5d;;;;;;
7d475c6dc02c990b9f86c98d1b423f6d;;;;;;
ef860d32b554d8fca4abd65e61f74d43;;;;;;
e6e1197666804b0c3c52c97afd301dd1;;;;;;
f20966f8bdf5280ae402298032bb2c5f;;;;;;
b6bcbe828b410643505ec8bc8d19742d;;;;;;
0c2f2b70d581ade06c0b4639023ff83f;;;;;;
2f4bc0fa328b4ff749c2df9b8130bf93;;;;;;
ce06d56306b39c15034f6e271b500f18;;;;;;
702c0dad48a974ce065b5b9ad25e9687;;;;;;
705625763e80b336881c011960d3b449;;;;;;
b0f5e71a1d43bfe01b189554d9b5cf39;;;;;;
b941243a59693eca1bcb41f530adc31a;;;;;;
9266e2e6bdcea3ffe125067005b7821b;;;;;;
6a70886c7a9088e7097e458726bf096c;;;;;;
a84e9829a0c1cdd064e9306cf2be1e9a;;;;;;
bcb83a08a7fa2e22d62f87ea45929a97;;;;;;
f9b41e5d2fea57da33723a278162098e;;;;;;
beb87189c2c3b4e4781cfc7214894ea2;;;;;;
b4fa949f9b2260956a8283e3f4e93f4d;;;;;;
304ae028671ea644f98e2af258205d47;;;;;;
50c08e84da7992b31be191d7af13c9e1;;;;;;
2a7afa14d6ced6a884b4bbea727d9831;;;;;;
034de6437a82d79a7c796078495f4520;;;;;;
af9b938a7d384b2f24d731cb8119dc0e;;;;;;
42410e8d2b3ede316a3a318b7ad47e29;;;;;;
fa799672fbf2107177c92fbb8977dcb4;;;;;;
223c5d95bc500cc3d0758df8f8f707bd;;;;;;
f8efc2b1d2b5f865064312d5a22fd898;;;;;;
78e6bce78baac86253b4739a59779d86;;;;;;
a40ae5c7f08998ca701406c1c7e24b33;;;;;;
a1783a7e58244f7ff1f63aba2ab0a2dc;;;;;;
9499bb2ef29f25342119fe5354b734f0;;;;;;
18f04d873e358c944c231be9cf01345d;;;;;;
65419127a439d421d5ccf0a93e7f98cd;;;;;;
5ef5716acc2fe3bd470ba7094f9f6a7e;;;;;;
78b6e444a5e3c5f2397a8ea8eaa5fd23;;;;;;
e7151c72773ee6acd56d0d29bba0a334;;;;;;
144fc59c46fd6dc552bbecfa8cb0b45c;;;;;;
0995930c0d62f891188ec034fbdab231;;;;;;
a0d7cdb4e2d76a4f043e23bedb288945;;;;;;
ab45e4b333a0599a704015551ee718c9;;;;;;
ef901f3f954949d9ffdf41ced329d9d1;;;;;;
113a7399248d05fa934a922fa0f078bb;;;;;;
b63ac9acf7d386f4da39a227d595b416;;;;;;
244018367aefae6d7d5c969437a29133;;;;;;
26e6079d632d484fe55dee48d199fcea;;;;;;
c7517485b55068aece03fe72256f1e46;;;;;;
bcac81b8a61f61c5c05aa4521cc00513;;;;;;
f9b975b39ed4f9cba91db58faf1e4efe;;;;;;
3a232488051d1f472f38cdbdb3ee1a17;;;;;;
19d46a6164682840c9888be41dd23cc3;;;;;;
b9572e1df6088d230460a2a55e595aae;;;;;;
46acd3213741256fc2b08c47e0ebe0ae;;;;;;
a2f1dd9a62a65a0151d80718edccb7f9;;;;;;
829cf173a3b4834df7c5b698ccf018f8;;;;;;
616db62b07e93fba6eb1ac5e49618a17;;;;;;
61b1af9ed1e80bd9b02642947169cbad;;;;;;
69a2f591ceb0ee3a0a8f445680f553e9;;;;;;
0b9e8f0b1e673c711eb22543b6af8856;;;;;;
3bd21e3c6dad2dfaa1502cd5ddbee33d;;;;;;
39c551274598042a79a9188f650a5f29;;;;;;
6e1f55e8f69d9561ddc5e568c012cffd;;;;;;
f215a0cf99a023c2392c28bd11607d44;;;;;;
661f23148dd24693aca5dbb04d64092b;;;;;;
e65c2f329a1d6de8b42abbef7f823f3b;;;;;;
f0bd87c1e293572d9c764d81cd1006ab;;;;;;
cf4b1ea75b7b881d1ed149deba959739;;;;;;
10bac7a68d8cf9742f2460f66245e493;;;;;;
85b2007f21c238fc274f7ae11c0822e1;;;;;;
dc34843fb24eb173ad3a2d9177b5da14;;;;;;
d839b984bcafbf0358eae1dbacf1194a;;;;;;
193dbdc3319f41b994d42ca8ffaaa1fc;;;;;;
56c5aa87116c626e9a3bfb88253543b4;;;;;;
0c2ee41a01627741b3d1701efc549bad;;;;;;
9acb2be7aa2894bff162b05dafc0a998;;;;;;
61341f54501c666bf2c24dbf39632faf;;;;;;
4cda10e2c58a32978deffc308b25faf2;;;;;;
540b1b867ad381bd03f4d0995cfc6f61;;;;;;
2c1b29c7e4bda27052773420854c9db8;;;;;;
8ebec51c6455ce3e1961039d42a00e17;;;;;;
3943ad495d3ea654502d467dbd230e9a;;;;;;
aea98c9dabe09046be11074390599876;;;;;;
b8dfd011cea754cb03d39786ee432bd6;;;;;;
56dedb7aad8e5eb8a6915732a43ffb92;;;;;;
dd865506f3b7ee82dce9c0b32283d27d;;;;;;
108904baae8e59806cff8dbf25d82e72;;;;;;
72b0c3902df8b4580dd2f28de1042872;;;;;;
6d87318649a3392a1b358f3ad74901bf;;;;;;
8f02c82ddff3412980a57f2afa4beef6;;;;;;
72408e9a027862420720b81de686d105;;;;;;
c7f58203818596d17e563e9d1a601f1f;;;;;;
d757ff48328604c48b52237757da9d1d;;;;;;
e1069c7e2b74eec49d16d4f792a5d7da;;;;;;
374d539142d92499d42d92160b0ff7a4;;;;;;
3567239b8f09f49ed2eccecdf6a743ba;;;;;;
a5c9889d3c73b786c666b0120edacf1b;;;;;;
c7640d0a6d8fc97e643f16010000783d;;;;;;
3602db7d6cc9ba2048de3c32c824af96;;;;;;
52c1139fe9de213f55fe996cdd4cdc37;;;;;;
007e2c3b42ca8c54447f41b6f9053d6c;;;;;;
be5c198070b6d7484f8688bd734cb7a3;;;;;;
dcfb46ae4f5d0171a94b6820829ebbc7;;;;;;
7130a2b06f2f174de95d6fbd33ce8b9f;;;;;;
8e7b6933d129e2365735c28d42aeab49;;;;;;
28764acd4e2d08fd6159e2d38a26df69;;;;;;
badf5e6df05c3377748af6fef86dd903;;;;;;
04227035161a72be147d428a327aa941;;;;;;
592f12ca263df473c8e6d476c3dd89a5;;;;;;
96f470bd34c7ff98a9bde921a32f57c6;;;;;;
ce4f76414be6e2ae9c6f9135f6f7bd99;;;;;;
b3adb395fd7babd597122db586485517;;;;;;
9d48330c882268221c2f0232d0d71b08;;;;;;
1b6056eb8a2dc4ff3610e139e9c83ffd;;;;;;
55c5ba145b2177516bf7e668eef3bd4f;;;;;;
ee6f764c83ce81d9e4f9902a0f1874b9;;;;;;
b89a975a2347c4446ff377e4a57293df;;;;;;
fcf17bc769d30bba6e3847208ce3832d;;;;;;
8f6cd68a29092643ae45404d5627e0cf;;;;;;
bd18b5724538a72a51b81602c53613e6;;;;;;
c6564961f9c5c26d38073198d071f4af;;;;;;
4fb33cc31f9f6fcbf359089c10fb77d6;;;;;;
cfa614046778def7281b74cc829a0522;;;;;;
66525d82ffe0e5a49e5b6ab99d4c9abe;;;;;;
7d1689065413f35dd2d430715a9e028a;;;;;;
bdd90ba8300980b4fb8df745690ee5b2;;;;;;
67ed91f0dc343506edd8451c785239cc;;;;;;
94f94d96a8a07151c947f29a43cf5d88;;;;;;
ee7bf372806613da60a0e15cc042ef6a;;;;;;
ea1178dd1e3c9084059c17845ddc0459;;;;;;
571ac9f83e83f19f827ad351b2fbb06d;;;;;;
8728e58e7cb76a15d3a954f42569cf8c;;;;;;
a29882897f6686637fdf4942f4bdcc35;;;;;;
35b03cdb63671560f569c3d55d698353;;;;;;
a5b16d21bae2a9579e9502ec3b7f3e5d;;;;;;
04d78afd935da65db37c47749938dc50;;;;;;
1f67dec9194de858b290f26aab86fe2b;;;;;;
1d64d070db6a904eb66419c94220c9ff;;;;;;
c8b24fbdd526d330fbf96d5bc30b91cc;;;;;;
492c4b10e8b3a4c150a7d657483a4241;;;;;;
b06efc0a9deec933af5501cfec2c288a;;;;;;
dad4e392817a2fa538460c14acd83754;;;;;;
ce742368c742472e414d760bcebcfb65;;;;;;
c1a291a7f8c0b660af54d950d6e23df7;;;;;;
6796ee38ff125a5ee6ecc18d1b2b46b0;;;;;;
db7b3ceb5ef8dfa04d491702a9933bee;;;;;;
36cec09dceedadcc6f08b440a3c02649;;;;;;
6ff5fc167e5dcdecfdeea7e4363f2c86;;;;;;
d4f1b01ed992ab84ab8eb6624b1048c5;;;;;;
16f8692d8ff69affec26cd0538a5f212;;;;;;
80aa93fe8d137160cbcc0f6763755d7c;;;;;;
5ddadf8a8a406234a4a17af3c0501c06;;;;;;
74f8a832dd2a55d82de666a735f8eee8;;;;;;
3559c9f4640eedbe7ad760b695ffa8e6;;;;;;
6448e824896050ef1190484064498753;;;;;;
d8afb45458063e1af22da8e80a28d6c0;;;;;;
7b7c21b481c4ccb1c3317dee844d2f11;;;;;;
c94cc4f7663832e3876ac3565c9cfbbb;;;;;;
7642f7800b434a5e791603b7d0e943fa;;;;;;
c83291a6d3de6ba993fcc26f9ee2e8ec;;;;;;
a09411c9ab0bde2e9222e3cbbfa7ef24;;;;;;
bcdc142fac3540dc875de7c546b7a4d3;;;;;;
97c86c9e30afc1ed05322ec64c5730d1;;;;;;
6e171317447d12416ab952885e740ceb;;;;;;
ca159effd87afc75bf7464f6b4cd3d8e;;;;;;
c0b8b1c8dc3a3736e61424096725574d;;;;;;
e636189a26221e810a911b1807e5c6c9;;;;;;
dc4d753973d471f8c2b79f383553a1b2;;;;;;
14a9f0cbc29ea2a11c09043046d6ab3c;;;;;;
24dfd3bb46671dc1f40155f1e2cd0ae0;;;;;;
ccaf7740013ba32c8c3c5a0901a5963a;;;;;;
fbf4a1c7373bdb10e99efc3f77dd2fea;;;;;;
9c56c9ae159344b036c89c0ec0d98fe6;;;;;;
c0866e4bdd3b11836f6d342b627dc3a7;;;;;;
2b20a70d8a23b6fa9ea325c8c68beb67;;;;;;
070f4703d20529510677ad9b017e8fce;;;;;;
e4891a3d7bb23ea516138e8edd43755b;;;;;;
da20a8aff930f0a56d5114f958fc1c81;;;;;;
ce3d83300c2105a2ac4c7c1f6dd7bc2f;;;;;;
5a6927d839e07e685ce7bc6101d8b78b;;;;;;
e1d8004dcdf2c83f29494a6e18960868;;;;;;
fc0d1c9490eaae522eb254e64b974a48;;;;;;
00a833387633efafa70e8228792aee21;;;;;;
e9eeadc019185c9ef48f1114c6e3ac83;;;;;;
12d0f691e07d774145923c11e71fc847;;;;;;
a083daeea5d27af38288c000553db72c;;;;;;
d35f553dea03461a9bf34c115c89511d;;;;;;
3aa4cb97bacda3154cb412dcbb2419f8;;;;;;
a8932a2baf28498647f068a3eb5e2d6a;;;;;;
3f65d7867d640200dea9831c911e9413;;;;;;
0ea3027adc1294c29e30d4cb8f11fe62;;;;;;
6ba658fe1d69a257bf6137937d1d04f0;;;;;;
f55354c66686d63375fd43a67a146779;;;;;;
489ecaf3f339972468a908cc5e1fbfde;;;;;;
327aa8b6480da1bfdb41683b9a639919;;;;;;
ca2eaaa1104f131e6476ec013fc4ee2e;;;;;;
cdb1e03833402e24fdeff4d3eeefce78;;;;;;
a6baf724c06fafe7add9acb23948cdda;;;;;;
635c22c1dc751de7bf6d4606948de874;;;;;;
8053760095d5e6ff7f95ade651436a28;;;;;;
b331951907c76b6e3c17f93f6265ec93;;;;;;
056c21885e761526f36c200750aa6862;;;;;;
2eb47dab522f5e5827570ed64aef944e;;;;;;
fe65b6235fa7a27c122e88d5c3dd4055;;;;;;
3d5292545865d51dbf16bc526c2da10e;;;;;;
c45b9ceb2a775bbb1af0946ab2cedfdc;;;;;;
73a39c0e477d0f6ad306077beb9170e3;;;;;;
863b5d622c01c704f8a66f798f28f13f;;;;;;
e5a505cc8617603f7bfe3cfd3bb6bddd;;;;;;
6a29f9c11b31d442844e59f9132ff2cd;;;;;;
e4f1d32c2079739f6e9e0cbe77da3164;;;;;;
6b8f26bc41f308ea3d1fd7f99adfce60;;;;;;
2f4519d333a5acb1f5360c3ef123d3bb;;;;;;
96ad2527f199d139e2d4ecbccdb98ada;;;;;;
b20ed1ff634e587833d3fadb3daf4311;;;;;;
00a9b5b60467091e50eb9811f0986a97;;;;;;
4b2b6dec82b4924ca72e9adb4f21a88b;;;;;;
734ab953376b393ebb14b023ba0b74a7;;;;;;
bef8828bb763b8e156a51bfd45392b5f;;;;;;
dbfb79c664a36272d1f2f7ca7d0fe200;;;;;;
2c65bd7b114a92fedcb6ff2bcf131e44;;;;;;
0e3bd567472aba39381f8b8eda69f637;;;;;;
544c13b68d00386edee8731282bc84ce;;;;;;
644fb9f44e536c7df1ea89362f6eb5c2;;;;;;
a404bf7d8dbbb10aa17eb24781549766;;;;;;
3dbdde6c29858d5199c0e660e4ab870c;;;;;;
0134c1b7f115745f991283cf12960cc8;;;;;;
57f2c4ea4d2a7b7bf69a932df68cbe4f;;;;;;
e8daadaf3a64afc3575082fab6e9f48f;;;;;;
03ca39ebbe8f7be5e7419ac0ded77e52;;;;;;
b0606ef0dc2f419f9fb370c9667ff5eb;;;;;;
19fe4ddb86bb0ceca75fba99a3e5281a;;;;;;
aaf7e21a8e5eb9533d210ed8df2a893a;;;;;;
c44849e11800c87addd5a43166719a67;;;;;;
aacb3f791ea5b48d78c0622db0ba6724;;;;;;
fede9c790216725faae3a41ee3f1feed;;;;;;
1a97018a58fb87ac80f3c33af4967142;;;;;;
091e7f274a40879e57f64a3cb8aa57b2;;;;;;
87b764e531e11ec6d5b8ffdf13753212;;;;;;
9707452188f5cc8cdc78a3e51635fe88;;;;;;
867e640ca3122719a29c9db8fedc9220;;;;;;
4e23e9eea12b0241cee2a9802de6d787;;;;;;
8b676e128f7ce9c69665e8c741bca56d;;;;;;
ec2853755ed864699b67bea02ac14189;;;;;;
a6e824fb8877860885ab6a3e6969d8e6;;;;;;
f9a1bfe950c7c009d66efcf96d4c96cd;;;;;;
3324ea6162a496fd6e7ef2a89b6ab333;;;;;;
40e7506e6ccb277e2817c7ac14bfc721;;;;;;
25aff707873a0fe6514f8e9640030341;;;;;;
1e177bc216a45854c1c25d4dc6eba485;;;;;;
3e06ec42e524f8110063b0297bfd59f5;;;;;;
ea724ff90305a65a1ac16578169ef2ff;;;;;;
2c9b68bc8984ed5bff65d0136a6e9235;;;;;;
2d882c8c4b28477f69383a6e9e3aa108;;;;;;
a7b4722d3f49b3ae1367b235b1068415;;;;;;
88b5a3efd7dc5002c9f4369405ac9d75;;;;;;
6518380c7d9aeaa7633bdc6bc6b0d09f;;;;;;
1e9c97f57ad8b44d1d8773d18f106fca;;;;;;
814a6bdd65fb305a6d8ee68c612a1bce;;;;;;
917a13bfbad4cce0317ea6598bb75526;;;;;;
e7d8f972102927a757d41b12cb923dc6;;;;;;
90d2730983e962ccf79e7c9c65cfc9c6;;;;;;
b8458408805ae0558c62ea2946d52c1e;;;;;;
b844505358378ff1ae9df6b3676e5713;;;;;;
bb6105e103a30d6cc15f94f6c91b28c1;;;;;;
5b51025c5edc63e86280aa2d571e6f17;;;;;;
515323f09baa6a8ff63c12bf2a47f7da;;;;;;
118777cb14d785a1692ac718b1447c0c;;;;;;
409d227e046001304955fcb2958d1b04;;;;;;
8cebefee5fe94512e9db4365acb2c5e4;;;;;;
bf3db409e81ea22538b285b991e74276;;;;;;
b810017bfac15f4152ee7112e2615813;;;;;;
6bb4304489cfc58a16fed5286687028d;;;;;;
740fd93e6b5913428559fd294a3616b6;;;;;;
035b366ace83702ff9c813940d25e587;;;;;;
8ce2d87f2a4cd04e1f0746af27fd5cf2;;;;;;
c3e1efb2de0232be32bb43cc9c921aa1;;;;;;
bd8a43416ccb354e2314a588c042f933;;;;;;
2f119cea18893cf0d6af084c54c32fa3;;;;;;
2fb87819a463cb4117a87a2d28a98734;;;;;;
3a81af205defa32234586fa800aa1c10;;;;;;
97ec3fa8a3fb0356c03700d4f352be66;;;;;;
f30854c57d54f2c9875efd96ba9a9ec0;;;;;;
0ac19a131d76bd3303185d5bc8ab0934;;;;;;
3f68340e1eec05a049f0f8d3a102530e;;;;;;
92a8809f73332bfab7439cc7f52d9b68;;;;;;
6b320a6d57a8b8bc60a516653951f36a;;;;;;
dd6160efc98cdc01646128abf79356b1;;;;;;
6f700e30b7aad38d63a43306fde380c9;;;;;;
5c580e3dcc2967d80d7a2eaa05e17e81;;;;;;
5e2ee325dc74918b178dbeb8ab21ead5;;;;;;
bfa93c11f6766c7a1ed2fd0f3df25486;;;;;;
6e182c3434dc6ba75710671185128bb9;;;;;;
aa65cf7077b3dc66d736bf3efdacd9f0;;;;;;
fa4e8a303ffc28340586f3f750ce8539;;;;;;
15010788435643693dcee76873301026;;;;;;
0e805d25f6d6879b3ca826804ca31612;;;;;;
3046b920bee1a60b8515b78c0e78bae9;;;;;;
8f5cde867f7b83389f48a149aec0b957;;;;;;
8c58ce838407039021bd57fe32a42655;;;;;;
bc4b553e9d84048c983327705614c8b6;;;;;;
a802772929ad1909881f46fa36e4869f;;;;;;
92eaa79f6ab061ca10c9d33ed241d7fc;;;;;;
d6258ec31ed81fe6840f19e7f0dbb045;;;;;;
f2fcd70623127333f9b6ff90bac4cfe2;;;;;;
0595351cdd7cda38d8994cee45b56ead;;;;;;
5552d22a53b06161b801a6036ce92eb8;;;;;;
46123e2eadd05b13b77338d710e11257;;;;;;
00a32b29e61569e1ba6b396c126ae587;;;;;;
cec56a10544c61b25f88870e7e226054;;;;;;
04e1047e85502437ead0d448bb8be6b7;;;;;;
5ddd881219af56593a8e84b37421de78;;;;;;
6de6aebbafcc344015ab7ea8a38ca0a2;;;;;;
be319f9ba0564926ddcf2ab42f1c24f5;;;;;;
96a293e9f89490a04f92472a30682c1d;;;;;;
bb1daeea843c4f7cf14528e01cbbdebb;;;;;;
4445f4039eda3b316d8101fb29a5f38c;;;;;;
8facf36df62de2b8275932927e767762;;;;;;
35c9bb9b6d7fdb17a9fb98278f0b89b3;;;;;;
0620e745f88085095c3a31dfd096cedb;;;;;;
c8d67304d45189b6ca835662e818e7e1;;;;;;
5c8f1bfae56bec544d82ad01738205f7;;;;;;
f3d8190149e23c0ac6d7c55ed6fa44bf;;;;;;
48a8db8d449da41656e9626678d1668f;;;;;;
61ef33bdf76a8e85ff016a062133b128;;;;;;
c2efa0aa17cbadc9d667e057acee3798;;;;;;
1d87c8ac97f8ffa1b5967caf60ec2dd2;;;;;;
9b8b999fb3b09b3746d50c3976ef57a8;;;;;;
61d344baab0ded67a944c3c88baa4fdf;;;;;;
8cee6af7ec9b1d29ea7d0215fc175e23;;;;;;
d7c9287d606f8e47e611fed32627c8c1;;;;;;
b37d74a05b113891688d7f1e8bfc0904;;;;;;
2b12e728b38a8b559b971c7c03c059a0;;;;;;
0a28b0e973d8937ce4b630163e26a3ff;;;;;;
f1e6c2b27a7ef381986462ce22d1e882;;;;;;
487616e1878bb359fdaa794340c7f3a1;;;;;;
3619637ac02629fcff8b5461cab90555;;;;;;
fd92af02fc6404876e50915bbfc6a58c;;;;;;
5f4e2a90b1677c5f4baabe5d7ab754a8;;;;;;
5e277a0640bdff761be2e280b49fbac2;;;;;;
39de3db11d95b884f94d323b71425622;;;;;;
7af72a680872f94d405dc92c7fa291b3;;;;;;
a99c672ce26c55e2cfc2291d76c1bfca;;;;;;
7721fc55f5a4aa42b5f791950e2a8f1c;;;;;;
5280a44325666b7b3bbf8068e2a8bf1c;;;;;;
aa0fc0fd7a1be2e5cf1245ed97c846bd;;;;;;
9401db9df544a1a1ebace07a72945321;;;;;;
123a9016797045bcaa9aa6945aee68e3;;;;;;
8dbcffc40aa52db7ab4c577c23cc43d4;;;;;;
df2f16a79ab4de8ad66c1582e7ff45ea;;;;;;
a8268aae10e83e2272a6162aef52effd;;;;;;
9b69128f347ca4f95ce4e34562067c23;;;;;;
0e7043057aa1678d929eb3e2f4498ba4;;;;;;
94b91e2870f5370fb4877c7717774286;;;;;;
0e3bf086cfa02470e7bfae578f7e7a0b;;;;;;
4015882ecd9918f2fe1cf5509034e15d;;;;;;
bcffd7ee47dd26f7a51cfbc12c90d719;;;;;;
6cde6af000915d587a3a639449a95bc1;;;;;;
fb416042b56f88dee181408f60cf0210;;;;;;
981e45769a23d48efcb338b78184cd5b;;;;;;
e1f09945e5e2e2f24f46062f5c0eaded;;;;;;
091ad808111faaf654ff583d4677fe5d;;;;;;
383818cfcb92ade35611d045240d17c9;;;;;;
c1098d71a282f6d2cfbf6501fbe755f6;;;;;;
4f2a409776bb9de91492b7577a8f9798;;;;;;
c6445b91d20f0906e85430556d1a6978;;;;;;
ffef03c0787930e82f32d5d54faaef68;;;;;;
c0c367ea7dff44e8f4bbb9b14069b4a8;;;;;;
8c0dccae3bf565f52c6e87a54c2a83b9;;;;;;
99bd2a5f40d1a8e5c69753c74070f9bf;;;;;;
687aa1ec96bc31e00b699b1aea6b2297;;;;;;
1c313546ff379af8593aae48c2efa4f7;;;;;;
429b4dc90ac94b55d1565e359ea1c9b1;;;;;;
cd966cc60d7d69d695f497d60627dd8c;;;;;;
e5400dfaac62bd4309b3999e2dd7cd16;;;;;;
e81229252c625c57ac225cacc143f520;;;;;;
26a6d2f305c31d43e5b19ce38845710b;;;;;;
890d5667f3515eee2833bdf5fb5bde62;;;;;;
c89d2b3c3ae750b74396880d1d00a65e;;;;;;
4d7e29ffce041efadb4378385f355e5f;;;;;;
354e403b2af90d9e41590de55e995121;;;;;;
0753aeb1c28b820b75eb5e5b7c48bfa9;;;;;;
cdfa14a1103c91b8057c0190c2beb794;;;;;;
86518da231c5ff605ed88ab0bd95e03e;;;;;;
0b8d350127d981e9620f702e18d6343a;;;;;;
6f08a240711a01966da313c2942f7813;;;;;;
16dbf064d58caf1adb02c03df7b4633e;;;;;;
5faedd2c1949a89fd527497fcff06fb3;;;;;;
591a333512f736f33357c9896734deff;;;;;;
af159065bcb778f36be7fc98fee90ff2;;;;;;
902e0c1665e2b8412f80f9fc844da207;;;;;;
5adc689081d44553bf831133b8545f8a;;;;;;
36c59d424fca3a2b4d7ff3b3b5164b37;;;;;;
f1c974c085ed5a67293d00e871107cee;;;;;;
b1d0cfd79bcaf6abfaab7fbf10cb0812;;;;;;
95eb1cb91f0fa0fb212dea472c37d1ff;;;;;;
0166b9c0e3c3b9071e57548acc3ab666;;;;;;
5f29f30c1a44a18254975c6dd3a7a57f;;;;;;
1adf0610470a850596fda34de5ffc016;;;;;;
ab93b5ea950a6e1d83f956670bb31b27;;;;;;
c17de03e7c5b2addfc475f8b74fcb037;;;;;;
a9a8e9181eb6059b96ac69057910efb9;;;;;;
99f55187adf54fc7c40b1b0cc4a48748;;;;;;
479034a9820d351a5d9111f0fa1c4e93;;;;;;
0256045771d1f65e495c460ffb362030;;;;;;
586e326281cf7e130caf3822726e0375;;;;;;
c9b1cc426e6b12b89412f270d332abf6;;;;;;
e877b14259018a786c8bebb9f450c7dd;;;;;;
8e098abc93f6f75520d6ce855db47b63;;;;;;
c1b2ffd30677fa7f9c42835259c9ac8a;;;;;;
542b9ae9435a323e1b83b5ababf91652;;;;;;
ff8c7ae939258500577fa9f8d52029d9;;;;;;
2288c4b2781721a2d0f31fa49eefe9b2;;;;;;
0d5ea2616024fcde521626088c6a85ab;;;;;;
bc35d48fd015ad70ca1231be2f65d590;;;;;;
d3208fda0edffa86b9539355801af545;;;;;;
4588d37e46bfd006a38d1c94e04d85cb;;;;;;
f66c635bb08f6e6a3f4b6d9ca74a29a7;;;;;;
52c3f8370e6428e023a8ea2c0532a37f;;;;;;
07600d58bd05e2273ec98573e732fffd;;;;;;
93c992dbfcbfe86f7ae90c58ccf0a530;;;;;;
74d14f1ef422e4a5bf0f375cea9e375f;;;;;;
42616efb22889c819854d829b65fa448;;;;;;
8bd686df2c81a3fc1754310fb9d6ddb8;;;;;;
0e4b1b9c6f8afff14a6160ffbe3764e8;;;;;;
d028b3f39941cb7112a99a68885ed442;;;;;;
6e247404153e9b50f78426c77f37b3a5;;;;;;
d801fa2efbb2b5c91ba6c3a4cba3ef62;;;;;;
96e78a196352a89b72d13f4e9f180ffa;;;;;;
7f06655ce400e4041247c7b6c82ccead;;;;;;
603afe25a9553aec8dbe3577572c3516;;;;;;
bf431c5090dd9ca327495f5fccd8204e;;;;;;
ef04da244e8ffee4e647a0fbe1d13afd;;;;;;
a2c1762127308a7e58550c8b7b0cc013;;;;;;
acbbe7f70c260a8a5414177f3b02f2a6;;;;;;
45101fdbc08ad51507f15139b79ee410;;;;;;
0fe4e557596bca7c3e9608852726ae4d;;;;;;
c57cf68e14a46647748e6a9baa71bfa0;;;;;;
ae696f256942d7c7fd62e13d999f6cb7;;;;;;
b46938e19d340c4c5c383ea9a87f1064;;;;;;
5bab6854578c86a35b7d780935768126;;;;;;
7a40c0680061eec0c76bf990e034d5a0;;;;;;
5995a271ac59d615fe09b42d06764d0d;;;;;;
0b65baff84fb07eee8868a661b204e04;;;;;;
b129dee586435ded59177d613a8fd17b;;;;;;
7886c57f1e1bb98d7c7285f05fcbaebf;;;;;;
5048f16e5aae587cd548a70b83dbab99;;;;;;
9105b1430570ca2886f5a8568f22e335;;;;;;
9bb17bb09431d412ebe2ce38a59f112f;;;;;;
1b15a18bd444a8479d485397fa9330d9;;;;;;
2078c23c033fbc301006d2aff97132f0;;;;;;
9c628f54e00021495cc26b3fb2053765;;;;;;
1d8b2be14629c127ae97833d27bc9f73;;;;;;
15a1c18f434dd5a18864077c09f8b7d1;;;;;;
d71d15e20691c11992e46198e88affc7;;;;;;
e967b5605df633bd3e480e029aa5e2ea;;;;;;
27c6e064b066ae7ef3a642113c816bbf;;;;;;
0b971ebca0f8115e8e80e42bc4a1c645;;;;;;
a7938ccb09c51b0fecf61f9c105bc9f9;;;;;;
70c821989d21e4e048f6238bf29e215a;;;;;;
2856689e8d2e2c296def12b8952976b3;;;;;;
1f0ff95e5d4710cbb10d825b2435e9a1;;;;;;
c827f7952974f5cbc27833b9d545580c;;;;;;
588b0d5379823441bae52df43a026eae;;;;;;
4948a061441d08d5695d6dc7875551a8;;;;;;
d0000f3bfa140394eb726097c8b4e318;;;;;;
99ed772f1ec3300c60ffa074ddb066c4;;;;;;
b1f2b22251e6ef23e61ac2fc8bc1999f;;;;;;
435787362595ab5ce4bfcb371e5403cc;;;;;;
076577e6bd63abc87cec81694894fcd7;;;;;;
1a6d406bbc300a93a3c23b674be30f9f;;;;;;
06386dbe04623ae5c86f60bc112f9275;;;;;;
8d3c94f513c8eb0a63b03682bcdc8918;;;;;;
44391971c0c0f50ae2bc4ea3e470b04d;;;;;;
67b296156991184a83bb6ff95642b07c;;;;;;
b0f25f5871a44e461cfac341033666e3;;;;;;
a9cc7ccbc00077b66ef404de8e993f91;;;;;;
fe72384356cd4afdb09437fb20a73447;;;;;;
bd747a6cbc7e53ce2a662eb1eab60d8a;;;;;;
7e5174f1c9573e27442aa2ca70ac8080;;;;;;
84a66da72c43710f0bef045069bba31b;;;;;;
85d3965d05cf2be5852af1f574f9e126;;;;;;
f06cdca684ac60a1c251ca5f86c9b2c1;;;;;;
9a699552aed4cf53a55ff7a08a61fcb9;;;;;;
c1b1723bc39c8c093f38d183d4b28b07;;;;;;
de53a8853247f820ee8198351fec158a;;;;;;
f5963d8a4f010bb7184ed05d999853b5;;;;;;
24532d2874bc6c1fc2e347552e134806;;;;;;
da25603a933d42592dcfe5a1fbba0510;;;;;;
bbd34d08f5a35940c602dd379eba02fa;;;;;;
38fbaab330ce0dfe2d7189c0e7422541;;;;;;
945fc76fdb4d1a0237407f0bfce831e2;;;;;;
772b8a42235eadcf37d065c5914a8817;;;;;;
c166b7c66533776d069a904e9ae4643a;;;;;;
64d3f936ea61b24ce4159c68d07fc4d1;;;;;;
9fed2a4d09ece68b3951ff121de9459e;;;;;;
af5f029b193465a58841766eee8e8bef;;;;;;
e7a0d2c262939f9234fe9318775abdd5;;;;;;
8a0a282a2803d6f77bd181e923c73629;;;;;;
167a3f1f33c07b9ff8f798dc53ee06fc;;;;;;
89b37030a78ef798e7b35f310273199b;;;;;;
e29eb967b1f813dc54bf65b7dae8b129;;;;;;
872e6933b2defafee3e5a42f0f45dd48;;;;;;
5af3cd1024e5d23388f2d6e1e64dff70;;;;;;
2dfecbef20edf5ebe9f8f87d3f1b863c;;;;;;
1c81f615cb7e670ef3576373c91935ae;;;;;;
fd70b19eb175e9f7b765781bad040519;;;;;;
94ac48a3493e8902a7808a8eea53872f;;;;;;
6989a7e85cabbf2218824701ac9263d2;;;;;;
99f45bee2bb63ff211ed54d26c0bf0f6;;;;;;
f6a1ced008e01046b9bd00a649094b30;;;;;;
ae8d29962305e7ec0033142f1a0f1f99;;;;;;
e3b6b69930669446be2b3aa0b1c15a35;;;;;;
3998d6b7cc9270083b9702e3a81a4ce4;;;;;;
433c295c7a7d408a7c33b56527be498b;;;;;;
b3ac8fbe8d6062fb1c3a829b48e982af;;;;;;
6e3b46882a26eb08f36eb66fbf038a47;;;;;;
3cf4708c10a37c3d6fef7d3e4ae93337;;;;;;
c6cd12323d346f800405efd114464325;;;;;;
dccf59590021b63830f47579e95a2c16;;;;;;
8c5fd752639a8f202541478e7c73e799;;;;;;
c504e5fb35ebf2f67d85bcd96f07aeb0;;;;;;
936de266c785753b01a0b86ef1266b31;;;;;;
ec22f075e70a3a8b0dfdfa8a4ba2b685;;;;;;
dfcd3ae1bcec4988a0043661c712416b;;;;;;
468d52f65c2a2946c96ba2b82d26099f;;;;;;
ed40192d2131425e8cf447a37201818f;;;;;;
e44940ce0deca83b43e5d732ec253e86;;;;;;
0489e4a2cb80691a229f4886f861aaba;;;;;;
8f6aac3b3385a855f2a432334cc55678;;;;;;
2b0452950a0a1ca354736631faf8c50c;;;;;;
85939b3814c8e4b56df918e23d517688;;;;;;
9b16f3c020f278edb69bc7e1b21dd2fb;;;;;;
81bedd634da77b4f643ff25ebd549817;;;;;;
c8b12568211e18c759db726b08730f78;;;;;;
803017b2f30ba738fe7aa0e134ed4108;;;;;;
e6f5a474683afc30f66a096f86955fad;;;;;;
3b6e22c515669a30f7aa49d3aede8836;;;;;;
40d70853272d3f21fc16384f2495a0e2;;;;;;
1fc66f81958afa7bf5d8f4aea0af63b8;;;;;;
0819aae8389b08c22a6e018889cd8d0c;;;;;;
cd116f935047d7dcef323a76dba6600b;;;;;;
0889c449f6da5cb54d77a5c0e78c0ce3;;;;;;
0672a99e38ccc9798f052faf56df2021;;;;;;
1e9f489bb58e0914bfd87a55f9905db2;;;;;;
78fc883d42cee38aad5f570507f90ce2;;;;;;
a0c1aa753021ef7b544707b744883167;;;;;;
abb79b1ab09b4f8090c4be8e73135c37;;;;;;
c8b30caa3a8966ad9b32c620f3befdd5;;;;;;
8629d1a4c3502c3af0ddf9cda3bfb069;;;;;;
c1f7578b74ae49930066296007f82f97;;;;;;
c16de0c85f1b2f736c4100abaf75fe51;;;;;;
447c95f3f1472a9ac5c5c7b38ca4c4a5;;;;;;
2e769be566dd3767fc453b6c1696bc68;;;;;;
24241bef5053c5a81c869ec0c32ac07a;;;;;;
5e64b33169b62d25e4487256f8a04e80;;;;;;
b7eb19c65edbc1807810e4ee1e430325;;;;;;
b0efd32879ae3be649b3bc6cdd758957;;;;;;
ed60f82f557c62ab896bf738542ab517;;;;;;
b40bf609007723ecd153201a5e15438d;;;;;;
85e110ce5b6841e8c479f3b706eb5a3c;;;;;;
714e6d4d5b964bf84f905438a6ab14d7;;;;;;
6fd95f114f4fe1323be380148686a7bc;;;;;;
c9fb8d174160106b79d1bf705acc64ab;;;;;;
ca00ab1fc1eaef9f1358fe8e80300ae2;;;;;;
130471f383f119c168688ecc5f835c0b;;;;;;
a082fd940c61d03c68899be2518318a2;;;;;;
5a5e9db0a8e0af27c8b63b3a2dd26f50;;;;;;
61c8262dc996de3aadd1ae571f62314e;;;;;;
4377c002fae82201ae841dc859b4556e;;;;;;
3e5b2078eb81f76f0b24ebb456fa5d01;;;;;;
f4ce5ffa27e6aec90e4112929fdad4c4;;;;;;
ee25977f18cfc13b9d4bc3d6d5b0d9a1;;;;;;
2958914fa23abeb921f97e675425f5e0;;;;;;
7a0fb717f3e6cc4873a27e295a0c3a5e;;;;;;
e15a4233309bbc0c99abf8e9baeaa71d;;;;;;
03b94aa7eb11611c07d5a18911fe7d98;;;;;;
249fd55452a27464258d0ab400f0d38e;;;;;;
193b53cd2eb7c14e9f71b05a1553d45d;;;;;;
51e72c784ef68ad5f348bde0eb469285;;;;;;
25cddf1dd58d24891bbc06394e29bb50;;;;;;
6ead08b91ab0dbdc33555ddedb4d2633;;;;;;
28ce8702d83b2cb449b20449fda0d25a;;;;;;
9389067427dd5698e35a33a1555c6d15;;;;;;
b79f083d620c3f2ab872c1a5e5319906;;;;;;
8659330ce5768242b732b91f6c8b2d64;;;;;;
1e05a3d3acb389460c7f494e3abd9e21;;;;;;
8005d80cb70c1b24a464adcd53cd1c62;;;;;;
e8a974ec2e3253578f9028404d55726e;;;;;;
40a2cc147c37f84530b1df78a2573968;;;;;;
1cd58e1001858e4fbe76095648f32123;;;;;;
34702ff391e61719980988dd267a0481;;;;;;
ced99761954beacd9ddb44b4ae6924f7;;;;;;
174cfa63f9df4809d68b5e29d5e53621;;;;;;
308d84d3d5b7f59913588940ae52ad25;;;;;;
2d91d39494c4cb34dbb0935a630c7dd3;;;;;;
b8bb2d9c11062a68429ac2a90fca67bf;;;;;;
85db5a07390bdb1e70f6ef1be7676672;;;;;;
28cc4d57e6fa5677d5d7d3d9b7ac994f;;;;;;
93d10c8382f7cb621a353de0457584e3;;;;;;
a3dbc66c949a650df9e876ce43ce5699;;;;;;
b930891af4c4ffc637fb9adb43fe5b1b;;;;;;
dc34121227e92b81f3acb56026f221fe;;;;;;
401456a205565ba15c0c7f16aabbcdd1;;;;;;
450cc70d32975f5a302421a5f908e369;;;;;;
f148d45a16c8e3e2965b359b2f19c4b0;;;;;;
c9db9f0f71d31f32d799a5e8493470e6;;;;;;
d6fd6310e633790ea8b8f17b5d620eb1;;;;;;
4baa93422bd525169a582458df96ca92;;;;;;
15c027effe4f3c86dc86a8c61a2fbaf7;;;;;;
7b4dfb870522a3b9c78089e165990729;;;;;;
becc1d3f04d2f8a0ce35f67c19d0c542;;;;;;
25fa4ccbc62ca320be0b2838552436a0;;;;;;
b153ccd1965f4f0f7fb3098dfa293141;;;;;;
0709f3c4c522c6d7dfb25499fda5b983;;;;;;
3063432ec5090f1515b2929322788ab4;;;;;;
650363ee53ad827cdc95b3523591dce4;;;;;;
2a5602c613fcc898684711e0ed212b8c;;;;;;
f37fc6e8be6ae0c4d23c96a9af4b79b1;;;;;;
87471b7b74ed2dc1542cc0761c0ed3a5;;;;;;
89cbad60f8014e2553ce6322283da4a5;;;;;;
46fb93a0ab118686793393c25a35bd51;;;;;;
2e2bdc50600383a01981e592f3ccbd82;;;;;;
e7ab9d6d9a261c358ad75846693eb416;;;;;;
19fbfe51fcd0da827883ecdf77d31564;;;;;;
c42a4884876ecaba845a3ab689b2ad46;;;;;;
2b915e80b8e26e7b2baccf37ab611910;;;;;;
59969ebcb3a485ec0680082d40d66f14;;;;;;
99711fb490ef8276b34e04f5c54c9077;;;;;;
8db0013329eb10a03feea10d4601bd90;;;;;;
84430cd8842c7fe207595a131cf29e99;;;;;;
3487195420fa96fd08792f0fd69867bd;;;;;;
4f38d01206ca3e98e7d73edc53392958;;;;;;
68f1c6990231b7031129a7504aa06e7a;;;;;;
41f1b31ce6396680bd484e968ef8c061;;;;;;
f48d9f093fd49bcb4fb0a4422d9bc863;;;;;;
4afd96d2d555585e2658266a9c319e63;;;;;;
9881f02a47fdadb86eabb01efca4557d;;;;;;
de061d534cc0ead0851800aaa2cc2376;;;;;;
ee76f72a8cc2dc05d9967f5c00d6245b;;;;;;
846a5b5f843b27d0c6d19d38a0422d0e;;;;;;
fd97c0bca4282d30fcf9c2a36de1e45e;;;;;;
785c6bba80663d32662fcd4d0de4a831;;;;;;
32f81c841a7757bc419b05608c2ed0b2;;;;;;
dc7b3d7c4de72a3bb024e11ea10cd15b;;;;;;
b4df82e8554d37f01370c2b9ce89eaa3;;;;;;
a453752c1183513f96159674ddbea0d9;;;;;;
3d0612a9e601454a43b9fdbb8afbc153;;;;;;
e6f4b0317a85df252928204aadcafdb4;;;;;;
d387e1c2f0630c09c05986e4a8a86ecb;;;;;;
890e9b356a996d169a51997ae784ac37;;;;;;
b86274165504e134bcfdbbe7f658e876;;;;;;
5a3847c7151641a5649acdc3eb90e514;;;;;;
b65c6ab921a367a9702428b04bd9da8d;;;;;;
ddf3cf291dc3521de3f2327aa79ca7f9;;;;;;
7bb6a001cd964582a78842ef30472573;;;;;;
ad864ad0ae233d68591942c3a605e8f1;;;;;;
bcc284774e4ca532beeb9f927fabd26b;;;;;;
bdca872793e0577c2b186ffc2744c735;;;;;;
a69955b83bbca9f8d5d2947f69cd4cae;;;;;;
06c709c99d46f689b0355ec0ee2fd636;;;;;;
41a2f04ba70d8676dcc0d7987910afbc;;;;;;
ca90102aac20ff07a2514fea4c1827cc;;;;;;
933237ac7c83f8502ae1cf3dbb85d0c0;;;;;;
3f1ff5242b5ce79f0d764c6d200d6aab;;;;;;
4bcb2e515e03d777f5ebf230b61a5260;;;;;;
a3476d7589e8a07be63b87e5d7d4ad64;;;;;;
cfeb4b69e630f3c1eda32cf2130b9496;;;;;;
dc91cb308c94909233360b08ed59ef89;;;;;;
9a4627b9dd2cd962e49219fa5dd00803;;;;;;
77f26d2488d3768c250eb22f78ebc414;;;;;;
1a9eefe371e5aea1054c4bf202c9d703;;;;;;
e236849ecfe5729d0bb2628beece6e8d;;;;;;
fcfa711d5646e673610feee7907f03e1;;;;;;
bb997bb502ea8e7003f167af834b0c6b;;;;;;
78441d5065f8c45a67960f0d3b6a975c;;;;;;
accab35fcf73dc29ddd2e0fa088694d2;;;;;;
868329ace4ed0256ebc8fba2e02291e8;;;;;;
67526e9be8516b19b69ffcd0e7441ba4;;;;;;
466d293ea9f33ddc035d8a82d3b84bc2;;;;;;
50f21578c0298f6d8bc62205b2020f7f;;;;;;
d40f49075a03e42cd444936f0c47ec9b;;;;;;
193377085dfc683af913f5717cee2e79;;;;;;
b33eba39d31c0e5b8b71e936505b7525;;;;;;
c37d6c975115d6ab964e6f86442fbac3;;;;;;
33dcd1241b6e007f256552a0b4cde7b3;;;;;;
ff538fab5300ce826601121bcd29d3b9;;;;;;
2f18b1209f4d89f5ff598e36f4a84152;;;;;;
2110788e5334716fa50473359ffc0a57;;;;;;
ff7db50c7f3928bbdfd0cd1ecd8bc663;;;;;;
fad58b449409669637bcc753c02973d3;;;;;;
a77b60744c045caac2af856315b47e58;;;;;;
8d1d9e6b56fa0c3c8a0ed2a8fe5b0be6;;;;;;
002d13a31656844d897aa90044447cc5;;;;;;
6871c27f097f0aec13033a9e8b3080ac;;;;;;
f5dd288d209557861c36e6e484777710;;;;;;
de1a9cad02891ef05da87aee1358ea92;;;;;;
5483003a139a74e62032d39d51354767;;;;;;
7858ab1d0ee3822d7df2c3e93da4485d;;;;;;
03b482ec842c4fc36fefa8d39f46692a;;;;;;
8386c4bffbe01e7c7c89e63d9d373051;;;;;;
60129b333770ad3a995197e9f527c8aa;;;;;;
d9ad3ebed450a018fa80d9f422fb2492;;;;;;
8bb331f3dbd859e880ab073fc6b2f1ce;;;;;;
b868893f8c47015c83334db2d9e43b77;;;;;;
a57e2928d14746d2e8c3d4f7623ba1e2;;;;;;
8cd7600e61e800d09708663571b6e7c9;;;;;;
4eb197cead655c82378166c5ec6046fb;;;;;;
48f19a6a863d2f92d2a633f395ead1d4;;;;;;
701e465f408d9c9ca390342c597eb69a;;;;;;
b15408837a0ec11e92ae7b7d630a6f45;;;;;;
ba1629a91e0b47183244aa96ab21698f;;;;;;
33a4b733f24de3264a9d3de8ef737f4f;;;;;;
c120045ae637f6ab491d9908d072175a;;;;;;
d4b388565c617c9abb2fce03b5e2771b;;;;;;
6dfab42ed793ec732e2cf34920d52db3;;;;;;
e79797fee08732ece591ed0f41b03ac6;;;;;;
8db1fc31cac8fe0ceb6ba1c69c7a73b5;;;;;;
c47d1dd0c6c0e5b362c083755d5c2324;;;;;;
1fb55bd0d36b621f920efff6e20f5999;;;;;;
26afbc83db202d115d17b2475206d3be;;;;;;
de6b81be3d465dcdda9cb17b5365c0ca;;;;;;
f877d664e6acf6f2ce2e850225a7149a;;;;;;
5d3d506dac3f4d5e61d1cd971b428c21;;;;;;
9b2955343e65d30c2bc86fe251d00937;;;;;;
cea2a9a0483ce072b8911cf505b2eaab;;;;;;
e1afee7d88da6157be6a0876009c864e;;;;;;
f14cc91090fecbe69103a1216a4431eb;;;;;;
276ffe37e03f9625a236c4f12ae56cd6;;;;;;
148862185604a1f77c61f932c6b87f3f;;;;;;
7a7ea314d4eb27ecfb7fdd42216b7fb9;;;;;;
890500a19d6d2d579d541b006b7dc858;;;;;;
6d4df1d7c1b8a98152c394331d1a07bb;;;;;;
dbb6610e52532ac2e1e13b276862cffd;;;;;;
57ff6bdc2e2ced2bcbfdcd553db33d32;;;;;;
5cd2cf1952970be4a54e11d611ecb88f;;;;;;
8ef74db9af44a323ef4eafc8574e6898;;;;;;
be975b8e1b105bdfb25a8404ed7afc04;;;;;;
98e636b56c12ead305b4f8ca4f96de59;;;;;;
84416da92d4d7c7834eb3b6e5b68f5c5;;;;;;
b6a6ebfcec231f88489d6e506b4a50ca;;;;;;
399abef78ebb31cfd1579e8cea1f47a9;;;;;;
e7572de820dbfc6e367e9334f7d89d5a;;;;;;
82e055d652db2f5d077f353aa6befb8a;;;;;;
fff95bac2c536d8f455bb633640a1a32;;;;;;
abcd860f2a475c81b84f8ef4e714f783;;;;;;
0b37002b853efad43d5d35f57244e0b3;;;;;;
c70739aa937bd3d24996af1375f2f008;;;;;;
bc70ec4c9e1e8d6113cf1faf3f4884c4;;;;;;
5a4d067eab1ac993cfb4dac57ead0463;;;;;;
d3a4331e5a8dc663b055e8a26878a272;;;;;;
0a603ed229581c6d7d3cf9e29e2c5e6b;;;;;;
4d91b00a42ba4c710e5d292c751e9889;;;;;;
7cc441a9c57bdf14c33b513bd1d61c95;;;;;;
b4b2e8fb875319a8d6c5e9078d5b00ce;;;;;;
1f34660f8c7954d07340d261f7678444;;;;;;
c9c6a583ae8fb81dca152b681ece6137;;;;;;
4eee73acdfb79e850e445c7118c9cd6e;;;;;;
2428db4540564f4fd68d430968332629;;;;;;
8d1e45501efa30969717a4e40c1e0f9c;;;;;;
56174325a9e390e37a20f4735224b28d;;;;;;
15c18b75c7b1029ad122a28239b3ac4b;;;;;;
e7ee0c8b3d3bf8ac7974fea595673a84;;;;;;
88e2ae2b1fd71842cd62bea251a95200;;;;;;
6f6d18a6f3e854c32f1989a34bcac2c1;;;;;;
b9ec7b50fc775bfe5e4d95557c312ade;;;;;;
d9a9e6767abdfb92ffb52af52c04ad2c;;;;;;
c4629fdb17caf4498c2f59d5ae93e33d;;;;;;
c02320ea220b78207b2c81ecc6743d80;;;;;;
86892ff5f4e7b0565b446d1bf6c8049b;;;;;;
a4a3f559191ceeb97878a7a15d662db7;;;;;;
a53f72e26ed20af90d92a4d97e2c0a55;;;;;;
076eb500e064c3e946ac4b4d558d5eae;;;;;;
ee84143edaf796cfdfa9e3fb8fab707d;;;;;;
2dfc1e0dbaae0fb4c8dd8a115e33fef8;;;;;;
bf1538879d91c68561e11915e5c9997b;;;;;;
4794506495a92dbdce6154580a65b671;;;;;;
8f73a145b2509218cdef35b3dd279f04;;;;;;
9c29629ad4cc7b26f1a58c085ab611e6;;;;;;
813614e88e5c197303405220631a1eb1;;;;;;
1e1caf7fda6d4261fed0e5ad743348e5;;;;;;
ab401aedbf118524ea23515cf6e7b73d;;;;;;
d4d6b64c9467cadc7dff82060b9d7bc5;;;;;;
ae0c3e716435ecf26642af1096ff9276;;;;;;
b428bd6dc8861489954636b10efb9f61;;;;;;
03ddece1832ebe02baf88fa96b80943a;;;;;;
fc6b2abd59e94a1f6be576dd30f88b21;;;;;;
96f7006743c85a124c9346cd75b49263;;;;;;
59c27f32588d70b31485400b1bfc0397;;;;;;
5b371475f107ddcce02b0c41f150fb02;;;;;;
47ea4c97a56e5f49037d1b4b2828f307;;;;;;
55bce2ebaca017c2ddfc5f1406d2176e;;;;;;
cc8b270909fcf4a388781c49f4814ced;;;;;;
a07d5da6b3cd92a964d692c30d711847;;;;;;
9a85f3f6efe1dde02f27dacb27c8d626;;;;;;
6b035e5e23c387d570003354e89cfc3d;;;;;;
b900e2f1413655c660227e2eed217174;;;;;;
89aa49d89aef7f438883a43682591da4;;;;;;
cdef8529d919410a3e2334be9dfa9ee5;;;;;;
63b4a250c9bb2be7293e7cb2768201c9;;;;;;
0b23cccd253228ff46496edae630ed8c;;;;;;
0b14effc3ca4739d7b307ef49ed4000b;;;;;;
d509d6613e733e4b1e29fd28ebbf4f65;;;;;;
7e3a1f3c3df43fb003bee1919fbf70f4;;;;;;
3c9471747be9a3c2d3dd96efceb698d2;;;;;;
77ccbaece350356a965fc9ae96ca7688;;;;;;
97c4864d04141fa1c5163e054e1325cb;;;;;;
0d2b4b09264fc3aaa4873c8973bda1f5;;;;;;
7ccf32861d27d2cff92c8c37b728150c;;;;;;
77c6122033c7c1a313a6307227b20dc9;;;;;;
2d748ac5fe0c8879342d6665f6b7eef2;;;;;;
56077da1b3d8d029661a82926db1e665;;;;;;
c21490ddd7fdbb52ca2233fa5e18ecc2;;;;;;
dfc7b7a04b71cf85b8451f6cd3caaf7f;;;;;;
fb34cec7e0f3adb025938b84a44d279e;;;;;;
8279de8b3a0f4e4177cd8bc73ed0b372;;;;;;
5ce365e9f71579fd3045649e55400454;;;;;;
71fb4eaa3a9e8eae8f2ce0502eb9452d;;;;;;
997ebef388899fd40aad26e021e5373b;;;;;;
cf733e67163d5e8ddb7d99c90102c8d3;;;;;;
fc8e87cc03d17c6da39fe54ce67d493f;;;;;;
df8dc0cf36590e339457d1ff5edde539;;;;;;
3d4fbb009f6507921efa2e9b9181e2d2;;;;;;
f1d3c3d86d6adfa8945a53975be171aa;;;;;;
03301038c7e0d59417f44392b6743a69;;;;;;
5a16018883f9f22af0af75262983dbdd;;;;;;
35ce08dd50d967cbac3e3f069595b148;;;;;;
03486104a5cdd8c0600f3d9a8e13e201;;;;;;
60167647d837e57e7dfb1b3174037fc3;;;;;;
be16a46c648e7b2851adb58940fee309;;;;;;
f8e5dcc66e271baab5bcee5de361609e;;;;;;
c395d1c171106fbd97c9f154361a5124;;;;;;
6c62e33fa2676f475593e4fe6d72d0af;;;;;;
ba4ee2cbedbe52169b203aec0b3a7ecf;;;;;;
85febf534578b1fe8d868ae11dbda70f;;;;;;
20aff61500c89c44af65a779151081e5;;;;;;
5891469ec8dbe5089a8c4c72a10ecad4;;;;;;
b7063a998b6783fbee1581686a8b66bf;;;;;;
8995a0d19953850ffea812d29181a2f5;;;;;;
9475651769beeade909a5f689f547120;;;;;;
34b2f96d85b574cce4eeb8fbb770cca0;;;;;;
ea7b37c908e23ca045d8a27b1dfe9917;;;;;;
da6859414e056f506787485af2e83539;;;;;;
3e7ef8b0e039c15d86805b3ef0d104bd;;;;;;
f330ae4257bca67315be7232f2a5e5ec;;;;;;
0a2075e0d988cb93b99723620e16134b;;;;;;
54ec34622b3dd3bce062289f56a1caf5;;;;;;
bd84627635b67bdc23d0598255da56f5;;;;;;
fa166cb44b34b6a0b456812cd223bddf;;;;;;
a4ee0a5c879f685a2e01b9541c38cd5f;;;;;;
abe579d6638b751c9a842f6f68ae317e;;;;;;
034b81ec1e08cf47c2b2fae894dc47e2;;;;;;
2381d36797e93ec99243e8a1494c1511;;;;;;
730aac07849e745b68bcc42505453b3d;;;;;;
a750f146d797e26750774d23d8f5131e;;;;;;
c181f0585c353482f64c6fb84f7da8e1;;;;;;
8e7d5eb634d200015b44115f031998f8;;;;;;
6e3cf1f0b25aebde39dda0208ee8ddfd;;;;;;
552a642c0da89226cc7cb81aaa5e30ad;;;;;;
279f5779e19bb9f63bb0aea60f255e64;;;;;;
7ea8b113c28d8852c640652f3b665d96;;;;;;
3d2c9ef188e642b62f6acb9a33f88961;;;;;;
3229e1e7e439e48c9dec9ae7485fe367;;;;;;
44c0fb31e53cea09e5500aee85bf8bf7;;;;;;
efa4bcec9ab7e08a56baca2de7c6ff19;;;;;;
cff8fe36b47ecf07f8d1ac008d6c740b;;;;;;
f2b69f669139e60ea8a6438a74648b2e;;;;;;
cae0e1fa19db364e1ec6b6ee15bf8eaa;;;;;;
4fef886c35ea8f8661a88f0f2c0f90a4;;;;;;
b9c94ff28397c6baa5170662d74335b0;;;;;;
a886fe7e16e6cb506e9c8b8fb943ee94;;;;;;
e2c6279c3fb847c755ccab6524bf5abe;;;;;;
ea8dc160fc5bec3710f129648c2a7925;;;;;;
1acf06daa9af70e4360015ffc3a4680c;;;;;;
97c514658a4a0f621df91a34888539c9;;;;;;
841475d17b8936ff4f61e1f47b051e4e;;;;;;
b38cf45f3d52fe4766fc0421e14b2245;;;;;;
6d5a51c237307dd12af217b0188cc293;;;;;;
79f7cb703504ba676219984e2b799691;;;;;;
64f598b6b7b0a033582296c857768ccb;;;;;;
563ff2db19968e56c56c8cb6a944e7a9;;;;;;
9524d7f8227fdb900528bcb439b96cf9;;;;;;
636dd21e01da111a77407af6ea073075;;;;;;
4d287e658668d7d3450a0c192e58a4c5;;;;;;
77d6f572f11d315dc9a5cd62176c29e4;;;;;;
dcb9beb1201a901eeb3c60682550f198;;;;;;
97e5d452fbcb01f57a91f34fb413f0a5;;;;;;
a53419909930f681b491527ced70feb1;;;;;;
199911e11d3fbf22b423d86be1066918;;;;;;
3eefb0878300110da530cb1ac0ed3b5f;;;;;;
638f4fc9e73854203b08f7fc557f95e3;;;;;;
bf388252237cc5893bfba55851813b89;;;;;;
49122e031d729a4dbb6932ae620a912c;;;;;;
d8e41ed727f2428b8fcff8f011473f10;;;;;;
910ca2e7d67622f4e8cf27418ac5a088;;;;;;
26e52502131820faadf4b3d20fc5cfd9;;;;;;
43b705ec07bc8a0820b5d51500e164c8;;;;;;
a58fbd1cabbefb013dc9fbb51b23f2dc;;;;;;
b122300ce2a27e07ef48252058f7c32f;;;;;;
ecd382c4cb57de52416c1f2976f6c3fa;;;;;;
515dde832bebf76423c55a6459d7a680;;;;;;
260323fa33ca0bc4f97f5465364bd914;;;;;;
baad546716b05fcd15d42107fafae817;;;;;;
a8c8b6fa0b81d15d049c9193fef4687c;;;;;;
6fca705873b01a7326c4d33ba6b07a7d;;;;;;
dadccdcc5780041df387f599655b1e4a;;;;;;
c8e683cbec1ed769f1da70c2f26bd6c6;;;;;;
47ca647380b5ad5af04f01fc338a5e1b;;;;;;
fc5a3ee806d935cd755908b982c7897e;;;;;;
d891458b498e8a1f442780f0aafdce6c;;;;;;
bb6a3010a5c93a01fdd10a0050b1c106;;;;;;
f85a6646ffb3f82100b93e3d6f66fc92;;;;;;
1b9eec64a35aa03d2ac88ec15eb02547;;;;;;
a177c65b281911c29c1c696126afdfad;;;;;;
0594658ecfeb0d9fd4b526ec6e54880b;;;;;;
057127d3e28512cb7e62637c8c61f484;;;;;;
cf9f89191227e33310fbbe1a629effb8;;;;;;
0f4732bba698ef57b541be73063a10d0;;;;;;
2502d87267c4b6c0bc763a39958c7681;;;;;;
74b6e742058e1ed0c02a11ed3a162cdc;;;;;;
83a1a05292dc54c946ea7086d980496b;;;;;;
fa6fd62c8bf504e3c4d1ba9495a0b9ae;;;;;;
81d9aab5ba16b6885e17dcad5b3da01a;;;;;;
2c1953ebca6a7ead43136beab5af4ab5;;;;;;
86bd4aad5f9d9a422d71bfe167703b29;;;;;;
8adfa12c454fab0848b5320c6177ffb5;;;;;;
2982490129d205e4be641e42ae178a4b;;;;;;
24ee58c13815cb7388da16734794f01b;;;;;;
66d164d4b2da59f341f0e5775f17faec;;;;;;
345f041c3962b51a529a6e7501131356;;;;;;
a26db0b758b2872f6471ff4297c422b9;;;;;;
77105e676e81842fd027bf2fd97c536c;;;;;;
700a1cced66f5b76bf8e46493ec30734;;;;;;
0825bab0aedc8bb48e87d46a2112d1b7;;;;;;
4e22c64e02172e572e678563ec9a94f5;;;;;;
b9259fdfb7a76622796b87b26c729bb1;;;;;;
863c804ac7b2baed85ffffcb4de8838e;;;;;;
f424956e2a2971ba269701f4fc53367a;;;;;;
fb03cae4662d0502016ab8ced78ed222;;;;;;
63b92d5717a16d6b68177a1bda6f25a8;;;;;;
8b3bac5445fc739f9d7c38929dc7848b;;;;;;
5c519b592d6a5684f9e0994ab01c5840;;;;;;
96e9519900f91696fd5c1d41f0c01fbc;;;;;;
5368fb2d8e5a514d02e52e12626356ce;;;;;;
cc1e187261454c78ab8d0c4e730eda68;;;;;;
a0ca9bc90953def3d3b58b30cea899be;;;;;;
0b13dea6b63e5f89f2d111ea9997ad3a;;;;;;
0e91bb1f9fc28db6f28d5daa195093eb;;;;;;
f002b3e3bf0a6bd8626d33de0a021671;;;;;;
5bdf154d664ac535ff8c83dcd0a6d95f;;;;;;
cd98f2823821e6b5bd6206382704ea90;;;;;;
33e3969305395f94793656b595a45f79;;;;;;
e4e1d1c1a5fd56eb2e01623bed1c151e;;;;;;
8f7c46eb758455ea751c1f9906c93af8;;;;;;
4976aa71664e00a954dfb94b2081e8f1;;;;;;
81dc4b6085862ebfd04e81c15b3adaff;;;;;;
bafe7b58cd5431db5fc3478221cebe4e;;;;;;
975afb43c462cda71a2cf60b269f97c0;;;;;;
8a2ade278d135c79f93b838f7eafa016;;;;;;
50879bbd524723d8194ff0ba6b47d552;;;;;;
e2a9e899b62b93a7678e86e5ec589316;;;;;;
8a8a391af365de6629da064ed42d130f;;;;;;
18c5a3f50149c0b45ea29934d5720138;;;;;;
d957ec9bf3706787098cb48f94c188d5;;;;;;
213c4b3d0de6991985a9d356c8ddb89c;;;;;;
53cbda716ec54c4fe20f9a04d6f52477;;;;;;
20f825cf67524cc859ff9fcaa93e6cca;;;;;;
52264e4cd8380db8fde7fe85986b5781;;;;;;
b7ef40f06ccd8f1c1a410dae0ed8759a;;;;;;
eb6ca4aecc5b6ad20b4c305d426d2169;;;;;;
3299ab20703596d8ab9e8f05ff581ef8;;;;;;
fbadd644b115b26de95f06d2040387a0;;;;;;
202614a55bbf261bb6c1bf7fde4509b1;;;;;;
436d37ed3fc58144237c3b340436ee8d;;;;;;
ec9edfebe0583d71f24a8df5ce4945ac;;;;;;
b57f5a1bbe33edab8a79e8c8384289f7;;;;;;
9b21e93941dbb56c0ac99d79b98e2662;;;;;;
5d13188441ea673ea93c479e08ff119d;;;;;;
0ce59799d98e443153aa153f2dd92f41;;;;;;
5a2795e645647bc2f851515a2cf68c2c;;;;;;
9a3797706101131ab4659671a9ad283a;;;;;;
d06887a7fb10fd6e8407930dfa7344c1;;;;;;
6751edca753b071bab1730f3313f90a0;;;;;;
af932983cb43f8f0ed75fd46a918a1ab;;;;;;
3d2b36b9f4bfa778302d44a21e01012d;;;;;;
c41ca60a4bd36f0a3d4e6944a8912b83;;;;;;
7900d24f287679533be8cb1a8073a443;;;;;;
e028c292e21af1245cfbf972edefcc1d;;;;;;
4272c36c9d28ff2cc2c73bfeff608d40;;;;;;
645244bfd026f2c8d41d0dd77908e51c;;;;;;
254bd82960060ee0e94fe7193ebd60ce;;;;;;
e9fd08c61382063d50952b0c7a36d12b;;;;;;
dca62ab0dcef83294d64552cb132b91b;;;;;;
0ed38348eada8cada4bf918a1b56c0b9;;;;;;
d750d700c3a2343b67027052f3e44de2;;;;;;
3ea1ffe9bcd6698fb2302f63bb1aa80a;;;;;;
e7be31f177bd994708826eb6696eb82a;;;;;;
54fd6e892174383f8ac696c2ccaa81ae;;;;;;
9ecbf89297c2de7d122d47d10f57d695;;;;;;
a1c3fbc8d624917242c019a87fe9917d;;;;;;
6ea34381c072288b18e043d2d3194295;;;;;;
61e341cdad928875030d75797b40d221;;;;;;
351cffaae89cd59904556b0dfedf5d74;;;;;;
2c19e30807d52a17277e2fa22b2bd981;;;;;;
3afa666d65da8d6ccd2a5c634a0cf236;;;;;;
3afa9b9b6019bcac1107c73e236da915;;;;;;
1389c70eccc433352e2bd678caf573aa;;;;;;
2d7ccc14d252869dfc9dd11ffb72b8e5;;;;;;
d8052684d828ef2a8d0a1f6f8f5bd0a2;;;;;;
0a63d57ac3bbe1abc914d8dc1de710d8;;;;;;
19e103b2bfacbafb7ad002fedf922ccc;;;;;;
84c722edfc40a1561485b1074f9a536c;;;;;;
01edc0f6a45fe3596a3d3e26867c9feb;;;;;;
f82686373a29bb26f74b2c5e73f97fc1;;;;;;
34fba4372823726a15ad802696563921;;;;;;
21a67d5c7fc794cd2de1c8eea2190af0;;;;;;
a3562070dbecf34ca45815d482473588;;;;;;
e035317271d24be2f05357359febb9ed;;;;;;
115a98c570fa0048d19e4fe7e5391b1b;;;;;;
c981eb266aa83ee3c9531ba94f21c55c;;;;;;
4a277a07188a281f2dd7963a4fd4eeb2;;;;;;
d1a128576caf0fb07eee3a56291d8191;;;;;;
6be607b0d346522dbfa636c3c83c56a4;;;;;;
8208675a5025c6ed9322ecc7658d6e2f;;;;;;
dab05d7a02544aad0affd460ebe7a5ea;;;;;;
e09d792134938f8c9c094dcb8d676da7;;;;;;
98b4b41d5af61cc21eee79d1026b6dc1;;;;;;
ff4f675cb52705672062b6868b9f1302;;;;;;
ba04b6ff7972cce3cea135fd3efdcba3;;;;;;
ca0873b969bbc26f19c19ef857484440;;;;;;
58d6430486a74166d908a8399aaa49f3;;;;;;
73131069d832a2b1f325db8b78e237c5;;;;;;
014af768f92a05af21d3da8fe5757d49;;;;;;
f28f90a5466dc3d0f3aed61fc02a2007;;;;;;
4a0fd49af3ae8ccb4839defa7e77e643;;;;;;
3ca495af771cccc548e29068960f0261;;;;;;
31a4d03b1a0d90d4bc64e858ddfb47dc;;;;;;
b2ca83a1f852e74e41c8abe201331f96;;;;;;
2d11e12bddd8f7b51fe169d041457fd1;;;;;;
fa1b37782f7e37ba8198cd72986b3c45;;;;;;
af54888a15d04f6c62606d221cb6efaa;;;;;;
3c3fc17f20af526bc86b2e7bf2597fa1;;;;;;
a548d699859b6a81eb4986c1e79b00fa;;;;;;
b7f8fd2a22b8f3a22a67b46186888573;;;;;;
29a71761cce43b5315810d2de27d0116;;;;;;
0173fd70f3937afec7e88b83dfe51a63;;;;;;
34560105c9432cc461de8450ca4bf9d5;;;;;;
647431a0f57716bf839b61a777f46e94;;;;;;
6b220b36cc97e8868906ba8205bf7b86;;;;;;
d1a27509927e135016dfbe6ff5baf940;;;;;;
5980c829c1b91e9931849291f4240b58;;;;;;
dfe00791cad12580169edef4b7bfc41c;;;;;;
7d2e0e5015c187fbb8d401811e543035;;;;;;
8d77d4f9af37527ac4a23a9c43b1ad1d;;;;;;
62b009c31be47f126c4145a24317d55c;;;;;;
e926637aa4664a8ff4f945fc009bd373;;;;;;
1da129f30363fb135bac347068a0b0e1;;;;;;
76e972b2bb4e782b32a50b5921148465;;;;;;
d4e70b0ad47682b1b7f913856ab0e875;;;;;;
9bb4501a22f2ca774993506da4c306c5;;;;;;
8498a6cac97c43aa363c29a13e8b63b4;;;;;;
01511ac689c32a45262b80f05294cfcc;;;;;;
e1dcc77090ce2223cb5f95fa19d564fc;;;;;;
bd4f10ca0f63239859d8904a56db83a3;;;;;;
b73e3aabef72f00e61fad3a84f6b747e;;;;;;
369c7cb09c52f7444607070157586380;;;;;;
a515099c1e507fee71f47b6284313978;;;;;;
65e30ec6fd0c38d456ffa67d56c4aede;;;;;;
3de260cab88fa4ec98df157d98eb5320;;;;;;
62e532c3337b6b391027accbced2333b;;;;;;
7c82fb967899206dd1644a9e39274d65;;;;;;
fb09b2b7bda9980175cbaa0a26f5d0e9;;;;;;
93007245f4ff9d5d56a977d480c8afc7;;;;;;
be6126028dadad1f4785da970e126b1b;;;;;;
049dc09d6b52bcc823df1cc09f1d0d2e;;;;;;
d63b62704c0f26f1bf66f5ad383f682a;;;;;;
b7885f68dcc3774a09a0a2ce2e1227e5;;;;;;
a959ca6154d63fc2c8d6d5bc401cbff7;;;;;;
2186600a544945a22283ad8c24fd546f;;;;;;
53c84e7d46ecb88ad826f5a44157e7f7;;;;;;
89f2296e81b485c158185bd022e249ab;;;;;;
392c72d3a83187495b7e42ed3a1bc68d;;;;;;
226e11c8813c797d8ed7fcd58b829a66;;;;;;
ec7bd42662e43ec48528bc2706f102af;;;;;;
46adfe2f248b78ac1da10b8d37058d85;;;;;;
b5aaaf53b620a26b2e40f4d7062d441f;;;;;;
1506425d6eb06b10b51102f15b90a2cc;;;;;;
7d6c68cee8dce4f11715e86deb3591f6;;;;;;
c270c4e31572a6b000f078d2537eb458;;;;;;
0c694786ea608bcff1cc74ed94d3687d;;;;;;
b9acd1e9e2c27ca4d66e2db963522b37;;;;;;
e8351555ba8f6448a0e740a8f2a2c180;;;;;;
65561ad284bf18e30358ea4831db36bb;;;;;;
bfc47ed1d5141da57c25de6a15e067b7;;;;;;
ff72c550e1270a7d8822b23627d47d04;;;;;;
7dd1b90741b019d5a794ceea7852ea47;;;;;;
aa2200bba2f8f7e0eadb1621c20f3586;;;;;;
0571f4a6fdb46ff9f4982230d0acefc6;;;;;;
b15b76772f9805fe9a56fca3ae529f9c;;;;;;
70fe1be5377834bf34bc539a0d4eb0a5;;;;;;
a957ce8818afe28013bb7ca0733d6567;;;;;;
7b04b96a2d15fa3744a3290782788222;;;;;;
319e2c0bb2e603d3b5065c8e7a140664;;;;;;
e5b9c4c829ee9114ee38fee1e4845799;;;;;;
1d68fcac25b580e5095c513c2a3c4534;;;;;;
b6b830bd91eb912ef711380132888f33;;;;;;
56a365e9b4c6f068788f7ac13057c34b;;;;;;
8ac1fc7a1481216c28ac43385ba07954;;;;;;
8c4886de37d9491c1fec166686ad94c4;;;;;;
f962941627ef5b1cd98d2b9ab9678115;;;;;;
9ef59efced98fb33293d11d4fea880c0;;;;;;
84b12ede6f0805903e7978b32eedf183;;;;;;
250060e40a2a94e77e22ad5e58b172c9;;;;;;
572eafde915148f259e12751842133c7;;;;;;
821e565716657c99a6456ce91ac8878a;;;;;;
aed28cfda2503602bd5cae6ae4239cf5;;;;;;
64a6962247d2a6206cb8ad75c9c5bba5;;;;;;
997997991659c6866d582a23170dd8f6;;;;;;
482ef6613c01b00463020ab5b3e5e193;;;;;;
a7238c3cd9f805f1a00d61ec73172a48;;;;;;
85887893817c67391177eff3153cf868;;;;;;
4365f6952b61e8fd268c1a6e3b9214e9;;;;;;
5dfa5c28c9281fbc8a6afc8b70df7a56;;;;;;
c40f6384e8e712e52afc3ffdc7cf115d;;;;;;
122f9285894e675d61d266f3f795260c;;;;;;
99f1341aa739171d4e2a45fe9f8b30f8;;;;;;
1667b4c6ea70468bbb2c81b08ec03511;;;;;;
0cba2e03ff45921497ad13117690c7ae;;;;;;
d2ab8f9ab48bb2ac7bb7677c06ccedf1;;;;;;
8c7af2971d84af99ab2a67045db57c81;;;;;;
3ec21274dabb6d6a3dd3c986b52fcded;;;;;;
162ff1f37b2f36ed9bdfcc33569c664a;;;;;;
60f4ecea30cf688068cdc3a66e4b474c;;;;;;
905e12bd86b1adbfad24dacf8d6d876f;;;;;;
d517390a3f33fd06c617894166dea8e3;;;;;;
5187b63fe846002fdd6982c53beb2ab6;;;;;;
b6ef960d1845fdf373d57e41514088fd;;;;;;
4c166180a853ef5d058e53bb0efd9f68;;;;;;
f5d9933f55fe04cd369d3de912cb07ad;;;;;;
82769fcaf2959864e76c52cf8b1d2a34;;;;;;
bf37989216048622fa94c41c261202d7;;;;;;
ee478c96afd86972de3fb24c5e0f2ba8;;;;;;
438742be896213de74b731bc7fa57c24;;;;;;
a9281b03c3502dc286d771ab99381191;;;;;;
3147c7416f6d94ce6742886aea8581c4;;;;;;
c66ece0b3aaede0ddbd49eede0e463be;;;;;;
af6f6c332c3fc245477b03bf4514ccec;;;;;;
f7bddc52e03a181e1351a421d5dd3bb1;;;;;;
5906c8e3bbc4dc6948fcaad99c586ac0;;;;;;
8a4e1ac05de1cd61f9896990246b1fac;;;;;;
7f786bc8b9c990e5c40700e0b3b146c6;;;;;;
66d4f286b45c1711b42096ff9fbe753d;;;;;;
f23e4693390d3a9923426710d287dcfd;;;;;;
c5d9efbb286bf6655431597af67fa85e;;;;;;
17bbc547aa52ef427691f98491fbfbdd;;;;;;
d32ea4c1ea3329c53f6327f9e057bb8a;;;;;;
d9320b651b129a71469c0461ceb79df8;;;;;;
e417dec87d249f49605c6de635256b44;;;;;;
43aac10161a3d6e7d72ecdbc1147824b;;;;;;
fa2e730de01152017c561a967f7039f4;;;;;;
a078422f9ee46c345d943e9663ff3bae;;;;;;
fa9e7e7668ce0931f06da4a247902e6b;;;;;;
e947f31d732af3ef18f139daf9be5112;;;;;;
a9f807739d4f04e9b6560feb7c0fa29a;;;;;;
1f96bf03a38644066aa35bb84cd4c337;;;;;;
7a91a24721f67161f4ae75f0be1f9361;;;;;;
608cc1bc4386309803690b679d3ed2c8;;;;;;
68c4736bf72055d2a1f2eff27828f11b;;;;;;
2aa6d738d551d4e59e1261f049dc404d;;;;;;
5bd1a27a114565b749630cc0e3ccae21;;;;;;
ca38d55bc5ac265e0c253d3bb2dc6530;;;;;;
7deaf93c74e8840404881d4d49695c34;;;;;;
3823782eb092481f05815f645e65a705;;;;;;
e6334069a5d402a43bf2154e05c7cb02;;;;;;
01e9f2a56de64c1d186f170d7602d526;;;;;;
f6b3d071ac21baf4ee5a59e85f63c8f7;;;;;;
10c5dab49e566341d3b72614381d6d61;;;;;;
73c7c0a99eeb7ff86d45a8611c8f50b4;;;;;;
98ca3ece04a7c7f317cfe6ded7169f47;;;;;;
edf618854173869629a0de6bade7734c;;;;;;
6d91989ecc6f7408de4ffbfb4ff2b841;;;;;;
cab720b4c10a7b3eacf0eda3ac968319;;;;;;
ca2fb5d3311b14b767627fd8cb53166a;;;;;;
0685c8beaaf47519d001f09633355c5a;;;;;;
fe6a3f0d1e713a8fd0e82f14ae720c42;;;;;;
11be36429d85be06e6f1190be0ab9ed8;;;;;;
9643c5fc2ab2e90c4a32b0b32aaad3d1;;;;;;
2b2e570605873b203ceb39a402011075;;;;;;
56f1894939e56645d1ed8ef1bf9ea982;;;;;;
059d00db5adbcad1edd4cb8ac8f5b556;;;;;;
97184f3a3d74200f85c6a186ff22a85b;;;;;;
32a74423224c31990a6ec6946fb838b5;;;;;;
22c7b5defbddfb4cd5218d603a98d64a;;;;;;
e301204c2d46cde9d2847e5838deb176;;;;;;
ab46cb752288859d6f693f9885257677;;;;;;
dbd768e6f4b8a513f452e8c96ce79402;;;;;;
47615b633ecb3004650a0f4a41949fb4;;;;;;
c11e6fbc1d417dc013551a3bc88386d8;;;;;;
6406372c54934fd9cf36d9454040f5fe;;;;;;
b33d7ab6e51bf783f7e8146a0d2fda09;;;;;;
aff1acec5ef90f5d5162aa9763eb120d;;;;;;
928b6d5f86e2ac981bf41c7355c8638f;;;;;;
67849e431af2d85ef11e4e2f82c7a53a;;;;;;
2d44129597e2a580d80ccb9ee0cdeac2;;;;;;
3f15c26ee5468e3bd965df3f220097cb;;;;;;
e6d293be45684dabfaa7c9b752c45f6e;;;;;;
28830874d8dcd165e74972ff0f4fb5a3;;;;;;
e263a13314feca710f3c1bcd94720041;;;;;;
b8db2810ff90c9516714d5af0677ee94;;;;;;
7b5f51e206b5fdd435cae91d7acc749a;;;;;;
275622ebf869233e4ae65d0aa9526cde;;;;;;
ed3caf4b74a409b1df54e54e770bc09a;;;;;;
faa702634898269f45c121d5beb541b0;;;;;;
d6494ddcfb3559b51ebe0752ab81286d;;;;;;
7057ffaf4ade6dbe2dff5bde9bbc3d22;;;;;;
f548661db9afc175d618909811156b37;;;;;;
9a16b7716acff40931c4d8d7a7553f28;;;;;;
98a7b40afed6f6d379782f33043365bb;;;;;;
3f3e4db7a7553c162659094e9e6d2338;;;;;;
68e2cd417e5b8e820301025cf71eeb0d;;;;;;
36c0711095151ec81e2040a10cd2a968;;;;;;
1a40bcca33e601d69282dde6dc429e21;;;;;;
62d06305ed085c6b385e82999c91f4c8;;;;;;
fcfe90f6150ab81d927edebc30e9ed4b;;;;;;
0ca935a86598e162dea8155477eb0998;;;;;;
d825519fdad240ebbf50101493cd525b;;;;;;
69acadb7374521f86fb0ef008ffa9251;;;;;;
ca84b176b4489d87fe01e312192d4913;;;;;;
e1efdf466b7973af9342bb020ec5cbd4;;;;;;
1756dcf9a49e2a379f18eb8084d2412a;;;;;;
e28056269d61e6bd9f5be77a9b1f20b2;;;;;;
e739b23ce27a2174215cd8b0b3ba6831;;;;;;
057cd949668fad6916142059097d60c5;;;;;;
8b4d7d7c52b1cdc0cf23ef0106d51faa;;;;;;
126f3a3edfb01e3d7671fad8d48aa7c4;;;;;;
41e19872e44d5572f610d9012f9aee44;;;;;;
9ed82aad1cfe598464c9fb8248ce4b74;;;;;;
922494056fecb3e5e35e8c19c023d17a;;;;;;
8e91f7d408061c998c156601906af789;;;;;;
3991c2e2d3e1032cb1fa4a842109b542;;;;;;
09c711ac07875daf95fabf24f012542c;;;;;;
847570d6ec58c8116eaedc0419a86c59;;;;;;
eb15c7ce51f060c46ee27ae62b93a67a;;;;;;
c61a520fe9695bf1008b4a2dbb037eab;;;;;;
038f8355672e5610d20cd2bdd31c34ba;;;;;;
1a772b4aea9b5d73c8d75857e9c56a14;;;;;;
2c35a262b5b7fad63255cfb03510fd7e;;;;;;
52afde96ebfe49b04172ecbc5d8eb42c;;;;;;
e387ea353300ca6325c486451c8e5f5c;;;;;;
7ce8a9502b731c6df2d05da41fa3b171;;;;;;
9ae1624b58bb8b87296e7f2ff014dfc6;;;;;;
81f0ec4dc35b3c2c4a4df08a026e53fc;;;;;;
7694beab22811640983587c823caa150;;;;;;
c828479ffdf5ffc250c87b3e8a2ea1ec;;;;;;
8ef3040489c08d92e7815f4a01a13ee5;;;;;;
8b488cb56d9204ee2cf5baf82049fa42;;;;;;
ad9bacf2ad407b7bb08f8d0201bb0c93;;;;;;
110397dcd9a96c2b9cbaa1032c718d82;;;;;;
a964e6bff5bc84483bdd0b1a66fb622a;;;;;;
cc4646eb19e0a31f8ec4c9794b258377;;;;;;
1d7d102d0de39a7fbe44515ab72f39ae;;;;;;
51edaa49576cc8f6de5a6b685d8ff6b0;;;;;;
f97928aa89b48f746ef83f6619f5b928;;;;;;
8e3e108cfdd0700b3729e139087cb00b;;;;;;
e9b4e452d078484b1a382cfbd369646b;;;;;;
86583196496065c98c937175668c3d34;;;;;;
d19cb6c3e704acd0db3c3429ba9d286b;;;;;;
168aa23b7367744798ee9dd15df9a277;;;;;;
02cf71bde291c0b83196a56d4b74682f;;;;;;
6840778845bf1acfb2b3f17b2a07c56c;;;;;;
a8beebb686b56bb140f7aa1c7f714e36;;;;;;
262122d1ccbdf70c07889fb226c8b790;;;;;;
8c20e10a988fd549f8c3aa54b123e064;;;;;;
633759d7fa695f1f2fbc2d4a62c3ab8e;;;;;;
dcaaaf249af51ebb315ef4853d150ef5;;;;;;
0f26f26a899f6748a1181918f124134d;;;;;;
a122f736472af2ef161d42beeac6e2d0;;;;;;
dfe01050bcd1511eb927ba3ad7570a3c;;;;;;
892e37d12a293b34af516e3957c28f8f;;;;;;
e73b964c73239296312b5c3cfc6bab31;;;;;;
1da2ae01ff92b972854b71c94a693396;;;;;;
dc22de3c5563a8af4402522c81f5c9b7;;;;;;
fd5aaca8bdf8d12d1de94871108bd499;;;;;;
85fad6f083f87a59b56ea6481ed94607;;;;;;
bb5137d14618708c22b5c5da8eb59e7d;;;;;;
557c904a755910dc4ebbce7a65dfed23;;;;;;
b2b2504584cc1b38dcb599562b00335b;;;;;;
24b212b3d1007ddaa566a957e4a0e124;;;;;;
dac473e1c9a452afbee4c0590bd31661;;;;;;
9c3cfdd2d4dc85ed08032eee221c3499;;;;;;
23be9a7e32ad67dd90884deb6756b789;;;;;;
5eb096602bd82ce2aa9cc97bc79aa3bb;;;;;;
e2b61ae0542c585ade8b668dac9d6b23;;;;;;
1c88ccda79a37c1ea513d490fcdc9c03;;;;;;
71c42120747894f46ac7ae6af41219dd;;;;;;
cd5cc9fab552916f3154b07c43e03e52;;;;;;
82a98d2f7e0fb998f8f28de9ba2ec311;;;;;;
218e89127a957b24af2c1ad04664eacd;;;;;;
f2811d59b5e6492f46bf58ed5e426e15;;;;;;
663bbd3ce53fb62bd2cdec5ccccb8628;;;;;;
c63ae096f380fb65be64d061469bf054;;;;;;
757b232672e48abe1471a651699ba087;;;;;;
ada337e476d2ad65a580990fc0c0e2f2;;;;;;
cc844c94db805d007edcd95307528a8f;;;;;;
85d09c9d58e4ad26ec8c895ea860e59e;;;;;;
3213a5958b4524aa7b99fd5e58491803;;;;;;
d52cfa47a812e0256ffde115b7e6fa38;;;;;;
eac5865fcac7a56a85a835095fac7ed3;;;;;;
ab1cc2a4b601dfdff927b879e6f069db;;;;;;
694e54962eb808205a0ae296706ac4ae;;;;;;
cdfa2bfe3a4454424cf1e03eb94defdb;;;;;;
7054c9263051db39ca170b2c16042ee9;;;;;;
c4b3634fd8299f8f675a3450597703b6;;;;;;
82c4afe0ab171e5b06f4b98e0c757249;;;;;;
4a5bb92855ae66a4b34852c21f0997f8;;;;;;
03abcb617061ac6be5fc8cc346caf923;;;;;;
8332735a4141fb9ff0106cf6ae06f9d6;;;;;;
16c38139de82f08dfe914b6768fd969d;;;;;;
e7bc20c6cd04be0c762a305bd04a45c0;;;;;;
b7b872a90ea0308225dd47265adee48d;;;;;;
a6c82294d5363b354f26bc4c3c1a0de3;;;;;;
d31eef737cdeca0262a3b973caa01c57;;;;;;
db9b55dffd100c4767b3bc503c68cd73;;;;;;
ad20fe56baec11a3582eb54de584e81c;;;;;;
b220003c755f1af7cc5198aaaab1e645;;;;;;
382e1809543deaeb7e4ce02a2d5009a6;;;;;;
17fe17045de45672f90af4142e147d0f;;;;;;
cac4fcb96e4098059918b9b3d831bec5;;;;;;
3e7fd655546f42b48e9da7723b282e94;;;;;;
b6551169dc325ce757df66a63b4600a8;;;;;;
656c57c3ac2c8f28477afd46ff7606cf;;;;;;
18735831dd56ec08f62d2348ca9f5251;;;;;;
3dc61e7dd886dc7d2aecf9fee1eefd6c;;;;;;
52345b3db145e1b79b074c7991dba4a7;;;;;;
30718324076437b23ad6e6bde6a75ede;;;;;;
61270ba686ff8fc32410073e265afefc;;;;;;
6ba35cdf7e65fca20f072748d9e33e35;;;;;;
c946428da56c5ed08b1e6c28b9e92269;;;;;;
f59dfc18a66cccca61c82c78b80532e6;;;;;;
2d090d9d8f245290dc9935ba216769d6;;;;;;
d6b81621e4d23a80d8911baf4c11b73f;;;;;;
d496dcaf7dbacb9c80efba7a48649658;;;;;;
96ba2229126c8d09854efa4d8944dda2;;;;;;
834d52277e2d6908765cef4c420e0f16;;;;;;
2b9810038bdbf04a95d5c296b572a145;;;;;;
abb53eafb59e7d0b006e5ad76bf810f3;;;;;;
a27a529f7950b9c1830c0f623fd49cc5;;;;;;
7e9b97ebd6fd33781bfc37715e1b2d08;;;;;;
b278c4b4b190fc61f98ad2300a6017f6;;;;;;
67b30542733c4def4aa23e9d07245849;;;;;;
600b0fe3681c059a59999c0ff359b39b;;;;;;
f9a1be991cc9c8ff2ae8526c58adecd8;;;;;;
0291c6b5632f26689d2e963b8d127eb0;;;;;;
798d6d0b2852c97a49f9ad367f1f2b2d;;;;;;
395a4d3a39f66b244640cd59db5b54a6;;;;;;
da54e9dff70f9a1a900756f5bfe5b1fb;;;;;;
dfecc1145e68f3c2b59e52d53c805f4e;;;;;;
9d8f26919ee2b54110fcfc45a13b3dff;;;;;;
e9d49c6408b9cb283e87d405565b0579;;;;;;
0e9df84c59271cf054281453d5c0f2c6;;;;;;
76b554537e23704a828ecf391a60c04c;;;;;;
26e690a97f33fb935f9d0a261862932c;;;;;;
08fbd1a677b43d623c76e7213c5ca785;;;;;;
b67093ef99ac93990665c92a5cff2d59;;;;;;
3a2adf66f8dd21ca5a271d319f63f4f7;;;;;;
f5dad7d8d7ad466e853931ffc4e57f00;;;;;;
f945c99a839ca1769307aa4bb9d418ea;;;;;;
a07ff49501ca4737e7b8e669d4051f4f;;;;;;
d42bd2d85005161fd9c7f509d0708f89;;;;;;
7954f6842b6ffe1ed56332bb23e86621;;;;;;
c8f09c36dad15b609073702f63087b44;;;;;;
605b7608d589441a70d775c9274c3dfb;;;;;;
bbdfc0b6dfa9bddea8ddba2c251073e2;;;;;;
51e44b55bc194280f5c98ed2f655e9bd;;;;;;
7705ad7dbcac7005802e11dec48bb717;;;;;;
20bcb9c172da0a1937b16e338de3ab6b;;;;;;
953cca6ffa52fd691fddf1fcd0e2b318;;;;;;
94ef182b759ea88883110d9a4bb3b662;;;;;;
33ce44211c35e9c1ef61cd5fd8f585a9;;;;;;
e705dc037141fca74a3aa4ec77aaf8f1;;;;;;
689ae13f615e9979a7cf89a116f274ae;;;;;;
64b02255e3f592b5efc96617acdef9c4;;;;;;
c789f79f0b1878fc9899ca33bff0eb1f;;;;;;
c7de09162d4a336f918ff1201efa0115;;;;;;
29018b7ae6f9b113aeca75e07998bb58;;;;;;
157f17ad8a1c82d01858ca1c5ff8a20a;;;;;;
d64dfed9af2acba971d86b25c398b43f;;;;;;
37ce3f942b58686646a891ac9beb1d28;;;;;;
454ddc3fdbbe950e756a97ffee62ae96;;;;;;
a551c0ed9fea2e437606ee123a5765e2;;;;;;
0340cd8d816752fc49f2add479a04aec;;;;;;
45a30bd812a873ed4ae09617dfe656e0;;;;;;
403a3fd40a2d3ec079beb45ddcf34154;;;;;;
2494b784c88a53449236eb273d49a1a4;;;;;;
b8f83990f6b4ae12decd17b961480b3c;;;;;;
788cfb37ce007545e75cd0b9413e04b7;;;;;;
aa472dee124e38211b0ed67d9fc47195;;;;;;
31a703dc488ea99188054d459b21d7d8;;;;;;
df51fb94cf638359b2a6ee52c37f9406;;;;;;
efec48de52f913e3369e8d9e8ba6f80e;;;;;;
9f3327753e0bfad11cfef3072fb1c7dc;;;;;;
2a9acf51503304969da3dbb31dc6c655;;;;;;
15fa625add4e47a080965cb2bb58d231;;;;;;
7737af176e905538d513e5d90f29ed74;;;;;;
9bbe633107711d86c445b73146e2e3a3;;;;;;
e458530698d8925741d5deca47fca06b;;;;;;
cdf923378ddda929c31c0f600242b6e1;;;;;;
0730ab675acf6a1dabf5320a666ecad8;;;;;;
f077a24d4f41399d4b554b650e11d8a1;;;;;;
450c93e69f9620054abbd4cdbab81fd5;;;;;;
23bb845a791e3008af14e3044c211a6f;;;;;;
e6af8ed817038cf8f71813b80dee9e38;;;;;;
c0bd2834182c21a0e44e32b8b887fe0b;;;;;;
d3455ca265d527e0a71981a70a58e347;;;;;;
60c96c8a7a246ed0d3bbfd7cffeed85e;;;;;;
8f8690d305d680daa025c5d16afad3aa;;;;;;
9706beec3a09a2fb86b98cfd9b319562;;;;;;
f7eabdbdfea0d93d83a62132dd114d10;;;;;;
143d3af006951252eb220fa12d4d5735;;;;;;
dfa26adaed48d3beb0cd5cae0a8df83a;;;;;;
cde0fe7a2e08d56844a4acbf4f8d8155;;;;;;
b93ff2dfa6a0b5420641312a804fe5ea;;;;;;
1bf9ea5175e6729fc179685a989d5f7d;;;;;;
1e9490b565304891185f37ceea72b484;;;;;;
c39e6e8bd0399212809a0df02e853526;;;;;;
ad3bde3bd7c7d6949fac32ebd5b5689b;;;;;;
d8b049b2bb3bb8ba7bbd149ebb2bb43d;;;;;;
bdf0badeb675a7fa4ad918634c547fa8;;;;;;
f7c654f3a7ea1a6399a3d5ca56b37b9b;;;;;;
772279603fe094166b58453a935a0bff;;;;;;
9de4e3cf8c4777e636bfafe7b127547b;;;;;;
6d89e6edda9784754e47dfac8e6bd0ef;;;;;;
1a8dfb8995ad27bad4a02aadf5cba449;;;;;;
8240ede94319230bbdb543696ba274f8;;;;;;
0a5376a05fe933b897b2d27ede65a91f;;;;;;
03d0c69884fbfea2249299860e6faead;;;;;;
f2507488350a3451113e6e9eafed44a7;;;;;;
dbd4c910d1c1f3cd8aa76709d3826d8b;;;;;;
0ccae0661edafb3ab63a5438ce145b4a;;;;;;
ab3c7a91a0fd48374cdaee6235e73444;;;;;;
1f18073833ba5b3f73f819f8b8a17077;;;;;;
9a7932efaba910003405ee0544e959a3;;;;;;
94526593981d1ae708846647598e6b22;;;;;;
5a87065edcc4c96672b10b4d517a3264;;;;;;
4eec8cc119e93e66db5c400caa4aadb2;;;;;;
e15682a3232094f288ae78a7aa80d397;;;;;;
7db9bab2e8de7a0bce26053bb3edc3e5;;;;;;
04833e22be319642380bbf17089289e2;;;;;;
5c54a0e9c22e3831d83bef9dfea700ce;;;;;;
66c9810666c53a671b2134383b5d3605;;;;;;
d86c02660ed2ac036389ecfc73e62c02;;;;;;
84e1ce53e0ba5b6bf7514a50940e8a5e;;;;;;
73ac5436f3c84a39c766c2c95a029e3a;;;;;;
32cd395edb89fdf89c3fbe119d7404da;;;;;;
472e39e8e0390c09fa7154c92fe72a66;;;;;;
af2ff82bc29aec03e0b553a445738423;;;;;;
c76c1192a37ed6a053f3623e675e1e11;;;;;;
e22591e67c23b122c93fd719c46e1fa3;;;;;;
b53e71c97b09357d0d38ef92e7f2cd16;;;;;;
c83659705220cb087c286fd9ebf8b485;;;;;;
90ce1c9d7fad8919067aaa06a10ad92d;;;;;;
1d1ea6f14020358281f31f5c84c8b979;;;;;;
318375f56018a20c706ee41a5f476acd;;;;;;
07444db4bf625c1beb596bbe77191c88;;;;;;
3a31e717b6e73dea4d9ffe6f9b3ea565;;;;;;
7d79779b8237752d4adf9045dfc5c361;;;;;;
12a98970a79caac9d77b8b32ebfb1933;;;;;;
2ac007045708358c3b31107dea7a3e39;;;;;;
654a8522336bbe3409ffa964bded63b7;;;;;;
d35b307c0f849f30825f559d39106961;;;;;;
08b49a6b4d9e14039a8b73f509df4f9d;;;;;;
02bc9d1d9b7e9e132dd832e2ea0dff12;;;;;;
3fa9a904c5052d5f2bc751c514ce7d92;;;;;;
e748385921b841c30a0d57c77e8a8cae;;;;;;
662e11c04199eab8a242b83342c8c586;;;;;;
600032163a93f5e14a75bda3f2e70a9a;;;;;;
980a6da2f072e0917d2b09995b14151d;;;;;;
dedaa127c6503879460f668c22395a86;;;;;;
78fd19e932f46fc791b6bdd2a361d64c;;;;;;
4cde0d083c727a97e6e364d5d7499fa7;;;;;;
2ab2406c7f8641ae02e19184e46b8747;;;;;;
f57baf44b7b0d47498bcd556491fdec3;;;;;;
d17001274958953970a3aa7d4e086de0;;;;;;
a7b021e144c4f10d08b66c3e5a8b0d79;;;;;;
1a6466755c1fb284d6a6fc79e5eba836;;;;;;
b5ebd47911af402a54298ba72859d4e5;;;;;;
4182f98e93b6298e0fae16d7342f7405;;;;;;
085d42d08209998649c584bde2c61cbb;;;;;;
3dbdd4bf82bbb9f96c1feec5e9150b6a;;;;;;
a3c7a0f3c7640374bb9dde62cae18bb6;;;;;;
7d10518f5b471880e290e6533f9c91af;;;;;;
4543af58ca7e58ae22e44b54c6fcfe09;;;;;;
9f32b918087a67f14eaf3dc185fd4cd8;;;;;;
335c9bf5d31659c37319232b66e9e1cb;;;;;;
82a28073594eca0fe2bb715ed29dc5de;;;;;;
a0b648b11855da14411a1e2c52d1a5d3;;;;;;
80cdf42c5a0bf9b857b55a92d1d37c10;;;;;;
acf0ff8b83a037424bfb636637f8b052;;;;;;
7680ab310873f5b8ea651e572e5c9471;;;;;;
d48b68aca58fe5884b04807711c169c2;;;;;;
4fa903acc429161561d3caa6b4815f77;;;;;;
812b6575a1266e03e20c110388fe50cb;;;;;;
7a7c3543e73f75f522a87ac313fd3d62;;;;;;
a6ab62cede069837e1e2346c236f6f30;;;;;;
e8eb0174553cdf10236206290bfcad1e;;;;;;
2cb21db497fc57fb066fe0ad206b7508;;;;;;
be1f33513e846da48cce5918165301f4;;;;;;
c0cd0e9e1148adf10f72fdb56aaf6397;;;;;;
e899cc21261bd636f8043e6b931c41fc;;;;;;
a42ce0db90cd3753f2b9535422ef1f89;;;;;;
03987ffdba57f2efdb4c12f84dfad3f8;;;;;;
f666ecbce0d1599f375b8d08454ad4fe;;;;;;
13a06a6643938d9c6672ddd096220695;;;;;;
7c7d2c8b320d1cfb4bb1b631fb424500;;;;;;
ed731a205d445c7865d6365eda91379b;;;;;;
29806dc6052db1ee041df2c042095410;;;;;;
f387c3d378a0a5c30476f52cf8c3e015;;;;;;
66d2f327891c0ea2f4eae9af614c10a3;;;;;;
977d2e7cdd3dd21575c76339405eebf0;;;;;;
5a8894b12a6f323bc695bd03129c955b;;;;;;
dc5e3bb8d98a6f25562637b2611d2b05;;;;;;
b16d87e2b8b11928cfa6d33aeade25bc;;;;;;
93b723a062b19ddce323946dae70e7e4;;;;;;
3e2d24ff10ed5380bd70d41fd266aeab;;;;;;
770718abd33552b3aa4e649abf6be530;;;;;;
52e043c3307c7bc4bd1679aeab591366;;;;;;
6b458eda7073c14c2c18e7fb40ac95e2;;;;;;
448231061fe693ece8aaa2237a8bb16e;;;;;;
1c37e0fb86838a7ea6e0282d48a7ea15;;;;;;
52af59ff8cb96f3d196ac92d29f5c600;;;;;;
87f3be16d54cad272f7cf6a49a3ccdc0;;;;;;
ea39d1647ef436095ae173e0e45045fb;;;;;;
4a45dbc438a91f35357e827e79ddb244;;;;;;
ae71acb98cece93ea21655ded09eb7e1;;;;;;
9eca09cde61fe4e86f687338a296ae3c;;;;;;
8c880d9b4335efd84a85acb1aad37d0c;;;;;;
29b762adc536f840fc0082e856c25e8f;;;;;;
379a163f266e9fc3615ce36262a71dce;;;;;;
146d17aaf28a9a9c4c293083ec5d4acd;;;;;;
e4971e91decc30566103e7f3450354c9;;;;;;
bfccdf96150e4e29c1891836136a9127;;;;;;
03dc297fd6318f92f0050975440fe36f;;;;;;
cdc5b0a7c9aab03aaeb1921020cc3858;;;;;;
e02dd2e3ac848b4c3d5ce5ae3935be27;;;;;;
dd6d339d69ab2d432114a8f1df99f98e;;;;;;
9b2510b5c3f166e705affbc7447471c5;;;;;;
230d26e7e914203cd262dff7c51c5e13;;;;;;
dd9473205523949322295fd60021a3d9;;;;;;
a302d9f6c111b0bdb35032487504d65f;;;;;;
663df32d7a9839cf0b1263db35411a02;;;;;;
1657974891a444a8d273fe0f8bcfbf31;;;;;;
a4ad573ac233d81b47bc2293622f0a21;;;;;;
9b804ab1e5ee25d13bccce783e307323;;;;;;
bacd7958be040a6cfee477dfa4f69326;;;;;;
397953d06eccceecf97a9b32232da760;;;;;;
9029fafdc1b35e892a16f1ce20e578d2;;;;;;
dccfbbca67b714258806950529cba54a;;;;;;
08b4e1d4bcc7352dbd63310ec1920ec4;;;;;;
6d8aed58c5596367c4198a9647aae606;;;;;;
435609bfc5ced53d365475a54585e64b;;;;;;
6fe39fd650781ca4d9afa6d1f1e3ce7c;;;;;;
30990d981a1a11780684d29caff5c3e6;;;;;;
172ff7911ec813897e21a5c5c2df8e0b;;;;;;
4c8def79e433e04a8ef020f78d9b81c6;;;;;;
d24e380e236f97d3f5f74960d60af8ca;;;;;;
81de3f7bdd0bbc4f21bd51cd0ae6643a;;;;;;
299166df93412981940d7a39a91fca01;;;;;;
60517f82b83e0aabb1ab6748fab7ac8e;;;;;;
c1a744238779b40d59fa2d09ce7f9962;;;;;;
4239dbb087022d21dfac8955ec5ca030;;;;;;
8b08a3bf0c270eeead48d728b571170d;;;;;;
4d3a44bd13ed493d725981bd2fd01983;;;;;;
7566a1307e22562790d45ecac3584fd0;;;;;;
4b1e3071baa949003a4b0170c25d55a3;;;;;;
b159e9c0da12ccd907486f6fd06687f0;;;;;;
62b4c929fd0851cd70b0c8b12574072a;;;;;;
599958fcfb9a46183ad59918410ca884;;;;;;
261710b7b1a510bb83c1dc5b1133dbcb;;;;;;
e0f41c6df600ddde4e3be6f8db9f3051;;;;;;
90087d57275afbcda9c1a78363899255;;;;;;
1c41e61102d2febbebee602df604a7ee;;;;;;
5927ce1e3017c87edbcba19f4c99700f;;;;;;
684c5094a6fa2c8016311f449efa4cc8;;;;;;
092074ebcda65927ce75764f95af6e16;;;;;;
9a0b5baba96e61207b566b6439648d01;;;;;;
7d62584602903427c267005261b28a86;;;;;;
4c0bd3ef0624858229b25f0fa149a90f;;;;;;
0081e13b92684759119aba1bd61afdae;;;;;;
92c0769a2df7072835f6dd692d3832e1;;;;;;
29d4f19001e0e536ed2a67ded53b37ad;;;;;;
e3861b348e130c8ba6d8bfb339bfa618;;;;;;
86dc393a04ce149e8d16620b3d66c146;;;;;;
8f99e96b2032e735d04b78fb2c413f9c;;;;;;
5c3143ffc075f2f9cf1572666a3e28bb;;;;;;
d45d6cbff8d747898707c6a4ea8bbf1f;;;;;;
067eb66f72e6b1bdd6ab96599f9e864c;;;;;;
17c3ec843f991ab05cb15787536494ea;;;;;;
c2f314144777f0e005661731925f3f9b;;;;;;
5a0e5796d62d1ffc9d8ee366c563ca57;;;;;;
55861d913772b3adbd2cac358adb02e5;;;;;;
eeac2e441a47ff14d14ad2eaf74925ca;;;;;;
5e7ae07a818883aec383672cedc173d9;;;;;;
e8035c61ff2cee33082fd6707b3edb13;;;;;;
8d1286ea5ad0ccc2e307ba9b1436b329;;;;;;
ea0480f1e723ff6ca7c4f7310526c325;;;;;;
e4df264eb38c150e047caa311a1aaaed;;;;;;
5aa31f363c88b26fe42442b907d178c4;;;;;;
00810412caff5c2d7009718470157ecd;;;;;;
cfbb8c7afa69b85dcd079f4ca28cb1db;;;;;;
98747751d83d3aeff9e49c421380ae61;;;;;;
4d2ae6adab4c93901e3a3e1a826a60f0;;;;;;
68669abcb51ac3ede20bd4a85f9aef28;;;;;;
7b97b9a2e512885d0aa3e56719b89701;;;;;;
06108ab3dc6910333f466af3f474f477;;;;;;
6dc3a075249083fbaacf97214c1cc569;;;;;;
d6357578a6dbc527a9c2a02b54f07409;;;;;;
a916d97e1d6433c2e66480b7569b2e1c;;;;;;
d63d64401d24c4336de02ebc92e5b6bf;;;;;;
d766519cfcd1b876d493a0c7301aa243;;;;;;
eded88add408c13b3fe27a3d89476073;;;;;;
f7ae5d27d49ad81da03eff0a59d81dab;;;;;;
287505ea4c067579bfb4412ff1ef52ad;;;;;;
ae575b8f89355a7a541f53707b526984;;;;;;
32721fb540fc0fd141c6dd495f5c5f46;;;;;;
cf99726c66cdad18e6728b1c90115773;;;;;;
cf77ad663c1cfcf7af394d3e4f4d3de7;;;;;;
dfc75b2c24f243a7d60c2d2cd18f6e43;;;;;;
715e9336eb9bf184652346c7405342a5;;;;;;
f8a62f522b724390d029041a8407c8fd;;;;;;
f22c00d727892533aa8ed0293d84894e;;;;;;
f62a2c2dba517a35ac93489dc18dca5e;;;;;;
46cbb61bb0fbdc25b649ccdde92f6b40;;;;;;
f06fd1d370ec05653a3252f1cf3a5059;;;;;;
2d100bd7972e917f3ab99aed0fafed6f;;;;;;
c0460e9a386c608c76e406fc889e0ec9;;;;;;
5dd42f0edc17673cfef4fb4ba5234524;;;;;;
83e681fda28105811fcd33ebbb9919e7;;;;;;
73b01fd763e45e0d431203c736950312;;;;;;
129979642db9718132af92a8dd4b6bfb;;;;;;
978e7f8da8fb9e7d688e1824dfc5b3a5;;;;;;
bb756ce04f05546ee0585a2181b664e4;;;;;;
c626f1d7112ea80f63be2acaab1f5f66;;;;;;
b8861aded3daacec1701cc97ba54a2b3;;;;;;
8ff15cd81ed65b57e7a6dbddfdd34d9d;;;;;;
75394d761bf6ea0b634919812afd8e04;;;;;;
0c7f2ab5670cd0c6fb45a06d3df00145;;;;;;
ee696190bf5c84f32d790fa3e1d38761;;;;;;
04bead23cb564a46814e4614320dfcb6;;;;;;
1644f93663644f5805de20d31678959a;;;;;;
d4e24ca55daf326d328f5ca4515e52a3;;;;;;
d5ca2928c7ed227af26b98741be00426;;;;;;
16cc4b2855dc24551efec9dbb24d05d1;;;;;;
3dbc5f4298b4365655ae864ee58574c2;;;;;;
d5217039c1517c6aadf28203a7f83f42;;;;;;
4df1a15e633a47b5c2b1454429898218;;;;;;
2fe884a74f3d90a0a7b177ea33e20d89;;;;;;
c74a6be520b35a0bfc30b850babaac5f;;;;;;
b1826ff12a9db08ab0c708d2bb81dcae;;;;;;
a8bda0ec7c4b75defc9765b27b517e93;;;;;;
a621d4ba67bc47b7cf10c9fb184d06ac;;;;;;
20f351e10e3eca3439ab92d882617953;;;;;;
543f14a738bd8e98a596fbcb6a3ee690;;;;;;
4d15a26be4a9feead836cdb0822d6968;;;;;;
87a64bfcfbb18e8042085da0889be037;;;;;;
adcc270b31293c8dba6106b3ddba2cd0;;;;;;
434596b6123fdaced97be5d1977213f7;;;;;;
80b547d780abeaeb52ce7381dbdf998c;;;;;;
2507ac2feccf4435b465f597b0375b59;;;;;;
8aa6eaada8df71c0e5f3528e6b85e962;;;;;;
158dcd28fbaaafdb6a667e486ade092d;;;;;;
cd01290478d4c00a480d5b9345d09712;;;;;;
385aced7835ca3edca6d38cc5d4fd0a3;;;;;;
c62eb58b74fedd4bf062241d1b411c52;;;;;;
5464bf71b5011cd119720f2b634c3b86;;;;;;
b2a08e1406610d3d29d3ae9b5396de3d;;;;;;
80e1d40a947658535be28c58fbc6e4a5;;;;;;
d899f59e508e8c1dc79c7a98e88989ac;;;;;;
1a8a63d4029cc5013e69409cf56020d6;;;;;;
d99094fa5aff9a794e457665a4e48fef;;;;;;
5dbb3531cf7be7720baa75bc04147d09;;;;;;
8ce501494278eb18436d6cc54bd16336;;;;;;
1838d3c3594bfeae9edb3e9a2890d068;;;;;;
5ece9ce0ead9871630c801f4342a0d28;;;;;;
f117e5f479f2d767823ce7abb6ecc61b;;;;;;
6622b73b1305cd43d8d49b8f2d2ca59a;;;;;;
b69f30f4efc3b53c75ef8bff88ce9208;;;;;;
bedd03a19658a2e2324ec4d55fcc31f8;;;;;;
5bedb8ccae75b72553c4cf2478043e76;;;;;;
1cdab0e2cf609fd66601201ece69e9ab;;;;;;
50b4c2aa75d62a658e463246c647a7f7;;;;;;
577118cfb3981eca166287ec77b83c5c;;;;;;
7010e9ae078db7828f3255c4df43bda0;;;;;;
ba85e81d979f8bb9aadf31cad85a9ff9;;;;;;
492dca8b17a96741e944f4e69f27bf99;;;;;;
e62dbea612b7bc49d9f805ec025efd3e;;;;;;
9f6222dce68e628dfb137a2fda78ace1;;;;;;
426f5728f246dda15bb62a155dd7a04c;;;;;;
67d20eb307230b5f82f33d82a8cb240b;;;;;;
967556b14a888d57eb09bddeeb3fad2b;;;;;;
236a7a92dbe617336c4efdb2d6434f9e;;;;;;
718526e67220cf1224e4d09cae8d23ad;;;;;;
66ec8ced12e80f0e2ffd4e378892d095;;;;;;
e20cdc6947bfdfd31ca9da9e2adf7793;;;;;;
d2b6e93ad02ccdc1469d2d1f430d2a13;;;;;;
8783a08761a821051cd737dfa0212470;;;;;;
ac674c971dd9fde5437c51bf71299b26;;;;;;
46367a5f5775890fa60cf6113697c283;;;;;;
0cd27f7215af4c5c21497f380fb17e78;;;;;;
42cc77296a97bda8a8b2928a7c5dd788;;;;;;
ef886cfe5f213c45a82fac6e06449240;;;;;;
09b91ee36039fac2d0617a8b02f785c5;;;;;;
b88be5e0648d825e9f927f6625b06510;;;;;;
d50f9b199fc1c9c02f25fadec3add3d7;;;;;;
d82eeb0a03590428c0555c22e20c6a98;;;;;;
358f243c4c5c746649566e37152e8436;;;;;;
7bc2b1c0ef1d089ed399b73d43a3a017;;;;;;
0ca37344b36b70b72c1cc0695734238d;;;;;;
d048b265d6d54ae851aa95efb5785c60;;;;;;
3636cd6eb061ec102342ede592783804;;;;;;
3c48c55e43b6e7510340b66e4e159d54;;;;;;
f0c300cc3c6f6d5b54992ec835fba137;;;;;;
6f007d10b0ec83c43ef596d1470cc964;;;;;;
2fcbf89cdd5a9c2012fd2108bbc33f37;;;;;;
f48e89e8840960e59c2d579ccbb58d2e;;;;;;
1588b2c48048597c676c6d3f0046847e;;;;;;
307ce1dea0dfd3fb6c93b96b082f591e;;;;;;
44c868de1e36e9e23e1a57a20ec81c41;;;;;;
8764d31c016c339afa7e2fc9ed1b4f85;;;;;;
f2e364d144e27d5b1beb8bf2111fe42c;;;;;;
fd3d7eeedea0ac2469969c447d20128c;;;;;;
df7544192f80dc766f4abf552093bde9;;;;;;
54745adc9723cb9da41e5fde447818ab;;;;;;
f25ce7944dc7cf6a52965f0a8e3ba239;;;;;;
19c7e57756854ffea11225382c71aaa0;;;;;;
0c96b8b517e722d79bab0713eff778a2;;;;;;
8e0a1654b43abd4a367a8453705208d0;;;;;;
850c10421fdf77ad1c299b2a7629c4a0;;;;;;
8d3a5d5bb42f5442ac4a205079451082;;;;;;
5fff4bf010c588c6dddbd3362f006d27;;;;;;
18c13d6530f8c739d945f5e802308055;;;;;;
9296bb3e09db1b8d6c341c70c4bd1405;;;;;;
a1d8505cb62dd83b8da77c146962edef;;;;;;
c5edaf1b5ac0f0a705e0e31709522e41;;;;;;
ed38b7783ce03e15f472eb0ba2050b11;;;;;;
af8720d2bbd89f630df7725b9d732079;;;;;;
15510121dfcc419921b6f387d9459064;;;;;;
508cee6ffec747142c1a8ee024763de4;;;;;;
951117bf955ff1e9867b24fd4efc979a;;;;;;
0ac4ec9859be01b4d2338317607b5aab;;;;;;
eaa0489c72571b65c7a9266cd21556b0;;;;;;
5e89656bf20a5c17f306ace9f26403fc;;;;;;
83cdc8d5960e226e127444306cc7a435;;;;;;
73de2e112cc0488cc3979091207d2c35;;;;;;
d87d608b8f06bc976d4ef6a00a74f03f;;;;;;
e07e3936eab1a9e68b608792bffbbd88;;;;;;
292c8f1cdffd26e1fffa28801253f56d;;;;;;
c8db8b84c3e7bd853e4887f319ae0453;;;;;;
7a0f0ba342cf824a882125408106f61f;;;;;;
906ccb6d49bbf32df0708b3660839210;;;;;;
f94f6875ddea74b1298bb43cb5437923;;;;;;
24248391893e444fba97dbe4c620a81e;;;;;;
1df0e11b1a44235b4a76b47811095b9f;;;;;;
615f58dceba9fb920175bae2639cc1ff;;;;;;
fa97fde89696125e189dc594ead6c146;;;;;;
0a0ba343b1b441811cecb6b0da9379ce;;;;;;
0f2914d55642587164ab8a4c17fb9964;;;;;;
3e76d46af86fc347da3097a5741f6593;;;;;;
81db2d1a842f62b68b256e3a0818d59b;;;;;;
4c1429e79125ff938de99ee16f872c8f;;;;;;
ae9f1bb7bf189b37f6cfaad880fbbd28;;;;;;
7edb1b92a49bb3c335b394b3e3d70947;;;;;;
21a7bad353d71396e3c1e2a9c27abe7b;;;;;;
d39ec008d9a1d7aa33472923225a4512;;;;;;
a8eb78a1d459b12074453c0223e60ce9;;;;;;
e6eb27a3ac5fe488c46fa3b94ad4d8b5;;;;;;
c6732c7745a47bc2cf9e68ade2594757;;;;;;
7d94dd43803e8cfe0e67ad1636f87298;;;;;;
537583b82764c2ffe4f767719d204802;;;;;;
6bf4151e7d1c65f36a26bef81e0bad1a;;;;;;
734629b2e769d35dc512ecb36c158312;;;;;;
e7720be404ff81b8e8c16d97cafb1999;;;;;;
81829ed6e857e6467cc853254503af6c;;;;;;
1566f60d847e08b73334481ef650ec8f;;;;;;
9d75b971056ae7ad47232ce3ac349b24;;;;;;
2ad64475563feb7d9b1347536b888c09;;;;;;
7aacfa9dbe4a755b7f5fa2ffa7caa5d4;;;;;;
28f6ba6b5d8ce578c66c13cd5f5b3541;;;;;;
552174bbee0aa73eab062569f88ce5dc;;;;;;
25999ee854cf75a5f03f57601bd100c1;;;;;;
4ad55254e2cee4d84baf8d3a39624bb8;;;;;;
ad297b7a383b05f9f0820a98c0ab5bd0;;;;;;
a02654a21c15fb7fb1ed5dad9f72c1d6;;;;;;
0e3f4dc8af125dadfbfe0361e7caf328;;;;;;
57dabdd3f9ef7c7c8f3907734455c3c2;;;;;;
49738d33b8bc1472af525cf56d8b314a;;;;;;
dde398e5ababb975d332c7a03b88ea37;;;;;;
ffc395572987809ec0463a43f595227b;;;;;;
26622bc48409820e1e2cf7c90f7aa43c;;;;;;
fa3353fcffe7e24a1db732e737dbb19b;;;;;;
fa91fdd35c9ce0128fa7510398487a38;;;;;;
3dbd81c6b7e2fb67adcd8d834288da3d;;;;;;
787ead409f4750f476ebbeec222911dd;;;;;;
ad38ae06d8a894a5e32f067b7bd82cb0;;;;;;
0f71f4bfb589b4f11ed7bc575d4d3188;;;;;;
27548fae47fd11f004cc6521c17a2288;;;;;;
70ec46bc26fbb5878121257087102862;;;;;;
b9c875b5730f4ff48606914826172433;;;;;;
55fb25d79036d5b453edc08d5f9bab6f;;;;;;
73b2ea7ee783bdf86cc7b553fd5acbd0;;;;;;
ca82a34c7a33faddf1a9dc96ce039d97;;;;;;
87ee3fe46558171c88a8ef7fdccd452d;;;;;;
79487a773050dcbb55d75e59094d4ba7;;;;;;
9fcab0beffb02f60623883c033b1cc10;;;;;;
7dda22db6b7af5af80bf86952f74837e;;;;;;
17a81172d18a5f90e4c1dba50e413615;;;;;;
048fcb390510d88b5df42205d16b3dba;;;;;;
396a2aeced323db774922eecf00c9db2;;;;;;
b142816c9774c10b344750c19c5a1b50;;;;;;
a8cb13658274359eefdf2d5cf676853d;;;;;;
f176c22f908278049b9ba6af1ed4ec3f;;;;;;
3f3c2ebc362875873ec4384bc9f35870;;;;;;
6d4c3afb8d33a9ba9e3c24e7769faaf9;;;;;;
e5003900879958c3a5cb13da27673291;;;;;;
1c8bb5dc5631a0eea5bf410ad5df2a94;;;;;;
072e348591ad545d7cd0185e15c2ce25;;;;;;
7c9db09bb67d4446fb3d83ecb895a16e;;;;;;
38c9345fb262fbfc0a0d558d95b7e266;;;;;;
18af6e560a8297b5e702f3b60fb73c70;;;;;;
c02efbb8e6dd06d1a5d980281843b7ee;;;;;;
245200d9d4127618d58abefbc6cd017a;;;;;;
ab7814f1c0dda5c54928c206e5805461;;;;;;
3c48e750244927a3285e3fe6f0eb72ec;;;;;;
32c693a240f0d3e6ac5a14c24f0d8715;;;;;;
c6013168e32f9345b01fadfc784f3dc2;;;;;;
7a36c191336a41c2d4ea3e220e9fdeba;;;;;;
158a29e415b989c25a789b6f68b2b6ce;;;;;;
d8937bd4d40078e6a10c34a583e995dc;;;;;;
4e7061ba3a687d082f67ca4c705450e4;;;;;;
05a7fe9f4ad2a9673493c7cdccca1272;;;;;;
1dfb6284e17d1228625627a7df61fd33;;;;;;
7476de8ea1cb384203abad52e8a7644e;;;;;;
1d5b92a55f1d229476560d0d5709b639;;;;;;
ad0eddcb1ae8cafb3131c050a452f354;;;;;;
90ae6d93ddd5e08b735be7a2127699f1;;;;;;
f70c184246fca5aca4c2fcced5e122ac;;;;;;
520d83700464d27587331ab11b563ad2;;;;;;
3d786f34dc961e4568eaa3575995379c;;;;;;
1940cf3723f10280e1475caaa6f76907;;;;;;
7372774cf91772d648c0557c56f54025;;;;;;
d449bbbf1743eace1a61c593968ed122;;;;;;
a00ab9282c56da1bbc1e8aeddc0a115e;;;;;;
10c3780b52f89d8ca11a52d57134c01f;;;;;;
5a595e96f5a80fdad5f5301ae4a0084c;;;;;;
367104987c6e25f1eab6ca2fe24f8aa5;;;;;;
90b528229525930d15887a7fbf89df18;;;;;;
29c50539624a656af0521c6be089a68a;;;;;;
955bd3c877161a85e0da67fa195124f3;;;;;;
d5a541837ad831c2fcafbf821aaefe30;;;;;;
588d8e5420d4253bc833e433bbfe708c;;;;;;
a2c06532b723ffa66911c97c8ddb75ab;;;;;;
a0fc58a2592e9b3c8f7cf5ef5ba0237e;;;;;;
7e3401caf694894021f30c84839192ec;;;;;;
b7ef89a94bac089201e6446e984f0a9a;;;;;;
f164b412efafd76eff75643e350cbb2d;;;;;;
ac23d969436051ae1316f72ab123e949;;;;;;
e4322ebbac7b2edd4db3a18877cca924;;;;;;
9d0790aea2bc69faed93eed73ea27377;;;;;;
c434b43a3cb872e95f9357522eed9079;;;;;;
c4dfd36cedf5a01a88400fef71bccc93;;;;;;
323d42243b8c3f4184b809bb0e4caa3d;;;;;;
3dbcd30774678b084ea78fa90a68a07b;;;;;;
5371f874757241a16048e0f0ef86e099;;;;;;
9e9ecc0e739cd9191ec11a31d73fa472;;;;;;
515f50107e78f736910312e1a5293a63;;;;;;
80da70032ee31bc378f35443533f2f63;;;;;;
3dd824ce8ae55430f93e8e0263f4f626;;;;;;
bf3bb97018c5bb9dff80ae2485e17e25;;;;;;
eb12ecca2064a48051cdedfb2ea68cf2;;;;;;
11b761fb262fb19afbfbfc2db99995c7;;;;;;
4419e2a651b333169f0065a87430f050;;;;;;
300574f8b6d70c95e7f33058b054a562;;;;;;
17d146c943e8dd9b3f683bb61f1b98ea;;;;;;
631ee0daf2105fe0f2c27c8576e54c9c;;;;;;
665bd4caf8fdb68d6dcb28b066c67013;;;;;;
409209d7d582dbdad32e25b983117bd8;;;;;;
4b22622980ba6248e68885a42b5c6b99;;;;;;
f748a1ab8b735a2c778a83475fa3aae0;;;;;;
8ac89bf6fbb47a9e720b5fab41909666;;;;;;
d11d2423c1e136c560a3d0bd8ac41733;;;;;;
aac1e780aaa84f752c570f1b6f75864e;;;;;;
9333f07e822f03a080f9054651e01d0f;;;;;;
62869ead9a91a51f0a7265143869cfc9;;;;;;
4a4b17628045e8d80c50023106f427c5;;;;;;
4929714c295eff095103a9ad27852a17;;;;;;
2229350a5d41564def6cc104bafda270;;;;;;
8469ad233d79ae3482a066c409b6fded;;;;;;
f6282af678290880db5d39362ff909d8;;;;;;
e5bca6e175eb6f57f67128e05d0b961d;;;;;;
d8bf88349a7d2f687ba6436b68da9191;;;;;;
d713158b4da33eba398401a660cc67ba;;;;;;
d8bec6b7bd115e6ae86338ecb7e4a3a1;;;;;;
177c562121aa3d8dd59ae7729aa1e8a0;;;;;;
dac49d484fc7f3978d9796c6bca096e4;;;;;;
3d6e36c5083d0d42b86df72c34213bdc;;;;;;
a320fe3aeeb6e029e08906700f4d1934;;;;;;
f47ee70e30dfb737f2b8d6d00fdcfe9f;;;;;;
70f0fed10d63ae22f7d2fd7c6bd121e1;;;;;;
6421553c0ad7925517c57ba21d691624;;;;;;
575ca74d774cb636a60e82ef818924a8;;;;;;
995629c2a122d38ef2c7b4bb0b4564b5;;;;;;
11fa457ba8fb14e0ddd0081dd410a5ba;;;;;;
e30c4fe6727c08a36612e245ff924e9b;;;;;;
c8d8117633624ecd2928eb451a561c5d;;;;;;
db8968205e828b6294c904ccac96c200;;;;;;
2cc968d0ca7f33356352f0e524a47a42;;;;;;
cd83309adb0916562afe9f73d3f40b35;;;;;;
61aed9358bdbcb9ac1930ff8632956ba;;;;;;
4a465d32bb109c96db8dfc403a7b1186;;;;;;
d83ffb62cfb90a1fd5ba0ecad9ee7c1a;;;;;;
0b912ad7c5625cb64e4bc80c6c97c0f6;;;;;;
f97ee988591a3cdc3f6ea7d305d075a1;;;;;;
a49639ea5042a3895be43e5f64321d39;;;;;;
03063c3dc4d37c4612a34c006ddd7c57;;;;;;
293510b66f4105121f8cadecea62dc1a;;;;;;
23053f061317a5994ced09f346c91fc7;;;;;;
c74308029eb2fa775c0355745bada180;;;;;;
339d125fd54bb886b82afc295680b61d;;;;;;
b493f70358e843641e19a4f8b288f4ad;;;;;;
6bf936be873f183d0faf68f0a294f735;;;;;;
abbbf09c751d021987b4b78264615b73;;;;;;
cbde8e14ffe29d2ed91efea6af33544d;;;;;;
3640218c033cf172243f53fe55bc1192;;;;;;
b9c9b8461e7617e24c79e0d4faca0d58;;;;;;
1d80925c81d4231e66d29737113f80d8;;;;;;
f1fb2ff6e66013b3856cf32079155622;;;;;;
43b894bc4103a544a4c3844c654ab971;;;;;;
3e22e712856e9b30083d084fff72f1a9;;;;;;
cbd30b5e7f3002781404568e661eead0;;;;;;
5b875c52dfe6d4d55d72e5c5bcda506e;;;;;;
2e7b082a86edb2e33c414e2c11cde895;;;;;;
74b91a93566d415306fb55961786ca05;;;;;;
c1342a29044292ac73396d5340abb5bb;;;;;;
95fd839fc8945b0334ea74434f5c0557;;;;;;
8a393b09de89185558e5663d8aa7c563;;;;;;
c1c05c27722aa65bf70a0ad197b2deaa;;;;;;
13edc774e578d9945e3c414ab3b050fe;;;;;;
49e26f3b51634ce75dbd96dfc489719c;;;;;;
c9939b0959543e462b2b24c936c743de;;;;;;
07b64a239d0ca018e5e8c23c8f8e54ee;;;;;;
5e9b3fd5801046c1255de3f656334dc0;;;;;;
f13c5697fd35a0cd8558d85dba175194;;;;;;
b453df4af679322bce23680312fff06b;;;;;;
0f80e50e78a50965788c742f4ebcc274;;;;;;
af2b8977eef78fd2280269d761b410af;;;;;;
9bb3377d03d86aaad3ac84b4aaa7c75f;;;;;;
be171b9d8640342ca0cb33eac5a9f1a3;;;;;;
fd444370f83fd42fd1940866b49d6060;;;;;;
dd3da0e0f254dcbeee5dc9f31461bffd;;;;;;
a1628a80a943aab95855ec4970dc7a05;;;;;;
92b54b27fc4ac519f6170109bfd2068b;;;;;;
9d00c9ac6e0a3c1856e231987981c813;;;;;;
ee108d62d56d19303217e127ad5fa8a2;;;;;;
0972f7450d259ecb95e7116ebb381f8f;;;;;;
4db7a687ac8fe6234d453f16d65d99cf;;;;;;
913bc8025b747006f412ef96683ad2f8;;;;;;
6ed744b1c878c4e8b37602b0b276799d;;;;;;
64242b9d68ad5c0b88c4cdab0660100f;;;;;;
4f523da9d7f0d51dd7590163bd121f93;;;;;;
1884469d2e37f9021b98cc61ddff3945;;;;;;
16e71bc647ea8310a1105ed85a8ec401;;;;;;
10f55da38f4dd89a8385fab0760f2b53;;;;;;
c0ce344ab6b25b9d83d8478c764f8b94;;;;;;
0f5f194e741341b39acaa8eda19a1b2c;;;;;;
372aeb0983e76e798305e7c7f9523a81;;;;;;
5b1f46a1afbb01c0a6a03596ce437139;;;;;;
5d972740ecefd9ab597f74be273b10fd;;;;;;
07be419b36ba22ca4a98b97bd41830c9;;;;;;
f0f34ca027c56a97d711923f95ce1824;;;;;;
52e6fad2f8a4906f12ea9e76e84db734;;;;;;
e406cdfa6a1b64371b6526f691ee9774;;;;;;
02638b8764896f176c1ebe14363bbbca;;;;;;
ef518cb46df7be8eff5f729810b789fd;;;;;;
e3c841c14ca2c1335247792c5a691891;;;;;;
5fadcd59c88e1e2175b9e2262d3f3fb9;;;;;;
ee389b6a553b164bed8f88b7d39e4531;;;;;;
2f17fd94f93899aaa02cff138949cb4e;;;;;;
3e972043cba1eb322e93f604c3df2e7f;;;;;;
80f6c1f84073f3e9afd409f00c73b0a7;;;;;;
cc5d5f3570eb110a6c93f99db90f7853;;;;;;
168e4e0e99ba966a8d0ab9cbaaca9a36;;;;;;
28111d82d43abcefe4fb64a158099918;;;;;;
d1cd0d9b373e564b527f39ed6048ea62;;;;;;
08835238da77e46fb024626c73fcc2e6;;;;;;
866c0ec3bae49e5c280c5b86b224f32c;;;;;;
d31834a91b4049f11cc0998b925f5154;;;;;;
6e8574230cb908421dd693845123ad36;;;;;;
880a3ad0d27510f93b6512956dcb21b7;;;;;;
4a33f29bc5a8dc400e30372243abe27a;;;;;;
56c8b83657e50ab273cd56474c8acff4;;;;;;
36546ca452742d9cbc94e83b64cda74e;;;;;;
42ad29e2fc75dd3f52f5fdc1ea77cf51;;;;;;
a7db45b4d46cfaa2ee1c2596cb6b65e1;;;;;;
3017e2d7589600d079c94036ddb9742b;;;;;;
74147611717e3a866fe54aa9e160e427;;;;;;
aee4bf348c2461d4fa13a98667550bd1;;;;;;
dcea6598ee76787f92b6c0e371cfcb5c;;;;;;
19d9c9ef2f0be7bce7a08f156d8419d2;;;;;;
abbcf8c926212bf6edb154e49431124c;;;;;;
432e6f594e45789c852d6b0a2823b1cc;;;;;;
6ae8427c8fdf4bfc15beb885c7e6cb71;;;;;;
967f2055fa9096b46c7157c9c7347721;;;;;;
abdb89b6065711416cd6919a83f1bfa2;;;;;;
bc01598d6a83459b92166499adb10391;;;;;;
3b48ab1ea4a27ea6320db17c4fda6960;;;;;;
166cdbdfe388c4893d3f7be8556b1bce;;;;;;
d443735f1f684f0cdeb7037cc8cd5441;;;;;;
7a8a5a3f460a35314f668f9101a3ab06;;;;;;
5380ff826064145ecf68152a0836ca61;;;;;;
9b2f452abf1892f5455398f4e2588371;;;;;;
cc787db22993a0d8f4b1a246c4b86077;;;;;;
485ab5cfc8338a133e22dd8d64ed86c3;;;;;;
6e5d1c296fdc2e9ff2ed1a2cf82bf6fd;;;;;;
0cd301cb6e62f45765dba81674245e4c;;;;;;
69a54328eabba75cb6d491a97734741a;;;;;;
f778a09b900d85ba3fd8afb424d24683;;;;;;
a6a044896d209477316e2355b9ebd3e6;;;;;;
cb26861e1df13a2bde66c608a60502e2;;;;;;
688aa6fadab5c1046c8f3f2a66bea243;;;;;;
7f5b8dc2f7b95e2656dc32af3798b242;;;;;;
448869c41145f07f7a7e3e434efca657;;;;;;
932c3c64e48a38b7977f8c3183c92c0d;;;;;;
71f6bb38d5b408baee133a8e1ac548cd;;;;;;
f46f61e2e03afc0cfc1edb36d573ed53;;;;;;
34ca2f9ea693e685f12d18bedec5151a;;;;;;
1aeaf14b1127b6714b08c44ea6005a40;;;;;;
244eb261d9176a0d6502e76d2b7aa1b0;;;;;;
1614ea1d0eb52cfb7034a996e2f346b6;;;;;;
ce5c3d9fc7905c517feb259a082ebddd;;;;;;
1a8c21c3c6a3aa70a96921d456c196e9;;;;;;
310e402aef9278ddcdc15686a1140aa7;;;;;;
84d3e26d7fc5aca9d915ad0940092231;;;;;;
18ddbf21e6f95d9fe768cb96218aa3ff;;;;;;
2b7464b1b4abf71ce06e94e8a759a192;;;;;;
e0243448b48cfc068978876ae055b5ff;;;;;;
9bc50e48f421eb2ce78144fc08509a07;;;;;;
eea7d7f4a556ae1fee9ed4c623f03199;;;;;;
a963a0accc5775abbb81d526da707a04;;;;;;
89435b89888ed8077ba2e004e99dc235;;;;;;
6e4541bcbadf6b8ac4ca4821f960c445;;;;;;
d2811cd7b6906d213a5225fd0aef9af8;;;;;;
28ae350cc3b6e4fcba2be46bb92289b6;;;;;;
f660d451d9ea8b91f12b4a17c3f28983;;;;;;
5ae457cf91210a2d6e373a27ee65f8a6;;;;;;
4b32dee90ae54087640759956e59a2ed;;;;;;
dabd929eb0f7dcdb8186bc8209eab64e;;;;;;
a0533f72d84159644a7d29ec29f8bf6c;;;;;;
d32c00263df5923c8b181bcfa506fb35;;;;;;
49711e492a510db8bc1af41f5c8296dc;;;;;;
6c17130bfda2f2b3eefd0807ff5f7fe7;;;;;;
31632d1b34407a836ce5d6f4f91f8a95;;;;;;
c57c454b062cff66f461cb1ac9549d9d;;;;;;
f4fe88e70734ffa43824d1384dff23fa;;;;;;
59415b17bbfa2f060b1cc617f2373043;;;;;;
af450ec56735286ff3b5e459bd4822c1;;;;;;
5b9776ada9dd4e1e3bcf37d8686cc8bd;;;;;;
c63e15e8fe5e8f713e8e2ccac003fed6;;;;;;
381d3c67fefe3546bc898542f3a29679;;;;;;
f0257f3c1f1d02f0ccc4ccb8f039af11;;;;;;
0594f3f1e73389ffc22937be6baf30d9;;;;;;
d2ee0b39f6d18c39c33879995364b485;;;;;;
a228f14d3998c0a3ab430fcb82180331;;;;;;
6e108798347c34c4161f442eaf9b89ce;;;;;;
ca47859d6eb6b008fdc9deb9296f732e;;;;;;
753b781005a4476467c8082816c42d3b;;;;;;
3b6821d52b361d50b05e78f02128471a;;;;;;
6a94a2ddbec7f7d9006de7ad4bef6b98;;;;;;
ba8f0fc8184e08ebef383703e74def2a;;;;;;
bfa7882b04b43a7cf5e08ff534bfa4d7;;;;;;
f1f3c54fdd35902f99355e5e2ce1a3a7;;;;;;
654b910b3ef2bcdc2098a0be910e060f;;;;;;
84909c5629e6300e0c9f7291cdc84bb6;;;;;;
4ce9ff71f13df44ec7c60db985c3e3a3;;;;;;
c5309e9c8f6769f944b01c1de3b51a9d;;;;;;
19fd3b872b3716bbe23a01ecb14a18f6;;;;;;
fc8110be070b1645043b304f8dfe7462;;;;;;
c7b8c2915d9c6c9acacf8601ec71af41;;;;;;
b5112a50f4d58e94b5e2dad7cb264c62;;;;;;
e428dd43920727d4d24f87e1a9e8992e;;;;;;
20e4e50de5fea2fd70e986149a51e89d;;;;;;
510db0eb78177c4665cac0777844c85d;;;;;;
dbc52f783854c9ea1029487a5f411407;;;;;;
c1d177d24d3f99a5b8cb285a76834298;;;;;;
8e53f1a6570fda772b61a7fdea70b159;;;;;;
c1f7747d77b4a99901963aa0b4adaae7;;;;;;
8f9b74bd5d93c13e2a1e9d81b5d01d83;;;;;;
b8b0948f517fbb00f2c1df8a4e355ff8;;;;;;
8df66df62dd8377776c94f140485db84;;;;;;
f7371783e02013354c5d35d68d77d7ea;;;;;;
96d6730068162dd563118bcfa1b47219;;;;;;
465d615cd3cba999b63485c2b161978e;;;;;;
3ccebe22043761db13bd0e3da8e1b165;;;;;;
40903db776802468eae430002923e335;;;;;;
c0d232c83d93285a927c3fc0b55ef39d;;;;;;
472ca7baa09eeaabb579b0bca0247213;;;;;;
fa1fd27810cc2615ea2f9ccf158aacb8;;;;;;
6d2f0fff6a81d32d0671f00aad49d22f;;;;;;
d72344b356d582c7a114d633f6aa215f;;;;;;
7fbad6440b367f9300a4b41012b02ccf;;;;;;
6f510372336dd4c3f07c662463a1f83c;;;;;;
56dd1005c3f96b8eee88c09851f827ec;;;;;;
9d00b47e5aba36a95aeecaaa5a3089d3;;;;;;
a7233c0b51f4731e321101cf566a3562;;;;;;
57965e17b567f5d136009d1e5d5e2db7;;;;;;
3b7eda53f19f63751ab54afd691f435e;;;;;;
91760fdb3e36980303aa98fa6046b1de;;;;;;
7f500a8437b12e0b7c89f61ca2269a5f;;;;;;
4bd31f14c82d9d2a7aca63714cea4088;;;;;;
6210545568b338c7ecd4724ec26f51f1;;;;;;
b5ab3a44c9049e289ad4409452b7022b;;;;;;
749681607a492e8be8727211e66f4b20;;;;;;
17b413ded5c4d2cc2cdc7cc80d890efa;;;;;;
e7e08f9a3712d9b00d6d6d9f9f44f59f;;;;;;
5365dbc5ce48a6396c3c76d09bd93118;;;;;;
8635d0c86727b4f90161186c64a6e9df;;;;;;
0788b5bfff442fae843625f59c53abc9;;;;;;
de48763f2e8ae4b7f33f97b0bf3b3250;;;;;;
21ed31d24937af90df5008bb4edd341a;;;;;;
436a6366df27f88648fd20cb4c3e27f0;;;;;;
487c27b980de00961593a245402f46e5;;;;;;
fc84abfa382dc1c4a99273b9aac8aba6;;;;;;
fbbc79dd82b37c07a14e16e86e160468;;;;;;
5fcd6a43ab84662d2b836d4b21fc01e1;;;;;;
0146150d56f99d0f7303a9e1b8a6f20a;;;;;;
85e6471fbb5c67c1aefdf62bbdd024a3;;;;;;
0557c70269ba2e63583cffbd055b6c2f;;;;;;
a93f4da23046d8c30d3e96107d3844dc;;;;;;
97310444d35b71ecadf8de11e945efce;;;;;;
623b5f0f6df560ccb941c7c6384ed89f;;;;;;
849030ae0fa71889e0b11973ea9f5b08;;;;;;
2caede605bb4a7d9be2e89e18401063e;;;;;;
1440bd65df70baf989fdca95554ee899;;;;;;
5aa48f241790da075bd25091510bed9d;;;;;;
7fe04150fa6abf087b9f3f73fea3c825;;;;;;
804ad6f4bdac1d5f6eadf046ab5dd402;;;;;;
e57a98e7dcd1387ba6e12e3cddaf251f;;;;;;
9af0b4ea1a603c16391713352425cd19;;;;;;
763657c817f490050a29a4ab39740e3f;;;;;;
567b9264813f3d6f6e3dbaa561c51838;;;;;;
e3bbc80f59c67d564d1511b3be859eae;;;;;;
cc55cd22b5bfcce2296e0a01a29bc030;;;;;;
6a20fafb8cab288535bd6c7ad6160bbd;;;;;;
965fe265c766162411590575899ca7b0;;;;;;
5b2e4ab0856925265ac4da6fd9a6c9a2;;;;;;
b90272acef35e4e8b8f4f28949ee18a7;;;;;;
798913805039ff72006f0e365890ffbb;;;;;;
8f4c01a1d7e1bca73d38f6c6405e210a;;;;;;
bad1d010e164aa9e1c8c3035bf939952;;;;;;
32b0d851b44a867c08a956366a05fe1f;;;;;;
7e22b90c984e2582fabcd6969598fd40;;;;;;
4ff97952f9d6704f08775360609897a1;;;;;;
144f2b640b50f547639e2e4af06c8a7c;;;;;;
7fbddc32ecedd269111b2719ae0bf186;;;;;;
18f92fe13cef9ab9d49da475453ebc22;;;;;;
0f04f5550a10179e76feb052149aa256;;;;;;
92d52d8149d6b11fe2b3834ff4a15114;;;;;;
5c66d594124c9129eab8331700e64b52;;;;;;
80532a3917a36c120ecbe35bbdc707db;;;;;;
b15dd965ceb1b99e5a0f7f191150be2d;;;;;;
2e59e5c088b77230dac7cc6f2a3c0e42;;;;;;
2457b2ed82c0bcd717c914503cf92389;;;;;;
f92f689f3444786bda73dace1926725d;;;;;;
24938251fcb99b9e6ff4275533138b9d;;;;;;
96f84228733f430e9edf669a16e9d7f8;;;;;;
1fc88cd34d7cad2a28e2dc4927f50904;;;;;;
952f4d5329497f666c72346d68b439aa;;;;;;
1f3adab2213edd4ff4a501f2b37d3ab4;;;;;;
18bd9b44fc0aad25d9a683fe7b61b550;;;;;;
0ea239944692c3c3e2f8c8669ab4f889;;;;;;
5ee3e8bebbe27dc22ca987c3469d6e77;;;;;;
f30a8506f9aa9ec537742c9f8b540a89;;;;;;
a3b2e10e6302919319c8f14cea5365a9;;;;;;
40f08bceac0669e441a355693e5c182d;;;;;;
d3ca7fd6add76d138f03e73496d9f409;;;;;;
198f7eb36f79aaa718e1d0ca7797c2cf;;;;;;
94dfbf86d182c92dd70fbc41365d64b7;;;;;;
ddb22b3aa9165899e6ab746db3573ac5;;;;;;
35eb179d8e0bc87f0129e06d2a5785df;;;;;;
4a73c7469700adf3648ec176905a33e1;;;;;;
47360b46318b5f4ae28647c93c153d9b;;;;;;
db0448a1d6a46e55a3990b0df38b4d31;;;;;;
dcf2f2cbc38c6c8d8265204f1fdac02f;;;;;;
82ee5bb5b168d9c9bad6e01c2412102d;;;;;;
a07a8220788c32858465ab6b577fef78;;;;;;
f397b12e71bc5d0d4ed3f2c8ca2ad5e4;;;;;;
a019bb56c5deac59851626c6f17ec3b8;;;;;;
56b3d2961ba2e20807ed2b082915e69b;;;;;;
5d3b154c14fb148b73d250f7c94a1ecf;;;;;;
885a2ff2925ef76cc4522652a06fab8a;;;;;;
70a44178c37af74a6d27da1569e9baf8;;;;;;
ea8e6c131fc68a0996c5425d346e202c;;;;;;
55cb64c3acb9bb77f0b6a1c0939b9f9a;;;;;;
5f7fd8316ef72e4e890b996dd98c93a0;;;;;;
817d37a8ca30967055f689594d2dbf07;;;;;;
996670d4ff5604834a19b6515cf9cf6c;;;;;;
c8e794a3bb3c161fdaf99ed038ceb2ac;;;;;;
c2ae0ee8558097518fa38db1d65ca678;;;;;;
ed52ad9a4fa4900d78fd602b108f837b;;;;;;
31f8f9ca1071a121edf5533896d2fff8;;;;;;
733ba21c065ac60c19a2213f34c05a59;;;;;;
f3162cf9edc24a77268df8dc30aabfab;;;;;;
4371ce7b5cd5d206d540b7fbbdc7a165;;;;;;
2e6851751db820b67b719b557dcbc64c;;;;;;
215697d02060c735d76d72281ba487d4;;;;;;
139f5aadfc490e007413449f09fbb8cd;;;;;;
4509a92f8105a64e63067056cf4ec7f4;;;;;;
5c089b4f5c5a39df72124a6a8c1bf027;;;;;;
a6489035b2035a0b800f1c17d31639f6;;;;;;
df4b5509884431c376cdafdf60ab9be1;;;;;;
dcfee885ce4c806304bb967ac4616594;;;;;;
eb0fc522cea27222ce3bc7fbfcc78825;;;;;;
663e7f4f7b9c525448b583dc92a19356;;;;;;
bf5617c70680fccb6312ccac96a2cfef;;;;;;
40a28b4597c3aef8eae8f71156fbeacd;;;;;;
d4400e08c47134cb963aee47e5dd43ed;;;;;;
b166e59f4c99146a3a386686850fc0a4;;;;;;
c70a4f8039e1ebd044e94bea840d167d;;;;;;
a9c09521768124c0df1e55c7545713d9;;;;;;
2d518f28cc14207109b6cc0ccf81e64b;;;;;;
48dca3f2777801a3656116b62ec67d01;;;;;;
fc4217752c3b991f28b3fefd75497679;;;;;;
c7082c2d112476bd81da963c910bb982;;;;;;
a5f1012606b70eac36f01b1b88a9992e;;;;;;
f0c1287ae28982c90908f6a1f9441eea;;;;;;
6e719242a2205c14fb9cb438744a9cdf;;;;;;
fd213973558426abfc448fa068eeb6ed;;;;;;
cdc577d9e58dac1761d50780ad57ea50;;;;;;
0796136b8209f26f66bf50de9d59ea0a;;;;;;
96ba287117469ae4a2a0c2b66bfc4b3e;;;;;;
29407e5d2d291e9710510e1f291b12b8;;;;;;
9df1964fdae0b9693ef3e129a09e101e;;;;;;
95f95c201e29177b896dfd3a72d83cf9;;;;;;
f3c76d93ef8fbe9f33b4f3c82d8f4e53;;;;;;
a6446adb7e62c60a8dea144c84148d1f;;;;;;
2b6893f854f9c17f4b9d35adebf534c9;;;;;;
f0afbde4727ba85fe96e7617d786ec2a;;;;;;
92613cdd18e108b91f19242b0bd3f800;;;;;;
e6dce2b6bfca6c25f1e27ca241ec89a7;;;;;;
a25a1bb4733c03b903d7144ff95a8961;;;;;;
5a477309632c5d1e944132f704903a65;;;;;;
ccb397e7fa907d759df4b4da70959792;;;;;;
c94f9d93362e3d4d064b54cbd803d248;;;;;;
411917c499e8b59187090b29079fadaf;;;;;;
16cc6d1c5e9dd985357ed2732cbd4044;;;;;;
271951f80d55eeae86ce89d2192acb8c;;;;;;
5f6d70667f9e03e4957ad984e67daa65;;;;;;
7517ebfb4788f234253e46bae022f534;;;;;;
52a966ce0a3353ac021c26ff4b0d8bff;;;;;;
73e65f264ef420ae23d7e6e4bba2e3a0;;;;;;
4879a837f818c11420ca983159d8884f;;;;;;
cd7c55701abb6e018c004dfa86608927;;;;;;
23d67d394eea6468dc4cda134085aba5;;;;;;
6f9f5bd8b5361abf122caa1caa24ab31;;;;;;
a96c7e2f6cbaf6584df507821df9f0c9;;;;;;
9db9d1c24c65ff302b606149eeec6b2f;;;;;;
bd71dc63afd320311e7008215b46cbc3;;;;;;
d6104010a7481761986ec8d4671b1947;;;;;;
2d3adaa8816253afdb0fe695876dc44b;;;;;;
57e3a7c188ae666ac4c544b2f485c27c;;;;;;
db30f41ec1c3046daeefe69dff408b5d;;;;;;
77bd626ea645699d23485b2faf874dbb;;;;;;
5010e13205c556603d7f9c010c3fc6fe;;;;;;
7c9b94e6627eac693078a2abdfdeba55;;;;;;
d7b8c0cb0448e57308465a33427114f0;;;;;;
ab5d5844720506125b00741a07deb37c;;;;;;
83e8b877d12e90624cb41edef8d489a3;;;;;;
67a6b366067539aa6a6cca6e2db96fe9;;;;;;
c4b9c07c3317873ec711b1787b757acd;;;;;;
cd3dfdc5c50dc2735fae37df9ccc489c;;;;;;
03f1fbcae99985399077ccd1184625be;;;;;;
aa52c3ea196ffca44913a25c1226cfec;;;;;;
bfcc9593f5c0e35bf7a50698e1a854ed;;;;;;
0183752c0994df4fbe5beb636720d771;;;;;;
15d1bb34a270e9ffd6ee078a87289843;;;;;;
eeb855a8091378e8ea2b6f9b10d86c77;;;;;;
697d7d54b7d84ab532c370b3ab6658f8;;;;;;
8bfbbb38d9fe32170d91a33ca30b83cd;;;;;;
bbbf14b389c3d9d9158ce0045c10f827;;;;;;
0030a87c8b3ced7adcc5498fe2b6f9c3;;;;;;
b228f726f2e9245ac550d902b25a7820;;;;;;
daceeedfb5dc49d708c837b9176b5300;;;;;;
ca8db1d8a554c4db2ee74bbfa2ae00a5;;;;;;
ef37d2b3a5547d7e3dfc0e4c5747a604;;;;;;
9359e986926cb062edc1982a1b004fd8;;;;;;
2c6736b016a924e5b785db64b6007829;;;;;;
ea601d5eb9dc796f0082c1f5c71801b3;;;;;;
1849463df3f75a6819b92c84369e4119;;;;;;
2cf319528b51fab18d72d6529ece1bcb;;;;;;
7a1d0f81137b71b2872ba78cd14851a1;;;;;;
367c142ed6b5b7f7ef0652de6e011d3a;;;;;;
675c01a154b7fc5185ae9d45f328db58;;;;;;
23e8d0bbf853e505a42a797a8fcbbae1;;;;;;
c3a4b1b5baaec42c81579084cab276ef;;;;;;
bb12ea28b02aa0728faa5576d111af82;;;;;;
2747648b3d3ff94cc1f2db4c7c7f0867;;;;;;
2c89b39aa9ff76114a65b497e2ff4768;;;;;;
437c0180069c693de3c7bf1da2e097bd;;;;;;
795de7628a3e1721c9b80c21336a3197;;;;;;
0436c775a7946634a0a53fa8d5908543;;;;;;
11bc8c604579618d26dc9ef89b5f8898;;;;;;
9a2d4693710b01c9946ffc585e54cc74;;;;;;
bcf81018eba89890edfcafab76dde24e;;;;;;
f7e1a578b83baef3c676b5e9970bb2bc;;;;;;
46a68e3a5477f9dbc81c1a87edab85ee;;;;;;
706ddc3b945f28ed3b9430fec526ee84;;;;;;
29eff7ac850bc461096d56c712be0dfc;;;;;;
1f7e13cbc34a3b9fbff500bf4b304395;;;;;;
33a6f3a1018f33040998b73774826657;;;;;;
229c71671551803660a0ec69c7267e87;;;;;;
8dad436f60551b213d263546356b0590;;;;;;
f5ead19a03020421d824f7f5a561580e;;;;;;
304feda75fdd6d40752d830fc6de4fc6;;;;;;
a289fea10ac6a02ca04f0536fbd8a852;;;;;;
4c11cf1335406c8026fc724d8ccaad32;;;;;;
c4e068d87acb02d04be175e7b7c9a7fc;;;;;;
0ccc31d69a226f4c97d54d7c2b39baff;;;;;;
9ffc5a601e2f5fc8d8c40286eddac83d;;;;;;
ea44d6e453e91bc0e3d328e7539ec821;;;;;;
2c1b76dabedd73b9fbe2375ed21625ea;;;;;;
4b2bc18878df11737d516f1a814a3d0b;;;;;;
0abd917861d0422449c333e6d694440a;;;;;;
0d8c24e0ec1d6b62e132c2824eed8d19;;;;;;
9d2039c1454ebf6b45cf2445c27501e7;;;;;;
fc754272e63653a8cff802aa84165d09;;;;;;
c680e61ad5f2a206d0bd99a1c922eb84;;;;;;
f3f414a62e4c82410c91a29e905f8943;;;;;;
242b192308756c5da4e10e6925b3ad27;;;;;;
9d4391a12b15cac45318c7d89d5cf787;;;;;;
07959652b72093759c36e1ad6f371cb8;;;;;;
72fc31e15fc804aa7906fdeb60cf76a7;;;;;;
a1fadb884bee44fa2d0d0124089cec70;;;;;;
7c4f39e4f87e3f77955405b225607b1a;;;;;;
945f88602786b3a8c4610c0b31c962c3;;;;;;
6e65ce86a4f1a79b91b8551a411f1e50;;;;;;
d4e2ed39572ad61860d30fc927039e05;;;;;;
2b1d86779b45852a1ef0afbf8e05dfc2;;;;;;
1da99733732f34f7f21fd842c281a6c0;;;;;;
1c7947c10f4352a567a46f5fb471326f;;;;;;
f6577affcc442ca4cd4101c1df17c0ab;;;;;;
054d8430b7d18d9a97c3831872dd1d05;;;;;;
146e32e79b9a4f252d421684d2d984e3;;;;;;
b14ce49a0d654b1b49a109318f28cf21;;;;;;
e31e909648f37bcdd9007c8ba6edc35b;;;;;;
b64922582d7a7c4e1d541e5b53bf7357;;;;;;
f90c436e965f19beabf1a2277ddf4c58;;;;;;
a33ff69400142dedb8377dd987a81c5b;;;;;;
1514e308a9b22321552d964a6889f416;;;;;;
b5cec84347ad04ec1529de61a6c56ca2;;;;;;
96f388cf004807085895da9158a4923f;;;;;;
b17d11092fac8f47c848cef0d9719899;;;;;;
c4d77ba8c49fba94246e2aefa21ee658;;;;;;
27d05e2ae38ce4bae6eb81be5180744c;;;;;;
0e823d1b5ec236f29bcad7e5bd495f65;;;;;;
5f42a1978e5279cf9eaba25e05d2ca19;;;;;;
96cce1bcbf7bd40337b6adecbe92e619;;;;;;
bd4b57d80b6eb0c2870004593c94b7dd;;;;;;
9605f58416a03105c37512ea5db6cbec;;;;;;
d0b59b64b317af27ad76affd9e79afc9;;;;;;
1941dd0f2f0cba94ebb2a06d442c20b1;;;;;;
109707c83ff1f4ae2e118f2949b60d05;;;;;;
733dc241ba353e297c08f8a108a0fec4;;;;;;
84a60c50c471e05b812e54841fff20c1;;;;;;
f334913404fbfa5888d761659e7d9694;;;;;;
0236a68ddd4db63a5f390b6df4d37057;;;;;;
1174f32689743b9e09fdcbaaac5fe61b;;;;;;
bd41994b443fa48b5cc7d7e46c94675d;;;;;;
99d20d9a6ef649e795ef1a5054ff4f13;;;;;;
71c1f507a11c8c8589fc2262351f79bd;;;;;;
466da972ceaba737e007f4d3b3d3e5fe;;;;;;
9b9477c2e12bdcfe27e6ba598f3bc7a5;;;;;;
5d1ff17a6ab5edfb1eba06bb0e48571c;;;;;;
870ad2656df8a372a7349d0ba074439a;;;;;;
355888db9d437fab3ed29681e1fc6e15;;;;;;
92c349f25f3652e0ae1f0ca63a537a61;;;;;;
a1fd517eddee66ad66e8afc66194dbde;;;;;;
6f5df0a884549af400c5c78269ce1de1;;;;;;
e3dde39c6ccc4c07455b8efcf0b0378f;;;;;;
c97ce04cb0b07a58cf914c2788447047;;;;;;
cbac8069c5aa186e921950068be52c94;;;;;;
a248bf2fd56e57ef5610d343cd2325e6;;;;;;
e33d622d555ddd8e2db2d07ccd96d00a;;;;;;
039712b3074360f9eab255c734b0888d;;;;;;
437f3d1f22fc319ea38b6af41bb01881;;;;;;
c5cf9255437af20386637c0bf454dc37;;;;;;
89d374287ff80e95af48d9c3641932df;;;;;;
87f43270ac61403b0c04f50ce034dbe3;;;;;;
2293323949dda4a0c6903b97fae7b50c;;;;;;
3c046e2b6b4a0b2cf533ef62f24bce81;;;;;;
405aa5e1c9cb5d092e9ae0081b4992f7;;;;;;
7f91b238d1472d45e3dba3605b880647;;;;;;
cefe8a19bab619bf0ce73152dc346b06;;;;;;
c3f3cf7ba005a0d705edd41cbfad6836;;;;;;
240116df42a4fecc21c12432034afd5e;;;;;;
f0900b493c3f211671c97aef30d98fe7;;;;;;
2452a8db3ba0943a5be735e59d103846;;;;;;
c6a38a8095b04f28149855308f9e1e40;;;;;;
41bb2a5416a59ebfc5528ab4a569c63c;;;;;;
3c21165228764e6c3825721280f08d3b;;;;;;
fcbb6e32e3f93bb458f8f4697dec14de;;;;;;
bffe0884b301fca9469a4b932e2b5a7f;;;;;;
6c0a22223cb587d7d293d55db0fa7112;;;;;;
bf666ab72e75f4849111dc8ce02b0512;;;;;;
ed12b68c11fffcd4c4736ec2b7e06cf3;;;;;;
0892ff94c5e73e2cc3502630c7e855de;;;;;;
bdb5aca703c4797defb1b5fb1bb8ddd4;;;;;;
7305224f0d8226ed689998b0fbfbb36a;;;;;;
4904f95f4cd4a11bd855e4c7bd87b868;;;;;;
5b6c9e5825e7ba2c1882ff708965b399;;;;;;
3f460fb31c66504d6b1d7b6b3812c9cf;;;;;;
7c26f51f458a901109cb2f7ce11f17ec;;;;;;
532c773d149031f42930f9fdda65cbdb;;;;;;
12059c744c0d79b11a5300987762a459;;;;;;
357064bdb50372836ffb1a63b9d9bef5;;;;;;
fcc7cadb32cd2151e710b33e84ae67cf;;;;;;
8603900e6e54fcd2172b60729ca4aad1;;;;;;
03590699568be216266a6e2e9bbc8575;;;;;;
0bdbd50ca14625f4ba33882a89b255db;;;;;;
d99ab407bca2945ea1866054f5f52010;;;;;;
1e78e5444e1fc781ed6c94088ae9863d;;;;;;
b1f534e8b285db9e4d78b73b292331a1;;;;;;
62680a6c45e7bedc59b479e46d5f39b1;;;;;;
3df052ee8e98648e2161b011a9ae9e4c;;;;;;
9d9c4537f2eb05b76de22ff332fbf6e7;;;;;;
fabe18185be82f8f21ab78a46092f1f9;;;;;;
40e2fb6ed7d05cc68e279e2637d709ab;;;;;;
9d93ce6c987f4dba11543ba3d8b87620;;;;;;
1a71ef9aeb3373edc8a7b4160d92d4e1;;;;;;
d77a5a1243fd078340dc895945790743;;;;;;
7d0823970920ede408f8fc995eb930bf;;;;;;
abfc64e62f4f913ac6128e8809548254;;;;;;
0dedf0567d04f95902a192cd76eaa5b5;;;;;;
04d58eca3bcdfc326126abdd07f3762b;;;;;;
35a052d8c6cd467f0e792eae209ef0ba;;;;;;
2eda1588ec9d1f5c5d58c701a6e5283e;;;;;;
c32b7a52a825ecd314cddf71977f7466;;;;;;
012fdb6c2c6c45631bfe690aba63ec63;;;;;;
dcf6da239f021269b92962105f4dad52;;;;;;
ba0201c9456b014a631a7302fbe85723;;;;;;
abd072c48afba955a627b820e751269f;;;;;;
8290ddf6b3c125c7e3e41f347a642b8e;;;;;;
9c2470f546b7b699684f2d174cb65da8;;;;;;
5f5f47e8d7cdddf7e8b630e0a733b8af;;;;;;
261a2a2d3f8c4b2502b3d59bc1acdc08;;;;;;
4be7e58ced183404fe557348a4432296;;;;;;
99451b3aaa5f92e0b7da133f59c9f95c;;;;;;
b1f11dc3bde9d7e66d24f287d4e3a190;;;;;;
a5885b62bfb66df2b4b08c056e5613cf;;;;;;
7759e917300b89840ce7c2599abb3356;;;;;;
b685500a1259f8860bdfe960740b9708;;;;;;
29251d846171f20db25d3e5c6e8c69f5;;;;;;
a33fdc8c4ee84bfbf34c3cab7b6c9ca9;;;;;;
63ef3c0cd5d4ed5ca13176c292b6818f;;;;;;
345f9bdfaa8de72448848215658fc21d;;;;;;
22f511d1310b7fd0605d4cfd7cbf9790;;;;;;
d04dbfb1ae29b99e0069bed37bf97830;;;;;;
6521b37f7f399692d2433a59b1dedeb3;;;;;;
4b3bf8698621b26540dc5a533fcb537e;;;;;;
28184a4b871254686901c4fde9e55d05;;;;;;
f1bfed41b3f4c563515e1c33de21932e;;;;;;
932215d91d2363f79899000e9b3ba354;;;;;;
d831f6fc33c3231d921df8aab8834931;;;;;;
c017d3c8b0137974372f6ba99277d54e;;;;;;
07e15a334a227fd8873a136da1ed967f;;;;;;
4a2127d6f717f2bc6af47a8a04993ab9;;;;;;
7ae248a657c9b655f09382f84ba3aba7;;;;;;
9cd3137a3b695fec463df984e201857d;;;;;;
995e9a36e80861c9d887fd45c644e633;;;;;;
44a844674b54f56a9bf67cb356f5c648;;;;;;
cd81ca8535ad8e61b29e6de590bbccce;;;;;;
ab2bb0441818d8031aeadeefb2127156;;;;;;
9ebb962a8d2cad5cd8fe71848033e00c;;;;;;
460207c8f40c5902388754d87ab4b035;;;;;;
873f01219f5c3a6382945cf690937ddd;;;;;;
ad64627eea7930171aa3f31d15e56dae;;;;;;
554a7147c9b93451787ac7a3be673042;;;;;;
85b6b48d889e94ed5fd955c581584d63;;;;;;
a866404ed3440be9eb6c719dff717367;;;;;;
31a85da9e84f0d25eb99d86d6e64d394;;;;;;
0f3e507815344ba2c736b2d5f26557bd;;;;;;
2b70c62dc7f6aba798d9dfc65b4ed623;;;;;;
8b1811a24c716e2d539cca4ae644cfa9;;;;;;
7caa44edcf1c1ead4475c2e1ab685d25;;;;;;
baa7f50e4ae6dd5e788afb88bade54d6;;;;;;
5ec6c42c076bdf1e8af314c5dd4cfcc0;;;;;;
8d6e992acbb0a898802302b040e432cf;;;;;;
d6f371f7bf6e6d6a299141059ea14cdf;;;;;;
d23260735a9e52e9bc59d83028a65053;;;;;;
feda12d4aac5aa0008e87a99b8a275d2;;;;;;
a6e64f9cc5457b5951ee0b41cc545639;;;;;;
eb6c7e775810768f08dfde93a021334c;;;;;;
0357b2fc3416b68290e70e29013ce788;;;;;;
82dda155d66752ec239ab1e9d1bb1046;;;;;;
2f3c0f2222945f1efc3249bf8a93cd86;;;;;;
b69e8f2365ee640bedf545d076047c37;;;;;;
c92235b2dbbd93d860c7b3c14617286e;;;;;;
56ff51229fcb22630acd4be3042cbe30;;;;;;
abe7be38a516c27436389d2965051121;;;;;;
a44f56d324fbdaf470588f0fd3103086;;;;;;
b294ba32c16391befc645b088abea0f2;;;;;;
4ee9c965c4b6e78609360169cea3a846;;;;;;
4959c75710f405fc6d20c1dc16552c19;;;;;;
7a8162bfc49862b87d9588e7525999bd;;;;;;
a0536535bbc1bb99c5854605124128c9;;;;;;
3cb4113f6cc558a977541abe61d1a42f;;;;;;
e8f8bd9d5ee39e5e7c1c813128fe3f46;;;;;;
20f23da28bddff1e22b6171f2f91ef47;;;;;;
905504db919ffa26e75087eb802c5f0d;;;;;;
9c48ffb99a0577f33915b4f031a0d1d9;;;;;;
f7c83320170eb350d043bc30113eaed4;;;;;;
06e42e259a9187ee3bff05799ca3798d;;;;;;
af9bd5c29e5ecc5fbf18e5ec02f79e6c;;;;;;
d6d21efaa2be07556e8f8594bca9bbe2;;;;;;
096db29990913e51378236cb4cf89024;;;;;;
037c9fb025475be1c3ef658972796eb4;;;;;;
34a93d4cda2d445f0cd2d248c7aac55f;;;;;;
28b696f8acff32e978bc5f5bb90d758f;;;;;;
627731f477d25ead642ce38ee709cb14;;;;;;
e3fccdb73b720c21c7a336017e8a4e66;;;;;;
6e8e6729faf906710d3e4265a2f0d6bc;;;;;;
0d6d082794a39e98d975b3f04684520a;;;;;;
fb55930e7c04e9338cbc1a664109ab79;;;;;;
ab6cb695ebef76aa9e5fb682c5f36a3b;;;;;;
204cc2bc46d5f875e752d94b3ce145cb;;;;;;
cb9abdee14d1640871c13d0c7d6e2b52;;;;;;
97775f2890876698c6c2887dc495d6fc;;;;;;
06909d676c982e2bbb130a45b07b21a5;;;;;;
236b65625eff618a7798fa8a3ea35449;;;;;;
523c4031c74d0c7c318d6c269262c599;;;;;;
1b9dc7917e9f18968fe3e97f1277e840;;;;;;
1f6197b96555c08f50c1e5af7260de41;;;;;;
19cf9bc4be97089781ef312d186bede3;;;;;;
f364714887ff9ffb38af1b74043bc51e;;;;;;
2b29607520ebdca282aac8c77fb55b44;;;;;;
2286cad46c2b6897ea663a8915a3d7fd;;;;;;
89a1d26999ea8240a0f2276149b423f3;;;;;;
e0e954821c21f22e3decd744162bd651;;;;;;
715a2ac3bb554b0a0f6e64bd706d9159;;;;;;
2bccd7445d86ab7e4f621309ab72d94d;;;;;;
24390081238ac0d46b23a12b0a63e6ed;;;;;;
3f4d4134b22ec080829d262ba3db5a83;;;;;;
bf8e15a74b303565eff0e292bda2122a;;;;;;
04ae624589ef70764dfd26d3e4be9a3e;;;;;;
4de37e525337e97381941a9a8dd4179b;;;;;;
7662b66f8e3e67b844ae8c5723f99476;;;;;;
168c8b5714206459894b1f23fef93bb2;;;;;;
c7c5cb2adb739c6110a7596a4fa8c4d1;;;;;;
0c626c101b93e72e569389a4d60efc86;;;;;;
998b5017a570668cde0e077e9aef0340;;;;;;
152e20fd14dc54dbba246d0b4a59f344;;;;;;
9ba731b595481e50845d799d5770cb47;;;;;;
857e3a6211612ca775fbb8bffc16d083;;;;;;
cd58c571608d27b6823ac1202ccec97d;;;;;;
dec71109f6134a3e7afe9a95db7089cc;;;;;;
e7b308efe9a66008f59083f85e7c150b;;;;;;
83a027677fd9a22e0984399eddd33f00;;;;;;
ca56a3c8e3280f9b4f20515278eb2c88;;;;;;
30dc6af50eae47cec6fbcc8d3128f995;;;;;;
84d27d24d676827ff689457b2d851ab6;;;;;;
ff6f3873ff45dd8be52c4a7dc3e91766;;;;;;
96cb63b0c38a4a5965a12e54ea25c7f1;;;;;;
deaa02cf907ef2fcd58692db1fd33e0d;;;;;;
3eb268bcfc5df3b7c0f69c36e5559a63;;;;;;
40bae73aa1adcc565cef68331d81b2a7;;;;;;
c633ca0ab0d50a9b9b9761fdd5423cd8;;;;;;
4220ff659626c1b7207882fee01b3fb4;;;;;;
a5ed0e3ff435d24fad9220ae06fdbcb4;;;;;;
979426c52444c00d52f40fb24ce490e7;;;;;;
e51e9c7d17b098ac29be500b6d974a0f;;;;;;
d7e29e10d8d16f4795ed5c923a857c0c;;;;;;
6568f3adba944df548339de59e86f6c2;;;;;;
2fb1d40ae58d7f7f4f2e49417cba0242;;;;;;
1040fef4e183761af05676617ab48de4;;;;;;
b4ed34c1cd1249f2f88a49eb8af4a883;;;;;;
53abf8d5f6109c9404b134ead0563819;;;;;;
9de7961393de4a7cf2b203a171e4d004;;;;;;
74e0f2477ab82e303452270fcb382b69;;;;;;
5b3f20a3da9cc5765f37ac4e0b6dfe83;;;;;;
fdb6044b2798d64c783d36ba9c00da93;;;;;;
220ea8c0d9fb35f7e08dec09b7ac0f73;;;;;;
89faa20b3beaa28ba4443639b8e80521;;;;;;
85e722aba045fb8c295093fb48213289;;;;;;
7fc2f29bec23a79456f6df48012f0115;;;;;;
e925542c120c3f22938bf6c295ea27ac;;;;;;
1b8e435149e75245a36433b38381aed7;;;;;;
c4faeeed5a3c1f82744dac953bba6ffd;;;;;;
5a3183fbe03c09c6ec5e5d1c9635fb55;;;;;;
8d043c451e680ead423d70336e9e0c59;;;;;;
268a424ab7a8d8bad681d26e631a6580;;;;;;
4aab5e9cc20ace6ea00502b8262ba788;;;;;;
f818e4ef350929d1908c06c8f327b5f3;;;;;;
fea2391b5adc43044f6f20cccf0c0a77;;;;;;
6a0979bf723cc2dac5e09fd4ad350abc;;;;;;
b8fbf8ae6b8aa92e7aa7256a29695907;;;;;;
bc46bb316a9d0e5fff2e82467145bb97;;;;;;
427a827a4c06510174432846dbc6c3a3;;;;;;
56dc6c7d28503ab15c3d0329cc465401;;;;;;
1d4e44a8fbe3a5ac51e6d607fe836e91;;;;;;
4640e3ca12b47f09adb3f2dc209391af;;;;;;
382726f50922b3e1fd90212bcfd910bc;;;;;;
c09dcc57b4a91ce636ee654e1742144c;;;;;;
cb3e7369370da07a2a87e0f30346c809;;;;;;
06744e1ee675ff09f21739bd0dce7dec;;;;;;
a08fc53e5b73cad9a4915dc1d02c1a86;;;;;;
7f49f513296d4c61794499f5f4af70ed;;;;;;
23c59b82f1e7d8cfbef2b2a641f7ce0f;;;;;;
51cc58457b0066b25c3f1414e4e7004d;;;;;;
7462440cfbf8d379a5939a9364287c04;;;;;;
b28e0f2bb59b0484583d09dc12467474;;;;;;
7ac92d7d0ddadbec0cd50693a0d8a0da;;;;;;
78f691be99d9c2c84db7c8d7668eb2c1;;;;;;
4cde8fa27b9241d31a56d2ad1f8985a0;;;;;;
ae96a3ab47b815b874a3c17a0489521e;;;;;;
3b7324e347059121e7be3ec478313129;;;;;;
d8f0a17a0f599192ded3af7dd8f8f54c;;;;;;
a8798df9796df458ff1bd2dd30138e4b;;;;;;
d7a098e66e7ed04dbdfe8418179ebac2;;;;;;
19a3381b9c8afd839ea8a93b2db9bb74;;;;;;
591572d85b3751f1d9130b12e2bbb1a0;;;;;;
4257b91601544922c89b2460a83a780f;;;;;;
4a62f16f14aa337a8d0de6484ae5ac03;;;;;;
c0d70c73212dd0ff85bddda1f8260636;;;;;;
eb6bd0b3e2dc0a3763b26e6126a42669;;;;;;
581f8ea08e8d9198ac526ccb2f391d9f;;;;;;
65ee8b4c6f2683819826e53eb80f618e;;;;;;
5ecd97337aaa3393035f49adb2d9a208;;;;;;
b3faa8bbbed50d88aae627953d9b272a;;;;;;
9be7d5fa0e86cf643c6c78624c113d9c;;;;;;
25d5b9192a4c8f50af5724a25ec09774;;;;;;
7dfb9bde10c970cd0ff99575b17c8c29;;;;;;
f5a79a798a627ad2951de884978b6640;;;;;;
f997d48d0a70a6cca56be3acba816834;;;;;;
b95d396dec068c904c8b67770c5b9723;;;;;;
c8e3f7c4393667631e83a8985cdf2928;;;;;;
55345445c66954d5395e4b37568e2eb6;;;;;;
58cd74064e53186a7aad743d3ff96b52;;;;;;
44c7b038d31d81d5996afad75ad9a426;;;;;;
fbcd55b3302a6a870ed801e96d33ffb2;;;;;;
7681111ef0b6eca2d13e32c6dadd2288;;;;;;
49facd2a591f88720713381d82b603f4;;;;;;
f053fa98adf5b69b863ca6071e21d790;;;;;;
fa5a779fd6ec32fb0bcb16267d8fee27;;;;;;
c7297073f2f42821265e922b4e989702;;;;;;
3d8121b8efc4a5e8e7af7393e8864c77;;;;;;
3803d2f61996f64ff21f93d20bbcf2ed;;;;;;
ba342b93bac706f9e3c542b8bf9e625d;;;;;;
5ed2d82274ee537624fe8790ce14abd3;;;;;;
7d954d202d4588760f99d6a1c9bbba94;;;;;;
86b5c7af6e48114525cba18184984c9e;;;;;;
08c30bf63bb307aa0289cc1ad6eb6960;;;;;;
592de97b43e2603ce755095326bb5fdd;;;;;;
2472925fa5c5fd296cbcb0b9bd6394bb;;;;;;
8daabf85b695aaf0149d3f427a42d3d6;;;;;;
08850c89e938fe4d48061aca0e80ad46;;;;;;
7ce7fa0b2e75135630ea75a01203822f;;;;;;
53f9d07354282f3091e27bcf520e0c49;;;;;;
9c22c83cbe4a49d629aa001ccd9cce9e;;;;;;
d8452ecdd650f05a8843425f21ba40a6;;;;;;
b90ea9456d795611ce9b7da9b3d94643;;;;;;
8e7956a9e693b9524a2c16ca40e7ece6;;;;;;
a30b756b2ee768c80dce7f2b4740e5c8;;;;;;
a85d58c25ca12aae06824e5e652acdf6;;;;;;
f166bc771d6566b4394895cf64a8a5c9;;;;;;
9397e8ee01895ca4752207e7131f4521;;;;;;
8bb3797ec97a3ec4cf3910a14245e1b5;;;;;;
65b59f0fe10cb9992103e949487db547;;;;;;
90a8ea3330503a59a538dd7de6173cb8;;;;;;
4fe58aee3b5b80439fddcc3c829f1c85;;;;;;
1b48809ce29f445602d5fb5f01652587;;;;;;
f3b9da6901c37ea8cb50cc0834f99804;;;;;;
1a9fa4205c769277bdf47441fc8c7236;;;;;;
c8c37a7b88ad1713e6ba4756b357826a;;;;;;
9dc97378e6c948951b633eb8d926a68e;;;;;;
cd8e1aeeeb91b47e2da267e5e65c48cc;;;;;;
ebfd6fc13247a5bf6e09d03027bf8472;;;;;;
b089eac2b83108c6e737ad9641f33864;;;;;;
0e2324fc15b5962b90ca2fc362090144;;;;;;
80becc8cd83e39b1260b7726c32cb9e0;;;;;;
a58ab2ce76354dc780e432694ddcf40a;;;;;;
f885a8efa64f9a0317800955459a7fba;;;;;;
c814030f25c81b1bfb193fa5702daf5c;;;;;;
86a3917c5c7d83d817f871ab8ec5b62f;;;;;;
977585f4091aaf9ed45a5ba5befcf956;;;;;;
4b6c1a80028b2c06e11213e55cb1d375;;;;;;
0f9380ffa3f800bc90135c60e78c6236;;;;;;
3b24c933d3a48557bf3c400cd975bb19;;;;;;
0e9613ddb892138e17c3162195141dfb;;;;;;
24413eb457cc22ca9e19e58d80228759;;;;;;
6bb0c80581926b8337cf581c70c15265;;;;;;
a24429266a711355fd3a68508eac5aa1;;;;;;
880c3f01f5d3ccb2f77594cc013828b5;;;;;;
32877757aaba7304be195f53ee02f985;;;;;;
191035603ecd24b2cf03cfab363e5064;;;;;;
f5dc378eef4b6b7592a0c3c3fbb10905;;;;;;
de490e6dde09da0157295669af972e9d;;;;;;
1ed30ef53490d1c92c65e0ed09116cee;;;;;;
bddb9a383c8a3a95a35a9d5bf3dfc982;;;;;;
e7f78c1004b7f4abe5c5737c11d217d8;;;;;;
4c56bdc58861b7d0306d9024cf6d6413;;;;;;
15f76b4bfc02fb09578a2180016ca4d7;;;;;;
de658161abd909fe21644cd3a0365ccf;;;;;;
71d243b39431795e0ee2903ee48f6cb1;;;;;;
f4a1b180cca4b979158bcfb25a1375a1;;;;;;
eb8f68aac19dc1a2502a06a7e228217b;;;;;;
c8f50c4fcd44722b02dc1123ef4e02ef;;;;;;
9a5c42b239249559fab9bd74ab0fb8f8;;;;;;
d6a87e9edd01128f2fad9af877f66ba8;;;;;;
72ee032c8366e68bc3ad0ec0d1d4a580;;;;;;
b4c472da714831c7adba5dc090c787cf;;;;;;
89752ef14284d2adf971c0ee85fa9a86;;;;;;
b67cf1cb769f2fd4f1b95d9302b18b30;;;;;;
601633a878bb4da4442c34aca9f9f859;;;;;;
6698c169f007b0a032769928417e441b;;;;;;
cba30467e732bf7e228b653cb6c8169e;;;;;;
8f73e6929dbc752147312591dd64e9cf;;;;;;
1dfb939f3aba89ca035ba5df0dd122c3;;;;;;
c2babd612a771cc3e24057955b6de4e4;;;;;;
b3742c5eaea52c0ac34312c8bd68e813;;;;;;
5ea025dc8e19687548992a2cdcfbb382;;;;;;
d666f2598fb1d9c8628f855a62f0fdf6;;;;;;
e627fcbb1fe5f52d6d000ddd08ab1130;;;;;;
f3fcae6406f7596f2aaafe08930b1869;;;;;;
ef3affba239e74a5e1920304dddc149d;;;;;;
1e3a369d5e33053da458f6995c182f8f;;;;;;
ccb7bd2b5a42df1c15d34a9c5281e9a4;;;;;;
d3c1836a67e2a1740eb2af21734c79a0;;;;;;
9c58a75f8cbc3df1fad70d4d6b21b785;;;;;;
df61d26f03ff71709fe1634ec06c320a;;;;;;
b43246eda28b73480baeef434e6cc1d4;;;;;;
b8cdeaa72013504b008751fdf6562e0d;;;;;;
b9406e8ed03daaa4e7674ace62e22359;;;;;;
2de4cde6a542d8d7f87b2af6979de44a;;;;;;
2856fe4b746ffae4dbdac9f9af97e0be;;;;;;
7d0ddc9d5beb3dd954fc328cff8ae66b;;;;;;
6a91a3ef161758ec7c2fc9e0ef0b5385;;;;;;
a94536d4e801f9b1cb0bdf1511931df6;;;;;;
b114a23f0f5d4964071ab136c09a1960;;;;;;
6f3508db6bd0cd0f7f561267ecff62d1;;;;;;
01ac77c52cfb2a7b517af4fe6c8a1163;;;;;;
b10c9b567ba2e5771dc61d9e25dad16c;;;;;;
c3c153fc5c04ed4da9a425676725c4df;;;;;;
2c018f219684ab42dc6f081c5db1e41d;;;;;;
9349647740c284bf9c7bf224be58a4d2;;;;;;
8a1698313b7dd85e50f2fc077612b38a;;;;;;
b91e0b4e99ade5436f0d86faaeaf5584;;;;;;
5f579b1a8b9ed8a463792dae58f2ac01;;;;;;
4786ee9de0245c88ce7ca8fdc89b052e;;;;;;
f525fc36974710e3eca96e72579dc4dd;;;;;;
689c0fdf8c97641f1bb08e242a4fa26a;;;;;;
4ef1ec42a380dda554c75279bc67b6aa;;;;;;
03bd476661b43e5a9de84d1172186534;;;;;;
bc79638a8ddb8dbb14b250f2fd85fdd1;;;;;;
7ea96b511b86b8262c2ba270c73c733f;;;;;;
cd3b42cdd6065af67d239d6719deaf07;;;;;;
cd0946ca5ceb03b160a86580e5f1f105;;;;;;
9828f06eef4b1bcab8b15c09926fad40;;;;;;
17755a9017bbf967e7537b2fc99d6761;;;;;;
f3e512e78cc7e1e43485cf3d629e4fb3;;;;;;
2e632a4db2b2c79edab32a029cfaf48f;;;;;;
fdb69acf96b34a34e20ff09658fdbbb8;;;;;;
3a6a4b79de94d32ab54cafbd7f873edc;;;;;;
187d365a77eab0aa117b5c03cb1688d8;;;;;;
327ddb24117c834efe6cb845c98c5269;;;;;;
ce9ab3f7dc6d438c374666ba579e8f26;;;;;;
87048407457708a876c0f99778da5b34;;;;;;
119e3627bbd1920741cb253f2a984c9f;;;;;;
9fbcff369598a4d11dc3d48a23a44839;;;;;;
fe4cfafd4373992f06909aa4187060a5;;;;;;
f6d67a40644ec43e10172cfe70839492;;;;;;
f45f4cf2bd8f5a4324ee67b2f3373879;;;;;;
12923904a788e29d77f1d1795845d3d5;;;;;;
49ca0f31e622e59e21977269222b6d26;;;;;;
041bc1f0b4e79175bea164c7ffd20bd3;;;;;;
d567c9b7a80d3b67b28b1cf780c18d7f;;;;;;
724da872d41d237c3f97653055ee1be8;;;;;;
e4da52f6ea4105daea01d2211b9cc9b4;;;;;;
fcbf60789510971bb46288b073d35891;;;;;;
728d6c5b62acba5c06d37cf15ed8cf75;;;;;;
56ebbe61a252fcb578e02a3c46d0f908;;;;;;
b9d0c748568aec78fe5708f408d931be;;;;;;
4b224314be4b74c41a87a90fb5da911d;;;;;;
438d4c175ee4e0b9764a8b033e1778d4;;;;;;
f81d7586885696efdbcf179096febc20;;;;;;
26772e25128d64546a9a659d89348e4d;;;;;;
e8aea130a13249cd2ad7407194668373;;;;;;
4da4bdb69a7331761fc3ff1e05527a75;;;;;;
36f0e29e61f811e35c8547612228c936;;;;;;
6355ec0ce9524b8592ee3e4b665c30f6;;;;;;
7e1781dbc0e63cbe29120bb41800a093;;;;;;
f22f95101071b3d85b822ffe4bbd98f9;;;;;;
d786195cd8953f0bae59ba89eb178ca2;;;;;;
071945a4c37c82cbea85956dfe046f2c;;;;;;
e9cfd499159478de9dd4ac172727f692;;;;;;
09d592eaa1840c9a8150b4fcde904ecb;;;;;;
10b2088c554f09607cd255ea7dea61bc;;;;;;
40cff082c9b3aea96a8c1ffcc949d083;;;;;;
ae330925a2dd1bcb1264514977a7c979;;;;;;
f9e52ee8be0e33de911e24d18739beda;;;;;;
7a66214fd8ea98fa3a6657d9c89ec717;;;;;;
30ac821cb461feab268862fb60bb3494;;;;;;
2bd97b3fdedc9ff7a8dcd96c4e13d7bb;;;;;;
99e855191c0317ed659f4b9c4843e1aa;;;;;;
f7093a1aa01ac554d27cc3f247f33fdd;;;;;;
05a283b6e8ef80084ad2f53bf775404c;;;;;;
00bfd21b62a313f7650dd18c1015b054;;;;;;
8c5ac317c56731e9f79baf3573c08c3d;;;;;;
c936918fce3957528b54a37df00c750b;;;;;;
50bc3d539ac185e73fee6a8ce081e2ff;;;;;;
1fc156d863bcbe08f56bddf5bdecf650;;;;;;
7c9cfad1c007487eed623b912265f2f7;;;;;;
10c112cc3d6cbac2117d6ab68d1e36aa;;;;;;
803a84c43548806a3c5e38217ba035fb;;;;;;
d2f1c1e8bc41b2adc18bbad7347fbaf7;;;;;;
e4e8379f6d9c7c72a68230dba56b2032;;;;;;
9d24e11ce8fcd5a01869064a6c8611e9;;;;;;
07acdac9401f15171f0d317b10f68e7b;;;;;;
3ab216e70acf4adeb7ce9addea5a0210;;;;;;
7aa89e6284418f5b38a23af9462aad7a;;;;;;
dd44e771829f1b4c704e9b7ee4b48b01;;;;;;
993faacb0ec71150bf05b9307ec62e77;;;;;;
b8ba8e31f75f2393a197158ae88e81dc;;;;;;
7494bab237a5ccf4c089e63675a912c6;;;;;;
7005cf007e8461e80ca9c3e4e1f47816;;;;;;
e0798ac02497452835f1606e67e16716;;;;;;
a58fde5c07df196b31a683534dec3453;;;;;;
5c0c3ce9a6fcbb12a11959ac15b9def2;;;;;;
13515029aded386c5030d82349fbdcb9;;;;;;
7226fffda889a2f8f4749d3af434d7e6;;;;;;
66633031654fe9bc943466b62fba8f3b;;;;;;
4bf1e4e88dea3ef742aea30699e69234;;;;;;
5717d9f5e7f8991b08ddd59baf785c14;;;;;;
d8be4da95f09925f4b76a0f3ab749514;;;;;;
188e4f87506953890de9df3c84909f98;;;;;;
3ff5eac04f3074fcc7fe679827718d52;;;;;;
d482aa0c104faeb8954de53844266571;;;;;;
26282cd08f8a521f853e7332a12d517c;;;;;;
264af970e8ec831b186ba0001ea178b1;;;;;;
d2159b50f72c610ca5a2c13698fb2976;;;;;;
80170b26059f039e575a99c71f4775fc;;;;;;
771aad87774272c3aa4f7531c4a8406c;;;;;;
5c0c57a128b16333c59b4fca928c7ad0;;;;;;
63d968d3c59b486c047ed868d1754029;;;;;;
730d1c3fbdb920d744cfef908c6b32cf;;;;;;
3384583d00d71a892f565ca2d66f6fc4;;;;;;
cab6c9412b4ed3e0261ac410344f3d91;;;;;;
7c89cdb662ba53e46211a5ea7c843ae9;;;;;;
4f6357a4b2f9981a04f6cc5d56cb8b72;;;;;;
5c7d81282f87e70d4febf39f08ede935;;;;;;
8eb8b7fda0e1947b4775743f50fc8525;;;;;;
b95ee2dad313acd2cb606d6d6bf54a35;;;;;;
e5d5dcd93255587c213082fbaaea00ad;;;;;;
511bc84badf1e02fb1730bae29394d0f;;;;;;
e702decb5f1690f2cf58831374b20a6a;;;;;;
79dc9af10aaacdb7c84134366a66a018;;;;;;
f87f71e2b72e59a52eb405116a276d18;;;;;;
5ba65c06ed23ea7b802f4ee68542b0fb;;;;;;
2703b621b921d56d83c47b401e0cf2d9;;;;;;
89cf93905b664ccbcf8ef06032c96661;;;;;;
50630e30e7afcccaa599b93a629f508d;;;;;;
96183ddf4cb196b48d35d65bd41aea9c;;;;;;
76662b604da577801a646a45627ba0db;;;;;;
04d9e61bfb536ee7233e0e5b7dd6660d;;;;;;
0a75c0c3145d88490fdaaf01304fb65c;;;;;;
da56f648412d3c3f94e2f5571bd83264;;;;;;
0d2847a70c2026549b65a158f7129018;;;;;;
648003579fd966063575863349d444c3;;;;;;
863868b3bf97be174d388c8c9e0073f5;;;;;;
fc00391a4617d9109e39e4ea692eaee3;;;;;;
9a978d42e9121ff6aaa58ea984e23b2c;;;;;;
ffffb8ac0aaeb5b64eae77473e2a367a;;;;;;
444279e42001ea82916a4f2ca3106c70;;;;;;
e07adce0677a87f4a4aa2dd1a46ae0d8;;;;;;
01e8367079231d96afc8faa2053dac22;;;;;;
e0c04f01c088035e72dbdc1ce9de1857;;;;;;
594b176920e18e43ec40f8311a617613;;;;;;
00a36b12c0d6bf30c887fa911b163fa7;;;;;;
963273a543a8ee01f9304201e8356275;;;;;;
95f735a0c5467d99ed2547459061ae80;;;;;;
4afe391a7fe53377d7bed57f197040a6;;;;;;
95b5adc275fd7e941b03362cc81917e9;;;;;;
48f729a5529329c7043426119a858f81;;;;;;
a25bf148c5175b7d7107a07d3bc44109;;;;;;
0b32fb0225e5cf39d9ad273e45df440a;;;;;;
a91a4ec0248f0bbef8b2bc7c4d587021;;;;;;
1768b8c031bafeebec6a436e80608437;;;;;;
abaa465800567e610301834f44653e7e;;;;;;
bb9f918f1079704f6226d7357ac1f801;;;;;;
493a2a5d2706f78a97ea1af269b71f37;;;;;;
497a3a668c3603fd65208ff0e47b19a3;;;;;;
14f3d82a49efcbc179db841282254cef;;;;;;
d610f7e13c9f0ca3f50a51803b0c367b;;;;;;
a457e76664008490c5811ba03de9eb7d;;;;;;
8b3729cbd09a8ae08590e3b9f925d2fe;;;;;;
b6a3c6394747d4634d7ff243e6668797;;;;;;
4e79d09a30e5c9b209dee463c05bdda2;;;;;;
4dd72550e0a8a4edcf64bcd457cd522a;;;;;;
3ac59847faa0751c7a02be10a22b993b;;;;;;
4972a0ac8422c5c7a05ec1f5ac84d6c1;;;;;;
3d003f8851f5668a8e19d51ded5998bf;;;;;;
ea50ed9c141694dc90b6136fd33c3495;;;;;;
39545502c7b51c3a7cf718a3495f0e68;;;;;;
70d98795c5fe9e3a9586d25ec77209fa;;;;;;
4a873c83916cc79b7fce1b7d9e3cc272;;;;;;
170df65afd4dfa86737bd7e23d4c7b1b;;;;;;
de3a31bc5b0bd128e4f6f026d6020d3e;;;;;;
d304d24a86c06109ad68baa86eb45d6b;;;;;;
04cdb65f27580dff53ec090ff356becd;;;;;;
50c07bdc94e36d0c5bec6390c56aabf5;;;;;;
b82bb143c3c5345da8d91097174aba7c;;;;;;
5372bd4794476912236d5f6aeea12ff8;;;;;;
699fceb5cc8d1e26507094ea3827139d;;;;;;
17b1ba737e6c6b262945f1637ec851f7;;;;;;
ab90a69388a0aea7a7eeafeba3b16a35;;;;;;
a0a55d3c07d9d51dbf271f6d47c03085;;;;;;
47a2625c1044726884af75b8ac0a0c3c;;;;;;
91f2e194078c6bc76a389e09444ea03b;;;;;;
479ac08c48935bc2407d69efee08966b;;;;;;
5dcd97779ddf7f940ceb69ee94f478a9;;;;;;
9dc87cf1aa243484546b77a5d2d91126;;;;;;
e174a6e0c3e50a8de2e279b6909efb6a;;;;;;
3a59abad107d1d15626ab3791d0a2f42;;;;;;
a77c921c0ad75fe66e13253a7c8664ad;;;;;;
ed04e0fc280a0f41147fa11a0198d84a;;;;;;
1436c1339bddd04bf7fdfa68cc6673fd;;;;;;
6c5b98c1308ef0ffd7954ce2224c2a86;;;;;;
469153f5ff2aa9cb0be1bab7978bfa73;;;;;;
c4b06761fcc11a12f950ff78a2a412f9;;;;;;
e887edc9a7ac190990321ea2959c5105;;;;;;
3bf4b4e94e3ae086ecc6728f148bb148;;;;;;
e6fb0ec83471ac7427592024480519cf;;;;;;
c4df691da96cc0d351184bebf55c39c0;;;;;;
699b47427b5d1bf8d3ef24b047361642;;;;;;
d944a610c305e15799106a3ce8aec59e;;;;;;
5e03a70c4f5d3a99d3e9804b4a094ae6;;;;;;
69d1bba1e4425a8680c273c6e8dc189c;;;;;;
feb39f7eafa33987cc2ce0951d872b2b;;;;;;
576fb285594260b47142ce6822cda0c7;;;;;;
0a564603c2fba506f501030508748023;;;;;;
187a72c82102c03f9740cc23f0d7fecf;;;;;;
f1e7b8bf8cda71920bae9335cbfb8b61;;;;;;
236c3ef9930b7fc53f9af52df958c162;;;;;;
0dc607b0c248a3c921669fbfa58306ef;;;;;;
87d9f97544479573d6acc43c20f07474;;;;;;
75c427bc6363a00c56a6b378038b96cb;;;;;;
02820872030e7f48ac61c1053ecf8291;;;;;;
a436b07d8d9c0d4444eb609e788fe023;;;;;;
186faac14c68d9adefc13ccb1e7a722b;;;;;;
091fa892e8165cbabba96b7f8e29871b;;;;;;
5c3b9733cb4d981d45b279f8b758e52c;;;;;;
3b70caec8b8f5d5636e30090708ed935;;;;;;
b81a6707e44c24f011017196ccc12b8a;;;;;;
8a0e876e06138c8bf0f57dc5378009b7;;;;;;
5a6cdef0c84326216ba37a9ee45cdb19;;;;;;
f6a670d080a86023bda8282ab7ae60cd;;;;;;
8bea80b48e4b4e3a744d199e9566b919;;;;;;
2838cb895dbec9313f2730cfcaa0dfea;;;;;;
1d54c25e1f663c2bcd2bc69891d90b20;;;;;;
a9bf056afc5b3c27ad1c2430adaa4c5b;;;;;;
6292bbfe157f3e2e03e955a889429e54;;;;;;
5bbb541163f4e3f9a48e6cce3eb9eeb3;;;;;;
44518c47097948c335ae3bb20b2f9194;;;;;;
31b20467a57f0cef4a93d47fe3b37bd0;;;;;;
b735a429a56c1bfda34126e89ab81f50;;;;;;
074a8e2867939b53b8b2356e06989186;;;;;;
408ef874e0fab2b1597de247b3e02f7e;;;;;;
a423198d89f36e848c6604f200dd1dca;;;;;;
fccda5439febd3761120887e557bfbdf;;;;;;
011efbc89a3b0b2bde3b10014fbf712d;;;;;;
4dbd6403d2f2f08ea9607bc984d2108a;;;;;;
ce3152bc363c7a9f99fe8be76958b61a;;;;;;
6563fdfd127c4ee48f585e5ecf14bd06;;;;;;
afda6f735c2baf870cbe54ed30144af6;;;;;;
60bbb86ef1da1af75ed3efa7bd075c48;;;;;;
e7ab115aafc8dd7c902b2d005cb5fb02;;;;;;
307e60b3a0a6d5788b1c59100c898de7;;;;;;
84b3c5667b7161a0a528d1f87ff9af47;;;;;;
5716a63876cc4451855e724870c3ed93;;;;;;
24c2d00692f514fcaafca1d24541ab22;;;;;;
54d8af23afa558d5b63d0e47462b92e1;;;;;;
f574c3b95a922f36187473c4334cd3a0;;;;;;
920e7bcf8a16d553dc1645a24e695ab0;;;;;;
72e3e806498a59203504604793426157;;;;;;
94778c9767b5442b671253e0316a835f;;;;;;
290ac403182aa630ee75787c2be96bf0;;;;;;
d400dfa66405ea0887c54067fc97b7c3;;;;;;
fcaf6f6367489bd0ba96dd698483b5ab;;;;;;
192f05f1bae95a8414a402bb1e13a94b;;;;;;
c8c75afb78e918bbc290dfc232ae6d5f;;;;;;
c12cce2c1785229dc22ca7e8a5b0b44a;;;;;;
96ce11fa88476818c2d71c630373f21c;;;;;;
cfbf06ad5f44964a411d436bf831acf8;;;;;;
824f8e595c5d7e26f528123905612584;;;;;;
e3dc929f1547c02bc9276dfeb6f762ba;;;;;;
e60a346f1286ebc609c2d74169462844;;;;;;
32e1d245fb30f05266fed4d8f6d97f2b;;;;;;
f9e44c2c91460e1faf3caa01dbe20e6d;;;;;;
3e3706da37b9f244e9a3b100bc2eadc0;;;;;;
586355cf0dc3bf32fba13bb817eed52e;;;;;;
55f73b5c7cc69fcf59f619e3c50e2339;;;;;;
b530668b5bc2bbef3b861d77a3c62b59;;;;;;
d972c955d42b2c00239730b5dcbfdaf6;;;;;;
77738ca1514a69b676b7f680d9647dc8;;;;;;
5db7a01e62c142f93b2d0b4cce4eba7c;;;;;;
198306de413dc2ac0f00c4a08b7ebd12;;;;;;
9b0329e655e2251c48fa11e4077a87f0;;;;;;
7659344ae5b0e7afc657697a6c840b5b;;;;;;
5e52b979e58e16bcbbed23f9d5d82d5f;;;;;;
22da8c4c4bf668d7368780030696a114;;;;;;
7b4eb6c776322cbff0b35ec9b153457b;;;;;;
ea88bf7fb94b2da45fabcde35aadcb2a;;;;;;
b48b3e03cfa22363891ae607d37fab39;;;;;;
db08e60437b1c4da911f92b8e4e86c74;;;;;;
29eb89eb778f29d900e98ef77dc2aa4c;;;;;;
aa1792bce0df7fc8c0830ade2de1f6c4;;;;;;
0249bebade630e802bdb35f1a91a35c0;;;;;;
c8b6b0199d3739937d8c8f9b168cbfd9;;;;;;
a67a3e20b6b1254ee5ef26cbab41ec99;;;;;;
dec8111385a18c70d242ac8e8c5d8c62;;;;;;
4094e330163e748180d3643d53365250;;;;;;
1073542609a36538475b0ce5370463bf;;;;;;
d32264e183aaee22abf056473cbdfa58;;;;;;
cd3b4a8f985a72270616c0e244f76bd5;;;;;;
c39096ecebe17f862bbbaecc650e5b4e;;;;;;
619bd6bfdd82f60c473bfcc7c54770af;;;;;;
89e413912cd90d67f618ab092d9d6708;;;;;;
dd9fc784bebd3bc3fb11c121057e526b;;;;;;
5f1e57a173d26cef1401755cbd4b2bea;;;;;;
920bd518307d8d6a83b9cbdc2f72d59d;;;;;;
c320cfae97454e81ff3aabe321729f84;;;;;;
d3b72acdc6b857b46241d69414051a34;;;;;;
b4d27c4a817f80415551632ba0965abe;;;;;;
d827c4f20ae1dd1954824f3af8acf490;;;;;;
ecbd807e75149bb72151cfdc7e475345;;;;;;
5afbd9a7fbffaa145470bf7baf996f78;;;;;;
4eff6a2463ba16849b3bf76948b7236a;;;;;;
9682b454ee63fe350092d67f2192d45c;;;;;;
30a4cf1c87648e114f962130132b80ca;;;;;;
5698e12446c87093b79206436f142e9d;;;;;;
f4bf5c07840f37c5ac0042039bfe7c32;;;;;;
65dfe86a78e2e5968cb43359583467e8;;;;;;
74cd52103f7c7b1d1687a3df7828a33a;;;;;;
8a7ad0459e19ca06f643b026fea93674;;;;;;
e5ebacacd981fb3259b61725db95c205;;;;;;
623b4f72c44182b6048adc0968085cfc;;;;;;
d4233453735ac364e58dfb128479b488;;;;;;
e0362215d2cbc14a4ff7aa76b3f242dd;;;;;;
c73a80123b965ed958ad6fbbb4125533;;;;;;
d296cbf206664e24cbfb6f0aef55ed8e;;;;;;
a18546b5103def91c6972b42f0a08998;;;;;;
f2b702a747629b98714cb623c69bb843;;;;;;
4c775b69508d0747fe8f37ba132a3ef2;;;;;;
cd3b228d50966372c77137090c09a495;;;;;;
3e095cfb1ad36456b3e337ee029d762f;;;;;;
621c8d192eaa7daba182536fc2daa225;;;;;;
753f195665873932ffd3f67a78856c2e;;;;;;
dde501e1639f65cabdcc8e239283fdcd;;;;;;
3bf9a7d78ee0f201de72db1d8af7d000;;;;;;
ad95a0b59cbd134927d311d3bf3a67a1;;;;;;
bbf83666de9a7406a342ce426e1aee71;;;;;;
dd2a31b0ca36f358e4fc386f2bbdc359;;;;;;
b094624c04f94844192f8e32235d9134;;;;;;
c22662b499ac24eee1003ecf7a04256b;;;;;;
d0ae4f8ba36f03aafd5cb436e5e7bbd4;;;;;;
774b51e58ee555c1d86b17771a6a05ae;;;;;;
e821fe4172764283efb004d5550a02f5;;;;;;
ffe2e4200b0d01aa7f6672a588bfb06a;;;;;;
a833ae5bc492bbae22a856b2b46fa2bb;;;;;;
c548035cbe7067b784e700dc26c16e2a;;;;;;
e5a5a4998e44ef7ec84f7dd17d59d68a;;;;;;
7628af2fb02395fe530361fcc28c475f;;;;;;
78f48c99933fb4662340451ed7aee6ea;;;;;;
f074295d9230b2e936d32935b4a6f7f3;;;;;;
4ce63bccbdd2ef5c48388c0eb99445b8;;;;;;
757432d26d79222d0114bea823aa838c;;;;;;
0d6a90309a212f55b9950b14574d085a;;;;;;
8ee5417712bd4da01cd3bb378a942d4b;;;;;;
fdbd54455e730d62eca444a655888fdc;;;;;;
a5381770ce24ed4c744ddc53fde5e03b;;;;;;
e6d9fc3755457b199fbb642d220408af;;;;;;
083470e7e755760db134b89a1fcc7d9a;;;;;;
88568a5085f85a258f6e33d90ca238f7;;;;;;
d15e29d6c9f0b33155c5b0f12f02c5db;;;;;;
60c3c238bccee5e5be48b65cddd18a54;;;;;;
e38bdc960c72b3098fc145f0eb410829;;;;;;
b530f5b7840f2f226854a5497b019117;;;;;;
394ff3880e8d45d4135f24adee9291dc;;;;;;
3c4d79a35def6bee8e49e6d397fc78f4;;;;;;
40c706fe101c41c69c6e9c1e2db196b7;;;;;;
c5621fe9b1ca35caa6cb493e430660b1;;;;;;
feb4abaed0896735edb61ad6d9dc5698;;;;;;
eab2f0b2bbfff7ecd9b7486a064f0ffe;;;;;;
35894090db912406af3715b793827586;;;;;;
06679c215773710d2fc593a4218b7288;;;;;;
940295c62f6fdd37d391d10a071e5aad;;;;;;
af9a247f143ab96b3d753a0ff2b370bf;;;;;;
2dc83b5f1b2f24ff7bb63c7fc9b3cbc6;;;;;;
df844636429f41957367acd4518ceb0b;;;;;;
f5f5ef8af75b9f4befb937e93add8249;;;;;;
43387cac201be945ed8057db8dd49506;;;;;;
90b3892567396e6a972a4a17f49ee711;;;;;;
1e7d3dfed84739c9d20945c81625129d;;;;;;
dbd8e06b0c396a3c1e5b5821a9a7b7b0;;;;;;
d3534d86af5ef10e2557948f1d69297f;;;;;;
296deb049ed8f24dadd937613aaf53a8;;;;;;
8d10152e3b7bdb8fee4e4565322b7d1a;;;;;;
85335f52b371e7991aae01faba817df4;;;;;;
0666129bc7738cdbf0fe6101af204507;;;;;;
b8185b250143120b2a2ff53d3783e9a2;;;;;;
be2247ac50f629a052bf8021018e081e;;;;;;
02245e204fc632f0d663db4bc8db9d00;;;;;;
352dd901764342d553177571d8a2ed73;;;;;;
e3fcf1743a79168dbd2b012bac066e2c;;;;;;
6a5a42ee8b915a7017f7f2de76e99a64;;;;;;
69af99abab4a68547974f0b2861d424b;;;;;;
19c434aade31d03602582e2660a54a73;;;;;;
e6abfb9de38a39d748cd9b478aeec7e7;;;;;;
67f88ac1b57815a681ad0344c0330bc7;;;;;;
103c41b1f754c63525f87b000cb58608;;;;;;
8d7b9ea39bc04ab69701d803363bddbc;;;;;;
33e234c6b0a2ede1fb486f9478ea969f;;;;;;
5f92adc0f85664baf64a7914fd5cb69c;;;;;;
0310b59bf26dfc4719441b2666f552a2;;;;;;
7c5c270214200b0760ba7c315f32119a;;;;;;
ed4b26368b1f6ddc96c3b35825216ee7;;;;;;
663bccd95ebdfa9b8208f9faaaf34382;;;;;;
fb8a77f8b58ea5846e5b62311a879a63;;;;;;
bc2a67e8ac1dd2c94768580706953869;;;;;;
275d6f9ed05a7159ec3c76dc98c3d5dc;;;;;;
d15b80ee9e1563057e7e61819f1bef2f;;;;;;
748a7f828aca75954bf6f6e73ff11e36;;;;;;
508d9b95c5e2138093b5bb1dbc116c38;;;;;;
cc750e1687ce8feb7cce634a966fe0ff;;;;;;
e15deadf53e68e6f24dfb7765794adf6;;;;;;
3241010b9446e0e019a0643de3f20c01;;;;;;
45fa689638d4f21caac65bdfcfc72347;;;;;;
0e6527e268bb058609a031d8b209e69a;;;;;;
7caed9afb7fffd8db49104c08e888a11;;;;;;
bfd33b0c4e3338ae69bd9f0023dd24b0;;;;;;
24c3bfdaa8dc46d5960036863fa33171;;;;;;
d415f47e7a2930a9423915396899cb09;;;;;;
edce0591e19450cf8cec2280a7333fc4;;;;;;
87577663d1b1e19e47c8aea3d0e1a7a9;;;;;;
e7281cfe7b5c27098d0edee2306fd655;;;;;;
f9c75bf4d83abfae7c1e67aa69809925;;;;;;
b5f734b4862338dbff74dcb4b2b7060e;;;;;;
f36b7321f92a2360a841c7ae9d69485f;;;;;;
0a3f73de9fe6c884f674f48e04c1902c;;;;;;
f4d6f7d7c096c5054e37f623a0a6c575;;;;;;
3bd540c48e74cb9210e4c1e1e27635ef;;;;;;
a486899e5f6fb1182482184a6d44e669;;;;;;
9d589a80f293bb6c2370a5d8c2544ebf;;;;;;
5e271152671753a3f05d6168365b379f;;;;;;
4a400a35a2529d5078fe742d337e8bf6;;;;;;
aefc7c92082aabc016f790cb4d00929e;;;;;;
7b56d304a3b2b34ed95e0f5a03f3be0e;;;;;;
151f5d0f2d4316de8f28a613236b3fd8;;;;;;
005b3e3da29f1be5e18851365ca3b23a;;;;;;
d25f3c43aecac68934de265ed905db7b;;;;;;
6646d6c931e93cbc32963ce1d6236496;;;;;;
95502c213c5e3facc2e59a6007ae699a;;;;;;
48a4b3fba992483e45bb5bb325c8c230;;;;;;
c2c11465711ea64b862ec506f77d83cc;;;;;;
c16d8fadb5e6b996776a6a4bc254a696;;;;;;
da9146e0924bb9bb04dc1012e3682168;;;;;;
82a01062cfee8f4207bfa2c22a531f9b;;;;;;
e96495d94246b57d2ba3cf7dcb0171f8;;;;;;
5774b1e99da8c557b0a8a20e77785b85;;;;;;
6e57e8fb2f892ee3bcbbb5cfe690a0cc;;;;;;
4362144dd400fecf0faec836e952f188;;;;;;
09482c6c12e200570afe8f1530e1037b;;;;;;
bb97106cf9e855cdc2459cac6e0875b2;;;;;;
4fdd71b0ef902bb4fd5608db92845637;;;;;;
dab06140048f2242b58f6a27890ebda2;;;;;;
9dddeb864fd24dd785148e3352507e0b;;;;;;
9aedd0d98cb4d8ace340e2e5162557ff;;;;;;
d61ea42fe63cbbadc5c40478cf3e7bb9;;;;;;
4f5b43976da351b2937e6c5207969e8c;;;;;;
b55560cbfcd0b0991a66fb396f2b2f56;;;;;;
4bcac7f601cb2202ee656b456331d2d2;;;;;;
d2782881f0512976b120d18b7cf62f66;;;;;;
fe47fd42e2c2227966698fa024d93be0;;;;;;
b1e1265c165974f05bd6b082da08f8aa;;;;;;
41183cb2661bb781a204050388a0516b;;;;;;
a918fb1e86c95a816bb16f3055d691ab;;;;;;
211928dc459fe655d77e2cfa913470f1;;;;;;
daa598814b6cf644ee1fba2bc17fceb1;;;;;;
d26b6e13107dc33acfae93be90f7c9fb;;;;;;
2af1fc7d177b4458b1b03e1e5bf863c6;;;;;;
bbb1f6ad20e9e619f227730632ee77ba;;;;;;
16643429a1fb76e8d8db035c780b4138;;;;;;
a282663d1b036f0868977b8e44551702;;;;;;
753151b16b446cb3d10e0a642580e1a2;;;;;;
d4e2e8a3bd7b59e76455e28cd9014acc;;;;;;
928a962f3d4d84f50b3400b9f3f64e7c;;;;;;
59b79d6214cea76dc35fbd251187395e;;;;;;
5a0151f99ebef47e8a78784f1b99aad0;;;;;;
e6a6fe69cfa2ac2de72536740deeffd9;;;;;;
3c0b14de2f3c57850bfe07e3e9a7c834;;;;;;
0edc94ae3faa287e6fca8ded6d56e9ea;;;;;;
b7ad4c7c782279bd3c91881ec83bcf6c;;;;;;
876432dbd3fc4eb1db70ce1b73bc9352;;;;;;
5a9c7ee0127537c3194441674d8ccf44;;;;;;
023d02eb0989cca65d45e83c6ae071ed;;;;;;
64a476c0410110d336e09a9614eec97a;;;;;;
4018fad95d41cc8cc2dcdb33e138665d;;;;;;
8bc55127f251488cad9475f4c0742618;;;;;;
0c32d402df9072c727ff7bbf6067cdd9;;;;;;
27c4389e12c608ae3d69910a7d1eca2e;;;;;;
8e3d19fb6590beb31d91de80fc6a556e;;;;;;
1392047b291ea6058be50ea3a3585122;;;;;;
026d668fd97c41809a54bee951153edd;;;;;;
547549bbdf5386b9e64efea5a04cbdfd;;;;;;
1d9412e15c233e53bcc8d464e55b2710;;;;;;
9780100eeb7f9669398960839cefc615;;;;;;
0a182f6ea9da975c8a9879b1b111aa48;;;;;;
1987f158fa923de777e510c45c080095;;;;;;
3c290a7d28a70b660d38dc8e899d748f;;;;;;
a31cb69cd0a8fd0d00b46ad12d298c5e;;;;;;
94e48bb06f837ab19c758fe046d57fba;;;;;;
d792c1d697dfcf311dbc5bb7998096f6;;;;;;
381def5ab0956b27cf03b3da9948cfaa;;;;;;
787c24541e5cf2c44061b022a267a0a6;;;;;;
378c1f7d49cef9d893eb8dc6c4fc3557;;;;;;
ef1a1fc8d092c78026d10879b9220a0b;;;;;;
7b9c2f5bebd93b19ae6f13386714b40a;;;;;;
bc1c3fc3b49580e30c88f3b70d0eedc0;;;;;;
de9133b4d6f08b5d31bf14361f6be3c2;;;;;;
a222d78ce69221fc7a8a4c18bd71ecaa;;;;;;
f1ba91d1d7e582bb66382b60b2820683;;;;;;
a00a6ff597dd6d9c90fbe1df2fd7028a;;;;;;
fcda2c5e7252eae98f157013f935c5d3;;;;;;
93a79ed8d4e20e992e619c919f61708e;;;;;;
3a68af6a3442515cfddb72fd03c1a8c9;;;;;;
2650a328a9ec2a5905e046789f615a63;;;;;;
8c2f0b8128e2737f9a3805be3e1b9d79;;;;;;
afc6e4c9f6d9164dfb2422e1d0cb5bd0;;;;;;
31cd74a00871d27574944906316c1463;;;;;;
d86656c0a8de8b9525172f65beab3377;;;;;;
448389a0ce8d9eb2eb3ac8e6c95e2f7b;;;;;;
83cccf1d80757542193dc70f789e5cd8;;;;;;
4b2769579a6ad59998858b676fd73cbe;;;;;;
69f71e9b47000483693790cc662f2db4;;;;;;
9e54ea1cd926d69bac15b5f11efd1fb2;;;;;;
27d5b82a359d21a27c5e58983be213e3;;;;;;
57da5380ecb4024ee8d3c33b1ebe997d;;;;;;
b6f8c42e8eda0c9c46914a386e325c13;;;;;;
70876a3b01c3a0e057d477fcc02b3be6;;;;;;
dbc6646306083737c8324bfceaf6d36c;;;;;;
2d7f6c2f32551a602709d444610fb3d5;;;;;;
48eaa1f967ccaf141fc00a39b7ade03d;;;;;;
f8fcc0cdf7b9c428a026736eb32b5323;;;;;;
964a4ab6e541317c1d0e1ff5f0c0f7bb;;;;;;
857d82324aa0cee1fe29708f08b23a92;;;;;;
b436af6ed82bc753c0b4f40b8c6bccd1;;;;;;
3442e4db0a7eaf1c172d08e3a9447998;;;;;;
0ec1310b429fdbdd7ae2793bdef04598;;;;;;
f3a9593c2e018ed66eeb92653f76e5bc;;;;;;
3b67a8cc03fbe8bf2151a56240f5b131;;;;;;
8ee5b27aaf15d942da1a0fe8f4797da4;;;;;;
6c17a76b49dbebd68370450400efeff2;;;;;;
b6e71adc7aac5df83f12f400528e9063;;;;;;
e750e0f6c494f6396e0ce5c026dfc93b;;;;;;
a8a28a7a0b371fa5911754b274387122;;;;;;
2bf0ab7ddbe05c09c7185da994e6c340;;;;;;
0f196434e546c71ab566b82b1a86dd52;;;;;;
147b987fafecd733c902e9a1bbe49ff5;;;;;;
0e7353b3422c37488270b01ee3db4a8e;;;;;;
3c80a4bbef253cf62669bf737e8cf9ef;;;;;;
9beb761dad752a074bc31612f36c0d7d;;;;;;
b417a3b919c7c67777e62d886dcba2b0;;;;;;
bf8c3481a2f8f8d62bc0ef13ddc72621;;;;;;
bf086f2edab27f1783879075dce3b8ed;;;;;;
8e18c0be0929ce5a9605a5b969211699;;;;;;
6117121fa9d0d67728bd06606558ef8f;;;;;;
8110e06073baefbbc286524c6bdce8ac;;;;;;
233739b0f4f1d47823999dcdf77856a7;;;;;;
5514940a64af498cea5c9a0af1972060;;;;;;
201b25e11e11c6aad7c7cae78e6dffb2;;;;;;
eb60e9c124f091f476f2d8facfef8209;;;;;;
03bcdc014c7f6b762beb012891b25dd6;;;;;;
4c8c93ff015e6a8e83e7589f5738553d;;;;;;
c928f1897794f30f40fcc63a7c42fe91;;;;;;
8c3cb48120ba5b863ad8b7a31f5c0497;;;;;;
49296973e072de3154d50041c4e1811c;;;;;;
99abf6658d77b51f86380e0f46832bd7;;;;;;
084f052d222bb93fb73ab0e92487fd7f;;;;;;
6b64ceb505cab778295b0af2fbe680c1;;;;;;
aa2eea1803ae007d8f2b26679e14faf5;;;;;;
94744c0830e04e7bfb74a622e232032e;;;;;;
f8d3aefc67aea5b7ca0afe7da7fc64ae;;;;;;
8e6486f7d83ebf74471830f6afca22d5;;;;;;
7458a25068dd6bac4b8d09d26ac1a6df;;;;;;
454ab01110ef1888c2df4a5b6dcde88d;;;;;;
adf9cb5bef2977d8e3186936e808d456;;;;;;
8d0634404aded83e8b484cc74bcc0152;;;;;;
afb00d3fcec2b297c72ece654df125f2;;;;;;
aa0785150d2ec6966fb8e35d7604078a;;;;;;
9c702269a1f6f5b8982e9b973c59ed21;;;;;;
eede91e86c8f1e5d487f61e63a8cdf37;;;;;;
6f7d44e64c0d2839e05a22911690a329;;;;;;
6b8c38cc1e6b1e7625d92d453edd67ae;;;;;;
48a7f836c6d8f339010659eb99223256;;;;;;
f7bdf4806244527ae8174bd1ace2485a;;;;;;
2eef3ff4c12f46a4ab43997126a486e4;;;;;;
77bb6780b52fb40a2696b45eca67afb7;;;;;;
e14ab79d429a23890b4d385c65a99203;;;;;;
bc70fe03a71883c02e80132d20013bb9;;;;;;
59529e5cdf3d24bbf3fe11a79ced71cd;;;;;;
224cf5d8a535db43f17073e1620359b3;;;;;;
921131285e89d814909650d9004e6b6f;;;;;;
8350f557e17b71db81b57e8228e49c8b;;;;;;
4e732a1e40a9e0e75040dd029bcc74d9;;;;;;
9ac3ec670e146f74a0f6125b37c2f626;;;;;;
975c8f096ae670da363df36ab68585ad;;;;;;
679176dd81ed275ec3a2cf68c202199a;;;;;;
ef6f14210e6d97d51075dc0b2917aeba;;;;;;
f63c3cf88cb7993fb421e7f6867bb7b8;;;;;;
2f3d0915e55486ef20f25c41eaad0a0e;;;;;;
1e88d9138e367a8ed9e8a9f69fdb4be0;;;;;;
f26023d02c95681c4e653242f78d2298;;;;;;
e809c0a7c798ecccb180a51fe41faf94;;;;;;
4c4e54574f2c54a5a6846d2a6febe9c5;;;;;;
cbcb36582ecca6364a6120568ff209b2;;;;;;
d786a8efffb24f24fd662182457c4c63;;;;;;
5a8f7b25e13e9d0a0a20a87f5852f477;;;;;;
dd08fdc4641ec1843acf9bbb29f7c458;;;;;;
94165038fcea61b9d87842f59f4860da;;;;;;
102787a8d8c79e2af799e4e9efbdeb46;;;;;;
d54dcec349055b9ad15b8582414c21e7;;;;;;
90b62b727b2f628c9ab8319847b0bf0f;;;;;;
11efe1631b85caffad3d5c78e8bae15f;;;;;;
57fd5145562d9e7b6cadc5c1200ef19d;;;;;;
4df9e4c902c09173f01f77e0a265e36d;;;;;;
9cc7a8e03e3d0ec33e7004e1cd5b637b;;;;;;
7287da1747342ede89ba7f2bdee4ce25;;;;;;
b37d076d98474ff056618321ff4eea6e;;;;;;
747edb0799dceb380278c45d351f0b0c;;;;;;
a7451ca6e4132bfa17917cf59b5b0f95;;;;;;
703f852b4be5019d29f0813f0c071638;;;;;;
38593cffb45cb319e1ad0df01ee2cfef;;;;;;
c40d02a88adc550ecf1bfc40b30a69d2;;;;;;
790c35477833db4549856dc1bbe251d8;;;;;;
7e08aedc36c279498c02e96c04cd2622;;;;;;
cb342387c64765a7f282c68f6ffc3ce6;;;;;;
f401cd751d5d38654f4595320af9f978;;;;;;
7e75dae5e44ebcb53c0ca135dcbc11a1;;;;;;
defce287b61dc7daf7866bed150080e9;;;;;;
bdf6e6577a95ec155de700f9a9de3309;;;;;;
1cff9b85dbe9761a35261b46d4ff2c8c;;;;;;
e97d41ff76d5b83169baf9c2964c8200;;;;;;
2831dc051f91a5f9d2246c8a148e16e7;;;;;;
74986e380a1ba8740bf69f972e0ca728;;;;;;
26b9315cee098021af53a7a2e1f0782b;;;;;;
41080436c2d17d9ed3c599594c14cdf5;;;;;;
74a62cf05947c8332dc3ee49ba25c470;;;;;;
8ed32d5726ab0e7c9acf13110fed5a36;;;;;;
dbe1cc2b5ec6b8386e8d04359328d21f;;;;;;
63da599e9f382bdc751a0434fd3618dc;;;;;;
8cfe8bd472f5a59f82d6f865f9fa0342;;;;;;
f4a202593049e509938d5326f0a069c3;;;;;;
fa61b9a9a5e794b366bcb6c1bc4cc19a;;;;;;
e9e8306ce914395c81c412ba1b34c5f3;;;;;;
7544bb8ab549f86f04f9dd96e4cbe02e;;;;;;
e34a19dbc3c7a89c6c339631ee60f606;;;;;;
4463fb10386d89d15a5b130be83584ec;;;;;;
87cd2bcc5757d70fe26453c51286a6f9;;;;;;
712027d0466f65d7f09a855ec76557cf;;;;;;
9ef7ee62e53ba2285818926be3ea3e37;;;;;;
6779d6b5f47d620f2a73b4694f376142;;;;;;
b628ca0a5d34569bda855a7199ef25d3;;;;;;
1cebe6dd5c02c13d9f6c07b23483e110;;;;;;
15a54166c87dcd5131bf4769aa78a14d;;;;;;
7ea45fde818a2143e2617c0f31b0cab1;;;;;;
f247b73d4a2214045495800ff16bd15b;;;;;;
4a18e36621d33fba361020223098ef58;;;;;;
d785eebbff9a7b6c7f36166cab16a7b8;;;;;;
512bd88cadf6b1299576665f60ff15f1;;;;;;
09e4e61075f35176eb94147f20dec1b2;;;;;;
27474786d5ad68f282f867c169426ade;;;;;;
3e5e2d640fe62173fb6eb1bbecb6b875;;;;;;
173a67f9f998ac5e28c4ce1cd13736f1;;;;;;
34d8c8ca52e2b142b3638d6a1b12927b;;;;;;
48c02ba56291872bec01ed051ac141f7;;;;;;
208636117d3c5ba0b398d51f874d9cb2;;;;;;
2e95cb863cceff309169bff5074d1cc2;;;;;;
6465fad3d79e51681643cca8f107212c;;;;;;
91bd98045035c335b7f2c6dec2f647f6;;;;;;
e879e87d9ca3f2b20c04b182b5fae212;;;;;;
aca6232bdc01b0d95f8a2e018d4bd1de;;;;;;
a71be60d4a7f985d24267fa89a68569f;;;;;;
6f8b771ac618ccdbf8c2107300ef10f0;;;;;;
5761c16a1935a684a98767177b33c763;;;;;;
d8722714eb00d4bbbfd002bbe18a6ade;;;;;;
a0d7bcdc92d0a19dd72d9b0c75e80618;;;;;;
5cc86088cdf25c1e0e9c685fbc0fdcb5;;;;;;
843a4f7f31c6535295a2237954b182a9;;;;;;
422618340be1b70dfa51b0bf730486b4;;;;;;
5fab780c57c5af8b80989d29e064951b;;;;;;
ca7e105e07cb8fca52a5feb3a63c4151;;;;;;
d03221e0cfd899063cb3482f9d08eeee;;;;;;
6e2d6375e407baf6805e5543b8c418d0;;;;;;
4d9b99e7f7b4c598d6bf1f863859e19a;;;;;;
21e5649c1b69e377fa9c457e85b18c3c;;;;;;
b3dcec1cf8ebec412d56b575fa67da01;;;;;;
e07e0ddbc900407bb2a39de414fbba8e;;;;;;
e69cd18348fc92bc07f3d9a1899e67c4;;;;;;
8e6cc8f3e10621c0f73d2f890acf1fae;;;;;;
5d436cbe95f3d8c74365df333e2304f8;;;;;;
691d0edfba47a79f84d368cd53a6c487;;;;;;
3b38b6c6a4b8cca36ced97644ebb0f25;;;;;;
793cabecae62253eb1c2263b9a71c23a;;;;;;
3678a5df3230aadf101858f76d568985;;;;;;
0be30f6c5f6a678ff23269a42db45e16;;;;;;
e07d83718e86921e1b1b0eb874f7ca62;;;;;;
2538c0095b0bda158272886033570e33;;;;;;
61456826c4433f5d576936e10b2b07f6;;;;;;
cb7abc1efde7a0fb4037d24a9a2dad05;;;;;;
1af5b06419d5218d5492b325897ffccd;;;;;;
e56e77fae2c79b2a169c233f9a3b8363;;;;;;
603c629ab114c6dcbe3882eeb3e8adb2;;;;;;
78149da7bb1ea1d0f49e9e5cec322916;;;;;;
e251c97909f79b59eb31361023bc5d4c;;;;;;
6ce1cac349a3fe7a17250eea7223a42f;;;;;;
76fda353ea3df83f87f5ad46e309600d;;;;;;
f6e97d17a75f2a57fc60859eeb88682b;;;;;;
de761f6f8669df1ff8a625a039d7e6f4;;;;;;
04b6b93004c6fdab5afae21dc5fca67f;;;;;;
781952505abd1f17aef8eabbf55e58fe;;;;;;
ab08e205e9ec756cb0b6f29345db5955;;;;;;
5077f7f78e9db2ad61cb95b9751bc660;;;;;;
af3e3dca6cb66b3ff3768c9ce648fd5e;;;;;;
f38803b5c947d26409b47c7c37442ee3;;;;;;
e15faf5ead2deca141fc2e6b13804bd2;;;;;;
537f259112a8ac711c743fdc898ab9a2;;;;;;
4d77497cb18983650de8ad930bc80f4a;;;;;;
68f445b04eddee4067f3b71e727987fb;;;;;;
8c8f4e30a1ab21c669acec554c2d39e2;;;;;;
fcbea9535b305c48a13c4c8910306e28;;;;;;
2368a890e22564592a091e623dfd4764;;;;;;
b604bd1eb4466ea82f7e584000813af4;;;;;;
5ce3347249747193254b60aaa02fa93b;;;;;;
af32e636c363054bd77c2ee8bb3be634;;;;;;
44d07e2dac2370d1f532795cd3ab8fe8;;;;;;
d6d186971e6545939545541c61a683f7;;;;;;
cdd25ca7b7986994af588fbd58c46d4d;;;;;;
a1867cd055483f3d6fc7ae09cd78c555;;;;;;
d0552c15d1196cc2c89707dcf5569903;;;;;;
9d0d68968d37fcba5f9d9c1c0bd323ae;;;;;;
83e8a7489667f28772273750bc2a7d8d;;;;;;
cdce06107a41e6545057c7a489ca221e;;;;;;
c336f4b6581a0eedae81cfb50074abf6;;;;;;
6674af4897df592be5f080aae1abefb8;;;;;;
6d48360cfebebae86218e544688e66cd;;;;;;
1d56d7d3a5c05d161b73088af4bf68c5;;;;;;
ce884048b8c2b43cb7e0eda5fee5f4d2;;;;;;
35f5139f7a39f9590638109c45176ea9;;;;;;
d88d511955c017471d6b5ac7002b8f86;;;;;;
bc0a3a0718be7c8e14cb332fbdb68ddb;;;;;;
943c6f366a31d1707ecf9ff0d3c9d04b;;;;;;
82e76907ed107c047494e5e9d17a9836;;;;;;
ff3d1fb5ab82a52471aba07076abd189;;;;;;
ced7bd97b6de5ef47f18c6a11b7ac778;;;;;;
2a90995f7a1f38315861b8b3c05c5f87;;;;;;
b9033c4fc752bdd029cbf76c644e4b27;;;;;;
c66f0ca73a4143ea92a1ace4391d8f0c;;;;;;
c9533611d5b3b95d4629cb9cdb28a433;;;;;;
0005237ffe8f3a25cb781a26c2a666c9;;;;;;
3ac88dc701877b3ed630a49091c0db6d;;;;;;
6f3530e93ea546c8b6fff68ba488522d;;;;;;
0fbb9bb5779cf8b772cfe3024a33b9f7;;;;;;
7bba1a2fb7aadad99515f4a94bfa9a3a;;;;;;
aac748a7e3904a81df6901d84bc0abca;;;;;;
0bb39127d6c7909487e048be16a9df9a;;;;;;
972b7203a2db2d17a8b8a07ff5073c2c;;;;;;
f8d15c0570ddf813f59065e8bc702435;;;;;;
417932188282636e2bdc25345f30a08f;;;;;;
855102f5c53b02c436a1c75dc8c53fcf;;;;;;
a52f9804220f0352927c324898d49ec5;;;;;;
e18b8f235558c8b403464de00f564d14;;;;;;
475d299ed932223763e73a23986c1c79;;;;;;
442efc01249de7660e8927068acda0db;;;;;;
f9e757708f0404f12f1115b4e9d94791;;;;;;
28b02f82d010d65893aab82a1a6402c1;;;;;;
3c1a32d86bbf9277a301bfd5f0db2285;;;;;;
1bda43d7ba3f15eda35aa2c2cfc0b914;;;;;;
54abbc8587d2bf5214eb5de4c8a6f57e;;;;;;
666e745d07602d0b26d2c3d0721018e8;;;;;;
018f526fdf85488f6388a9f555f84097;;;;;;
20809013acdb71824f77880713012163;;;;;;
49b051da3b05b297d2bfba1e94a26568;;;;;;
d2c29667a91935922212a443df3e2cf9;;;;;;
554d3e61f5c8067ddb45017bc7fddcd5;;;;;;
64103b00ccba9f14f17e6b05bd47f61e;;;;;;
512363bdab4c07dbfa21ba1c37acd8c4;;;;;;
2be12190cb70bc3326c9e378dee42ed2;;;;;;
040d5e92ba60dfb44bd214da357a3415;;;;;;
5b472b666009b7d1170e1b2024f01405;;;;;;
2a388a3b1b55ed12d260af17d191bd72;;;;;;
6f2d35ff1d0e927d8c0f8958e4a0de0f;;;;;;
3799bd4c32c4452cf2307920353262ee;;;;;;
b6ea8025662c9ad7df38416bf7d9964f;;;;;;
858eb37b64067bcdec8400e1b37b9828;;;;;;
5297123a14ca3e95899d882545138bd4;;;;;;
a9d0b1249d3a36983f18d196166cf5e2;;;;;;
76a82e343eae6cfb4b2bab0c044b6173;;;;;;
923e78e49d471ba8bcb002f771ed7975;;;;;;
77879fda8a90bc546f041b9e97a63e6c;;;;;;
52aaf7c7679d70689cabf1c9e11ff2fe;;;;;;
870c82b5674876e0c23c7876eaca8f0d;;;;;;
343c6f7a8f753d2bd3066becbc4bc030;;;;;;
eb54ff2c62003175aaed75e62a7d172c;;;;;;
979a475c10da6f83a0a948138b77d643;;;;;;
53c0c4bedc52668d266b410c06b1a912;;;;;;
0b77dfd7da262d1f52f960febf0fbdbf;;;;;;
6bff2856b5ab37872c5d2ae5b1c27910;;;;;;
d30fd821f3744dd98e75641664ed5120;;;;;;
de2f6ebd11633dd5a12057254506fd0c;;;;;;
c6e8c714cd4d64811733e50cb040b776;;;;;;
a07e70c7f3c61d406d3f9ad3d35571bc;;;;;;
7a233866e748a1dc53a9a119c3d0ee03;;;;;;
43cb91324cd4e36140a2c4d6308470fd;;;;;;
6a837a32e1d25156ffbc08817abbd29c;;;;;;
a9c234e9c0250c3ccd086bef46e5c4d2;;;;;;
b0d7b6b2f4b54369d1709de1d57e356e;;;;;;
2fefbfe5af7910259c19a570b54b9924;;;;;;
73134009fbec63f161cf7ee3a437d3c4;;;;;;
defe1c83a9894b5706efe77292ce261b;;;;;;
71a7c7001170600bca6ee4c6f30fd71e;;;;;;
4d89dd5c66a5373840c4f300ce8d946e;;;;;;
fa899ddfc112067c29221d11f0c2fcf3;;;;;;
c41215d8da7280b9f30afe047d35a2da;;;;;;
7c3b2c41e331685ef44395b6a875498c;;;;;;
81abecef2ed37edc2bd907464c761d68;;;;;;
469d7ddf05f650ce21006bf7bdaeb8fe;;;;;;
b092da4dc07c6ad1ebc985a8e27b65ec;;;;;;
eddeddcee87fcf146c29730c33a05c4f;;;;;;
e8bcb429f13e57adbc1d10870b73df16;;;;;;
8944970d5eb475c63d3492ce1e0dcb7f;;;;;;
799d7de6784e2e0eb7551165cefc9352;;;;;;
6ee70c3640bcd146873bf97e4df76afe;;;;;;
01bcf17eec8bd0f090d35da87d16f5c9;;;;;;
8704ff1143ba0ef04c1a45b315e5cac7;;;;;;
b840d8f7b84cf3af9799f5ff67dfdae6;;;;;;
dbd0b8c7fca1e43accfd05745914a96a;;;;;;
22d1c53564bf3782f380bf9b7534d793;;;;;;
dfbdace250b0331d103467a7fd3fa865;;;;;;
4ea9ce533b9185ab8f23d894de163e77;;;;;;
5916b7002095b424ecdd4f9c9a1509fa;;;;;;
df9c76ff474af212f7ab190b561a9672;;;;;;
b139c7773813ab89e80a59b349858c97;;;;;;
1ba3ac60a25e5fba0b2c5863f142870b;;;;;;
462b22f49ee45d11cff5b0ce812884ec;;;;;;
120bb01aa120e89551c915f1abd30f23;;;;;;
adf648b2991002abb289590bde794cb8;;;;;;
e8f8dfe6a621d11cefb1b090b90c064d;;;;;;
1619c48ee25e62b4a3c41e1b931bd2b6;;;;;;
6d372d8d008cb736e146b23eec76f273;;;;;;
e5d5964330ea8796fa4b9c162f443611;;;;;;
dc19aebf0a82b53c824e9d456d3958da;;;;;;
3441049d20da1360b23dd8f6d52a6e42;;;;;;
1510909e0ad5aa3d021799ef52b4cdbd;;;;;;
e232198433bc37e1a64f9a231c6952ed;;;;;;
18b903d1aa5283010b3b749b1f32ecb0;;;;;;
dc78faf821ad254a9cb00dde374e89ad;;;;;;
7dedfc03a2f292c797e5038e3460345f;;;;;;
b127eb0c850f8c616f66c16122c781ec;;;;;;
5d17c69e1f34ea25805a166f002a99ab;;;;;;
7aa95814f5fbabfe57f701f0ca67a5a4;;;;;;
a28477367d29221025241d0ec30ff0b9;;;;;;
a315a4eaedb04aeb64bb96d24f37a76c;;;;;;
92a455ab6d496f874b25baae785ffd81;;;;;;
58a71695f707af040fb78c7dda596496;;;;;;
c47537b982c8204d4e43165bcd26cc02;;;;;;
94399138221ed88f381294d77c6b860f;;;;;;
953f9b0939069d204acef3fc3b40158c;;;;;;
e04309b5bf1679c5fab3a85d653d9b6a;;;;;;
2b24ecefda6001b04c66631a28956e38;;;;;;
595373c0bfd79ce4b4d1861b0eb4d39c;;;;;;
78c895e9f652958b59da20299e66c9ce;;;;;;
c1c9af96b924d0dce4d9980d87943b7a;;;;;;
8e3a6cc43f66b2f3bf7a7a8c613f236a;;;;;;
8d4487ac6801082d3b888f34300dce2c;;;;;;
5948926f63068f15c7fc2c1f41efb66b;;;;;;
644f538ffd98fe358ae890e6312c7308;;;;;;
cd9045c05b21806efa0b33d9ccfd096f;;;;;;
5a5319fcf87d373b9f9453e802ebf1e4;;;;;;
c3401d0233d4db5953978ea81117a9ce;;;;;;
a371dad1e7f7fa1024fba749442dcdfc;;;;;;
e57ef7ac9388c574cc4e43cf837bd65b;;;;;;
a57f183ffc30f82f8efdae438a484a3b;;;;;;
46826921a7c038220207323c5b8f87f3;;;;;;
8b01e226ba0e3ae49efc26efd4f531a8;;;;;;
2f5956798f7f0a040fee85506df068b2;;;;;;
dae89d250313e46e321d14c836683be3;;;;;;
ac4511370463ba5118991d3c91fcfa76;;;;;;
bc6f9ca4c98d9c4aab50ab0318d79a51;;;;;;
23629aa9cdf8f8ceb671fec5e0913905;;;;;;
c0acd9a3092399ebadcec0c434c5ce29;;;;;;
591e8366f9fdb09d6b8b1325283f708b;;;;;;
ad5d282aba5bad7d19cd2e0911a7c529;;;;;;
369b3963da9e20f8ca68104261312ecb;;;;;;
f140b641054cd81a7a63918deaefeaa0;;;;;;
7383fac0deff7a72378513827f07e071;;;;;;
f065fc0eb4b74b2378c6adfa196ee1be;;;;;;
782fc59760ad7c38010e55a829093e3c;;;;;;
0b4f4e61a4129b59f45424930345987e;;;;;;
3ae9664f42395a6db86fdc1f88fe02ff;;;;;;
0579df8145088d3f538feee1224674bc;;;;;;
f08f1fd521b3b892e74710dc42fbff3b;;;;;;
f11cd398d5de00bbbbc5e3f80c17b465;;;;;;
cce2b04481a892879b09551c41282b32;;;;;;
338c9b6e67c0992d0bf454b65e3e78fa;;;;;;
ebe014115c06b1d6392a2f8ad06fb683;;;;;;
cc4fefbee960fdd7c24d377833f9a129;;;;;;
c2d854ddba0ec085a9bf26ab7c60a434;;;;;;
2f2171754c478c47e83b289ef505fe4f;;;;;;
d7f3567adef64cac4a3869503e77d88f;;;;;;
e4eba9060094cd1b2bc82e1abcb30721;;;;;;
bebd4ed7a862266d4bced98dcc1c0855;;;;;;
419a19983648d100ddd5603cbfde460b;;;;;;
a13f812cae9f548f06f6edee26c794b6;;;;;;
aa508bf0d8df1ddaf2e108a0f4c10e58;;;;;;
54213e085face4aa752d5a25e64ea676;;;;;;
7eb7bff28d7b94e2e27cb164f61419fd;;;;;;
dafa6a5594fef2a77c28619288cd1624;;;;;;
242399c6c6922e62fe0bce24e60d92a6;;;;;;
49359ae240b7ded077877448546aae34;;;;;;
c68fa541fe4240f48f3755f251f8d28f;;;;;;
208c91d984ff35fb19acad58d6292879;;;;;;
18d35a8999ba52fb3c448a0965f7536b;;;;;;
e63652cd1f2dc92d85c90b857fa49bba;;;;;;
8c411e4eacbd26fff09a1f0e411737e5;;;;;;
e9109bb0ffe39635697b9639131d38d1;;;;;;
9ce66fc2f85017df5db9abe5023e530b;;;;;;
60e8755b137eaa61337c79fe1617e23b;;;;;;
5729aa3d3a7cecaf0ada57f5f0c02b42;;;;;;
1d925a9a086c1d922f930eabafcba160;;;;;;
7470855e7412de220c437e2ab83823c2;;;;;;
99e42ccfa3c4db1a9013cb956adc1bdf;;;;;;
ace5eb743823bb87e099d55edb1344e9;;;;;;
f5a3c60a73b39db07f0eed2ccd6e0a31;;;;;;
2cdc1116ac72dd566ec3e050333f7401;;;;;;
33972562c2385377e4613237bfb4dd66;;;;;;
54fe224728ae6b99950e576b6f04a660;;;;;;
afaec7264e13335fac10f21da65108eb;;;;;;
85964a566cd52a88d4934740fab11918;;;;;;
1a58a9f3340753841c084b7f898ceee8;;;;;;
b83fbcc9a1f2a52ed13c0b148b9ce27b;;;;;;
7fc99f5c289f2a0bbc2a35a165658894;;;;;;
a006b72003e63a00411ee9c7ccd8240e;;;;;;
fa72c8951161ec236af91cd5adc629d1;;;;;;
4880612d4a3a031a81383eb792b3054a;;;;;;
2def2128a75d8a22bed5e7a967eb3620;;;;;;
2432c31d2c8c720442586fcac9b7f562;;;;;;
042e6b0cf768bd30e0c5aad5daebe102;;;;;;
db7db895bdd1757c86648938bace4192;;;;;;
586e127ef041a440339681a0ce8f38f2;;;;;;
0c9559e290fe6036180f01d3a8153db4;;;;;;
45cc7985d47d6d36125bd38cd3e46e3f;;;;;;
27125dd3f270a407d270a7cd1f7092b6;;;;;;
313840595a5bb0a34a9c6f466dc18e0e;;;;;;
7b1af8fbc2ad93f7e8ff2a931a432b99;;;;;;
565111c706dfe0dd1085b66ee5f7d5e5;;;;;;
750fa7dbffdac9dbccbeac03ed8c4eff;;;;;;
62d2fc41517d4f2e1b4b17ad7e1681e3;;;;;;
324907ac82c018eeb4916577b98bbaf0;;;;;;
22a3169c28460179a280b0b1458cdf78;;;;;;
108eb095a16f9ee92318ae3a93303866;;;;;;
ad78b53ad85a565e7be7f20c9d665324;;;;;;
41c05b97e7abdf891c6920c599e5244c;;;;;;
97da92d6214192489b8eb4b25897999f;;;;;;
9a4c575df5122fbf543361d787c52694;;;;;;
5044400a5db59c7560fd03fcafd73981;;;;;;
4c0434eb9fb835fdf7add6ae065c42c8;;;;;;
1fa19b1b7cdcb13f33356a0ad039de3b;;;;;;
90b9eb866bfc9915eb61379735abe00f;;;;;;
a9c78354ce82779492698fbb7d7a021b;;;;;;
9db4c79e01b92cf3b538bd5b060bb099;;;;;;
5825d7c9463b7cecfe98912f2e0bee94;;;;;;
795e6b9c10b96347b76cd9605acef475;;;;;;
4e4f634520e7be95e21338128c40feb9;;;;;;
95e66d7c96dee272253ef51cecdec7d2;;;;;;
bb18c11bee3cd087a4e008e0dda87a2c;;;;;;
8ee85a70f3cb553c49a1c640833c8d17;;;;;;
8831d6736a0dee0dd766e7660f3c9ed8;;;;;;
0746b27de1f3ffd78dabcf28d3a5826b;;;;;;
c86957cd81ec953f2c771d33fb55839a;;;;;;
3a9083d84b3f668ea17db36a80d2981a;;;;;;
3ca58a3a1a050711e455b1026a500301;;;;;;
3173bdc71857c25cf2acce58e1dcd99d;;;;;;
205b79a5123483a8dc04155a788ff425;;;;;;
e4ee9074c98e60ff02fb1b660a9285ae;;;;;;
c2f8d4f5ae936ca290ceb3724fe1f4a4;;;;;;
5cfd754fad394470fd99b6171eac459a;;;;;;
1ffca0f6ea03ad85581735204883a4ae;;;;;;
4feb0ca4999c803a034a640b15191f48;;;;;;
7bc8ad53cc3a114eb2e749622c1ae774;;;;;;
9adc21aeca64a8a18413bf0ea7a6aa56;;;;;;
b72f33c259dbad05ec9458b8336bc198;;;;;;
efeb37387cf7c1406e172494e7e40a62;;;;;;
8c309631e9cc6fcca905e4f8ad7d2cc4;;;;;;
a4d0c34ed30de45ef6754de0528fe48e;;;;;;
de68212206bf13073c46b5ed51d2750b;;;;;;
e90893b61b1d376383047abf780739af;;;;;;
908b212ae1f3b718cc4d0c73e15de39a;;;;;;
d9c9cc4ebcb28d477d2cbc2841c19ee6;;;;;;
0163e1c47dc10013dc719ca21ead448a;;;;;;
eae0b27288fc5ecb024e2f9cd6720da8;;;;;;
0d5f3cb31826f0ce559d5e66bdf0b34e;;;;;;
6252dcd4b2762a79e618805ec5d4dea8;;;;;;
9c8d910ef4fa7d7df2d76efccbb017b5;;;;;;
cd2c5e9e989413086fa512e63f74d2c1;;;;;;
19ee1dd1e423ae57b2f1c395ca47c8eb;;;;;;
3f5ffa07ede4467f1e426a198663c90a;;;;;;
c9c87a5e2ae1d8a762ed5048215b654c;;;;;;
ea3eece41cecaa394d5825f753ec7697;;;;;;
7f6e556d7e98c3848f9bcf40035528db;;;;;;
123d6803db3eaab8a3a745e0fe97a771;;;;;;
6ae272e5e140d34e1faa22d9dd952ce9;;;;;;
1282d0f3f449566093c98502da8d8b8f;;;;;;
99d83096f9b23bc72e108dbb1395dc23;;;;;;
1e9a9de2ff1ff70c59162e014ab41bff;;;;;;
755a63d98d71f78c6ea1ce82b057656c;;;;;;
8eea15df6f01d3c94849934111899b11;;;;;;
2b40f8c1b0399898b6d9bb72feeb6399;;;;;;
cfdda63dc02837da2392fcd1a31371ad;;;;;;
3b790ddbc0b8d3e13ec58d4ec5bd4ea1;;;;;;
81483e5f59fa9f26e6bd676d6b5ed30f;;;;;;
4af83a0d6075b5893bc1dad95773e489;;;;;;
6841364a1600aa19eba0bd14c3047ae0;;;;;;
e19a6243aad0b4406b3f115aa2f18514;;;;;;
348fe638697f08888f9ded4b5b071231;;;;;;
2e9efdd09aee236d2f7c84cd5fef5952;;;;;;
311c2a61b51db9f9b03661fbf970e9f6;;;;;;
6db7a280c2dbe467d723fd61c79727e9;;;;;;
19aeb7c7017b73d893b460754b3870af;;;;;;
a4bda9a82a41e40a34bfa44eb6a60ae6;;;;;;
92a2ce4dc7886e649a1d212c2d66e1f9;;;;;;
ca9300941a8dc8a2df9134222e5b9f75;;;;;;
92b6cc1e231b0dd87fd2f60d77b3142e;;;;;;
3d6168cc0ccceb419bc9ae3c436735ab;;;;;;
edada2b734180480098658a76f5f51d9;;;;;;
5affcbb2e4cf6cf15e824b504b77e9b7;;;;;;
ff5f8f104724ac1297b1f225d7747cde;;;;;;
2b518aa22ec7d96ceab5b8599f7f5b23;;;;;;
bddcd70199ade9d89cbcef5811ed4b05;;;;;;
60d991789c2337eace5ef383ab07a9a5;;;;;;
2556126de54bf86bc8d95f6c46a84161;;;;;;
15d505c6cb5f10098db3da03df817df7;;;;;;
f00bc5982657ebc6dac7a902d0b464b7;;;;;;
5d078a2727f3fa904f1324cf0816ed89;;;;;;
9947e28e0bc51619da819c3d694dd8c6;;;;;;
43c992e5b611adb3ab04858422a484a2;;;;;;
c9f634aaf5c8cdce0da9000f9acdbe4c;;;;;;
9742a602db6435fbace80d83e17c249f;;;;;;
8b0d793eaaf8cf924d67ec33b07764ee;;;;;;
5c7b5c4de267c7ace111ffbcf560d030;;;;;;
af0821a3221c8c55e670082a6f10fea4;;;;;;
1144ea4ac793eca5273dbc2eb4ac0efa;;;;;;
d5634e35c3e7533981895163476686a8;;;;;;
d215298b6aeefc67d5feba424c62f326;;;;;;
1470e2d7ffcb1007017898b40f7af1f6;;;;;;
ea1c55c9d87e7779f4a229e1e43fe818;;;;;;
e12bd1fbf19f51a6440b2f299b7fb748;;;;;;
6473b4b61bb35208fafe6ff773c3ac40;;;;;;
de0f732a38b967270cc86007cdcb2e9b;;;;;;
b86368f6d68fad943e22980056435396;;;;;;
fea79a8edafb6ac4eaf7e107f42f6609;;;;;;
dd96ab0ffec6c84daccd0f2c9dabe669;;;;;;
f34b089cb44a1c0b2a0dc029dca1e419;;;;;;
31b90fe18a28eb6fafd62486ef3f2a8e;;;;;;
ad4402b2ec0d24ff2811bce94dc20172;;;;;;
ee6fe8713545f62f0e28e049c55ef5ba;;;;;;
5ebce8640cbe59c7825407d70a45ee87;;;;;;
105b989c1d2a172c7c2fd45dbad14b8e;;;;;;
a43fef5cff3a1d4fc65dea4ad401a7f0;;;;;;
aed73fb04fde97f20afcb1dfd9f35545;;;;;;
852916e8bb05cea89e3c71632a24670a;;;;;;
b9a8a4d7e2291ec57022bd140cfd5f16;;;;;;
549f1ffbd6589ddbd41369e5869b3c62;;;;;;
8325f0b8104c455103cb21b3c05f2cd0;;;;;;
ff41c178008c0226920613c179466326;;;;;;
08b2dcb087296109e0472d35f2902601;;;;;;
4ef6383f79e587f5a44719866be70bfc;;;;;;
79f79a42ce76291980ddefa3cd1d58d7;;;;;;
f69d3e68ae0ee133e80392794a81f361;;;;;;
9bdb5d1aa2fe7b642eda0664e8b91f49;;;;;;
e55d7cd1d2ea9ec884633c8cefd18e2e;;;;;;
799f139b1e0ed17cc0e990ee66f2df28;;;;;;
8c7af9b4f31048c7609f573fb162827c;;;;;;
43fb026b7780abb381ce28aa3fc85348;;;;;;
6e46924bbc2fd7bf856b466b11903447;;;;;;
1d4265e41297b88b320c156be61c821f;;;;;;
356b493bf36a7cd60508110f0def0b08;;;;;;
85774f3b2f72cf32863f82d65f3c4f2e;;;;;;
3be66634328645d7af5d7542cc22a1f1;;;;;;
a24ade461c1a8a69b34f062d22575adc;;;;;;
fd6fb031268dc1ad65551ea60898de32;;;;;;
76961806a049e8e727d59ce10377c5de;;;;;;
f44928eb6ed330dddc5a61e8cd542b4d;;;;;;
de88e55a3eb1c9112ac4b8f8a174cff0;;;;;;
7af0ba3fbe015ca3201d57f78d1ae760;;;;;;
ed7ca51d4d89fd1713ed2fdb990d3a27;;;;;;
9bea9c6e71037dde7c4a26ddc5e6a803;;;;;;
3cf51337c43823955da90da5caf7c666;;;;;;
45bdb8a7cf45995a48bbc0c73bef4e91;;;;;;
beecd5a0425ac622058e1b882e8d0ca5;;;;;;
55ec1694038684ad80a53a3e2bec6d47;;;;;;
9d69662717a0518a012bb553f9d2837b;;;;;;
9ee0dba7f9af17a840a951f255c67496;;;;;;
cc7fa98db81725c015cd2f20d76a60ca;;;;;;
a5e9c3d73cbb35eb14faf8a303ae264e;;;;;;
f99388a33bfa1abacd3cc0e67a85fd01;;;;;;
2b735208e582175c6c6f805d4ea824fb;;;;;;
94267aad931c20f9e087dfe918c4066f;;;;;;
85a2ee70651ab6c821fbc5e46cfc4370;;;;;;
459aeb546bba13ace55a75c50b7ffaa7;;;;;;
2bc04d9e517c280a2ab8bce2c9457fd8;;;;;;
2d44ecc9b05e18f830424c4e4cb4589e;;;;;;
bf431e0716f460283d5a63e2ba77c910;;;;;;
e6acd5ed2e60278796ea68489e3d5ca9;;;;;;
0e758f5b80cc7867621e2491ae52515d;;;;;;
149c191552ec87db91926ed32e904373;;;;;;
dd51764b5a2fe23679dd80e9061563b1;;;;;;
cfbf59b871b1f73a0351b1e83684d313;;;;;;
a2b45823a7d82ca95c929dbf27f68d60;;;;;;
23986423f0017bd90549a47e35332616;;;;;;
d1786fd4529878d87d40ed9e573a9b64;;;;;;
218b5a5549e620ac08271285d370e2b0;;;;;;
24c1610e910694c0676edb3a1c6eacdd;;;;;;
e7029cf230f0619641c2213b41a4f19c;;;;;;
dd81773e6ba8cae7e0e8ceb4fbe78a44;;;;;;
3877bd57b065e78a99b153aedaf81c76;;;;;;
0eaa8bfc7d86f0dfb1df1cf38fc47197;;;;;;
a289f8463cd0fb1aed7e124bba705888;;;;;;
3a284b411a457851803baa93a0463926;;;;;;
185462c154d3145613c8b8fcf9ecb306;;;;;;
6e1a32f56186044f618f91614323127d;;;;;;
ac231af16bda3acaac03f6732f575fa6;;;;;;
32713e8af1e67b8282313854a5272e33;;;;;;
818af039076d6118a10fdffcf21e346a;;;;;;
4949d0992ac64720877de7cc957c0e7a;;;;;;
a864b7b479a9743bd550378dfe44d3de;;;;;;
5cfaf0e12c9cf22960cc075a0e929116;;;;;;
25c3813e527d59a0ce756424a9bfe2eb;;;;;;
cb10794c686580853d40b64a34073438;;;;;;
45c17807b07e32f8c4860ed47faf5efe;;;;;;
0cd0e162e83735334d6cb2ee294188e2;;;;;;
894d7803fe77f00de878b1791088bd5a;;;;;;
4acb9d7309fec0afb3ee3646ae7da67f;;;;;;
4a8192defc9ea04bd99de2e6c80c6fce;;;;;;
4ce000408d5cddcdef6fd13347e25995;;;;;;
c900c6be0570d9ebd7675a5bdb4cb758;;;;;;
64ce1efc571b62ad0a5f275d433c4688;;;;;;
3428ff1c5266ba63d656e3562ee6337f;;;;;;
bb7e6970ba7d2b8053aba1f1dc33effb;;;;;;
3375d8b926a3c82f2d00c1c6ba1893d6;;;;;;
5fdbbd388d0d5addaf300f65df5d0c45;;;;;;
03ddb7b859f2931f492da41659c3938d;;;;;;
f52345a19e2f1ce7c201e62a81db7201;;;;;;
9b7c0ea92826c358b37d2cd8d0a20636;;;;;;
7517b9585b9b1071a0290a6ef53a8a79;;;;;;
365075f6116c342ffc16f7a8b8e6b392;;;;;;
2905367d3074b2ec07c20128c2c94bf9;;;;;;
cfaa828967d7692b8dc9986d0ce4348c;;;;;;
a65f132ef037e74ecc4272999b1671db;;;;;;
9a633ed9b118dc1470a7418153fe75b9;;;;;;
580faf27d9739b90a64eccfcdc9a6df3;;;;;;
34b78d574a3b2ed2fd5b8d60de189dbe;;;;;;
6ce3a1480a837da51bd611be477bae89;;;;;;
d3b274811b99887b1b3bdeebb11de641;;;;;;
cfc308659d1b287b8c6d6cea1d8280ce;;;;;;
8f0bc9557abcb427a2b04e584b0b5acf;;;;;;
fc248386cbeac80c59c0095afd4419f5;;;;;;
f5274c03e938406d465523b755a087d4;;;;;;
31aa93475f9be9ef134c4c9501f029b0;;;;;;
7dbb68fe4f89d17bcda4b178a0f3c8fb;;;;;;
3a779806ada10da04a8ca4252b9b66a9;;;;;;
6ec624f139de6d54aa91f56d77af377f;;;;;;
0f49929fc4f2e5a68b011d38e3ff841a;;;;;;
84836f795d10e680e297c840d307ad6c;;;;;;
542326f0f1fd44ac721002828717165a;;;;;;
e2cceaebc78aedd26ac7c24b921e4315;;;;;;
661865f91aee31a24262e620be9adcff;;;;;;
0af07c4a1b45d42d93a23c19294b4986;;;;;;
84aa961511e5845d51cd0a788c35beef;;;;;;
c61b5c76952462f9d394f3a41cf1b2b3;;;;;;
acceb3c40a38f1bc0912457c461e7ed9;;;;;;
87022495995947f94291652de066fcd6;;;;;;
b80be6abaa2ed1709a7c37219001e669;;;;;;
3032f0c466891d6e80e3faf53f87c164;;;;;;
a0daf4184b1683846fc3d41e09ad3906;;;;;;
6d7aaa95c9e0b219963317f757155514;;;;;;
fdf42d4272dc62ed9fb8454b9a52cde9;;;;;;
c25353e8486560b919922580184b3eaf;;;;;;
0ad9ef365ef3f970b51d618521b5ad79;;;;;;
f60452e6588bc95bb8fd84bd8e173f62;;;;;;
3872c61eb3644e2ec780329578e781f0;;;;;;
156ad635180eeb4533626283c90378f2;;;;;;
eef141a36a0a325efc1be893c2b9f441;;;;;;
86a537c913661e7354ac0ecf9bc0a258;;;;;;
05fddb721cc022e03850f01c1cc2cd46;;;;;;
26a653972009b351cc92bbce7cf39a04;;;;;;
984324439be6f120b36c26e6115013a8;;;;;;
73a2b4445b8e5724f7bfb2c7b889e8b9;;;;;;
0f7236ac442921f138073f5312340428;;;;;;
c350e88cb36a780d25c2eaa0c6750a0c;;;;;;
cb41e1a336fd6d090882b2e4a9c77468;;;;;;
da403e028f76971d2e215a15c8476f57;;;;;;
c1ecda2e36822cd534b30af9dad2900e;;;;;;
97eb9157320216fef3af8fbe2b8b05b7;;;;;;
1b42a60478e2a5e87df71b9da20d23fa;;;;;;
535df21dc53fc114200669ccace885ad;;;;;;
585443f5e71f255cbddf2aef1ee69741;;;;;;
21ce5073c6db98cd3e5e7ce2d913cbce;;;;;;
9923ee6d72538674454c86947fb9907f;;;;;;
e185032049189c6608e331a49bbb6170;;;;;;
b269068a5a8616acc9166f451148057c;;;;;;
744e75f99e2e81d1541e3a84c18b5d2b;;;;;;
df02e372a4734dc4911079312df0fcc6;;;;;;
b68c246c7638f86826072382ccd0835d;;;;;;
60d3121a07e9aaa0eb07e8634f257184;;;;;;
38ea9fe0718996013ee3068a2243f0b1;;;;;;
0d14a40b3038a1bb3f93f7361d0033b0;;;;;;
bcba8c623e3b1e0b7ab59300b4c7f0c1;;;;;;
52569c9747aab8383606efe7b001b01f;;;;;;
7deecf7ebe54245b77545b6429350d87;;;;;;
5ca4b3648a7cae62457d556328abc2f7;;;;;;
45885d8af6f82ba81ed88a1b9df53a61;;;;;;
d09aefe6475a638b016945fc5e2ad514;;;;;;
3ee1b64115b735f0cf8e7d0152b05730;;;;;;
816aadc537192639858451a4112a6fbf;;;;;;
7839d1892d242f4fea112493ab6a4351;;;;;;
00603ab8f7253ee7ff18d974e1f0e3fa;;;;;;
55b3cfba516f01dcd0bf35d81543272e;;;;;;
05ecae140da23e3029ada95017f75625;;;;;;
33ed07580920f74df577e986050f2edf;;;;;;
76766ae34f4f7a915dd1c5fdcfaa5b04;;;;;;
be9f4dd32dc2593dbd5ca0492a31dd53;;;;;;
8f38a3198fb82b1d0af2ca73a456e128;;;;;;
dfbd7f6409dfa42a3313c40b25ed9967;;;;;;
9e0e410d477fa076ae72b286b8cf9fd2;;;;;;
177ef464825daaec587669f84b94b480;;;;;;
e34fbb616e9da7f5946ae120705dad1c;;;;;;
20b163da4937257e9bf5f2e368048e18;;;;;;
73455f0441fded79a113a00ac43d9711;;;;;;
5de3c385ff1c2f471d893d5422d7ead7;;;;;;
969cb7bb41f88309d2bf11062d7d563d;;;;;;
02eddf95d3528c2da4c0bf0dab786902;;;;;;
e6de86edbe18f04ddd454b3f09a58f45;;;;;;
3964687e75d7c9eff560812d92a4528c;;;;;;
4b586d70e7713505ea541ca0da2c6bda;;;;;;
6696043870d2bab9418271a7a2cbcc8f;;;;;;
5dc07dbf658dc9cb331bddb4fe097622;;;;;;
f41b9e4dff828276ff61b93b3f428ed3;;;;;;
07f958c2b0ac2b9e13495c79d617ea04;;;;;;
d2a8f8318ae8b67f509405364eedfa45;;;;;;
db48e389af57a2785f5203eaf25c0016;;;;;;
85a3ca241897deb8876f4218b98aacfa;;;;;;
ddad4a757825879d3a7830a5ad6239ba;;;;;;
060eec9196ff0ed6e256c6415356366d;;;;;;
6f84282e98e55a0751ab64a4bf679692;;;;;;
9ffaaf7dc71a8a986e87cc18b2c26b7c;;;;;;
0738fbf39dd99ad60b5d01ff18e4e656;;;;;;
fc034c1fa3ee55a4e6eead91a78b9a86;;;;;;
bfcfc954ea7cfd9e0bf48d10f0c41f14;;;;;;
39ca4ce441df69fb7bb93e74d765339f;;;;;;
dc231b7fa2e8cfd94b430f62c729fad3;;;;;;
fcbdb89eae51990cdff96046f8a400fb;;;;;;
7a7034bd44ec1072514e6b7b85fd11cd;;;;;;
979a2ebf9bacbff76dd3f0d3732af7ee;;;;;;
3ac656aed25d8d4773389a6e04eda7a9;;;;;;
a0e1e5b37a8a700034082b1483493dc9;;;;;;
17e29b2fccfec36034af07629793c86b;;;;;;
2edfad5cdf36d2e1def42bb1e683ffe5;;;;;;
0197114c89d1c70774d33ae27afc6a95;;;;;;
dee46bb0330cec1aceef74ff2f82fdf8;;;;;;
0e0b4f74cbe3ef2cd5c362e8c24225b0;;;;;;
fda36b3142af72db860ef618da1c3a6e;;;;;;
bffc7f43d895d287e7958fdb1f0ac746;;;;;;
bbe063f88d5ddce9d1f4b56f3fed10aa;;;;;;
7595c3f233de9f99d2b89524d199bedd;;;;;;
8ee348dda7c66fef96e96edd943e6d81;;;;;;
eb2484659d4bf58e3be57fbf29a31604;;;;;;
95c82b1574aa92758af4d7abf8154a9b;;;;;;
2e58515be5c6611a4f2286d78622a657;;;;;;
befc247c80310f1821baf72e3878ed7b;;;;;;
f4d5a8f149fea381a306ddaeacfd6737;;;;;;
07e999aecfae4d4e059bb90ce1842c16;;;;;;
0905c20f0b04114e969fc871c9e273a9;;;;;;
73e602e178060e879bf1bee2625b22d4;;;;;;
0b39592b4a9d991da90cdf80846246ce;;;;;;
c175d9d2c65c615c19fe0345ae7d6142;;;;;;
6cf05ba397d16fec730d99c8badd97ca;;;;;;
1b65b08aa0d191855d6c83fa6938d9f6;;;;;;
030ff053df1eae8a336dfae44b1ef92f;;;;;;
7da06a8d24e1f302b3f63463cb8ac311;;;;;;
5e30fa8bdd0101228c8e14cefdca9ee6;;;;;;
92d337c0aee8881f3ab77af55ab557e4;;;;;;
e7f97dcebf157f7e517d5fc64858dee0;;;;;;
1bc2162bc262d0275ea8f55c844f1ed0;;;;;;
977794869c6e63a6a3f880ebd8f2982e;;;;;;
fa18ab1bde695fdb1e6cca00502cfda8;;;;;;
5013121ed0f8e2538d901ff79263b377;;;;;;
6918919838ab95e16b2f2ee48084dfb8;;;;;;
bf6c172e540be933a091befae408c670;;;;;;
797e4fc7ca020329e8ecfa159ab0975f;;;;;;
bb3321a7b9a2ba7fd8e1dffeceb011f6;;;;;;
0e61ce6c4f014ff44dbb1b590dad36d9;;;;;;
6fd31876064e407afc28a75e65c4b587;;;;;;
87bc3b9446e5c759db2a358517c83699;;;;;;
851ef19db7a8030ca7cb391d4b433ba8;;;;;;
946c7dcad24836520d277946c2064833;;;;;;
08d6307d0aaebf078b0719304f3159f6;;;;;;
c34043ffd1335da06f567c8004d66779;;;;;;
a7fa349fb8a030dfabd5a4b58349a5d6;;;;;;
128e71c1804dbf01d8d2dadaeb3da6b2;;;;;;
0333d41d17177abf661ec1ef9595173b;;;;;;
485d717be8fc1184f9005f358c5763c9;;;;;;
b16e12376297fd5d05e84ab7c123a7ac;;;;;;
11b909cf7ca9b5751cd2043cc9f0eb47;;;;;;
64694afcd7fa68f311ed647d516ebb3f;;;;;;
578cab56360983502cf055f63784f13d;;;;;;
84411b35a71fcaea89b24719acd22ec2;;;;;;
3b53691e22700a66da044a5fc6f8481f;;;;;;
f9cfff2c91aa049f30117a2164c5f05e;;;;;;
250dacedfe1587dea02a3bcd11fa6e6c;;;;;;
ae7f54f39a786732182a55acfa188d57;;;;;;
4d4e542d88a4a4a1a2be93f2edf72937;;;;;;
fafd1df4bd3e04b0e0911f3928225b4a;;;;;;
90e9252b7d15661e53ef5edff04e94cd;;;;;;
1039943a0a298e6b826bf59a80361439;;;;;;
21f28c32143bc705c30b745db64ce0b4;;;;;;
3ce33047b4e3b3c96ab3c81d94931a27;;;;;;
385ea68429bbb9da66cecef7fb421912;;;;;;
48e8771758bf3cc30071e06bb75263b3;;;;;;
bebfc454d33ad837347b1abf0dd5d700;;;;;;
f070785bca5317efe6709c71ce7d8a19;;;;;;
4793a921805a23b57864e1b784dcd604;;;;;;
4910feed394b9fc77bad9e1d35648259;;;;;;
534a2e5b6cbc64dc6696cb97fdc32941;;;;;;
28e55a62ea5c989d8f6d3cdfe096a249;;;;;;
bbb44dbb7ed32ef969bb6efe897948e1;;;;;;
9c89171aa1181050a6fc7bea31c8fcc1;;;;;;
6fe48091c518c1c76a1d1575bc8f4534;;;;;;
8e380be8a5ef6e2735463f3578de19a8;;;;;;
6d4a3e750fb5da51261d0d5037cd64ce;;;;;;
01ef60b7a532e958757fb4d839cdce50;;;;;;
b6c45944f72072b0e4f7d28df055861f;;;;;;
e5e3e93857718702530cefbff915e7dc;;;;;;
fc66b9ef79d1e952957c88672882697a;;;;;;
36b4fd11a1285c3e2f14db82168bb5d7;;;;;;
a4d2ced0684a2f4631e6132ecc4e7c37;;;;;;
59f49314be8aab5d4a901743d21e18b2;;;;;;
070ee9edb09e51c78e27345fac24b9ac;;;;;;
3a185c4157f00a857972a2a16daae210;;;;;;
0ae9f910b9c0067faffe7fb0d89be0fa;;;;;;
14b3568560a4971e8497cee3818a87b1;;;;;;
6fe3dc6f35005b274a78c5d454b61f54;;;;;;
b0505546e74861a5031b0e4ea67a44df;;;;;;
0e39394febf8d5f88c1b9a5c6f0f1a97;;;;;;
80cf392ff326bfa5d426cb8f086a7c50;;;;;;
456874e0e893ee775c985d8017f5e6be;;;;;;
648d520fcad4bca0abfd6b863e572e91;;;;;;
7554b4b3a3c743a3b1d95b8b5b5a021d;;;;;;
8c421cd5ad5ed698b5ae02897d1d0792;;;;;;
685bd99a92b76e48541003dd7e0dc9ac;;;;;;
6ab09dd4a697889fb001e718ff74c76a;;;;;;
81b0ae70b4b1e1f9529196bc61de694a;;;;;;
9185aa11f9ca174f48ec923aad9d5872;;;;;;
a661916eca71d8fd416240a5b54bccbc;;;;;;
116e8a814802bee8de74f92e280b2687;;;;;;
f9330866d21e95bdb3bab03d7a028704;;;;;;
be19ef33646aa3f56bf7a24834901374;;;;;;
dbe65e5ad6fec5e7add31ef328fd660d;;;;;;
fa74537939f95f8f86d37fb246738249;;;;;;
c2e7f255a94b0d11dc4b71c3f4bcc90d;;;;;;
b417162bb74098130c8dd20882cbdee1;;;;;;
603f691635d0ea2b672eaacf52dc04b0;;;;;;
7cc4098d80c33c3c8b504d95aa3800e2;;;;;;
0a19be088908d46e390655752db61e03;;;;;;
59a9b96c992d924c31e5d8517e05ca23;;;;;;
5a6735d499fcf10dde3e24fcf109afb8;;;;;;
73f5a593fc0a758b6a3f7619ceaceb25;;;;;;
f940f03eda5ba58c125582c4e4897f3c;;;;;;
afd0d33bcb6bb33d0ef7891f304a497d;;;;;;
90998e880254d90f5a8f0c1f119a401f;;;;;;
fa2ee676b871811b8d357e0e2a45bda4;;;;;;
e1971b88e306c6d68b605b44636ef093;;;;;;
e5f7f2f34923974cc8478f0115347410;;;;;;
ddd1bfdd85c5b08cef9eb3a289d1edba;;;;;;
304dd5591a35ded1a5070ef280b2b4df;;;;;;
281247e8e77b091d2f0f6bad2319ab88;;;;;;
bdd0373954beb7aac271c4171622cc7e;;;;;;
1e3a6f0207bf0bdd061a83c2ab40484e;;;;;;
fad5ef579f375ef458608cbfffd66848;;;;;;
b836ebc94195444db8ef26b9e92cdb45;;;;;;
86fc8c49885bff433a2b30a071bb6126;;;;;;
feba1849de65e4da6ef6e815a0150a44;;;;;;
377fc08a01198d0a2536735efbade84f;;;;;;
79fe5dd3f1c2b115f455f813172e3a81;;;;;;
e5fc342392f98ee334365269159fc7ea;;;;;;
5d87361244a8028a23c3d2301f972bc7;;;;;;
436d175a57ca293e15c7f99f02a9196a;;;;;;
cbb9674fc0c8a9f597b64542717a535f;;;;;;
85e933747afdeb3b6736e50fa0ff29b0;;;;;;
2327fcd9a39fb8dc38a01381dd7e43e3;;;;;;
1cd5fa2bec5524bffdd067c7c998e6d2;;;;;;
e300f41966630456c94079443241d8b7;;;;;;
ff4c91b414d2820dfe9ec77703144592;;;;;;
d6bdf9a4dc794c7d6d83411ed8da3e42;;;;;;
ad5c24f50f873896b0d8057dc1aa65dd;;;;;;
4ef76dc09024a486b970ef2fa4cc27c7;;;;;;
d4a71d848bc74d80e17de563efabaac4;;;;;;
f60585d7574e625317998053b7db5ffc;;;;;;
e793f436d0aa1088b64172749f9eaf94;;;;;;
e650838dbe5264612abcc88d7d9beb86;;;;;;
76ad22ea6511605321bf8418e8a5eaf2;;;;;;
aa78bd16e53f78ad6937bf32ada2604f;;;;;;
ed700eebfb1623c07c4d3af86159ad30;;;;;;
6947ed63aaa038ba6556b7434c23c0ca;;;;;;
f06412dcf2e3a83ce1aebc2d6f81a57d;;;;;;
73c5fe2b9136744dea542a052b866bb4;;;;;;
0a9092c1fbe9b7307b3ec52029f81d92;;;;;;
d1a7973fbf3263cdf973b30eed811825;;;;;;
3f549141cf32610a99fad74cd4b54230;;;;;;
1dbf758f76860df89a59f4fa6c1dc1c2;;;;;;
c33900ad7d092e295f571da391a55c0f;;;;;;
9e6034e514a4ae60ef5ebd6f11d7786a;;;;;;
a3eac40f9d869e1fa8921fda8b929eaa;;;;;;
348a1d0a540f6e3ad2e83c9b68bff5b0;;;;;;
486d5457955432032d0d543afb9d5b57;;;;;;
2a3ff00c39fd13356e2849ac1390cb7f;;;;;;
0a45bc7c5d0122d2bffdcabb84647edf;;;;;;
577eb027f2e9bf4a9aa561f4f2e457c2;;;;;;
62d9b35c97ce2c6f7495c6a9f6cef3fc;;;;;;
18fc95ce457685b83d6a18095cb5f6b2;;;;;;
2255f16a9a966af7bdb24b87f8dfebd9;;;;;;
89d161ebf643e3379ddae021b97c6f94;;;;;;
eed5da1f00e2bbee78fd80808dfca32c;;;;;;
fb92e04961f0fbf1e592462fc2b931c7;;;;;;
3e9077e8bb6e2281267281d6341c8073;;;;;;
670df73f5bbd321a9227fff804da3f3a;;;;;;
4b382e38806e176bf212ae664835cf13;;;;;;
46128917e4f191f6bad8654713cae315;;;;;;
7221df1eee3b3e96c591da33fc9c32ca;;;;;;
935106d9cfec58331696d649bf411b6e;;;;;;
b0436eda3f5c7d467d795b1c4b003991;;;;;;
98b1fb26117b229308e5e9bb7a6cb815;;;;;;
95ca18f1d07271a2d62eccd36474e4d9;;;;;;
fbe0c0f55fc5cca7092efb363e0e64b7;;;;;;
aec336024fd94b4c27b537bdde4f9737;;;;;;
78afb4052cf0e42c948c79eb41199957;;;;;;
99c03b98f53871b2609e7a7a71c63f0e;;;;;;
248716c2d7ee9099264678bf584330ab;;;;;;
f68c13b2f79995d746adeb9c2c8689ef;;;;;;
f1ada56a91fa10086559e52bf8d12034;;;;;;
e85271eb498a0d3460ea4018e2614c18;;;;;;
6d56bccc061e707d4a9aaf0278f4055c;;;;;;
30e58f0e73f0408afb562b75d973cede;;;;;;
0eef4f91580b3771e10cb7a8176724c7;;;;;;
556274b3cf46f91fc97a0c365a19c08a;;;;;;
b60cdb388a849ba1f2793fda56bb708e;;;;;;
368f2f2fb8e3feaef24f375c9affcf10;;;;;;
6cec9e9f71686fb49528a062db9a2100;;;;;;
18d4fe65271c1a2d42a33483840fb740;;;;;;
f1e9ec76ee2a6925ed35990b4cc7128e;;;;;;
29816044fcd07c75dcef4d1c951a3b18;;;;;;
772f167ade53c8f60c1002902ff17593;;;;;;
7789d6b9611d450740320fee8b96cbef;;;;;;
c19ff7004212695d5a0ef280703928d6;;;;;;
6adf60a20294a09d84b1d5f07dc7d873;;;;;;
9e9b8d57cd1312b83115176824cd2c21;;;;;;
34e51ca2329eeaa8ed39e1adeb0f5e4d;;;;;;
95dd025486c697cd53e7d19212ee074f;;;;;;
1b4657db60eca47fe7a99ecf35917ba1;;;;;;
5112bfc5088649180c0b9e2bd7e4af95;;;;;;
7dcc1f341b49050132971e48f795faff;;;;;;
e6dfb6a29948490d23ee579ada66d35a;;;;;;
461d158adefb598d2ef17c05e397530e;;;;;;
a14c5ed29b730cf2b5694d2b5e7efaee;;;;;;
d69cf845296d67bf3cbf3b95092e4c08;;;;;;
4212e77f63492ef6e18be9a95ddaa09f;;;;;;
f8921892f8f4b5a64cf8d56f36000866;;;;;;
bd036d4b0de1031c4e23d29547279001;;;;;;
23511b44af52e86ae16c2152e1bfba20;;;;;;
bed15b721751c417d086175aee9c6040;;;;;;
3380f620396bcdd750028e743e1a1d20;;;;;;
467c3a01d63de72ce54f39f82cb80966;;;;;;
14fad0cdc8ef91231f3911c0472e998e;;;;;;
60dc78648084a4879f3b9bccd954e110;;;;;;
536860c801a5a955e412535bed312f58;;;;;;
04a19182d75a80055784f76325ba2064;;;;;;
cdbe4f065583cbb53b15eded790c42f4;;;;;;
2d8fb8d0fc04fba3bfe2a9ec080e4d7c;;;;;;
6752eea42b2b90fcd5d44b74a4e7ea61;;;;;;
8084efe22295caff1de7cdb080fb9d4f;;;;;;
3d26df891cf2a0815105504b7ff3b736;;;;;;
9bd25a5f8e5f9a470e8263dfc9c7bc95;;;;;;
7aac725ce1c1760454612a89c47da98d;;;;;;
2dfc73ed40278496397883fd6ae32027;;;;;;
ed8b15b18a19160e09bd25ce7056917c;;;;;;
13b6672b7c0d10fef9e81242a38682ac;;;;;;
9a441bf973a82cd9382d903be804ae87;;;;;;
58e30596e382760f51108bbb265f3d7e;;;;;;
ea154eb920ba5d1583a1df4b597008fb;;;;;;
27a6e92dc3ca04e45954bf074d9415bb;;;;;;
214a93f54744b9b14b3dcfe98189b739;;;;;;
7b3deb69bff5ba925d239b8c4d71bf94;;;;;;
8a99439f9902bdd6dae702bb0443db77;;;;;;
628ec39721b30a0acf7ae166f769af04;;;;;;
3015a761c8e18c2ca4bf7729e3e7c3a7;;;;;;
3430b87295e15561a4219a966ffeccc3;;;;;;
9864e4b4d4c1b289e9b037ad1f03f595;;;;;;
6faf31baea2145f1f94e435624442e1d;;;;;;
34b621ab70a1c7ac01338fb852488e91;;;;;;
c985345d7644977aa237f80ee036bd25;;;;;;
336052154e8ba32ba15e4e34f5b78afe;;;;;;
c944653e9ec4f05967c8fb5e072c0e85;;;;;;
b3f2c719d4569e129ce7d54b05dc66c2;;;;;;
ae7981de27370e733cae748ab527db01;;;;;;
3e3aab9b3f99d2001449b36547ad3740;;;;;;
9f91008deea5bd9fc7c20af3ef7a4ce4;;;;;;
e52e28e2bfb338865d55182ef10c5c38;;;;;;
3e1fad94b51100590c3a81ca9e4c60cd;;;;;;
2af76407839d4a0644a7d87b0fe9c8ab;;;;;;
a1179242ab5684918d1df4024e6c927c;;;;;;
7a3c52e93a9f1a0076d55dd5b69690d0;;;;;;
574117533f11fbfe078ae31bc6ed4777;;;;;;
4bd86d4b96bf0a196e7bf2482a237049;;;;;;
a13362b944ca530ac08d00a77a9cf5c6;;;;;;
d927c8aee0f38756343703016521c274;;;;;;
7013a7dba5651446e83226bf36c5325f;;;;;;
b222cf78384d52eff6f6a1915a1ead8d;;;;;;
ac9f677ac4e580e9754bf4b160b576a4;;;;;;
4592b9c469a3c24934844186d263d539;;;;;;
23869ac76f4cae89617a47fc801304ab;;;;;;
8816019b1c1c8a88f0a71e88a662b294;;;;;;
e8a5a5df86b649b771a6e2d9ef5b3a61;;;;;;
7f08021df2ea191a8f706e0c2120c563;;;;;;
c9e49c0ea6680415c858bbd43cbafc90;;;;;;
dea9f648943e326d202a4ad75312253a;;;;;;
8e3d9e7e4656d6bf81ef48f219467f12;;;;;;
54b740dda956f2e979ff6551fe172054;;;;;;
9a21e96310fc0af5985598bf15e4e6eb;;;;;;
be5a35e48e36953583102032b63aa72d;;;;;;
b551923e176afda452de0af17567fb8f;;;;;;
4b4a503144dcc27b735d450263e271b1;;;;;;
2e1ce4f7d53b7b5217487e5460bc9ce2;;;;;;
98a97ed4ed9f1c9b827919e1f084e413;;;;;;
e417f7da26e0086d169e87ea3ed03b77;;;;;;
0096aabc84f7881c21c38d270defc976;;;;;;
973665eb83a9450a99908b58f0eb1e82;;;;;;
6ad0b5121470226435c58e7414b8a4aa;;;;;;
b6ca54affd3258ea2efd09508c0e044c;;;;;;
cfc200ce4193f303be41898feb9559f1;;;;;;
141e328bf6854b60587d2055b17caa39;;;;;;
99784e3d287cfb88a8f7f7edb1460fdc;;;;;;
fa5bfa1d25c306534402fe671669f052;;;;;;
36b3400f9c2a3402ada18043bcfbe082;;;;;;
9ba009bcedf751e3296fe8a173b3f537;;;;;;
f8e98ea42532dcb922930f86c719a192;;;;;;
a03f99a6c10e06a25a1b523895ed1eb2;;;;;;
a43f0a9b1a63625b1c638fd5a9966687;;;;;;
421a260a2afc08a7de868e7452e69430;;;;;;
1e6dcd095edd2b6f95c52e8bdd435a28;;;;;;
ff5a07066fa2a19b971d3c6ff3bf415f;;;;;;
d62440a3b0af031319eb614f9f57eadb;;;;;;
7555e5528d60a0f1fadaac2cce22c4b2;;;;;;
c1e9331f2bd6f9702863b3a0eeffce33;;;;;;
eb71a2b0162f91bd19fa360eb1091ae3;;;;;;
22e7ec7067df2fcb1d12218caf5d898c;;;;;;
ef695f44606fdbc41d7c4525db3d29ca;;;;;;
85b76d20d7b57a59f65d46ae302da768;;;;;;
c53c360c4a164ab1095b186956e9146d;;;;;;
dbd66587b1e8384062d27fa34f857b72;;;;;;
b6f3f8b789b2e8244d58b0b6b9fc7905;;;;;;
434f05d1c5ebeaf791fd44fe06e1c36a;;;;;;
8c2f971e1eaeec3f5d4c1cbde21b1c22;;;;;;
2a697a67c0573299e062e5709d2aade1;;;;;;
afc2b3402048af295edb6e389d99f676;;;;;;
8187f4e679ab2e9c7b2b3695ed276a6d;;;;;;
123bf3565af0d365a776f6ac1c11451c;;;;;;
666f8871c4f07f5b1b3fdcdf137956b8;;;;;;
9393eb28c50a16586408babccf10700f;;;;;;
34cff14e149c73eab05489814a0e92b1;;;;;;
77f625df9d04a6274f1e3640186c988c;;;;;;
ad01576ac246583c6260db3d764fd1c0;;;;;;
57d2c1db41b71b5cf94151b0941c7423;;;;;;
c06ab0e45af141bf579d4714ae44c7f8;;;;;;
79255c4c02394fd6193ab4a287b2252d;;;;;;
8e47b56162ab056edc3f206da0d2138e;;;;;;
72436d089ea3fbad8bfe2d9f6253804f;;;;;;
7bef7d006e9cbad6e3dad3b3d2c0507e;;;;;;
df3faba83d9bffd088938d6ae9ec666d;;;;;;
4557e41a83ff48d4846184985d96bc10;;;;;;
e9574d3de4d2ed7e61045a6813e8ea60;;;;;;
80778bacbc8eea023fb5a83b41f33e50;;;;;;
781f481d15aaefc7bc4a8088bc971715;;;;;;
328d42aa14e389daa42b1cb72ec15835;;;;;;
73b1f2ece319f91a903cd590218154ed;;;;;;
a0b03962a5538f16027bfb43f5d9ce83;;;;;;
8e0e1965ff93c03bd6f742fcae22dcd3;;;;;;
0bdd73d062af7d35b1e5b8eae0513991;;;;;;
2ec431dea45950efd3ad00d78b2f3116;;;;;;
192fd1212e9fe9973bc395021c01da93;;;;;;
3bcde59b43777590f44891e03930f0bd;;;;;;
58a2ac1f408e33e493ca18bf27442ddd;;;;;;
a8a67e5c53fb54b3e75ba54c7ee4e405;;;;;;
a1634bc08d8ce8de5ed232366b71d01d;;;;;;
74e6a165e8101d4b1f9f6314e4221cef;;;;;;
ba77be4b178f966001a92d6d9f8a6b62;;;;;;
61d65d380e0460e5e2d121afb84cbf3d;;;;;;
9fe93ab17c7fd32be2ad450d288bcabe;;;;;;
6fc399aed7495425e0012dcfd2b1bd65;;;;;;
7cc6122b8685ba5b36755d35c669c6c0;;;;;;
3d6c790a3ce324adf0b78db0ccbbbe00;;;;;;
cbeb353ba2e588b24d019af28e628965;;;;;;
1aebdc0976b6d712e715b4ece850cf59;;;;;;
e2e534fb8f557d2000727e7c631283b3;;;;;;
88ca16c0c30e975908fd5a7542086f7d;;;;;;
30d1e18d8c4118cc3926ee195eb9934a;;;;;;
5797a10626dcf6c6f572ab446af97e44;;;;;;
eb8af26a45caf11b6d68c9a7a6d6d92a;;;;;;
ae9ff838c09786ffd2e3794cc55146ae;;;;;;
02e664ac997c7d1189ee044e2d838b2f;;;;;;
e46de51d441d75ad666b044c97ddd5bb;;;;;;
4c2704d07cf92c47cdb920bb8e0765f2;;;;;;
b600cd1cf51e133f6cc1d8e0c0936a93;;;;;;
c6e43a6e5b84340b445587f04edb0bc0;;;;;;
55104a4a01750a8bf470a5216122779e;;;;;;
e3c1f2400fd9a68d892a89d4d73435a1;;;;;;
879f71ad9b5128cc71b559eebbff8777;;;;;;
359f1668b673ffd8da4989cb54258e87;;;;;;
6b7d04bbe04b531ff06c510ffc180aa2;;;;;;
e124891ac079774936703f55d847e2b9;;;;;;
ec4d15506b002278052a587745484259;;;;;;
0226742b149fac2cfebb24341e74d65a;;;;;;
6d6d8098699c5b4e9f3dd6c4f103a398;;;;;;
5385738907f18ef5144ed70e7cab1b3a;;;;;;
4ca0327c91e54a45eca61be5734856c5;;;;;;
11c9816ddc5b41beb25cd5de7be9d75c;;;;;;
e032317256124be08ed383d04a3ab393;;;;;;
984d53ef2cac27cf0e8c2a19a04c54cf;;;;;;
192afaa26ae687d53523601a8542ad69;;;;;;
9bc73876ca88a3abf9ef3e6f91e204b5;;;;;;
5099b84a04e76f42b0934b091b4f96bb;;;;;;
e4a1ed70f8af691592419bd2460a3d79;;;;;;
d0dcbed946872e1589a53348cda9bd18;;;;;;
fa2fb078ff848ccfef8ef749700d371d;;;;;;
85273ad3b9a5028d7cfe501173e6fe89;;;;;;
5f8e914aa0f963b4387d6a1865b5295f;;;;;;
33cebaef4ec20ee78b5036fb5a2e578a;;;;;;
b7fe2b07250e2045c6f86995220eb6c4;;;;;;
f56f0a4fe73fb02adc735bd6f35f8fd4;;;;;;
ab7b4f2c4e93cdfff05f445352dbd58b;;;;;;
b735b96f11d8b7ac30acf910d25bc6ce;;;;;;
31f542e913c37dc5c644102ead429cee;;;;;;
34069b3291e423def971afde69b880df;;;;;;
9fbe28fa7e665f0ccb22beb23a1712f0;;;;;;
944b03408b1f3388bdc334b6e229b9c5;;;;;;
ae1e908366aefb06baecaca064854b47;;;;;;
c50ddc32b4c26ad231d2be228dc1fd35;;;;;;
654208c1a8f231b75b9f609b8557ba45;;;;;;
b6065b251e4c2c0f65dfc55e00cda85b;;;;;;
afff2932166cab968cb6ca22d5763dff;;;;;;
f0714f7c655b73db0f702f157315046c;;;;;;
fef51934ddedb8fdc9c18455bea44cdc;;;;;;
eba8948b76dd806b93460551216bf549;;;;;;
04d2d97afcf9f7173bab596186226e74;;;;;;
6f3550ffba1c2f9b594a87f5c6d13557;;;;;;
fd4606cfac0c7c8a85e08e25f9466777;;;;;;
6ff83196fa7792b70f11d94b485e0455;;;;;;
6badc396353fd792d4d6f4872c430113;;;;;;
c90e2a2c9cf4f77d4436559991a6598e;;;;;;
2012167bba6ed7cee11c0367b95b61d6;;;;;;
f82767a3bcf9620a2c89afbe01d87310;;;;;;
a14a25dbbf59a24c26ea725a631ddb94;;;;;;
5af9f86c8b928753c47bcb3dbe57e446;;;;;;
a101fbcfc395aae6488f98af2fac17e8;;;;;;
892d22753f6d4b697b6456d36d62e52d;;;;;;
1efaf56f555d69dd662e160d810f1a85;;;;;;
3f08c5515f732750767fcf69d18ae6ad;;;;;;
d4389afb6ec5cf5f73cdfaac56417a9a;;;;;;
e0f7b51f42053f66f66fde5bcdeb076b;;;;;;
29e7e536c4a7a13d812bcbac6a8fd473;;;;;;
1e10af08be0049d7e2207b02bf4a0ab7;;;;;;
d53b545a793f8f9c638bcc5ae2f37228;;;;;;
2b8c762f41e8d0e7c1391b1da79a4327;;;;;;
ceca87e1878540c4ba11a76ab49a48ef;;;;;;
f4a9c7a48a4fed381836da985097362f;;;;;;
54ae1319d4d50693d2f59533d965df54;;;;;;
0b7641fae24fd5a81bb9b05288414d09;;;;;;
88c6c4ba1380e56d9d6dee82071594d2;;;;;;
82cd748e47b4dac8904df886501f6048;;;;;;
ac6abc32bc557095092347f89dd32da5;;;;;;
68ecc775b9b39b5859b245c3bb451a00;;;;;;
9b76962258cecb6d7f6c67ed9e50c47b;;;;;;
a75945a1bd4a5bb10edd3e593180f613;;;;;;
048004103455c7d9b9cdb2276f836a4a;;;;;;
b7662cd0a8fd2c3cc3126538a7520235;;;;;;
aa68db5555e4f76ce1400a5a8cadf8ae;;;;;;
f721c574cd033851104f9941b946e274;;;;;;
367bf60feab330513d12aefed677df0f;;;;;;
65a99ebd8682358c97ab2e79f830a3f4;;;;;;
a1ff284857df7575e91f34e6e9f50e1a;;;;;;
7719f04ca3284e12c49efc28e0cd3a89;;;;;;
f125fcc3d98b4987c7800b7c916cf3fb;;;;;;
f517c1fa3a89ea6c4cffbaab4a105c9b;;;;;;
c4b2709e81fb3894f1d22cae21c81676;;;;;;
8012ef7e234bc853d1e4f51d6abbabd9;;;;;;
00d5a0e684801cb25eb0da4429b04cdc;;;;;;
b5da469d03099087f63a4a7ef3de6ae0;;;;;;
b97ec11805224f4586889a04a05771ab;;;;;;
188c6bf27ed856542265bfc1d0a7fc49;;;;;;
0f040d9edc7e103fcc4140c4fc4676ad;;;;;;
8979baaec0d9dad7dcd1108999509ddd;;;;;;
a265f74339ae63fdcecdb3466e6b44bc;;;;;;
0327f63d0d29083130e5532bc5225acc;;;;;;
62b685a3f4003d8ff10febd11b404fa3;;;;;;
062859e209f42ed44ef37ca6d6b64058;;;;;;
83cba2b84ee78d3766c1e47e3e011ce0;;;;;;
8adf83e6ca25d7947aaf4bc373fdb5d2;;;;;;
fd1bb970af8b11e13bbbb5061cc14302;;;;;;
e0d2e82051b4ca678a91cf14478703c7;;;;;;
f4ab02dfcaab7be9c5f73cc919a6bfd0;;;;;;
7f757fe203a0d0cef3f31506178496d0;;;;;;
1efd8c39e01290c372fdb91214219e52;;;;;;
55969bfabdc45b272593e09550e0a4a3;;;;;;
249000de5c37aa987116d01df832b307;;;;;;
a8631448433766bd9e5382bbc6101927;;;;;;
b46e1ab913d421f5e2d2982d5a2f2778;;;;;;
811877fdae80772a540ee973253eaceb;;;;;;
31328588963a0d6ed9d909fbaa0faccc;;;;;;
4800067d15b93249f956fd047cba23ac;;;;;;
a06133bea62169d8ba98dd1cb68c3247;;;;;;
4f029998fa2bfb7c13da285ec097df72;;;;;;
033ae12368133ae0464ea8140f4ca232;;;;;;
060c84ca3b2f8d8e237bb37eb990c44d;;;;;;
b185bd8fb4898b81121f569897522432;;;;;;
5f359916699abc103eb655951e2364c3;;;;;;
7b86a2a06c6aefb09a07eb218872596d;;;;;;
2434b03ca7ad9662deac2172d6f86d35;;;;;;
d992b6411258fb05bc6b8b15f9fdd318;;;;;;
4991d2150800a23d4834c49632de8366;;;;;;
988da1dbf79497a14beb4d89e080989e;;;;;;
2d89be6b3ffdbca61d8e01f1889ddb03;;;;;;
de18631a348fd0daa51d571beff2ea8e;;;;;;
9ee3883630f09577f2e07887d5d600d5;;;;;;
7f0cf930b781005c2d42d87f23e6fa47;;;;;;
d2ca2d15f06673e22b300672fa22c928;;;;;;
f3d8dc4e3812ebbd5306a8b02924248d;;;;;;
acc30508d9a476ec826ff6ad320886a0;;;;;;
a3a4588ec894e5bc6dbb9fb84a9f0810;;;;;;
ace2356efaca4b64aea364e19279208b;;;;;;
cff54fdf09495f31f861bf84182a218d;;;;;;
a44d48bc0f2b4c9e47fbce4f2e758808;;;;;;
b88985d86367d66149bb59aa76a147bf;;;;;;
12ef71d7aa6d1f3dca42d06413de738a;;;;;;
b432192568837a793a7192322c71f274;;;;;;
33c1486a30c9c8b5080795d1fc37c36a;;;;;;
9dd12e6357b7f6446b530af359d6ef2b;;;;;;
c2e3ea4a7d88d5fcdb61684f64c74fc7;;;;;;
f21f4ca57e85091d4a51da53ad7e9944;;;;;;
4d8ff9cf92a89846df56257327b553d5;;;;;;
b20e0f4933c5b8cba66f92ecef2ec55d;;;;;;
19740721d7a523fe77470b431b7322d6;;;;;;
1e5fbb98a81ec500b4a5588a0bdc18b8;;;;;;
9797be149a1a5d9c04d4fd39f53bf8f9;;;;;;
6fc09d72b971a88f7d9be92344155cfb;;;;;;
c7adaa5ab5e354171390797abf4c1993;;;;;;
2191708e53062553fa039cc53e181277;;;;;;
20a79d219785dfdce553d36f06474f91;;;;;;
70182071ce0ed2ff84da4b19add91d34;;;;;;
f1d1dbe963a2f52a10de996864fb3b3c;;;;;;
56677eff263641134f7e8a8e23437c10;;;;;;
025dafef91bbd39c4d0acadb2e577933;;;;;;
2b5c4eca48a1c2c65db78846fb71f57b;;;;;;
14b65282d5c2e7a197572dd078e6725f;;;;;;
5d97d90c41c28a226dfb7fb1c387ca11;;;;;;
4e0930136fd067db693725a1a5f78b34;;;;;;
c57492ac3cea6da512884e575621f446;;;;;;
92a3d4ca553057bcaf3cb5e89595292e;;;;;;
5c415b3aa741b9357e8c43042917e58f;;;;;;
17e1344232f76aaeefcaa8ba40b45771;;;;;;
642823bb7d97f32346bb5cee3f45b29c;;;;;;
ab17f337045ceddf7532a72a2571d2cc;;;;;;
62877abbcc8da80bdb15f2b7659c05bc;;;;;;
0086d5c4c9dedf209cdb7dab9c01a0e2;;;;;;
0d83a8d3f5f21dd8a5bfd57303d0c7d5;;;;;;
9119d4d8e57d617ac057dcc489f02b0c;;;;;;
58552fbfade0040764fb90a9d00d5ca1;;;;;;
e0308495ebb7c6f124cd4890cd084fc0;;;;;;
2dd133375cf74f09b606a53a8cfb0a71;;;;;;
92d76cfdac10931c4a685ac21e70fe10;;;;;;
09ae4a24be6a727f9f056324bb8697f7;;;;;;
b216847221f5e894a41a44cca1d571e6;;;;;;
e885a559d4885274fc1de17f0b5cf398;;;;;;
6da758d2e29badc971c4c2344bd0f907;;;;;;
f79b48da6633c451f3c6bc19c6b1a369;;;;;;
7e62891f5fc38eca0a195625e7d4cff7;;;;;;
ecff569c0dc831e4f8c03b177f7b58ad;;;;;;
e6d5185d5d63ee40fed3350f4c07cbbf;;;;;;
796c5225f22fba6d9d88f437a301cd91;;;;;;
c0312854be5d5e7b714be67c7814144a;;;;;;
75f81bb4418f86979b3ead8b6dbe0dcd;;;;;;
b3cfef50c9026cbe52735da0ccf69535;;;;;;
ffb8cb0ac373150aca10399ffc288a43;;;;;;
fe22cf025b0d2f02c7dd3ab39467005d;;;;;;
47d56e5a2fb9d4ffe378b3ef37b387bf;;;;;;
f39777ab99372f4cb6bd228c26ff16f7;;;;;;
00f9554fc5f7f017030b25edbdb9ae75;;;;;;
c678f7e3d5342b92e735b51375f341ea;;;;;;
36a7a3d80f8aa47fe595f19e57e6cfd8;;;;;;
b194549b89f536d478555bace01c30f8;;;;;;
16ae6d1a0754ec060f06c5752a46c2be;;;;;;
52a9f93de7f157ba73d47b28ce0d084b;;;;;;
243b0e8566430434add1fc27e7a55004;;;;;;
9ac2b5174074c11d18ccde9e3f8202d8;;;;;;
b76c88be8f175d21b12fc3f2662f6f5e;;;;;;
e50fe0ccf8c869b1eeb015d808f96de5;;;;;;
d88a941b1faffc1c969d9dafbf0fc26b;;;;;;
fca801af062cec5ac45abd892e411550;;;;;;
9e816ad7d1dd8801a62b5886089123a4;;;;;;
ac2320d0dc69eb73457ee3de382761f3;;;;;;
efb92c923a223947c4f82de554f6c462;;;;;;
fe70990c4ca4e1f1e30fab0590f45dc6;;;;;;
49114fb69758d8546ab70e2222796046;;;;;;
8263844a8ff2cda52de888d26df2994d;;;;;;
3ea709b75800ba670d6fba8206276dc9;;;;;;
fe4ece3cbe87d7b996388c33d3c4d74c;;;;;;
48813755be414df683f314b650129d0b;;;;;;
65163770078670aaf11c36960d49d2bf;;;;;;
e4a4e5375e2ece8016905b1d452f1e7c;;;;;;
496f5f747841c9880e1a513b12de1c69;;;;;;
5fa64a77a711729d748323f094f524e3;;;;;;
0f55da4b8c824094c1b07b7b504e2499;;;;;;
7a8d675ff408487a57a679396071d2af;;;;;;
d48f86e910ca99c575b540158496191c;;;;;;
91ee01490b0f935a43cf0c60b16f01d5;;;;;;
3c342da181be3584b82746ad344ec8cb;;;;;;
70be4f33e3a59cdf7f09f91a4dd7e046;;;;;;
53b666de9fee406f97466bb4f8701ead;;;;;;
470e3057559a905e67ab50128d01a493;;;;;;
64169d8bc01fe3e9a748a97857ad580c;;;;;;
9704bcc00c3083bef1799fad9277ee42;;;;;;
ad93516ac5f3b74cbccd12408c4641d7;;;;;;
9f14f530dbe0eef66e203aa4bb576b56;;;;;;
0f8cc255c5d15c25057479d3362e9d8e;;;;;;
889e3b5929f836e091b875f51177db68;;;;;;
be542b6b9997c6d75f7b03b0a92d3d0b;;;;;;
3581646d0c3448616531e120a4158c82;;;;;;
e2d8e25d1bfe21598b8fd1ad4d7d7a72;;;;;;
653a02c9814b3ea6ce60b037ccebd4e6;;;;;;
12c0e92b7009ea1ac4a67b5ae4acab52;;;;;;
be3e552db374a1b089f31029d312481a;;;;;;
aab89d225c6d67c172a93c30f4c7f847;;;;;;
dc465160526f9ef4895fc813b65d7791;;;;;;
c554e6aea924b9d2df2e5f2f5d8f27db;;;;;;
291749d22112cf204cd0f7678bd01134;;;;;;
69c32bbbe8ce23a60bf323f60bf05f41;;;;;;
1209de6b9d0a9caaca4878721c2afba9;;;;;;
0c8593cacf83fd5e84f12d316831ad2a;;;;;;
444b8bc3bfeff764038f912859e8f930;;;;;;
4307da217223cccdf40684a668c958dc;;;;;;
2021e2f872c5c372d2ab07cceddab3eb;;;;;;
247c21e4161d55a3697a4439d1410676;;;;;;
eee4b36a689c3f9cf810516964cdfba3;;;;;;
c982ee35db294a392f6c1558822be53e;;;;;;
9535c9e58ba78ed1bdde385c4291800b;;;;;;
146d91b13bd3f428fe1972465f54c1b5;;;;;;
b6c77588d96f321a7fb24ed8c7bb589c;;;;;;
a7e4521d62e517a0e6931aa0c7061c5a;;;;;;
2f2f5599782ba7a69608147267825ea9;;;;;;
188d33700eae4973b3aa3beea7999356;;;;;;
f93937dcfe7e3ae89218e49092f1fbc2;;;;;;
eb217d1022fd8c12403e63a768c1adb3;;;;;;
4a2d072b5b9b806fc4b9c48526c57d4a;;;;;;
2cd3078d4f6392a7d90b6a0139b5c9a4;;;;;;
8a7f80783248a54ae1317f3097765cec;;;;;;
e70374600ab886d054c13770f8fd41c1;;;;;;
1d7d73ff04786659ec43934d92cd3da8;;;;;;
366e9b7d8e91b799f9066355f04b3401;;;;;;
908d279b4c5cf9e862e22aa1009211f0;;;;;;
493ad8175d4eace3fb7cffd60cbf6639;;;;;;
42e227f142f73d299660a43eba9623fa;;;;;;
352beb83e27a0eadbff95740e6a04d87;;;;;;
73aa1fca28da865263cf32f81f55deb0;;;;;;
2e02a3d78d8ab5f55047a91694e5248d;;;;;;
e1b72176dbc065027a0547ef840a0b33;;;;;;
91f201312d32c25f355e9127f560c055;;;;;;
87f2b3c89d14096809b81a4a4f12043f;;;;;;
41e22310bc967a8d0192ae9f928e8ca0;;;;;;
f9e16705d281ec7fbe201b14efba3fe7;;;;;;
8be819094afca839ec4edb2cfcbdd272;;;;;;
c195261373bc0c7ad7bef3e40947b7d6;;;;;;
055e74310c7cb4a3cfea805beb97eade;;;;;;
b2d04bc881a71eeb2ca3c0fabd8b891f;;;;;;
c55b4e40643952c1412b788652e1b82b;;;;;;
d9e2b4545c3483d95c5c458c65a8cce1;;;;;;
d6b55799e906763b2f1b539c6c494554;;;;;;
aa27a4f7d9dc7ec7e9159d99ad1496cf;;;;;;
4abefa290e35e62d6a7ddbe40f12e27f;;;;;;
52dfe9606ff8bcbc85b50300ed6e24ce;;;;;;
0fc4d79953ab2aab2ef9b039f23787de;;;;;;
6c945eaa5f81dd5f26dbb459580c8cdf;;;;;;
4fa5691953131e53d6d392097736120b;;;;;;
628bd4897a71da7516958d0838e4b25b;;;;;;
e5af9eb20cc4705dc4547ed4dd670167;;;;;;
6f3c7abf49867872e6ed1911a787cb3b;;;;;;
f24c262f872a9c9af1bd02d73264bd9a;;;;;;
e10983a32270098d770579cdb944a388;;;;;;
9082a031da3b92cb90c4c2239fa7d6b9;;;;;;
c917d1fbca9e1bd4b68724ff139c469d;;;;;;
6ec4ccbd6ac0ff1990f7903b30cc6c34;;;;;;
2e54024f9f946a25fc99e977842218a2;;;;;;
4e44a5163c87f76bd7ccfeaffc9c691d;;;;;;
4e1e5c9f2d4136b6bef52909d7fcda93;;;;;;
bbf8834028bb6fc78d3560ee9a50f3cf;;;;;;
c94d63b95cb07ad99decd1f32fe99f13;;;;;;
ea933f4de5ec0f65b7865d00bcacc084;;;;;;
4718291224cb46f83ded9bf3bd5d64b2;;;;;;
ea6deec05939994e42134412a40f8723;;;;;;
6ff752e24045f318a771d7b491038cee;;;;;;
122897eee189a5e8082df3046ba6f7b4;;;;;;
33aab08d4315fc809487634ec9759a83;;;;;;
65961869e9922e2a0bc98181d01cbd82;;;;;;
b45687a57250b09a2af2ca497cba590b;;;;;;
1318685d2ca9b168146e44a514d6d07c;;;;;;
1fc3c414fd65950bd697bb3ca9bd5f9e;;;;;;
b07585a8bae72b919bbabd9bde8487e3;;;;;;
b4c0c6079b6b792b870d7001f3668006;;;;;;
b1b10f54609640c1ee574154f64e2c21;;;;;;
67583849ccdf8a03e12adcdedf90f79b;;;;;;
bc4ec388db1df93e8f6690753f65ca3b;;;;;;
771f250911c773a64c993e42cdf4ef8b;;;;;;
c5678204b13d5a1709c88b0e5b9693bd;;;;;;
fb6fb2cb9de98ecd47fe0011abc70747;;;;;;
6ce79cc8e6a8088a56d73ad2e0d53e72;;;;;;
63cee861e641416c928061e791351ffc;;;;;;
a4c3ca1420c0e7f8c764694027a67b17;;;;;;
584ea52ba372faececec7429073cd5b6;;;;;;
2dee5121c626391799501b957ddf89b0;;;;;;
5ac2495016fddf28aa3b9330ca939bf9;;;;;;
915223f50bb17181dbc0cbe1e9aa1c63;;;;;;
65c1c8f72f1c4be722a9de8153241a5a;;;;;;
7f3ee255d8c88fb4f653efc33f9193a6;;;;;;
3dfc32d0867c9b827db42506e3443a6f;;;;;;
f71b2f8afd61efe0c8c7e115d91d91c7;;;;;;
a0880f749c5a1ac103f8c70cdec56d3b;;;;;;
9e923302d78a41dee0ceabfe87c68f00;;;;;;
356a35d3ce32633179304633bdb21c68;;;;;;
51c3ee913c59eb0415ad8b904918bc15;;;;;;
571d71cc80aa34b9c55d712137f27505;;;;;;
f250dccc977fe72a4f2a8ad87b562040;;;;;;
2084a7d1f6ef05c6dfc145c36ff290d3;;;;;;
8bc903bee51d3594c6d02c98a70d7231;;;;;;
e118d7ea450665852f82118f6819b544;;;;;;
18fda04e0d2b211038dc168fafeaefc4;;;;;;
1f4f93c4e263770d5927af135df82ebc;;;;;;
78b175a2dfc7d5870239f525c2332a7a;;;;;;
0036b80642ce038714d2b572d065a580;;;;;;
9d80fc52ae4d44047ca2ef4d87911390;;;;;;
62522b69ed700fa3fd7d567e32a8b579;;;;;;
1370098821378947762c125cca6837e1;;;;;;
d5ce23c12d3dbd13ad731471b263cef4;;;;;;
f9007f11ae9f8c5c36c12ee3bf9bb37e;;;;;;
5802c97ff291a4a94ee1b9a9ff2014eb;;;;;;
a8ad944b15cc2a1ddf60b4bbf48805e6;;;;;;
79ebdf0b136cff62aa1cc8bace309ab3;;;;;;
7ba069036ea063382a7a6e8447218a3b;;;;;;
ca51da2987eb2b57722f277f94e3e87f;;;;;;
e98bcbf54f6987dad4dac383e64b7da5;;;;;;
a98955225e7212a5c530ae1af1fc69f4;;;;;;
42d3058f6d70baf75483d1b2f2bc8460;;;;;;
ff10d4798f1f8443da762eed9721ff1c;;;;;;
eab8c0add4e99c985c1e3a6c63ffef79;;;;;;
972d6c0f8e70396696e304698ac787f8;;;;;;
15f070c59e57ff8166a27560be8868eb;;;;;;
f25055f1aa029955a723cc891abfd613;;;;;;
03e569a411140cb1d7822a1dcad79caf;;;;;;
457199178e0d8c9d00efea8b43f41fe6;;;;;;
9a58e9f53960e55ddef9c3bc6d1df93b;;;;;;
f8cdd461a3e296abdde80b7fe61381e6;;;;;;
6bcf334b10d9d80dc63e719832e379e3;;;;;;
5db2a9bb4f9791f2d4db690b15b33baf;;;;;;
47d224398919118ecbee03b0778b1f15;;;;;;
4ba6ef1f712ec12b701c6c2f99ca296f;;;;;;
0eb053b69654f60dedcd88436bd2b886;;;;;;
834c9f1f2321fee4ed1a220bc41d65c4;;;;;;
73b16c9f64e144b7547e9f9ea3b31ee2;;;;;;
b9ccf8b6f10e44660067a2c85079821f;;;;;;
7638700af9fafaa6beb60cab1736f706;;;;;;
661f5734bfa28b1e2f4e9bc0f4d273da;;;;;;
1f03f1cac7bc78e5f9d60204161ee390;;;;;;
a1f7b158b566a1eae8909b93f9df1e31;;;;;;
ee4ccaf6c1a58897cb41421d7fdb6d45;;;;;;
1de1ff7f4520ebe3db96e28a4113c4be;;;;;;
fc56e13dfa4e59ba5cc316f1c27131d0;;;;;;
93c47f8126829a356417d9d14e1199e9;;;;;;
e40eac0f7f426dd3aa7f9f3ee4585044;;;;;;
8153cc131021da18250afa388caf4b90;;;;;;
eba269fe721dcb532260190241e4c0b6;;;;;;
14e5f7ea16955ad7b0e43bcea4461888;;;;;;
c5aaf98ebe4f20f3256bde927fb5eed3;;;;;;
ff0457f5f0b3ac16d6568be83cc518f4;;;;;;
378cc076b6c75a34d9cf2f84f0fa44c0;;;;;;
3fb8e638d23fa326618d36700d53977a;;;;;;
9341fdd17c016b1f93321e24746d2c97;;;;;;
1904f6fd2bc52be819a77a0733c665cb;;;;;;
c9ab2ee6fa82cab3cde2d8cfc12e8493;;;;;;
9a3c72f04dc367f0b5c5a9c8cb609371;;;;;;
83c637c083f6b3439b44543c97f5b52d;;;;;;
92b8f6ee0b465ff3ff74934e9e206db7;;;;;;
53cc48cab518a29963bb3dda8ade3329;;;;;;
dd9f3e88487633f8d1aa8026a5443a60;;;;;;
30819edbd70e01ae240900039b07661a;;;;;;
2c084b9e93905eddfa475dc9844681c0;;;;;;
871663fbca0d96494d7dcb80afa2eef9;;;;;;
12eaf0db1856306ac22de340afed6ce4;;;;;;
178688440f0834a8c1f28744b6c08c06;;;;;;
f60cc8b7509e4a58c96979c8b037da18;;;;;;
6037ab5c5b93e9e2fa27f591d6b293fe;;;;;;
01e160e757beb25b35d9723c432e3711;;;;;;
0d1ef705fc481da2a4400b406a64e80f;;;;;;
545f4c973e889f04b7a4b6f666fb26a8;;;;;;
2933a4728b6595371ff62b8dda12208e;;;;;;
48eea66f101de51a4f87a36e3a771f9d;;;;;;
047aae0595c2296436e69cb96fa44a24;;;;;;
770d016741890f1dc68f4475a78dcf91;;;;;;
11d689ef6739e4ce53b416010aeb6dd0;;;;;;
167a1298624b4dcf57c76151a3afacd4;;;;;;
91acb48ac3ee39777ba0635ff2946225;;;;;;
fc458aa30481b32ede5214d7e2470d00;;;;;;
80d2d374b70a9e66cef588384ce15e78;;;;;;
738617026f5bff3c8efc56fcda500fd4;;;;;;
2c0abe91c7b5aea2d437c3d5345c2251;;;;;;
0487e32b569edbedbfe1be269039b6a6;;;;;;
82bf05ecbdc9de759dbc578ace12541f;;;;;;
9bad3e7692a4d1337bff2209053481ee;;;;;;
3e98db1e49b6867cbbc32a5d1f76a812;;;;;;
cb87656ba2a1b51a5e938e765910a7b0;;;;;;
87103f0156a3c9d9d91e7f12bda9831a;;;;;;
01cb1697016625b8dcfe6add0404aa18;;;;;;
26b30ceac88c472006cd9117e872938a;;;;;;
019d901aa1537fef08dfc1d002344a8b;;;;;;
1de531f256127d46c7e5d72d6b8a82f8;;;;;;
05ddab6a41b705b4894e3b5dcf381ce5;;;;;;
f231be210ac2cd20cde315b75e591a40;;;;;;
fe860b9a06f7bec606d4e18ac363571a;;;;;;
9fefefe9f684a07ea132274e307e5ccc;;;;;;
48b57937f50de99ebd7be571d5892a7f;;;;;;
d6b887e534adfdaca07e6299fb5f554f;;;;;;
f292cf5e5eeafe7ee84ebdaf20be6d31;;;;;;
1a86e29a06ec9e14c459ac01bdd85df5;;;;;;
1c71f0e518cfb48598ecc6f08bd65907;;;;;;
410c3ec8f3b174caedc58e09dff1f28a;;;;;;
05c66325c773db78594bf173f43b1779;;;;;;
09f8f91f167e255ab5337be5a0e145ee;;;;;;
38a3cd4377c32fad1cc881f33d2e8365;;;;;;
bff4e475d3901675014ccd14509cf0b3;;;;;;
a37830f97bffcef2cf94ba4ca4c0bcf4;;;;;;
fc94ce304081394a78efb97703003a84;;;;;;
cbc59f8c3bb46a94a8fb44691b7dcc58;;;;;;
77139a779a4412e4d17ad6abda381b3c;;;;;;
8139c5b72d9936b56b24716b0c0c39b3;;;;;;
583da4e5d99ecd54447dcef66ba58b24;;;;;;
621b17b77f51eb9a311edeaf646b43f6;;;;;;
f97e3a9e2f021998bd15240e14308094;;;;;;
ca3cf643f2591b1c67890c96044ac961;;;;;;
e45aefe91f5b27f92e0afe96a5358e4e;;;;;;
90bba82d6c7457047f15539679a7d1c0;;;;;;
fc81b21ae832248be3c3769337d5a0fd;;;;;;
8c2be93297d162299e53f3582733b16b;;;;;;
d3a9de1908d3a7838fbadc5ccfa2cc8a;;;;;;
a87b21e8c7c85ba7eabb6cd36984b77e;;;;;;
a670081627ac25e5d387cdb07d1d5d7b;;;;;;
7cfd7da72efe9b80a76cacceaf4b88af;;;;;;
2d3be0b90e118693346dc1d48d9f7553;;;;;;
078f5d313224489fad5f81c50908ccee;;;;;;
8a8a804ed51ff76bcf8ce109ce413cdd;;;;;;
d8af9b351852a1062b56e08b0ab9ec50;;;;;;
7fd12a9bfb3e13e95ed1a7ec57651a40;;;;;;
5ea6d64fcaed34870728753fbef9b79f;;;;;;
6f1e223b56721aac28eb82778d952081;;;;;;
cabcf6cad212261441aa89cdda3576b9;;;;;;
c481b597323cbd018e8984b8c42a4cc8;;;;;;
3aa7e8d3998eb4961ef4a7a907fd7c11;;;;;;
75fcaf2a21e7fa1b24848857904c7518;;;;;;
2886212afcbe63d7393f37875225d623;;;;;;
66ca5d052ee76d9a1af34affe0ba8417;;;;;;
d5a1e5cfc60e51138ee799689cf1e944;;;;;;
b5c4b1cf6e23bcfcf8218154145c539f;;;;;;
5e9b23c88d59ba4d0cc56bb49891f8f2;;;;;;
7f500ce7f265f2e84d153dd2aae84b80;;;;;;
388108b8945302cde0b8ebe80f327902;;;;;;
c7003a944651246bee225dd65e58bdd1;;;;;;
f0e437ac26c3e1e6a19d96c4437166cf;;;;;;
6e3993d83a9ffbdb7646aae020068d21;;;;;;
93a746ae4f42be23a1fc8def7d9c0bd1;;;;;;
9e083a0ad52c9fe9d97ac0c3c973c0cf;;;;;;
32133669283179b062e46c5661024083;;;;;;
1c2708cf791f1bcb46470cb3bf031064;;;;;;
ab738ba2e8ed4d5da34b91cec9f6bf21;;;;;;
ed47be57d5c632589fe72d181a5995d4;;;;;;
e1f3ae77c7d7d84ed6c3ca78d2bc8c73;;;;;;
4bbe75fddc97d1365f13eb2c3d73edef;;;;;;
a850b8954b88dcf65c89389b4f5b3d10;;;;;;
7ebcc59d5e5a6bdd4a213fce6e3e47e3;;;;;;
1394d364edf55858f696b8996d5e104a;;;;;;
e1d85c3c2a25f2899f2415f1daf4fa98;;;;;;
9eff5d87a3ae51ce391d84e7cf3d1194;;;;;;
bd2adbede42c200eadfb367b5ae53945;;;;;;
c42af1be44d8218825d2510c4065731e;;;;;;
c8f42f8f26e6fd1d11216b8035cd3775;;;;;;
d411d42095a78d99e7aff2383125daf4;;;;;;
f827240ba5b433079fc760d0ac7042e7;;;;;;
78161faec678736eb76045e25997701d;;;;;;
6f497be8d0dbebaef1e8f0cb7e167b39;;;;;;
9003024d08b916f4ad8e363090c436e5;;;;;;
db12d18e5e4081b781b20627336db790;;;;;;
3877b550d07b7b3ecda4597217138795;;;;;;
27f0250a72c94d54d7a67d0fa02395e6;;;;;;
8b3c45f8ad3a924f3e5a7ecbce75cc5f;;;;;;
2f0c1f537aa0b57a7f9b4c9d671671ae;;;;;;
dea77a45c6f254046cdbd474b27ccc7f;;;;;;
66586e81988cb4d8713688d4488669d1;;;;;;
7b93d24bd46e954afd356c6bc8297a7d;;;;;;
762c45654046279af0d5c8578468373f;;;;;;
9075079747a7409928f7fdbbbae0e228;;;;;;
5e26c762e44537d5e239ad495443c643;;;;;;
6040a532dc7a3c039eb18eb8a5960122;;;;;;
d9a7b24db700354a41df54b8a90facab;;;;;;
1313866592596f6cfabbf3a79e4d83e9;;;;;;
45023ba2922309b3942a18a53491d119;;;;;;
be0f9214e2a94eb74acbe521cb89d981;;;;;;
52cd2fc23e05cbe2ef0ea9505342dbff;;;;;;
f47368a17fced1b471af2d34194d71df;;;;;;
541b9dbd04fba5e98a4c2e6de89effe1;;;;;;
d81e827f9cbe393640611b58cfa480f2;;;;;;
c8512dfa84b44e3516cbcf7f838357f4;;;;;;
1d06f1b98cb0a66e30d946d7a0e03af5;;;;;;
2658f5c80a36327d3acbd7bb5767b059;;;;;;
cef8dbe269a30b55f49bd133f0ffcfd0;;;;;;
572050af85de0b8c988c5354c734951c;;;;;;
fcf2896a5aa3f43d6291cf80a71ff1ab;;;;;;
e3ad910910947adc724f96ddc9514565;;;;;;
9f4586f9133f2c77a55c94414451331d;;;;;;
dfc4047d0c305d580e166174cbdf34f3;;;;;;
6ff4fb1c139fb13d4e185175c732e66f;;;;;;
a2e6b2e54a8e0580be83c385478e79f6;;;;;;
333e1fa7e0371fad9288e54a745dfaa2;;;;;;
d7d4c0dd2984842dfda2ada7ab6b3a7c;;;;;;
707e78754a6de026600fbecdda7b4339;;;;;;
dc5ee326d92da10e41d5d8e51ce4afd4;;;;;;
306d1250070c4321ed239df3ae832a9f;;;;;;
f2588f8cf4eab8aab9460495031847d4;;;;;;
9aa9767272966aa73c841a53da5019b8;;;;;;
621fad1c62560bc6a130e94917011314;;;;;;
fc4a1acf074d748da297565ae118ef44;;;;;;
fbb039410a5ad17c912d37862561a7a3;;;;;;
2400f7d03ff7d4073cf7e3177d52376d;;;;;;
79050b686c551c7d3de6ca87dc297f0c;;;;;;
bbc469bcd2ca9006f79659d6b1d3a4bb;;;;;;
a99cbca4667af2335c5b332258f48122;;;;;;
896ce97be71fa7ec72a69e3c52aa30cb;;;;;;
87a69b2a9fb1497c598b5221a68899d9;;;;;;
888dd3fbafc305320af9be2e48bcf78a;;;;;;
1d3620628603c9ff67e76743b99b6da0;;;;;;
1024a3dbbb1aa62ddec90a33e0dab5ef;;;;;;
216bf71fd714dc139f8e250708cf5a0d;;;;;;
6453e8753db0846a3e38bbfc3cf77c00;;;;;;
26ab19e4847e1c96831f7bc6232941e9;;;;;;
8b74752bea89fee9be8296b31821de46;;;;;;
f395f083555734dfe84aa95dd66bb8b6;;;;;;
8aa29ea3e3627e67ff09500387de3b44;;;;;;
7f62b9dc010a8eec8e9b20f4835ae070;;;;;;
752a99f8ad151e86341dfa11db127820;;;;;;
ddb5c8a1718b2936baded55d296ae049;;;;;;
0ad2e45e8e11565752b581c6d997b9c5;;;;;;
3d856d773fba4b6271f18c06b76de056;;;;;;
e36e3eb8a0c9267bea3e7e7fb1d02160;;;;;;
9591e045c7604cba265160e07c642b7c;;;;;;
a984da68a3fc130159ea4630887d4313;;;;;;
074f214321493544f53a4ceb13c53ce5;;;;;;
a1761b1c62baf2a195d686ff6c568ad4;;;;;;
89b20aeb6a9a35f9b60307850fbd64dc;;;;;;
e63dc05d2c89e386610b90d931cb3265;;;;;;
828ac57026f3342ec98b732f150e81d6;;;;;;
a59817d43aca6e5d1231b237242ac1c7;;;;;;
ee33649aab5944fb45bebef256568830;;;;;;
e9397c52ca535d53283ea6930f13adb4;;;;;;
67f0680a712107ef83f2af8789d48cbf;;;;;;
edecb0d78882c5495bdd1cbf49b314f5;;;;;;
7e62ff9d6ca4431f3889447a92c437b0;;;;;;
63cd950f81042a0a040bb46130ab91fa;;;;;;
70ae571a088feb8222d08feec5483e4d;;;;;;
f5cbe34c6aa5073a059c865587a4e836;;;;;;
4811cde35e86e6177e7bc7e8edb7742b;;;;;;
635ce6138038f74bc6d4d9b8f4100751;;;;;;
621de5e2870dd3b738e99477df83e09e;;;;;;
663c483e782cbf872a69fc1e014bdde0;;;;;;
c8e2b260cf5a06dac4b0c0bff6448d1b;;;;;;
9ae7ae95e4c0a0fc2c008828cf514198;;;;;;
5f666efa4317bf79ceef5a00e4353743;;;;;;
4f887cb17fcc03216b51ff709d13553b;;;;;;
c06af43bdbd46c5c52ea9e1c73a7219b;;;;;;
1161acbb26b1ba9dd8041b768698e80c;;;;;;
444ad8279d8c6ab03408c413edd9c480;;;;;;
5239b72db2c9c1b194127af6d2b40a02;;;;;;
510750194659708735a722c1bbbbd176;;;;;;
03919ddf9244614a4a5bff6134e3ec6d;;;;;;
e489bf48499efadbe9761c4e3dacbcc3;;;;;;
dc2ccab3c8526c36d6ee6be4409c438a;;;;;;
8aff334e2604fc171c1fdb1132b13fb8;;;;;;
d8b5aacc8911772d9d90b247988d32c3;;;;;;
dfe9d1b51ba24225de7116fe3c397588;;;;;;
e5aacf2929e8ac751b4f95c89acc4b2d;;;;;;
fb650015443ddb5bbedf00ba687cdb27;;;;;;
ae35d6f865a039f96c39548ba6550c91;;;;;;
bd84a19075864d3f4783aa2d744ec053;;;;;;
d3c7929680254f59c67b8445498e4b05;;;;;;
9bc9b39191e15d3b401656048687fac7;;;;;;
c5927dbf61959bc0b06daa4d694cca07;;;;;;
7ebcda2c7b0b684f9d44538a49f02355;;;;;;
f2aebd9dbced7d5c85eb6c2bd918ec50;;;;;;
d56d3bff092a53244a4775c4ad022c6f;;;;;;
6d802994d0698ba35b7ec61db591ea59;;;;;;
937d2fa5cfa92af38d7c199a772f91c1;;;;;;
8bac4d6aefa6b39411de09a30eca2966;;;;;;
f2d148629ea5c9f76f15b7f7aea9a635;;;;;;
7690fafb3ff94e8e3adf3eaac4ba4dfb;;;;;;
7874017b0fb1c280d0c1d342a6aa177a;;;;;;
d69fb393e3f66954a25485ff286c329c;;;;;;
56e70be5cf60f224fe9d91f74921468a;;;;;;
a186d749089a122014a5b5d707b3533b;;;;;;
ac9dbe4598136b5a642b23784d9e4dfb;;;;;;
cf98725ab8a27b643aea2c904e5224bd;;;;;;
be14b74e683ca060955ebaad4f399ac2;;;;;;
1652d165226e2ee4d7755aa4babfbb32;;;;;;
445d7ee20d33d6ee924da52040d2729a;;;;;;
4b35f9a4a5ff786deb1133c892dbb09c;;;;;;
99e9d6e91ddfdee97902c9f9b73836a3;;;;;;
a23c0cd61768b50ea6e8a5c8f0ec76d6;;;;;;
c959d1198817da9c3b4e7822587809dc;;;;;;
565d35eab82f55f7ee8f729ed43fbd4a;;;;;;
28d781a61dfe116dd7fd5f1bed416b4c;;;;;;
cb19b3d8957727bb2815f8bf70f007f8;;;;;;
d8bb0661db59384331a793f2e50d9bf7;;;;;;
0e0ab09875fcee7576f629c299f02c49;;;;;;
dbb967979a16a7642c0c93f2bc573056;;;;;;
d7154c200ca444071286f3e7b2170219;;;;;;
7d43929968c29801f4d766e61670ce19;;;;;;
d2ce19208ef8c644dfc898ef230e80c9;;;;;;
006c17fcbc1501b3d38dfe97c9c79f02;;;;;;
4c8e0e12833e21ce8a79791987ba84cf;;;;;;
e16e8ff5cf56f8e42293903c2ea70a56;;;;;;
4c27e0460adf23bdec0c99c98bd5ca70;;;;;;
054976d766f930840448bb943ae0d69b;;;;;;
bd4bd4b057917f2d74c312e39f745c95;;;;;;
f6f171893bbd48eb2c81b0512854b906;;;;;;
0d8491fddc5bcc2ab740d15f592571fa;;;;;;
eeb7d3bb8692fcbf956f3e7914d9f2bc;;;;;;
ac8d6f672195cfae35a456a8d973633c;;;;;;
f29ced230d16915b650f4fd3c746f164;;;;;;
094e045cd8caa3ccb46a685ee9b6fe01;;;;;;
871dbf7be90c034ce7fde1bd07448859;;;;;;
422fec2e2f1aeb19d6feb2653984b1b0;;;;;;
3ceb1b9f7ed2ab24d3a74106e91abfef;;;;;;
052327bc8b98eb78d5eefd2919b0caed;;;;;;
d3ffc81bc45f2ec16bd4a3b556eaf5ac;;;;;;
d5dc97d24a6e5663514c9ad3b2939c90;;;;;;
4b38f1bb2733f6abc88f63b424460b25;;;;;;
761fe5bd796a01aa5813d02a1c1ed96d;;;;;;
33b57ee040a8b4bf730356cd66d5bf88;;;;;;
3b9cbf79560fa98d024f24a46f5f7780;;;;;;
37b3634cc50df4e7a8cb3e7096d973de;;;;;;
7cd7154cce542e8354ec5752219fb905;;;;;;
c4e6a10393b826de6a145d2c26c16245;;;;;;
2f52cbeebbc455b49919699ba2f78fa4;;;;;;
dfca692e71c1adcd85f5e8e95bc48a65;;;;;;
25190e5a7698323b5e4fff79eafaedd9;;;;;;
0b838524de04ccba4ea5d632a8ddfd06;;;;;;
f3bb21431bac7b97e0eb3e82daaae23c;;;;;;
7c5abd0afb733c9ddd05be2b251a0a5a;;;;;;
66a1ad9ca2613f3935677aa448f9e2cf;;;;;;
b49cfc51f896d00507ae9ff390c2b537;;;;;;
0c6d2c3e86a4e67d301278b756d482c1;;;;;;
e25b3cc1034ff49dc3213648214d66c6;;;;;;
fe5b002245c509ed4cb1fb4402ba23d5;;;;;;
7182a00904a115bc7acb1b14ccb877d7;;;;;;
c23b5dadd99137d67bfcc6cc95452452;;;;;;
de763aaa3e4086c5ef77a711a6c1cb7f;;;;;;
7535c3f9bdaed6c9e0bc60867692c658;;;;;;
d2dc2d94fc8a5843b1ca3377fb8acef3;;;;;;
5ae43b3c383af6ee337f043fb4870e5c;;;;;;
2b88eac0a392c7a4831013b91d5fdba1;;;;;;
539e8e52e8379bd972726ec2e713d03f;;;;;;
bb7af90ce2f7a4cb84e7051cdf566e82;;;;;;
ebb1d22f98dc82f131b9167ade4dbc3e;;;;;;
3a58f1b29ae7def2ed65cb960729629b;;;;;;
994527517029ed87cd4a653d58ae5119;;;;;;
cbac0961781c1575a839ad35ddd2cfc2;;;;;;
6f1153a08b40517a8e9c27bbee8e893b;;;;;;
3f5bc7c2ff9e918acf679a6509dc9460;;;;;;
f44373a79e85e22e342a8954485fd643;;;;;;
d094c0f49b3e2b0ca49ccce302d36545;;;;;;
1a6429fd7dae798b1d5170bff0837907;;;;;;
e4c759cdd395289824b39fdd8d6fe99b;;;;;;
2e7b93a033ac63983410b0fa1147cba1;;;;;;
16d7fca2668081daa5efef974dec7c17;;;;;;
add5157cfe844da14c049cdd976b4f1f;;;;;;
419430918cc9ab79adabb740c905176e;;;;;;
7055f5ef24349a687757cb8bbc1cd763;;;;;;
b42630e99762e17e6b23beeb9374b81f;;;;;;
1bfefdbfda937ac16c0a44bb59c503c2;;;;;;
b627918d71855667f586f7534db0cfe3;;;;;;
8dd8acea34f8b9a406de98667da51c21;;;;;;
469795077a095c7f173831ebe1842b1e;;;;;;
7788f4c5d4fa0365ce68ed4023021d56;;;;;;
89e3a8c99d72f41b9f4043cfcedc2653;;;;;;
84954aee525807479e10ea61e987eab7;;;;;;
7eea75f25423b229ed3ae134422b82f5;;;;;;
f9a618f3d53ad6b07b36f38244896e2f;;;;;;
8b5205d1ba16bda4cdc30370e5fa3637;;;;;;
68510f2f9f0a5a168a337345479c14eb;;;;;;
a785adc55601cda058279121fdaad1b4;;;;;;
d87ac6a6024f58f76abdd031fa159cbe;;;;;;
752734c1beaf4051483cca4925a80b15;;;;;;
dbf36e2b0b0cfa0f2993488a156cac65;;;;;;
c0f89086deab176f6c38f5b9e4ef8a0c;;;;;;
9e9a62daa132f78f1c18ec8135dcde82;;;;;;
568ee4427df364bc24da0c0f1385ab2f;;;;;;
80ebbb1da6ded77f1e628a806ffada3b;;;;;;
c5d6be55a9f4647e43637bb576821845;;;;;;
9006060cd770159fe07a107fba2db18f;;;;;;
b2d49e6bf83608560f7a6baa38b5659e;;;;;;
a8a44a16c91ebd05ce275977595f4b30;;;;;;
93565b30bb4d7502a1996314ef5aea35;;;;;;
e89cafb7ce2e05217074fa5b287ba251;;;;;;
6980ba30608902c1d16ff3c8f5801d9b;;;;;;
c83636f58558dd1a9f580ee27fc77d9b;;;;;;
67297268f908946773f8a2bfcda23cd0;;;;;;
cc53e1a5b7fcab639202666a09fe5447;;;;;;
e6c75c756e5f65f5407ba1b27887e23e;;;;;;
a5ea065eedcf4893d21db8cb8bc3957d;;;;;;
c20f9ba1c47b2d7a23567afff883d9bd;;;;;;
5f2a781a91345acd6a6eeb7b14d5b3f8;;;;;;
67ad305e781a7f7074f9d68645d5e07a;;;;;;
d209fa06f6e2b9441e662bae2c419181;;;;;;
ae80072453e8a3b848c55c7ade579aae;;;;;;
e883e8436493b31e145e1cfec126bced;;;;;;
eee9434442b42118b5e8e3db38e69234;;;;;;
97ae9d7359948b71caf08a3388ad9367;;;;;;
4aa3c35a01d31a1beb1fe5efcccde3b9;;;;;;
71a63ec1d1a2b7954298156673e418ff;;;;;;
1f4d4d715d0e2f32b4d62a137022f096;;;;;;
3e6d8286fe8c2d336b6c3ef15a98cf66;;;;;;
e25c7729d5cec523a71135997236f200;;;;;;
56df5fbbe5b95667068ba4129458a938;;;;;;
c59b3f056c9366057dbca77e94c61128;;;;;;
3d222965dc1b91a34e4cb5eef0625259;;;;;;
d7863806f152d8a2cb26be0d4779f970;;;;;;
bede3ec77194a50d8a24d6bba7c6c451;;;;;;
ffbc6bf80acec986c3991a3e6713ebad;;;;;;
dbc7a66ca57a01f4a0050efc1c425148;;;;;;
6e7806af3b040ec597567a23083b9430;;;;;;
df7e039fc25701610c085b57b641a1fc;;;;;;
8e7f7aef4d0b8649590a193a56483ce2;;;;;;
6ee3b601f3bcc11e00e600a35efd411c;;;;;;
28c26cf155e1d074f3d2a928a41658b4;;;;;;
8fda4236c448ceeea9a5bb9e35efa22c;;;;;;
71b2028f1d16ee8b48c3dc05c38cf1b2;;;;;;
36ad2374ed572eb9b768b7e76caf79d7;;;;;;
27da5aa631fe55f467c8a50819300420;;;;;;
ce07b7823c9c255291ce77c54c8b0607;;;;;;
95ae8a26caaf188473b1a91471584579;;;;;;
77b9a4c7a076bf918b26df0a1f893201;;;;;;
e6a04d7058d785fa5c2c0feb439f0138;;;;;;
7d7268299c7122e0beb6dbce45078b03;;;;;;
8a9121cc1f47638d5b9cb954db6347b4;;;;;;
9e75d060ab465d8d214090ef2a10b2e6;;;;;;
5812c1ee4168a079681a899ab095c6d5;;;;;;
a036a6120d4be353baf2b6c2b19b5e6f;;;;;;
44c38b990c1e8b90e50547ae78c7d8ca;;;;;;
cc1608ada3859e54b9aed8cb529c0027;;;;;;
e0d246a6c3a90d30da82981b17591fe4;;;;;;
3947a98fba01179a82f4dddc0c4bbc44;;;;;;
9366b30e3e6132dd17527d1b527b575a;;;;;;
ce23a545d1d4a3e7630b783ef7c92e63;;;;;;
03d9ecb877e94f46067b764e00418279;;;;;;
8a7315aa91e58f5fe8a7c6626aad7501;;;;;;
2b9185b3f00f5c9695a66076d6ee9861;;;;;;
8172739ca9a18baee5dc543d434acb94;;;;;;
1de37a465ac2fdd4e9bd053ea9d9cac3;;;;;;
d2ea944d3921bc93e87cb0cb967f7511;;;;;;
3fe4c6900aecfc284068f36b8c87e689;;;;;;
30cc0509111ab2ec36dcf34aca4831a2;;;;;;
a56eddaf833822b717b07e3ca954ecad;;;;;;
ffce178332569b83008b2168c99329a5;;;;;;
c333df1001e5334b8095938d9575d253;;;;;;
743dd84f2cf2035c38bbaa152b427a16;;;;;;
3cc92332d2f758f10f2d3da055130de5;;;;;;
f26d958a7e131c63c0d09ec15107b52a;;;;;;
60f8a37a61b1c32c88e726013a9af06e;;;;;;
e67055826f9ab0853b16f5830103e4db;;;;;;
7f96c23a31afb8cee22e9b5629bbb1bd;;;;;;
c61e2cc8dc2137db91d9e8e524499922;;;;;;
306aa7a245fe8ba4c0d52be5d79f072b;;;;;;
27389f57f454da164395d441bc5d56c6;;;;;;
3a1d8e4ecc27aad93c8df2c5bbceb64a;;;;;;
8d85e9cf56d01ae3ba13b26191b385fa;;;;;;
7e7696c90ab24a01457e6a5455489944;;;;;;
6c25ea9dde477098ac037c7d92f08adc;;;;;;
47fc56a334566dec98a16dbbcdb471e1;;;;;;
5759da8df44e15b2ea23c6a4ccf8878e;;;;;;
72de2b83566ad477d84d1cb9d8f359c8;;;;;;
945b1a325c7bb2a5c33730907e9f76b4;;;;;;
4641b8459c25a863dc908ee2e8607026;;;;;;
ec7ba6b78b179d85d41540b181a95750;;;;;;
353ea08416fffcc3fa56970343d7cbde;;;;;;
358ec3121d0a92da23f75601082297de;;;;;;
7d0cdfc4ed665748e84c2840fe8bd3e3;;;;;;
d9bf999a556c0854dfea8199a100f617;;;;;;
eeea8a82f55166d0e54dc8e097a13425;;;;;;
9fb79f9f16e1c1ea47781391a2e6cf9a;;;;;;
9703b4eb703daf985a37ed0f79ceb5de;;;;;;
2d9081801f2b1309648497ead3de5592;;;;;;
39443c1b0d2a5d29bb9fc2995440ded7;;;;;;
f48303f4adc5ac9d01360aebf05dab70;;;;;;
bf65e3d4e0aed12acb2af6b802f51d3b;;;;;;
6697687d09bb99caa9588ab2ecd32c4e;;;;;;
9c7e3a202c37fadc84ea525cc08ab22f;;;;;;
6dd6b54a33262cf63c6e17659395127f;;;;;;
4f5fd476bc2024457b9c1326b7c97b16;;;;;;
36b404c433fe8309a27a20eb67f297fd;;;;;;
266f17c49c2035d24cdb38c195e5d742;;;;;;
6127231c8582aa731285d56c1b3abe98;;;;;;
800c69765edd65ff5b693175a36f8e50;;;;;;
60928bf9f5d20c8c843478ef52af5689;;;;;;
dbf5f19c2e53acb4a1c4e12d862b499e;;;;;;
8f7a30e603507b30486e40ea9c5faa39;;;;;;
5a87a9a6381f353bf522c730ce4023e9;;;;;;
5a0aff51fca9fb354a8befac4b391da5;;;;;;
fb068e392bc88cc23771d5f7fdfc52fb;;;;;;
629f6409efa838d124443c7d4ff0f4cf;;;;;;
2292045ae0f3d99160f3656455499adf;;;;;;
87cf072afc6266b4266f29eaf2e12b73;;;;;;
7da3256a4415d38fbbcbafd93c742e0a;;;;;;
b9f5bbd2de3f03749d89979f0e9e9f59;;;;;;
975060550beb1ea97c5f1741dbe2c568;;;;;;
19068896aa6e5da57256cb93e5414841;;;;;;
3ecc4322d2da4c521f65b3eb11662e95;;;;;;
a4f2287e3357a3b8b58ee5d2a8500e5c;;;;;;
542a002fd7b1d8a7137280850db78a5f;;;;;;
0ec2885c332aff8053c5d63500836e1a;;;;;;
0836bf54cdbd223906cca0b6e3a29167;;;;;;
a490aa8b4c3309872b97b9fdb8318571;;;;;;
b3bcba0682d90cebd762ff521157e2d9;;;;;;
c35628269b336ce7ac271169945024de;;;;;;
3f5de0b12a34334b0a6eafbcfc7630b0;;;;;;
0e45d9da82215cc29eac3796edc72fa2;;;;;;
b18b5b2aa66b3528cec81bd98c28e232;;;;;;
f896f40dc27e19ec863d55b54361895f;;;;;;
a04a17dd2a30d8ca9941b25381dadebc;;;;;;
930bf0a37348552508167571bafcba8c;;;;;;
801f0ac9334b9b2989e0b360df93121e;;;;;;
5b133d55082b574560d9d75d173c1c22;;;;;;
d86f68f57389e88c9a2fee84993e9d91;;;;;;
c3f6bb5d99830603c91f3ded57e4e2ff;;;;;;
f7253e0a1390fb0f66f5a751e0a66c2a;;;;;;
63c73c637b0b7b28426fb1be24362419;;;;;;
08ff43cb6a3680728cd844217ec2617b;;;;;;
65fa93a72e6b3dfc05a5adfa0ca7aee3;;;;;;
05e2de3e215c90cf9c5a1a957ed4165a;;;;;;
535ec8a3ec35f5317e7530e2b81f1a4b;;;;;;
7b8ca47c01bd7ae784c9e705c64790df;;;;;;
d48c2cb1faf31da62d195f2b1c94ad86;;;;;;
c203a1dbbcd2ed5514fbc9433dee69a1;;;;;;
2dc9b203097cb208371471b573b544c1;;;;;;
cc2e2233b3abfad4812d56f035dca324;;;;;;
04b8c77393310076d34c04c9e72ee822;;;;;;
2055857cb09eeac0e1e75ce80f1674d5;;;;;;
1de570b80119e27550b72ca1c930deb1;;;;;;
c692c40530a84bd8b72de909068d2870;;;;;;
8d45f258ca0c5cf2c26754fd6a429a5d;;;;;;
f87fc3a6721a6f1e08c3b2438409920f;;;;;;
2f2deb8952b8440f42965a4b48b718a9;;;;;;
2f27ae6e87a7547208c935650cfbb1f1;;;;;;
0cb0e47e36b89b55fcd49bd27ee087de;;;;;;
f515d7f48af39332c85f55418f31a022;;;;;;
d9843f14ecf13de876069b96aca746b5;;;;;;
185ce1b84806c80850fbe66afff65c23;;;;;;
78633e9d01399d5e15658001febf2e33;;;;;;
5a041fc0ea91280182201dae407c19d2;;;;;;
70b0dd3a90efb096b7e6b5d285beadd5;;;;;;
8e2d990c04eaaef970ee3cfead1cbf16;;;;;;
7a9738eb0d85622ccd67f5333afd46d8;;;;;;
f23f6b884c5324594f5ea084b78146d3;;;;;;
086c54cd637688640c042c170918b3f2;;;;;;
2eb6bde9905c2b0660e5aeae76b5cbd5;;;;;;
b4424fe183882d0d1970be6834f91ad4;;;;;;
d74fcacd9d53d52e4549fe77f4267ab2;;;;;;
cb65ab643add25709c22064fa963780f;;;;;;
5d7e8b0efe0e070196966ceb31b8e0c4;;;;;;
e64174026437f720cb933376bf23ab92;;;;;;
38c15b729a527824f881c7af740dd9d4;;;;;;
1d8c45e26b3353624c00cc58d38568b1;;;;;;
2706a304d3b7a2382910dc3a65003322;;;;;;
957d9ad7fb3f0507bc8e9b4b3f4459b8;;;;;;
63bc20215e710496c927f8c2d3b22bc8;;;;;;
d6740b758bb18789376726b51ebdb77c;;;;;;
69ee6bcaad10290d6a3b9d3db69f3843;;;;;;
219c60b13e7465a66aeb2fec51b3e615;;;;;;
7c66262250358d3b823d163619fe3dc7;;;;;;
f7d2964a999f0dcb3c9be4e9e3e73652;;;;;;
32c846c1dec691ea6afe194315fdede0;;;;;;
5f22eb7103e258dc3f0d1b389fce3d58;;;;;;
20b8e9830f24abb3a68b0c53195017a9;;;;;;
f9f7d37797ccb64de00da610815fa1bd;;;;;;
57b63b428fb2653f0a9d81ebec77397a;;;;;;
35eab18b4c0b64baec8d60b08c008093;;;;;;
5c022d81b1f09355bf18fb7ea75703c6;;;;;;
52d0d6cbaf2988edd24b54c31a357dc6;;;;;;
5d9dc622bca62f0df4e64d154ca9930e;;;;;;
41eda2ee1ba79d9b22b716ebd07c41d9;;;;;;
cd5a11f82a761cea71b12da6008d7098;;;;;;
dcc6787763064fdedcafccf2373f79a2;;;;;;
cef58e60d09f848624a9d7ae0bf11dac;;;;;;
dda23479b1540b674b29d23b5b7b47d0;;;;;;
d34210f5cefbb5fa9092705a8ec9c4f5;;;;;;
c5a52b2575004c19fd74686ef36bae19;;;;;;
b0ee5b77ff538b0c6f9debb164090f70;;;;;;
c386d493a7573cae9a4a303e9892ba1e;;;;;;
25263c4fe860e29a1949c78f89794a49;;;;;;
355370013767dd83343994b87e1729e5;;;;;;
a4055682281d3f242c0456f04cff16a0;;;;;;
e4f239ea07bc3ea38a14df319180f5ba;;;;;;
d545f30a29b68906a202e80e20162e33;;;;;;
3a57dee00ec1fbd2cd84d4380ccae5a8;;;;;;
0073b010b37a4eb82b3c172dbef186f3;;;;;;
3ff1e84ff421d05a54ba7a50b87b7fb2;;;;;;
6d402e00249b3212b8af95ecc8a9a8e5;;;;;;
b1259479268a70e41ee63ef326977fa8;;;;;;
9099c4acd4a731595ec1bfa4aa9cbafc;;;;;;
c624d6b5aa2c7968d371928619ac3d9a;;;;;;
169f99ded428407a9d16dc05db5b5c04;;;;;;
091567a63e179feae0c3bd1ef1391347;;;;;;
1476f41c89231858c32c02c8eadd85a4;;;;;;
3e33ead872f4dfbc23657c4d9bb3ae41;;;;;;
6d5534361bb110479c18afd438e94bf5;;;;;;
f793e93c1591f9459a1b560eddae05a7;;;;;;
078fdeca0fc6e662647151f4894a82ae;;;;;;
4ef1d979dbc2dee6de19aa05f60fdd9a;;;;;;
dd296e45c4e6af065a813f4664f745b3;;;;;;
633e36a6992537f0a2893017cb92361b;;;;;;
c1c9abbdb356eaf72a5a9abcaa99dae8;;;;;;
d41c132d98b9abb29f66eab4fea7350b;;;;;;
c1c38faf4e272d5037d60c832ee37f2b;;;;;;
ee0db590313a39d8b6e81ee0525ce018;;;;;;
65bd243cfdc07065f869fcf57ca2fe5e;;;;;;
232e54d7aeda90076ce20962c202944c;;;;;;
146fd2104096abfeab10b66fe6a80120;;;;;;
8bd06c550fc8c21bd407410113a4acd9;;;;;;
589acf83d1a1e428d60371c714edda09;;;;;;
a17db68468725d6c38cf468fafc6e8c8;;;;;;
c5273ac1ec78ab7c635ffb02ec81136f;;;;;;
82a55ac059b7c1f64dfa87909d0fbf3c;;;;;;
2dff0903ec951b250eefb7cad7885ee4;;;;;;
f96eceea4e331f6a5b158907f35a6783;;;;;;
b1c1667c9f0cf35a5ca6770ee626462b;;;;;;
1dd7a13975fb46857e0a26d44d5f1273;;;;;;
56438637f10f2e22c6faaae5f9ea8636;;;;;;
7511a49c65b6946e9c0d2673d0532d98;;;;;;
2b69f574cb6b1c53a25867ba812bedce;;;;;;
307a7338682902f9e4425091e3795464;;;;;;
73f8878fbb349b089a350440400ff90f;;;;;;
f118e449e48c3f984b31314740a9072c;;;;;;
2ac6ed52adb58c3b39aa05c6381342cc;;;;;;
61df824420075daa4cfe9803f75a0690;;;;;;
e3592fcc547a4e05613c1ba0b1d4c64c;;;;;;
817173e0dc61cb8b3ec3296fffad55e3;;;;;;
729a56aafacb188fb45a1d10eb2c068f;;;;;;
941ca1beef803266e36383cf89e3b798;;;;;;
27ba12da6afa33ab11e1dea528fe1d25;;;;;;
b4e9c518905bca2140757ceaa21f2011;;;;;;
a4960ce25afd6c3fe29a1e136ca05108;;;;;;
4e6306cab66227352e4cf579f28a0e15;;;;;;
f19a34288001a36c3b9570fceaf0cfc4;;;;;;
d81236d3ca71c3792d81c294b7d52354;;;;;;
2e7491b589f1693703768f0a95e57edb;;;;;;
f9cf88fd7bec689c95c5fd28ee735340;;;;;;
0b3ce77358f6c210907669dcf9195c79;;;;;;
f4c3672ac0b43023faa6990eddd37518;;;;;;
7f849f140374935332140bb02c297ee0;;;;;;
1f0eee2e66e18668998b35de18ded6ef;;;;;;
b1ef696226feef37bee2f84088693780;;;;;;
5655b5c47fbaf7b2f119085c77fe83f1;;;;;;
c96a816d8d4f6fd25180c928feb39122;;;;;;
b7d04031aea7419a14b5abb354537607;;;;;;
e286732a5722471833ad9655d25e8823;;;;;;
de1602175ac73d65fc1cf659a8e51501;;;;;;
e028e91f8084b59a074f96a9dc8a2f29;;;;;;
c4d94b8ed8c58bd7bd7517d7aa088640;;;;;;
4240ef88e0e3356d93f10f2c2d8482a8;;;;;;
121844f89a4b33dc119ce63ae154ba27;;;;;;
c2bb15c34584d2223414a110ea7e10a8;;;;;;
69e79ac191a66ef9b8614f1b0e5bb95c;;;;;;
8bde39738db8433ae5a5df6a95fdd2a4;;;;;;
82212f2b0bac0cf361947e1c8a86496e;;;;;;
3235711ee08e6be39b5e76a16617538f;;;;;;
7688955a9ab87a60573ff53562fe9552;;;;;;
34d94dc1e7b8c396bb7c34e0ccf31e80;;;;;;
f8d2a7ef92fb082a87faf3f7c46ccbbd;;;;;;
0826baa983185b949c52f45084a3b133;;;;;;
c841c868237c1ff0652e353d718f3b9f;;;;;;
03e8224c09d14164a7dd0290e5fd05d9;;;;;;
fc7886208a729b668b9ca917f706eae4;;;;;;
0990442a0dfb0b2de33a0c039d414597;;;;;;
35157686b936b5aecbad2d20d9fae395;;;;;;
08af5fca4fa33feca8a84880ed230654;;;;;;
68b7589293db373b3ddb2f14ec076bfe;;;;;;
6122161b6134c676a802e117df8a4094;;;;;;
dd38bbb104aae80e8d9ca7cb42c24513;;;;;;
f58b7c3a87e9254bf8987851cf5396e8;;;;;;
19d3542493777e939a20f92a560b67dd;;;;;;
99b7f62f33d52c39cde44a7d7d768184;;;;;;
448efc9c1bfd1c08f7a53d56a1972b7a;;;;;;
3e4330c34b0691d36cb9b0e83765d21a;;;;;;
9c508105ae6912fd91f22886301c7c76;;;;;;
da719d370faa632a2305bb224615edb8;;;;;;
3dca2b9c7345ca98f9ae3dceb861b37c;;;;;;
7d26c6bb9aa9894373f3370d0f829397;;;;;;
8697868f2b79bfd9cf04d6e96c912adc;;;;;;
93daebea064784dab3d25f2929a73e19;;;;;;
70710ca8c5d2b63ded3b6930d277c3fe;;;;;;
4d1667b32efcba4cb196429662615df4;;;;;;
fd956ff6df89fff9b124ee05ee5309e2;;;;;;
8279c20d91d0edf985b28fcdce4ae7e9;;;;;;
54ca62c610460b6247ea86ead14942a6;;;;;;
45fd93c4e4668c9b5721810d75e8e3d9;;;;;;
a4fac4430183d94215892d0c7db7e851;;;;;;
837f77f993d521968d7b6d1777cc7d12;;;;;;
a8751e66e80a2af9d03e827ba77d2005;;;;;;
bcf02124206b9a0b792558c0fbe16732;;;;;;
071eac78b142f085efffc1868f9c9f14;;;;;;
ea14dca796f64d966df0ffc67f2ce374;;;;;;
63609910c9d33c86bd098e1dc1e497f0;;;;;;
58866833c705b3613e80f0749c63bf04;;;;;;
ac016c8bb16df8d332fb0f06ef3edc3e;;;;;;
4c13f1ffd0c650cec8a5abb30f10029c;;;;;;
c0c8400290201074ac273025b1cdc7ef;;;;;;
1f55284991c662c13a693409391b76e1;;;;;;
a4fdea63ed609704f0ef96b409e1e2b0;;;;;;
80fb859d86f1e637019d755bc2cd19fb;;;;;;
d78e61d0a7994d7d42d637b81575ce35;;;;;;
9353403b32ce4cb7174b0a016002907d;;;;;;
ccc0b060f895ff6efa82981dde51b1a7;;;;;;
9c22c2ea67cb87a25e8b1ec5ea1a6298;;;;;;
0687d8d333c9459be7e1c68776f30cc6;;;;;;
62908dab3f2e5e912f359d895c70e9ca;;;;;;
5a9db497e5362e34c797a17e3fed2c0f;;;;;;
446853c9c72a4cde0ed04eead80fbf70;;;;;;
f8b6b779b6d1c9c84784954398de479c;;;;;;
88646abea9ebe7483240a5350ba90c31;;;;;;
cb4f48a19e6d6d9cb81d42fa4cc5fbc8;;;;;;
4fbd1b6802dec8a1a75aefbaaab266ac;;;;;;
bd8d32c5fdbef6605d37de178296576f;;;;;;
3a736f17ee6885c828944dc9fc31b279;;;;;;
8a428540670a92f28d6ad21f7022425f;;;;;;
2c186a184395db7b1948b41922ec7726;;;;;;
cc835ecdffc3910c9cfd3461a71ef11c;;;;;;
2a36e80eab118ddb8efd91563956c1ca;;;;;;
a149d727336c0493c1df2b0ed8dd0b00;;;;;;
9f366411d60196838e32f587d7010bf3;;;;;;
089972f87ec8a5b16814d164ae4d6817;;;;;;
4d6e0299d06be599c74b7157504f3354;;;;;;
f9fb122347c8740a209b21ba2656ffc7;;;;;;
533cff8146287fa0bb5a3f3b8fd5ef55;;;;;;
6e68a5ba1d5607c9021e3bc64646b39e;;;;;;
609c69d1335995ce3e3757d26a0fd758;;;;;;
73ace8b4358be7a57d1a5ee3bd951e53;;;;;;
8b812317e1b749b851d260747524046c;;;;;;
630f97bdc79dee74828846174ac61992;;;;;;
1d446732c37bbe713370402fa116ca5a;;;;;;
ce16385648c8113eb0e6622b9ac6f8a3;;;;;;
366b5e7b2579ade27d7622b7bfb37934;;;;;;
a64e1f48093b3215ff29051d942b1151;;;;;;
f3054478993ef8a1ebc7914d58d7a451;;;;;;
5568f1b43fd91d9bfa17835b0bd7594d;;;;;;
57aab99731ab149f998329aa98fddf8a;;;;;;
cc2a659afea828410249f9b8d905cddb;;;;;;
bf735173a1fa5efe82ecafe1cd85c890;;;;;;
c9999d4b339723f1f7bde26ef5c4146f;;;;;;
77c9938d55e0e46cf0797429d092d30d;;;;;;
13f10b6e68f32042ebb91f9c3f75bfe4;;;;;;
f2eafc03d2612e67883f26069e93956d;;;;;;
1823ee2465a8aaf026e5d4f76f671e64;;;;;;
fcfec351d671de104c03e9584a644300;;;;;;
7c6d4ac54b724200d07c46a832a530ca;;;;;;
b4ce840d687f1f55d9a1e985820c25e3;;;;;;
cf7f1e2c475b578accd4609df2387f55;;;;;;
5c62096c87b2986763d2891c69b86faa;;;;;;
cb84e81b0ee083f1906b2c81cf89c739;;;;;;
83a4a2dc97bd2d1efd1f0839875312e9;;;;;;
bc4c41098a51c970409edb9d851e9c89;;;;;;
ce3541036212e3263f154021df1b49f3;;;;;;
e5c31e91fd42890c3da69b42a60b7fdc;;;;;;
a64f144aa6827971ec63691e0a049a09;;;;;;
d5f025e9c236c3031358af6a6bac5a56;;;;;;
ece0332f0c58f7687e6336303dba9e91;;;;;;
36ef0857d7d3842c115346f8f772965d;;;;;;
507d64145b00720449282ad70207d38f;;;;;;
9999d8c0785a2c715ea560de3fcb0c49;;;;;;
806c470a6c6bae41ee2ae2915cc1ea53;;;;;;
dde30e8eb59e03dc2b2751ff388e5535;;;;;;
f740de50a48419cda4376987b463923f;;;;;;
91802b84468ba669811cae326e0b49a9;;;;;;
c07193b3d07a98283a82983d5b1f40b6;;;;;;
c2e9e5025f72224d87c903c3a263c486;;;;;;
638b97902c5404060bb8ff3101b4146e;;;;;;
7174c84c4b79cf6e7a823e068ce9c7ef;;;;;;
9488bfdf622e930e036c05206627db91;;;;;;
c37ccac6b23fbd6e9fb97832ff279fb3;;;;;;
979cbd5b664030900e9cf2455d78bbd7;;;;;;
910d94f30bba14f2575451b500ed1db6;;;;;;
8e5eb4aec2b29fd69a69f4deedb864f8;;;;;;
402f3a048a49c763289e3665103e7eb7;;;;;;
8aa72a901c507b2039dc7f9fb21f0dbc;;;;;;
34fb8a75a8b6805d1f36b57926dc1e98;;;;;;
0c72057a842af6b43fa1ffa13662a092;;;;;;
f3f24834286a58472175323376b71672;;;;;;
cd3c59ddf792da32a58a9ff3e91d0f9b;;;;;;
89ae529a3f7eeaa6560178c8cf3dd05b;;;;;;
aa8337cc09ab1263a22487b8dd08ffb5;;;;;;
6a490aea8a9991d795216a208a894664;;;;;;
b737209e41c8517cc6817905a488eff6;;;;;;
4aa8238ffbe6f78724fef42652670e53;;;;;;
4cf3de20bfafc7bd6fb03f485bcaae74;;;;;;
8d0fc6ccfb570507851732fdee0d5712;;;;;;
7abb1c33e6881dc6ba72ee209879b811;;;;;;
c76a1164e3cd42e172255134490a8403;;;;;;
db13cc72ef922f14c3aa3637d904d751;;;;;;
5da38f86f75a6f6f21bf5cc1e02fc689;;;;;;
e0891ece06589fa0ed80baf0086ff638;;;;;;
67ac00ab20f48dad787e38c3ae4554a0;;;;;;
1120fb7e607330e273ec8a9a1f68fa66;;;;;;
2a61091ff4cdab77688237af761489be;;;;;;
b21a1863b9d9f1ede8a1fcb6fb427796;;;;;;
39cc4cb6d5c443a2358cd2e2a761062d;;;;;;
54c0c292adc2d35891c6fc37dcbec314;;;;;;
f3562067a166aa5a18506cdcbaf15949;;;;;;
850f2112e2d535a61fafa3d52fe481ef;;;;;;
eff474e45a7bd3e1d2a3fe3cb20d4f11;;;;;;
29c9d53ba26b64d5837e04a02b2bbb97;;;;;;
55ace81a56f6158325596cfba3152513;;;;;;
ba5417691d513d78a5a0fd58066262dd;;;;;;
09aaa5e865fd259c267087e1dbb78304;;;;;;
9668f554083bf375e9b296e801f70b2e;;;;;;
30818693da8a6f9df4baf275c76f6888;;;;;;
fa442b4a55fae0db9a77f07b4a22bdac;;;;;;
89b3cbafe14f32904ddf6c1c92e1e436;;;;;;
d5bb1d09e991adb7d3906c8837921137;;;;;;
fd59c34cc3fc3ff32329a12f633bffd7;;;;;;
7690337c6ea1db6f1c07d3625d529593;;;;;;
5837297407117dc0acc119b89f4f81db;;;;;;
1059cd0117b6794e80e42fe6058fa547;;;;;;
9d468bcdb7fb71a08919a68a1e530173;;;;;;
1f908045ec8457792d1d1850587ec30c;;;;;;
8c2646b9b1adde7225ec068ade6f7bf5;;;;;;
9c99e478293e3e76bf1ecd10d9cde286;;;;;;
3508ed60582518f8c431f1cc25bded12;;;;;;
b2699a7293b7245cb9879df11ee78aa5;;;;;;
9ecaf152a017d75f6db5ac7521cf897d;;;;;;
a7455d79ba3fc03fd36889155fdf7ee0;;;;;;
3079a741f96d8726f4e2090454fb11ba;;;;;;
f3ee1ada59533e43a1ad473fa029a323;;;;;;
426518f8d498140a444735a0268e706c;;;;;;
808a20ff2da5aeee220f71cdd51cd3d6;;;;;;
334750c0329dd065d1d6367c51c297b7;;;;;;
8b53b4d7d3a1d65d108f7cba51627f95;;;;;;
2000baec8a87ef487da96604ff6b146c;;;;;;
4742913e629a0b9a41f60da7f597884c;;;;;;
fbce6fae249d246870074b9190045acb;;;;;;
527a91faf410e2110839fd98cb1df12d;;;;;;
7730bf84ae2c84fa9c1a8b3bdc1b3989;;;;;;
c9fe14446cbcef77244b892fd1da9c04;;;;;;
ed274936e0316521d564fbd6c814ea3d;;;;;;
ad013e7b3ed266bc92b941d9aa5878ad;;;;;;
f5e06b35521b14d6e21712d3dadd597c;;;;;;
87a669864c43c659705448f9723c7b3a;;;;;;
49a6fcc97d295ef39026435c7566d413;;;;;;
26e30c2b0b1df80678a9bc5acf6ca23e;;;;;;
6ecf90f51147325ad49273557282192a;;;;;;
bcec1e94f7045e365fae5b513706afd0;;;;;;
d7e5ce4a3cbc0b4e5ea249e276faf6de;;;;;;
8f1a8b88a62a02cf23005cd3cc74e0c9;;;;;;
2451bd51022155e6a4342c0ff3d59d9e;;;;;;
e817cb9dcedfc9c754b63d7684c390c0;;;;;;
34ba20adb915af73b1d7e8023018feda;;;;;;
ef4888ad55d72465b9309e4f42d82ef4;;;;;;
48761fd317e39c8b911e4caf2fd782c0;;;;;;
cc5f9d27d1f09fe2a273964c14db7c5e;;;;;;
f987b66a23341b1b2c507dce564c5426;;;;;;
14e1af140661c9a150025a08c48ffa28;;;;;;
501c9556357edc03c39543761ef98ce3;;;;;;
262921e6a0aae65727a29db829362481;;;;;;
e6230438eb113d97b49093067e34485e;;;;;;
b4d6f070e9fc8f2c5212a83bd5649b94;;;;;;
0654919a30b7626dd58a9ab4097c7eed;;;;;;
287c83a1997a74f67af89687d2101fe3;;;;;;
b6b4db7835c9ef6c43bf1b5fdd7b0c81;;;;;;
21aa4ff28303046c95b6b365854418e0;;;;;;
c52249db32644dde65753490b887331d;;;;;;
8fba2819ed2a5488609cd867822cc5b8;;;;;;
220949e0a2e79bd6e70c852d4fec9192;;;;;;
28a1f7069981406bede38f118a02c8c3;;;;;;
625de579c2b09a4e8d53685d4643273d;;;;;;
4bc1edddbdc58e1743016ca2c358f4f7;;;;;;
a1f2f35bf955deab21550e45cc57cc14;;;;;;
1a60e42ce88e8e5e410731ffb171a06d;;;;;;
33118fb2d5b34bebd1cb4487e66760e5;;;;;;
0c6c684c257e8f55178acbb7b5fd774f;;;;;;
949aff361d7ba2b7f7f7cb2b0bbe5e72;;;;;;
8656c9130e99687fd4591319f643348e;;;;;;
a85fb748413f4546ba67048c0ad8024b;;;;;;
6e3e71cc90f39acabb44d90a450c8812;;;;;;
42e074bd6986f3c3d6fe9af1c2b2f8d4;;;;;;
6173b38923174dd7e291b540e621ce25;;;;;;
cf6515980e18d2a64561c42546ea3861;;;;;;
30c7192052cf64ea4ad2fc63962cfc51;;;;;;
ba014e1a9696d3977826aee9a781a7be;;;;;;
00a3f38afe86b9c17beccb01c95ae403;;;;;;
2148129cddd3ec51e6d869a0673011c2;;;;;;
8ebd82777955e8a84a562747bfa798d8;;;;;;
02c0cde5a56fe91eef0986a0885d247a;;;;;;
af3e4f078475706f3d359da7d7695484;;;;;;
f75efe0aada243f980a58206dd0f602e;;;;;;
7435d76ccd79b16f343dcad5c1196421;;;;;;
817056eeb7d35e1ff2514b2512f94f21;;;;;;
d47bfb1bfb3add45e14c9c0ff71491ca;;;;;;
9537b8d19d6733b04d8aefd16c4a563b;;;;;;
c8bd56aa83205612a0edc1f6b0562d4e;;;;;;
8836ad488fa20760a99b7406c16c51a8;;;;;;
53124c7dbccdb94f706b3be9e12ffc95;;;;;;
2c57cdb1e4f39b3b7e9f85f2e1b13882;;;;;;
3f92a3f19387fc4f0a609cc3e2a94137;;;;;;
7ea24c311ab4aaba019bdb89360479ed;;;;;;
2605f9a43330176c702589a776eb59dc;;;;;;
97af5e873d57aced3db876447996ffdd;;;;;;
2da87c5b89edd464dc4c4b8aa318f0b8;;;;;;
8227f8ae9012e66e2bd68e3c4b579eef;;;;;;
50bf0ad2e156d4e717c20972d8dcc9a9;;;;;;
6a4ff69d299b7167481e17412fcb6939;;;;;;
6df8e1baa3bdbbfe5c96d63233c956fc;;;;;;
0ccf60161639fee226293d59467a424f;;;;;;
1a5b7a06661c3365cd8dde4d02c87ade;;;;;;
1b858191cbf67ac5b78ccc84a5b27164;;;;;;
d67cc1357b3a816a0137576fef1e98f6;;;;;;
4e619a460aff6864be07d0c1f453747c;;;;;;
8c5b7c11b6b8204fbc93b7589012ee46;;;;;;
030bdfa8a6a9ba41fc6062c1df0802b5;;;;;;
a19875535c300be4fb1b57f586eba16e;;;;;;
8ed9c3c4a38d7794f60924d19aee05bf;;;;;;
004700fd0af3c62bdd391b88d133e614;;;;;;
1990a1a4fb4c9a559125fc3133012ac2;;;;;;
241faf334a93125005216e123a062008;;;;;;
2155f9e12570bd69dd7fc0c153253a64;;;;;;
da4382f73afbf1396b4b5d921dd6581f;;;;;;
2fa58b3eb79a686b6f767017968d2caf;;;;;;
c46c3caf87817274f280078fdf02ef0f;;;;;;
0eda59d174d325b34f7135d9866c5941;;;;;;
c0aaeb2b407531649cf779d50767758b;;;;;;
a1c1f88b1d91c85b5bf09bb2f6af5347;;;;;;
7d6f9b604718109d19ad78c2c55da041;;;;;;
59578720d4421024e3b3309e2d2b27c9;;;;;;
2db12c8c8ab2a319f614e9c997fbdef3;;;;;;
92014f1885f01167788872ecf63d6f61;;;;;;
0cd3396db9a11d98375e36039c113177;;;;;;
588e80fdbd5cc56d562a660e6e656065;;;;;;
f45c3bbae067e1adc5aeaf926ecec3d0;;;;;;
96283829e876299384a80566ec7ca328;;;;;;
340093a8a0e31350209c0b05b6f2f13e;;;;;;
7af53bafe7a29c4decc67d5471e610b0;;;;;;
73ed246a4cefcb4ee932bfb083db96aa;;;;;;
a262869adc687119ff33bfb479fac7dc;;;;;;
bdc61f829cb4dd3b584fb8764e50348d;;;;;;
daaa7b470822861d072401e4e725e40b;;;;;;
ea6a3639a8d5a2f882b1446390a380d6;;;;;;
51907df61eabe7970c2fa9d5d80b65a5;;;;;;
350465c82815a7de9306f85a2b20140c;;;;;;
d52f1c55200e69b1e9a1bd9e18f18b16;;;;;;
402e70518e6f5dea57ac0dc9a8b6c809;;;;;;
dfaa929f65298efb6b8c3317c62125db;;;;;;
d5ee732997b9f26a21d7e83903e925d8;;;;;;
0d6f07796c4e8ae5df43c8d9a1cba221;;;;;;
2d4736fc0ab72260eb2ad9bc1923c6f0;;;;;;
3cd31742c5c27e2efdda37aa4bc1719f;;;;;;
73dbf0ca4e4f2df36fb082a06ad4b169;;;;;;
8c2c387d4f4eaf73b2d80f598fab204b;;;;;;
2d0dfbc48b277d68bb46596fc84cedf4;;;;;;
38047a3b572ba28d2ffc9fc577d05bf1;;;;;;
690dfa38edc401d4dfb3f710b7dac836;;;;;;
52d640943332d63bedac93f6b315ee89;;;;;;
82512c25bff91fb073b0b4c3c5c7cb19;;;;;;
ba3aadda67a1f066941ed86a0c183540;;;;;;
8a96b04086a5226a8d28c0ab62d47d95;;;;;;
8ae0965ca0fafd4ddbb905fa40dbe9fc;;;;;;
d9342f34b4ddd1df4f6d95e68e16ee5f;;;;;;
65315f29b1138a1d615b493e5b167e7b;;;;;;
87f3e67b4c8ae10b170bd26058ec25de;;;;;;
109ace8a5cc6e8dc29d353978df92cbc;;;;;;
dfd2f5565f6ef79f7b09110fa088843b;;;;;;
0414c66ef0c11b014de1497216abf829;;;;;;
c1c5ab4ce5356cc3570ac58efadeeb02;;;;;;
259b8ec0a513b95f8887cf0e3fd85004;;;;;;
317687f98d2735f6c5c9f741c59c8f16;;;;;;
ad54f168809cb88ebb6447e3a27f245b;;;;;;
52b4dcd9b3183c9d5d71f9a00672dad2;;;;;;
3539f3c4adf146759080d903ec7a209d;;;;;;
762768ee56ac6f5b7228632dfb9e799c;;;;;;
4741f161579f4e58c414505c8101abbf;;;;;;
5281e7f9de77e7a31904c269cca16b1d;;;;;;
8d599a31432a5a7df4ad1b0f55fa6d0a;;;;;;
03f154507aa429c62c50265b6cb48e9e;;;;;;
debf902e5a5837d2e74d1459d4c29ab5;;;;;;
315fc58840ef0ca1387de057db61c8d6;;;;;;
b85c7592f994fd791c4a5ec82ecc1a0c;;;;;;
51f63093d4a6252693f8ab976c1cdc42;;;;;;
8c70617f258423523739e957cb6eba49;;;;;;
37f3c76b9bf8f7e98217879da8f8d6dd;;;;;;
b80ee64803e8d465c39875a006fd84d1;;;;;;
d240c96a1fd461ea97771fe47fd227b6;;;;;;
811bda5b1a9efbc2596b412f62dbcf4b;;;;;;
538e09f48c2ce92f2910dee9ed147214;;;;;;
72aca674d28235bb7a017b9313e369a0;;;;;;
25d0c427366768f054c5f6ab6f0cc483;;;;;;
40a656a55fb4e16e0ca2c6ea8fd12778;;;;;;
47baee6f20cda30e09e50284eb2510b4;;;;;;
0b5b23bae15e4a477662e0ab546f4447;;;;;;
ddf51d4d3b4a7fad0244165c471dcce4;;;;;;
deec58bab7f4561d61ca21e1dab08f05;;;;;;
4dd7842f5d2abad7485d2da0b00502dc;;;;;;
8ee287583a8cd40c917a3acb5f3d6190;;;;;;
572067c25282a800f40973419b024404;;;;;;
41f35b37db41f4cf8b0f460559177949;;;;;;
82be424fbc927a015ff90521b8d83c54;;;;;;
1b5b04cd7eeccc271b1cbb6ecbc0913f;;;;;;
8ab69ff3ceeba66e093ede7b981da065;;;;;;
a4b582b5d0133e48f77020d83899d73f;;;;;;
d1c8133e9b0d69c1c9745bbef642d3f1;;;;;;
634a46945a1498ed00d3572061cd343e;;;;;;
99489726721eb40b8a35c1a491819775;;;;;;
d29bd0e1691851f72f85efed2d7e0def;;;;;;
c6f44d870ae06bd0ca9e91a77beb3e93;;;;;;
d323584167a39b7cbf215bc2f48542a3;;;;;;
ce5ec67a938b0ffd1f3c8c84478c0543;;;;;;
832f9418df858a6ffa73328d82221d1f;;;;;;
81f3020c6b106ce9b28fb96e2c8860e2;;;;;;
9c7d61f7291216c8cc12139bc9d06935;;;;;;
74a7a41b32977dd3aaa84c48d4795a8e;;;;;;
fe15cabc9db43ccabdeaabcd4e21ee57;;;;;;
e87c4a30e2fd58fd2db9f36f459db081;;;;;;
fd88dea3cdad9bee3ad6b3e9a0e6df2e;;;;;;
638ada8dd11ea45eb40c85dbf76da702;;;;;;
317af38ae501203035ab2e4f3cec0906;;;;;;
5a07d55672b718953323b1483a898666;;;;;;
3b18657671754891766d8004de5019b1;;;;;;
5a57e1166837539eb38cc6049a924c6c;;;;;;
13dd1bec961e4f8760ce03cd192435a7;;;;;;
60e40ac0242e6a5587660d27d1415b4b;;;;;;
65f7767fc7340c2c9cbbeec1f6346eba;;;;;;
c4073ba337fb2a5a89b583eee7fc5f0c;;;;;;
b20d6ba86d68514a1213f11bf4716af2;;;;;;
db86ea2e6d30233d625710338b7e398b;;;;;;
b89cf7e909b4b5093c54f51144f499b8;;;;;;
a3365bae7c7e377dba4a71e41a44eb1d;;;;;;
1cdc86217f99f2c4a29c9b22808de0b9;;;;;;
591e1a9f0d0179afb5b59617cdca9a2b;;;;;;
fb1a4ad6435afd96a2e0c014a1ed4eeb;;;;;;
4ceea51cb75d69ff2b79be902d6d29c1;;;;;;
f0cead7ffdbe848cae66cdc4044d4dcb;;;;;;
25f9aae3b8a0883280d555d7bbed00fd;;;;;;
4a7573642e01ef880f481a7543016251;;;;;;
e0766ea46d2db3a99219f43c0104176a;;;;;;
a6b9c046e7737cc43d84ffa24d98cebe;;;;;;
5c05d82316699bc3160c2e09bbb821db;;;;;;
7b9d05086701d29fcc84fc545566808d;;;;;;
1d05146acc070fa225de8b3e62485347;;;;;;
43839e5f20bcb60189c15c561b4790e8;;;;;;
44ed2e6248184b5a27adb34154229209;;;;;;
528affefef7628cf0e0c245083fe8c0b;;;;;;
fe836dc464fdea7b30269d21d3f02148;;;;;;
7df3567187a77294672bd8dac2e94197;;;;;;
0c0085318a62b7d4f52e9aa76388c2a2;;;;;;
90e1f2a57e076ab5b99b66b944679375;;;;;;
d596c5e352a9f3416e9adf2ca353395f;;;;;;
ec9bd81b84a8b2b327bbcefbf1651751;;;;;;
02782b26d09c12f71c0a8beabf5d1b65;;;;;;
0150cf8d389ef6c3d0ae2991af247630;;;;;;
123d88c95dcb414d363c4ec3a847ffc6;;;;;;
fa842c1f094069a4d83f38f40f2e17e8;;;;;;
43c80aec561c22bdeac18ffa8c1adc03;;;;;;
77efd74c33f012a29182adcdecd10040;;;;;;
2ee95baddc5735278ae8b8f4f4556c2d;;;;;;
6b11393fa402ae91630ff7d6c8443479;;;;;;
1905cf845788851815ac39d23b44289a;;;;;;
2f6f0ac67d910b36694589b20d166d9e;;;;;;
447140708d851590d18ab47e0fa1bc1b;;;;;;
01695549f9f461ba0e384b2b15951388;;;;;;
56309851d74c219c4165d5aa7d85360a;;;;;;
b747e74f9c5a52b636e91f46d7cc0243;;;;;;
0d62a4b3eed07a04edb3b22a33bec5af;;;;;;
48a0eb7f38d4fc00a1ad8806a711d3d8;;;;;;
71587bcb3baaa87257560fba4e484a91;;;;;;
8c050796895152abd0715ecfac1412e8;;;;;;
c6ca6617fa72d1ca3778d4b6e27812e9;;;;;;
5693f941e86010cbb3d74114807c0544;;;;;;
510d53e0b672fb7dc0e644dcb3bfcc06;;;;;;
024e98c3674f2fe003d2f9d941eaa9ba;;;;;;
1c1c2e54085c10b8be8ef17945c154b2;;;;;;
542e830103341dfa245f8e843a1a156d;;;;;;
6889421da4b229e211eebc5bc1ddb85f;;;;;;
195997308eed2f52550ead3b710427a1;;;;;;
87f02801cd9cc48fedff0458b537c6a5;;;;;;
092091920050d33de663f8915481499c;;;;;;
f74339011482f7fd76e176487913cc43;;;;;;
cc02a9141ffdfaf08119861f37bb2bda;;;;;;
b280b9ef741cea270f96d39155347fb0;;;;;;
d1661395bce8d08e3258aa1c09bb8b5d;;;;;;
9f12d1a24eed32f49c8d40eb45f76d89;;;;;;
3af0a5780816d7918e8a151d00b1f38f;;;;;;
3c5fd35cbe63a26100eb06a0623793f6;;;;;;
12c73e8beaf8ab3a1e20594f8550a416;;;;;;
68f1232f889bafbe8415d45386f9b4fb;;;;;;
cf46b2e1f086262b9019a7cd5a8f5e38;;;;;;
e85c85abd8946262eded474eff7d6dd8;;;;;;
6cda30ea4970d1e9b85728beb85bc583;;;;;;
7329ded27b98e0f8477a662893e498d9;;;;;;
028edfad6352cf81e445a16a60ea24a3;;;;;;
ba558affbb70ce079e8194fe16e81d88;;;;;;
6a993e27d174e07e9148d300861b14bd;;;;;;
43e061d7d669f9979be0563f9bc0d9bc;;;;;;
423ef1c1648d26c2aead975bfc149bc1;;;;;;
9642a745fea35a443dfacdedd62477d2;;;;;;
c690c5a7c38af77b5433c8382f7e7e6d;;;;;;
c45576c095e12ea5a8f169a40f3cddaa;;;;;;
1aa88ca804b5bdfb640eee5b705d7731;;;;;;
1892cc888055d24655141db640947fe6;;;;;;
c8bc5a28bfb5f86010e4b6a423b5d702;;;;;;
cca5e33baeed9ec9587db65a3b383f7d;;;;;;
541d821b04bb28d193f0a5a7b6b8c483;;;;;;
fb86da0af6bac5f29814b4148d8b7aec;;;;;;
5da735aa2d70a200a9bd947465c8b5f0;;;;;;
333b55ab7577a7ecc39ec3d210227f34;;;;;;
d824f30f73a69fd5673c851b594aba79;;;;;;
ec2031cb536da1f54285d1da8894820c;;;;;;
1c067b3016f3cbc0a50a41a242bd217c;;;;;;
b39a27bcf2085be9372802e9bbabf7aa;;;;;;
242f30f67a0126c214f6113642656153;;;;;;
82e9735adb5b554accabfa3bb888c753;;;;;;
c445bf1133210d7f8df29960588bc62d;;;;;;
3ee92633891e1b7e61ca14ce886f3e0d;;;;;;
aca59cc5dd8904a428c1ecc09f4a440f;;;;;;
bd4a7fc08165f75710f5c2e5839be63d;;;;;;
65303a783a880a484b4223a7ffc1140f;;;;;;
c06b1ba76d2d3666d41ad531a5a07eaa;;;;;;
34a4041d4120139698634608df98a1ab;;;;;;
a73a31d75de47b424a135f276b61d3be;;;;;;
89316d955aaa4c4a43f5c4b5613f8dcc;;;;;;
60ead8a7278ba710cb4cae9d81bddb74;;;;;;
e18c12064b7ce2f737c662c29debafe1;;;;;;
9c7bb69d240f48adabe7a9c8225f63bb;;;;;;
63c83162fb2191d546d7c07069a9048c;;;;;;
781b952fc1914f36f06ee782898450de;;;;;;
c8a5a1d224f6745c8f48d6dd7fc91944;;;;;;
bced903710231141db23bd495f4641d5;;;;;;
ac7db29080981b7c959941b6b9656ba4;;;;;;
172ff27fde096a709c142530f0225c0f;;;;;;
52c4279735e9858537ad3cc375f73891;;;;;;
b0727bdde093bc52ac593a37bc138d45;;;;;;
dc7e173c86e4bd5bf4e88bc4406f710e;;;;;;
f03243bc2dd7c607365e39b0ef1b9f48;;;;;;
1fd19a60003e3389760574cd57fda39e;;;;;;
3e747c8d431b3e8494a227f2b2fd7d16;;;;;;
c62d8d9c3ff4138d0ee5d7846d5c0ce7;;;;;;
405dc9a42b8915984c0c7a21a16a4f12;;;;;;
f6f7ce02e513283b160229d025f6926e;;;;;;
993a4e19dc7b1de10d8fac901a8c565d;;;;;;
53613bf9dd7a080a3aede37550c30efe;;;;;;
daccfa897a3fd8f34f47ffeecda84c2d;;;;;;
d99d08af509f1a379160d63eb42c6144;;;;;;
a95efe36703a4879f748bba0db95b6cc;;;;;;
b210b9a403332de0e91d8d082b998974;;;;;;
4b12b218fd72e314bdceee7b803a443b;;;;;;
c246db1efd10f78be8c8326e8403cc76;;;;;;
6843efe8332dda3848fa0bbce344c32f;;;;;;
6cc7742ec377e904d392768386439356;;;;;;
a8583fc0b5aa4615417319b94363e7e2;;;;;;
2a1cac2b6cec62a0364c0407a73ae80e;;;;;;
6a3aa02d8e16896cd620e4e9d3e8236f;;;;;;
3c49d0f81ec8b2e93f987f53ca13f7a9;;;;;;
787276cbd7d3c5b60a87ec8c5da3fcb5;;;;;;
d64178502bc9f83ceda756df0c1d3df6;;;;;;
adcef1ba5c8f63f86bee0562aa73ee99;;;;;;
f750f6c5a6ea45eab068c3232e7901c0;;;;;;
f1b0d0a714ea2b189ba420e2c8010b06;;;;;;
e992c90e19b7af5542acd3bb9e6e95a4;;;;;;
fb9369314c67d3b2f5dfc9554a769f67;;;;;;
272de91885972e4b31ce9c59c569cb78;;;;;;
8a2522e6a550591ff2d00ac54791ff3d;;;;;;
f9979acbfc657fd096e66eaedbf52d91;;;;;;
96ce67bea63e6130544c0bf7baa8a257;;;;;;
8e51124e071824568441e8efc26bca43;;;;;;
e1fc92764c59486db7f7abbd03b95597;;;;;;
6f8edca068be54700a97ebc8c86e1729;;;;;;
63f10715320d08cfe127ec2cf75ed6ba;;;;;;
8cc33b36021d048773dc123f87c5c890;;;;;;
160b7798e8f85b375132aecac1fc9147;;;;;;
d28f7afd67728a3bdae1c0a2306b70a2;;;;;;
85b72da4c56dee90998da1785e8726c4;;;;;;
8589179067eca9fc4e6d7894c98062fe;;;;;;
bef786effee0e8d27f2557ef745bbb72;;;;;;
6d7f8bc2d9dd55f1fe0a8aa8ae5b4d8c;;;;;;
ff2d5724f77d716538cdbe5c80faea8d;;;;;;
9f9ca9fa979ce425ac4a39373ef87e21;;;;;;
c92dd3222606fb42eabb35fa4c982717;;;;;;
e3d2929cc78f3eac5e407b4199b85ed5;;;;;;
b2d77ee71672b799088aab4e06b6ef92;;;;;;
159ec364f40c6fae2a9c0f672bd37fa5;;;;;;
33fa8bb30d8232511b95c789364f9d25;;;;;;
a09ed3ad0f6a08e6ecedfe09e8e5b3f4;;;;;;
59da068f9d4b067a7123dcd7898c960d;;;;;;
5ebe31ffd63ebabc409452071506d48a;;;;;;
763a4e543e410a4821df951100a4d7dc;;;;;;
7ef2b124bab04c0fab05d8072e839799;;;;;;
3b1d2e9d15661d43aee9f262bc5da2de;;;;;;
e21758dcecec97fd31d5b6e0517b6963;;;;;;
7afedd076178ce12e0bbeee031203ac1;;;;;;
1820722af7d9f96cd4a4ef0df9071210;;;;;;
ef393769d5bef6fa26c642021ef5c9df;;;;;;
eb2aa2867652b722d795118c65fa1377;;;;;;
bda4e72efbabfa3e57d3d991bd25643d;;;;;;
3159a0c7d7bb34c27ec396bc35b10f39;;;;;;
03bdd8f532976b35221684c84c55fdb3;;;;;;
f0483eb97e1dd26298d1f6d91ce8d77c;;;;;;
fc94bcde6ec111ea398d2c5857bbca11;;;;;;
9b8137b6cec85d8c244360dd24c5a601;;;;;;
36fe2d4c27666cfa0d19d06908fc869c;;;;;;
6d1019ff1dd01e1449364421f2b8b0d0;;;;;;
9407cde44b646934f5ebe29077e2a65b;;;;;;
9655731bea98c390383d9605e689faf3;;;;;;
920dbc6f375577978bdd9a68f54e6c8b;;;;;;
c104ae34d000f1674383b7892eb09d50;;;;;;
12210acc96ff45a7d942d0c534f0e737;;;;;;
97c3df509d9fb45a8d3873151a5b28fc;;;;;;
9d467c844905a4213d98205e309749f2;;;;;;
5b81aab5ed76464e1305363018ad8ff9;;;;;;
51a4dab2cb9c1d890d96066b8c11ec68;;;;;;
f829455e91e402dd907d924b00e88f81;;;;;;
7bc31109dfe652e082e7b9fdeb72953c;;;;;;
2a1494e78c4495006a2be633bcd1f647;;;;;;
07fa2615e9acc2e4e8db4d6c7be02828;;;;;;
20a2044f93966a8b04421757aab2c42c;;;;;;
56648c43baf28ab4d27738f0620de537;;;;;;
36d0566a2464629ece56351df6447413;;;;;;
478fe18a73b697036a24b6d10aeaad7b;;;;;;
e7c0f7f262f114307a13e703632d1b6f;;;;;;
7567b1d3799382574594bbd61e9e1753;;;;;;
34c9b4e4375ca1c01f3e2098990d29ef;;;;;;
87b5ed2ef151635ccbdb8fd291b1ebf4;;;;;;
36165a3a047694a9ea6706e4f6c97b27;;;;;;
f7cac831148ade5da573103976feea38;;;;;;
1635ba4c25a40a8d8198cebd9473b9fa;;;;;;
bc705380de9c724f85a43aaaa1cc23cc;;;;;;
f2f030b758a3b199f498fe3f6b8b8537;;;;;;
1183854d4426c065d4bb39a37a311cc5;;;;;;
e86ce7a21decf0fec9977dbecc8e5c83;;;;;;
7fb3cc6e9221a7ca7460d7c9eb85e0d9;;;;;;
843e37872cb3f01293332e01dc2b3dd9;;;;;;
217ba10b7354a65d2309819e43d93f08;;;;;;
b0189efef5f1a1c4f5dff364a74a106b;;;;;;
9e7821b3398eb0524230fc08dbda6bc3;;;;;;
1e813e0d4eb32d7951d9fb60e07b3f7c;;;;;;
64bf4674678a76f22c46f613b9525231;;;;;;
6164fe190b12923968cd8ce55699b510;;;;;;
6490d2cbc2814af15c35dfe31d47c566;;;;;;
9d5843db3ba154941090f7176ba3c6c2;;;;;;
829a640c888e75b64059229f10f04797;;;;;;
2fb9f7d39530651dd15add6d92f9b497;;;;;;
2f8cd475d94b457cdf198b62e57d8a25;;;;;;
54944e39f0ed88b533c800ca62744875;;;;;;
3c17b5906bf0d0af9ed901313b25db7d;;;;;;
dfdd2392d064624b251119ca1119cd9a;;;;;;
6aafef2ef4a709bec97b9303624eb9c9;;;;;;
3e0859a153e7da0ca3433dfc445ea812;;;;;;
c3083633249b73bbacfda2a2aecc4e7d;;;;;;
1c02615f5597204200373847769196a7;;;;;;
9880fb17aece27d782487c63f9af0117;;;;;;
e16d0fbc3a7b53e79948d9efc1c8f750;;;;;;
85216f7d7e1119d9573e61bb3e14261c;;;;;;
40cff8f97ec1f873452d5e5439275730;;;;;;
8b5ce2e865c77e8bc2dee4b34d517537;;;;;;
ebde9ab2ea3db906efd456f3c6d59ecc;;;;;;
e53a342317e52402e67fbf448b739354;;;;;;
a1039b26a67ff6e23669a3d5e0878277;;;;;;
dbb1a6bf454d101d160ad36a011c11c9;;;;;;
e732b0d9cc579cec941b92d921e0dbcc;;;;;;
61ad80373446c62a5173cf0424bb95ce;;;;;;
9a528bde3e9727a46af17e292db07952;;;;;;
c6d96e0ff84e32a7fff12ed4ae830d74;;;;;;
2e36030b89849e568734d914006450b3;;;;;;
d4f5aa7e5e37eba6b32ecb3a18045856;;;;;;
979dc50312953f477f0dd2c81d1088a9;;;;;;
5052ff7db3275534fbf5ea0508df0084;;;;;;
e3989ef5313a40cbc5153a34f47dc0de;;;;;;
637ce7ed6e2c0be137b5ae9597fb4cc6;;;;;;
8af3edb389db72f9ee5a139d24ea83bc;;;;;;
cb3091221d55b380a85fb28c8ac05438;;;;;;
28c33a54d7bd7974988a90ad9b1f4783;;;;;;
b9237488041a913485d274f0d628271d;;;;;;
1aff7a271fc5da536e205eb0eea6f7ee;;;;;;
616119675b7db00f776f06bfa44362e6;;;;;;
e397cc3a4a87ba90d3c3d0980748c9ff;;;;;;
a3c9c0c832a36067ab1f583dbda5f7f8;;;;;;
87b8aad12b9c6a7348460909bfa65c88;;;;;;
ef61c8074e1f4e00eed20140c6d0ef0c;;;;;;
6f24c510b67a9dd5256b297e53639bf8;;;;;;
25720c7c28d8d4f399711ff4b0a30dee;;;;;;
6eb042ffcd04c9ed4d7c4c9945d2faec;;;;;;
ba62532036813abd59e3727521c2d316;;;;;;
fcd61711eb950e406a27ec5c12dbfef8;;;;;;
d7b74f0bad7c63cf7548f82cf4b2b08a;;;;;;
d9e4d9cbc8d144194473b8d371c5f58a;;;;;;
de2ab88d3a83f44bf8a65acaaccd2f76;;;;;;
c2bec733e55554c61dd17b41fe968590;;;;;;
5ee8789f7bb823f045e5e42f1adf5ebc;;;;;;
ab0716ac38e036df39ccc148338f3c4f;;;;;;
fad0c78c31c286de3bb5d7f234afb8a0;;;;;;
4f3797e5857f0f7243e11ecad0fa81a1;;;;;;
4bf3fb90de3088f5a9459cc19302caf9;;;;;;
931772b3a311f942e76f6fb31ae3f4e3;;;;;;
69a97fc743f26c31142c027ac614d5a5;;;;;;
9dda99e7d65c3aa785c78d1eee5d5358;;;;;;
8b30190a81dc6f1b03a39d85add0abe7;;;;;;
5b6d35cce7033df91ee6e1122655362a;;;;;;
151baad5c3b39c35b7817ace80ab348a;;;;;;
dd1829d54dc1a9a3ec0f902f1b84d8c5;;;;;;
b6e8942bf50e774a7f7f820a621d15b5;;;;;;
e109fd5a37aec98eb05d3e8424c60b8a;;;;;;
4a69845070b47d19552275fbbf630de2;;;;;;
da12aae405caee0de01d86f8583e2872;;;;;;
5b7e0caf6be4f9783c08be4890e50f33;;;;;;
d403b1bc5e169c9a3320505d9e21b913;;;;;;
48e397172c551008ea4b5a7a85a61ce7;;;;;;
ffe3a4ee32d78fd64655967e4fda5fbb;;;;;;
9a130361a2a6852ae6d75029e7ddec76;;;;;;
dc348c9ff1ce2587bc330813c2808cf2;;;;;;
c7b2e02f9e00090e5604ad1de5e39db4;;;;;;
d8e9a51e077c6129cbcc19667d184b78;;;;;;
50211d4e59889d9598de7c7cdabe8f75;;;;;;
2e63438b16d87d2412c646e791f26210;;;;;;
c909a79443bc4088da87d66f9b3d5168;;;;;;
169434eb045035a1c2723e04a7aef0ea;;;;;;
0931aeb589f6fa882b2bc6b46a979691;;;;;;
39ffd24eb701f158bafd133db453e221;;;;;;
2221c16743be60cd78ec2400addf4220;;;;;;
017d50e328f2d927d44bbe8466865d3b;;;;;;
afdb8ade47b2ddc7d39db162f910bb83;;;;;;
78007b04effda92ca46336fc5f4cabbb;;;;;;
f8657448ef1d7a22a2230b3a66bdebcf;;;;;;
89d84f0dd94e6701c1ea8e56de455087;;;;;;
d57e2deb43bb19e5809c63e6793bb945;;;;;;
85bd6d6b5a9b4c936e649766e1da9cdc;;;;;;
6bb30300245e88537ca5ff44d2c0fa67;;;;;;
5ee9ed11fb8b608bdbcd9a05b8f92a3e;;;;;;
b06acc4f7c9c346ae0b09c77924490a4;;;;;;
a78a3651c60a881736ed090e0931368d;;;;;;
a4ae5d02d1b53978a05392135edcdaaa;;;;;;
4a50e0ed6434ab7fe2e160e54e5c3043;;;;;;
bcba8dd2f3e85b66e4898550506bada0;;;;;;
0e23e088c50256877dbbae76224993e1;;;;;;
d4e2bc9816d981979ee6fc8d795fcc64;;;;;;
8f45ef99e2207fcab11d2ac636105144;;;;;;
f007810d77ff335e530518ef3f1455b8;;;;;;
5163c3352ecc6e881d7b9c37b816ff2e;;;;;;
6b59c6b055d5e3188c352762397e2802;;;;;;
b85ac07ca6822bc7988c82168772062f;;;;;;
0ef4c752bc27a05eb2882c6dfef98085;;;;;;
404d3f08efc1784357750058cfa70e70;;;;;;
4f3b062c784a8e193badfdfaf9c07364;;;;;;
5bbb14241f41800db12655ac51067496;;;;;;
63618f344a88ae3980c30aaaf9148203;;;;;;
962e109251c76a2e7f79300f8fc2a6ed;;;;;;
c69cb149d89d0607ae3f0cf7adb37a35;;;;;;
eab73cda8fbf5efb4ff5f495e4ea4f7a;;;;;;
ddf588460d48b664bd801030c08beef3;;;;;;
3e67dd9bbe8d82cf6f75af1f70bd1359;;;;;;
0288daface958c11a82715ab3f2822f3;;;;;;
f797182a114551f538d7f2534cb5ef17;;;;;;
814b4697f04c195837448de263e2c461;;;;;;
39750acc040ce52c88e8b2ca5f298361;;;;;;
6396d5e6b72f6c9f7a86c946f0a4dc7a;;;;;;
f4560b6a588f091c708e4ebfd8937f81;;;;;;
3d406554b353af92c473d08e1b6f2d7f;;;;;;
17c1daca46e140d11bcd1de9c1ae0743;;;;;;
93f6474629a1aa75a3d01c315395109f;;;;;;
b905a60961dcc5c15ebb0e8bd764c28d;;;;;;
9b493a0e1e35e2b4a75cf226e6232815;;;;;;
efda5f608a178dd68a6a481954507000;;;;;;
1b9aacf069650ae2546fe8a1843d2757;;;;;;
6ec460fcb8674426fc01701800a82a90;;;;;;
adc0c68cec4946997028cb2ff1187c46;;;;;;
b92c1a3bbec80ffa4f7399e6151d279e;;;;;;
96afb0cdccf81689f145a043b0511a5b;;;;;;
91a76165f9ebeed8c223848509515419;;;;;;
8dc9cda34ae9270b25de873ed5d05a1c;;;;;;
18534bc8ffce64e437430528ab010d7c;;;;;;
6b6ae892d3d80332789680b4370b0ded;;;;;;
af393bbfe4d79eca3c25b990de852d94;;;;;;
2f5fdb9049078f552b7925f9b0c73d5d;;;;;;
a31f445be362275eca4edbf7bee4f3d4;;;;;;
525dabaf251f4894caec8fb60c21bd43;;;;;;
e2735f8fdae57dfa4beab1f4e7300ae0;;;;;;
3e764218b30d0b22bbfdf4e9876e0c5d;;;;;;
8eb0bb110e233b420c6a9f3f3d19a0f7;;;;;;
ce01ce972f8196481dee04ca06ebe2db;;;;;;
47c7dd8022dc3f6e7d14a8c1f33f6298;;;;;;
371eec80cfac2b985b34beff73cd794a;;;;;;
7d36befcbe59235430c6eadfb9e44709;;;;;;
2afc58da41097f9c58df7cbfe929765a;;;;;;
f38851db9f976e3141d353cd91a8a262;;;;;;
adc8e23f4f0a66fcaf029a1642bf7b89;;;;;;
be733be41438287c6e89d42d9a37fe98;;;;;;
89548533eff77513657a778e30979140;;;;;;
2a4f5bc9a1f170dc2b49bb8eb86a4ae3;;;;;;
e83930da0fcc847f3bec6f52e3fe6300;;;;;;
49dde60b3c8b427dadfa60e2056bb065;;;;;;
c9a8e6ca87f1de23d7fbdf4a58f632bc;;;;;;
e1f8992fa44162ca646563dba44d45eb;;;;;;
3fde42f88870a82ecd49b334cbb08b52;;;;;;
8712cff1faa086372abeb23c13f7823d;;;;;;
27f43bff248491f224421253eb0c73e5;;;;;;
978ff5136bd6eeebdc789d1620ecddfe;;;;;;
bcd9da13764cd3b48d1c40960f803a39;;;;;;
3641f4a65d98c915ea48d65d2456b786;;;;;;
fc78901cfa0bce522e46ec718295d6f2;;;;;;
dc14ad5d30b1613304509a6c17df0660;;;;;;
6c8684faa2053ed537a40e7945a9f335;;;;;;
d7cba3dc244501fd91b02ef1a4530d46;;;;;;
caaa5ecf831f62bd16dccf712d221a6d;;;;;;
affb49b06b8f6ce5beb54a63c25f51b4;;;;;;
4e216c12176817b802221f66f90789f8;;;;;;
0623df972a7126413691b82f153998f4;;;;;;
6ed627e959db1033b45a098516d359ed;;;;;;
a2db85959fbbb4132fefeb90c5de05b4;;;;;;
9d39778617d141304adf0f74b67988cd;;;;;;
894dc3e4036296ee026dad820c99c578;;;;;;
8a5d5b5e0b1750ba4edfca245262517d;;;;;;
33327a83cb4375a5760662ebf75629d5;;;;;;
dcf2738aacbe4576db10d30a97d3d36e;;;;;;
61528c1ad8710b76ce123300e7bf4645;;;;;;
b7820367f451515a92f95094c6fccc7a;;;;;;
f0797c2cb4bb52279e488dc06fb97c71;;;;;;
9a49db973cfb37af6094ecc9ebd2ffe5;;;;;;
9e13fec3b93e74cf452412800522497e;;;;;;
63782dfe6cecac7ab7ab7738dddd1ad2;;;;;;
a97f0bcf7f73bb07774bd8993b928ac6;;;;;;
6cb28a31d5e26c509d5df695ec318074;;;;;;
60df4ea6e539bc4bb4782dfa52ba12b0;;;;;;
299fac89585bb7e8dbf2ca6d24aa5d01;;;;;;
1de7502f27ad346dfe0e086f1fd01666;;;;;;
517f4d2ff7d3d68d71adf4e5fe582508;;;;;;
6ae16c3ef976ee5a9a69016b76a0c8c5;;;;;;
134189af1c2ded8285c24465902fdfae;;;;;;
725a9a0ef1a092b1cefab1e38a1fe98a;;;;;;
c3c387108ae650795b93ea1660f76729;;;;;;
72bb4c3d31d1887cbd324ff4560abefa;;;;;;
1ad67a7303d7928d2d8c51e215b0d696;;;;;;
304c1032b519719c7c321cca085eccff;;;;;;
50a21134b34dcecefb4a3e96ed1167bb;;;;;;
d3b3cae277c6f5be31b43f15e58e4613;;;;;;
16bcfe4471fb46cfc2f6980a10048545;;;;;;
521651b7165d758c684d01ba224e496b;;;;;;
35d07ddc90175a83fc81f8e815e8d07c;;;;;;
558d84001529a6f62c2f944e26781811;;;;;;
82636f9f674970855a1d215b3962a797;;;;;;
bbcece0f224cfe8c5e33cd1188f0758b;;;;;;
1e360e4a53d05d531bdaaf9323894774;;;;;;
0526e7a22e3cc394c4903a50a6b71248;;;;;;
3104e2d47f4683555b30b1742a2f4adf;;;;;;
9cb2956e211166cba9743a1c58a0e6ac;;;;;;
10af7858f73c7f0d59727d278c18badc;;;;;;
f194ecd5fd847a434a6f9b87754d0f2b;;;;;;
a595074076b431cded9edcfa34fab537;;;;;;
1ea2bf406808d849754c31b04115ae98;;;;;;
2bbef81b7342340777fbc9fc8f7133cc;;;;;;
7a6a27b779c3c33cf38b7e97d177ad11;;;;;;
34a81ca8afc67de584068248cde1d73d;;;;;;
6913d471ed92cb1904bff0e15ea7d301;;;;;;
f405b328100ba1e79d08000200fadcaa;;;;;;
9c8a8b3fd1f0b0d498c818b023861385;;;;;;
debaac74caa207522a20740dff84d4ff;;;;;;
3da491286fb669c64032c64b4c4d62a1;;;;;;
09f79b41bfe710b8488821da5a73abef;;;;;;
91e4c857e67e3c7c4d1a81d97b18c3ef;;;;;;
934f3470fe129b020547f31b464b7d9d;;;;;;
80d5492e7440ab3fb48c7d071d640357;;;;;;
4b6fce37e0f5341c17df7b26136905e0;;;;;;
0eabd1e3bab5e7cf6dae3c2a7a8bd653;;;;;;
e6f38f227e3ba4db37cd68c1623377a6;;;;;;
61364225722dc8073f53c5d51ea3c2fe;;;;;;
a18a53b44de7c33bf6bc96833623ff53;;;;;;
4ab66e41c7c4689548c083ae52e1c49f;;;;;;
5aa130fca3add77902db9fa5f9db5e9f;;;;;;
102fc9371e432208dae261eb66e66629;;;;;;
e980a3ddda0c52bd95cefa1170ca5081;;;;;;
95c40e4aae5e3e5bb8d97b82bb11a07f;;;;;;
95b2924ce9e7e42342ee98bde65e5b0f;;;;;;
800091e18a04a9e53b6947a654132d9d;;;;;;
14298058f03cb56a6a2ab050cb4048b2;;;;;;
fd8be6fd8f1a4a334a545a51480cd3f0;;;;;;
7bbdb2cef3d42a44ad0281a20ef7729a;;;;;;
1ba11bb2df0df3f6610c39ba2d268d94;;;;;;
83d8f3525a414aa5dfc99b2a09d7d6ac;;;;;;
f1a394562dbca0ca5c4563b176dc2981;;;;;;
8b54aa2f5c5e40616ad39437abc21640;;;;;;
9cbd5b208e4c54020668195344dca1b8;;;;;;
52cc2ab1d022005d92e90c669e071406;;;;;;
7db546d908a1ab778b7c24947dc6b4bf;;;;;;
1eaa2cb4c94f51764a13497f1cea6065;;;;;;
091c5ee50e3347056ccd0e5237e3f8b1;;;;;;
c51d5eb4fd0c5d5a45473093246cea78;;;;;;
8b6c8923cf1a65367d1e64253074abe3;;;;;;
233ac2da6e8aa544b35c57f697ff3f56;;;;;;
b9eec0e7dafa09209b59964a6b4a255c;;;;;;
6bdd0493c975bec9561f39c6d214f855;;;;;;
2e7656d215c27c9b717b35d03a4aa6ee;;;;;;
11c38d91faa4e5d814185e93e49776a9;;;;;;
172ce6b1f442ea61eec688b065fca952;;;;;;
17ab754d12806b6b09b93fe2630232c9;;;;;;
468b08e7068e1dd914524533c8d566b9;;;;;;
a7d6b3767c67d3fbdd40753780f4764a;;;;;;
3e58a122dfddc2e9582a0dd51a2d34f4;;;;;;
020d383eef899a19025df23f86c65e05;;;;;;
f202ef6ecc333e8723d0758283ea76cf;;;;;;
98fcd9b8c3b37043eceef5f86ccb9843;;;;;;
7f07a86e74685ba75ac1b4af69f63614;;;;;;
2320f5a921ba9031c59d589bfb077a36;;;;;;
280984ddb70a6eedb79858b2fa5f853f;;;;;;
495dcacaa68fb6f2b367c733f4089ab1;;;;;;
db1edc75b2c99b8ae2b415eb0416ee8b;;;;;;
7d220df1a740fece66e3a23b3c125603;;;;;;
76b27b1d15b560983e804364fa71603d;;;;;;
5bd945a728365f851e82bba52017b538;;;;;;
bfa98dd2833a665250ad732e5ce9dfbc;;;;;;
ca719c6c28695b861add0a240d26d041;;;;;;
67bd178617fcd237349fc2baf9d6ad1e;;;;;;
1d6558f4fed69e4c80cc1e9cfc794c07;;;;;;
ff17842bdded3b500c6b531c617d6ac0;;;;;;
7dc9287a46c5c800a7855889c74e49f7;;;;;;
634dc9a2a3a23e68c9ff317d06b7317f;;;;;;
f29a82339cbed6d9ce15bf536c1008a2;;;;;;
53894d898a9ac615ef36f4dc5de46489;;;;;;
2dc7f7bd5f7c71eff2c4679fb0071caf;;;;;;
f1497ffc58c1bceb5a7fee1a994a45ed;;;;;;
4015e002069adcb7b155dd36ad2cc753;;;;;;
164df1834036bdfc6bbb87832be3cc66;;;;;;
e629fbfd392a6a722a2c283ef701ca97;;;;;;
d492d6fd9992e0ecd8f05d57061e0b4b;;;;;;
599cd9fccd6acab4583687df1e0248f7;;;;;;
a570767d5bcdb8591ebcbb34a094d52f;;;;;;
30b46e881479c2616617fe38d9149ef8;;;;;;
65e970b6d5bdb6003d155e2561ef30d6;;;;;;
fcf6a0809d54fece629340f5a98c088c;;;;;;
4f44d1074d2f942f7f6618ddfd439588;;;;;;
9dd1d8dc0f91a79b9750f860b456d392;;;;;;
2e222a95f3cdbeb864313b57b029fdd6;;;;;;
d2f999919fe5fb7f1a265b04b68e5807;;;;;;
e325432fad389884e3914e5da7dee711;;;;;;
3cd6cbe650ad1b297843796c543832b4;;;;;;
dda9834f71a39314891a4561624e0294;;;;;;
56834f67fd2d954816e7b5484cc86cda;;;;;;
5abfb899a7846dbd6ed12f0a825c9cf4;;;;;;
ea37e638a3f7a008865d6f1f5a1ba4c9;;;;;;
d0eb7307315cce7459837649c83a4061;;;;;;
2da0035d902414d90fe6799e500a7767;;;;;;
9883fe315c8a0b9ef81bcf6982d2e65a;;;;;;
f89231bd1ed46d340eda20311c17e27a;;;;;;
b8f1666cb7cb30c19b81a1bcae667772;;;;;;
70cd57ccea60b8954c1c39ec4a04a177;;;;;;
ebd7b59b549d7bd25890213929e7bdfc;;;;;;
d5c645fbf4568efbb044a8d4f98e3a75;;;;;;
5cfbc725e868344b2e6ef7cffd4730ec;;;;;;
4df6c3bb19618eb3476635e8dea7a209;;;;;;
c11ebfb5858322bce3d8d1aa75409c7a;;;;;;
3cff411b115f823e9ed7349b7643c243;;;;;;
f19f4a66bcf6e4207fc392dbd2f60320;;;;;;
fb9f00557d9e15e0102fb1b2d0206bbb;;;;;;
56456c3bc9f94ca3611da76769be4974;;;;;;
1f18fe0c205889075520c010bcdb1c30;;;;;;
636aa9923fc4ae12028aa909ae6ea527;;;;;;
83f9b7ca491b23ace86b7c69d71fbddd;;;;;;
58da5450ce687f228e0c6d4e8b0e0d8f;;;;;;
b9175f5efe75b696526d4892f5c9a0c7;;;;;;
b3e7482b0e0d4c3906eb101999ff00ab;;;;;;
56c8545aeb3baf4e9f0b94e94ce93e27;;;;;;
98e78c03d7c68a13cd0d919ef3676666;;;;;;
3024ef6bb6102b8fcbe3cf42dee139f4;;;;;;
9542058b505e760b5d69be6583546916;;;;;;
26996e8bc0fd31007df140edfb996a80;;;;;;
807a506def6b28ef66823d8e2efa84c8;;;;;;
28694be1a2a66e8a37b95b154b5baeed;;;;;;
52051990285ab6612443600e2976eab6;;;;;;
8aea07f98623e87a150f0b8d6b986baa;;;;;;
63069439cd1256da9c28cda22c098cfd;;;;;;
5770ab1ce7f74c9d1d50b6879548d867;;;;;;
5121e1589096ce25dbbe132a353dad05;;;;;;
ca769d12909caed5da5ddb80f872f509;;;;;;
63871c0d69a9d8a900b2779e9f4c651f;;;;;;
017f8b973c22ffacc0ec3c827f6eb3dc;;;;;;
2fa09ceeb352be7bcc8b193fd984ad99;;;;;;
24761a32c8805f714e4192f3c6c02d1a;;;;;;
b5c5dde8087fda48587cbb51bd4dcba1;;;;;;
3d73d5e7ae8a3cee3a5e77516d9f7184;;;;;;
05dbf0ba3f81b0826977f88c3411a670;;;;;;
e8066f0a54e13277714528defb14cf66;;;;;;
cda9cb5f567622253866e77470e8190b;;;;;;
780c305b563449fbb033580032c7c131;;;;;;
70ef6057eb880bdb5338e71be05c1400;;;;;;
ddddbb044d5d71cf97e633234e1ddc93;;;;;;
3b5633a3bcd7962b5c84618a788072b9;;;;;;
3facb9fbdb5b5415d4d36f6366fe327c;;;;;;
4e9860f9cb885a246194ff6f81daeff7;;;;;;
24050619c9a38920b0eb5c38cf9c60c0;;;;;;
d758a1cc77be94ccde19eae54aba5f5a;;;;;;
a447904593f1543d7f26e30118b12d7a;;;;;;
dcfcf7c890cb8a6812feeeb275d3e75a;;;;;;
fe277fb3046ede2ab9a3bfc73e5d5120;;;;;;
048cee8c6c9711e7a2800b7bb63fc57a;;;;;;
16040c3c2ec6861085d8c6f1e3dccc9f;;;;;;
d0b9e6078203eddf44d85b282f738fb7;;;;;;
38b75905ce158dd6ca73523556579908;;;;;;
1cba6dfbc07dd039598ebe17bb31cff1;;;;;;
0a85d12cc0c94bc1f7ca4ce20dd38081;;;;;;
441af7af039cffd8edb9ee9071639b4e;;;;;;
c8bce96b5b061cbfd6cf5c7e722be943;;;;;;
8517982775a9aac04545da8509986760;;;;;;
8931f30cf116a8675caafd672eb9fa24;;;;;;
ca1f7b5996238aeb1e25e541c3ebcda6;;;;;;
e7eb26d5ea5367fde578bc774b52a62f;;;;;;
9ec588f098fbb98eabad880d852eb0c2;;;;;;
ffb0afc6479fd2c9d90d9e5d60991a71;;;;;;
887e9da1f2360b45b603acf59f8abff2;;;;;;
930e477ef918109d65d1fcb849b03a64;;;;;;
4be784146ae5c6b4c6e758c75e361810;;;;;;
c3ea0d69bb779028e57634e03065f73d;;;;;;
7a38f28a5d156a06c07f67e112ffe7fd;;;;;;
af296298bb983324a7a30c3e35cc1f61;;;;;;
d5f417eab4b8927c9b5ad39c0060afac;;;;;;
0c6d103d294f2c3cfb7a724afe248034;;;;;;
f97ced041bfa2d2e46844c04ed5a3ac9;;;;;;
7ae4fd54109148194804faab68c34a68;;;;;;
886fb366bc5c464ee25a1784b087539a;;;;;;
01d83adf76f3206478f2ca537f4f09b0;;;;;;
4f1f15b22569b67a72a1ef406e8ff58b;;;;;;
7c7cf99a350b80ee4ca5d958cf10f362;;;;;;
225eb85051759e7747041eea39366866;;;;;;
99964752e476ebf49132bf48f48ec44c;;;;;;
22e1f9e21b9d98503b9a672a53aaf8e7;;;;;;
0233eebe654f926a0bbc7e106f14d063;;;;;;
ce035254163e27aca624106e3e8dad15;;;;;;
bc65e2d8109beb1182f05dcd03b474ea;;;;;;
37173dee2b6ecaf529d2631298103345;;;;;;
0e9233b3b633118cf1ce5b1a8db47e2f;;;;;;
0ea67d3c1fde22e94c710f1100e13dc0;;;;;;
c37ec58b725a547850145ff22c712945;;;;;;
d27704b8bf3968fd5ae50d8b7fa28159;;;;;;
ec56e0ab99f24d0f4a548d3cee064639;;;;;;
ed29c404eeef4e6ae8e48425e96cf987;;;;;;
b4b24544a36cb81bf697a5a7f04a4fda;;;;;;
84cce81821ac37940bcdd3d191cf5fa8;;;;;;
202f80221c4e725174e013b207b07299;;;;;;
5eb32b05d9406ae86ca537458f598d3e;;;;;;
65201d71cbc7034bcd50666674c70fc7;;;;;;
ceab2349c071115310581c3e73113b70;;;;;;
53ff7db7b5e4cc252270dbfd6fe5e36e;;;;;;
759d32521c199be3caba417d3786e16b;;;;;;
7f4d47c5d64bc651b5f282a5fea0a129;;;;;;
0d6c16166ba5cff148eccce9030ec335;;;;;;
6e7667a53b859c833b15e311ab43497c;;;;;;
d8a820130105a668ed01716bc9591bf4;;;;;;
d365af96575ae9285f5d78cd313eb2d1;;;;;;
c72375d83a50d557748b85f16495cc08;;;;;;
82bd9f7cd66d9b4c5d093c16219216d1;;;;;;
47b65096a97771bc648c34e231b8242c;;;;;;
15771ebc916ccdff21e25638654721c5;;;;;;
29bf9c193c9867d3348b711ddad90f01;;;;;;
5ada1a122c146d755d52490d16d8ad59;;;;;;
f311c98a0203829ba440cdd11316bb48;;;;;;
b7f08dfbaae49fa08ece3271c0e5a0a3;;;;;;
27bc10b329d7a2b0d5ede2ab8350e3e2;;;;;;
7fc972284c97c877695641755c03f5fa;;;;;;
115ae425e8f42f1ba2ed2c96c0ec01c8;;;;;;
dd4f1c873d91639f6df33fc48dd61ceb;;;;;;
4b1e375b79ce5262072dc45058ffc90b;;;;;;
a433324ae8d940671c79a7343a0ab3e9;;;;;;
df0ce304237e3c752c3e6471cf86f5a3;;;;;;
f5240b7fd6f23058de52cf84f5724e7b;;;;;;
9d2956534d93cbc18016c8d4a1ef1dbd;;;;;;
f8f9e81be44f02655eb61506dd07cc4c;;;;;;
82972d502925e6da3a8fd9af591beb42;;;;;;
275b5f36c471eaab84c8ada7afdd9203;;;;;;
69fd5929e43b870feb95195f2a347894;;;;;;
b5bc8a52f5b518b77ac4d470eaf5673b;;;;;;
ce2608daadf82c7cd0573732855d2763;;;;;;
6c8af43a0413f2f89c2935f646adbe56;;;;;;
6183c5bf8a2f17536647f1ecf2404e9e;;;;;;
847ca1dd2e95c49d9e61827b9418109f;;;;;;
6f30a0a4ee2cc77418c2a4a7eee93cd5;;;;;;
823646bfc2ec56508b7a1b549b1e7819;;;;;;
488015cee21627835ae246f7e4ff9bf7;;;;;;
5e48b5c1cf6a21cfe6fd7293821981d9;;;;;;
70e64b1524e3c34034c07e2f25c4cce3;;;;;;
6e6d6fddd73746993febd995180e3123;;;;;;
434057e03f702305713fe1d04781af2a;;;;;;
62605f22a97cbc5e99378b8697426f97;;;;;;
f40d29235e20e95fe7bae56a74c99abd;;;;;;
634818cb9836d199053898fcf6dca165;;;;;;
5784d7f341eff313735fe816a7e9570c;;;;;;
4d1e8fbd9c0a57ae4a4588797dcc62a6;;;;;;
5c91c8be88dfdc07f7d913e01c5c13c6;;;;;;
ebface811d35c21bb24f8abd794430e7;;;;;;
0c1c67ef127251f9dbd309c97bb598d3;;;;;;
fe26cbc9d32bcd462a622722ae946534;;;;;;
ee77a9ff3dd68a1221347fb342ec003c;;;;;;
20ddc20a9315e5da378f0f952f3d871d;;;;;;
f1505db020d83e2ea8ea2447a3336d18;;;;;;
633e0e6aa48f5659a8530b211654322c;;;;;;
158f36a06d1806512a89cff9205386f0;;;;;;
4ffa40e5be4a90205de1134f19fde108;;;;;;
afe7234f16598fe17d2ec50e1568f044;;;;;;
1be4fadfc2adb04c208599fb6831c26e;;;;;;
446506d26acd8712e0d4d12ab5b5f897;;;;;;
c9ac2d769211e7d73e73dfa39f2533bb;;;;;;
6055fb9b26b7ee3b928fd1f399c29881;;;;;;
a6057fa3d9c46e04562cc17ec52eca23;;;;;;
da8abb845b465c1c1aa3cae9dfbed591;;;;;;
eee1620ce6525976d1e0cbd67a6b795f;;;;;;
214db15da44a74834e400787e6fdbad9;;;;;;
43e2e0c4840e8084dd408987d2c4a4fd;;;;;;
73f8f8fc9df34859c78722aaf5698e9e;;;;;;
1e3457bae0a01c90d061f25552d868df;;;;;;
508a0549ffe456a10388d37b585178dd;;;;;;
b57fb83ccf5792d5c489e322c540951c;;;;;;
2d57dabfea968c638c8325a098a02af5;;;;;;
cfdffcd153b382e80c6daac5d0933595;;;;;;
010eb292e24e91e0aab25ffef8caa978;;;;;;
53fb4a60872c92e3c0a63479cb44b3b8;;;;;;
ff18c1ee319c0b8243cc765393966c5f;;;;;;
0f29b6b2e2abb53d3a385932da38e609;;;;;;
1b5d7f48b02ebabc14b1b1b4d7072e96;;;;;;
a67909cca6fd0d0758f497da7a1766d0;;;;;;
2822ed6349dbc2c69b45f5e571279cf2;;;;;;
49e458923827b4d893f0a5bda25a0cc7;;;;;;
2e8ed2bb8764a6e30799b8a1034e4526;;;;;;
0d484f026e9e9c44d4b5eaf41bafb688;;;;;;
fb53aecc86fbf7236166495a69754e26;;;;;;
071433bceef3742681e68cb020980afa;;;;;;
766f3e016c24c8e0e819d4563645166d;;;;;;
d89f637fbae17169cdedee4899f2c307;;;;;;
ea227f952500d8d8bfcf7575a6d02eeb;;;;;;
ca66ce59e8cd6071a4d540a124e0a0e1;;;;;;
32060dec427bfa68aa7c92d24ef19685;;;;;;
3a71e50c4430794fc1cf060db09f98a1;;;;;;
105c2ab11d279b53b06da111da2b3f60;;;;;;
4fa3eeec129bd048d7cb70bd0d7a7010;;;;;;
bc51a25884e56cf35593d0afa551b091;;;;;;
45be98a43ed1b312772ab4d671118406;;;;;;
14a99e92a29ea591e2fc79f1a1f3ae84;;;;;;
407da3fea578cd88fe3a530fcb4e7094;;;;;;
fca09fbf63409d726d4b414f04176d96;;;;;;
f96efac0a45da1aea5f6625a9f412bf2;;;;;;
127c133ce4137b67acb3b22ecd5ab05e;;;;;;
9e325c99b3d0315d8d639958ecd405ff;;;;;;
1f6799caf392975ccd6ea07cda4b8ade;;;;;;
5915b02e46bfe71857ea62f902a4f041;;;;;;
90da3d65c74e86087598c92758a6a4cf;;;;;;
b30f7e55f7b29982a2af18e62d25705a;;;;;;
35208d3e2db1001dfc4cafc520d9a7c8;;;;;;
14167fe18a573d91e60489d70537d9e5;;;;;;
737704c4b25fe04745b163535f64eb77;;;;;;
7d19f7c98cfc9b623b9ad43dd0139485;;;;;;
81b1ec51c0281bf98fc598773f5125e7;;;;;;
17136d8a03bde775710b86735ce66cc0;;;;;;
c98ca149cea6f82d61b58dd3c711f3d5;;;;;;
72c571977c88874b1b84f7908329db0b;;;;;;
4ad9397538e71e50f3a554b4efad6107;;;;;;
ceeabfb6c0878a2caea074e0c91735cd;;;;;;
250576800791346a19234dcaa95a6ab7;;;;;;
4b3f14f7f44b9e62b5716b2c2e235776;;;;;;
1ca613fc91d9692d8764750266f79505;;;;;;
b31b7364ed8567ede6f84d2c922d4a90;;;;;;
ecb38408ea9cc5a812ce509fc090276a;;;;;;
3f141b48a16813bada6d256fa945f8c5;;;;;;
b84663f60b2c284ff1fb3e68da908f45;;;;;;
f7c3c20a035da1a389ba600170ea31a1;;;;;;
e59e178732f30bb4eafe567473ae05c6;;;;;;
cd291b5bd7bbe40a1a36e22b7320b558;;;;;;
e600f7f8b000a63b4ab7fe9a804f7f16;;;;;;
5865fe7a81f978a7ee3bfe3a184a64c5;;;;;;
cb4ecea61933ccf14e24b7872862b247;;;;;;
8d6eab8b5a414ddbf03b88bc3705689e;;;;;;
e250a584de4d4d1028171469db8ca12a;;;;;;
4e7d2a318554891a246d82e47786eb97;;;;;;
3e3aff88c73736e170015d062e618f29;;;;;;
d3c4dee1a4d9f71843f899a12f9543ae;;;;;;
2ddd0c90be36d459b91e99caa7497a14;;;;;;
6819cdb0814ed96d97b760fe465b6688;;;;;;
ce06fd6fb67e127c2747e1be5e250128;;;;;;
9600621e151d64bdbfc5c2bf05c84108;;;;;;
b60bc30aeefbeee965958d7ca002375c;;;;;;
d5954cafbec150e6f8fc3244af5bdc4f;;;;;;
f8858754a6e549880f38a910d2021cad;;;;;;
bd10188bb2823209de36a59f37bafd7e;;;;;;
e4d41c892a423a628f108be62ec400c0;;;;;;
ec0f4c6b38fc27638906b82bcd99aaee;;;;;;
a281d0312284b5c719391b2eec25c2c0;;;;;;
ea8f36cd96c180ffe4a0b8e7acfbb827;;;;;;
fc1a4f3fca418de7d6a7f8aa017959c9;;;;;;
cf4b1ccffb5db9acd69ed36bc76d97a9;;;;;;
6b821ada9197013918b32ba976e0c9c3;;;;;;
eef44abc2e94d9a64393ad0ce681e49b;;;;;;
26b5197d35a8f2fa24e954189278fe9f;;;;;;
cfec2da5b0d6e66f3a099e456fc63d41;;;;;;
a5880910d880ae4cd3d133cd3cd11b14;;;;;;
ed35c7459c712be1f72d0b1a81a807df;;;;;;
1d6ebe2ff60987392ad00d3bf5b82d37;;;;;;
d945d503ce4a92f7320769ea96bd8523;;;;;;
8788c66aef5ea564d3f1e619794e28a7;;;;;;
9b2c5d100a9d40e656658cb7c2ba388e;;;;;;
1428893bfb8cc64c749455f037795309;;;;;;
a8b659a7274f0a60a91285b69983b9bd;;;;;;
096c5f972f35006aaf965c0611031101;;;;;;
2577e159489b271d90a03eca42f51c63;;;;;;
b4b0270907ad01d03d92020c38321d2c;;;;;;
b40cdeb9a0543d3c61d624009b01fcf7;;;;;;
22d58135b59cdf34f59740e70d876ab4;;;;;;
99b4b56dd1c8ec1899d14d2ef5aac251;;;;;;
8eb31979913aa3ae0f14d68bf33418ad;;;;;;
6f8b697390ff26f32bdd0877647d9e69;;;;;;
8797e60608aa5528b16394314bb349ce;;;;;;
ef5a34770b3b3eb01979b76bd6c27b4b;;;;;;
281147eaa1831188e4a5716b9bfe3116;;;;;;
fc641861585b89f1c8d54a3544cdd4f9;;;;;;
fbdfe0808d5c25b16c36681dfdd1dd8c;;;;;;
eb43eb3a5ce6dfe31bc9c98d121a2096;;;;;;
dc3d18a7694a0959d57d14393cd81293;;;;;;
d6e5fd7fb41eac37c8f82b3a9967abb4;;;;;;
91c69217096b35adbb1859b89d20710d;;;;;;
af470339974eea657bb7cf4ce660aff7;;;;;;
1ed7499f117895f9fdba608a14754e23;;;;;;
8e2d34485b5e74ffb125d4948a057f73;;;;;;
ad215e7121235d9b95408f738525dd66;;;;;;
c16d56af130518500c66c44ecfdb1c1e;;;;;;
a53b523afc6668ba75f4803177693205;;;;;;
e3866d674daab201c0a8128e112dec20;;;;;;
660f813b87ac1a3184a2cf421f17b1c3;;;;;;
9609da18874f9d20686ddef1e2c637a8;;;;;;
8a48864d1239ff37da9ad0f86a717198;;;;;;
cea0a91f7868ac2065f4823bcd7f6172;;;;;;
8a0284b1dc26008041e0ef1c7edba264;;;;;;
c77bd5d46b57749fb13460444384650a;;;;;;
75a09ba5f87a1a9cb19fe5beef1f4c2a;;;;;;
bf8b47330b3e1147285f30e98f8444d1;;;;;;
e70945455ec965c4ffce79d85250a2c7;;;;;;
fb969c726c66a6c96fef73d9d2938a27;;;;;;
57c573d1dc17d3bdae684e454a5fd1e9;;;;;;
bc4e8c637e327a3c27aed8ef4742e409;;;;;;
0c0f4dc9ccafafc9ef047113e80ffa02;;;;;;
df0db3878ad78a0b14b93e67a8348fe6;;;;;;
2e5a9da2d01383572219981116e64064;;;;;;
4b8e38496c9b22a31e21ec24025f5a8f;;;;;;
06077f98071e6ac0978141d9d7ba23d8;;;;;;
2ccad52fae7a160618353f509ed50348;;;;;;
75b2a0d0d50f97389556cde414abef62;;;;;;
2f1385c01116f5acb74aa66d78b9b71d;;;;;;
b8e1b5eaa671bcf2a5b52697fd907e95;;;;;;
0cf5947fb471090b7a01fff813ca83db;;;;;;
325fe21c47193b998228018d740da3b3;;;;;;
e67d3b2fc015bc6d7886cdd7dfea2ac8;;;;;;
4e22aae7261d44dc042bed4c6b0b621c;;;;;;
c0d841466750b462ea3c6a9e19a8c5b6;;;;;;
bc4f13630d24f8cb3e2f36944f378184;;;;;;
1f154e919bef0ccbdfdb5a8ed2cc45fc;;;;;;
62e67242b32eebb437d451a3f652af7a;;;;;;
405e13cc660d33982b2a4661b3a2cae6;;;;;;
31967e4495defe76368dd1c03aa9ade0;;;;;;
630c07855f59d4e1f959dc19d823a168;;;;;;
37a5d14f26694602ab85df2e17f347b9;;;;;;
313be232c6e75c1b7a4c3f67fa46a947;;;;;;
50a9e894d7f5b449ff049321670713af;;;;;;
55a323541803be8d9baa9786dfc5e7ed;;;;;;
5848663dd4d90a97df8b6fc719bc9be0;;;;;;
669e9f8d34108f2b3dd552a63f42d5ff;;;;;;
81b50d1eff3510315f04220e06e40822;;;;;;
c127b1ff496543def27c70de1ed2befa;;;;;;
974afb8c6259eecb1465b18e5623ad29;;;;;;
e6264ce7400296ab7a558a2a47a46d90;;;;;;
e08ceef679f033a46084c11ac82a88b9;;;;;;
aaf6b71263822bbd718785e8911cd64d;;;;;;
9157aae2371ccb3bd9cb39da26cc2671;;;;;;
1417d91422503ab2a9281b6c5d6f8a54;;;;;;
a5a74e6a2ae353328da251b6c5e74343;;;;;;
ce7e580439c3c46c6e9ca38f3e0433d5;;;;;;
85943d98979d6ff1075a4f499ff52ce5;;;;;;
a5d88a0f2d373f19a498929b0e8f3674;;;;;;
97d715fc74518d608f5a23a38ff9f6cd;;;;;;
f06c1d071fe546bfe32c3c169640d4ed;;;;;;
1e164bf4c59f01dbdbd0c03a05928c24;;;;;;
c1b599f35efb41b771a5e5a1750b8798;;;;;;
0547e4f09f571a693c8ab2e740defbcf;;;;;;
4a86e8879d3b2a9aec0ce4c83cc427ea;;;;;;
a2d4d99469650039acecc399ca2249b9;;;;;;
6ef11d71f4507d81d34a9de70a74a5ec;;;;;;
192e0434bfdfeb5d2c1d15a39461e431;;;;;;
fb818c31690447c39ef86d8b73c0defd;;;;;;
48a161e553088696b4ece5fc5ad5f60b;;;;;;
3669f4fa058e322d8f35248d717f7c62;;;;;;
43a0830ed68d483f70e7d1735713aac9;;;;;;
8d305e179632519d909af538c08f2e3f;;;;;;
b85a977ca351164cef39223725afeec8;;;;;;
7e5ec90c80660765fdd2b87ebeb3b096;;;;;;
f7f13a4d8a7880445dc262ec74d314af;;;;;;
d2c24ce1b8a5c0e92f3a8a84cbe10078;;;;;;
695acbd3c682d1ef217411fd058f2a74;;;;;;
65db46ed1ffe1a895aaf7d18d0e88e9f;;;;;;
35acdf78c215b5a3602d096fed7a4891;;;;;;
92f7930afc33584db0158a01a488a6aa;;;;;;
90b75d18ef1c9cfe4259d957d6059056;;;;;;
48ea77523689509865331c54b82ac887;;;;;;
e8a0d023107a3c734360faf29de3939a;;;;;;
d74af97df02d972dc93ef63e71f4ff0b;;;;;;
d1ece42733c924fc72ff5c7e7e821f64;;;;;;
3fab32d38c2cf50e8a99e19f9dd2f603;;;;;;
dcc36b3bd32e19c92d23b5b59460683a;;;;;;
c0e4a4981d6da3aba6cf201a02d589cb;;;;;;
f65ee5ff8af6ef486f9c6fa36bdc9592;;;;;;
0bf3923fed63f2dcc9333ba9196cd63c;;;;;;
984139ed96a9fc2ff9bb7c1c3af543f5;;;;;;
f9b7435b592a4e66db95d21042bf7e03;;;;;;
de9b08dfadc51d9b89ac8db7576ad01d;;;;;;
af47466b63ad25637b588232c5f340f3;;;;;;
6bb96190e784df97b3c502de04dc47e5;;;;;;
1dacf8807991fa76912561eed2716f6e;;;;;;
23d1c826f14ab005891c51947e884c6f;;;;;;
6731a4c19e2cf310cbf16d63cee35610;;;;;;
15dde094b5009e3ca61d0a7ae5b46a9e;;;;;;
4cb6f8c0825996a19db980a500829e69;;;;;;
ce74690a2834db95d8915c721cd77215;;;;;;
8fa92faeaeb5c59aa96d51206443a655;;;;;;
94731430873781b2439aa4666619bfce;;;;;;
c50fa9a048e532ebdc57cd5d254a3a81;;;;;;
ae07bd95b956862bcce8c220f41558da;;;;;;
02ffa3550346e3416a29ac8b1310cf4b;;;;;;
1ea2510f41c0375311a1fb273ab9986b;;;;;;
6bded523689184fb8b5936a710fec4b0;;;;;;
012cf34b37777ec71ef8cb3c4714cc67;;;;;;
a0107da287ca7dd2ec96550d718dfd8a;;;;;;
296e28f7582777d2ca9989ea2808d3f5;;;;;;
87f542f43ae4f09c46b467f538268901;;;;;;
a7b13c47060b7aeda5b0a56a7af95bbc;;;;;;
416c36cd96b2c799d7a72a854078ed7a;;;;;;
1dc8dffb3496dd784783f3f2fed10edb;;;;;;
16eb34011bf79c241068d11d71beef93;;;;;;
416250f03adea8f89f662e6618c3d467;;;;;;
9197da52bead3e4a0f31b97e0e68aa22;;;;;;
4c07201c2a81692ac4b5c9a74204597a;;;;;;
cd405e44a86cbbbe7d791f7d5965212e;;;;;;
5280277da7872e2116564f476ef5c196;;;;;;
75cb18d91238295c939f7701b7df3d73;;;;;;
596d2714ca03d0940a003b62d9de2257;;;;;;
3a85939dd32b1565ee7f9f0c6df8d65c;;;;;;
27e69e4c4211a99f358b79877cff917a;;;;;;
4cc7cf53644246caf917df73bf7b87f6;;;;;;
5eb2bb6589ccb20b9081aced1c1d7316;;;;;;
098f75658c66c3d8344e11d1e18f6dee;;;;;;
c5f06944d6d71178269f12c2469d7b19;;;;;;
eb1ab86dd6b45375e87b78c52e0ae879;;;;;;
d2f17bd214d9ec93d48867e3f6c96080;;;;;;
b9dacb3fe14fbd074be939252a561552;;;;;;
9e6816b5e1f8b523bfff3922fcc14652;;;;;;
c24937812dbf3db17273db7a2a613d44;;;;;;
4d86eb850f52a319a4d0076f3cc520ff;;;;;;
f3bbbc17db7387752c9d9b1faa8377ed;;;;;;
e369eb61d09237b3e836becbb0a5dd9e;;;;;;
c4ab9c5715b7ee6c691568b9b4401754;;;;;;
69d31245ee7ecc849402dc85436e392f;;;;;;
fcca9853968e6c18493563e76553dc99;;;;;;
f785bada06819625c6f92187a1fc45ab;;;;;;
ed0e86ad1d49b93c5fbbf7c3f7becba7;;;;;;
4b3a7e993aa92011546b41b50b25a237;;;;;;
52c5b0df965672bed270874d2715b0e6;;;;;;
4a32dc9619d60715ef8ebacac5797293;;;;;;
4b6b4f026c6264f34ceabe64c6444a77;;;;;;
9c5a4d89c49e2e7bc06ed47b37f0c4a0;;;;;;
9c4b29e5a7ba6f22319f93bc8ce8dd8d;;;;;;
e0595c6d608d27c88ef6c974d5c11b28;;;;;;
c68381edf3a6fefa2b02b0cb0d134cba;;;;;;
c2f060b6f68ab6e52972f57c98fe70d3;;;;;;
27741a5af2f0b20c725edc80eced392f;;;;;;
8cb836091d85a8bdf88b784f10cbaa00;;;;;;
7a02c67df82c4d5b42e2bdb25a382db0;;;;;;
20abf7ef17b10bf2f939e4aee852efd5;;;;;;
d87fc2691367902e1029f7698cb04d8a;;;;;;
7c2fddeb9155d93ee507fa1a0deeafcf;;;;;;
821299f03eba20a8066ded1c520c5545;;;;;;
6ebb4f5baa3c35322918353ad41852eb;;;;;;
64c336ff606da4a919b363acbcacafcd;;;;;;
7c97321eb244b186e67a70d9e40d401c;;;;;;
67031245a228d08fcf37663d35b7ef36;;;;;;
ccf731c847ae3bd86bb8420f5d3aa003;;;;;;
2285b9489638e99609962270f79cc7de;;;;;;
6eb1373f35e6cd1df1cba3930cc4879e;;;;;;
878a68d1a247befed70ad8d5f6fe00bd;;;;;;
375c199285905247c02713cb63932e07;;;;;;
5a739350df9e26a63622229ebf95fe03;;;;;;
21d621c6f2ceb64324460827bcbb43c4;;;;;;
e3a16ed083bb731ec2d0626f2e7f1e36;;;;;;
c26347d9f9a5ad1c5738e97c1f53d235;;;;;;
187fd764c5a1cd2605fcbafa61c0fbd0;;;;;;
138d371843173c8430371c54f2728fe0;;;;;;
dd6fa5f1ed0bd8eab5e6df4097b04051;;;;;;
34aa2639ebb7f4aa9508640b840a53c8;;;;;;
dd904b42c09c54a20e0515844f0670f6;;;;;;
39e4de72fb00d3ee169a24861bffa453;;;;;;
3e12369e6a932be8292180beab22265a;;;;;;
a984a9d8241a60388af90d477957092b;;;;;;
9a6fdc0fbf0c2a93514cfeb5a6ce226a;;;;;;
c4a06e277be32d6b97eaa21e2f20c89b;;;;;;
10ece7410a5696328d9221b2c4104d14;;;;;;
c90ea5feccdd0a682ac279d1a9980a88;;;;;;
ee5bda6b11c4691ac75702f5748910ac;;;;;;
79bdb655d7b6b6640353aae29291090d;;;;;;
ea1506553dea67cde6a2d1243ad96a2a;;;;;;
9c4db83c04110c1b57a64e7807df7d67;;;;;;
158490999644682a32cbdd3ad7abdcbf;;;;;;
82ed15283d6d4f483e009b6f6390798b;;;;;;
93bb8b7f77fe78fc20665fe150d95891;;;;;;
b4c7987c18fd61cda749ee88db773b60;;;;;;
86a2aef7ed15d1947d06e8c6854f6881;;;;;;
a56cdf0775064999dcb84aced6f16c3b;;;;;;
ddc1c16a1b8813ff91d650d296fbd8dd;;;;;;
29adbfffc6ad76682606fc5cfc1c16d5;;;;;;
90cbe8dc336b5d0731def1e7f8112f01;;;;;;
3d706ab2c30f195da82bc34f2d576c93;;;;;;
52bd8887c5dd2c1d4fafaef1a3ad7ddf;;;;;;
207750e46ee5bc02288cbf8fda1050ca;;;;;;
13c7caae19e2bd7314010b4a9e6b6a0e;;;;;;
746bfc25e35c479901e453a9f2a89496;;;;;;
6d3bcee3f3ff5406db73a9f832660c03;;;;;;
4a7722fe6f94fb3186cb04946755be6b;;;;;;
a3d04e39b5a994f9b3a7663c32702947;;;;;;
e5cd6f3e06fd07fb6086c3adccf671c9;;;;;;
1d91b47af53d9353d9a43a70841f0aef;;;;;;
befe0f859b74ff3b795da55e15dd4d7c;;;;;;
82b1723452a369e3697126f837523c91;;;;;;
2f367ac6a4917ad13f1debd3772d7cb5;;;;;;
9d360991b5ed460026387c1e93ea424f;;;;;;
3ea0ef2dbaf036eb03c8581baf292bc2;;;;;;
7f792e01d24769649faa8a3c08d79f82;;;;;;
58703a60b5cc76a481d5c9e2fbde3055;;;;;;
93ae35eee145bf643a3340300458e645;;;;;;
b1cbcb24e380dace2818162e34de22d2;;;;;;
309dd9585ae893f4e0026bb4264b3d14;;;;;;
e0ab741fe66b4aa4500b200c46dce315;;;;;;
8392a102e5ca8bf4e19fb18d9f3de2a5;;;;;;
3095e04fd960078a30d7e99ba6100591;;;;;;
bed8f39e1a64b003c1ce8ab64b76d356;;;;;;
6649c0b185e7c8a07443ca48913f8cb8;;;;;;
6fdba66bf9b683a5a298545427674ce5;;;;;;
8269429ed9113920412d3be0c700a5a2;;;;;;
d7bca6b01c1f4aadb9ad666ba5043031;;;;;;
54951a65cce6c9033a54756372d865dd;;;;;;
103a068b5c5bdf4a6bc2b514cc537e82;;;;;;
6c96696536aba2fc4cf1f1a1fbc353ea;;;;;;
6c493bda9f5189c8c41f3ee77d85ddec;;;;;;
3cbe9df9980162afdf5bef4a4a6cb3b4;;;;;;
7b1687f49d5bdd0b2d91e24db645d5c3;;;;;;
d0c0ff600a57342c0314d4fd60febc58;;;;;;
61b83067db51a4bafdf243a040caa27f;;;;;;
a75342a2deb62fcffc3710226d140534;;;;;;
6dfc496a6ee6e16f7422fb7f2a0f03a8;;;;;;
c130cc2af0017e8a12123a2d27354b0d;;;;;;
1ee3c63c0b3846aeda906d0f6e209211;;;;;;
e07ca61511a389bb7c3d540cd42edcaa;;;;;;
8867afde6f1a4b024f125d74aeb99ca9;;;;;;
a794546cabf656db870ced817eb6fa90;;;;;;
a01d9ba56df18d1b3f76f6baf4528772;;;;;;
f2ccad6097c30539d2c38bb5c5234ea4;;;;;;
fc34601bb313caa6226467a442e17097;;;;;;
9d8456c13e5091bb812733ae249ce549;;;;;;
a7da19ddf5057e5bbd7a3a0e31a33a0c;;;;;;
dd95812a63a6689a1c2e36867ecc4cc5;;;;;;
70270a77a37520f98d1feb64895c8f9d;;;;;;
cf337794df06e3a2250c8247ab1b48ad;;;;;;
168d9363ccbd644362e73703af78548c;;;;;;
79ec701cdbc4dfc7d4587ff62ed056a1;;;;;;
d4952222df065c495862f49ea2407ac2;;;;;;
af5e7b78fe77e0ff2171956bfffe09a8;;;;;;
a501eefd6ebf4a64d804f858b428d40c;;;;;;
113d99b93ce57a9793f559590dae7b96;;;;;;
99b340532a5fd076741243fc1ebff33a;;;;;;
b4e74d4624adc6bfbe94d337296ac30e;;;;;;
052c74aecd4906e4a2024384cc55a937;;;;;;
cfbcdb225b88b9351f8da22b6debfd78;;;;;;
f3afc15b3c8df1c9106446b4a4803931;;;;;;
880ec3a9136455b2f214e12400afd434;;;;;;
cb274100bdc6703693a8ac9bb106ff9f;;;;;;
84afe7d3e076b6fac11c01b70dec3aaa;;;;;;
b355370a65d420b82dfd57aa6d3abbee;;;;;;
a6634ac65909fb91bf8793639cffb2b2;;;;;;
8e1cef5dd33951efcf985c22ce0d7215;;;;;;
cb82fe92845660cca9bd03a2072f4710;;;;;;
ce0a6cbb68406ca41f381c2b25bf89a9;;;;;;
d90d0a10ec53102a701ce89ef1e28a70;;;;;;
ef13d09efd95dd8e993210f3e6da84f1;;;;;;
c6f50af2ab7c3443a7d32f4e4bd79123;;;;;;
35f5adaee10174124912ecbd5e0d00c2;;;;;;
142864ddeffca2caa3819262ef78eafb;;;;;;
9461ce32d877aaaf2f5c133f788e4178;;;;;;
dd692b501a5ec28c85cd3bce8ed394e5;;;;;;
84b5e3b34604785acb95cf1b4f8e6859;;;;;;
0e87b1eb7f1760e0ea9b268bbb200f42;;;;;;
97d2a8a0cd9eb659b22f2583adaef90e;;;;;;
591dc5e8b7ad5a6cc4f733039af42d71;;;;;;
51ab36fa55f80cc28d72e0e2b5651368;;;;;;
d6d8cfdbb0865ec87769088ce68b9607;;;;;;
99989c6cf0c89dbc30b77ea68278035e;;;;;;
5a3f6b2b45ee0d845be8a23797c8e7e8;;;;;;
9d7a16a70441fcab1ef2d4166cae445a;;;;;;
8b7e74a047c2561d28c1348c81c86e25;;;;;;
c69a414073812b7d72d28536bb1a44c5;;;;;;
d34f700eb915f4b0f7f4e52af4ea4dc5;;;;;;
c3dcf896a155ae812ef4167a526f5bb3;;;;;;
7dff6d8a3ca411285a3ced493142cccd;;;;;;
c3e4d70de1da72e906f2cfbcf8395e39;;;;;;
f378ef4eef1e8825f28447229725081f;;;;;;
a71ebbb93b17bdc91c799243651e3ce8;;;;;;
497fc047675c58d9c1b0864028546ff5;;;;;;
c8520132189eab5fe92295ab38ad713e;;;;;;
427b7fff0c429ecf96f385865cf5e732;;;;;;
ec3bbd0dcce2454b6c5cbe1377bfa415;;;;;;
ab9a3aa92c25c9afcea9c18c1a06aaeb;;;;;;
a50309ce38ac3623e86a395d317973c8;;;;;;
a3f767fcff054e35b441ba41321ca457;;;;;;
1e4898aacff2df9372a9a9f7a12bca19;;;;;;
048a68ff16c9ecaee57e716d1554cda4;;;;;;
aaa29d96e9650c6bbd9b560c05dfc007;;;;;;
ad81a9baf11d4120a14a1e2014c632d3;;;;;;
8061b99eec91359c9f66b66d9062b57c;;;;;;
c2e30a106ce3bd94c347cd3cdc1521b4;;;;;;
b76a2a82c268ea1608f1d018457bb00a;;;;;;
72444a8d5b8d524a608227851b4905f1;;;;;;
235e7ad9a7c9bd813a6c33557557f5f0;;;;;;
5463ca4239a7f9775dba69584ce9eab6;;;;;;
29f3493fca4cac170f9eae97096b5395;;;;;;
cc8c9f81fc0ab93bff37afea4eee64d1;;;;;;
dfe36ffbd62dd956e15ddcd957f679db;;;;;;
fd5b12e8f60344587fb3db9e88f5d4b5;;;;;;
c2218906fe7abae57f242c743b38206b;;;;;;
c685d9eeae758cb0db638dc402950106;;;;;;
8652cf0f0382618fd73aca87a17fbe7e;;;;;;
16d061de849697464363e5bb4c5dd6a8;;;;;;
6cf0d38dc476e2ee3c608c356924b51f;;;;;;
ca85e62a4369e36d5cf51c047ed2df14;;;;;;
83bb2954be710a1dad9d5d858cedbedc;;;;;;
7294d343bb90ddee74bbd1e3505a2a9d;;;;;;
9ee98690b4bd02c116b43734c744c95e;;;;;;
1bcef3f9d62d4cbebeec65cefa9f5b54;;;;;;
dd318da774f67ea391047036080a8c49;;;;;;
bcfd5113f610a635e89c17fae4df4b4c;;;;;;
0190d21f8b3a23f0ba832a8e2858d0c0;;;;;;
22ec8ed7d536387f44dce1be13ef0c8d;;;;;;
59d8d478869000fa5197627f6c9f7833;;;;;;
6d796f00db6adedba85b2930e51c7822;;;;;;
7597b9b35e34cc09349661bece340215;;;;;;
32988c38a02f3faf27492d229094079b;;;;;;
a6e08d58b73c275ab62b22adf3b0d64d;;;;;;
b38c7cb0a2eb2047b16ebe20420d5164;;;;;;
6799e19047b8e10bb41cad21d26f2494;;;;;;
89d84ed94820fce36bdf7ac9edfd73ad;;;;;;
0a1ab4e4a50b86d4a73c733fcf6d179c;;;;;;
0a9cd87ab2c8eed3520e2244e2f3426e;;;;;;
6d56d7040d7d6f339e3596c061d29119;;;;;;
ae3452a5ca27616eb9b7c4008759ee42;;;;;;
a14547f21af70019bfdf9fd8c701f845;;;;;;
8d7b0798362e9ea645a747a19318b3c1;;;;;;
369dbc145e35f800f237218500f1d542;;;;;;
791c7d1799237af7c6c88d7b4629fab4;;;;;;
6a936b911c8aa2152f4aa74c4df5651b;;;;;;
000869cb3b37270f4e865b185a7e2cca;;;;;;
ed56f5760c3221542c2e4fc437bb0aa5;;;;;;
c76625dbabc057514fd62018569b8f7e;;;;;;
b911e2fa038ba677fb8c97bbb2930670;;;;;;
a5a04004b8072393977c745eb942cb49;;;;;;
c8f19f484c302be12817dbfd5ab6f4e3;;;;;;
a40e9be0c28b96db3fcf1ecd57c74254;;;;;;
323a57102cf19b788746aaa9ccd30e8c;;;;;;
50c4d721e728d930e452b2a2c059dc80;;;;;;
b2126dd560521dacf97078199f485b95;;;;;;
5518a765903205219ac9faef1f128819;;;;;;
27e686a42205bb8d1dc6bbe9534f0673;;;;;;
264d7a21c722bbe4e8b60f4fc3da17d4;;;;;;
ad451ede3329ac834845d1df63774652;;;;;;
068f13858bd1a5c14065e7bc1e1dc18b;;;;;;
3f91789b6318f598dd72e6c89707bdf1;;;;;;
bfa1c0cdf6455b68a9ff4e934d810fe6;;;;;;
c897e4933292e3bf9c2edb233bd97dac;;;;;;
382506f8a2429af999e5a8f33c334cc5;;;;;;
13acbcd148793f560f7c2d14d576d6e6;;;;;;
90d1de0a937ac37d768f7df72e4d9fea;;;;;;
797d77ca1694ac115faaadc4db9a7e1c;;;;;;
ba753a78e9734991801c556cf47d63a8;;;;;;
0ac615fc9a10c410fb35f06bfb76792d;;;;;;
8c16c33a724c03c6512948cfbd2eeea2;;;;;;
6b6af400764f1e844876fdead69bd26f;;;;;;
dc88b73867bdf0ec8575988dbabde12e;;;;;;
25cc9591dac4522cd29ffa8e38bfc497;;;;;;
5be12c3d91824628271f95e7f134abcf;;;;;;
73a85e90386606a750aaf71baa2c03fd;;;;;;
c73293448d85ea33139f0f8faeaa29aa;;;;;;
ff12034032fb4b950b5262544b52e02b;;;;;;
5c9c0c9775d16d518ec4ea558a27423d;;;;;;
ce57dbc5da69c56971b9d09ffe7f6ead;;;;;;
6e165bb248992bdf7da16eab096d1296;;;;;;
d30d6dd8fe9df15a892bf426c958a77a;;;;;;
4d53314dda587f205a77558478669346;;;;;;
65f07d2c8c1aa9b7ee12991057399093;;;;;;
d688b483b512175025e1fbe1ecbc5beb;;;;;;
d9e5859bff1c66360825caf8428bc301;;;;;;
fb2ffe11bdd3c14d92cb67bfdd07c9ab;;;;;;
2ed3bb2f59d65107a52f599c8b6330cf;;;;;;
d3f845fb3dd2c9b38a0b3f21aaeddbde;;;;;;
66662d82af5fdb0b8bbbb6e0d718c4c1;;;;;;
27dcc411b7048d2afd123ab68c88eb71;;;;;;
110f4d9eee0f4f4bebf3502f911cb526;;;;;;
5c1655e90665c74310cf1a741c4593b1;;;;;;
295a29ad814d9bc071669d80f1bfcb49;;;;;;
65f368b757b5721eb3528580bb13af5a;;;;;;
a168c193f2fc558b8da69f448e479568;;;;;;
57d6e22d30ecefe55a8314e2d2a19fbc;;;;;;
0ef82011ab483d81d88af020ef79c286;;;;;;
e778092b3a5783a1a0b00408f2c2d057;;;;;;
fe8ab9cfc55e9447b9d940c51f874848;;;;;;
c48e9854a5415b5d5ea89189e8831adb;;;;;;
227ca57ecb66efccfd0f6bd24ae3b09a;;;;;;
0d5d6d4e2dea0a63bc08b7c43b14139e;;;;;;
5faa9608aa7d1df705e3bae0bacd4063;;;;;;
2fcfb69a7fa57744fe2c6c85f0f81e11;;;;;;
9f275b6cbf5d691c4dbbb87b777fe58b;;;;;;
01b9b732301d314773355687fe6392ee;;;;;;
46e4f91600370b48f333c4535a7c2a5d;;;;;;
b0b9fabca96866c92b9c455e84916bd9;;;;;;
d805914f767ad46aa87b201930e16aa1;;;;;;
183ba8d4232ef6e5c6220e010524e130;;;;;;
b40bf1f62ba9bf862051ed2c89cd98b1;;;;;;
e16cddb75afca568ce67449b07bc5c61;;;;;;
f9fabbe620b7f427479c3e54bfb5a09b;;;;;;
edbd1ca03eee775995d2ecc72550bb53;;;;;;
8924245b0692fd1b16b17792f493a9da;;;;;;
84a73953cffe058c776023a138a1a76d;;;;;;
99c7490988a2f8aef86c52dc264e237d;;;;;;
a67a642b9a2a855083e48b21a840203d;;;;;;
b1576e1d1dd01516d7e6da45e4dbfc03;;;;;;
deb761b7d53db7cdfea64441db93d868;;;;;;
4ead46bb9b97ddbe1140fcbda932d02f;;;;;;
dda1717f8e4597b30228210660669f97;;;;;;
b320d1646525593380cf5576e630e20b;;;;;;
97cf4ad2df50fe322bfca4b0689c8b62;;;;;;
82f28501193217241882a68acb11305a;;;;;;
71824d64957a77a4729d718385a1b26a;;;;;;
36d4f3c768a141e95160ce30565fa58a;;;;;;
1fa13d2943c87cd3b0a666d6e2064152;;;;;;
dc8d0085b6890f46237a69cd6ef5bcbf;;;;;;
fb6484dacbb0c28f23f583c9de10a79d;;;;;;
3c79c4a56ca200afc082e2e50be0128c;;;;;;
f70f244627e6b3bc731b9ac7f313e534;;;;;;
35b7e2c43e3c60bf7917cfb4ea804993;;;;;;
c6703103c0d0f6582b859190a4b27aa2;;;;;;
b5daec935d8cc9611f123c8fd045613e;;;;;;
29b39fd8b09a7835e1182cc7b471fb7d;;;;;;
a4cc8b0e4b6664411e75d4e67ca21fa5;;;;;;
e97baff55767983368facc07cd35d328;;;;;;
9010b4fc13ec064afba6e78dcf270792;;;;;;
b3a20981e595388195411f1117d2e4a3;;;;;;
1ca0f64f6749a2554071698253fa4fa9;;;;;;
9b6c13e9d4f371d7d7d7740bddca88f5;;;;;;
31ff6c126c0f5f7b412b501b0242ed9e;;;;;;
a25d63e6462fadb15dbebb86f380bcb9;;;;;;
5b1f613dee3e38e184bd5585e315df4e;;;;;;
c17e6abfe44c261a922753b56ae836c8;;;;;;
a9caeb6e218cac589b4983a1f4a6ab31;;;;;;
c929cbd27506cce9d7afdcee16779f9e;;;;;;
9500fdf8e241934adabe6589dc087bc6;;;;;;
9749bbdb87ca3b0ddccdf114f775ab94;;;;;;
dcf7a331bac45359b7794826ffd05575;;;;;;
d2191c1bb2cb971a73a0e2317ea3c15c;;;;;;
f2ab0d3c094fad4d7ac54962d65da748;;;;;;
946f3f0481e8c0916e9e4cd2e1f17c4d;;;;;;
d2fe2f4774eb40f5a4bbaa805a7f4cc0;;;;;;
1c73ec15b65cd94ab5c5af3da93c2a79;;;;;;
3a5c82330b0eb900f075df57066528b0;;;;;;
39f5fd495ed05f1cc10e675a38db6310;;;;;;
1a3cb4e5b39513e3436d18b2a443f20f;;;;;;
b0d78feb2ed7cd94157e745e40d04fb5;;;;;;
83300890a49042fcc9357173baaf96ac;;;;;;
20393c5078f73a8ddbe4905fc21ab422;;;;;;
ff8ab451341128575b4d9d37a90c4751;;;;;;
c9edbc4a00f5924014a11c0ad735ed37;;;;;;
90c79034bdac0e4d943ccef12461b0ae;;;;;;
a331b3ce0874331b24f61260e5e9222a;;;;;;
ad7f97f5b260297edc98f9f5fc7c0fad;;;;;;
61310d90a97c90e3aec78c00e3351509;;;;;;
77fc4705f7a0806df1ed5e3dc85f83ba;;;;;;
91ff4c54f9be58879de81721413b24bd;;;;;;
9036371fb9ad0687e43a2fd82297f263;;;;;;
032e4704600cdb13eedd7be68a1f2cd4;;;;;;
c0c9fa58fedc0b64db189a250e57c67c;;;;;;
446e282f8052c5c564d90395108de0d9;;;;;;
d0e2c590e2b601ee41f009aded8a18c9;;;;;;
f0cf2f3d6cf5af9751e6ea9a1cdc113e;;;;;;
a5d098bce423b7c36029687e2c515c8c;;;;;;
863a9a27b1052a0c6775a383cdfbe771;;;;;;
8139279ecaae9d1b02d5ecada3362540;;;;;;
9ea88f9cc085f8b6d42df8df7b610a3a;;;;;;
55ea733f78e470a98d04302743d3c335;;;;;;
60c285f6a942bf2f4cdbc2e23ff7e553;;;;;;
568a23292a6fdbbfcde639bd1c22f14d;;;;;;
eb45c085caebcde470f82a4457031cda;;;;;;
d63ca7ae1adeef3811be4108ab8a0f2a;;;;;;
c665599d85b0490a89e43582d32ad841;;;;;;
10b72af0f8d0338eca1861d912054390;;;;;;
6ae921420fb311c88d35d6eb0a484ed8;;;;;;
2d2a7728861629ebe681cd84df17db3f;;;;;;
26c0109ee8ed632af23c74e65d51d105;;;;;;
02df9984cfeee75ae9bf1bd5c2e70e7c;;;;;;
db1cb3f0e1ada5e5498034fc969b5673;;;;;;
b7b8e38ade87e862e18e8a2b43cc15eb;;;;;;
922719500485e89fb118a448a05af610;;;;;;
f97bf1f93dd14ba37330c5e65935a68c;;;;;;
7b09c760bc371020712ef56300ad81a9;;;;;;
0acb02c32d3c67eb2f287f5d9ae8704d;;;;;;
64c0d4a3dea357806fd79a7157ee197b;;;;;;
83d0dd1e81fd7f85852ca34ff2df91d2;;;;;;
8bb51730add8a2a88a208b21daa1e7b9;;;;;;
6b7e83f0200138d3e60147c6062b40ab;;;;;;
721883d9d8393da112bdcb1cd0c85f5e;;;;;;
a956031f22af618cd50f6dd84c753907;;;;;;
e8fcbd164812babda0f5a6021d213a42;;;;;;
39119a47bb9bbac547590349eef98e55;;;;;;
1ec839b95e8e35a3877fd1d0c3354740;;;;;;
1a4348c5bcf8f8bdad58d27aaa9a8821;;;;;;
ff763e4e148b8bc9b5b56f8d956f577d;;;;;;
74b3821c9640ea83a07b90019839c283;;;;;;
d50b9fe0cb43a6ae2a7141b18ec34dd1;;;;;;
91e248d103aaf05233e8f9cca3fd7d03;;;;;;
1d5bdf1fad73dfaf5085df1ad54611c3;;;;;;
9089a378a2025a91468452a33d3de2e9;;;;;;
0a272c95817fac2ff36ca74b3ed8bd89;;;;;;
92c00c30e8496e8f598a59f2b754be0f;;;;;;
3ca7763e88f018705ea2a91da56fdf1f;;;;;;
128d340b544d09d4ece621c903cce0a9;;;;;;
726ecf598bd1055d18686f4974340cf4;;;;;;
fe28aeae3abdf4953f5fdc181ac59a3d;;;;;;
e268e8243bc2ea113a1bbfc3becf9bdd;;;;;;
ad900330d5aa96b83ad9183ea4286745;;;;;;
b14a308aae8c3efb53137ef449e68d56;;;;;;
e3d3f21a08ca1be0b50651cc620a78b0;;;;;;
2b572dd1468e874ca72a1bfc053b4829;;;;;;
53235883de9175f8614817f582b789ee;;;;;;
5de409842643ee0ceaa8cb58877feecb;;;;;;
64c76946c5d963cc8ae7df6a1a89fd8a;;;;;;
6ebb7d8c2484c8b0740536d0781795a0;;;;;;
a8660e9bd5563365530e036e1455fbcd;;;;;;
02566977714945da9f4c9df85bc8983c;;;;;;
b712f2c9739414797b090b0116e0e382;;;;;;
5d3b5cfc14e9b5f06c69697069556bc5;;;;;;
e4cb1aa53f003c06d31418ebdbee611b;;;;;;
5aec6b2e318117fd876435eb223d18cc;;;;;;
64f2579ca94bbb56cde6599bb8fb5b67;;;;;;
76cd8a1fd4a66d3a9e7b83e17359a840;;;;;;
37d48ed37a5a34d5c691a4f419cbc2c0;;;;;;
6fd0e394381eac8697fad9c7c732dba4;;;;;;
05ad2326b4e01f7e7a78a8d0e1966509;;;;;;
48614d4f35eafb429c20f11cceb88bf8;;;;;;
0de0b0da4b4a384af269eafa9133c3d9;;;;;;
847a34722f3a3ea2fc0be51eb4c60ccb;;;;;;
9e3f8a42afb899a97810efafede0d91f;;;;;;
d02a116007057fc57e712271856ff405;;;;;;
0f4e713e8016357d11fc1999f48c4ea1;;;;;;
1ba784fa9e62c5fd488f2be56fbe6a3d;;;;;;
1e50b5e5546cf5116800ffd5117ad3df;;;;;;
0b16af6ee2d1b72f8633ae128fb11a6e;;;;;;
d5e2ce8068d517b6c2b795a94aa7a028;;;;;;
e24254f970d8642775af1f9a205fbb1f;;;;;;
7f227649aaab62062392b549bb2eae6d;;;;;;
baedbc3491e15ff574a528ee8c9dd538;;;;;;
bf67d859483c928793bd78eac5fd0fc9;;;;;;
cdb94989e6565176f5aba510906cb3f1;;;;;;
2b4a700c17939cce346ee4b17604d762;;;;;;
8cb1d5398029e05d5b5faf5485e754cc;;;;;;
b5394f33f6de2e8c1d1b0c9002d68595;;;;;;
bf0c4f4b574b7c6b719f7db92724de76;;;;;;
b709c25eccadf754b92abc1fa23971ca;;;;;;
9de29d11a7b174443c712efcfb6637f6;;;;;;
07d29d8973a3de49c0c2d1fcefb222ec;;;;;;
f4de72aabec4957e038c3a25c5343bf3;;;;;;
87ffe2457016adb84d0d394415227a3e;;;;;;
47458ce558c9a9f1e87c7437d2430d8e;;;;;;
b7c75bef8b48a4c98c15bfc8abc0f1be;;;;;;
50e331cca3fc3c7f3101db3e5cb92dd7;;;;;;
4e26c887263f286e4c48978a12ad659d;;;;;;
bf2ef87276fe3df785da550eb0539fc8;;;;;;
5d8954c78c1315909d9c797092ac3419;;;;;;
9e9ca69198d80d79f590937d0c0100ff;;;;;;
073bcc013ed705dc7a50d14f0ea633f9;;;;;;
09ca084a50bd0d8eb8ec8e2a668d6ffe;;;;;;
c7484e1a5cf3cc87d181822e8230cccb;;;;;;
ab9131a88d3898cf3769357e4e6b14a6;;;;;;
f6799bfa3d718e1ef091392cca235705;;;;;;
74ad124d93c09e43a8654eb52abba7af;;;;;;
58ac6c6aefb6db3899c4726491018d95;;;;;;
3def2cdf3bbc447d6f5b3797609ecaae;;;;;;
39dd589cfa4ce4888bbfc3d51d45e482;;;;;;
22a8074428cb8d6c667d8595a0375cf5;;;;;;
feea6e99430f926d5d515deadbb12090;;;;;;
0208514bd78147b187a5c13653b6ead0;;;;;;
fadecf0f3a8cd95da13d07c92ea13b89;;;;;;
55c22fdac5bd93f57d5c511b20f69ed7;;;;;;
4e273fcca07b5638785fa619da117eb2;;;;;;
40d14d13032bcfb78ae77e71cad30b33;;;;;;
3bc2ace5bfbe5634516ca36bcbd866c4;;;;;;
3b45e02f1bf9f66505e4de15740ff2de;;;;;;
becf7de173206dc58e87c8e666aed68e;;;;;;
c32ba4b4c4d22c73da5a975c37094daf;;;;;;
a405dcd62d0d3bf3c905535a2ad85dbd;;;;;;
3935624774c43b0277d671d5cd4174e9;;;;;;
c8d0f15432a7943c830f4f033662eca7;;;;;;
57f27846fd80ac46fd19a431978c1f04;;;;;;
f434d8f95cff7b0828b31ff9fde0cae3;;;;;;
baec0d71610dbebb778f6d06e01146ed;;;;;;
3f63a39963d0b07569b4fef3fa175e76;;;;;;
cc2ce221061e6ee4cccf866e62b3c005;;;;;;
d8b087a5e8ffe353bb1d104d687ce63c;;;;;;
8c9185d91dd99a6304b1add7a22cb72b;;;;;;
50e3365540c339a4abe0fde8100c1bad;;;;;;
07cf28ab2b00d8f5147e032b61d4c094;;;;;;
e5cad4e3a2c3488d8c5c63a7177d1485;;;;;;
0657a04450bb014f1f3b84aa932569cf;;;;;;
dbb0c59303331013cf3947d48a7d4cea;;;;;;
985bf4a98bef4a041a26ae664184919a;;;;;;
9ccd30ac315211033820093fe78f2ec1;;;;;;
293cdaa1ad07f51b50351fce721286da;;;;;;
093d4fd4b0529301933c1c4cd7015489;;;;;;
5129eec7349389778afb65634ea468a1;;;;;;
ed3b4f89613a63e5a54166a11fbf8414;;;;;;
a026b5b559c9607a9880f1347c795a51;;;;;;
cccce4250bb17a0534df5cc01ab2000f;;;;;;
496405fe632b6f4e96b4790f49e8778d;;;;;;
f03a6bb3dcf29de6049acd08e9b73566;;;;;;
602b7813fcba4d1a74010a54d123e352;;;;;;
e7768bc540b6c0cef4d16fad786d6fca;;;;;;
c87d5ffadd50ac0fcb3d0d7a3eb9547f;;;;;;
a250adc57bc7649281648dcc98ceb936;;;;;;
deae1ecbdee5bc6bd599258594b8504b;;;;;;
9d190003831b25165b41cd76a220dcd5;;;;;;
98a8b104e42f1a6e68917281ac239c64;;;;;;
c0e66c4b4ef5dc49b7947929e5309465;;;;;;
e1fecf75a5bcb3d1d835e929e6b50de2;;;;;;
1066778c3d469f0657e9114a5b4ac396;;;;;;
e869d6dc902b44cb9f2b262de6a8bd4c;;;;;;
3c0e12ba90f404d6203f1e773477d827;;;;;;
44e08e04ee3f81e396a9795d38e0363f;;;;;;
b1f4f3644dbbb98786986af9834b4b97;;;;;;
10d774ad988cb2c01d85aac6d4f13801;;;;;;
375f28b4a7b49547df709370b75b380f;;;;;;
32aae92c115c1981c168a61ff3c462a1;;;;;;
7ef17021a2acbf5e0d85864fc088c345;;;;;;
998699f585d230e8eb6b260dcf864bf8;;;;;;
271ba5c3dec079c4de6abe878ac4bc5e;;;;;;
b43ed5694fb295c852a71a58951fb598;;;;;;
3411d237341ab4accece00e97f764f7a;;;;;;
51c5be7a4d2271b3f3e89123ebdb54de;;;;;;
271eb8ba946e77932f56110c8235e518;;;;;;
b37d561919181aa0a475f1082f5a11c8;;;;;;
05ac33ff9d3a960370106ff9b6773be8;;;;;;
da324f356e31a03b0b03157ab5fc3ae8;;;;;;
b7a506d72a2ed27c36c18f4c8806cc55;;;;;;
b17b6fb1acbdc2029ecd739102e1b21e;;;;;;
8fdc693e004cfd1d3d7509fbf3f35d93;;;;;;
91c8088522b6e96075d0205154fe9276;;;;;;
cdbba9c6342fa5de9509a70eacfb550b;;;;;;
edd5560e550bb7c7fe8a967c0d7d0f1b;;;;;;
89a9278f5a5bc43c200c9e61fad8b130;;;;;;
ac57b5d1b6c49783715165d42b60746c;;;;;;
857f9e7992f17cbe48c6ab9ee625d129;;;;;;
a8099b8bc78dbb0d17a1ed3bbeb42a47;;;;;;
54b7f76fd1455c4989ce6404337d1660;;;;;;
66f28142046e3b03f284f167f312007f;;;;;;
35a917d038af7180a395e16e9c04e9ba;;;;;;
3a573858e947828271228786b60247f7;;;;;;
bdf2f0a0e88601c27103b59db58a974d;;;;;;
7c52f3c440d827ec24d771b618aa0c0c;;;;;;
900f1e21c890dee2ecade891debe3fcf;;;;;;
86c319c1cbe616196c54952d4d0e9b94;;;;;;
63f5d19aef69432d60acef6da4874bfd;;;;;;
fe17e7ac66f5fec177122c9efd83c88b;;;;;;
b973f057260c32d8f23364b3c6b6cb9f;;;;;;
08026aa36c523d2edac8130021912bfa;;;;;;
b89d5cee1b133a0127e7f7f56c1d2c1c;;;;;;
aec9672959d4371d8c2425b25d80b7f7;;;;;;
43551fc90351d52057bb72e63d197dc8;;;;;;
7914a70d78dba740ee1f37232f6288cd;;;;;;
b420bd0faba0822e0301c1f5fdbed741;;;;;;
f9b837487360408a059f7805068f4ce8;;;;;;
09f6694ec3ef6221c29c2d9962c4f3b1;;;;;;
d7dd200a4b8b4a429882c057feaded7e;;;;;;
138dededa8cc7ac364aa31641e1b059b;;;;;;
e9c8cb963fabee579968498e176f4bb3;;;;;;
df632beea26b984c7b05941f8da9a4b2;;;;;;
d782fa4cd3a320fd9e187af1abfd9a9b;;;;;;
1357c11d0c878fc88c4bfa1c36cccb84;;;;;;
9348dc87a1fcdfdda9ed30e0cd0f214b;;;;;;
eb8377519e86c25dc1270984b71b9172;;;;;;
5c0e67a38860cd9a0ce6a9a26e5ff6e0;;;;;;
1a873f1631aaddfd59055050f9f03ced;;;;;;
f0d5cf74bd3f2dcce42e6e6f155948f0;;;;;;
2c22295fff8948e4eb25147974fb9837;;;;;;
0088e549ab7b87f0bf9dd03e167798d6;;;;;;
44bc70b1db791f9c9a67ce2c47a90b0f;;;;;;
6b4d4ef8a397db9c6d78a6e8951d0cf6;;;;;;
fc33e2ca75b940fec64aa55a14ccbd83;;;;;;
0ccc1db41b48a472a10c3e3d58aec872;;;;;;
2c91dfb42a0884188c03b2ba66ecabde;;;;;;
40d3863feffde943f8479c1cf62d4160;;;;;;
a10bbd931e77517551191871dd3817d0;;;;;;
8b9fe8eb79043c55f83f4b7e8993335c;;;;;;
0d18a0bb7cb77e342adb6a578d3eb492;;;;;;
3a60d156b007b10cea04315a88531bbb;;;;;;
dc79613a4338b91ac3a3471a2317ebc3;;;;;;
81c9112cabfcd873b1fbbfd5c7213620;;;;;;
3b712ef4fdb43f1f6ba78586f488651b;;;;;;
8f2760d07ef3a82ff775e3a225dcf98a;;;;;;
1da334aff736370b8d4b5a9762862a9c;;;;;;
c69c955b801f2fa0f4d5e25019482b92;;;;;;
29957a62edde5567550ce6cbf386fc31;;;;;;
4886bcd8de472b472e71a1da9f6e6e7b;;;;;;
682c7c63edbc1c72d16d94c1d2e34cf2;;;;;;
059d445b94253734cc6344e02550a2d0;;;;;;
ff5b99ccb5ece006d18196eeb5dfb06c;;;;;;
846c0c2dad6755d3f3eb2836e8edd787;;;;;;
74afa43b7b503c046e01161f4c81407b;;;;;;
0343ae30068f28daf662ea8e4882b8b7;;;;;;
9d9e4a85ad2cc855af5543b235eb759d;;;;;;
9c56993597b45dd1804c109d052fb0ca;;;;;;
c88ea43bd09ed31109f09f084df707af;;;;;;
da2ac20f1564d8600901a53c42ed0f44;;;;;;
d6a11850d2381d871b76a949a3c8e1cc;;;;;;
46999fa78b6f6a9606a564d06ef134f6;;;;;;
0bb109017f932e93db470923e4fe0b09;;;;;;
f2772e0832d0d37d7b468617a8607880;;;;;;
d2f5df920360dc5e5fdfbbb3b27ad5d9;;;;;;
6d6b8164c354d2679c1f4a772e027905;;;;;;
1edbc1ca0a807b31e4d82b488de8fce3;;;;;;
fd3d71861237875181ae6de7911177c5;;;;;;
e175ab5641f0eed95b0f8d3693d64f24;;;;;;
deeeb8100ae8812bf5be0f8738810b7b;;;;;;
d0c21952c7eb2ec7b0accdcb026b5862;;;;;;
edea0cd63cb735d8807b0c0aa97a41a6;;;;;;
724a5da44cc2fe8853c9245f3984aa1b;;;;;;
fa766a71b871d5265bbff173e66d5948;;;;;;
99ad129b25feb9cb154aac5dd1a51826;;;;;;
42223bf52a29f9fe697e944d53c26b65;;;;;;
baa783d32e2b395ccaa2a334aad667c9;;;;;;
2831e5ed76639cffe4f04f71ccbcd004;;;;;;
299d47c95794d8cdc73daf9c5a0e2493;;;;;;
41ea75300fcd3241528a309a69b3e1b7;;;;;;
62d61fb64403056aa366b3a4f5a92edd;;;;;;
4dc8684f761eefbbeb0a1157428333ef;;;;;;
444b2be02f6d62dac8e165acbd8850e9;;;;;;
576141260fb5b639399aed7599e3f730;;;;;;
efdc2d09df39571cf333ccf86456921a;;;;;;
d91a558311e7b3c7239ce0a45116bc2c;;;;;;
5a61b4b27871421a6a7402fe9549359c;;;;;;
b59f6ee7ca2402148b570f8e3f0a5489;;;;;;
c2fc4b0ad279667b804b6392f674dfb2;;;;;;
a72e3e07d183a6b9961131fae2c45b7a;;;;;;
7bd9b7e26ff1b2525ba337e670ed696e;;;;;;
8fb411e8cbe341f0e875de574ebfc0c0;;;;;;
6108cb160c2e4afd89723c97b69ff8b1;;;;;;
807ebcdb75fbd8a4a9fd7b70cd03173d;;;;;;
96b04d1625f1c5d571ea5cbc1f60ae08;;;;;;
7b9dea144776dcd7fa2e16a17aaae550;;;;;;
e1e9a9cf177e8946c4aae299b6ede115;;;;;;
4b27fbd2cf43144a2fec384abf42eabf;;;;;;
3fbf550bb9b0298065a58b3d1c3c9792;;;;;;
baf14019b681a272f2d6d92389f2cd2c;;;;;;
7c01a401fe1f631f79cd093154e81128;;;;;;
ece5cc1d44ff7bf39d8435672dc38ad3;;;;;;
7025f9b116e7485787f7d32b370448c7;;;;;;
5bd2be4139bbf48f88f6f25c5d32f2aa;;;;;;
d111ad8f1f32333e7f32569c6234d970;;;;;;
11b95794b444ac4d4e134bc12670711a;;;;;;
9142bb7c701045c2eabb14aa0de472b8;;;;;;
83f05e489c4fe87a5c92d14fb8a96ab5;;;;;;
91e77dab89ea2ab06a7085277a102a03;;;;;;
16d4cec5521be517ca5ef546ce554d05;;;;;;
3cf6535d7db8df4aab847d8f6c4f45a6;;;;;;
a5ee1ce520f21d988f8f4650b491b356;;;;;;
3f0976a27976f7672b25c24d55479c1f;;;;;;
bc80329249458acbd63bdb0734b0b52c;;;;;;
76357a0a05a918c5a57ede898281cce5;;;;;;
877539e200b90a15cdf0afca80f898ed;;;;;;
496144e1440289fb20183018e7b97d81;;;;;;
1d1e7ab6d3d64911e8b341d89e7fb42d;;;;;;
0864427a6ed39b3412d7404a52c16d9a;;;;;;
24cd29022033e6c894b680d889bebe25;;;;;;
ec1f28d40f895b831bd4560bbbff5b82;;;;;;
eb9144e34343bc3ad5f7891cb06cb473;;;;;;
c88a375e4ce7bbe74658442abf6877ad;;;;;;
d88525646f9d1059f4cc16940b1c5b9b;;;;;;
3adea645cbc55c2ba6e2be3dc9494ba1;;;;;;
21f3eb262a935a6852ccdcba69d6a4da;;;;;;
2eec534805ffe771b4244fa448d147dd;;;;;;
bb626a667503205e40bd0e6d586cc214;;;;;;
1f94868f4957fbf95c4690395d0fa44e;;;;;;
fe29545583a96db93cc9c792401f56a5;;;;;;
53c94f3fe828781b62a0b0cc4a203208;;;;;;
6864338060e4b257ec2fed9cb284f976;;;;;;
d5a415aa1d3689bd9844db7549098687;;;;;;
8e630c841555a9be6bb007679a194f5d;;;;;;
487b4ca91078134a12e69390dd1846de;;;;;;
44fca3b7afab0f5669da2ca4ea54125b;;;;;;
7855087522d4ef57fac2b60fc13772c6;;;;;;
21c2e857e0d2f2dffa3e5be9cfabcb2c;;;;;;
5a93c0b6b1814debbb919b4f2987eefc;;;;;;
e0999ec6c473c892d7f6b60b929f1e0a;;;;;;
fa40ab4cd1a294bf866e4804e66f98ed;;;;;;
7e8d43544619670b35e5462d78d62676;;;;;;
c1cbdf4bfdb826cb9b03260b02c9dda9;;;;;;
6342f9637ab92bfa92fd54f3432750fc;;;;;;
a143702bc5104267efa630f84fb64981;;;;;;
3e97ec91a13f661b9670203af5de91de;;;;;;
687095e80f718432ae0557b1d49df2ca;;;;;;
55aaf98b27508826ccf18f1163e23858;;;;;;
45bd43e61ee6e842eb13dfc3341a907e;;;;;;
014af629f26c70ded60513e4e8a10e7a;;;;;;
dc2d3e9b19c6b3a038e0a42a25ab503b;;;;;;
e6e3d7606f914e23434bd135fe8a6020;;;;;;
efb1e383f0b058d9b25d63346f383cba;;;;;;
825adf0604f4774e9031299c2b990337;;;;;;
20fb0c24cefcf98ed3fdc277d62534d7;;;;;;
299659517e81fe1650c43890eafde70b;;;;;;
215a78f4cc346fb00b8432e84b748893;;;;;;
f328211be63891d49aaeecdfb61ef308;;;;;;
38d8510c3b1d04c25808e7c23c76e161;;;;;;
94d40018111b7436021aa352f3c77006;;;;;;
0c12f8d053b913cd6fa46e9fbe4bc622;;;;;;
8ac3dcb54a9be7e29ee620d598b6cc36;;;;;;
4c23d13a87256f3a76f48d6fd5d2aaca;;;;;;
bed05dd794be1099c054576ce3743d72;;;;;;
5b0f819f05e239e665d3228f27e361b3;;;;;;
8f5de5386b8deed90b0cb2a24da416d9;;;;;;
1aa182b22fcd24f04eb9a308643734f5;;;;;;
dc703b6a91b04a66d065ddfc4022af60;;;;;;
5ca6a3e9fc4aee67920f63e8005217b8;;;;;;
1fa5c2539c47e863e16f86f0d16af221;;;;;;
120cfcc2256e66151177aa8bf373cc85;;;;;;
4875b779b066b71b2a1c3d55d034a943;;;;;;
0c19c3367e20d57894d8d6061ad48120;;;;;;
e583e5ef6a09ed77c11ed07fa8a0263a;;;;;;
00cc7c9ef5febe060333deceb5ca8917;;;;;;
5550a2341ade3c336bc8bcb0d24f0d6f;;;;;;
f54fa8cba30b515bb4363a83ecb0bbb1;;;;;;
431359b1bfa225d8b26631467041248a;;;;;;
f7cc4cfde2b109943c12bb3c012c66ba;;;;;;
41141ef852aefec5877719095ea994e2;;;;;;
4e837672a97f62afcd1e571bb9a2303e;;;;;;
06f99b4eedf87ffcc1eec27abc9b7e92;;;;;;
633d61d25eec897a76726d5c778c4afe;;;;;;
53fd7c665bb3a348fa0145456334b40f;;;;;;
fb38ff013507555e256132665ff01b84;;;;;;
6295d3d0bcdbbf3f24b5e9f6b3ed0411;;;;;;
1eb210bc91e28d23b62c7e3dfb049424;;;;;;
0e03680214f67b6d198f47bc953e16af;;;;;;
4e85c44268901055183b9d371f88912f;;;;;;
dfdeddd5a0196af8dbdf6861eeabb598;;;;;;
dbc4ca541ba59ee85ebbf62cb6e4544c;;;;;;
0f0c0d6e72dd4803ae0b386d5830f94a;;;;;;
b6ac76a9601b19be42f2d74f9bdf462d;;;;;;
872b336850a2e7e7b46c54642c95b9e5;;;;;;
2663da75425e4a26e97d389e66013f4d;;;;;;
46dc5a63671a7b8f4fdc2ad91ca7dfb9;;;;;;
8ee19727b9c3ae7ea4f8c1a0ea65873b;;;;;;
0f25880bac2eb57d36ddd2acfbe31987;;;;;;
4fe6731727ecc1181378af067c9014a4;;;;;;
42b9382eeb638e13408a2ce734a0e70c;;;;;;
0a8994443ea1e6198fb3db5d85570123;;;;;;
dafa3ed6dfdf39c8b7ca9f440568c350;;;;;;
1e82c800ce56d033a352985a46157359;;;;;;
4e25cf9be92dc666f502e4a37e44bfa1;;;;;;
53213c89344585742759085d3ed730e2;;;;;;
7cb1dc2b3980a7432464bcd51c115525;;;;;;
0f3758203d7a0aa003451b1a03a87c0a;;;;;;
5c15c3ee0062954ca3f12d289ff8c18a;;;;;;
ac4d626247794acf4eb493cbf126cec6;;;;;;
bb770ac4a1f1bc0b20d7e9d6ed34bed6;;;;;;
b93998686da72c083068bb750524c696;;;;;;
4bf511086e977e5399692883a39f8ac7;;;;;;
4f6fd47ecc441eeb1e6420f747eae7b6;;;;;;
1ce2c9d258cd491555fac1c2b0f0ddfd;;;;;;
b5d10c90b3e11b3ff554cbbc4e95a3f3;;;;;;
62a1eab130c3b3000a7761640fbf2f9f;;;;;;
d337f63e2951d2c4209f387b72ae2604;;;;;;
61f20be4ed99430e0eb792a69e257bde;;;;;;
b357f7a9ac74cedc573402870ee1588e;;;;;;
f5869c060e348330003cf06a53d04f23;;;;;;
9f195b5d151c002a9c713ca507f6c012;;;;;;
2ab67a12e7ba9af015a6aaeeb485ae5f;;;;;;
c297e819b23deac2cba7748927f36a56;;;;;;
6b5f49238f29564ba0f7ebc979919543;;;;;;
8af087767c1bf1ec1bc28c59fa01051b;;;;;;
169818261e0c4bba8a37b84f492de6dc;;;;;;
8fa45b53e2953e180026314891b74e05;;;;;;
d519e0817b78bca778d280821f766ce0;;;;;;
ef7662a8dd9205f5aaf60b71be860d4c;;;;;;
e56cf54b6035d8f6ceeeeb1241863ee0;;;;;;
acc5ac37338b3302972e4ebea9ea4902;;;;;;
da511fdd51a1475716046933d8f0159a;;;;;;
9ec5f98247f0f831272600da438e35dd;;;;;;
64ed3cf13811c98ce22365922d7100bf;;;;;;
6687655851863df81d380b0307b9ead0;;;;;;
b0550028c71788de964485efcb34f221;;;;;;
ae88759c3561145a689340689950d01c;;;;;;
adae17dde0adc786f726d3451d49e537;;;;;;
1088c2dcee49f847f09fdd7d1990f531;;;;;;
285f1cad0c9c6aa0801435612d69238a;;;;;;
000c3dd3fb95a347fbb9fce838ec0c9c;;;;;;
6569ee5fee8e4ccfd71452e5027a4420;;;;;;
b3f6a1808782f998a2881d1d1fbca027;;;;;;
5ba2c3bb608f62f4cc0219485533bf43;;;;;;
632dd486e16cf2b9215953f9382ec517;;;;;;
9cd3a083aef84f1f23ea54e5cab1bbd8;;;;;;
8ba41c35b6551077067e289bec18312f;;;;;;
540e0d56bf409a890add4bcde1ad43b1;;;;;;
d318e1add0fe062704cbfc50a906be8f;;;;;;
0e3f5e7a49fe37b274a2fafd11895519;;;;;;
7ef399960df731338bc3c86bd9c13589;;;;;;
b9539d5cb4d29f08f9e855bcfd9c1721;;;;;;
16ef331cd01c3357ce4830837b867379;;;;;;
da51909f3d3af707c043ea725f950381;;;;;;
254ca7e3eff0c7040d8dcdb1ef54775f;;;;;;
47b1ecf8a4c4efca7b79c431512730c1;;;;;;
4b7556914f80b8a043e1510e788279a7;;;;;;
fb45cba336e22de2ec27e5b6695779b6;;;;;;
d3688f1d9f95ffeed1d1a7bfa6f52df5;;;;;;
53da40ae229c9be8fea63202c2ed8fff;;;;;;
4b96e359967264c877d3f7aa1c85c802;;;;;;
a34f25f68dc11ed3efbf7692c9f7bd86;;;;;;
2fdc868a2141e2dd57d4c2895904034d;;;;;;
62c568a6a0e82f1fa95937c0176c71e8;;;;;;
d1413124a995b923a0e6e365de3008b5;;;;;;
0a9b81ab28e4bee3530566dbc7e35c75;;;;;;
74b681192c607af6bb360e18af5d0cb3;;;;;;
1e0c2420b57cd95279eb4a2bf28c47ce;;;;;;
91fa5bdd3615b7a5dacdb950e20e3033;;;;;;
342f37dd18e32987a1ca97e3933c1a92;;;;;;
13a6e89720cd4f1a4482c75a0255fd0b;;;;;;
68755ce05dd039b78475f3ce999c0c90;;;;;;
072e56ae977f7cfd8884c10fae2a32cd;;;;;;
a921f1dea4b897b333ec6a83625c023d;;;;;;
b27b06899a7bc1908e357f23157f6bcd;;;;;;
a01b88b00cb04b0aae67ea9b58991fa5;;;;;;
5e56038cb0779a7fd693444149f089f6;;;;;;
e8f9c2e44d1fb5607f964195de74ba1a;;;;;;
8edef494fb6b4a77082bcb03d588241c;;;;;;
9e045f732dd4131a4ac56cd4dc713a61;;;;;;
7b7e4e259fd7f4cceccfe814c75d1548;;;;;;
899d4a1c946b49904acf41fcd5efa805;;;;;;
a90b22a2a15aca25c4f6f0863e070cae;;;;;;
56a9e89d74f448996fc8281555abcb42;;;;;;
008b58726a227887275aa1a9ffa2f788;;;;;;
05f72db8d18d9b75636390ec01f5e54e;;;;;;
9d74d204d9a39dad2e3f34e4a222dcb5;;;;;;
1d5d75c2b1f0b6787729f34e2a43c9f6;;;;;;
a0e56b389f4eec0f7ed46319e2cd7319;;;;;;
022f77d5bd5b3cbe9a0900c77f714722;;;;;;
9eeec205cb4c9d015cf6ba68a260cf39;;;;;;
0c0bd1e6946df70f1d52c577e8c0e48d;;;;;;
9b5857374a57bd2bb406e28d316504d4;;;;;;
0ca6d61e64f437af45c18b8b2bc16e03;;;;;;
4d6bc9d3c833358f5d814a8ce91201cd;;;;;;
e8eb8c403c0cb179570c8c7d25bf82b9;;;;;;
3838049a59d8abfb39522789eb28682a;;;;;;
f0da1c71d3468bdeab1fd0e6f8e5b256;;;;;;
fcf197b466b3def751d4761604c11c68;;;;;;
dbe1644872793b184eaa6aa509da6117;;;;;;
0b4004d37fdb1b4228e47d2580444243;;;;;;
0e4a998a7e266dbbade789755aec2e48;;;;;;
1cb10fcf1d9a1f3d9b457ddee2767a02;;;;;;
d9ddbcbbe05c970239adfe55d33dd18f;;;;;;
fcfefda0d82c4a6c2c4bb6575b53e8f4;;;;;;
01c41fc00202870fd675ad7e456d451a;;;;;;
4f01fccc5024a132a63e22b9ce7a9420;;;;;;
e334551a6ce9f69d19d917dac2690834;;;;;;
d929ba19adf86a02381ca41da1e9fce6;;;;;;
e6fe100becef9ad5caed8159bbdc26ef;;;;;;
b100f13599c55089bef747429f18cef1;;;;;;
464af3ed87b859ebc2bebbefb92d7846;;;;;;
7ce3de32b1732153fb404a356d2e7910;;;;;;
79cca066187c4a6eef1f8cba8d380fe4;;;;;;
b0b348ce4b200e68f1294316c024afe2;;;;;;
4868c16401125bd965f8e2b946026e35;;;;;;
429f410505106d62eeda1376fea38e0f;;;;;;
ae53d50b21406eed1b11dd56efb099df;;;;;;
a5b565352a8157e92184f7b82c768715;;;;;;
96c6fe5ba3aaa2f12d0fe2c990a8b3b0;;;;;;
d76764be1206431837d5676e4d691b01;;;;;;
348f22acfb75044d10ce2c48329fa8c2;;;;;;
45bf2ee4e0eb826a8978144430399faa;;;;;;
cb64765734b52a381450dcc46273f29a;;;;;;
bf4aa09684aad542bd449012121e1740;;;;;;
cea1a75e3276c542f2eb3db918d7bc2a;;;;;;
fb0cdc283e4ee7715ea3ffc44309e9fa;;;;;;
91e57306f9a0fe93ce7b7d3183e5355f;;;;;;
59193a78751dbed8d39c7d71161ef888;;;;;;
f6c46f7bc49b1af7a6c8cba43a08f975;;;;;;
4f4fa6791b33b79e57c2885f880c2d47;;;;;;
510dc44ee3d6e0d1cff6ec3366840dd6;;;;;;
92386dc4ae0ee3af53ab642342e381f1;;;;;;
5094e354c37918e0afb8a059c3d4a29c;;;;;;
36b3442e9daabde5ae3ef28f9f9c94d7;;;;;;
f493ba1be98f9deb26c49d877b265c74;;;;;;
ab5394cf272fd2adfd306d32ccf577bb;;;;;;
6879aa309df87025b86dd564f72f1ebb;;;;;;
19bfb5386b776fb5cbe8c6ccb7567167;;;;;;
fe460ba6b3fac514360f8153a813d8f4;;;;;;
b93e6d588c1171317a4aba350a37aa60;;;;;;
6a611948d10c7306ac9777f220a8547c;;;;;;
eefc6f2b3d5b5ea02a2378119f38e791;;;;;;
86fcaa65a641236efaec74b2d1b27057;;;;;;
caf3f14a86c2f72f9498165e4e5bcf36;;;;;;
feac36845d3357712f2456f7803af4f9;;;;;;
5dcde9e6c0ed899443002d3c66c070cd;;;;;;
789a252766a9e3b3b2c44617b442cc5f;;;;;;
3da370b1c72e735d73b221a1a2e6a98e;;;;;;
f13037fbcb476a91f1fc727a30805cfc;;;;;;
f88e68b97c655ba412e1c2fe4162e12b;;;;;;
5d873c53effa454828f44c43008dbc9d;;;;;;
2d97e6741333988cd49d25338045e191;;;;;;
dfe8bd1ff75d343097b020444d07b986;;;;;;
4502b9ff7c5163ea7680017a1b9949ca;;;;;;
561047f781a851aea51b08fb4b0d1abc;;;;;;
aec77152ada77e6443251cd79b2787b6;;;;;;
9c085b3361fd45ba000b584ea2fe3ff3;;;;;;
77078d45e4d8bf4e40da25b2f4a4c12a;;;;;;
9b7473c63a16c614fb039441fc2ed12a;;;;;;
c5a129dd1d46421f650c42b179f8b22c;;;;;;
1cc6e67f5685fa6748bfc051a117c819;;;;;;
630608448c5a3d032e0886e936a45076;;;;;;
5a0c245e30ad65d00e74f5a4f36eebad;;;;;;
efd48e1e85dcad8811e70c189636895e;;;;;;
bbba4caad8a9676e0bf6f17f1ec155a2;;;;;;
6d33bcb1ff6f45fa5a4f81f1d43d1a96;;;;;;
75fc65d7cc94beef6429dbcade648f84;;;;;;
858b6fbdf846ed49de9e548ce85217ec;;;;;;
1cb5902bc326b6795e214a2e395e21bc;;;;;;
5db6f8521477b85b67baf54450296537;;;;;;
a0763895dfc7021f655a5fc3db018c6f;;;;;;
371a73a2b23abf68d7fc6ba9c1e1cdab;;;;;;
ff71f64cad66d5ea67b8d35543e9cf08;;;;;;
9dfb50f17013f3e06add340ff2ac10b0;;;;;;
f5a32aa5d36b54e44fd823e65f4a6d84;;;;;;
7bcb491b0e6f09317bf9620158cbdb21;;;;;;
f3225c33fcaf3c5cc7287ef71158ef0e;;;;;;
599ac5a238cb1ea5608ece861e5b1c6d;;;;;;
e66afd2fa292406255e2726b63edffec;;;;;;
2b59d208c20e7ab7cf5eda738df2475c;;;;;;
20e8e24e2acfb683458f2ff05f28f3a6;;;;;;
a6cf7f0b6aba4119dd01754419b9782a;;;;;;
9f1da62754de92bed98323d17429e935;;;;;;
d5e7001925709f943d10f3c8cf691700;;;;;;
95d821893ce53da47cdc2183176ca4e4;;;;;;
8ee9581c12ec306c2f147a2d08c45327;;;;;;
abdbe0e3b03de6d954d72abcdf4fc399;;;;;;
9a01a1b591a0eaa4f2e4e6f5fecb176c;;;;;;
b81f180607efa1810ec584a8afa84a63;;;;;;
9fd48a4a24d020c2fe38e955381fb7dc;;;;;;
1d4b415dcdad56817233c165f7ae71c9;;;;;;
771565b80cf85c8eeb3581b3d20bb776;;;;;;
e5144c82e7c7b674f23a21d1b66c0e82;;;;;;
79c984bcaf7bd89e645650eaf04e7ac9;;;;;;
a2c09f74f8fa5e50141df7dbd69c68c6;;;;;;
25c43173603361b91d9aa63bec481d28;;;;;;
9dd4d3e8de6c9e023b951cc044e5a05e;;;;;;
c2f1254c825876e77b0c00494f74687c;;;;;;
104620d2e6085d75739b65d8f148cd19;;;;;;
a1d4a81068036c9da4319d611abdccb2;;;;;;
a60ab3c4a36e5a56254de9ad3f9275ec;;;;;;
a253bc2218b4ce62feb8943a531d1cb6;;;;;;
b1436ad538dac5adfbcf80bbffed258b;;;;;;
256b97458834379d9b71aad39a829738;;;;;;
300511f9e842b53b6ca77ce743e571e8;;;;;;
8e89f02ba24cde43c8a15733e168b5a6;;;;;;
712e6251a565c80cc1c764680c8a4e94;;;;;;
c974ab89f36f026f5d39e8a32dbb71c4;;;;;;
72359eb7f1572364b4b31a0389891ff5;;;;;;
0861b4e271d0966639312909f39a4d7b;;;;;;
668e673eb39f921282705dc5f5322fc5;;;;;;
3901663ed28b045cdc9faa9faed6d166;;;;;;
37f3f874ffab0bc813040d07ef4a6b27;;;;;;
e1e53ef74ba7b050546cf2d361322701;;;;;;
579eed7d30301255a8cd997d96d731a8;;;;;;
97f4e13c4fddb3927051996ed753d6ea;;;;;;
b032419712d149718a80454008620d83;;;;;;
587d57459a832d1c6e03fa6c463f6838;;;;;;
0d529a3900f31da7b3e8f16df0e68030;;;;;;
cdca8a39d4343d14d30dbb1ff91a0086;;;;;;
8182f1552aeecead9fb91df63511b158;;;;;;
8bc36e7e57740bc7c4730ef9bc7708df;;;;;;
c2e5cfb875ebf7490ba893bf9ad16cfb;;;;;;
62769c8715a1ee263e98b798ca37530c;;;;;;
e11920ed57e237d68bfd32148ab7d03a;;;;;;
51c381f3fbea4ab4850328efcf341c53;;;;;;
bc1c56b5f79acfbb2996ddb4785845de;;;;;;
04b781270087e63458631e845012f768;;;;;;
b58ffc3bb7fb4d5406a5a3bfdf8ffe18;;;;;;
718d42db4791fa77d781b041ffb3aaf0;;;;;;
62ef7d021145fae986ba3ce1f59ce067;;;;;;
7fa788badd6bf76318ef07abc84478fc;;;;;;
4e7d63c9cbbdee36a6fc21f41c22a9f0;;;;;;
5617d8880d012dae565b25df3a512193;;;;;;
638539a45c0e08513f7fc7302572238e;;;;;;
01e21856d0fb8af1f93d701157954298;;;;;;
904fb65ccfb71c7c20bf2dfd7202090c;;;;;;
1a7fc10025bac6185af6c69d8d7d6298;;;;;;
626d6e80e73a529d25046c04a27df590;;;;;;
78b985788add9036e782f2776191e944;;;;;;
d87c980990f78907a08e7857d366b68e;;;;;;
b8728d9d79eb3807fe76e59d657adb62;;;;;;
8cb90fa7c4077351409f0a50c3d66f99;;;;;;
7ec94051aba45b0dbd4d77fb2e250ef2;;;;;;
5580dc99c00d1783230b9e6a688d1760;;;;;;
8cd2a036ed193d2a5e2b92153b66dc9b;;;;;;
56a4f47bdd0129400cb87cccdb3d2f27;;;;;;
fa46efb06faefadf6d93a0ee41838f74;;;;;;
45227873cdb7fc4c7000af3732541d5b;;;;;;
346c57c1aa2120e08aeb22ba0df08289;;;;;;
c270291d23475697e5b05ccb2c37ed2c;;;;;;
61c75b09841935f706ffc0a34ca7c49d;;;;;;
7952e1435f07644ebd2ec753b391f8d7;;;;;;
87d6e021871d9ed2d5d27fe1916910fa;;;;;;
96edc6e3b3d8c428a4e3b1801b85f1e6;;;;;;
4306f356b09e922961a48a85cdf746ee;;;;;;
5d30ade583be06cb00cbf38b1964e2fb;;;;;;
f4fb2ea302b8c446a2b8a0660be80217;;;;;;
7749d1bed92b77bc3da5c257f09146ee;;;;;;
aa0e5b5d7d062f7d812404ab8899173a;;;;;;
9f9e0e364466a76ffd03f0219faeb729;;;;;;
c48a35bc04de2e01aa6f54bb08d4e28a;;;;;;
33b9ea40394bd7f6a821f64cf25b1ae0;;;;;;
0b8c859841b02a74e34aced41f810fd9;;;;;;
600985572e2463bbaa1091dea86f9716;;;;;;
87ae1cf3865adf2ad5ee495b83584451;;;;;;
84d9c98b4a5af9aa720c3ad3a1be5118;;;;;;
4d1eaedf88d66601f925d83cf6ebf94e;;;;;;
7150747c73e3bbc02cc7a5a6a0b544ed;;;;;;
9b492fdf85f468663f86e094de69ab8f;;;;;;
db03fa8f27360fc351dafc7695d94040;;;;;;
dec6204217cf92a0ff0ea00aca34cdc0;;;;;;
c2b542f1e1e0300ebe94ae4541619086;;;;;;
5156153e76de09303edf0737100b88c3;;;;;;
7c117ec3a467e544b995076f9931f11d;;;;;;
57709a445943b5c1e1d71094ade2ebe8;;;;;;
33aca6cc104904c4949a63ae743176df;;;;;;
35d1e79e9e515889f5c8b800ff29aa94;;;;;;
ad4aa5c42060c883c08a57a6eccae8ba;;;;;;
5560488dfc38a038e35a45697537a3fa;;;;;;
d198fd8d567610fe03ddabcc730980d8;;;;;;
d657a40c17b934c31ef1abf809c34f10;;;;;;
a45d4586b5a7a3251c4c46975fc9ed6d;;;;;;
62df46c9dee0d62ff3fc13756bab074b;;;;;;
8b1d7f38c9ea302e0b7689a80c76121e;;;;;;
34d1c57489339542dc7b2d95e9f57d59;;;;;;
b4e887922d3af7b2f98412f7c9ab1794;;;;;;
18df681fa933abe48e797dc9fdd4845b;;;;;;
925747d855f04032b976a111b9883528;;;;;;
b00a5437fb7c45cbdfe39f153041e12d;;;;;;
0c774ff0be2c0cbb668096d03b6ee020;;;;;;
8d2ae295a55a6d5ecdff082d19a772cf;;;;;;
03dcd1778719dcbd8db879b17ff581bc;;;;;;
703e4daa4a1526eb47a2340949da1785;;;;;;
a7b0f72a3fee1894f549a846c8de4f8b;;;;;;
0f2b8b86a6f64345aecafa98293a9e33;;;;;;
1784da6de5c8e637390f8bb9fe66c350;;;;;;
8b9dadabbca18eae250c2e19fc1d2775;;;;;;
a2d8daf950fbc7bb9437d53218f279d9;;;;;;
38aea589db9a78586679acebf342979f;;;;;;
9cea34cc758e6e915fcca328f6bd392b;;;;;;
ca6f029cde0576346efcc3b479f5da8d;;;;;;
7ebc9084dd6750f78c03800258265717;;;;;;
9bf1077b04d51237607397aa94d4924e;;;;;;
2a70cdc02846751286340264572c1c1b;;;;;;
89d94ad6f1cf2384987efbf9ed76e768;;;;;;
12b1bd47e9a2219d1644d41359f14e3f;;;;;;
bfff99550e83248fb8c8c62886bd4380;;;;;;
52a6451cad43eb2c24e6143849543aa3;;;;;;
34c1f9a73d0b15e753995ac2f0d0bea4;;;;;;
0ecce6e324916a1a8b5b0aff02bf02c7;;;;;;
1126ecc913b919078054894b582e0e3b;;;;;;
a4b68d2bffcbfb3c60101c237b6c5dfa;;;;;;
e564ea9061ad15195745c5e3c3bb8c07;;;;;;
684baf49ebb58824f9e3ba0ce6beead8;;;;;;
65ec94904f0837fc8742806175960b2a;;;;;;
1e76b6c079ca946d2eddc29b3aab4a32;;;;;;
5ca2ed5074076232a69c34802b3dfdd3;;;;;;
aed634efd88d14d6fc9c01ad030b1269;;;;;;
9b6998099538079459cd7853f254b197;;;;;;
ed6591b866ff471980290ac9fd287b13;;;;;;
0038fc3c380596811bff94dead28fc64;;;;;;
01bf0b227886c26be99c4eae00654ff8;;;;;;
d9533b43c41efd088a096b91fa282a13;;;;;;
3de05c60526faec319a88a318ca3ab82;;;;;;
40c4f3a28ebc4afd68253f83cd8a8399;;;;;;
eb7e652094c2d888afaaee5ae948697b;;;;;;
3d982dc3f0351bae5762e6e327250e89;;;;;;
21a774b9fc0aa0bc6c88acd1b3dfcf64;;;;;;
f25111674615fcb124c06212a396283d;;;;;;
5516dd3cf61d41a7f22ce24e2bef517d;;;;;;
899f90b42df4f5834bb0568982f705f4;;;;;;
f4e2a9cd6458e49287efc6a3539639a8;;;;;;
a286fedc2176f890e4fb08c2b8e205c1;;;;;;
ed6b534894d2ce6b4fd1fda49083a57d;;;;;;
6ec02cd365d8d67c4cab2dd1e061b59e;;;;;;
450de027e17c47ff48926a26f2cb47ce;;;;;;
9d8af47e81139f476f1aa93738a186a4;;;;;;
7a2fd33ddf70c48fb4311b013d4c6a6e;;;;;;
62c0b1cae5980187c52796ddbe037fa3;;;;;;
d5234e6c016e0445707d2c666ebfd31b;;;;;;
bc852d7aeb01c018c8bfc9c5524f7594;;;;;;
6d099a64cb7f3a535c9289541d88ec07;;;;;;
d58dbc8ee8a4b130c833f57f691fa07f;;;;;;
03038747699b14c1b49bad00814fbbec;;;;;;
8d0c4778374f0987eaca1c70f9029e05;;;;;;
003df4344e2b68d521b35347fbfcc683;;;;;;
b9d42ae536c104a165de3344d0bdc03d;;;;;;
1dc376191b4ebae2d8df5a02dfc13e69;;;;;;
7917184b45f1cba22411bc2cbc439ca2;;;;;;
82ce91509683c73bf196dc787efa2c33;;;;;;
0701c317028ec926dc11a90aec32629c;;;;;;
8775dda18e0257efeb26e36140972c37;;;;;;
93e1eb93c0c334cdc51c3fc99528e823;;;;;;
730cd5bd5cd5fa828af656e4233b0713;;;;;;
a9df4a4235180df482617c484dad71d5;;;;;;
e5bc1ef69b7faf6c106ecb6512142044;;;;;;
cbf1fda2d656b5b4c08e42396f4408ce;;;;;;
7d25ab73c1f966fc97326cb1e8de278e;;;;;;
186b9bf93293a7b0339456621ad0a8c6;;;;;;
35f2111953e055af87e38af1295ec0fb;;;;;;
6c3f7663810c1cd3cc705deee47c8672;;;;;;
07e0e3b960ebb0ee6b086f5f3c630739;;;;;;
6a39c136ca78b031f05cd4b844ff1355;;;;;;
100ae1a4077706f0f5f7951434b49d19;;;;;;
6b4ea2392be1bea8186cfefa1a5857c1;;;;;;
1155a2ff5863e561527e895ed1392870;;;;;;
699f6a12ed8a117de8fe8c44422bec4c;;;;;;
6e64745321b125d16c7b124934a00136;;;;;;
4e13730d6a9a30db20d01d9c47564f32;;;;;;
1b59e4175de634ba7b05c1e33e5862ae;;;;;;
77b5fe04dc3b683ca71eef16a878bdc0;;;;;;
c2fa15c02973bfd376b8387fd7e37bf1;;;;;;
43d2feaff3451c151b215fa09c1680f2;;;;;;
e4b58c46370d80e9b4b37998878d54af;;;;;;
46db8ca4598915bdd65cfd0d5d67a8bd;;;;;;
22ce599d0ea1cff2e8bed0792b54e5eb;;;;;;
d2ca44e1b2816dc396cfac3c5b542b18;;;;;;
753255b2d8378e3758724c308d28f9f0;;;;;;
5e090b2d7a4fb9cb1876448145a75b0b;;;;;;
cb3b80fec53cfc83376000b68b8c22d9;;;;;;
0a6c06892ee37a922a45351bfa9881ea;;;;;;
0e5e6fc6d1595f02e38b9c6874e81e56;;;;;;
d469c5ecf283fd829fe07052402a166c;;;;;;
5e4350f642c67cc4396fca97f79a8995;;;;;;
ced67c7892e5343ecf89d880530f5709;;;;;;
0f6cf0c9f2d0f9b00a47e824407f3343;;;;;;
0b5e29a2d837c13863d312f54a96e3aa;;;;;;
122fd29025b208ce411ef476f32d5f19;;;;;;
9fc088a88d6f166a43289bcc63ee4337;;;;;;
d914429bd57027eaa9c98ae505819519;;;;;;
92666c55d0f799145f95755fec21c59e;;;;;;
a0a226078e07478ec208b179bc0bd6dd;;;;;;
d50336bf84ef5f206551f74922deb922;;;;;;
8b9fc7acd46b762a24c407e8a5b82238;;;;;;
390bb7df53670315a5aefd3905496e32;;;;;;
79b0b7cff28eed49eab9f35f6ea6bc29;;;;;;
7828731916e8859ad9ea0cc79d483219;;;;;;
c94a7938abb6d59ec4a3c7bec45b24ed;;;;;;
46f20a995e826813d122d9e5ddbf4253;;;;;;
307b31f8755ada7aa45ed4a7c494d52b;;;;;;
0ac0615425311030180f0d383d6ced43;;;;;;
e3c60494d2837b7bba53401ef6bfe44f;;;;;;
401e98ecf77a3c5527eb101752a6c407;;;;;;
02146313753353b34d491cd3d3d6c201;;;;;;
2cbecfd3f938049ae9dc1a40807fa717;;;;;;
cd58479ff9e1929df316102b74056d4f;;;;;;
5bf5eb0aba88b554ea50ae098de6d587;;;;;;
7e4f6d2c47658b46f8aa9a04a42f00b6;;;;;;
bda8f6d306eb354de92aac01a5c1fccb;;;;;;
843063d9437eaefaa07cee5629af8c35;;;;;;
6f172f76ebe598b2e48ee9f34d7292a9;;;;;;
537a18ae95c34a1f181ce104ff1a2301;;;;;;
86cd738778c526ac1d48bf932166cfda;;;;;;
5ec4945c4386ef30bdae367885be024e;;;;;;
10d3e49fdae66e349ae4960b32011646;;;;;;
934ed23a694643c485cab8ed957b6ae8;;;;;;
ca1f9bd4f93858e81fa0a70b2f34a4fc;;;;;;
1c4d346d0a48c623bacc6e3b84d1398f;;;;;;
bd15c500745ae591a3e052ab618777c9;;;;;;
1bdc95bc95feeb3876623430870bb0d3;;;;;;
6cfe95a0a6c5931d04b19c8e374ebea9;;;;;;
2ee21bedbb067b4d9348843c3abd36d9;;;;;;
e7b2e43e83a9c52f7da41b5a9324a2b3;;;;;;
9dd4bd39fe7c7b2d403e93d313f59896;;;;;;
24a0f7665bada9296713528e53818e12;;;;;;
79bfdff3fe7e71cc905288c1937d8617;;;;;;
d823198088aa500a5c59fee86da294fd;;;;;;
f0f9475cd65e2d67a896617138a9ef66;;;;;;
aad44922bc2959fff60814bbc5291c61;;;;;;
249ba14c7cf9fb6de6ae1bf00ef960bc;;;;;;
01acd739a1842f0cdf782a5960e5944d;;;;;;
c6352e332af874f8984a988034d24852;;;;;;
837093a30ecce1ffffa67c0c21afa7af;;;;;;
98af647588dd831f0e5dde59d3ac2ab0;;;;;;
920349cda2006d81a3b4d99bc471bbf1;;;;;;
e1844f3cc815737dc5754036f5a8a96d;;;;;;
9775597a8cbeea6178c4d094996dba56;;;;;;
b8c093fc119f43e81db8cd4087ff9081;;;;;;
8064a22ac28185bb10258ec10b113be3;;;;;;
d3b1228a852184a055cbe0f2c5ffbd6f;;;;;;
390c46d91b5286e84a8bca8c3f3187fe;;;;;;
5ef1a113a75f713ce47ff4f3097fb13c;;;;;;
6a7224ef0d20c1f198f2f3dddc4344f6;;;;;;
ebd5833801c679adcc499019ef98e141;;;;;;
dda8e0273ff5aa06e198de42984c7201;;;;;;
1bcb90b626a718a934c34dfd1c95aa86;;;;;;
42d2b34bfc40f14610cfd7943fcce623;;;;;;
042bca7f690ba1c307504e6e00280853;;;;;;
77ae4e17a179de996be01b170b01915c;;;;;;
b8e93dbf9a9e1d278f8aa8ea109ab2e2;;;;;;
36a65c6219ca4440aaa09c92f14a9da7;;;;;;
7c028cc46c3fac9b6f60fd6aa51d84a2;;;;;;
eaa2e4bd7929eb33babde901c0f9762c;;;;;;
a3137280698649ef2d7d0e4b798a0b1c;;;;;;
eb43d085d54b048c54097365c3c51752;;;;;;
cdb12ff3335d2ed1e9e9bf1b3cc967ad;;;;;;
7a724f8c741410a39c49d74b578ead0a;;;;;;
201c111587b2d9065c263ab7b7ac2723;;;;;;
96d24746850e773330f2d87d0b2ef9fc;;;;;;
00092d73c291c8f0535b77791509527f;;;;;;
136e257d35bacece60db6c85294e557a;;;;;;
d6b95425ce62d866f4e9eb29ea3e6923;;;;;;
e6b815267c4bd82a1c309131965dc8f2;;;;;;
5367aa652ca91baef8f4cc4563804803;;;;;;
d4e2a7de85b52f1f78b010722a50c2b7;;;;;;
ed53957b4ab416f43941f59428041b4b;;;;;;
f2f51daeee0236bf192abe88be221379;;;;;;
5720ae57f259542e779245c69d45fa21;;;;;;
23125ff030d0d25ece6d11c1339a8a25;;;;;;
dfee12da3878da218a3b2398a11b7a84;;;;;;
ecbeb4b7270aad9d97f6b16e8427b89b;;;;;;
f43a7b2210626d41c579fa7ef40a0782;;;;;;
40a9e49e21de58ba8d10d45d0197e55f;;;;;;
c080e444b0dc82528e413538d99f1bf7;;;;;;
71e2124c7e8b76cdf1876b7a17e964d7;;;;;;
97d8b4767b63f2661aa6db53f54a8124;;;;;;
76693ad89d06650e360f3da07338da27;;;;;;
1a94e05dffc6957c15359e026e994e71;;;;;;
111268ca7119d32d678f4f9c1c47acba;;;;;;
ed165c4239551fb9bb8e9c70347a9857;;;;;;
78830e236c1c3fa51a41be483f34252f;;;;;;
c3a862eb2d3592c581c4cef6b8e956c2;;;;;;
583bc47885ea35408c4e50334d4431d9;;;;;;
6d4928c70c87aa511fb9ee7cbc7f7d80;;;;;;
d6dac7755fcf2d5f9f6190a220cf5811;;;;;;
6021186a77199010dfa23fee16ed603c;;;;;;
6980ffb66f4f9390b7358e40b5efb24d;;;;;;
344699815d76e29f1756065cefbb1dba;;;;;;
5b47373b1eb4a6b0df358189b494233f;;;;;;
ff22ec17b851b5e6c1b8e43bb36640df;;;;;;
8e9910173c6e7bf9427fc82f02799731;;;;;;
cd99742466e19272dbddf10d96ed784b;;;;;;
fa6be30f63b34bb62399baf8c7e633ff;;;;;;
6d23f3d702f5f2372fc0c0f15f6ddf8d;;;;;;
3df56456268b9ca6d29c846d51471381;;;;;;
57749514823c1db2336a40c81435e842;;;;;;
87728b2e91950d64a8cfe4ac40ab52a2;;;;;;
389b148d176a421d95b4e0b39461973e;;;;;;
ae048622ada2631c190eacf853ab7630;;;;;;
adc9341d878da1c0de9f0de178be150f;;;;;;
7b6e6a1e7ad9e37871f7dc89dc6b7e24;;;;;;
7686f3f08c9184e5ddbc5af3ee474348;;;;;;
c7b4d8cda3a8c158d2308913edcf2a0e;;;;;;
f77a7a5c9618413e0184314d6133aa10;;;;;;
7ad505571425e17e7056222ebf317486;;;;;;
d7c5e279d3e5984b38c2c137de49109b;;;;;;
bbb210471b901738e132964cee46c57a;;;;;;
a3762f3a38c75a1968c10db0710661ec;;;;;;
b011ced4bc16588486e37f5f081983a9;;;;;;
42b6e0836cee86ce4be8e357942516d8;;;;;;
db09d3580fd6743cc736fe1cbbb2ae92;;;;;;
e7150655a908f9929959ebec0659598a;;;;;;
3be2b2f81c249f09c1b9a0d0a48ebc36;;;;;;
a520711ca18cf0681c2e58f76cf8d7d0;;;;;;
5d5b96242d12e3144a655db93317814b;;;;;;
a5fb4c562edf4e3eb1f06e1d2d69f6d0;;;;;;
729144f9d7674335aa7004b183ab5c9e;;;;;;
5bd221890ef9a1f21ff499b1d95b3c85;;;;;;
c663e63bc91e27187e8d85f1049f8fdc;;;;;;
5a924c26e7615915ed3235423b995458;;;;;;
263120179f93ca291df3d62ab50d40c2;;;;;;
e97a8c9328d22452cb41ee708dd1e1c6;;;;;;
dfc401d039e05453f9f4a87835d7cfd9;;;;;;
7f621aa7bbb2e5db232590249bc1b7f0;;;;;;
3b4ffc35e59069dc1eb5731e3644498a;;;;;;
33326cb3efba825754b10e701af167a7;;;;;;
4034c4c1c312356bbfe9790ae991e664;;;;;;
8797f030dc949e7918e970e55e4bb390;;;;;;
118b12c7eb6d9deab8415a766cbf700c;;;;;;
01a86299b5b53181a9d71f092c586048;;;;;;
62d575bf3fa7cbbe3e481ecf5c91ba3f;;;;;;
87245b1d7d018cbef3c707a24295466b;;;;;;
c4305ea600b15175754a6eb8e45e905f;;;;;;
52e201d313b949404018781c3bf7f73e;;;;;;
dba468f77a102e512ea082c7096b373c;;;;;;
65a8f9896b61a8f8586eda83f76a3dea;;;;;;
6e8d441f181ef60fcc9797509dbb91e3;;;;;;
d02918ab72b3ea5e7f5a2382f0345c9f;;;;;;
824727b5ed3a5e272388cd92cfade0ae;;;;;;
3f6b45497c19893f2e75b4b89d5069a9;;;;;;
aab23c7e6e73e9884071021b4f58cc1d;;;;;;
672ab73e5d83ef55ab885345b1f96914;;;;;;
80644f57eb38274f1a71fe3212732d47;;;;;;
a06d09d1b01d38d654554ba21429b65b;;;;;;
299bfc06454a8f236c351533449c147c;;;;;;
e3a32521c46359891c13e91812dd3d44;;;;;;
1d71abbc90a71aa6e2591eb85b0672b7;;;;;;
b840c9fb4a4082af688173aa1f955ec7;;;;;;
db5bde78705b8f5883de1a36bc29f60d;;;;;;
b3d855875340ea6748f057b07200b972;;;;;;
910d83727a03300c0a9e22395dddcff4;;;;;;
45cdc6d4c41a66c16934e67d3db48361;;;;;;
655fbbf3fdd5d0390a575d00f7da733a;;;;;;
862ebedd516ba21ad96bd64fa49375f5;;;;;;
0de164fe643b770157820f27a1568590;;;;;;
9091a6bd8ed3d311bf9698affab0a68c;;;;;;
c69b61ad44fe38103584fc35abe6315b;;;;;;
05c7ae039260ac945e11ae5b7b51ce23;;;;;;
e795f15c62d9b187ba72d452e87336ee;;;;;;
9f3c3dfe0ac12dd0ddbd2025a510df86;;;;;;
f57964d418a135053f59beffe010e5b2;;;;;;
d1fb87d88a601938bd738675bde2060d;;;;;;
f17bfb5476ba26f4c47a4e7731a82d4c;;;;;;
69387207f82aab3f90181eaa67c64f04;;;;;;
d2c81e24b3a4b035899c24e72313a6cb;;;;;;
f6316e1048a92eaa235247727c4dd6b2;;;;;;
844ac140a7bd5e7985ec1c956c394be9;;;;;;
47a34596443d9f25bd596622b4e17520;;;;;;
63904d6240eb0abb7bc65b57834c2840;;;;;;
908119ef772e4c669fb6ed456746712e;;;;;;
7db078ed39a0183b610727866238dc4f;;;;;;
746beac6bdb01fad3c5a6e7b63f950c2;;;;;;
f6c59edce4342fa4a4e74def945d7410;;;;;;
5ba57346f045b6dcd8134adcf5fe2785;;;;;;
e2a14b8abd47bf125bcf52912d36faae;;;;;;
8c3412bcd59e360e989b18a20f6936a2;;;;;;
7ceb063568a412d07ac51ae00f6eec75;;;;;;
1083859f04624830156b4a9bdda7dbd3;;;;;;
822af03b57bbb97cab32546e45f43482;;;;;;
280aa2421c62fa3cd80c5eed3411ca15;;;;;;
6051e1914d3014b9fbbb970805d13a2c;;;;;;
13819b6240fe5f6b8e80eefbbe5ef35e;;;;;;
337d76fab203f948c42455f8b93bc526;;;;;;
5cb49d47cae8ffd33c8c5648bc725a1e;;;;;;
407a64be44349defdd67c0111fee538d;;;;;;
c28f3b7810c20b20dcd5f5af66bfa7e4;;;;;;
981b44af465bab314adbcc100944bb8d;;;;;;
6d2ffae616c03828303f8ce88d1dc476;;;;;;
52f91f7109cbb0a745386a61eaf5b994;;;;;;
03c02e870210c17d86de939cd55ecb76;;;;;;
ccd88dadad1c5b8437f9bc5766a0fb18;;;;;;
668bdb34950e4a37b47daddf18843406;;;;;;
65f8eb1ad74c7223650e3bee0f992e32;;;;;;
000a841da8b1ee98f6af93b6eec4a7d4;;;;;;
df87a679e46e850fac34dfa582e900b2;;;;;;
c21af38fd273429eeee5c703a1a27511;;;;;;
2ac426e4c390f388785a8ef50687424f;;;;;;
e296748e542e6304f302ed0ba79ba538;;;;;;
db63dd0f19f63e9e55ce2594c12b51c2;;;;;;
9a2e66f62c6f5a908b4d465896a7dba0;;;;;;
78c90621804c15915cc76157785d5374;;;;;;
164746a3d79b753631b390c2561474d6;;;;;;
afccb94d38d347978e86de6e6aa6945b;;;;;;
aee7b54ccd844a80a79f8769d384d213;;;;;;
277305c03b56018cc8862ddad0cfa029;;;;;;
462a7933fc7642a453c1315debcec35c;;;;;;
da340b18cf31d12d882fd177e1a5182e;;;;;;
b847e7162535738e79252e7a06f248ae;;;;;;
3886af581dfe044e087bea9a83fea99e;;;;;;
aa98d798b1ec4e659ae0bde1d298d586;;;;;;
7102a1d88a853dc6c7a4b62264aff842;;;;;;
0cf3af2019bc4ad0f50c81577d7d7df4;;;;;;
728b6cd88f47cb442fb0bf52408790f5;;;;;;
0fd8e01493705565d29651cd3cda8969;;;;;;
42336b9112dda9c972468e03121b1f05;;;;;;
224eb853c10f2a18d1c06786f400772d;;;;;;
ef131488c92e64948b9d1c003e6d0f43;;;;;;
2c4f33c02c5827abc376c27a4c2119e3;;;;;;
9e1de6269ea4a6b944e7adc13600528e;;;;;;
ef4497c1d53aae14c0fd1edc84ea938e;;;;;;
2f05a6e4aafd4e241c01294cae3f22ca;;;;;;
3456d64d078895396c7f83bf481fa5ea;;;;;;
152c441c3ce728c7579fec15764a0236;;;;;;
9b716dc5b975ff4f940e878fbb277891;;;;;;
47811fa8797652dfad52c88a0c72b3e6;;;;;;
031cce4548fd20eba68b011138d541e7;;;;;;
a1dfa0eafdd181669b5e10e1315664ef;;;;;;
3e73196ce8d34670afe116953ca8e30a;;;;;;
677281678de9765f7247a76b4fafcda2;;;;;;
bfd6e8f5207119ed8e87f28b5c842119;;;;;;
61bcb94aab5d906be9a51f05f7ff3fef;;;;;;
1fca731b373d0784748dcbca2d852b22;;;;;;
1c74a0752eb4d447ab9df1425825ce48;;;;;;
7b63cd1d0aa5a1d6347e2adeed627619;;;;;;
04c9e833b7158cc0147d316f811ab980;;;;;;
5fd3f996238ab5e572fe969c34749a2e;;;;;;
c9778e8cbe93afefbd4a7b4da03baee1;;;;;;
4524024f87a779c3c844a2d695dd49f7;;;;;;
328dd2da5f3c7d8c5b8dd79578a90a7d;;;;;;
9d54c3fb0ecef05c4ea7ce5b3ead1f44;;;;;;
7e3824a46fceace17c4bf7510429acb4;;;;;;
45aa96e0aa026940b733ada1186ccf15;;;;;;
c6cf07df099c078abdd74a220c77a1ff;;;;;;
cf6fd73ea16fac129fa6d9112cfe4051;;;;;;
cc61f63caff0530a2c1aeade71b99598;;;;;;
66ad9474ef2f439fba58920ccee21a19;;;;;;
11a6ab6d92fbc76dac09f587708a6349;;;;;;
21dea851f70518aaa780584d7022043f;;;;;;
49ca5de7136d532baa65466e5f118518;;;;;;
b349f7f56ca4f0665b79cbcf92ce60be;;;;;;
489c6522c561d68204fd262ebc4bc957;;;;;;
5eaccc8927ebabd044290ba59334c9cd;;;;;;
5a4a027cff1d1a53df2c8e7f9d266a80;;;;;;
efc23e56db4126536e69656567179b38;;;;;;
1186260f0d747bc15787553157d5c4ff;;;;;;
070de417f34a4dba54916aafe1d7e3e9;;;;;;
c383f5e6eeae2854b840aac6f7ac89fc;;;;;;
feef4a4bd24b7fc18e98f1bd610d31bf;;;;;;
53a2f69ee86640e5dfc264a7ae5636d0;;;;;;
1938de855d534b047e2f0e3baf161d52;;;;;;
12641b41b9714ddc317994d13b041213;;;;;;
673a37707894060cedd17bd78a0a4492;;;;;;
e997403422c1513f76aaa9b69cd5781e;;;;;;
8f48129c555f5fc742cc22f4fcce3e33;;;;;;
f2075a3ff1e824307d15f34f25ecf86a;;;;;;
75303cbc6860b18bc077be03b5b68f28;;;;;;
c08f7fd2744a9b3bc9672e9d4dbe5139;;;;;;
0fbd1ca399244e22728fb8c83bcd3d51;;;;;;
9458babb9a86e675210271742881a765;;;;;;
1495e2ee8e234ef9cf5e043c724bb0ab;;;;;;
36a979c8892b5931d13a611b2887e5ae;;;;;;
24d0a173a483bfb879933e9cc59b2d46;;;;;;
8da29f6ebdf1571e466cd334d9ff7a3f;;;;;;
b0478d3eaf842310077c0cd1c4a353d6;;;;;;
972e7e71e44004d41f665c094cdceabf;;;;;;
0d2d04412e540e4ff52504dc4108e6a5;;;;;;
8e0ba556492cbefba694f2d466b4c51b;;;;;;
e96859d957ec90355d2743a44a033c6d;;;;;;
8a042fb481e62d1a3efe4d63366b0253;;;;;;
757c3b86e79ea2ba6bc688c5cc8d7ca8;;;;;;
36969efe665db6bdf6fbd11906d15c5a;;;;;;
8d3acd1367524978a0c2986669a08b54;;;;;;
34dda741111b302e6536b50a1e3006a3;;;;;;
e00e71e259e4b8592c81a9c8fbad3ca5;;;;;;
2ed1dfdeea6c8a3925f5494c92bbec4a;;;;;;
e7085bc004b8c40b690146a977bd6530;;;;;;
9740056cbc00dc37772bed2ca97eea83;;;;;;
52a3dcb47da652504fa542603d85480d;;;;;;
37c5db53b5f4bcefcb8f124087441d29;;;;;;
3ac7a77182d9208450be39ab9cdee7dd;;;;;;
2b88959ac512d5125764d33fe1e9b575;;;;;;
fd928bd0dc7ff1e12ce9d2b48f04aa86;;;;;;
33b6955caf8aa4fc0aa8d73b76ee7a37;;;;;;
a09acebc0be2531c3f9bc77f9f945418;;;;;;
122d46d8c41bc6232d6e34def7e5d08b;;;;;;
2f3f74f19287998e80645396d9ab30ae;;;;;;
1169dae72c6463818701bf94427438fb;;;;;;
8a6602ac9274d87ce19f655f7db20b9e;;;;;;
d06c846cda3f8b984c0e083c002edbc6;;;;;;
140d00cde8377edeac782b3cafd42a99;;;;;;
720a270844225b2032f791104eac6cf1;;;;;;
ac589703e79393ef43357bf725ca485d;;;;;;
227b3b4e0993924c1c2c5ad0c75ee466;;;;;;
37511fc5bbbd092cccae4f95eb1d099c;;;;;;
16bcfdd5271e9daebd1d852c5ba9e4b0;;;;;;
141919b8521707d108d002dbd443a23a;;;;;;
4e984f79fa8c4a2a46e98036b6807c34;;;;;;
3b0a62a1ace7a8ff0346a199487dfb7c;;;;;;
95d9caabe177019650808cc07f3a6f0b;;;;;;
17fd458e5851dea96ccd89c70fa38ca5;;;;;;
8bbe8cf9a97928791bbc7a5ff88e77d3;;;;;;
39b0653a70317975ac10c12b4668e6c7;;;;;;
80d1eae385ac0adc4ff85ea7db1f2a21;;;;;;
6763342133d6d5a0d0def69ed13b3cd1;;;;;;
3dcb51d81027ae3cc71d6293a8751976;;;;;;
d08092502309351e26130953b1138084;;;;;;
a949edfdefafb1afa74d7f2a8b9c85a8;;;;;;
4af69fa41ac34cc291e2ac3d7ebacc82;;;;;;
6dde86de86e2c2298cdb37615bcf625a;;;;;;
f53b78a16e9208e2d249f5148d2e65a4;;;;;;
58684b6eb7cab449e3ab11ceea7b9c82;;;;;;
cb104cf7302a269ac0cb7d6745eac560;;;;;;
eaaa7576152e7288c85039bdf4d0873e;;;;;;
91175a628964dc121302493668478454;;;;;;
b811e61b793f523e609d2bb63994516a;;;;;;
fa5147b60e42184f5b7b4411c89f3762;;;;;;
0d2d817488d996fa81d47b0d9da617bb;;;;;;
727df2225bb33c7e457745394744a158;;;;;;
92dad66da931bb9542ea337884101c3a;;;;;;
0ede86b5c3ff5f2022ca41c0f585ac4e;;;;;;
4d9a413f76cb2e47dedcac4e1ddb8d1e;;;;;;
9d99562e168dd76fcdc89b7821f4eae1;;;;;;
0252b88d09aef88f626349816e66ea16;;;;;;
1040327a49b749e1a296974dab1c84f0;;;;;;
278c4dcacff3608c7ec5ccbfbd0f8baa;;;;;;
c2b3b623da16c95417345bec9a0c9af0;;;;;;
690658236312da30afa33b609475a1ab;;;;;;
10976b1d0ffbea07796d56d2cec8ab6d;;;;;;
b792e38c4ab958e77303c7351cb78213;;;;;;
ea812358ef78208109adeae80678b9bc;;;;;;
db2b1e2755a4962c0dbf44ef3b9880dc;;;;;;
b4441c8840ce0fe83db3a5bff9ee8254;;;;;;
7d484e74fc948e89fa15e106ccdb21e4;;;;;;
8d4c801f3ecfaa30bc3c2e0934440e49;;;;;;
f760b860bb42122d00f0e7ef09a0b75a;;;;;;
9d88ceff6809ad9fec145c2b0a58d8d9;;;;;;
4a1499d46d9965ec3445c01b35ad8b86;;;;;;
3edec39ccc23530d8d0ea09f483bc6a5;;;;;;
46b9d576b6b715bfafd442d51ae31134;;;;;;
b99c50b2eff383eb7fb88d107ba03b1e;;;;;;
7e33e7ed4e9a613ef65117e6bfe7fc0d;;;;;;
b84b846650bd44c04d95d210c611e11c;;;;;;
9beab7f302415a634896417e97830c96;;;;;;
aebfb20fef45c640450bc441205a6814;;;;;;
29cb55846f48483268758327ca2f445a;;;;;;
5748124e7ac466ea3368d7cc17a8a416;;;;;;
87a68b1687e51cfd6c4e3312aee23419;;;;;;
94a4e0eabfc56654d5ef95e4d6d7d938;;;;;;
7b866e89756516ca84280a1b4bbc26f8;;;;;;
bbce4210e5ce579aca20b2b29661fff7;;;;;;
5a282c3e6821caf9c273ee7b37e8ee47;;;;;;
fabcc14f734dc87a2ba89f942ff934b6;;;;;;
45657e546a1559065eb211916a33c46d;;;;;;
0845beea43e316a4a7c89d469095889f;;;;;;
ee580705a1b0acae659834d4984ecd97;;;;;;
d8dd856db40dfd1d004d01cc7a0843eb;;;;;;
616d20a25a18d450d7d6591e51d0a648;;;;;;
196239150ecdc541d3afd0410b72a335;;;;;;
13e2e427927663e0706e71e92e519c8c;;;;;;
4566309fff27efa44332a473d0860e8c;;;;;;
3a194006084f179de32fa5707865e52c;;;;;;
f9a5540e8c2983965e1709d43393a5c7;;;;;;
a8c8bebbeb429512e9b588d38b6f261e;;;;;;
5ecad5e30b80dbca0871f84705a913dc;;;;;;
856c196bf5ffbc94e789c200c5dd3aac;;;;;;
faa03ebe8357b97233c5476e165b2dad;;;;;;
a38b264b690b4265662f72834af5f11c;;;;;;
bf4559584bbaa767c088c13138e37df6;;;;;;
987496506e63b709d8101726c577de35;;;;;;
68029e4687630f67ae6a849df0af08e4;;;;;;
90b5e6a2745224184ab2a2c9713d98e0;;;;;;
9a6a4315f4fa592e011ba291c65e4c4c;;;;;;
0171a4d6a59fcb45fbfce8053e396997;;;;;;
99fc1ed3e7eeb66ec32881510bbe2ce9;;;;;;
cae2e6f2acdbeec14395c909c4ef2535;;;;;;
93ba1fd5c15cf1e54b805f25d0216819;;;;;;
2fbe8dfb6820d9d8af9246a123a62910;;;;;;
78af99a41fe1d4ae45ab47949a4b1706;;;;;;
525c7d22fc370abdeb9d23416fbe97b9;;;;;;
387f14ee00e99fa9c9339c74e46dd12b;;;;;;
4edf40c592cd9e8ae85e928ad80ee6a4;;;;;;
10b173feaf3d8243a1358ff34b7dfd41;;;;;;
5ef5a1672d02c81f44ec668ab2fdb957;;;;;;
5fb934e1b9bc1ee5ec9a32760cedef72;;;;;;
ca2efb80e3e32310f6880e8d2331d32f;;;;;;
727a94027f8802c5898e4b622f83216d;;;;;;
38c2c5ee525691c4b853f3458559bec7;;;;;;
4a84684f5560c28834c0e056475bd045;;;;;;
7749a175bc6adea257e9431d31eed94c;;;;;;
5f1937e4e5452610c8f73ac1ff13fc98;;;;;;
ce1ab46f1b75b7c0a7c43cd525bf2194;;;;;;
cb2e91cae13ba563a295961e1d3e0579;;;;;;
aecbb7875e9f3c8030364817619000f6;;;;;;
a517c7113230e78d2890e6de4f64f7ad;;;;;;
3d0fc28cfe0c9de444933b69972ad723;;;;;;
2d7be86d1a2e045333ce6084723e536e;;;;;;
7f64ffb8ac84d59706f6a3c642454e5b;;;;;;
8745cc1108ca9fda4a581c749152d92a;;;;;;
5ec9db9dc71e6ba90ae981134fd70ad2;;;;;;
223c65bb545366637d8bbea292d6e28d;;;;;;
25eaf96d51b20ba9cdfd7f305e47f81a;;;;;;
75363a2383f5559163da18e32c5c593b;;;;;;
5f14b8c1bbd0392bded59b92aef86f06;;;;;;
b44055ed24c72a6d74b55fc642caedb0;;;;;;
a2d94102bdc48d5275bbb89cd4425a5d;;;;;;
ef08ff47beb40ec86b8d85d946f75dda;;;;;;
e3cc7e85980484b4f1229a89070aa50f;;;;;;
666964a1ba6d5a6e06f75e6147ef7a04;;;;;;
a7b38bc3709aa5c3004eb4ee2c69830e;;;;;;
558154c0e50ed8f14bf4e54e6d44c809;;;;;;
4785b85571d5bb66c7c7aea20c44aa25;;;;;;
a044d2e4d03a27e9f519d8077f6594ee;;;;;;
77552fa1a528bb3e080fea1a71646049;;;;;;
2570b0b42ff48710a46c946acddb6bb3;;;;;;
4ac8d5165cbe7393bddca2223f94fdaa;;;;;;
32fa56d5ce16da7273510b246e7517ae;;;;;;
e551dfd856ae17d0e7afd4de3c223346;;;;;;
3c010b26f3c13e35943e26fbdc173039;;;;;;
7598f5d99344b2cb3c0f0770fd9188e6;;;;;;
38ef579b6c7ee3d6ff3b260a11f3cffa;;;;;;
fbbb8a2cf3f8af4d96fc3e2b9ffcc4fb;;;;;;
da3199472ccf46bc60362bedc55e2a1d;;;;;;
f0adb4a389975d9696bf7a68b13d8918;;;;;;
d6d759b097f79e65a2887d57f756a5a8;;;;;;
259890badc0b200bce38616c9e5b3fc8;;;;;;
0133302f69e6ad6e6cfd1122034d79a2;;;;;;
2d217a57200ad548109b0bab975e1da2;;;;;;
d93e7c3e6c6bec5d201a4986b4a800da;;;;;;
a7118122b1c2678650c271d852b21cd0;;;;;;
ef0770494950da7d1c4f0d0ffcfe68b0;;;;;;
415bd3bf72cc6d6cf0bdce01dd7b0127;;;;;;
b16804ae9f723284e5801f4d9de72783;;;;;;
9af692fef7a7586d71226b714b40e69a;;;;;;
07ca14b673ff6dc27a9399160fe50ecd;;;;;;
c96470ddbb4e838459ac9beb37d9e8fb;;;;;;
3e8e6b4e7b598f4cde429802c3374869;;;;;;
294ea0677d202822886da89e6bce6227;;;;;;
e9b69da79405ab78a192cf4883ed3972;;;;;;
029e831b10ba1b8828c216729e64dd6c;;;;;;
57fbd5032cf14c9f0918aa11d114cee7;;;;;;
0c5cfffef97e3ca846be47253c8f0b5f;;;;;;
e007a0477c66c4fa4ac05b746064443f;;;;;;
0ada654ac7b861508f995256c7e5d2ed;;;;;;
8ef089b40795b297e6b3a0df517c71e9;;;;;;
2cead218e81d84584d89f8026ee92ce1;;;;;;
81cf491c252323bbe4189a74bc80c64c;;;;;;
3b8577a303a133bee7a8a5d690c6bce3;;;;;;
d4701f10ba242852915e35f0f08c8583;;;;;;
c306ba7dde34a0946d73650a7a7d6569;;;;;;
3e4c6cd017865e6fa3cceb9fc5344949;;;;;;
19315e3b4ae2c4e63bdd77356b3150b1;;;;;;
d5c72014c7bbc140020412ed1cbe012a;;;;;;
db4122a4a53d4477a5c3d2bc8feea124;;;;;;
b9baed2ff399423b0deaff6f321e7c56;;;;;;
c23c763e66b0e8e2ca97d493ef44311e;;;;;;
0529a6ec8ea88971670926317f762242;;;;;;
440911099ff032a5ba4d7476f2884cea;;;;;;
776819018473e71931065fce199ce32e;;;;;;
6927a4cc01a435605042daca0cfbc111;;;;;;
1ed2cc21156674dc52b5f971b0b417ea;;;;;;
1a03fc84bbc69b3e252735590bb5049e;;;;;;
5cd9e4977ade471538655cd285909420;;;;;;
60a946334863b8b8ce93c97815e70479;;;;;;
744928c165eb7415d50b6c0a944613b8;;;;;;
59011970206bb9e6e3910e31ce6144f1;;;;;;
c4f3fa48a11223f2302bbad0d1bb943e;;;;;;
c944c3d88c464446b93ecb60b9e8d005;;;;;;
69dec7d3c2707120df2a4eb0d672ed25;;;;;;
a514ae99259944acaaaa2264aa48067d;;;;;;
833f5460a0172471008843bd0f6a21b2;;;;;;
8d9bc283721fe2d8aed88ac9edd42a30;;;;;;
6bcbfa85dc60114633b621bdce6587aa;;;;;;
b23a5ebd8f27a85cc0ca5837e5cd07e0;;;;;;
f87408e220f6d520ca25ca9e15ef76b9;;;;;;
75084d564f8040c6cf4938dff7f5444e;;;;;;
77d86b18d57a5fbfbd30180dd544d8c6;;;;;;
2719f08f37a00c0fb8d2fb1f6f15f853;;;;;;
aeb27290793c7f45c0cac7bd0916b791;;;;;;
8311f289e7fc35b1c421fb81338b4f9b;;;;;;
eff8eef2031318a45bd2eb3d633c91cc;;;;;;
ba08dbee62aeb36a9e3a87b7b5ab6201;;;;;;
ce3760ab43dd283e8b4c2b98a344f0fd;;;;;;
4f823b2fbb5b53394a782472112fa51c;;;;;;
ee2dcbdc5f5418218e74f0ecc25e1324;;;;;;
9c77962bbad5d3afd649b0b0151e1e93;;;;;;
345136dcce240d93f5bcdd98072ffd99;;;;;;
26609b83128af0d9c32bf8ba933704b7;;;;;;
007887a9b17621e1d1863e25a5cc86b1;;;;;;
b4dcbca784b88534ae0e242ad1550819;;;;;;
fa6585beefbd7861875bee0c6c554bd0;;;;;;
9fbe60a515b1a4dea503b642aaebf689;;;;;;
b7684dbd3251448fbf4723b5369c0f3b;;;;;;
619f10bea31ce3771ef0f6c4d0a21246;;;;;;
d0539911ca8fbbdd9cb6c5a14041cfee;;;;;;
3c67778b66027cfa91f222878e477100;;;;;;
722c368e720be0bbbcd6884ec30875c3;;;;;;
2b22a7286dcd2290d98ab6dbe30b4f6a;;;;;;
f4ea64a8b7bdb233781c88ad0f51c41e;;;;;;
0c4e09b454da12e50c0ac537f15b8bea;;;;;;
162288a839ae73b759b016a1b049ea05;;;;;;
d481dcdadd2c28a35613f1d1afe30807;;;;;;
abb6a3fd5bc36ef3012abba89c06a519;;;;;;
7a46272a62e60aea5f3d9a0d0ca7f17c;;;;;;
7889dcc4fa5030c7d687a1bc98f57991;;;;;;
1292750967078560ccd5c083d0ff34c0;;;;;;
3b7c82cbd06b45ae64b256e7b8bd1569;;;;;;
513692307dee6c06bd564a91542d3a50;;;;;;
3a9e413874e8ffd75aa09890edd82eb9;;;;;;
e725184ad41b4dbabdca416a39a6cb4b;;;;;;
4c2b3b648bdccccabf6b482e7c9c1b40;;;;;;
5d9f6663239df18f43481b08b2d62ad9;;;;;;
23d212053da4013a37c95ed2f89e82e3;;;;;;
9f57ce92530ea377eef0ac594f6ef9b5;;;;;;
fb30709059a70290ef77d6dee3441df5;;;;;;
e61a4d9f8f146efc0efbf107e0fe9249;;;;;;
a11e4a39cae20edeebc4e6879b7961e0;;;;;;
2927925315e5cbd99da8bb837b0821f2;;;;;;
d778be303ed2fb8f2f5ab0bb5117771d;;;;;;
3d2506c1fb8047522f7b826f0a9787f1;;;;;;
a31311f4f2c434ea941e6a520a5e05ae;;;;;;
c20761025504462e39c8a3bc9c84fb82;;;;;;
cf1da71ffce7302bc868692e2a2f65f8;;;;;;
59e58adbdc39bfbc215181049b6b8335;;;;;;
4e4687964363e7566c0080ae42b432a3;;;;;;
4da7916c22ebb3b882589831f8123673;;;;;;
57278c0a5ee52b62844b45ddcb74875b;;;;;;
133d9ebd75442ed9de9788e9e78c3b7e;;;;;;
f6eac348053bc4a3bec6b0ebb0740d53;;;;;;
315e596ef6f8ab7699713fbe9852335f;;;;;;
9abb99cc607f4727540aa4cdbb61e8ae;;;;;;
59cfe2cb76a4c10c08146b3d2c7691d4;;;;;;
32820f390b4435ebeb95327933ecf147;;;;;;
e9b2a67c722a1aca237578175762c17f;;;;;;
866c1cbd42c7caf18fa90e96a84ef812;;;;;;
d2c81ef9f9ed398cc816435ce250260b;;;;;;
cd4193ae3fb63e121783b2d248466eee;;;;;;
83ff4773b07d6cd638c7d58b7e2b79ce;;;;;;
6c716065ce87b7acca56c30769b01c19;;;;;;
9b4f6d23167746c7a12303e2ad9a3899;;;;;;
e6941d73865909abfd1db4f802dd9cdc;;;;;;
243254e8caec83040e1501952ae1697b;;;;;;
1a81714b48969d68f8592453c0422bf6;;;;;;
19a28cfdd3f6bad73e07ff8d1331e628;;;;;;
72703da6d6b4b663745f7ad09641e73e;;;;;;
be428e618d7091bd99b29b9e19d4d5c0;;;;;;
25ff60722804d294e0aa8284ea709ce7;;;;;;
824159e109320cc617f083dbfb813f74;;;;;;
dbfd5a198fa19ec5e1dd36ed14ab9d6e;;;;;;
c18e985b38aebda5c80a2c1e63d38f47;;;;;;
d7388804690354a622f54bdae3e92c61;;;;;;
8a9a6927f146dd60a05354e787eee9b4;;;;;;
2ad84f1aa370152f435193aa13f93717;;;;;;
6336bdd21ac5da0f5fcb0db1212543f6;;;;;;
0dd64b9204eaca4a112a9a2d63b5d563;;;;;;
5a0d63e970adb7a1ac8667db4a782dd9;;;;;;
0cff9646275779bf07d8a7463a78f5d6;;;;;;
d42a089d38e5fdafde8dc30562b87676;;;;;;
1fa6b29110970f3ae557e7d8441dcc11;;;;;;
442b3b057ad2a32e91f3a113f9f35514;;;;;;
0c373a466d1987d6aedbfac0580b8af5;;;;;;
a789120eb4395a1da30ef99425937792;;;;;;
dd3f8d008fed65d9c1f289155067d446;;;;;;
eac37d14a1158efd7890ce679dc156c9;;;;;;
3ccf3bad82e1705648e9124b37eba58a;;;;;;
561953f483602f052cc4dd44e29bbc3f;;;;;;
82afdc092d36bbf6be2f48992618d159;;;;;;
c6d8d4259288984882ff7b4b3b319469;;;;;;
156059fce60eb89a2c85c8900fb33ed8;;;;;;
2821c72b6401f6ce9d5cee791cbecbd0;;;;;;
66981d6faad587bfd772c5ec561a51e5;;;;;;
a67d724996a1755bd1cceef7bae93baf;;;;;;
ba76b916992739246745f1d0f9adc343;;;;;;
3f5b39fd9096afd12ab99d378f4eb246;;;;;;
09ac32da995cb82d4b8d7ee099c728d5;;;;;;
6d93d1fb1b8f09ed396e68102b3fdeb0;;;;;;
9f1d70009ba9fec48c1864c692ffb0cf;;;;;;
287bafea3ca69bb959cca681c0bb3c67;;;;;;
5393670be0b3e9a3b184a195e169dbcf;;;;;;
8832a9635021372d94002943dfbdec24;;;;;;
13d38351063fbf2df9837a57aec10015;;;;;;
1bf8217d231cb8c3474e3232ea6ada76;;;;;;
ff211c8195a3717f9cdcda6d50e3d83b;;;;;;
6f5833f90fe5a0d961aecd285f1994c0;;;;;;
8dcc5fec14866788e3b672ddc43ef976;;;;;;
0c5b8366f6b5035e230e1039f317a78e;;;;;;
22dabb80d8c6116f07da3c73ec8c676d;;;;;;
7b407cbf09d0b312f82e7d64c4e75f56;;;;;;
981b692f4ce44e4820165ae54fcc476e;;;;;;
dddfe4409a1e1cea6042449395800d2f;;;;;;
63e1c89cb96edb38c12137a8d0cfa6c5;;;;;;
4485038e4f4cb0bda63cdc92747696b0;;;;;;
9c3b821f9ee093552beae14e1f3ffabf;;;;;;
9634994efdb8fc9d629195338094640f;;;;;;
be1c695776782a1470b1542bb9a9380e;;;;;;
51f3cc190e61b87c2fa554693e43857f;;;;;;
777767561279fdea17f0c120aaa88703;;;;;;
6a14e89d53b767481cf236494a085617;;;;;;
de155f1f135b02ed85f877bb1bcd41da;;;;;;
bc2c32d66773e0e997cd8700f0b5d278;;;;;;
9f38f3b01ef8d3072901087411523a00;;;;;;
f27d4a377f705f4b1356883e43949f80;;;;;;
b467bedafbca2d1a19d32975e8d3d7f0;;;;;;
f40912174f037065df32dab3c2c21873;;;;;;
f03b2af92e105072affa5c286a469200;;;;;;
33143c0d015645854213c4c1492e7666;;;;;;
85bf58a07c63223af7bc90b4ff466ba6;;;;;;
2ec786711874a8df557d85417fc8f39a;;;;;;
69c51b4b8ed4a84826b30694a2087283;;;;;;
ab5afd5ae80bffab7c3637fee3027a0b;;;;;;
2677bc521c32bad6d0d5a455c9bbfbf7;;;;;;
5fda42a3a6ee4bb7111b14b71a6bbc28;;;;;;
a67599e0e58839917cdfe957b31a20f2;;;;;;
c4c254f35bf6bd8a3fd23223477baf92;;;;;;
02eeb2d47428789b1664307667113b42;;;;;;
4d425264a7e0728e9b47d90bd981c068;;;;;;
34230b752284164fd7e60acd5872a8d5;;;;;;
9597370eb30ae62ffe78f6c43749d2ea;;;;;;
809e12654ea8b16eba473501af960859;;;;;;
a9e958861d0618a1ee0944ceb4508634;;;;;;
e45b46761a1854c0e982949e49208909;;;;;;
b9618cf9f73e09ba395d17a9a3c0fa4a;;;;;;
aa6c87209face656c005fe84037cc261;;;;;;
ccffefd14f2ab98eb754ee25a32c15e3;;;;;;
2b7c2decf5e8a18b79c900912b2717b6;;;;;;
c255c1c0b6c3b9e0cd2e0f324428d31e;;;;;;
42412971973d7ddf7e40f367d0adc85c;;;;;;
c97d99e37f248dfbcaa71ba953ff6166;;;;;;
527edeecafedf9e3cf13bba684b5b233;;;;;;
08b43c752601a25a4a768058ae8daae8;;;;;;
c1e63fe15b94ab9eb6bff3d3474a8980;;;;;;
67f76dac49ecc412c5219b074ac68a72;;;;;;
a88a0cf2fc366fe749668e400bb0f248;;;;;;
7863f316ddca2d6713c4f56882b67e3f;;;;;;
1c38a9304b8e7ef9aaa5e57d332fa526;;;;;;
a9b133790c70cf796a574c50b38ba15d;;;;;;
1c31243c917d8cf76bf48a68d24d26c5;;;;;;
14e5efc12133b020b57801dcc4bbff9e;;;;;;
0b844ce5562be5c88c93b0e00603b9fb;;;;;;
7fc913c9c47742c7af9afda671652185;;;;;;
aef339c3c343610aa01696d05de977b2;;;;;;
09d55170d735b7569491eaf081c0043b;;;;;;
3bb6090c6f179cd875dda8b3faa2ad37;;;;;;
313eb9aa5c5ac2623e7894420e2febfb;;;;;;
9baf48b6f863eaf4a7e3f3166ade8ce9;;;;;;
7f3fef167dcd2d12cba66051b8b7a7e0;;;;;;
67bd83db4d4768a826360bd93f8a3d63;;;;;;
4e2ffb094bb858f7e22ecdf6f444d6f1;;;;;;
bdff4844e2dea2dfbd2f81df3eca06ce;;;;;;
87a740da01882aa1c9aa8b2dcc6c63b0;;;;;;
06ce3264b667ce516425888307182887;;;;;;
6d343a12d79e4ab41f406e131f44cf4a;;;;;;
c152edd248bb4d3d764abbc6652abf03;;;;;;
9cb5810e2e046e68461517db5b819435;;;;;;
fa206c734737439df35e66fb0ee90702;;;;;;
6a45aeeee78a51e2e504d94a5c3daa0b;;;;;;
3e02f9ae7b10667d5736b66b7de4753e;;;;;;
161a025b098eae7114a167ea67c20d8f;;;;;;
f03feee8e3191cebb5b04fd27db80eef;;;;;;
5dea485ba6cd867c5be59f42c9494add;;;;;;
d325283d222e34a8e63337a537ecd73a;;;;;;
b3e55c474f09f0fcc9f88781126e3a03;;;;;;
6fc59444f74fad0d9c4d8bb819cbdf62;;;;;;
80bfb2ee8bdc920f4d1d74ca5f47baed;;;;;;
31dea7065e428d70bba45e0ca3fc380a;;;;;;
8bf15aec31aa139a87eabccbd30c6925;;;;;;
0bda890e13d5632fcc4cfe0c3480f17c;;;;;;
7a3dbf2b4fedd5ffcae43759a3c666c6;;;;;;
39dd6cde61fb01576248f6fb4d3dfafe;;;;;;
621d06f8b0f038aa61a6d9eb1e2a1111;;;;;;
3bfaaa666a8ceb05a873bb037fefa959;;;;;;
215519562a73024c203e978ca0ee88ed;;;;;;
3cbb927e36518bd00f1bde8aab1c6706;;;;;;
67261177614d5fd0a7b75e40b7cad0ee;;;;;;
94c320bdf23345621b57dfcffdaa1578;;;;;;
217af31f1440614181dfff83c70d5ffa;;;;;;
178b579811fde544887d89032be25479;;;;;;
65f21b5ea4f3ad438750fd4728cdcaec;;;;;;
1df9aebc3f8bc204c0ab7e7b15c32e1c;;;;;;
af41ea6ee84fb86ed81498ff7a66c0e9;;;;;;
26dbc65e8c1487ec53b9af37a5982276;;;;;;
de0d53b9a78b567f8ba6f98c08e4dbc8;;;;;;
dac865d4103f0ad1d187b2d73fcf3d19;;;;;;
57f92260cc11f589a7fe4a6dd1662663;;;;;;
23b72a2d0df55f4fa9c60cca4aa5b304;;;;;;
16af2bf83379c70d5df85be41123838b;;;;;;
09d261c55294836cce79c04651eea6ac;;;;;;
cac8d86ba0a67229b6ef0536e4aba179;;;;;;
478e7c822efdef8104be1c1b8113b386;;;;;;
a2be99de26edbafb4382483d8d0fb541;;;;;;
1cc0db726ed9ba315ce7dff7c3aecf30;;;;;;
3d154f898d6b5d54335bc3e8fa24aa04;;;;;;
2dcb903504281bb4d41e31d7da1261e5;;;;;;
db1a85971c965c7047c38a3a37b26bac;;;;;;
4fa88e334fd800b71cbd496417392ef4;;;;;;
770c745b6bc2102a2f24a3733c379268;;;;;;
a57cba8ad85c79e25d2783f0c84cfce0;;;;;;
3b92c9657dfc5e0118340eb4d68c8f55;;;;;;
102a4522d36d1cf456f97020941ef599;;;;;;
560a3962d7f4f14e0a47f26cfc449c4f;;;;;;
10209441efcd759c14d6fbe6886f8294;;;;;;
e51c44406c1ccdb385fa4197605c51a9;;;;;;
4511fd536d713c6605bd320f33835ff5;;;;;;
271c16035c94fd06969c68695fe20a7c;;;;;;
bb9a1319c69c31116ab07dac3e3bb8a4;;;;;;
03610d92197b5471c6cc309f3036e22a;;;;;;
37df23e10c1f3deeb0294ed30da0cebc;;;;;;
4b72a92dfa4983660292a2248c4afcec;;;;;;
56f261f758abc138cc3470e12e078ebf;;;;;;
8eb7d7abf2505fa449009adb8fc61b7e;;;;;;
f63318965493010f2dd19298fd80df89;;;;;;
9fd23a4e853de0f7d10c9bdd7f2fc6ba;;;;;;
4e879c2524e5ce780313f2ff62ca8a5f;;;;;;
e1db49faae8526c03242f1e5364ea73b;;;;;;
be22a4dc3c02b26bc61e54537995242f;;;;;;
6679d7846f32217bdcf54ddd396cec85;;;;;;
295bd09cdce22d3d7b0383648e724118;;;;;;
6e0fced2be13e441390f07a7285f327e;;;;;;
aa1b0e4d00baec3e9c18d68fb8bc06d3;;;;;;
7d385e6e47190fedb60842df8c39fff4;;;;;;
6bf3acd7bca9f218fdd27af5bf2b0321;;;;;;
4a56b994c9f077cce887900f80e4dca4;;;;;;
f59b2c0208a40fb39774054bb2d4ed7b;;;;;;
c96e32fac2818b076821ba6644d9f889;;;;;;
3fd5985098313e8faca4eefdfbb9e476;;;;;;
ed35d8accf87d749d606993e3273f92e;;;;;;
70282ef1ee860d0b212a17dcc28e7b51;;;;;;
c906b2d319992d5091d387a81a063919;;;;;;
d21197edbdf92f01528207d23a136386;;;;;;
0eeccf85ebd92970eff312144ea1e1f1;;;;;;
93ba2f34cb9c4c1897cd84a40b0d91aa;;;;;;
c1ed864bc4689653888768ee0278abb0;;;;;;
3a47472e20784039a315ce6e37c72671;;;;;;
54ffc664a60a10920e4bdb4355743088;;;;;;
57ea4d965e91dc169ab6db4fa9e072c1;;;;;;
f1c074ac27fd1aada6f00a2447dd3bf7;;;;;;
80f9b98aecc6fe5226fb84e085880577;;;;;;
8d3701e134e600078e5dfabeca89c260;;;;;;
96f27f6bd180a94d4ccbe597012b4384;;;;;;
d62e8e34b2e034082bf74d8d78e5608e;;;;;;
7c1968411fc2486becac98f641604d9e;;;;;;
0930fcd805d2db1d0a0110b8612f3745;;;;;;
6374e8798a6a8113f7e0cf07e5c6940f;;;;;;
923129cf9c80540d5d4596f594e02d45;;;;;;
16b4e2212a429294bf060407a7bb82d8;;;;;;
789b8a3450b5921b9edb8a0bc4c1299b;;;;;;
f9968ab4d4052d229f7b23b9ae3e87fe;;;;;;
9d8a191a78e39e0f8bc689c7903a9f0b;;;;;;
5d279be2734979d7e335051a9e69e669;;;;;;
d10951488747108bd7ca02ceac997f90;;;;;;
57812c4ceb02130720ed622fa12ca495;;;;;;
a00d5e6919e67d1be51abdee9a9eff7f;;;;;;
6c921698364311a556c62846c9079165;;;;;;
4555796cf64b19f058d01ac86b36d160;;;;;;
6aa8dcc9ebe9b8bbce1868df03e2973c;;;;;;
13bef3b054b7a76ae0c900df76c9948c;;;;;;
b1c20458e86b91f21761371764035b17;;;;;;
b84718f15e850ffec83d16968aa53067;;;;;;
e220aa495e5ee5ec3bfb712b7604eb7f;;;;;;
684295d7fb993ca5206b5e0e5c756438;;;;;;
8544d2136337f2a8a312f7384b6ce05d;;;;;;
fe7eb968f73fa6740696139b42cde8d1;;;;;;
c77e84ad9148a837f8f2eb8a4b30b873;;;;;;
9d9b01d22aef722e7a876359f1cacacc;;;;;;
139a46b65ad6389ce2e8b35d98a7c99c;;;;;;
22b18fe901a2ed4307f90b1a3afd236d;;;;;;
9c8cb0614792da7dd5909702ef183774;;;;;;
fa4510cf80c1e8e0ba6b3563aa8482c2;;;;;;
d1705e90de09ef07d3ecf8d90dc12d27;;;;;;
15154441e849ea964179761351eaf59d;;;;;;
a0447fec8760ec78335d060b4a625a10;;;;;;
78c5e5690d7c49da0b7c94d5fa53b032;;;;;;
126b89973edc73ccf576330382984841;;;;;;
246085c53ad50caba3bbc47d66ba0750;;;;;;
bfb368eab44d516b009ee4bd87d0f5ce;;;;;;
1559e0c48cb88997a7aca1827fd45232;;;;;;
54d76af2a47b38e813320429c3e274c5;;;;;;
b9bce51625ef731553cba9ae8a080b19;;;;;;
e2781c1d9ed49d333da92932943388cd;;;;;;
58a5795bd8d5f5b38336e1445edfa741;;;;;;
5f1382878053fa61ed29f41af5abeed6;;;;;;
e418233d3026b46f222198082c5dfb9f;;;;;;
3cfe42534b5535755ce3ad1265779e1f;;;;;;
8ba0af7b0438999686eba5dd1811299d;;;;;;
217f9badc1da18b0b14ce33210631f64;;;;;;
9c84ffd8ef4de07f09a473205d010d20;;;;;;
a3862471b3ec2ad25bd361603cfadffa;;;;;;
51429ba1035d5b3fb45590d30d12cba6;;;;;;
42035b9d4e75d1799ba4079e886944dc;;;;;;
13038f8a8e18fef6d63c464a6ff8b71c;;;;;;
79de6e51c0968c89c2aa8f00520a1dc3;;;;;;
6f44644e9990ce90907241c3a58dba33;;;;;;
247469d78503df37bc607f34a1603fe8;;;;;;
594e33f15f62e26106c2dc3765f5a3f4;;;;;;
148282e385e1e6981107e0edebba7765;;;;;;
b85554db1490b94ba05dc0f591bb3655;;;;;;
d1004125796714553c9b57df12f43cf9;;;;;;
c19a05932dd132a28012a7bc32967275;;;;;;
3b7766a0b40aea7ed3a9b93582fe19d0;;;;;;
c8705c17a67a152813203e4f734c4d56;;;;;;
d07477df0f30cbada727eb0cba47c554;;;;;;
6d40e4c289c55024c2e3c5e33e9ac345;;;;;;
94a63ce833c505909ccf090e045c770b;;;;;;
983f051e528e45909c8f2456987e5c55;;;;;;
86a8928b1e277a7252af37b05907982a;;;;;;
ed1a4b725006184a00c00f7b3deafc28;;;;;;
da55b1cbee4040a3b1cb142b9b8a4a56;;;;;;
4bfb15a706dc4f409bd1c2478d728702;;;;;;
398de207f2886452b177fa38368d8d6a;;;;;;
df3d02696bab012e726c1a4610340085;;;;;;
ad4328eff67f0232259f46cdab69441f;;;;;;
caa508dde5245df3851146a8ab280033;;;;;;
2d50db83f491d4442ae048c20ce9673e;;;;;;
1c1f692ef6ba3eb3c1ecb21ac8441027;;;;;;
0704cb450c53338b2cb9d0a564a85b2a;;;;;;
ff350d3125e3d9f0b2f228ef49437772;;;;;;
78b9898c6040910a293ad296d418a6ce;;;;;;
504523b42450f83f9a7861efee3adacb;;;;;;
4bef344fd88cb5c3ac36c0333fcfb94b;;;;;;
cc207793bcc95dba07e9cf4122f26fa8;;;;;;
8b379a552488caec3e9c3891f0b435b1;;;;;;
78a7f3167111a513641d8c058fa21a2b;;;;;;
60b81a5cdf23c4ab5b675855bfa35458;;;;;;
5d2319330041aba356d832c11e91b629;;;;;;
196739bcc5dab39c68ff640be3e50cf9;;;;;;
30f7759cdacde636d3b06bd49bee658b;;;;;;
d67e4aa6be5fa27e8d6617d0ad52696e;;;;;;
f1127496908e89cbea153e956ad1bbf3;;;;;;
1f0f006de52a9d27f5e50120cba255ab;;;;;;
290bd41775f7a7585053391f463f932f;;;;;;
0365d1a7064eac154a1bb6e9ef771832;;;;;;
ddd14b49874375581cfb2b9ab234c3ad;;;;;;
7d2455f2ae940572f54df2cfe02d438e;;;;;;
44c13ed5d8e12ad9d2ba25a95c97a855;;;;;;
5451ba7481f700279990d8fefc293112;;;;;;
aa2ca1c6d1234913524faecae685fc18;;;;;;
4cb1a9d32b4db31e13eb3a5315e8b324;;;;;;
999c3f80f8ebf14e125242896c6499c7;;;;;;
8e7b74583a577062dbd4e3c705456065;;;;;;
41761868dd8df8001a278c1a317befc8;;;;;;
650fe4633e4cfeb883b0d5d9bf9d2a09;;;;;;
dd1074857ccdba04b05d0f9bcf6e6828;;;;;;
492e379a2055292c2e3b13b3d6f5f78a;;;;;;
6929294124f3d7770f09594007e17428;;;;;;
74322add337cd969deb5c694ca9c4ee9;;;;;;
a69dfece8bf689d14c27a558bf6a208f;;;;;;
a006083367d63a1c9e731726590f2f7c;;;;;;
102692da2a06de64d202f4ed2ca5f790;;;;;;
4b2202246cd746d7b5d65f51b191b8d7;;;;;;
a2bd2adfabc6c7365afa870a30e68946;;;;;;
7fc2364437f2224e4c2ff06386328423;;;;;;
d98d7fa6f74397ecbccbffc6902792d4;;;;;;
8db60695f756bace06d76a45c76f91d4;;;;;;
194272eebcd01fffeccc22097f37fdd2;;;;;;
0dfef3e0e4f9081cb8fcb90721ab0abb;;;;;;
a907b6fd141dd76d05d0ca6306c9c5b9;;;;;;
7d09f211181bfa19eb93d199860d8748;;;;;;
ec11208de3223882f3d3031aab3f1deb;;;;;;
02aca3c83ab0f92e64542731cb09a291;;;;;;
d1b7dd39b2507e4acf101c8ce2619d06;;;;;;
32e65b98f7b9aff8e02acc4cf24a8c65;;;;;;
e309d064a0bc6d5db2ff9a8a3bc82f4c;;;;;;
baa4cfbe044c9791a4a5e27438e6fcf3;;;;;;
7882eab2d8e9cbc9ba8896c8294b0c63;;;;;;
5cd82238172f6992f391ab5a1923493f;;;;;;
182d10f010bbab1f0a1b2e7b8811db7f;;;;;;
ab9d40bacbc10f08f90417ba5c79d5be;;;;;;
7f2d2c88748c99c758c455065748eb4a;;;;;;
36b6b12686027868aec149f43621b793;;;;;;
69830b38420a43c7f70011a68923e12d;;;;;;
533fba755c711c281a6a3ed6cd0e2795;;;;;;
83357d0321f31c2da77f555aeaab5237;;;;;;
cf715fc7af6f91fffe17ef9e03e14818;;;;;;
8856af09ed59d50e838456fa99634c7e;;;;;;
cf0b27f4d1e0172f2aa7a07b35b50a9a;;;;;;
37b6e4367a0c040f36efa0cdf172780f;;;;;;
0616d9483fcf12f8d726027fc71739a0;;;;;;
9459b58130e9733b46a44034b368303c;;;;;;
4b8f6e500502ce5dddfeb0e808e1c284;;;;;;
3d57b8368cfc37ad629f50f5b8c0dfb4;;;;;;
b810d445a663975236b204eff97d23fb;;;;;;
3c7a34d2a245e83acf07591ca7d2da44;;;;;;
92894735d9f536bfdd3947e1816f4552;;;;;;
545e7c5628cc6ec782ab7f72839d6e43;;;;;;
e5aad5fc6cc080eff001b955b4969675;;;;;;
0291ca30217264384949dd34f3668f34;;;;;;
a2139881ed040952d2c62712e689708a;;;;;;
93e46c0e3997bc1136bdb6ed5d4445cb;;;;;;
0a0eed85060f223ed66e7bbec7363fbf;;;;;;
e385c0aee1879818be4ac6c35feabd91;;;;;;
8d8103643e1b88837b374c3ea94bea77;;;;;;
c3e3e683b7cf5b9c27c2204f8603db31;;;;;;
18a81af6c936eff3d2db7b342f016e51;;;;;;
59793c4e046319f9b2e2a7faabefbbed;;;;;;
07be456c8637624331324b49892d37ae;;;;;;
e7b2d4ea9a758506e47f4231a12b4160;;;;;;
58e1ae60a3294eff02e768a9da2ad8c6;;;;;;
57f85d7817343ae1b7f56e931894b85f;;;;;;
6b432601c93da4ff7f819f60adba0086;;;;;;
4a5667cdf7a2783a9f0f665730b10350;;;;;;
2fbd988678e15abab6b29572baf7fa37;;;;;;
b50824d72aede7452309cb3ba0f728d7;;;;;;
ffa68242ca001ce443a59c78174d989e;;;;;;
5b309fa9bf6708bd4845fbc6ecb903b5;;;;;;
40e1e403e63b82e6bb32b877810621fd;;;;;;
542734d44407b4aa754a43cadc4dc86e;;;;;;
3ae05c3bbcc41eb632947b27475284ab;;;;;;
f473158b37bd69600d14272aeabc3263;;;;;;
9f2ecdaee818f91cbd00465029a09951;;;;;;
df53ac7c133a9e63d56b75ef93a0d7e0;;;;;;
e0a38fc0bc63c44b5bcf6312f3f5d1ce;;;;;;
8576419f11cb1788eb5888053cb8314a;;;;;;
7f74696cbcebcac22229767ee822ae4b;;;;;;
8c4d0b1a763abd05c6180b5f5d933a7d;;;;;;
6c932baf946767d48ca56500a89b3f88;;;;;;
5368981925ade0407bd479f9be17702d;;;;;;
8f9211a60024dfc79b7a5064efffc787;;;;;;
6f33dd02258d53da48d58b1ee6f643dc;;;;;;
3d64d32f979ea6ab4aadaabb432a5c1e;;;;;;
2a7a5e687c2e2abda6cc28a2cdb56b8c;;;;;;
69b77e5ee830565a7f8d287c4662747e;;;;;;
aa9cc03418bb1ad753111ef287e860d8;;;;;;
8c992e8c446c1550a11e9925e504ec87;;;;;;
f476d6004506a3d9072daf7f07ca4ee5;;;;;;
24078328abb8a90f9a6e431e5203431c;;;;;;
332afd71cd226a7c2ba0db955356107b;;;;;;
487182c0b8a637e63cfde6da43ac31f2;;;;;;
7e678641b49c3f8b8294bfb42d06f67a;;;;;;
8b959a71edf033f0b6bc16c7fac9669d;;;;;;
4cbbc477eaa9bb4e13f25830eb15d1af;;;;;;
afc92d54441abf5e41cb840836b1ff8d;;;;;;
c902b742721bf1e45a699a9d8edd28dc;;;;;;
80944145368c05b944c21dfc8f559ab3;;;;;;
56571d8cc0016ff7fbc88f35120deaf7;;;;;;
e962f55fa6bf59b541fed8f4142f0b47;;;;;;
87f68e7ae2e363fd4cc7f4a12f2ff096;;;;;;
9d62e157a04e6ef3c2205d6b2361da29;;;;;;
725f17f90eb16781d14c00c112db5702;;;;;;
8cec00673adb11608af4359587fcacf5;;;;;;
469aaf9480391c5ff2ccefd0f0347939;;;;;;
c4bb48a38d820441873ba25b0976e390;;;;;;
f4c0348a410cd28bbba4dbb649e0709f;;;;;;
0eebec157018d03e0ad37af6e182e1b6;;;;;;
53df4c8b2b22b70d869bc1f3a36004f9;;;;;;
1f903844189b45cb2cc6d42b4116ce38;;;;;;
6de09f833312540bb36ef7aeee589229;;;;;;
2927b2add4614a77b2f38c4651649d9d;;;;;;
61fb69e4a3d4069b0db0eb4d3d0b1abb;;;;;;
6777c6c2a3b9201c1f95eafc8b2d6751;;;;;;
70caa94de03e5e14b3eacd3609f94b75;;;;;;
6135a185414350f306900f48b71015b7;;;;;;
194a92e32b0837d18c6e9cdf81427180;;;;;;
ed1ff941c67773c2d234e4a87ff37801;;;;;;
ac1d84ebbdd354b5d3b6ec797ef03d5b;;;;;;
8620171d97aea25ea1ba9383331a19ed;;;;;;
086575f40a9b69db7bbb5293d569c0f3;;;;;;
09a5d53d6443b35402e39dc62dfd37b5;;;;;;
637caac651b9cb06bd47841b0f132066;;;;;;
7823d6ad99729f9935f01d42f356bd7a;;;;;;
95ac0d3cebcda20e7aa8123cd17d307b;;;;;;
0d1208173aa21eb88e686576d7f02cef;;;;;;
14aaff09e378ee031fbbd3674995d56f;;;;;;
ea3340c9d602f806ee1bd7d974fe4047;;;;;;
13ad273a22748f8deffb7c38f6aea755;;;;;;
f635d11f599ea5d2ad90b8314d11c31a;;;;;;
79ae8fa25139b433eb561ed37b97ced3;;;;;;
efbaae3031603476b49666d91e106731;;;;;;
fb7281ce2d8b661b5e96995b13ac9379;;;;;;
8d021e7257f315ab65d9fb52afeb1215;;;;;;
34cc167b2acd2bf5fa9a9a7ade322610;;;;;;
9eac5abbccda1d348d0212d5022240db;;;;;;
d8ff8579e41319d5de40bd29b10e8712;;;;;;
9dd1fcadbf0b8a788b40c6b0043a974a;;;;;;
fe746b2b1caaf1716a161711fefb8c5a;;;;;;
8bb5856ffd1fc3a1b45f609d0d9f4769;;;;;;
03b0a9bc38c74a117d990dfe7f37cca6;;;;;;
b370948a1fe9e98790d54dbf5ddc221b;;;;;;
29d9c0e371c0d3d5bf31951650cd73b5;;;;;;
469fde3f02a9d2a0d36e81537c358c46;;;;;;
889e4662964ac842f0bba3144880a387;;;;;;
bba6adb6bcc2b4bddef1874209649e06;;;;;;
255c6f1efa65493549af458b68e08a1b;;;;;;
93003df12dd667d3b6d60606318f935b;;;;;;
ee23eb5ba6bda8022fe47ea675d12b39;;;;;;
d43b635af9d055fb64d9b84cf25b72bb;;;;;;
0d1201e26683bac0584b12cbe4a0d2ad;;;;;;
2ce7fea0d1a8856c1d6f51f1e53751e2;;;;;;
569ad1ab31059231371f48b5847b4feb;;;;;;
0fbd0fd07bd902f388757cd69e0ad9f5;;;;;;
a896423dc68bc4878dfc187b23528c79;;;;;;
2bcf63fb0fd2c3bf78d575471d68ee76;;;;;;
82630fda51b2fa107411e9888f8eb04d;;;;;;
379a22c31cd50e3484400d5aef587671;;;;;;
a7f59ab5ffc54bb5dcc5f56d1fdfc56b;;;;;;
5adb5d83cdc7905ed45cc37080384bb8;;;;;;
8e9aa1008b95ff0f9c0d4e2e9ed894c2;;;;;;
5842be21937ea4169cab8cbebf4fe9a0;;;;;;
9db3f6ba7388235dc41a5a0eee272ce9;;;;;;
859a47cec6fd7dac61f0704872a98be2;;;;;;
e6e5910cbc640b0a99d3de159b8eacec;;;;;;
bf4ef9282030d367465e91bd8880d135;;;;;;
f3c8d8f8140b100dd424e9b85430dcf2;;;;;;
f003b95376eacc15185c15a74d4e5cfc;;;;;;
129a89d63900cee1ffb9b304bf842a07;;;;;;
84f510d07cbe36231f86f2b5340b36bb;;;;;;
bae29fb527b4af891a5e85700ebdf391;;;;;;
1f102b577119e193ecfeafb9c1779d31;;;;;;
051a3bd4741dc3ba64316d6d01eafae7;;;;;;
4d0be84f063c513ff352b6ce6fd5b143;;;;;;
be89a3961993406174287122eb67bdd4;;;;;;
86a400be02deb5727b4441d742a70cd3;;;;;;
a1a8e00e18d16832cd871592f113f8ae;;;;;;
ec2e07488ebc8619b8ad49a0030c9fde;;;;;;
4332459af63bad44c3da9c1859d60194;;;;;;
b9391662114289efe294e1c3874d330c;;;;;;
5b10d50071ba930adaa2b2a426ea3291;;;;;;
23f0b631db23d1ee4a46fdc3dfe78130;;;;;;
020c42db68d8a4bdd0b89677206016a1;;;;;;
0c4c179d5c37c42d7a8e90c8bc4709b8;;;;;;
e5b22e8da9ceb9d7720fc0081a85012a;;;;;;
4a877b4878f6391f63954e0ff6e9bcbc;;;;;;
75bda328ac3d8513bdf57a3fb11cc824;;;;;;
53ad67fc2ab303100c27ecda9f122cb7;;;;;;
ed5bd652e160cd43758d2e162a151a80;;;;;;
0e2c42c7c534f11f5f46d8ab03dd06c2;;;;;;
d82bfd45b720827b5f375b9667278280;;;;;;
09bbaf551585065315370be6cbeaf3e2;;;;;;
6f17feebeb93f53485448ce867736460;;;;;;
eccbb81e2c155e0cec3fbdbf786475f0;;;;;;
a50df0ebddd329985935203acd283bb3;;;;;;
37a82ade5559e0d20e3bd4ee619eb542;;;;;;
d8f16f618016c3f01ea4af1f1d3ac34c;;;;;;
6d992ea539304e171f9746f63b6f563b;;;;;;
79d03207fea525292559f333e9112a18;;;;;;
75ee36c817ebe2205e7b7f9f54f2ae5b;;;;;;
a7faf54db4c5cbd8e24597ec9542f6bf;;;;;;
7e4d5681ff4b9170bd6c8d19719d4fa8;;;;;;
d7031af0b340f08c0f0541c00aa19cf2;;;;;;
86372c08015a43d7bb72710d47b1d835;;;;;;
460386ea0f72459195b9a79391a56eec;;;;;;
c7e99b890d70c72a136415fe04f7d151;;;;;;
3b892d7606136dbf1e119ce77ef099a0;;;;;;
ebcb68f659745c0d7425a8bfa2263dea;;;;;;
7b2f0c87a2f2d7c824ee3e28122c16d1;;;;;;
058c0a40c5c41089b255cedf4d5176ee;;;;;;
6903f1af8ae5c0ba9fc642718f8ca643;;;;;;
12cf69c4de686bee907d3d72376d031a;;;;;;
1506465521fe6fc34f78f0cf523a47e5;;;;;;
760f172ccce852e783392905bd2c7d9a;;;;;;
c8470a646dc54f72ba0135703f0e43c7;;;;;;
a17716647dbc6be7e507b9abd77d7145;;;;;;
1e276d96284fa4dff76aa7d16932b4fd;;;;;;
e3014ee5caa4f89756fbea59b635b0f7;;;;;;
a11a973ec8778b8345dbf445b50ffbc9;;;;;;
12e1521301d8174dac82e2b3b2851c3b;;;;;;
647b66c3552758c8c32c090eaa65e5d9;;;;;;
a2a9cdff0a90925dbe446f0c98195baf;;;;;;
e5e8084e1c25d19c1c9d7e12c14b0d07;;;;;;
6b650ab107e97bed09fa8a42ef9a1f27;;;;;;
30f67c64e4e129a43ec03ac786a791be;;;;;;
3f0c1d191d891c7259efbb83bd0f3c1c;;;;;;
9932e9d56e9775dbf6292ae9a3568d54;;;;;;
6b6724dfcbfc336ffada8a39ac3f9b7b;;;;;;
18234f39ef2e01dda5086a58ebaaeef8;;;;;;
7c9741344e1e47c24d664493c7eec4ba;;;;;;
4679b6afeacc002590cede9ca8c307f6;;;;;;
e6d001e5ebfa4b7904b71e829b4b4507;;;;;;
e26b3669007a129e74b0a4a8fa1c9fef;;;;;;
41a70c7192fc156dbe5a3b20c563e09a;;;;;;
3804fda675202e231beb379361e8a22c;;;;;;
7960229de6e1d5d70d9c470883130d3e;;;;;;
f079a880e58a93bb30f290fefceb8867;;;;;;
2e23470c1df8de5369ad94a0d5b7e5c7;;;;;;
99a5d157ca48cf985a09fe1e40d38373;;;;;;
142e0688ac1a82b86d25464d992105ee;;;;;;
b1c07c3fdf71491a19b6b2a4764d7bdc;;;;;;
bccacaea4035ecdbc5e9e633ca64a338;;;;;;
df7a6cc62a90a4ef1e108c3d0e53f2dc;;;;;;
95f9ca09006eeb1fe8df7eb8ea1337a4;;;;;;
ca151531a4f49910d4f44f5c5620195a;;;;;;
759128c6c72684f065896a226bead4d7;;;;;;
51d9afc2799bb652e0092d5c2ac4fcdc;;;;;;
cd7525c7a5896b8c565d504119a22679;;;;;;
25ed234d37703c7cd0ed8b4273c77ef8;;;;;;
ba09db235b86963d8430d584f02e74c2;;;;;;
1a291eb2ce858fca1c1b00d9e0acd89e;;;;;;
607054be888acfcc7fd2ba89cabb497b;;;;;;
4cabcdef338600734028ad5c1cf963c1;;;;;;
1d1f03f98b73d9545fc09bd82d0962f0;;;;;;
d17155015b3f3a731d44896f341420a0;;;;;;
071c3c6299d4c18a5bd57e43d9df9424;;;;;;
28f4e7b71fb50663f6ca6c0b487e9036;;;;;;
605fbc8a78e76c68153c0e5b848802a2;;;;;;
855e3538a6a0497c4cafd363f7250d65;;;;;;
c01ebe846d886dbab18d69f5a9df1ce7;;;;;;
887f5b241c59e52048489f6c9096ba0d;;;;;;
915fb9fefe03a789b492d9bf108ca45a;;;;;;
c4131e1a21ba7c8c0de08208d88464f7;;;;;;
bb4a620c512891ce5c289f15b93f8426;;;;;;
52a1971728c199b1f3ecd2f262f67e70;;;;;;
c5d9c330757be2c5a4c968087e6b42d1;;;;;;
631a253166aa59f81118664141068d13;;;;;;
37b02617da503905c7a179bd65a59c0a;;;;;;
2805d3fd11eee4ea196283f6cedefd46;;;;;;
b9916be2fb459a95a5d4527ab6b207ea;;;;;;
a102d4a669547d9b98306e0a4800211e;;;;;;
d78fd5322f90f0ffe403e70448565daf;;;;;;
57926f69de464323e4b00f898c57dc48;;;;;;
6710891417d1eb79455559b2b147f6a5;;;;;;
ee81a5398782357610e111757a0c30bc;;;;;;
434cf058aa3c9190b658039424ee0951;;;;;;
c3286e0a8171a6bb2ba744db7d25c71c;;;;;;
d6cb2896c53607a80dc27852992adf24;;;;;;
cc5a38026a0f2b0067961d13c14fbbc1;;;;;;
83252a40236d1a02cd071383e9bfd062;;;;;;
13b791cd58815897041b0f2dae77c9c0;;;;;;
cc5dd25551e77182fbd64c8696a4b373;;;;;;
06b4472151821b179e4b92c8610744a6;;;;;;
f0ac42d75b1c1a232561f631ddab387e;;;;;;
8d8dfef72073f6c09c6fbf2a01dba586;;;;;;
e974b870a9ef5c4d814a682bd90d3108;;;;;;
19acd2a1d302cefb828137125a34b098;;;;;;
dfb1a97d05564c25cd4cbb8ec9f9faf8;;;;;;
669343215e6d5b714fae309c7731bdbc;;;;;;
166a1614ee3cd0ddb713ca45ae9b6ab7;;;;;;
6cbe2dc6eed8c57ef09f01fe14850fa4;;;;;;
2906cbb0f7b0f43957d1104c497a1dd3;;;;;;
066aea84f1d234b5acf255cc7df548d8;;;;;;
e0ce0f32e11fe297626ec6b0ff66d455;;;;;;
943691b4ea2ff5f908b3de38996cdf4b;;;;;;
a5202a6f45e6708322ea21fe93fbd517;;;;;;
b3a2a44e13135a0c163248b15d43feac;;;;;;
2e38015f9247c29663c5bb845785646b;;;;;;
61717c7fa3447f1f1280ab17cea83b39;;;;;;
142181a65c4c4b4ead5d286e37ad3116;;;;;;
3632d82b197201ca69cf7e569cdbf71a;;;;;;
d8b625d357c873daf42207d82707f82b;;;;;;
d31bfa3f3b553b84cec5bcfc697365b4;;;;;;
625b4f73bc1fc158ff593a9a7d0cc7ef;;;;;;
88adb2ddfbeead3626bb00726f785377;;;;;;
975e156c7044dcc8ec8694c869392130;;;;;;
0ba2b53222f41afecd2b20b61ed699dd;;;;;;
a47305799856b6aa9f4f3c413783b96c;;;;;;
049dd3541c82327b3859fa74634972f6;;;;;;
a372fe4f4c22d26c7e34b101dc8f18d7;;;;;;
b1c6b09d7dd21eac398965f6420925bb;;;;;;
8beca430edc8a960061ff792af528656;;;;;;
22ce42a8cadf02137bb06058a6428d1c;;;;;;
2642df04d8646ee7c5fab5ee8bf1161f;;;;;;
581af44f716430e90547663a74a58946;;;;;;
cd21d2ce9c21924931a2c9ebfd0ac0e6;;;;;;
97328b001fef66fe3060ee5ea65a7712;;;;;;
7024710e729ec6add8eace10d372b210;;;;;;
49111bff5f7939446fb00372e4251acf;;;;;;
24cb14ddf028c260aed80df6f8cd14e1;;;;;;
0b457581bd1a2f4a9664f65eb15f080f;;;;;;
cb69dbbc8e495bbbca2d05c1a1710d08;;;;;;
abd477ead98c20c7122f0f54a609d069;;;;;;
7e76a827a3c9a544d6f8a84cf76e01f1;;;;;;
c6ccff97c31d2a2da53f0967c848588a;;;;;;
9e83480b9d9833b3f864e90ef4232611;;;;;;
ae56bb025f5a382e25e938247d734d57;;;;;;
0130436c0a4dfedc56769d26ac006f90;;;;;;
2b020fca3feda4f78386053162a88ea2;;;;;;
a88f182a8e0ed75f9431de0c80b75e51;;;;;;
58447d254d2ee040ad5a7c2147800a79;;;;;;
75bb46a83ffbbce26d91586e89840373;;;;;;
30c433d03b82618d09d9f553a1a94bf4;;;;;;
6e7862c927119589edecad144de7d3c4;;;;;;
5dd65febc1faae1cf12adfbd86bc352c;;;;;;
84bb60432253c9266af5a0180b1500e2;;;;;;
57af37cf40006dff7813e7e96664c48e;;;;;;
d58008388ba978e1ae956278166e5c6e;;;;;;
ba15e20dc41ee9c63126d96cdc050dc8;;;;;;
d6720ae4a1dadae5939005797d120bb8;;;;;;
356eccf405751d3d6db8ba9a672b0af8;;;;;;
0cf6a9384e827bdbb585022afb6c1c96;;;;;;
111de6ec6ddc63a186efe067920477aa;;;;;;
91165f89bb54f43b0747d95f04904dc8;;;;;;
0c249950a8ab228d174701d37d2b467b;;;;;;
b32469760c7990d6b66bcc225792926f;;;;;;
1aeb5d9d273ada514ebc1cce13a6ebf5;;;;;;
412d25a285766957a8d3a04e352ce2db;;;;;;
dc4f134aa530e5dc4df1cff74cf081a3;;;;;;
18b903ac6ca4fac760e7098868c7be8a;;;;;;
f4ba50a92a15f96a1aebda271e1c870f;;;;;;
4617edbbab4827ec257a07501c347775;;;;;;
29a83a75113810813bf635c77f97f059;;;;;;
7152c2ef3f791aded7d6f7f7acfa7955;;;;;;
a2640265948a5ecf2a2f9cb28a51e4d7;;;;;;
dbb3822c99577942ec47c12e67c11e07;;;;;;
0a407fb99949dc92e24517e6743ebc50;;;;;;
bfca7de394a5e4f66d88d5c3e868694b;;;;;;
6a28b37b69244e228c2cf70dc80b0107;;;;;;
69f00b0d62bd3341e84ef02134806823;;;;;;
5b2ff0d2321306269c929ef7199c12a6;;;;;;
69c4efd709c26e83e371b7876709a299;;;;;;
f6cfd6b7019581c002bfaa22e8d4cc46;;;;;;
2df28b5608d89070843887194c71d3bf;;;;;;
028f74f07a58ff0dda51daa6585a14e2;;;;;;
fb838e8c072e1adfda12ce850598ca33;;;;;;
49d3a15425590f50f9ab6e0ff998c231;;;;;;
a96e925ae9fc3a64c699f336f5b6fe39;;;;;;
473162df8af797efab0e54c0be51bea4;;;;;;
a70534ddbbfecffba9366d287498cb22;;;;;;
222a3735503e6d2dd3e2bee0ea7a37e6;;;;;;
5a1cc0ed0239cd6f589818165b758a1b;;;;;;
09ff0866b3a08817bd2f4ba8b59d928e;;;;;;
0440d2920d8de5c99b4b3dfdc63e2285;;;;;;
785ba3f8ae6cda101cc772ced6379f9d;;;;;;
3e05344d114d1ebc2b21402e6129b467;;;;;;
11c3829b02bdedbb6708993f4e4f0815;;;;;;
71b1c4f95592d42414f7b56cb4e956a2;;;;;;
15b4951239f9a3496f42a5f03f43afa2;;;;;;
dc45a7562919f3cb4bf42d8493ad50bd;;;;;;
066873193feb3fe66e4351d710d0cf9b;;;;;;
1e94958fc43c488b40544a868664b774;;;;;;
0f73fb485f5e6837a62cb34cea1317fb;;;;;;
fb3c6a3a3abf34802eeb32a8730026d9;;;;;;
c8a9545eaeffe98678605ce4fd5cc946;;;;;;
fe7513eeea2ca683ef4db1ee17eb50a7;;;;;;
fc171f508c8b8168e6c96d4183a06c77;;;;;;
eb45ed76e13fc64aef37f97bb2e3eb86;;;;;;
34cdb081ab959bf41d1887f2eb6c4475;;;;;;
47b8124ce94f91aad9e5aed7c1312339;;;;;;
9552904066d702e62c10c50d03d5326f;;;;;;
549aed71910a9a08964da9fd57cbfe99;;;;;;
2eb978ddb347f8d9c6b307d61838c81b;;;;;;
3fbf5951750892c9c90adc20a592ffcb;;;;;;
b616c85bafefa0e964a1c61b9ec5f573;;;;;;
57482390b71322d488acf97cf1c150b0;;;;;;
4c7b68666fd2e389161786c1fc7e5d83;;;;;;
2164e10c7cc4ab18b2756782e900ba2a;;;;;;
474c1e9caf2fe49908924de4ff489854;;;;;;
2c0104661f74a59179b05192a36114af;;;;;;
0ac95e0442a2ee997a1ca02b5cbec8ff;;;;;;
c0d066c424a91df1cf9922ff10e9c4a3;;;;;;
ebecbc7099daa8d132e70cb6351b1ffe;;;;;;
395f07c289f524289bd1c7f968776e48;;;;;;
e8b5c0ef08f2ec2b3ef30a212ecc327b;;;;;;
d86453f5167e3e880a359394e2764a35;;;;;;
5995848192352ee25d0612f61b5a1cc1;;;;;;
cf1eb4cbab13a00e27b769c87af0c6c1;;;;;;
1b2c05dc7007287f1d3ba6d7d52398f1;;;;;;
5a0a9e8a79823d9e35ef4f4c6bf8ee02;;;;;;
a438759143d050b78f4c92153b735786;;;;;;
4003c8478499ef2be79acaa5b30efc3c;;;;;;
ea8027ede120226a09b6aadb4071c93f;;;;;;
a95fb1780d4164ac5b93544e680bd2da;;;;;;
0937444b677fd46df45a12c5f4583d83;;;;;;
746869ada2ae1b2c8a5482276785ca5b;;;;;;
2a2c8da6187dd0b88b6af60eef5b4f68;;;;;;
5130169353a91fbf736847a4eefbbaa2;;;;;;
d5feb31bc44f7420ecc75d31200dac7b;;;;;;
c0f36cf4a1e06c39de563c87116e30c8;;;;;;
82d0abec0e484ac0cfdbe6cb7959e804;;;;;;
7950257225da211bb46df9497ae40137;;;;;;
7f592b7407c7d21a8d21cc2287b4a19c;;;;;;
96d63561ad703a21092d4d9f2ef79a22;;;;;;
7492c8d2d759edca0bff1c63b0335676;;;;;;
41f3e98a96946b04b3bdb9a549b1a254;;;;;;
e2f5eae0390c18edda10a508e1327cbb;;;;;;
b8f6934da411893276c1d93f8e92fb34;;;;;;
b1d8692616ab2d60c02321305c112b2d;;;;;;
86127386ce7f9163c917126877e15fe4;;;;;;
2eafd30a3d36143b724947b61a9833a5;;;;;;
019f3e67043d18463e759abf03e535f8;;;;;;
a7cef34bc564273c5c0e5e81685e0566;;;;;;
64e659b7803dcc5e75f7ddec8f6efc57;;;;;;
88c593a68b3a00dac864b4a30735e964;;;;;;
1e305a61da6ef61e0f36b2be0e241750;;;;;;
418bfd1735bb5234dc1925d2eb536dda;;;;;;
1289525fdf63672f6695fd76f84e9553;;;;;;
a19f5f877a1227dd6b7578ffe15bd67c;;;;;;
3769334e52cf911b96f3d53c3ecd2cfa;;;;;;
845c879e70708909d443127794c7f25e;;;;;;
9d206c32f670d0d33df9cd608aef81de;;;;;;
4344ea9d483a3cb3d8e72544ae562c61;;;;;;
36b7b7241279778bc8767c2992c94717;;;;;;
f36c032c3bd0aaaecd09a6373b43b44d;;;;;;
fbab5abda845bee194ef3f6f71ee5efc;;;;;;
723c28f6a3eaa62f0bc33e8c1ac2f0bc;;;;;;
4ba19aebc5256aee63ebfd5d2bb92db1;;;;;;
117e4708dfd5a2281c5c8fa3461aa4fe;;;;;;
c6661524ea5976e4937b8cb357824c1b;;;;;;
9bd67e894d36529f0753bf7b1f315842;;;;;;
069cf79f1e7fdf1d9fde4f356e7f3fb1;;;;;;
786aa31088542ef51d15d8bda43a4fda;;;;;;
0b07af4ffdbdc924df69d47c57a0bd4d;;;;;;
af70add916b14a3dac81265502e234d1;;;;;;
ff2b8e3b5e36af8e8b25c54f3c024f9b;;;;;;
178adffe4d47823ec02abeb1ea10e6e3;;;;;;
168ce668b79146020d2444c450af1b86;;;;;;
9cef97e91a6918d21dfa92451e71a932;;;;;;
34104119c1606ea4e41fc3c32b853a1a;;;;;;
ac927db9b972ada9c0297bd52018db4a;;;;;;
79d9892a67b2082efa84539627c8a4be;;;;;;
e439afcc88acfd4f1fdb18a64a99dd72;;;;;;
e1f082f93e51173e3b5f6da1143c607f;;;;;;
726624e3a9129a6f5e4168f8a8088c58;;;;;;
3216f6de5d656ca1f833e8158f027dfd;;;;;;
ecb52aabec6d182703c68c0154cb5127;;;;;;
21b02c05786737662835ddc6da10b9c4;;;;;;
629eac09b6302b044bd0af07932f0ba8;;;;;;
c706ed6138cfbb46fde009eddc33a5ba;;;;;;
c7464f5b05a25be3eaeaf59e01adc76d;;;;;;
fb343113cdae0ed90e260c0a36c54cf6;;;;;;
e4515a4030b0694cf1c13553ffc9cb1a;;;;;;
a8db6ea223d6dd1dc4e43c02cece3713;;;;;;
4386fe9a80e6911ce5bbb514ef2346b9;;;;;;
a75c94cd567345f238095d377c166135;;;;;;
f83d19ab7f3ed089acdea86fd3e9b1d3;;;;;;
0c0c5b161c5fd86ebed6263581815f38;;;;;;
1a44254062c7d83498ebc5a5fcee1a1d;;;;;;
069c2f04e6ca53e8e9bc7d86ae7c9fae;;;;;;
d88e9b73da9b3a0cd94c2266b123725b;;;;;;
1af6a0a93e80f136535664ebe2a3f08f;;;;;;
4be4d10078578a6484bf93407fc39fe7;;;;;;
6a6290d76dcc076d40cedb16d85a9737;;;;;;
cc8aec6c3d0b3208ddb425c14819065f;;;;;;
c4edf936a453a8fa3e0a758974256c23;;;;;;
9bad87936cd44edbbc2f9ac5f2a55770;;;;;;
1c05740f8693d8f1d715b66f7aed0b28;;;;;;
17ee14332660d3d9f6912cbc5e74f78a;;;;;;
4eeea9a11efb2369d5deb714ccd0896d;;;;;;
42e93c7d2405b9835e8f80d349074e6b;;;;;;
d8c8935c0fb9d7d86a0a3c0892b52934;;;;;;
7554ab75583e31ac4d9230c1d5f856fd;;;;;;
75fe98fc75cb1a60ad7178b344124f6d;;;;;;
b27c7095014362fd5549a9bb8d266d90;;;;;;
432ead2b83e414602730b281ea0e8a6b;;;;;;
ccc1d4308ce0c42776dd378651b4a831;;;;;;
2636072fb119b7db8a5f2eda9a6e6bd4;;;;;;
7618ed89e345cf6412805013af4b18ea;;;;;;
cb2d6f3100b79f08e3b32532b659b6d6;;;;;;
2288b0c2c8e52cbd77e922d3593a154f;;;;;;
8615391cf90c10bf1c9857041845045d;;;;;;
d28751d7e3e7e1011faf9bc807e4096a;;;;;;
d70e6496f9f2ef2d4f3206b90c36c0e0;;;;;;
2342fa0e83767fe14a51d49f96fd06a1;;;;;;
a269aee24dd7c821ee6fbc701b1ed84e;;;;;;
a706f8162856d9bd90528f90d578eef0;;;;;;
4c78896b027ea0a3cf6daba928c905f3;;;;;;
81e6baf61fcce2959d7cd21b82c6eaa4;;;;;;
973a14403bc9755262322ec080db116f;;;;;;
2f72761a9776b726f73616fee227636b;;;;;;
7f2caccbbd9c6d26d71b32aad51812aa;;;;;;
5a682464ccf1a36c924774fe6e82a75d;;;;;;
673134555bcd124e3a2edfc0d509a57b;;;;;;
bdb850a0fd91b4a717c9f1219ce3893a;;;;;;
fe15706df6ed286a0a239a1439c60a32;;;;;;
b61fb79ab0f086d43db9b460df605d73;;;;;;
5f596438ddc79a6318695f27f6e313da;;;;;;
e4052710331325c5216e6815df16b20b;;;;;;
522dc894911a4217591a91d0b066c971;;;;;;
2046ee993d9b7ce26b80b056f30dc446;;;;;;
4851d02a074fe111c472974ef3cecbda;;;;;;
882e663d1e63498619c5f03f8d5bd443;;;;;;
c68b781d122bf40338299c255ee4d1ee;;;;;;
5e5e494a18da5b424f720b8af6f304a2;;;;;;
fee0d3caedb45bee907e1e0dc36d043c;;;;;;
4834693d183867c7344e5d24e492f88e;;;;;;
d554f2776309d8db453117f1c1c06454;;;;;;
925b4890d0e0d38f7ee9102b1a4093cc;;;;;;
d69c5d7a219d91e245b2a7d54993f3e6;;;;;;
a635402c7f266ac5cb8d8ba212075d53;;;;;;
633ecbf565d91be1ef37661b3f031033;;;;;;
06bcb16e0f71fe824f5d67c969186a7b;;;;;;
ff081948ee13c7bdc24fad3088b05543;;;;;;
56ed9ce1cc77ca759e8a6e1ef925b67a;;;;;;
26574e971c8a3d62635e2c78e710a075;;;;;;
8bfef9e337ac7c94b2b9a9fbeb3221e6;;;;;;
5d664e40cbd573f3a657d2b9408b8274;;;;;;
c3f78fd543c856c9ff41766833df3a7c;;;;;;
9f35e8c39918222e5519bf93fe5aee69;;;;;;
4e90335c6f7ac0c4240e48776c1e2ca2;;;;;;
a47e9208f71ea0e5ff6cbf8192d5c3a2;;;;;;
153eb384f139e526a0ac80514936314b;;;;;;
9348f6dda5caf73cb9c65f38a52b66dc;;;;;;
0e8dde589aea1057207f7830c7f459a6;;;;;;
2f0d882213c73767f32e468deb26d97c;;;;;;
e8756a01c42b47c270f418aa63c69c1b;;;;;;
0251e16766732f62783ed84cb815d092;;;;;;
228e31382414571886478325b4a9b2ec;;;;;;
8c08814df06cf8d651af6d04919243a1;;;;;;
6063404f86d1486c525fb1d37c356471;;;;;;
9d47487aeb21c2a78946fdb242d556e1;;;;;;
056ec9c10ac9d7cb14f7450314d8e156;;;;;;
e97d0757cf234ac982b52ad17902d343;;;;;;
2d0bab3e56e5fbd3fd795f71d291c22d;;;;;;
119bcf759cc305c22fed22ec169d4fc4;;;;;;
801a17130196743b49d2cc4a95cf2bef;;;;;;
64a67c02761be637a7d73446b7efed5a;;;;;;
4318ed58e5673410469ef3dd54ed4204;;;;;;
75d08ddd7ca7057af0634652adf499b3;;;;;;
ce9e3d852fadc067c638b4c7ebc75954;;;;;;
402b9ed44bd90ba7842307d8d065cf15;;;;;;
6fa048415b5a6f44876218d409be3742;;;;;;
bd80af2e6ee0bc7d8bcb8595a61badc4;;;;;;
f0655517cdaf443a7ef605116bca1d4a;;;;;;
0065e71cc0f2ac7ab162058021b13e10;;;;;;
c14e9c9c972a6e35c660cef730c77026;;;;;;
61a779be00c5e425217a34afb71f5868;;;;;;
38542ee6c7b7cb2caa779786914d40b5;;;;;;
eb55a930d5159e51a82e564440fdff57;;;;;;
e9e318b0d50069a1a03ecd5a561fe5d0;;;;;;
f9263d643d5a3178b1a40c6f3908e988;;;;;;
69cd7ae5734bf6d7ca9c8c14cdc672c7;;;;;;
5de5f3e9bfba250c9fedc00c83e28e3e;;;;;;
0c6ce0b58fd9a9ff0c3aa6ce9d4f3292;;;;;;
1b6df87a7ab1941e99abc52af304ac74;;;;;;
106eec2e513e4e75083afc3a8e4df7fb;;;;;;
d617f8720403ad08a2b779bc417de914;;;;;;
8d54a70abcfeab00440fb6b519548606;;;;;;
28288fd4d33d907f432e8e20f0b795fd;;;;;;
3d670f2aac1a8a2f57ce522393080229;;;;;;
608d61765ec22e7acd9e93a6528f29de;;;;;;
339c6325f7b99a845628d762b8d5c1ad;;;;;;
85874a8b59dd9302318211699e309ce7;;;;;;
b68b8b737a06655e14c4bf831b61cfac;;;;;;
5d148ecab488cb01d0b8dea7114fb687;;;;;;
1632871bf90583a7107c57ca67cd1183;;;;;;
1a4f8813c6faca96dfd17e6b2d9db445;;;;;;
0c9d89ad192059ff9f9a35fa9f796123;;;;;;
e187f08abe8fc025b987c48ef7a510e1;;;;;;
2b250045124a9707f2939ce3d5f745a0;;;;;;
292bbadcedff1858658497a62c758591;;;;;;
2be45d9fd40b63085ee557f12666a266;;;;;;
4d58accd193fdc8c5eda389551f0e865;;;;;;
aa45b808eca3d8a7e29b26aa02f6c0ab;;;;;;
5ab09d62104ca241defbe4dbba955663;;;;;;
a32c9255fd24824a00e49071d03a60ca;;;;;;
23eeb8eeb3a34b60d00c63ebde4deedb;;;;;;
e4f8c67145dc624af2498e57e55c3b1f;;;;;;
367bd67df741ca3013ada9af031c72a6;;;;;;
6c5064aa774e6b644c3a3063c8a668c4;;;;;;
4d445398e99863f0c6e5d900db1f1e36;;;;;;
b98cc8f9eec7dadcf3720256b56c4f81;;;;;;
6dfe20135867c8c533ab430fd120062a;;;;;;
46e29c65d3b70cd74651d990182ce372;;;;;;
ab72c9656964619f163e775bb94d65e4;;;;;;
b8cc8c628e812867e30ef7710c903915;;;;;;
351556b336c3dac9db2764db30625877;;;;;;
228f95b1c53ce1307533d7f09aca6fb6;;;;;;
24cfd5e74b318676ff7ded7fb816d95e;;;;;;
c6c981ff88f308ac99774c64f7ef45b2;;;;;;
b0274b0012b7697de9b4a19e22e167a1;;;;;;
5a764f635819b6896fe9cb689211136e;;;;;;
4884ca02d53289aab436f9f021668434;;;;;;
5be5aa54a726b897e00595dd025f1a27;;;;;;
36f86061b1d95e6274a3dcfa4c46d1c9;;;;;;
d10e42b58a8b58cf71cb1f592f3e46ea;;;;;;
54da13212fd2a7466031c9bf4068c824;;;;;;
97720d9e0070ab80309fbe8d4d95665f;;;;;;
72b4ff568b9ff13565090c94603d120c;;;;;;
5973184470d5fe64e290d07ed823c3ba;;;;;;
23b5b572fa5c6d1629d686321ab0bdeb;;;;;;
ec3de9b08b46e25ca246a5d7d18e258d;;;;;;
54fbca4ba7db9c40e5ede3832992b175;;;;;;
82454326d93da96857da04a038861f54;;;;;;
7597d32de21508417e330b22e2c8ec41;;;;;;
3bb20bb13bb97a192d80a1eac566b6b3;;;;;;
e7c2c22a4cce899eb54bdd91f4cbec3e;;;;;;
1ee190ed456f4739936dfd30c628b814;;;;;;
5b4c937041be3e9bc627f8745b3b8a91;;;;;;
341b9d3c7b7e9d39ae2d88dc54086ea9;;;;;;
a30f10af02d8d910a24a33d2d9c49bc8;;;;;;
e6871139f9011d812400c8612b4eb616;;;;;;
db17824479a71ebb58bfeac70d2f6d3b;;;;;;
504b479d00514208799de3ebfc464302;;;;;;
c0f159485ce83bf2dd159bd218542b67;;;;;;
ea45f02f3e03970c9adc5de75997d9ad;;;;;;
02bc68a94375266cf002b7748aa73b2c;;;;;;
b0bce06165a951a2e37eb93273546d49;;;;;;
ec480d296ea646bc2ab4cac7d45b0954;;;;;;
25bd1f7239b579216ea920bd7143ad70;;;;;;
f26276ee1a52083f46ee89baff40acb6;;;;;;
059f51ed89427cdea8eb35b8c0cc26d4;;;;;;
a7fbce45f7d45f52f44ba05a9b1c2100;;;;;;
1b29519a2ed895a032a214ac4107cb99;;;;;;
5a96b900031f1165a36fd4ee7922b5a3;;;;;;
2d16688bd17f130844ed3f23f44d2e55;;;;;;
66fed2dd53da42fc63a6bd2ebb2b0710;;;;;;
9893c1a1068b525c799688810d635081;;;;;;
ee04d8f99322d029feae5ed526e80ddf;;;;;;
3caa91dd642787ac4a3ad615e917c66c;;;;;;
f8a9f40244ddaece6193b5ae9353e28f;;;;;;
0efa848fd0b92dd025928441a90d8c21;;;;;;
fdafa33e0f344e60e45ab5f7076a8773;;;;;;
ec9423ffe2b2fe97a28df3eb56e6f11d;;;;;;
adfa491bebf8574b385a791a04a8256a;;;;;;
c851e64f7db10a58e46e1e5fd4ceeccc;;;;;;
25b1e93866382f9bbdf19aa748115d2a;;;;;;
816cf2f5bdd9ca160e77e3d9eed5c5f8;;;;;;
5f212034339eaba679b3f71454957fa8;;;;;;
55be9e441ccffb2cc4bf6580f3651f51;;;;;;
9e58d4d9cb6e64297d4b57e194946ad1;;;;;;
a7846bd07ab9e7a593c6e58c9b18c995;;;;;;
035907a7f2779e3b18da091fc21d27ac;;;;;;
6a31cba3f21eb63229559e43261a0788;;;;;;
b6a3e6a53056be88c6ff28be4912f142;;;;;;
074d6aed583241aaee9fb978e571b1db;;;;;;
697b09ec5cc58f946a793bc8b8b25949;;;;;;
94dc20bd2dd6b2368dd33f2ea6fa97cf;;;;;;
f7ea707abc1802dda737cb57a6596bf1;;;;;;
89e48252537fa81cc3c83de767445e88;;;;;;
a67d3c5c7ab7d07ecbaad2c468079046;;;;;;
81ede0c4b618c479d8b830f213838634;;;;;;
aa9038b95378aa7313430f1bda602a16;;;;;;
bcdb932e875a0d4acc91c3b94c915f4c;;;;;;
42dadde266b6a1c43f1a9ce24edf98a2;;;;;;
5844aa4d7cc5987e39e0970c899d743c;;;;;;
659283c384ed9ee93504a6836030328c;;;;;;
ad4b3a776d81c3a2c0cdbcfbc4c0e631;;;;;;
b7d7bc6b11258d600d611494cce84472;;;;;;
02cd1a0bd3c3d83a7ee30e754e3934ef;;;;;;
2cbfc1479838cbe3d699d7da782b50cc;;;;;;
d447e98207081fbbc310e80e16a690dc;;;;;;
2fd9862262067643aebc1301feb0edae;;;;;;
d43bca78724d75deb8ef89a8ccd15e4d;;;;;;
1c08d0b96dc29596e7b293c79fa0fd68;;;;;;
93e32c25c1f68e734a4ab3f467514159;;;;;;
5b7ef456d389ab3d7df8ec3c8aceb0b0;;;;;;
5658c02b604e4b7d1a46ee0f9beac067;;;;;;
27490ccbb009b56d5a9e8dbf90abad1b;;;;;;
7bfc75bcd868c7ba33c593cd9559b46f;;;;;;
9773c963bac0bec184a33c7f3748b0c4;;;;;;
8f0ca9b9d73692f679b79d482e25e64d;;;;;;
17e899d6b932561080737d762dd4c68e;;;;;;
7da73ce133fb86c8edff61f1fdac35a2;;;;;;
9e423ecc18875b2addc1f2bf3acd38ff;;;;;;
c2bfec076d85b26f9e90c78c13c5151f;;;;;;
fd4b4f1c13bf3809b90d51bb715bcd4c;;;;;;
6efd5c558fa19d53aa8a9b5b3093fc33;;;;;;
5e7ac085b863b9acf44ccb6e8454ce65;;;;;;
5c6d666fa1c01827bd3d35e0116df443;;;;;;
740b6e42fbc7744538f13c37cfd2bebf;;;;;;
293513228deaaf1f32b200bdaebfc37c;;;;;;
0b7cbf07b774e9304e9fcd87f2be983a;;;;;;
43b5f21627468d0408b7e4c123e1cb46;;;;;;
653ee7f951a1fe3e40d94a38b581fcc1;;;;;;
e098a3049d76e17b540363a1a1475f01;;;;;;
0f01d218308faa95bf41d5ebccc55de8;;;;;;
a2a0be810cc0fb785d5e889a8fe8bf7b;;;;;;
04b8bdb25a089b5e564a3aee92a89a21;;;;;;
f7181487d8eff8c7f5cb5de0f6476b40;;;;;;
f995235be209efff69fb08978241e117;;;;;;
f93b69f902466b59baf85a3fea9127dc;;;;;;
93f2283ae7fe687504dff70de9dca561;;;;;;
1f3240c58a2ca527075477510ebac839;;;;;;
e7a6d6afdf159a3edcf5d8965c68a4fa;;;;;;
5eb487538c9f6e1bd5fd17ed91e8c59e;;;;;;
062779d84823a758f735efbafc78ae7c;;;;;;
efc6b3c2db553bf96c8f3d3087dab471;;;;;;
b143f7918a1b0afeb29aa2ef67f7acc3;;;;;;
225e21519fa75de5b896bf9de5cdc3c8;;;;;;
076f96caaff3a1f1e93333061ca3cac8;;;;;;
122f252fc349d87a5cad298210404223;;;;;;
c1cea131c246390080f1b6449e638246;;;;;;
6aede2cbe7db4eaee87a908fa6c3a891;;;;;;
d869a7199ed1ee4c9191afa7afd8af3d;;;;;;
ca112fb89f6e4bcf9a9757b6ec4fe4d5;;;;;;
864ac584a87e232e4e2bd72339b11490;;;;;;
57717f4ea7fc49fe2e82a8cc3212ae1e;;;;;;
08a7a877b6933f152029e949fd8a76ef;;;;;;
34bfd83b16be759eb63c02c557e50591;;;;;;
3660938926689eac59a7820ac4e333f2;;;;;;
a00543a30c021d7049a8146b228c5157;;;;;;
71185ccc616d98b7b2c6146d2029f818;;;;;;
93a3d55163d7191a4fa04882e41fc218;;;;;;
0546f8ecafdee4b031e9ad78d81a7c56;;;;;;
61cf8abfe38e8b845317c9488bb0afac;;;;;;
04ec4590194b54fb2faccaa01ea4b820;;;;;;
efed95d6c43510da01cf73126fea856d;;;;;;
18c4c14a4ad4eb62df0eedf7364f8c45;;;;;;
80b36a023257997d46a3cf6c955fb8af;;;;;;
fb0909c4b91514f7287df739a029ca5c;;;;;;
4ddb8bb039a69f59070f5fe421c08c82;;;;;;
ab9ad697994442bfa300b76b25c6a473;;;;;;
c6f139ce95e20505159e4c61cf641533;;;;;;
12d6e01d2f41f03c9535152dba6396eb;;;;;;
aaafa76ff47b26ad73316ffc83c0c250;;;;;;
4f6b5944fea69362a7cfaf64b78e9090;;;;;;
78825962fb9eb983b7a94eda0d55b9eb;;;;;;
2b8bbc5fd47de77bceb86096829c8af6;;;;;;
b0216e4c9432d70b6a583abf02bd0b71;;;;;;
d2b14e2ea70db53120ca29b0aab7bc7b;;;;;;
6bc5b5c99caf3623d8109076ca1ae8ae;;;;;;
0dc0078a6df870fe0d99c50c3b24bb58;;;;;;
d4dc34d2ff70551a17d601d525264a56;;;;;;
1b27032e30bd415b1f5ae2b6c4b77750;;;;;;
a8474090a4fa390b2df513fe067ea8e4;;;;;;
12d8954372bb68c9aad9ccc973200cbc;;;;;;
7b81b59cde1d046144e15a456fdb289f;;;;;;
1111c5aba23e81820ac869266807fa55;;;;;;
1463f68689f8024e74c35f08d3316ce9;;;;;;
2756caa06316833cac330ed5c06dc49f;;;;;;
c04c632971cafdda79cfda3e6f5faee2;;;;;;
81f933d990277dfbf205893115a0af09;;;;;;
62e7263f2f43cc165b60e80b6e49c3a4;;;;;;
2480bcd3cd35825ba38234db83380c45;;;;;;
d24527caf2a9dfd98f72d73983275c1b;;;;;;
183357c0fbb7d49b70e0db2aa6468bb6;;;;;;
612e22d395398acef3db650079e7c38a;;;;;;
79b7023f947b6e49649bddff4ed109d6;;;;;;
d1e98b39064dd2786e5a0fc57804ca54;;;;;;
ba509583e79a0f9349b22598de8b0515;;;;;;
60049cc646861fb67ffc23567df21773;;;;;;
a4194676fa2e206c882ad749d1e915c7;;;;;;
0cc33ad346a83d8b185f837d1d3021bc;;;;;;
cd65f9a205db4e990c2e47ddefcf6b9a;;;;;;
1873f8bbfbee6586fcf6d9b1a68bf394;;;;;;
e2e653182a563b825a7496e946292aef;;;;;;
31579309f213d2825afe7611cea37275;;;;;;
f5e71f24e08c814604d6d124e70e1af7;;;;;;
de2943708d2a720b1cb008b5368fd8cc;;;;;;
9e5b9fd5f3627b780e58809a5f70fca1;;;;;;
fcd24964fe573554145451b514a2e617;;;;;;
99ef5a3bc213e5dcc0da8def5659a8be;;;;;;
5a5549133cdbf53bb0d7d2a63f3fc0ed;;;;;;
ae161464f9250efea8a0968f03fe9e7c;;;;;;
f82fad415b9e588018af2b0931b2fc66;;;;;;
8293e1dcd8e9f1d4114ac9da21759665;;;;;;
995ebe295c5f766cd38b8c67af8f81a5;;;;;;
7447e95e53438c02df7d2ed9451d4734;;;;;;
46b0c494086b0e0565222cb5cd67e058;;;;;;
3a561e00733f5456c07da3cb4e4f3610;;;;;;
3f9d93d143df0b6d77a0723af25f6880;;;;;;
31a4bcb33228efc700f2f3bf714ea229;;;;;;
213a9988c06f9ef6dc66d5dd6ade4189;;;;;;
d9c6a772a087786c12a1ea792b8f97ef;;;;;;
78ec05e85d7192ec5e86c2dd01b08488;;;;;;
8bcb419e6768e11614c9966c1de0e0b5;;;;;;
c51326f7dffc3560fef2158baaba216a;;;;;;
63b9c71dec260b029798a63210c81bbb;;;;;;
6e0d49dbe905bf59c3976a08dbbefe6b;;;;;;
c3cfcb21393b849de049f24ba46ef64a;;;;;;
2061c1d4f4cdf43d9918bcdbb2e3c2a9;;;;;;
e18de75d6fbd8ef7b44c74215f7a45bb;;;;;;
91c735f9c991b4892a5b3a8e52c16603;;;;;;
f24589301b84579f2f9cbe37c3c1d038;;;;;;
31d4150c252bc9c5bd4f7c4b95714b77;;;;;;
e528cad7241bbef87a7a984200657ee6;;;;;;
f3c2f17671595db774b462ce2471f1c2;;;;;;
8e0d04450d26508e811bc1237ede82ff;;;;;;
ebb6645e901b1d0b71a370967eaa1b40;;;;;;
366e2e28a907022d4014f9d2ee5e0069;;;;;;
a35a5a132dd50107473fff9218f97db3;;;;;;
4156204cfa72180582b2d42c48adb9df;;;;;;
e4c44165ab46b5759f5a0b382d2b8e28;;;;;;
82f41c43fcf8a0bb641ff16f403a29a6;;;;;;
eb184ed635abd4c3a767466a02f93ff5;;;;;;
986652260b961c8550d28a927458bfbc;;;;;;
a00735267343f08ebe0e3c59576d7ca1;;;;;;
9cdf77084c14cb8cb4d9a78fb0442104;;;;;;
e26057fc82c8f9c48b3e09359277eb8a;;;;;;
c5e6d0e533570d3452d03a31de583375;;;;;;
e7d1dd99af532978dd4950d4d7baaa42;;;;;;
8ad05e6e0a3d53ea6b87c1067901c295;;;;;;
b891db9b6f2e77ac5659adbad60716b6;;;;;;
5c02aabde472e90675cade7fdca8f6af;;;;;;
b6451b21c0695ef8b4142bd438e2b9b8;;;;;;
404281b4cb89a1c71dcced1e52623173;;;;;;
c11820425f209d5c42e5d3d77c6771fb;;;;;;
ea4f5bdd14d9e93397e7ecc8c24a392d;;;;;;
4f12ce7d78a05f30e9d5d12df18ce647;;;;;;
96ac526fc80a9829ab5cac3da6168677;;;;;;
df68319dd69044b78fd708e759b4cc8d;;;;;;
c6b0de34e1977a60383a8111b342e68d;;;;;;
2d5200eef95015deed3e0a451e963a13;;;;;;
b08dbcbbdbdde71bf4fa877a45f34e1c;;;;;;
77762746759de2b478343bb082b8356c;;;;;;
e576be12eb57a09def1578d792184317;;;;;;
b9b4d3aef434695f39ebf0522417e3f9;;;;;;
4f88a095c074ce9d1b40779a97b299da;;;;;;
5b105163f3fd9d8cc1f90c0166c6c58d;;;;;;
8dfb30b70d9de8c7430cc7a02918b84d;;;;;;
b21a3019da3eeaff9502199460a2548f;;;;;;
c9bccde8745cc385d6dd2574328e8562;;;;;;
8707096a488f79c08b34087287b77103;;;;;;
01d8acf2e2f589bf9f9e51b05721de9a;;;;;;
cf7863ac575b6090642b1e723eaf9904;;;;;;
2d809eaa6ab33c120ea613da75dbefee;;;;;;
12150054799159ea83b762f3a0bcfc0f;;;;;;
20ec37bb47098b20848c023437060a9d;;;;;;
e4784b712e80ecc779d9b48aac825f34;;;;;;
e73c78adbf6dc93281c75b2b2cbd7e31;;;;;;
1ebf420c0e7cc8485422d97c52186eb4;;;;;;
c24083a911044469e9e60b7760154e67;;;;;;
56e8d5148db7c05da42d809857779912;;;;;;
c9eba87ee8805099859ed5aed894490c;;;;;;
c67b67d8ecbe54f8039bdd28a66a5fb4;;;;;;
c076c96246dcca2bbb53a05b873eb722;;;;;;
e7f2eb87c7658f7e26a64274b7c16acf;;;;;;
a428ea4ea032a57346daeecdc08a557f;;;;;;
af112dc781b51cb7f35a6b913509015c;;;;;;
f12f26834dd6f5605679cb3d985ffe81;;;;;;
5ebf7fe4abb0c8d950c851c740ec3a2e;;;;;;
873f4b09b18d0f976e2893fcf7bad0d9;;;;;;
5b12b91850791425dba1db044695ca89;;;;;;
f3ba94e5db0fb6494888d22a59d4d9e5;;;;;;
8df4579c35a11c38cf0af8d53d7b405e;;;;;;
55364bab89ed151564b93cccb2e1b8af;;;;;;
291b4b4a11d1e91ee8fb6df497cd1e62;;;;;;
c397b72d5dec203928fba8a6a36e381b;;;;;;
57bd8d16c1482188a84dcd09a986ddaa;;;;;;
26fb1bd8c9500dbf07fbcc76cb3a1ea8;;;;;;
b7754e8483fdc930a90f337adc12e1e0;;;;;;
10874359ac6a163624a0a5e9fac5715b;;;;;;
58d29b94ee6409bae6a606b01ebf2da9;;;;;;
828698a30b37d9829b6753b098818d3f;;;;;;
9af0f5428e0f253e89bdbbf1f1368a44;;;;;;
216035b7abd2d60a5485de699bce8daa;;;;;;
5fdb195973fbff3b9967e889e5c94953;;;;;;
17b1a328b10f4d021cd8db1ff241fccc;;;;;;
e2d27af089d0d86097120baa2d595c43;;;;;;
40f08e3bab1d3a71e233fae8e4b9022f;;;;;;
78381623519130ac0614295490c30b1c;;;;;;
53f4b70ad56fe18930f63cb32ac1ff44;;;;;;
120d08ea1ccb3016b0a667ccb777a89f;;;;;;
b392b7555f85f2e082357ffbaa5c60ec;;;;;;
6666a9f2d484a46d69deecc41c05046e;;;;;;
07a2611d26165ce191b1100a548c3095;;;;;;
c273b03d121658a1b185eeeea83e01dd;;;;;;
1d21893227f8d99d049bac3079cb7f58;;;;;;
96b786c7c9effeef02d48d532fd1ffd2;;;;;;
ef76a1aafc6cd39fc6d1f6ef28ddb448;;;;;;
9952cc296dbf888eeb67ba0b7e14a623;;;;;;
112f89c95cbfd4b209420b7b0b80d484;;;;;;
c5cebb887fb4a6778b7d82f64c39fd56;;;;;;
94e0d885c7d5d5d42583f84e98043971;;;;;;
d7fcf05f82927bc92c1d362a0c52f639;;;;;;
987fd867d3ad93f12f284d3e02616c1a;;;;;;
3eb081b3ec61c156181c833a6615c6da;;;;;;
423f88469598ed301f40f85204253bac;;;;;;
059549bf390a6e003966c7f428f4cd0b;;;;;;
04fd59fbac5c2cc4d1902de9ebae2fa3;;;;;;
f51b861ddd48e099bf5e8191db58cea4;;;;;;
56e6ccda7a84d8fa912ad88a7818202f;;;;;;
39414aa26ab9d14e740a2ceaa5d11a5a;;;;;;
3e5d14658919afebd17d01ec48779311;;;;;;
6c646b4841c6be28ab3a290ce1324e9f;;;;;;
2b36cc823cb223de2d5f742801a05fb1;;;;;;
755b59483a16a00f4b27734cd11e2ec2;;;;;;
072cfed642fb4cd3a083b7f37e18a45a;;;;;;
9607bcd18156bb172561caee5ba2d260;;;;;;
7fa3b3c7ffcbbdcdef8ddd51d63ddaef;;;;;;
1a91b4720a76a55b1ab880896bb460cd;;;;;;
d6ac7114b7963335e210990d4e75a6b1;;;;;;
60ec803fb5f9ffd1f1098506085fdaf7;;;;;;
daa242c33acdfe5c9e7b69075d67ea7d;;;;;;
92789fb4ed2eccd1a8b6dd5aed6cb6d8;;;;;;
cff8ccfdba2b65ed0a17285d1cb20ff6;;;;;;
fd3c15afb59a4d507a9726fa1ca98dbf;;;;;;
a7ba0eca52b6b875bf095731948a0c5f;;;;;;
f8600b93c4073048866ae99968190494;;;;;;
bb1199468b807ad156a08549f3280a7b;;;;;;
718c3e852744fd0941b69ac876f62e33;;;;;;
819af436038ae40e1ccc2054492b1fc4;;;;;;
992f19d4bc630e0af7b0bd64f901b02a;;;;;;
aa80a0e6c4b59913efbca0f7273b1efc;;;;;;
2e45720fbaaa8e0dc1a4fe1cbd40f925;;;;;;
7c7bb4ace2057dba0d575a62e1d3b5e5;;;;;;
dd26549f66450133c0fd11c3932f3814;;;;;;
12018367a65a7e01fb428926f93977e4;;;;;;
687c66f2538f3468ae8aa9513e6e4a94;;;;;;
ffb86c13a7ad1b7cefbfd56a6db38567;;;;;;
01c2607173fc00c6a80062317c9d6614;;;;;;
2d3a33f39ebb9740216be3c57d9d4051;;;;;;
cbf984bb9745ffcc6298ccf849abc585;;;;;;
da8c539ec820504a8e9471d4418f2173;;;;;;
9252498d91f94dcb568f95b5e9d04e68;;;;;;
096cddc276c5e93424ed39a31e31ae3d;;;;;;
1d5f3bbd31ccd40b548e17caeaf4ef1c;;;;;;
418f2e535c92339d2f23d897b551d22b;;;;;;
aead7c5b86938a45237dff2505fabe3d;;;;;;
9812b08ecc2881600870beef4c841f11;;;;;;
1f4ba0d4f3fb06eb0500ba16b2d36263;;;;;;
be949bb1f0382b4a5a7d9d42fcf87adc;;;;;;
68a03e8fc8c96beb3801d76ece8fb554;;;;;;
e0d4e8a745167bbdc54e263c856bdeb0;;;;;;
f1a1d61b1bb89e90a31478becbcc0219;;;;;;
409d3eacce11b4a19c49876779e93cd8;;;;;;
dd7238c14afa29c65e719c391d4a0c27;;;;;;
10d05b9f0e42d3eea3f43495595f8f8c;;;;;;
936080fbf50df25257e073e0ac2adebb;;;;;;
22285292907d545ca93a088cfe79fb97;;;;;;
7692cea835eed358087ad97a4e49cdf6;;;;;;
4d2fe1301a47d9e5553758c0e2fea4b1;;;;;;
9b82d19c8c33ac781707b3d76654bbdd;;;;;;
d7eaf98d6f316e7bece5215a47b91251;;;;;;
0cfee2a5051c35190947450457734cfc;;;;;;
2492e3d73ea4de59e556536c5e894a58;;;;;;
e60ac057451c8def65bf9eb570e4b27c;;;;;;
6173f24c756aa3bf638bda0938c9beed;;;;;;
ecdac8be3661c135337e79065cd1be55;;;;;;
0d3579b4aebb3c6492bbea07e9891386;;;;;;
bf73fb1aeaf9179b0b3090757ae6a05f;;;;;;
bd5475a42948736f5ed4b48be3194fb1;;;;;;
77587f141ac67634913b807e8c731e0c;;;;;;
d8c63ed52e2bdf2994f8c3c4303a5d96;;;;;;
e524faf2fa3fc5b0c557603d041adcde;;;;;;
ae183dbff829c82769eb19dd3a26cc0e;;;;;;
6f97b6a2e4507850113347f604df2867;;;;;;
baf28b3dec963b1244165e8bcc36dc69;;;;;;
7c90717081e31cbaafe03e4fcd9a23ec;;;;;;
1687d72a4395942c282179255f9f541d;;;;;;
129c62c63248d710a15cca93a82514fc;;;;;;
5da6317bd0cd8138166aa5b6490959bd;;;;;;
8e3ef703a3777192819caf3096d7d076;;;;;;
22e5da80158f49c135e7f1df0458e93b;;;;;;
8fa0782569fa2f2e3fc48ecbaf5c39cc;;;;;;
4b80ceeac58d3883ca24e98807ea3f29;;;;;;
6e95fe7b9f1af03ca2043e6370115a98;;;;;;
96b5fa432cfb8a684b93a366a75d8d97;;;;;;
ce4f397321d571eec0fd400b7d4d8d46;;;;;;
924028ba409ba7a5bc47fe4951a99a55;;;;;;
56959fa65d57f3c7f42e4243cf4d95d8;;;;;;
73e750b00ef6db810c0403e6af442d3e;;;;;;
0e7462f769ad1b2be2faa28b33a2b0e5;;;;;;
e3a51b54f867aa00bbc694f884a93fb2;;;;;;
0508832e0d3a1341939793d70e903245;;;;;;
37f019d362af694e1221becd95fac955;;;;;;
135cdcbd74e60d6ea23ae612ebfe8e14;;;;;;
cc6927cb7f4757c3cc52caedf0213f1c;;;;;;
3cca9a775a8fa0ba229892bf3a0d7af3;;;;;;
d07ce1411db2d57def5ebaf6691094c0;;;;;;
db1f9b7e49a874d66b5af09c3cbb37de;;;;;;
b3d609b75d149b3aa851a3b934588310;;;;;;
c30d9c6f122ee022df5df35c5786a40f;;;;;;
fd90b686e1994105e2554d8d0aa1c81a;;;;;;
595b00bea92f22d86fd1aa8a01f9df45;;;;;;
d6b8158443180d23d7612d84bcd17996;;;;;;
70d4f9883ea35df4f3afa6b01298cd9e;;;;;;
3d9adeebae9e4d865dc77243c6fb4fdf;;;;;;
3e16deb175d7b681d9f33d869f5ea557;;;;;;
f8d56ceb41b33825bf5b142a2129b83f;;;;;;
1947bbfc011128266b93e0d0261378ca;;;;;;
d92425498474ecc0b1c794a875ec41ef;;;;;;
913117d4934826160c7241d235581a27;;;;;;
25d95582249d0a25c6c62cc2d68ab2db;;;;;;
78d267f47a585d8b69a9df23eba0e873;;;;;;
97ff84ef010cfa6027d17fb0ff68cf45;;;;;;
cea119e3da4ee421d10c8e6775c85d67;;;;;;
ef9c4549a2d610f6749f4c5c6cf61eca;;;;;;
44545526ef851bec257c6ba6e1739fa4;;;;;;
0671f1b4c7f1e336ee7341b5b1927f6a;;;;;;
127b5ecafd6dd9d51a00177c95bb0b95;;;;;;
9c248f4b1cedb39f251b11f1d2acc59a;;;;;;
9ae5b012c5c6658dd71ac72bbe0ca2e5;;;;;;
084a133a0ad984ef64d37ba01e353354;;;;;;
c72f99f8a72a259ae3d586931d0364b6;;;;;;
c0c30f8face79bb115807839d1c76471;;;;;;
e9282fe978c2550f0efd883591cc5154;;;;;;
533354ee40e2695b5706fdd55e7aa1c9;;;;;;
b32c50c6cb11e969b1f5bf4473ae4c69;;;;;;
2794fe8bba7b5623d3d40739c5ab6efb;;;;;;
75522bcc0dfd21631c1fe1d485fcbd52;;;;;;
272109473c3645511964507fdc386b99;;;;;;
456673cd6fa002564054abb822124695;;;;;;
86850924536171072bf2f3a7407e8003;;;;;;
d93a35147b0c35f1c7ad917209bd6707;;;;;;
fe9dcb9c39408d557264289db41cc1e6;;;;;;
2e67ca4b9386ebff25e17680326d07ab;;;;;;
5675c00bb20a8cf0d3e0c97df0582753;;;;;;
1075e1964abba1a150b021901d54bbd8;;;;;;
3f0aca9f168fce1e26e9fbfc27622ba5;;;;;;
1f53905d3c3d26c7146aba7ca974a4d3;;;;;;
d7242030be3f247ca70d8d37f4665e9a;;;;;;
67c1c9681c83044f8c0cdf5b137013bd;;;;;;
305530d8c61fc1637aa808b389ac92dd;;;;;;
af5b0c4bb9526c0161c5067bafbe089d;;;;;;
af963291aaea60137c444278a46cbf49;;;;;;
5b4a129f2c763811b64fbf64bd98e167;;;;;;
d78fca42c4d69730c88dd5242c1b1c45;;;;;;
e2cf582be7ab6e7435905c61e38693be;;;;;;
bbc1237f7f674f244566f28c5143ccc1;;;;;;
ed4ba453cb9ddbbbcacc514d0daf5120;;;;;;
63e25d5b5cdd3c61aaf566b18b368085;;;;;;
3478e5edeb5976f2c20558b34848fcc9;;;;;;
790b615fdc13430f43add5201876cafd;;;;;;
2c0a622fe5b7188fe72eb1877a287dbc;;;;;;
685159eca2e4a940e94a1a2395b7cfbd;;;;;;
6c555af2f24269d16e675867be21a842;;;;;;
53f711cc0db7fe284e9e413f93f94846;;;;;;
24712dc238c9f6d91167bd2e797274bc;;;;;;
57d540269616fd485ae1d9b2f4cde56f;;;;;;
36929d02c28b13e66172b520cb48e658;;;;;;
c2b7c011965920d6e98a35bf16575bdd;;;;;;
2a65e2497d54379e6e212c3220e977d3;;;;;;
588b080fea3c3e8e7e704632b83fb1f9;;;;;;
83a009ef4daf52b12ebea59a53332127;;;;;;
7bfd26e8186169bbf90ef797fb445f8e;;;;;;
260ae4bff476b9242a21ce5ddb381a83;;;;;;
498d2690cad3862ece69ac0293b53064;;;;;;
2de845652fc86062cf65eb9c3ba350ae;;;;;;
429303e299eb4dd31f0d7ce6df259c0d;;;;;;
c9ecc4e4ee02ae0033a292b7b40b4365;;;;;;
0884c79fe9ac76dcfcc5584221b3d969;;;;;;
3c14c6d61df7969aeb78c1dc33e07830;;;;;;
b3ea622fd06ac21b789fe6cf9acc779c;;;;;;
b388fbd15b3f87b230674f561e039ba2;;;;;;
862bbc0d5d3cf276fa80088583b8ffc8;;;;;;
d7d1a0975ed9552e8e456a68b15fb8f3;;;;;;
8f3688de7c553b9dc26ae7ebbdcc9818;;;;;;
aaab2c2b9d8309a44e36bf1825924837;;;;;;
3b7f58814980a33f44bc03162ac4bf32;;;;;;
09b282177d57d4ddafb31a6fa6af1cd3;;;;;;
587e01e5fef9d3bf372ba8e162434c1f;;;;;;
47b2c6d0147341f7c7f257d09f671a8d;;;;;;
9783dba854c8f6d9a90b8b8bd10e663e;;;;;;
f80d492d96f25e26433023ce4e5d3504;;;;;;
665b16cd85108aa880b39e9ae582db5b;;;;;;
0500dd620109e6ed46bd61c2c3b6c3ed;;;;;;
2ef604a66b30997f6b5e7a58a989fb6d;;;;;;
fc2ec5dc1fafe9cb08848d8d5f7279a9;;;;;;
4bb0cdbc74035a045b74550c1f7d3d3a;;;;;;
1a937eb6ec942994006682fbb13eab2a;;;;;;
a1dc9fd46b05fb4c23297e70cefc4f83;;;;;;
1e7c0d2bcf32e6050cec887ddf2e8eb5;;;;;;
45ac1b69cf38ec0b2285df6cebd05879;;;;;;
7e067cfce619a5510240f69e8ffad739;;;;;;
72fd2ce56c30184bc9845f48e372ed29;;;;;;
3e2f90cc27d95e8168ef7bf44038fcd4;;;;;;
093e83d1ea4eeda19896a4accbf1c092;;;;;;
a0ddd412ac4fb6e1fc12a384c423e0fc;;;;;;
df03450fdf6dba088f7bb2d193f3554e;;;;;;
968c3200c0b520f223f58a2f9d097c3c;;;;;;
fabb750fa4860cc9c8b5561f8a2a3fd8;;;;;;
97f1bce3994a476815c0f8a92c2c38b5;;;;;;
041f2cb9788c72a942bbdfea5da1c661;;;;;;
61e0d6327f4b6b99e296d718025b2dc7;;;;;;
ddf8befef2ab24481165e4bc71ddceae;;;;;;
3d8666f069e0fc8860f7739ee35ccba6;;;;;;
1dcf31b575d89c6aaf9a672909322ca8;;;;;;
8f389ba139d94427351b1066d5fc3b6d;;;;;;
787dec2147995113e9e762c8c6fc74bc;;;;;;
a33750430ec4fbcfb1fa078b68c0b379;;;;;;
8b24e7699be2a10cdfb317ebee6c6d13;;;;;;
e9c3f57dd2bd8c9039be1feaa789d67d;;;;;;
810d7d6188f1fd22aee8bbd38ce6cd3b;;;;;;
b1edfc59bd1ac24ffc788239f8fbaa54;;;;;;
bac857181783aacdbe71341235d9ce5c;;;;;;
d3b262709b9a3d56f709804dc14bc689;;;;;;
82aae6cf3847d68df423a410724305fc;;;;;;
77d69283b34ed7b7e37a74a914f5c394;;;;;;
84d518867362513fbd211c7e37f400fe;;;;;;
269e7355dcbd6147137dce3bf54cc578;;;;;;
3d9445f046daf15f77a5a8ec0bcae6f1;;;;;;
a34d03b1fb1efde1e4e51077c68b88bc;;;;;;
77657ec139deb548bd7f9bf35a8e7d6e;;;;;;
dd0a967dc79f03fa8d7835a8af2155d4;;;;;;
c331d7f430e0a6a142753bc710ade645;;;;;;
3f8508b7bf0f070bfa001b85132399d1;;;;;;
06b205c97ec5054e5d5ce45e03a74e03;;;;;;
a08a863236224a3ec76af3507f7aeb9d;;;;;;
bf85dc8d528642fc3567d019697b30cd;;;;;;
036a0011845de2eb6780d07c40ed7345;;;;;;
aa9e366d9c9a471356c388e05aa6ef25;;;;;;
cb5b3e0366e00bcc63c52bdb5526f1b5;;;;;;
fa444eeeb6c7b4e5ccdfa38d8afc3d5c;;;;;;
501e42029c4de1ce0cc6e7a18436fea5;;;;;;
b8a4c03d959d39e7fb8b659df025a3cd;;;;;;
80bb8cabbfba87768807e58d38e6482a;;;;;;
243081fe913f033a06f9533d5afa85b8;;;;;;
e509a7548217e234364595d65f399ce0;;;;;;
5e984d45f7655957e07f343f0f218170;;;;;;
dadf98ac8b665b1e05f1830c0204b956;;;;;;
3ef3cfcaa7a5bcc6adf90150d1f8ac4e;;;;;;
ef090ecaf0eb879376dfb6fc83dd026f;;;;;;
94b329c0b5364afc8c4aece66d3ba7f0;;;;;;
89d79e0b47178417d853f971c9007ae4;;;;;;
ad2b49cd2954930f823b5c0ea42b088e;;;;;;
772d7401491edc8a57240b72540113aa;;;;;;
ecb47eb7f2794788c871e88ee26510fe;;;;;;
38dba6c19aeb6f7008a67ff7040b3788;;;;;;
b371cbbae917198b6e1c173f13f99385;;;;;;
567baf70ab809753b3d30551a3bedf17;;;;;;
6c8f0fc6fff6bb95b171757447d93bef;;;;;;
b192148aca26d436a7202c02341d0614;;;;;;
914dce573835f94d77c886d72c219fb6;;;;;;
2cbcbb1f288b67768eb8a97e34aee1ad;;;;;;
f524ab5e497f53a3c85f08dcbbc81961;;;;;;
e0470f10730690cb136f98c85723a572;;;;;;
5ca64b71ae028265bd980f9fa476ed41;;;;;;
95d062e5a2efd706b9f3947d8ca924bf;;;;;;
df7da5c8478e6dbd0668a8892f48d5a1;;;;;;
d7954d171d5f6c86491248feaacab029;;;;;;
75a1f38d53c1b1f272879b205fa95b78;;;;;;
0e5338857d24202d31a89169ed769b5b;;;;;;
baba7b15620868b339d7d032d39538f5;;;;;;
418cc908f3107ba337d2f197cd78ef28;;;;;;
4abe2bf4226bfa892a3e690e33bde3e0;;;;;;
efd81a8e481d746f872b2de117c85ad9;;;;;;
43635c94406fe8c343ac8d311eac3679;;;;;;
121a500147aec852aae72a6106cb3f3c;;;;;;
3230b39374b51628d097d75f06a493c7;;;;;;
1836b8f714b0d86883cae45b5ac26420;;;;;;
0b25fd02d81bd0a7dc383f20b3318dca;;;;;;
5f106abd21d6798419126b44a4d89d7b;;;;;;
da468dc9305fe938066f76de6677a6c6;;;;;;
4f362cffd65d44f2f75269d40f09793b;;;;;;
d7a920721b1347f892fd419a27b7a22f;;;;;;
8b24e0683c6325410555500eadee38e8;;;;;;
e9f85a9dd90541d6fabd105a4f6a6d79;;;;;;
503540e7c3435533a7ef1dac714391b3;;;;;;
09a81639ceff697c1dffec598ce7e91d;;;;;;
06171ef0adf0da819b4a12d0bebdbcdd;;;;;;
f3617c145d68a69a698ba4588c2fe530;;;;;;
826aef49209585ba460dc2290784d410;;;;;;
0f1f95756f48d39ce578287cc109b88d;;;;;;
0ff0dffa87a2d5ea4efbd3a9d8bb0856;;;;;;
d17918f550a503468ab8251c509d839a;;;;;;
dac9684cd7d367313a06c4747f693083;;;;;;
0b6456f5fd3a6f0da973cb3f108c12aa;;;;;;
c3917a5da87ba0da3403770ef1113eab;;;;;;
98ab0470e4fccdce788f345dc5a0e33a;;;;;;
f0690e6286a41ecf6218527375816a55;;;;;;
f169c8f8e8b7bfeb1ee4c101919968c5;;;;;;
fe2a090a3f980fa337666d69af8a98ee;;;;;;
77d8fc6fb9c319fb50fe58ecc9f4afd0;;;;;;
75da2c85260504d90bca9575b86a655b;;;;;;
881983c160f379959c9031bb703faefb;;;;;;
a8d47956700e2ce5d01b459d214d41c6;;;;;;
e1b7b9583fba99f5608836c7233aee8e;;;;;;
30060dc902624cc7d11af27840adb09c;;;;;;
30bdf6f1124f4b53320a8a5b8d6d94cf;;;;;;
88f55afa9d1d3dacd0ed2de8a4ed82c4;;;;;;
552859674455c26780b1070b9d1b9df4;;;;;;
77e639effa7a9006086ff36a6e22e235;;;;;;
1ed3124dfbba12cc45cac4313be96a32;;;;;;
cd9254d61771db30543f215ceb9b0e78;;;;;;
f73d283aa60d521385cde51a12f23148;;;;;;
f05554901d339fade5e71839929f113c;;;;;;
af05ef3c8fd7031f693dac03bbf4fcbc;;;;;;
a4605475394af1bba437b1c16fd8cd3f;;;;;;
9e99e22c58edd9e17450c5f72ee5ad85;;;;;;
a28618887681e9fc16147a3e369532e5;;;;;;
17535b51867abda8c75a47bf0549ef02;;;;;;
17318fb7af0f84e26d8262d2e5c01ad9;;;;;;
604a11184061f6f51748b46c0f7db13a;;;;;;
ca6a6a1cc15cc8afb131933c9de8cbb6;;;;;;
46aa0728aee01b5b5946a11f9c404eeb;;;;;;
652947e01ffe8afde6cd05ccd831bd72;;;;;;
9135f1c618503dd84bea9612c72b2803;;;;;;
74c68cdef502fa2b50288d7f1cc91a05;;;;;;
d8915addc8e847e7eb5b2e47a1815dd9;;;;;;
cb47acdce59a534839cb6ab69c6e14c6;;;;;;
29e90d866bcad7ceecf1b0181c18c453;;;;;;
c724c5dd12d52ec371806c7e193c1d66;;;;;;
108fcea6067bd7b144bdab88e14739a6;;;;;;
482ebca1ab47d98adef9417cef5e9c47;;;;;;
8bfcb4cd9fafb878da7f6ebbcd07d291;;;;;;
87d2cfb0949166b1a2edf388769d5924;;;;;;
7c24d12d7b6908fcef530ac7a4e5b510;;;;;;
a7608ce9438bf6ba54026971c3bd499c;;;;;;
7097b61b31d8957c7ecbff954f11a2e2;;;;;;
21769df63b955f8a1ad86f9db238d6a7;;;;;;
eb6a3c1c3286d0fa6443eb78a7732521;;;;;;
7cabdb98279fa225302163bc2df05bab;;;;;;
7f1d81e5496e2495f8f66d3c3e85848e;;;;;;
dd69b05913561b5654115703f5c099ea;;;;;;
61caf3a369824b9b7560b0544bb5b6db;;;;;;
19746077f30c622f46909f32793a5363;;;;;;
e65f53b9a708a940342f16e6df26a683;;;;;;
cc42deadcb6eefd2dc23e162323f32dd;;;;;;
9a32d011f9e6cd8b883f9d908639c003;;;;;;
d59d554895a841fcb41ddad437851c67;;;;;;
07239a7c6bc51b185a316496cd2caac5;;;;;;
4c361da16e92c204f5bf08c45377b621;;;;;;
8a76b0933a0b648111ea8e375ff75f62;;;;;;
7d5d55e1c9b4714373e3466a0d75e190;;;;;;
b5e406911d56fefc639db5e4642ac382;;;;;;
8c8adfaab7a4878734f5c407d4b2f86e;;;;;;
85d084c3af73c2e162a66ce4d2a89f7d;;;;;;
1072393c878689e40da19c51e706ee61;;;;;;
1bf49043c6385d3a94bb315d61b5cf89;;;;;;
5d349b7ee60083cf7814dd750fa43efb;;;;;;
fbd0ed8ee87a6aecaad26ceeb61046f4;;;;;;
afcabc34a9671d5663e64e220138afd0;;;;;;
cc1d7f043ecb65c8d40e7f2b6fd47a28;;;;;;
ae7c0fa996e70144eb05ec0d55b0d084;;;;;;
77322fb49dfefd4bf4d5bc1134755ebd;;;;;;
9ff5bc08015021ae8ee8e130cd4986e0;;;;;;
44128d176ce419b0272f1240bcc4c5c0;;;;;;
90f43e97f662c5c22afb1d419aea916c;;;;;;
0637379f8920ac7884ee452fdc30000d;;;;;;
2a53542c790a2870b4d09b0e28689a3d;;;;;;
adf736e2f30851d5befdc16de30d69cc;;;;;;
e2fbb7401c4e9924268891beb6d6c738;;;;;;
00ff03b9e1a45b3bf7d8b8b52cbf2acb;;;;;;
34389af2f81c6c81ca75febde8649fda;;;;;;
6a7ffa85ec583729001ac52621a6acee;;;;;;
c49ece167f6f7cb5487e5ffb55f34f18;;;;;;
568557be83555977914fb88da0669594;;;;;;
ac0b906f5b0f8b435a0caab8e6ffe334;;;;;;
0593c1466b80c9eadb7d172226dd9aa7;;;;;;
1d6a6de6ba906604843f19a1d47f00b6;;;;;;
735a4f0850d66e11aeb7813d38f19361;;;;;;
87556c0bc86c8a66df3136bb6ec4c017;;;;;;
3c56445dc7da197d6231ede6a6c0c7f2;;;;;;
2b1349a2ba36a4da6e436955267c7166;;;;;;
1a10798cec6fc3e0183e01dc96584f8c;;;;;;
b64730db5598b8b6f568663ef2963be8;;;;;;
69e783afa8c305bf0f7a89c80582f334;;;;;;
c1c0ac95739ad5b3869c95c4c8bf79cc;;;;;;
7c454815b9c672b0734893752bbc03aa;;;;;;
833ff12aedecd931b93b88a0e7872d59;;;;;;
b428328f19b90ebf61cd67b4c0b0f5f6;;;;;;
b9deadbae66d9724d083b32b0a694298;;;;;;
1d26595544028d784dfcdab1f8174c33;;;;;;
f182ae5faaaacbb111b8600f2d8922cb;;;;;;
542c9a7d32547723412b71ab81f43e7c;;;;;;
9bdbfe326f76a4e006278d54dbb59505;;;;;;
f20bbfae1074c1b367a5f7a2c4fe40dd;;;;;;
3ae952fde852c945b1d5575a5f10c892;;;;;;
8a8537ab7449462dc96f30709af00ea3;;;;;;
ed12ddf22949350f93b121099f675432;;;;;;
4bd04109e54ca1bd644bf85bf2b04676;;;;;;
b728433140f6762c956d4bb08765e528;;;;;;
902af2fc576d8b1b046ce77efc9bbbcc;;;;;;
e5d14794878c9ae99f6d978b0432a2d6;;;;;;
e55d6ca56bb933ffece329b6c27ff4d8;;;;;;
d6498725308f102933c6e1424a7232c7;;;;;;
ad7fb05ae9fda580b56fcd8161fc8aa9;;;;;;
29ffcf9e34740c27c634669fe3123acd;;;;;;
daf169d686d436b3ac344d1a6717b3aa;;;;;;
a047491ac03f6e73a9592a3b2f8b80f3;;;;;;
83eeca1163220e7c5338c8f4f09149fc;;;;;;
b715382224e60ea1eefa5de2f0d185a3;;;;;;
01b758ea53fb28c8dbf5b1f6242369d4;;;;;;
1591fad1d8ad26ba693017fd706a928f;;;;;;
5dd4ac66b8df044c3521953925eb6dd2;;;;;;
9751d417b69874754599b9264c6bfca4;;;;;;
e2c2786af85266e046171927a18ede85;;;;;;
fc5fb66eb742d2a75b97063e41673200;;;;;;
793758feae1f71818e3cce91843096c5;;;;;;
9775e7c32d5926753967b5e02ea43819;;;;;;
cd371f2645b2c1b064d67a15d181af17;;;;;;
26ef4bea0365a5015952bef0c87a30ec;;;;;;
d0783246c458b6ec4fafd6489541ee26;;;;;;
8c804829e96ae49ebce5b77100bea4df;;;;;;
01eb131dc4aca1a5ed2a8443e05107d7;;;;;;
0162e4cdb50395929826625fae523fed;;;;;;
de8c366698f42c4bfa65430c8f001827;;;;;;
64e1c866365eb19c2dbfbcf1cb301276;;;;;;
6f5c0e4c99e1ca14bf19f01b44922594;;;;;;
6d8362770507950135661a3f8b7848eb;;;;;;
fe1453c4499fcd06258dd521ff9cd55b;;;;;;
9835e92e00fd4f7d3f032b524a5a2652;;;;;;
39cdbe1b26f41be00bd8958bfc1fbf47;;;;;;
bf9e0ae8dd7e34885b0177edc5560f2a;;;;;;
698b8826b57fbbb38491ed42ed7c357f;;;;;;
b1498fa5e8167d2dea26ec10f01164f2;;;;;;
9dbdd84a5f2e0531a867a0aee0854112;;;;;;
52fbd43ddeac061ae756625d47ae0dd6;;;;;;
8def34349cdd5d50da6b45d1be9011da;;;;;;
860755aa1068584071beec9585fe04bb;;;;;;
631734cffddb8a6183d7a4014a3494a7;;;;;;
8aac17acd6ab395c929e0ec9bfb19247;;;;;;
ab57a12a4615e80b64213185ffd1ff83;;;;;;
bce723876520b39136492ca4dbbb2294;;;;;;
0dec98a2859087013f011a800dcbced8;;;;;;
ec53328525e646a919fb65d1831400c3;;;;;;
27c61a39249f9b365f2caaaa7fc06b52;;;;;;
2e70c7e646ee759c3430b85505102ae7;;;;;;
a112303df0e1a15c48d7591645e7f970;;;;;;
98a656080dcbc4fe42649c0ec8e77b9d;;;;;;
4eb20a7ce321df517384acf2dd4fd548;;;;;;
125a5ba187bc67915b999e841735cc46;;;;;;
12292455ce13ce76b971837e7cc7bb0f;;;;;;
c999a1d61e60780569f736b91e9a7acd;;;;;;
b56ba010ed96ec5078703cffb8ee8e7f;;;;;;
b9221609646b1ea9dd0f6a285c233157;;;;;;
4250f6a5693b05c0ac0d200927a50996;;;;;;
2fbb9a8a9bf5d2fa9c9b7a8d9f1dd995;;;;;;
698d097299757a72fd6ab06170dd4641;;;;;;
c3fd554dda8e106316b26086e1e04bbe;;;;;;
65cd0177bde59a90a620fd3dca522703;;;;;;
ea24abd681d2473f317bdb00b6b0d927;;;;;;
3cdff97b63086bf13cc44da97ad66435;;;;;;
29997f0c83671c78f967dd47956ae22b;;;;;;
9b75e5bd4834a5b29f20c15da968bf97;;;;;;
4f1aaeee8e6edd916c3fd25017db74e5;;;;;;
c3350534a09ed4350647812ea71ebaf4;;;;;;
1ef111f432818016d2e073b4fed88d25;;;;;;
887b4885b2a37fc7eaacfa91376909f2;;;;;;
7fe8402e07945a2a8f8a0aef5e397d7d;;;;;;
7daefa41cc1cd533997d6886e445c0b6;;;;;;
4ffda320a49a4d4aa48b5d0e621ec64d;;;;;;
d3128fbba875947825ab420d66660dab;;;;;;
a9161be43957ee17f19dd48063566979;;;;;;
9a8b3bb752ff79eebff5fbfcf4dca68c;;;;;;
db484e64c0c9982f86ace6b961fa199c;;;;;;
07531af9c3b5cb605653a58847708754;;;;;;
28bf88b9948a3d2d8990430dd56729c5;;;;;;
6201a98d1e3bf1f914c90b40845d1bdd;;;;;;
e6f8b683f3524bfc4c9b77ba364a2e82;;;;;;
141942beaf2498df0990348905c3a2fa;;;;;;
5ade192684b946b54822629732621430;;;;;;
e8146bb93badafa1cdf486da6c5769dc;;;;;;
d6015cf443456fb377336d54ab4952c9;;;;;;
a0fa0b1add32ad7b5feed70f286c8c67;;;;;;
d57f458e2a74041c3151d0e9da86894f;;;;;;
3878172c4e0796de0d1cb8061954a297;;;;;;
a0e3f5232265b25625ac4a047f72f245;;;;;;
a336f85ae8d994327dd6f9a9e54ca99f;;;;;;
324662bd652f3532d875c8736d56ec10;;;;;;
b29b53fe0eda6afc412bf59e6b3b799f;;;;;;
32d987b75c5ef44d09b76e6101c0732e;;;;;;
991d9f2bc903f38117d8f9839ec74c02;;;;;;
41c05364a63aa3a86c3b3b4d4f8cb0ce;;;;;;
ef01be4eb7c46538499b91dac98c8744;;;;;;
0cd9cf5c690778132244ac04dc2fc517;;;;;;
adc906cdf1abc42ced5cf3caf6059811;;;;;;
fd80e2f1179bf60c7497966fdde89339;;;;;;
5e66921902842430c1dd2102f5683721;;;;;;
6b120d51d4d93eedc33cc91a1cb9b57e;;;;;;
84f75a23a84860918c23300c8c1697a0;;;;;;
e405540247d98377534a38edee047387;;;;;;
1bd3f20be8d247383c6c050e79fad933;;;;;;
dff4f8959cd5c9b75d2235863e58e8b1;;;;;;
fe8f76e54dc8e6b24599efaa07ad4e59;;;;;;
62f2a3b2040007efefad9f7e9562557c;;;;;;
0619714ba4ca7a1d1e678edc9766018a;;;;;;
3ade42ab7e28f341ca14502f1427bb2b;;;;;;
639374967abc13d22561b95cab30e9e8;;;;;;
d46a70d0a8f5d6680e31b3992d2c73fb;;;;;;
0af16ece82f9ebf2cf06058a8c9c601e;;;;;;
a02b5ac3939760f3f16cfa3ce22bd0ed;;;;;;
cd6f80254fedd27a97fc537466f6a85d;;;;;;
f256739e8b7a05ebaf83ff4cbc1bc782;;;;;;
6593764e05e1ab7b33ba6b53ff8ad447;;;;;;
ae4c4707337c95301fcaca147d200894;;;;;;
f865e41f5069be4c1aa5507d9fe16224;;;;;;
2da9b06acf63de6585e01519a651b9b3;;;;;;
323106bba03d2190480d18dee6f8d302;;;;;;
f4a60c8e0728a95a562f766e6443ab1a;;;;;;
617aa13c5f0800d0ad6c85d188ecd8d7;;;;;;
b90f5791cbf75fe3a0a0d86d2190dc35;;;;;;
6335fa2ff5b1294043d89198dcfc72c9;;;;;;
50d8bb63e22857a125e05890890ebf22;;;;;;
f725234313f5052b47cb3525cf2b9310;;;;;;
b0c2185fa77a4647e47d1596e59c3391;;;;;;
b92c953df0dbc6daa5fca4cffc6b1fc5;;;;;;
ebd0dd5e02a36072b95aac79e057ca0b;;;;;;
b73d6a5d7166336b93e99d38b7370cb1;;;;;;
f6715ce634d3a0670cd7dc955cc45e95;;;;;;
9fa3b48268d40086db81a32fc4291aa5;;;;;;
6515d3714d1200736a27c488de9315e3;;;;;;
17bf63a9a83fe12e5136f9d2c554ac4f;;;;;;
35f2e2760d4ca7c0be4cb096bf2f1687;;;;;;
cff20e9f89359b3e60b6f43ceb1e241a;;;;;;
910593bf703f981293cbdaa498c951df;;;;;;
fc15474bbb22739a5fa3a707efde3cfa;;;;;;
8bb88ed408e00d3538061d19342f7197;;;;;;
cacdb7dc2b9977c7ba713c4325f04f3d;;;;;;
b780379cc0479996ec8d8d9d991a90ae;;;;;;
840bb7f0453fd4a4edd268bb490487ad;;;;;;
5a63789d3de9a862f962dd2a5bf6fee3;;;;;;
0fce2cd4238ff6361e7eebf14d87adc2;;;;;;
f10150f851633d46b06379aa61307a00;;;;;;
504f66b81deb43222251aa15c9e503a3;;;;;;
133bc50d5960a102bc31619195f261ae;;;;;;
b4f90503fe3002a13ebd37d86229cda3;;;;;;
375f36a7e306c8c2aa33a4cdb51953d9;;;;;;
b35b0b52658dde6de144c0053ef99560;;;;;;
04ab3448c03899255b6c6071e9e67fbb;;;;;;
fca0f9bd0459cbf252305f6a3f2fac4f;;;;;;
760a79e92ee2a405ad0103c67c4cd3c2;;;;;;
8601af82c02ad86ed81615d2449cadfe;;;;;;
a7ffb057c8ca07a51c14ae690fce0a3e;;;;;;
6bc5ba97a2424440a4aab53f26322c5e;;;;;;
b828d7b857de0363145af166ac551725;;;;;;
9b61903b374f37f741a16b5da7d5129b;;;;;;
2d08089a8a153add4a440871f15ce740;;;;;;
f98e7e4ccab1cb23fd04c1b1ec254937;;;;;;
6a12544e28c63b6df4e13cbf1e456e08;;;;;;
f112a853595946687fadb8c50cb8fafb;;;;;;
2dbd62ba66231e868d2681aec165d641;;;;;;
66b79003554b7c8ec47d1419af41e46f;;;;;;
70aafeb0a86b24122f7df11b1d617f62;;;;;;
5f0eeb37f9cea8b98a1eaec45ef84b9a;;;;;;
f4cb043756cfaab4f3771c412ff385f8;;;;;;
b37a7392e395a1dd8e349dba0c22f582;;;;;;
22cc4631f8a132862237b1a3fd1e416d;;;;;;
66351be59ab9c0281024861926e09eea;;;;;;
4579d3235042cc7ba55ed43f005ceedb;;;;;;
5a9e3217de9204f2d8063be19861b881;;;;;;
dc07179d2e72d3a89b757efe801a6876;;;;;;
2b44cba88281a7732c4399f7a16251ec;;;;;;
0a8ffd8c494c1b9ed95ac22cd77c90df;;;;;;
792a34599b3c8c8e3d8e74746474a805;;;;;;
4a67e9a091adc202df622d182df316ed;;;;;;
0d1e33d340d2aaa52f0610d08c336c1c;;;;;;
978130ffd674a9a6fbed68499e6b2d42;;;;;;
3df61e168aee90bc5c14b0a6c8190b90;;;;;;
73e076323f151f90001c6b22c5a121a2;;;;;;
4095f9aa916c7d1da9fcf801a00362d8;;;;;;
33f012dce172177f328b9ea5b172498e;;;;;;
43cf1fd928557792c387aec952f62eba;;;;;;
78fac815c475c47669b8c70b72851d17;;;;;;
160765bb1a8c99e1be6a8ae28f844a6d;;;;;;
d291fd3bb1eeec9017ab1b61c11a2d62;;;;;;
882c5e5ad5b46ccbb5c9f40c7e51b8b2;;;;;;
6f9a90a6e77823f43700172a412b338d;;;;;;
f2fac22c7ff9451716d7fc11052811b6;;;;;;
4c6273315d9a9f22c08ffd37eb4857f6;;;;;;
b928c206aefe83a11fce79180d2ba54c;;;;;;
2e5f2fdf2f908a5d56ee48e2838f9d39;;;;;;
8f4c96432c4c4b3eb079892ee7687c30;;;;;;
757ddd216c644c6a0e71659d387adf28;;;;;;
b75230a0fe5bc1d235bba466ca4cd12b;;;;;;
e5e94ea82bd1dc325efe4262ec1124db;;;;;;
b8dc6deb3bc4522af510155ab22472f5;;;;;;
075f3958e74e409931ed88ca8b3a129c;;;;;;
7f6e7c10243b85122a8ec78c6d5f4775;;;;;;
9b3b01557c33e92790164de313f41dd0;;;;;;
8636bb1c35b61bc8682fe5478dcd6280;;;;;;
98a37be36e2445301d8361df6b1fe97e;;;;;;
9789bcbe4bcf970e7f4fd70a5e7658e4;;;;;;
980290cc80d5217966d0c054077b323b;;;;;;
270a67659ddb7edb18dc8cbfaa9c99f9;;;;;;
4af1527b5c0f360977034e274fb6408b;;;;;;
a56c68986b019b2502b53e4815219052;;;;;;
a1c970e9dd5174b9d4681fb1633ac271;;;;;;
cff85849f427014916cba9037fe78959;;;;;;
8deb52a2c286e2599729c76e379a9831;;;;;;
c4524471eecfd5c9df769bbe3b6b85f0;;;;;;
06be9e0625a64494f29ebc311360cc0c;;;;;;
fa3a75a7ba2008701dc923e1afb732fc;;;;;;
db81357f998da088ff774934a77078bb;;;;;;
6e73468374fa55d43bd8046c56f61a0a;;;;;;
48396db17104b0904cd4c0004107687e;;;;;;
21a27cdcb5dd508815d5e0b5522ad026;;;;;;
7cc075bf6235bc256323e9265a568b55;;;;;;
701f79a9bec9e153c1eb058de6406e94;;;;;;
0bbdd3e5ee2e186e6c3c202e0d8ef8dd;;;;;;
90228e5af0da95ee18187f57fced71bd;;;;;;
70d5efaa125f850f4374312bd4476071;;;;;;
34149c8df33e0a3b5cdf249d1ce4479b;;;;;;
f874ac7a4552ca97c49d00c97408d0a8;;;;;;
87a4f36a04617da96abd74debe8d8cd1;;;;;;
1a9a5713dded55568cda4af22a26d7b1;;;;;;
6a13e6758a642d76b63ffd9e77d73d70;;;;;;
41687bdb99c0dff86ab63b288cd40ed5;;;;;;
40f97f4a7d6665925900a5b0b6126292;;;;;;
2f00d39ca6d53e53a0c6328935dc8723;;;;;;
f9908cb9eefd9fbf229f2f1ab8f65055;;;;;;
ca4744c48f166c8f1f80dd8c8c94a7be;;;;;;
c8f086422edbd00f6fd2c05a2c87c0a2;;;;;;
0aaa63ab29047a99423d2807001e9488;;;;;;
d1bfb49337ac0633248a9364325b04e6;;;;;;
ddef58d708ec2941447a60b1e8217a42;;;;;;
d3566523ce319203bb6d7c1383513fb9;;;;;;
3a274bb7aba46f68f6db1bf37a6379cd;;;;;;
34b28cf8cb339868b13fab5c5bce1193;;;;;;
6df64cb545c0e3886802f3a9ad7109b3;;;;;;
b1ba9f20acbec0d2c996db95c0d66649;;;;;;
ffbc4a8babeefadf73d09d6b312a59bf;;;;;;
cd3bdbf72b77699cdad2338990bac3fe;;;;;;
c0ed7fd33f399fed34522dc2b957816b;;;;;;
79b2cce5a94acf8acddecc1f90f56bb6;;;;;;
878238bc601d3dacd1511a5b93cd2aaa;;;;;;
72394ac3372ec334533063ed660514c5;;;;;;
15c3a2308961d30a4ebf462e301533b7;;;;;;
4227513ef58cec61726c3393d208e605;;;;;;
4eb90737fcf30050c43fbc4a641a6840;;;;;;
ae8039d003fad0a46b16cee2dc2c8c6f;;;;;;
05af76b2bfb3efeb5bfe64d4407decb9;;;;;;
7c225dd1d49fa8abe7e15aad32d7ec5c;;;;;;
5c9b34d07ff20a1f69eb02f1dd7d1f78;;;;;;
1a4121a9b0e6e014afb92af3c647e695;;;;;;
709111015d028529bc2aa812d73f357d;;;;;;
b0f20e0699dbf548ad00d7a95c99866d;;;;;;
ac7dacd5c70c6db084e1b98595b759f5;;;;;;
7d5f3d21228a901afcbd79d0daf096a2;;;;;;
b7a7b2d5790dd10b6336098e1886f9b3;;;;;;
c478d2f4bb6e43aec58c7771d0594cb5;;;;;;
ed26ed5a2dd98474238bd8fe49fe4bb9;;;;;;
48c448492e4b2354f2e56eaa92c3d420;;;;;;
3953880a34421a80b8105562de8d91ad;;;;;;
df4e6effe8553f79dc41c5c7e65580d1;;;;;;
6f0dd7b6c91305ca6e836b30b8f6e368;;;;;;
de3f1f49baddfe95fd9589be75856af3;;;;;;
11289b0c1cfc0f4ef96373b48238fa89;;;;;;
ad77b4a35cdb79a8b34230fbf957d2d1;;;;;;
645cdabcc6a2b8428626458ab2e3df2d;;;;;;
a7939b57500997e6b44a864cccc54ff0;;;;;;
8ab6644df98a36b7394124cee66d443d;;;;;;
f813cde49425326ed02e7f008b407572;;;;;;
fc5953f6d1156f7cc82d0d1a06ca7090;;;;;;
05078b7c608ba97c073ef1aea27ce822;;;;;;
8a6fdd601da9bc33c89c04255c295d1d;;;;;;
8d358f8c1580e0bfd62e0fc0ea61f1d5;;;;;;
ac45d14684f4660afaa013e6062c02ff;;;;;;
abb2beacf65e7eb7dbc598e403cf9146;;;;;;
2ce5852cbd6b2e6652b1502572aea1f7;;;;;;
4304ade56d0b79ed89af222ba85e3164;;;;;;
5e8cd0fac74df9bf637aa5b68b3de2b0;;;;;;
327c44c1047b815b5f47eef902522de1;;;;;;
92a8ac1b5705728dc9191a5f7e7db9a2;;;;;;
c7ed7e7e38f3d8231acc3af19f589800;;;;;;
7f12af52da22c054c83daf638bbab7fa;;;;;;
7cdeebb35c3597cccf07732f412dc436;;;;;;
b504c4e09cb3bfe9fa27d8fd26290ebb;;;;;;
cb719429f944afdde67d77c58c5fe87c;;;;;;
bacadf734d4d057bb429e019a7b9217f;;;;;;
75d2a1ac8f9a01574450dc2cd9af2c44;;;;;;
04bff4b80d0e338b763ef7f8039f0b70;;;;;;
e2d118e58d0ed118135f2cbe8a3767c3;;;;;;
59b37e84843640140d84ce3971baf688;;;;;;
3fe829abed7d8f1419e8c5babd579d28;;;;;;
999a147cdf7002455eb028ef9a33ae83;;;;;;
2e44561515126e400af9cb9e61792611;;;;;;
55472b4dc05bdeeb6589ddd88db9237d;;;;;;
228e7d83f1343df831d6f39aa4d998ab;;;;;;
739633c4f4299bcb11a176ca16efd15a;;;;;;
7bfe833f944a4a53e64b0e5663dbf3bf;;;;;;
ad5a849b09dd0448a2616f6193e19a50;;;;;;
63dee25545ea1cd83b41c7148957de9e;;;;;;
f52d1da433df2a02521940412c5bb5e6;;;;;;
00595519f9e4d3b6bddd4e45c6f0a4a4;;;;;;
93cb7af7b69049bcaab0f590b6fc7edb;;;;;;
909e138ae81dadf8af0bf6eae45daf26;;;;;;
73e30cd0c152f8522d4ce64e5cba6450;;;;;;
218145c9875d4481a4e625ce7c46aa07;;;;;;
6b7f2e212345f5f2b334dcf354292493;;;;;;
42d5bb976f814278fa426d3eddf8eafc;;;;;;
3885dba40dd428d7fdf6e20cdc5cb93a;;;;;;
d3cc2e3c7faaac7ed18b150581f683d7;;;;;;
1b8a37f0cd8652466b1ca321269cdd2b;;;;;;
c7fc4c5413cfaa99b15132453f2ebb28;;;;;;
07308a0cadb7418d6fb11e750ef279d9;;;;;;
ac63c90da4358d3e8953aa085e900ec3;;;;;;
a88e091ea530f872988009d1317d3365;;;;;;
8a29ee55cd6200986d5e72a16bf1ac14;;;;;;
9e3838bc8147f79269e9745bb24b9dac;;;;;;
f022dccadd0689ab313dbf955bf9d692;;;;;;
43ea184885eb5aeb400d455baab77c6e;;;;;;
7706e0d8fab33a44e7ec8cd5aea8c564;;;;;;
82fbc0da4c773d03b4c9048f7eb0cc81;;;;;;
23e1fefbb707b80fad57f369c349efa4;;;;;;
f402c5d383ea83f362fe70793b9035b2;;;;;;
c8b845dd8436a89ccbc99b82a63223c8;;;;;;
f96f752fe4d27d8aa9fa286b146cb83c;;;;;;
75e33ff797d3cdad80ee01f088e821ea;;;;;;
1ec305283fe926eceeb358a993833b44;;;;;;
993acfbb3aa307307f84c5026953e33a;;;;;;
269836dada59440b399931e46e086459;;;;;;
3b78dad90824236fef154cd114fcf99c;;;;;;
1aab48f64e9ebe7b6c917b28285c568f;;;;;;
79ecede7b675e25af46364daacaf4979;;;;;;
c8ec45f891c9899f8168061f88fb8ed6;;;;;;
40b2739728b01033021aaa1083822dbe;;;;;;
3a4b64f80ca3a9f133a952d95c877674;;;;;;
4e1ccc54f9bef256a76117b9b205a743;;;;;;
37dfe922bc09deff37a680cef666cf99;;;;;;
7627896dbeadbe62135f3e272240e02e;;;;;;
5240b6d96b49215c468cfe02d5d92706;;;;;;
b7b958cfade5a94a7ccd0705e3fb8c51;;;;;;
70a752a8e7fb832ea8294116f437be76;;;;;;
a97c2808621815e568c96c75299f18bf;;;;;;
53720194ae34035d45ca510a1c978398;;;;;;
65bce2d4a0421dfc1ad75bcf4f682f25;;;;;;
1c4a5ab410d147105584af9719f70156;;;;;;
d8fdf96b6a203a4a0cb9ccdb5e3efb36;;;;;;
f5f729c8fb9babba35e9ccdb8c22b7fd;;;;;;
1ed77059cfaefec7a781db00c750d351;;;;;;
a7a1f70c84b40335610f7e996cbe6051;;;;;;
9706747f9396a75e417d7177030afab3;;;;;;
5e2307c79097ac50bea04b983cfbb040;;;;;;
3f216b3835034624ebc8cc430d4b5bf9;;;;;;
67f63294d415f76a50a47c4312ec982b;;;;;;
992ccddb2926fe1008956627773c0bd9;;;;;;
2a8dd698a8cd74ca782b882f15ca4409;;;;;;
b27c9078788b559ccb6e4d800aef2e74;;;;;;
131d5e38fcd0b08afb72de4e9c9f7f5a;;;;;;
777ba03ea7829199dea0410e1871e9d5;;;;;;
1b579cf15e497dfc1f87e66d6a0915ad;;;;;;
557b8548ea7ab6056015e8d1f451852d;;;;;;
88715b3da9deb5432c98b16eb1c2eb6d;;;;;;
f63de92a3eb8c4d2dcbcfdcc0082be95;;;;;;
dee641f5b8a9dffc9914503dbe332875;;;;;;
fcbbac514183c69001ce486244caf2d8;;;;;;
055f8ea91715fd524ee1c78b4e6d5cf5;;;;;;
e01f8c5b58cc8c2fa76dbc8631bc375e;;;;;;
853071857a1acfe49cfd986bacff22e0;;;;;;
cafb9134740222b34facb103bb496494;;;;;;
dfaacc5c1e65ad6cf212db06db4a2276;;;;;;
91131fb1ff9572511907caeba50c8571;;;;;;
19d5ec516078f482c2737081aa4ed52b;;;;;;
bba5fdae30060550b9b13bbcd1dd11c5;;;;;;
d2a3fc8379a1a92a906d7a347340e826;;;;;;
d56349d5edfea38b2dbf00f803178f94;;;;;;
231e313da752246c66f8703b3b280c61;;;;;;
63a6a6611dc322aec008e52862a60c04;;;;;;
2f65841f9d77f519900f2101eeefb653;;;;;;
32d54dd48d7c625f27388b5994641d8e;;;;;;
40e53d2f38a53e1c90b68c78cc330a2f;;;;;;
75864f6015861e3c41c4a63090646fa8;;;;;;
3a0cbd12905b07cca9821a4cbbd784d6;;;;;;
c7acef05952b222fdf869db65562509d;;;;;;
8c18c1994446012960c36eebbfef1d8f;;;;;;
96f18becdeb4255fe360a7804c22cecf;;;;;;
27ea0df2ed2f8c932cd888cbe20ea12f;;;;;;
70b156f406a43c5bf343b8dfb5668496;;;;;;
be9bc6e16872da099c3da5182f77ebd6;;;;;;
6b0537087a4fe75604ed81ff99c5dca0;;;;;;
69439372411c4b2750a69ecc7bfb18b9;;;;;;
93276623c1c83275700d24ea9b09bb6b;;;;;;
0536558fcade157f9b5358877984e2c1;;;;;;
de90d9b3d2f33d78f7f378ee7c317bb5;;;;;;
1c6cbe1c805dff7467bb528e3bad44f0;;;;;;
07b867fc9a3bb40efd24c5d723838492;;;;;;
2bb71c3167a0971addd06cda4bc7f8af;;;;;;
4b9d5fc461b185511571ca59be4f1ae7;;;;;;
1f485a5de44fca747b47e90828f27a10;;;;;;
ca17a53c189a20bb0aebc74f18e8462d;;;;;;
8594153e7270b39520f9271dc019fe01;;;;;;
77b078bc18629313a70ccfaa79edecb1;;;;;;
d0f1f77256b865445bdad03fecd407e3;;;;;;
d505b7f54ae65c6a741df21970b96c24;;;;;;
0054102e93820b4aa1df2e087297ad97;;;;;;
a6a07812efe4752b1d3c9bfd7a3b6620;;;;;;
c501e6d5ccfa3dabc5343f47fb5f39ca;;;;;;
de06f2a22cc7d6967b333beb98414c0c;;;;;;
e2982683f4f01c9de2d5d39aabf04559;;;;;;
8dcc84719a56757b4a88f77576d34283;;;;;;
cf7091c5bcca605e3f80fc838c0774a6;;;;;;
e43fcdb9f57197a2b8d89d3406a19ef5;;;;;;
007ba97e82428ee8c6d83ab359cb59f6;;;;;;
51ac7c8031a687292a5f7b23c0045dd8;;;;;;
19edd517c4b99c4b6c9ebb0b146601c5;;;;;;
124ec43c2cc02a45724c67973e15f3bb;;;;;;
4b2f70dd938f036dc26fa35bdbdac2bf;;;;;;
952e41eda3b72a6b5cf4735c7b16f9cf;;;;;;
ba87d80c36e7f5b7dd8d5306f990ebe8;;;;;;
f5a07995af64247ce7a3f2525fbd1b58;;;;;;
ca134e084d3f94c24837de4b0ad8e91b;;;;;;
f397c891687aaa75f67eaf31ffcd066c;;;;;;
73d6b08d47e3eb3fe93d5b87f88ae399;;;;;;
5d73967c92d6ba57d812da315c7dbf55;;;;;;
dc3ae061efcc2e75c5b0f99e5b0008a9;;;;;;
474669af33620657ae356bab78394899;;;;;;
4f02284c2ef1cc73cd2b831ce4f5439d;;;;;;
f227a9a1bec90ce5cd68667bb1c6f4ac;;;;;;
740e750602724c71def4f4741e3b9c55;;;;;;
615c873956e8239062377caf65f47f0d;;;;;;
24f76c179be5b99a55396b968d730a93;;;;;;
a7b395fb7578cfdaa1a8b5c6c3d889f4;;;;;;
6a5b3a869583e1e94171a04a3db7453d;;;;;;
7106984579059e973274fb772d2c22b9;;;;;;
02c47e22e4cabfb7b835d95be1b21fff;;;;;;
713bd3ce8619589041af061831de58c5;;;;;;
1f577e1894b5aa59711579d23a32b2ba;;;;;;
c7af52c66b78e06ed5aa00ebc5099eb4;;;;;;
89a91f9276135a5dc97d41e872371a3c;;;;;;
4b141cd5c42ed3513b21e89893752a1a;;;;;;
14449a041838fde439793e6398253a56;;;;;;
5538edf56a38963b09dc87848c8a1c80;;;;;;
f4e724212d7931aac36149e419d90989;;;;;;
a1b1b4b4d53fc67a0eed8c2dfe8da3a1;;;;;;
ff617b7acd207a56fa69607f66f8b8c9;;;;;;
600416c65706b906ffe87ef627ba19ab;;;;;;
34a98e73e57613a5338472347233403c;;;;;;
e9234c2defa905577f06a73a94acbbab;;;;;;
1cbef998ed0dcffab19ebe07f71d261a;;;;;;
04b7e28ead2a7554eb3f27737c6b49b6;;;;;;
ba20e17ab3ce961d6904572c6b992b11;;;;;;
156e32a57ac0d1e87b4d582bdd11d11d;;;;;;
ca8aaffffec35cecbc9a8e3ad766642b;;;;;;
e9ae599aeb408d8dfc3805eb56754d37;;;;;;
29f1e4d0736fcd2737511a9aaa226c68;;;;;;
77288ff82fb626d80d619eac9b716a61;;;;;;
233d71247ed272341f740dc370defd7f;;;;;;
96ea18dcdaf7301b622e88a9a52ff4f9;;;;;;
bd79f2a2cda9b00fc099bbd5d2483b25;;;;;;
c68cd0f252a1c9afe49befedcac44147;;;;;;
923c184d8848c35481d69578ec549009;;;;;;
d66579ae744f1d2f7d72357259a7392a;;;;;;
6ae517ee65fc44a6b985f1d971f3fd81;;;;;;
2a6b39543dc278b984096f4449001f24;;;;;;
5691e1798f624fc7e55e9a3f772aa881;;;;;;
fadbf88195e83c971fa504d7e6c50a8b;;;;;;
0b1e51987d8d889437fc1dadb6753e67;;;;;;
3a67d7210b16267c2081bc2516dac5af;;;;;;
0a9b71adc7fa33e7ed2de12959b91620;;;;;;
fcd813833185767fa0d88d3800d4c041;;;;;;
e392b7f2df9ba0b09605006fffeac0d1;;;;;;
f4ff95a23fe9a5fa43fde77230c03de5;;;;;;
dd2cef84acc934d081cb486a546d85ec;;;;;;
204577fb379bbd4345669e1aa7b28483;;;;;;
8142b314b9d8ab38c352e3bc5d4bb63f;;;;;;
20c3a1809c4af13ff389bb6369fc99e3;;;;;;
f88640c5b565ead642d6c04dd10067fe;;;;;;
3dc696354cfc30034233a6fd45953fad;;;;;;
8426c31acc1fd150611a262d7a6f3d88;;;;;;
a0fa77d020a13759d4a0cad2771194fa;;;;;;
2391e37d35d44c0d975684c773898025;;;;;;
4b2f0e2a9a78ff5150a19963a34a9403;;;;;;
e0e471d5eaf8955a3909ca9bdff90d83;;;;;;
9ca66af9db163d2b327789ef072b1156;;;;;;
a860985979808a156a9475406d615566;;;;;;
a24b2353b8445c55736fa4fd19596b2d;;;;;;
4aed8c94d54b49925f402128c3bff3e9;;;;;;
f6f73c706e6cbc07e3a0cfcddff6e13e;;;;;;
c9b286aeea822914f9cb0163cb2ccdd6;;;;;;
0f36813c03629413909846ec4810c223;;;;;;
d1855e2bf803a7bc555480c70ba0fe2b;;;;;;
cc682964f0d9492b480fcd8309071fb2;;;;;;
7d761717c60bce53d7cefb1405cfe73c;;;;;;
f9e986b44bb17a56507ac976612de930;;;;;;
10c6a96d9f6763f492d7811ad3007d8b;;;;;;
b0bd3303350935e994bbde9efd2ac644;;;;;;
0692f9819f1a70e924ede42337935468;;;;;;
d8dcebf0321ba0d1f90eb0440a3c4019;;;;;;
fcc571526a35fd6eb84ac1b907659967;;;;;;
fbb24f695178d1ac4a3810bda60fe52a;;;;;;
1bca41f9c6c227461d9f68d7473d4cb6;;;;;;
fbe5d22a24868c0796c6227f7ce997cb;;;;;;
64eacf10240f55c596b477303d98e71c;;;;;;
a34b30a265d150481a801b9175c332dd;;;;;;
7f1588f2146d3087de687be56975b47b;;;;;;
3139977be314acb50cfe64849e961fed;;;;;;
da44c84000002032381971afe3bc2e15;;;;;;
88a7fbc338cc352edc085859a3e1e3d6;;;;;;
a0678b29348a23bffe4083dad0667858;;;;;;
1a89c261960b25cc131838dd12e1466b;;;;;;
5b499b1c203dd232959c1665121ce764;;;;;;
193effff7f672a83d1b8a381a7d6239e;;;;;;
24ac87c6bfab36d43ff39759f1b46c07;;;;;;
708107b01896929519d47e31800dca3b;;;;;;
b9cd4cc4d18e412e51380c929d1eca98;;;;;;
155972affb20383421bf761a51621794;;;;;;
5e813016098ebdd17cb4aa1396fedea3;;;;;;
d835c3c77b6d97b011feb306fa828180;;;;;;
ca1c07bd74ca3cd2b16368c6dceba0fa;;;;;;
a7769436444ab5b19e116155bf440be9;;;;;;
73bbbc80f7e84faabddff03b7e5b3159;;;;;;
f9ab5e7e404272245f4381955522043a;;;;;;
b8be27920044a62fdc00f76c10fb6837;;;;;;
5ddb26e679b247ce33935d626b12ee43;;;;;;
0f18b3a1c2f888686b2b774d90cc9e70;;;;;;
929c8eb0b245ee25a1b1222c5124c040;;;;;;
7547523ff00765813b3bea9eac9190a5;;;;;;
caf83c71bb8cdc67d6eceb2ffd42937a;;;;;;
6734dd16c94cfa3880867bd9c582eae5;;;;;;
ee36d770c88fb65e889dec466e902d4f;;;;;;
eebe57f976d2c42e8bd51934fc3ec546;;;;;;
8cc57eba5551ca6a0494288585bcd0cb;;;;;;
6a4b9418a4cfcc5b1865f2a295a15afb;;;;;;
73f8f362cece0174a116abf62dd11599;;;;;;
108b7f18567ebe65de5ce1564c0c1747;;;;;;
ac6d795a2a663787bf3a1f9f8f0fab78;;;;;;
0c53d84d1401a3e6f70c832fefa63495;;;;;;
96007a32773de4a4c61f1604846ba4ad;;;;;;
2c015cdcdd092bcb5ff50f4461e606b6;;;;;;
08d005d0e7c1f572d2714c8c32480df9;;;;;;
99a51c9890dca82e352047956cf31f08;;;;;;
0d22edb157abdaff0795d8fea859e57b;;;;;;
0978e706b76f8f3f31d1f1430c2b1a6d;;;;;;
3b11926f18557c05bacbe38a29e17882;;;;;;
652aa0c6f06a540925d4b9c5409c0291;;;;;;
00bb99c3ae72941d9a6ee12f26dc4ff2;;;;;;
1164905cf8c2a3cf61023142a040bcc4;;;;;;
97853e16536229cfe7976d62bcdaf7e7;;;;;;
af7b5fd2f15753375e7b30ec0003bba8;;;;;;
1b14f825b0554be0bf48bf17ee377ee4;;;;;;
989cede736ed7490c1f1b25e21a3ad8a;;;;;;
a1caae26ecae652a0b5673a2c377019a;;;;;;
bd1aaea7c40aa7c599dfe284b47febb7;;;;;;
5fa31c0b9cca1ef0c5d9a9a27b310200;;;;;;
5b0270559d1a76b690e041b5da2d3644;;;;;;
dea08d9e5ae278fa1e8d1bc0b6423b58;;;;;;
1fcad80c43b1da7fdff149d0e8808e76;;;;;;
bd42d876765251d549a19002381ad5ad;;;;;;
44bd34f1e02b18560559da503bbe5abe;;;;;;
79c13fab271a8aebfad77cd4e3fc608b;;;;;;
5ff8e35227d578412235a3a4949b1063;;;;;;
63a7e2d5aff3ce0a0fbf93d42a3dc8db;;;;;;
773bc1579626613ac011d191636c08bc;;;;;;
c5f603be4e3fb5399046a692aeb96936;;;;;;
9f9107b959e8229dc664fc162b94c1fa;;;;;;
04ec86849133f6355a22eb1e2120cc60;;;;;;
765d6781600542d4324b61809e91ccc4;;;;;;
16c3d1a77fe589ca6e79316f6ea148c9;;;;;;
f7515a5f3cbae6d334f7e8bbce34d6b1;;;;;;
b6d1ffd863a56a226b936160a8419a15;;;;;;
8f2737d2e0d61c3b8af7c732a43ba127;;;;;;
183e0c276f533a2e79b84325a5a597f4;;;;;;
e200e818f60e358ce171482e02146625;;;;;;
ccf4c83977f53ed689be1957ae69bfaa;;;;;;
6d5f3ea28438ec2baf7d53c3ff07c571;;;;;;
98ae07f144adfb383260f1916f439349;;;;;;
8123cd4b74299f5bc27aa5afd76605ef;;;;;;
731b6c6e2bc4647daf29fa917330f225;;;;;;
d988a25949dcb77569ff9c03ab96bd6e;;;;;;
a79caa15aa9a86b37313e96a62300c86;;;;;;
f88266232fff7b4c35bc22223213ff01;;;;;;
473b28dbb3c819179585d37c696d1943;;;;;;
d5a873fb4b4406cebe2525cdc02da5c7;;;;;;
6ddab15918e541fdeecbf05a0eaf5b65;;;;;;
cfed772906b2b1dab553e4ea75906315;;;;;;
b63042293053ea3eb190ed29ea8bdc77;;;;;;
b8493bd1ee65ee79cb7e95302fb58e00;;;;;;
2d8b6d541a48f1920be0264dcaa86081;;;;;;
5291c579435cb4862b628cf46a8ed0c4;;;;;;
0afd4c63b301fe2d8c3a295e2da8889d;;;;;;
af3fcf5ae227a9c2c1475b9a8261e1d9;;;;;;
4eace5cdf7af39f3886dbd9215554cdd;;;;;;
72a5febbff7e5873df40b029d12c6b66;;;;;;
3cfe2676dfc21d639286e04ece906a22;;;;;;
05ca73372a171137fef2f98c6b03cec7;;;;;;
dc11d0c18e9a7fe055e9358ba19bb658;;;;;;
a452df8f7a68248a9ba11ba109586c79;;;;;;
1d53bf5a46fbe288e8a84f4a377820c3;;;;;;
4f970143a312f3bca088234c8e37d173;;;;;;
1f1ee9aad1de87ee8531202a920d1b2d;;;;;;
2d30d16657f529fb962af9654e4c1db2;;;;;;
69195c1268dfae5d8073f87f5e6493b3;;;;;;
52859c54b35703a33606a86cabcaf269;;;;;;
ab90480e180916bc7f604fb1a2a443c8;;;;;;
975dbb59cd898c1c9daa63f1a8bb9e89;;;;;;
6af250a98e8c0caa41c3c0e58f471f14;;;;;;
7be3f7d18b362c84b6e9abb3e70407be;;;;;;
56390a08a7179578d4e2976977a86344;;;;;;
4bc358b73aa6db9a2714955f6460941c;;;;;;
5c2616155f10a9515b16cc6c66f91286;;;;;;
87c8af4c8182658cf5f37ce016f4bad6;;;;;;
a0dfcbd56afa00cc30ad70afc2bb07dc;;;;;;
0899d99c828213281129e81095af36a4;;;;;;
bcafb8e0452b21532e10c5acae449f79;;;;;;
e2afada9a1faa3335a4e6dcb5b7f4a0b;;;;;;
370d923d0c920781a104c2f78650e346;;;;;;
fe091d88d91d957438d68715583b8b28;;;;;;
df59d9efc3243de45b7552bcae907649;;;;;;
21bc9996e1660dbdee69aefa67c27dd7;;;;;;
9d85d35c3302c2aaa62d667225a1bd7d;;;;;;
6c97b5db978a8b6165f1338e58e73269;;;;;;
98803617049e370b792058251d6f8a56;;;;;;
d922ac4207fe0d6d0ec57d5ce6c94d78;;;;;;
11e56c30d29da0fe1fde38e9d6035f05;;;;;;
ff67cac0531275a08be541be82b427a5;;;;;;
8552f85eabdb360eec1b5810ee9b8bbe;;;;;;
1fa0fd4a09e2f50d2c49bc19c15cef24;;;;;;
2c6332132e67aa23d0e254cf8108ab06;;;;;;
4ae379e3b3ccc4b2438f0fa727220341;;;;;;
51bc22ed39ebc894cf7cc30a66676f06;;;;;;
2cd12414009caa697a60339cbff5e16b;;;;;;
7e926d61afa5a6bc92d9223e17fb3f4d;;;;;;
ae9cd96780ca83e4c795b1cdd27e0bc1;;;;;;
b160981ac10c54cc682906223fc66acc;;;;;;
96eb758e97282f381051929f8f6ab51d;;;;;;
31da9eff88a81f1d90364c0bf1e17720;;;;;;
a411b88e36ab95e5fd6b8980ed23e4d6;;;;;;
2e9ba45da85f63ca7b072b090f297c1c;;;;;;
0275226bf7bd24db20d484d5bf3ee08c;;;;;;
9c6de4d443640a64c5009d4e63867955;;;;;;
f8937c3f17b11d8af6db5ba07ee9b90e;;;;;;
a2c5965471d53446eeef8adc2c5fbfa1;;;;;;
d484d1eea4bab7160943681e6ab0a73d;;;;;;
cd59726bb69045fd1d339d2db7c674d5;;;;;;
30502b5f5a5b59d7bbc0f4d5695c0196;;;;;;
d5f80f777cbbcc0dfc0b24d5e24296be;;;;;;
8d616174afe741a1b661523950a1d7f9;;;;;;
c606480c33877ca79502caef8897fb67;;;;;;
8a7d17cbf770ecb4f9102e71b210cc32;;;;;;
94414a352ff4882b3dc3183006d83ee3;;;;;;
50203d0236a7c726748c138fcc0e6785;;;;;;
7fd5009b4bc077ad48b7eb24df234aa0;;;;;;
db06a8100fa9f4bf892a9571ed11a74b;;;;;;
66bf62f303326a806b0ba96c74fa6bbc;;;;;;
9e9f9f02a4665eea704699e748290c7b;;;;;;
f4304c2246442e54484fe9188dd8e854;;;;;;
385a7831e6aeb32fe23f135f1055218b;;;;;;
7b1318d6bb1cd5252079520895a25922;;;;;;
8b182a887dbf77a2c2e1aa9b901a102f;;;;;;
90f698934dd8086af4ac49e93230cdfd;;;;;;
e869de8de7616f771323a5d40c27966c;;;;;;
d1d6ade70734dcdecb420036b9a3824b;;;;;;
5425c8b79aa6c65763ecbf021b1dc2c8;;;;;;
190f32771c116c10c50d00334946b674;;;;;;
4fec2e85a8c293f6320b37a84b803e6b;;;;;;
c82336fc91a2e1eda74245ccbc6fc0d4;;;;;;
01a5983c5b9ed3a2e2b4133db618e25d;;;;;;
74907c5dfbe09c1dcc3542992877e53c;;;;;;
ca75f631fcbde70331174720017fdd99;;;;;;
86952d58e6f385fb58c5c5a3eef1a403;;;;;;
d9335c64a7ce0a02aab4eb0e7441345c;;;;;;
8cb4256a84392e99e09e73fd942e4f79;;;;;;
82531cd488ecc2ad9fc048e29e5b0b7a;;;;;;
a9ff08a2bf0cb2d27cc998a8cfa47fe1;;;;;;
1ac51fe73cc15e7b22dccff900890d7e;;;;;;
5fd49a90385768e516b3b2f883ec1ecc;;;;;;
fce246101de9c9142fb919bf48bf9980;;;;;;
afeaa9d6c1e7edc9dbdd1e38f78ce09b;;;;;;
4ee99bd84939c220196e50fbc9c5836d;;;;;;
e5fa899654d624c555535be43183716d;;;;;;
ff581170fae6676e35809ee0b2ef89ea;;;;;;
685fe2beaf73d06f23860e653df85a4f;;;;;;
062f336223c53ec622306e4bbb02cdba;;;;;;
0bd55b9b32bde9c4929c9a2fdc555d41;;;;;;
19041c57bb5520072a7c26eafe2cea3c;;;;;;
f518e916a57a3db98d250d7cd931bbab;;;;;;
2a5fd36b3b656d4c023c6420f781e4b6;;;;;;
a6f5724386fa33df6928cd892c13478c;;;;;;
de341fb6d57ea0abc89be999df75ce2f;;;;;;
81bd172d3e9a1387ffb46912a0af6b25;;;;;;
b7e1e9e3714dc5fe8264a5fc255586ce;;;;;;
672d4e83815a5a1c4c15fc7395f72842;;;;;;
f064e05d4550124483057659bcd68479;;;;;;
fc7b74ce16b0278712c509628f08d230;;;;;;
fdc385b9977373738256e7b86e7feddb;;;;;;
2943ae0c111ca328ce081609aa688362;;;;;;
6bf8c8251cef899e0559d6dfe30d161f;;;;;;
909832296aa97699c0ece9afa98eba48;;;;;;
ecba274ddb025cabcc87da83143ca73d;;;;;;
1e9be535796aee94391ae88b793f07b6;;;;;;
493f101ddf18d74858eb52d2af9c8f54;;;;;;
df96bfd41234c8d48320d25b429ebe17;;;;;;
6fd394f3984eef994ad986786ed9fe96;;;;;;
1fbbb791422b806a61b5397ec9e2152c;;;;;;
4999d0614f4423b48b9f7fa35bed7e5b;;;;;;
a06137b3102b81ed9847c72c89c53b9c;;;;;;
365c8d8587f258095e8c2a7413cd71ee;;;;;;
59008bc12d90b088ee9096d1df5c899a;;;;;;
0d9b0d80437c78f0e97bdb1dc63cab17;;;;;;
d7c3a48c101eb192b216ec47bcb41a72;;;;;;
6ac8b542d47121bb23b2561a6a3fbf17;;;;;;
08c9de10adab189ff5993c7056b39166;;;;;;
1d9bb7c9b12534162620005b4eb74332;;;;;;
773d556cd2e9d6593657560dc488287f;;;;;;
4004320dc4f795c88161afd02d526e48;;;;;;
39f36c13de07e2278ce36c57d54d4c9d;;;;;;
910fef7b01d8afc3bb1603c86a9cf9e8;;;;;;
9b3e56c9afdf0b5945f97a38411cc0c2;;;;;;
b07aae98744f8c58e65e85fd705b9b39;;;;;;
77c1b98eb5281372986b8038f8ade873;;;;;;
7b262dd6b3d1dca996c0296a31d7d93b;;;;;;
d19c503c7893a1c6c2499d1480e81b9f;;;;;;
7b862c5c1b817d074e9abfa366353909;;;;;;
0a779c4b4770b92d3c061028f2c1b66a;;;;;;
ebba07f6f2b72d8a16ab88b53cbf6262;;;;;;
6bdc0076393eb5bb318453c43c5bfaa8;;;;;;
b3c7599a0579d65c90a86c77b53b141b;;;;;;
f4e838196f3f742eceaf5c51fb702cbc;;;;;;
794b8ea0bc405f69332120da6c87f6e8;;;;;;
85f226063b3919675360d3c34e8a5898;;;;;;
d7064814c67a396f598df6c7663956e0;;;;;;
6fb6d701e7a088cd8afa04e39cebe70c;;;;;;
c940a4d0f5cdaddcbf9e7f2cffacab7e;;;;;;
8184ac3510df6d3bbed82e690eb90b8d;;;;;;
69020d1e144e20c7c0bf7b5eac47c903;;;;;;
ecf067af445a6048e2f9c52f888ceb1c;;;;;;
4e6c20ee443fd0bc11a7b7a5cbff2ff4;;;;;;
3a44c3e6343d71237382a4aa37606093;;;;;;
155ffb65861650bebf27c8258effbe71;;;;;;
4105041bea7613bfb55f795b45da9212;;;;;;
b17260feeecf139c205fc88ebacae096;;;;;;
f5e5b54d2fa5e84cf034bef44643360a;;;;;;
dc0b7b1423f5e15fbec2d0bc9ad45025;;;;;;
ba1f7f07f694723ec369373f43930751;;;;;;
067c29082a6cba3d11da0344e76513e4;;;;;;
1de34e63859f3b1ea68f2c9bbca72949;;;;;;
f6b82bbc212c3eec71259e0c1b48682c;;;;;;
8164bb84136ee5b7d7d221f689d64e72;;;;;;
b39bb5d0c5d2539526b196c6a7a68424;;;;;;
b3b490984d7025692ccf10c0643c1d9f;;;;;;
39ce93c3092d86e34a6f4846bffac323;;;;;;
31adcb2e5b8afe77bf25e92d364ff05c;;;;;;
df29d48b89c2bffa4e381daa4f33ef64;;;;;;
cabb9ee6181a7ae2686f433fcdbaf430;;;;;;
b368ee2b036bb1dfba33cb1311abe0ef;;;;;;
5abe834527661023bbfb3e916f743caa;;;;;;
2e0649f6382cd01c4cfd2173eeb27f15;;;;;;
1954877117d0bcfd480a3680729e7c55;;;;;;
542e1e21e04249d2fdf1531f5def0338;;;;;;
bf922949c7e745f92552ef195f14419c;;;;;;
f994a5629b744e9ff0ab68f54aa1289e;;;;;;
8faae1d0d00e1f0dc8163a2b5c08f0db;;;;;;
138392cd0746e89b0029891a71a89a96;;;;;;
0282b9cdc52e8aaae160eecbac37a84a;;;;;;
a48f3b5e2a7bca2ce5b0384058461632;;;;;;
2a5a6236054d1e8a81504d148bf7dd01;;;;;;
174be63e82987e7f5628c082b7c89fc8;;;;;;
8addd01ce41ce0bef8f358de6dac2de7;;;;;;
3d76a1f26d5967d23fd4a700342eace2;;;;;;
09ffefa5d58b4eecfb1befe569f91b94;;;;;;
3fd88ae9d8c28ec128cc549da30ce3c3;;;;;;
84e0d13a9b3437f2d2dbf3ff766460ec;;;;;;
54ea35264233caaac674066aca2bd47b;;;;;;
2e54ab7bcc2086eb2903cc1c8e2c7ef8;;;;;;
239874fac029a5b2f0c7f717e6a7b4f6;;;;;;
1e918328154b90b69d261811cf3831b7;;;;;;
70a0779105c07d614d89b3f56ec33d3f;;;;;;
7a85ef1477d20908f3ee90677b67a942;;;;;;
47425e8e5d2e7cf818c61dc7a4fffa92;;;;;;
f5e9b935c907b9f747fc1bec3445e029;;;;;;
84f886de6628cd4916a27fa074e7138c;;;;;;
a1230df869d9bf8d3b9be931cebe0a43;;;;;;
29be7c2951a9a8c13fe87587c56171eb;;;;;;
f1c2828057023f67ff16eeb2fcebdf9b;;;;;;
dcfbcf936069976b52096cb6075be0a3;;;;;;
f068aa703636cb9812439c876d2755ac;;;;;;
4f7e28fc14dff9b7a6eaa684cec5fe90;;;;;;
48422bee9281f81e01b40d08999053ed;;;;;;
d64d2f67805ed20ce297f422e3756cbe;;;;;;
a02a1eb5ab31e0f971e399e0c5720ea4;;;;;;
c570cff1dddfcb457af5c220ee906fcf;;;;;;
00b08e7aa27e8dfe62fcc956dbfa48ad;;;;;;
d24efc49a6afcdcaea9dc9156f310a9e;;;;;;
ab1b4eed28fe27e220dc7b95436efdca;;;;;;
3a1a536358e5f9e28b7d5daf8cf43146;;;;;;
db5c1e0098da449e5ded5d0c49fdd2e4;;;;;;
a9724fab8e25385dcd872613016fa891;;;;;;
91b3d563114a06be2a3226e602635193;;;;;;
84912ed0cf4a0d9c181e5cce5844c650;;;;;;
b4949efb074686768f6a555bd01102af;;;;;;
d3663aae344f385ebab71175b60a4d3d;;;;;;
bd0439b34994652520adfb15445d15ed;;;;;;
48d768ba1c50b32210df9bd5fa2ba1db;;;;;;
35354f6e3f11b262039b1f2ab6c15983;;;;;;
29597909ae2e78f80ed5bbe90ca1f911;;;;;;
a44cf68fb695d2361f3ff58c1c32288e;;;;;;
8abc40de9c3b433fa3fc7b0dba3c3e2b;;;;;;
dbfc196aa3d997084af8da3702098291;;;;;;
4476e7a134c6805ecc7c9f95ddc55c6d;;;;;;
1fc2225ff374ee80c7c57ba42a40a953;;;;;;
ff95b29257e197473baf27073990e5ed;;;;;;
445488118fc804cfa6c2c63a59ae945b;;;;;;
75638bb29aad26b3722daef47ebea343;;;;;;
1cb50aecf1cead97da4e34a445fe269e;;;;;;
2573624a08be06cf97a3118f2b019ffe;;;;;;
691c1571aee6d3d64918acd10654a310;;;;;;
69e3b10cab2f2c405872f4e2637a7fd9;;;;;;
edb457e89fd3c1345ad363c652fc2b1e;;;;;;
686114be52b7f856ced2bcb02be202e5;;;;;;
9dbfab47a06cb4fa7b47e414a1dcbd1b;;;;;;
0759e3a2ebf13f5396f69a45dddeb6c0;;;;;;
312a7c204c9d5dfe1391e160610ae2ad;;;;;;
c25128bb0cb62a29309a67770c6653a7;;;;;;
35a187e08a7432797c6553819a9a2b7d;;;;;;
b6aae038ec0574f34453908f2d603f2f;;;;;;
1a0f75cda431b348d66f26facbeccf4d;;;;;;
88503ac2698c8a0d9a0e803666997c5c;;;;;;
0f0dfbab22eccce256446f3c0cb26d30;;;;;;
f163f3b71feb6a6d000bb6c3e135e145;;;;;;
2ef0e1e41f391675e5ab59053f98a1d0;;;;;;
1ab9c13f8c04a4a117caab6c7e5ec235;;;;;;
114f7fcb6f0413f8e8dc6040caee5fa2;;;;;;
02513d0ebe489c3a46f8948cad771069;;;;;;
379be7126280e73fd3b884e1fae6ade3;;;;;;
65d4f98e1329afce12580419b3120127;;;;;;
ae79cb35e365217b082c72e5eac522cc;;;;;;
b2d8c32159f364982ad6342ae8035ba9;;;;;;
d9a8b0ffae00e7ee4c189fe0f55f62d6;;;;;;
bcc80693ad7ceb1a0f94c69a28949291;;;;;;
74f313f4db45e00a45d054fd43130beb;;;;;;
c1a42117c9dc94382cab3d4d3bf7bd2e;;;;;;
9283fa719ffea89bde0d5f22feee7dfd;;;;;;
eb308a961436b3a3bf8284e935eb74c2;;;;;;
1b40c66c3803109e83708b26579b6055;;;;;;
a169919f6263a339d099257f40f651bf;;;;;;
b006fc42d42559ef0de04163851825cd;;;;;;
c8375cbf5d9870e0bf6baaed7684e888;;;;;;
00f23bc6ee6e99ff1df92ad1739f823c;;;;;;
c5cdb25a0dc00c94ad183f5b39f37823;;;;;;
38f3da9c2e6eb09b239240a1dc757ac5;;;;;;
b6dcab4ae74f2baa7ca4acf427c3f983;;;;;;
630a774a88f989cdf335490b12154560;;;;;;
6fd6ee7b6a1da5d8b6b8aca3ff659919;;;;;;
5069c6f900e929bc7139844c53ca36bf;;;;;;
d5933da94e76f22da8061675e12d86ef;;;;;;
7a8a6e4dcace79f802bfcbe3aa359c4d;;;;;;
40d94f551d112f85418c2c88c5757830;;;;;;
fe17ca63c53f0bc160b750f66a51e4f5;;;;;;
9c8d0e9c721da927ba14b9ce3da693bf;;;;;;
6e2869632c01125ba7cfef2fa90b010c;;;;;;
e5783a58f0afb6307cc0115cc91b4e48;;;;;;
013013a0a2b06083c45dc67a361f47a3;;;;;;
044a882b7197dca0b2fc2fd2d9dcaaea;;;;;;
99e656c8c6f8e1394ac18fb585b06bc7;;;;;;
d022f0441f9e8edbab8a8f604afbced0;;;;;;
03d19e0a5d4acdf93d124f1fc9f69af0;;;;;;
cd4d53824351e968499ac965e5f156dc;;;;;;
edb413bfb193cab7b0ada89a418144b4;;;;;;
a7b42a3b4baeab67bf67a0449e534926;;;;;;
b407ffa1dc96448eb7ec77fe88357622;;;;;;
d9ea2dc02753c2cd2a38bb63d4239cbe;;;;;;
92bcd7eedbfa31ad90f2c1d74e73b05d;;;;;;
326e9a30a86230d64a6287726b24ec71;;;;;;
921c3e18451ecf201357157e34d09a69;;;;;;
00db34ab9ecda99012f59afdccaed963;;;;;;
a693428023a437015cb272e3978d3435;;;;;;
3cc0db4c1340639a6c00477a1d706b68;;;;;;
94730e067a57a4b880c59948a224f268;;;;;;
b7615bd70c203fec749193be1befed43;;;;;;
c0f690a65cf7c326fea18ff81668a0bc;;;;;;
fda7f2cc2712d95e0f1f1ba2f6631e4a;;;;;;
faa76965e425719d2346be79053b8908;;;;;;
c536857a1aa0da20bd351da9c3cfa7da;;;;;;
895b3dfd7803d1dc65e0420dd6e3541c;;;;;;
4fc92e8b113ba143c6f5db20ffd30b37;;;;;;
25034b9cbea823d2f24d9ff8ccec1216;;;;;;
ac54066dd72d0f15ea5743e208a11295;;;;;;
b1345ca33239bc5f2828e6ca78ce26f3;;;;;;
82f91e85078913c454f3828f20bb9689;;;;;;
f5c5eeee8c08e1ad3545438e2d429d3a;;;;;;
9343c694a00a166a4a47a52ddf3e8450;;;;;;
91e0f3691ff0515f07e294acb922151d;;;;;;
088611c82b8b9d55eaa2e6b0e0a6f3f9;;;;;;
ca23b66badd2f1420b2d82fd523729f9;;;;;;
6a73237b58089a09fda1f8973abbb4c4;;;;;;
bcafcf947dac96baad665f5f17068089;;;;;;
49c3580edec1fb06c7d88c034f2ee3b5;;;;;;
5957ec6212236a8430ca52266fb13c45;;;;;;
4d862cf219076f41ecb0dcd16d40b674;;;;;;
ed3d059041e7a4612f2d5f99a77e3acf;;;;;;
0e33d36a4eada74449c5f654cd9922de;;;;;;
c73fa5af463377228f24fc1cec29f340;;;;;;
de6ce99b029f63f8c6c4d959acfee5c4;;;;;;
26342f840fa627fa59cfb1cb72532f9a;;;;;;
e00c280b83c3a8b6f460f80dcb7d6152;;;;;;
5f8a4676798bb22a4274e72d145b2d0e;;;;;;
243e5683845984a42f45fc04bffde583;;;;;;
27d52f03f62c36f022154a40af960f27;;;;;;
d6a0df2ded83bd949bc2ea3bda52e748;;;;;;
2b4d1dac2970110d7d5b26f01a49a59d;;;;;;
c7ba878337269d5e3b011887ac48ada7;;;;;;
8482fd1673650a81e53f5849ce5900c8;;;;;;
09bbac9ef177f99a94b4851d0cd5ea16;;;;;;
23b7955a619fc559ec4bae4eecbda65d;;;;;;
ebc57129dea861d01276982b95f26608;;;;;;
c3f38e9005df0ff58f0ef2893231e7a3;;;;;;
957cc1954a70713e649b3dddd84df63e;;;;;;
431ee9e210eb12071f1c957b28e6f90e;;;;;;
cf166b5463bc0dc5dec22da3f258f586;;;;;;
b2119378d58c212283759444482e2209;;;;;;
3d3291de144cd44bf48301b0346a6148;;;;;;
968d7964ceb5418a340d32442749bd47;;;;;;
bb0bac148d813fa55a9213d96ff14a35;;;;;;
6dc24bd751a5ab9cb0a6d322c961af46;;;;;;
66aaf3fb1f939f89b9c66bcb400d412e;;;;;;
cbc96e527f877e5e106024cc210c2911;;;;;;
042914cd422c4bf5e081985b23c455d6;;;;;;
53dfaa752a644ecc586c061c562e4d1f;;;;;;
358df6c723a242e0177f51b4aed2c1e2;;;;;;
a60544072e115dc1f985ba97fbf824c6;;;;;;
ec0592b4ccd429c404e965f531ba57a4;;;;;;
c1f3e12de105bf8ec8e2a70d46917fda;;;;;;
bedf38fa95569bdecf202635b6c85ee8;;;;;;
b367cad1e68822fddd2184a780bd8ba7;;;;;;
6977482887d30bebb97f98cd754817da;;;;;;
30fd565d21f1f7ed517b6f03c63aedce;;;;;;
12ab5370697e56b97eb1cf0f7ed2f04c;;;;;;
06b59584bdebe344345dac988771a780;;;;;;
b4d62aa32e6fa088c5c5553d9376450c;;;;;;
52ccb9cfcbf0709241679c961feb3a11;;;;;;
90f167c9dae4347a7679120d33cc8099;;;;;;
d4c0b79cbf7b28f24f3ff26670fedc97;;;;;;
7d0d1425962b9ffae05d52c9b37b8b10;;;;;;
07e3d5930757d935ff01a9c60ed40f94;;;;;;
9b29cf0b790f7b339978b3c0b6161c5f;;;;;;
1580269628dc09f21c9c1543be2f89a4;;;;;;
4b4be4000db7f43b9041b7f4b4f4c09d;;;;;;
b5af7b861b3e424325bbe1760c740f17;;;;;;
880dd096c2ffbd12472b642fdd4e9268;;;;;;
85b2920147fd736ee21a2ce067763aed;;;;;;
26030498bf40c900a9f3acdc20a10ad0;;;;;;
e7e6a937067d379f4b16b6ff11fd3cde;;;;;;
f6857910c144a087968fe6a9f35d0957;;;;;;
80f6e60e7b2242701c52f260002744cb;;;;;;
9555752b3d9464b5ab56c90da4076248;;;;;;
90e5032a1c447e972a151aeae192e30b;;;;;;
816b9f5764194994c58d9df8ad00bfbc;;;;;;
b3a34ca91dc6b42cbdf44e4c49ce86c5;;;;;;
e2a1a4cb4239ef05c54c23e82fe79432;;;;;;
26e5b416882b09dded26d43fcd9a5251;;;;;;
d7573a82f22e651c0a0655ae4fd699d4;;;;;;
f587ac9728b6409a0bf1d751ca776b20;;;;;;
fb06df31a4b4fdea1e03c8793e81e1dd;;;;;;
405fb8e01294b315e7ac3aa642959bec;;;;;;
abfaa6362e7a4881e85a425695f248d5;;;;;;
5f2e59c24e8b81902d6a1bb842cc9b32;;;;;;
650ac90bb9a77f75396231e60f01ab32;;;;;;
0560d76a4fa2aff6636c01c9d041929f;;;;;;
5f844a4322c28ee5c7ce6bad582f693d;;;;;;
b9a7a041ea58b5f7562c317d9c43d96c;;;;;;
961fbefd868e591763c9a0c16749c649;;;;;;
3f62e9aff449c4b0424701ac2ed88e76;;;;;;
4180708e4063e64cba7592d3cc4306b0;;;;;;
9cf11807fd30b128d9fbd7c9ee9423cc;;;;;;
6f64bad5480fd72e1659f9d9176d3edc;;;;;;
3c443f947bf60b7bc03d77157c5c93fc;;;;;;
e0d13790649d734bbacd4ae5afa1d5fa;;;;;;
dc841b9e88ecbce60ac218c21889da84;;;;;;
d1fa14780658db6c66bca9088fb14a43;;;;;;
f49bbd604e363ae1629cdb5cf0859784;;;;;;
5736674bccdf71b3fa80bd33e457ed5b;;;;;;
b57521f375de2f4b4d57f62f7fc2e09b;;;;;;
c693cfee199c815a4b5c6e864b1fa54f;;;;;;
572a790a9efa15a27623fd70f45f26d9;;;;;;
6f3c90b9f92ac11c8a15edd722073d58;;;;;;
5f81f6b77d24affdf2739432599cac4c;;;;;;
fca6dea24da4c79abacb913463b99a81;;;;;;
b880a8a04e2b078f4e391316d30e5b2d;;;;;;
c6a83cfaaa73412da080decb3afbcd53;;;;;;
a65795c6f004192a37e9a7e5884f2f61;;;;;;
526519f66c9591bb2ef40965778e6e47;;;;;;
0a91a8c1f0d2212761cf40cef4f3feb6;;;;;;
ace54fc79103f91467363105f72bbb6c;;;;;;
4ba8fad43f8677f37af8ac215e8f3379;;;;;;
1ce5cd4e810fbbe482b98218392f02d9;;;;;;
f5be7faf9c5050e161cc17fac240dae1;;;;;;
f24566879815e23f854c23e9f41e5c67;;;;;;
e082487f0754805f0afb99080fa08a4b;;;;;;
656b66bdbb6a210000f41b0ed0416d15;;;;;;
da67fe7d5a8c40de53c3fca9454a8829;;;;;;
0ef7a06218499a400114f7102845e763;;;;;;
d2c203d7f044b81aae984bc59f0ea413;;;;;;
5910828f84b81aa4a706c484ba166a96;;;;;;
38482d55fb00cbef6242c0ad5edfe991;;;;;;
73840417a605f06dc159f6c0cc47404c;;;;;;
6117728a1dfe94cc46695aced43cf45d;;;;;;
25fd13bdc564da00e795a931ea850a05;;;;;;
e0f05e82b3fec4488a2b2eeec558eb26;;;;;;
b944b744064e14fa06f8da6634ca0eb7;;;;;;
2cc3c5b3a4b2dca263e4a504dd8cd2a6;;;;;;
fdbba5d2e07822efbd3b9fd339a38f97;;;;;;
fcfb5c066cfa7f0dc462234c90fda7ea;;;;;;
841051739b986212164318eddea9cf48;;;;;;
ab5e651856506e9c2f3afc07981810a3;;;;;;
155e1c6b767c4d444a20c1155a393ddf;;;;;;
1acf96af03cff5d8641480809f29889d;;;;;;
15d0067c20882bacf294ce5b5c02ad63;;;;;;
f7271183c2aa20934f5ba1ede3ff3140;;;;;;
404ddf19d284f22018ba8ed0fa3b1236;;;;;;
faf969a93812ef4242e47f97290f0730;;;;;;
8915c8f3035e11fe0906174ce9e205a8;;;;;;
18dd6f61ed1bbb55268c6dca4dd36723;;;;;;
e664b154e77d28ac184814964eb02334;;;;;;
bfa85ba1f0202cbeadfb6d323dc458ae;;;;;;
443688dccd42c7ccec0798a7713788a5;;;;;;
1e4c50c9a57b63454aa2d09ad0de747e;;;;;;
ac8b8b9eb3e427e96e3fc0bbf14c0607;;;;;;
7ced7e03cdb83df8f4645600e094c8bc;;;;;;
38af4885cf6bf5f7a4677601fb16afe5;;;;;;
30b14452aeaa2debbd1144ac385655b8;;;;;;
2d4b4eb30dc707eb156fa3c520cdaef9;;;;;;
fab3d1c9d685e1a7a99e173c48dac24c;;;;;;
48d437e2804636cc1b699880dc8e041d;;;;;;
ffc60720ec1786e0ce3c1855148cb416;;;;;;
94eedda8fe3ba0721e35e61ed9216d1e;;;;;;
0dfb07ae28bd716d6a835abbd92d7332;;;;;;
08d46fbcc232e6b514bc4d0fdc973621;;;;;;
abbd0e8650626acec61db9b0a398e421;;;;;;
093bbad4f2e46ad78dd5112ab01570b2;;;;;;
69c15f9f9364d13c809003027b9c978a;;;;;;
4d05b2622bf7a4711c6035c90a6f183e;;;;;;
fa8a064bdeda53f5b120809d73234e55;;;;;;
687ea2b2d3c6a2291abd3983c19cc001;;;;;;
f9cc6986e1a00c43795cdffb37fb31bf;;;;;;
3078ce94ddffaf3bf121ac5f45f3a04e;;;;;;
f16496efbada1907cf8f8e932dc9868a;;;;;;
d79ee13b9b2d47c6f43b1f603712ce26;;;;;;
32de24aabf2dc800303133bcfd377f72;;;;;;
13f268d444fc0556e39d1d3599e2c31e;;;;;;
380db7832c9caee21715709b770bd278;;;;;;
4b30d8683b936f23c2eeaa9c7dc5699e;;;;;;
4e78e7e7abd83c9ce29180733e810144;;;;;;
2c0548dd433fe7c5939fd6c3375afca6;;;;;;
5ed041ad990fa824bc4221e75444dd3e;;;;;;
a06cbf59cdc605bf21e00a269e5409fc;;;;;;
8cca8fe6e914a8b5c87003a16924eeac;;;;;;
1a6923a5ae375b3ab1063347a3ddbdf2;;;;;;
92b2c03c7d69364ddb82b9526f78bdaf;;;;;;
dad5c83dae7a8062c114bad176ded577;;;;;;
3fcd9a839d99392a46f214ea0f142691;;;;;;
7235e9f94dbe265c4961e921093f8632;;;;;;
a839cdfd7ebdc433070f9ebf13dbfce7;;;;;;
b4a7a714f6facfd52a74889525183d30;;;;;;
d0762f519e154b35a1d088683919498f;;;;;;
765b9dbc04b9c50728fabac394c44e09;;;;;;
12ed88a65b33f6a3beeb7d69cece179b;;;;;;
706847e95be1beadb9271849d9e04c81;;;;;;
8781133164ce28c747e8df9403e09838;;;;;;
37f240c0566f512358d3e4d03923231d;;;;;;
c4100eb37329bcc23ae763e90f5e7ad4;;;;;;
f16e267b1dd3737601472680adb277aa;;;;;;
6e8e8dbe4cff111ecfc38e45beb581b6;;;;;;
c1885bb032d2320c2f52ae1733104ea2;;;;;;
e621602e759da02c522ba6f1117b6f6e;;;;;;
7244fc407e823ad0ef3148e941061877;;;;;;
53b1263ff7a07c89d9f2e029178a7128;;;;;;
bc7ee02bea0273ee180a6a09f71fcded;;;;;;
50948369b570ec40e02fbe320b160be6;;;;;;
821fe226b20185a57ce4af6b1c1aa400;;;;;;
1e1b4d898900efe34a7c296f97de2381;;;;;;
5658ab54457f70098ea6d116cf636b32;;;;;;
0d17ff7219a4fcec1f9660acfd331a8e;;;;;;
a3b9ec55496d13f1e5237a1519a73cbe;;;;;;
d14921d0cd7cbab368950dae8c27b9c2;;;;;;
a66fe677fd6166d29e8b502c9c9c44b6;;;;;;
eaeea6e97af8b37be9a02718631a9dda;;;;;;
d95c9bf94c87a193e46b6ee492741ddb;;;;;;
34dd02ddde1b56a8cc86f6ccb0d8479b;;;;;;
919d250caa07e471f41fb0cf2ec23fba;;;;;;
a433cf528e645f2951ce75e64e9258d7;;;;;;
c38541a02222670e833f20ba5f314f7b;;;;;;
044d682f9e6a3d56b3ce79d7670b37c4;;;;;;
96a988458cf937e1ccfc923efda65f8f;;;;;;
61322ae16ca3021b008e80d5b7808e2e;;;;;;
818806352e427ce3f9bb80a857ff00ac;;;;;;
39c57a8a218c3f0dc412c93ab35eab47;;;;;;
69acdfad3ce2402b76347b12481db38b;;;;;;
ccd6f2cf26d9b78b94dc3274e20958b5;;;;;;
03127c30498b1cf65d8e0a56d38f90b5;;;;;;
838ce32130996d489bbfc2f59dbdcc50;;;;;;
ebeb77301ba827b884ed403834e1cc68;;;;;;
d0dcf6f6f89fc92db2af83c581284bb2;;;;;;
b963ab96e9196701860b7c8ff56834d4;;;;;;
98d9a8c368f09a025857077466cb196f;;;;;;
e02b680762c05b358a5db7c19718790b;;;;;;
0a07ef6d5290e73c85e81247b8b45632;;;;;;
e6954f21cb760abf184e5b256694b96b;;;;;;
fcc71f19481a653e98731c15f7290c3e;;;;;;
aaaa37517b6e3581c901c4902fcfa697;;;;;;
da2298d77f73bd93e02f1a5c90402c41;;;;;;
bc0dd6a66c8617a8c805b18bdfae75f5;;;;;;
715f503570761229e364028721153c68;;;;;;
bda2c18b489782a66e086dcc6df9d9aa;;;;;;
4d377203590dac80b15d6b5c99f78446;;;;;;
1e52acc929b41b0896667bd2a5820e66;;;;;;
057745d118161f6caab14b36b000a6bc;;;;;;
4771c2c2adbd323a625e52d5d1799267;;;;;;
4d1ef905131f9e355ffacfdad95f87be;;;;;;
7a9c28270bbf0133d62fa59c6b994011;;;;;;
4c06909d3eac53937784318f3f67cb0c;;;;;;
b140c4f119fc7233aac900d3ae7c5106;;;;;;
ab97ae3758d4f367944420fc90827f2f;;;;;;
839ab774bf3d0323b4ffa6763d2626c7;;;;;;
e99d9b7f8d2743c1a64d8dc7a8d3e929;;;;;;
4fcca7615a5b2de9e7ee26e16b5cb2b8;;;;;;
c59f2bface57dc4103d9f9774567946f;;;;;;
b1beb7f72e177acd90e29713e0ec73ec;;;;;;
5bd4892bfae04f9fec26267810c991ea;;;;;;
6563e758845d385d68e14c86105c9b64;;;;;;
9d656b5b900f16b6fecaa9d652a402f0;;;;;;
e1ac19f1c8aa99da802aa7da4069719f;;;;;;
1f84538ff60b1d0ff2f3113ca4e8dbc8;;;;;;
8121a8c6b8ef08fa72c351a6d2ba2458;;;;;;
fe7d0809c6ad226d54ed2e7fe2a6647d;;;;;;
68b9ea3a41dbb4a9549f198b3728a243;;;;;;
4a293a29f0bc7b1a236f59751c7972c1;;;;;;
976c4535199174cc81073dec04dae5f1;;;;;;
852a4a9293d9436abc0e141f5c6227c2;;;;;;
2154bf01a5c00c9a7666cbbe0329f086;;;;;;
2aad5d58cc3b23b965158b72a6c262b2;;;;;;
ba66f66aca530f5c68828ce5a9349e5c;;;;;;
1d7e39b8bde88df388d90d50f3046aa4;;;;;;
79e70cbd4f3ee8d3579bfa0e44e24e27;;;;;;
9eb29182881a60519c63006a2d8cb34a;;;;;;
6763530591587333bf9fc38c5e30ad75;;;;;;
2005433bbf04513bc295bfe8cbf7937a;;;;;;
2e49fd7c5fcb9adc5e9497ccdc04415a;;;;;;
058cdf98de924a81ab9ddaea5d1e51a5;;;;;;
8199256bc570d5c5eceba831c76d7dce;;;;;;
be46fd53ff853e4da75efd0f5a7e3b6a;;;;;;
b12d1e512154c45289161780c0d27d21;;;;;;
d7ef0bb33cb0c9e7e76b48cd6a89c3a5;;;;;;
0e448a1a5c99340034a0f2a73da0ebe8;;;;;;
d0cfee0cda849f221537af3dbe427896;;;;;;
a90d6f9ac1abf29a1f972bb1fb51e773;;;;;;
62eb056c67a1dfa868389fe0c5715c9c;;;;;;
04744348e6de3511c9a4239ff8076669;;;;;;
dd3da5244e1bb1bb90820254214c2f4e;;;;;;
a6f12e9ce0c523c3e7deb8951d16431f;;;;;;
c5014940aaeb719fb8602e9bab044d6d;;;;;;
57b79987cbee4ab3f7a83091556075b8;;;;;;
a081eac64362020601bd605dcf0d165c;;;;;;
42bc1c697ed541f6af545260de0e3c83;;;;;;
e3af7cc334833ceafc25ec89eb0a259c;;;;;;
0bdab638fe72a55061228192b5f13a65;;;;;;
1bfc72940c56716ab10d0eb97ff43336;;;;;;
e796e97bc5a8adf0168877e33b6c0e04;;;;;;
bbbedba3371f750d5d866f7848c6fbee;;;;;;
cb09207291c641979c9cdd10d4a81b2c;;;;;;
56941467bd06883c0716e965fdfa4bff;;;;;;
dd52ca1269dfb102e2d4798873a0422f;;;;;;
df35ba53eb86762450c6ad828d8b1c7a;;;;;;
c197709dc8fce3fca8b3ceb35f741a97;;;;;;
9dba8c976717fa168b6adb75b36cdd8b;;;;;;
34c16893f23f72b1583833b8d453cc2b;;;;;;
82e9922ddcec5a1bb4f04d686cb460dd;;;;;;
da824c0ee0d027cc8c1eb3a80893c3e7;;;;;;
f672b78f94ed8d57a17e8b03aea1b2dc;;;;;;
16ef7f120a5c364b3800ad339a1a9a57;;;;;;
976f9d5b1f0d1b0ff433dcdd89333e7b;;;;;;
39746147cc7d6dbc1200a0b8738d7e3d;;;;;;
1f7de13603623be386aa6e0ea86d6d7c;;;;;;
c6d2a38b689618c5f5c231fb0045cbea;;;;;;
01b0871849adc586a0f8036c2c620b65;;;;;;
0bf7cfffc327a75fcfd0d72ad3d3520f;;;;;;
3e4fdc571599c2538eee472822703a39;;;;;;
89f2e22f276df2c05c1c7e00f13fac7d;;;;;;
093bb529490bd21d46c0cdece7c78010;;;;;;
be54735fd2cc741f9e1690b1c27ad9fe;;;;;;
2375b92031956821c528c5e10446213f;;;;;;
5ef38aa0c44172913305f1c358ae6055;;;;;;
5f16423aca104b59a76a462530cc7cbb;;;;;;
d3f5bd3f62cf7d149b9935b7bcf295ee;;;;;;
64cb44b498955318671d251e6997f3ed;;;;;;
eac86a976134a8b4a5ca6ac2f743b38d;;;;;;
a67e0d894174bd372fe848d15fa07239;;;;;;
bbafde467bd799caa54071468da5723a;;;;;;
49afddcd8795b1ef8de7b03cb2e3417f;;;;;;
bd28ab17ffecf6c89e4514196630c0ad;;;;;;
11576b2b93945b9135e279a9c827b956;;;;;;
889e653039987af6cd849758560ea4d9;;;;;;
e9b7ac12cc70fb0b5827f51f300cbac6;;;;;;
56d73765a0eb6cd8faa9ab420b5226ac;;;;;;
c0d02de969654ac2d01f923077380b69;;;;;;
2ee321a0f6129f3678de251dd0b8cce4;;;;;;
49681c15d9382d25ea3280b2e1a4281b;;;;;;
7881738d8019d7820a6ba2c3d220b1fc;;;;;;
e906af21ade82689f41bde1601d0baff;;;;;;
3e6bea38b411d762daf4a2f104c745f6;;;;;;
1b600054d5652971546f56feef6b40ce;;;;;;
cf24b11d15352c9b9bc13d614c42e99a;;;;;;
b8e6bb5159412370b3daa6d52e9dff78;;;;;;
f0ad517f2d7dd172f1e7e53f9ad7aa46;;;;;;
43a0e67cb2f28d0cf491ea65789e7c18;;;;;;
3c16ebdef382b7a7d74f46103a248d47;;;;;;
152c8d1ed08951480ac9c12fe4224cd7;;;;;;
cfd402e32449447e1f85295f85782d1e;;;;;;
8144116bd114b734bd900b3bf597cec2;;;;;;
8adf886d3f1530866050a6c5d9134a84;;;;;;
5c630b711af847bc154127a754f33c77;;;;;;
edb80b9cc3943b9485d5f76b5dfc8b46;;;;;;
d1f000bb0d1582e9dd8333cba35cce56;;;;;;
1bd2d9b33ed67f6f26a249bf90359f72;;;;;;
12a759e865b3b589d0225ad650c5c91c;;;;;;
13a26e3715c8fe850b27a164ddcdb53e;;;;;;
89b57591e52262bbcfb4abecde47ff21;;;;;;
c74c1e7a6a7a8cb63a1c94e6fd1e7267;;;;;;
dd0d4563bdd68748a4152f2f93d43807;;;;;;
add28836f5c42ffe931f052fca4e7adc;;;;;;
2e1c0fd8b8237ae65d455410dd1c42ec;;;;;;
9d3f6823119eb789375bbd6fdd8a8b89;;;;;;
de4baeb39dee03913c9406a4c3b72115;;;;;;
5fbe53cd2206a79cc1799a291e3f65e1;;;;;;
e0e0e57ea7fb04d54fdf90c716f1fe63;;;;;;
c39f844c6ba065d895a88bc0037ba007;;;;;;
0d60f58a4c023c3481ae142bb1a24c61;;;;;;
8f6f9e92db963f5feb069a8a636c9a5b;;;;;;
4f3a98a02b4de977ae23d92f87230140;;;;;;
c14a092620c5e133c097374743ef1d45;;;;;;
add9b00198e9952be4bb7c3a5a57e8d7;;;;;;
10fe9a2f6bb93a5bad5e174924078b16;;;;;;
d306b99ee2868c983802b5832e993ba0;;;;;;
ab3bd72ce39679963d3e62a906b7a849;;;;;;
5578f66893836f7c8abad8dffe4b52d4;;;;;;
67b065197b29bdae81ae1a909dceb796;;;;;;
55b531792606963b190a3b22630bc0cc;;;;;;
515f57c7f06dcc110a851c35c1cc85ca;;;;;;
6217d2c660a1547bc7b453b29b5751fb;;;;;;
d5d7a44db9fa6224f64a421f80adba79;;;;;;
09be25b19d9bf74d5c192e091a8173f5;;;;;;
e22ff3544b6c8834c3df73612ac5df4b;;;;;;
f78b7e3bf4884c48a703f8f0f6938c9a;;;;;;
a946772d22c8983222145497165f18e0;;;;;;
d1e62d7b645c42240ea97c6b91d49e08;;;;;;
00fb0412cefcff3923f9d2202c4f882a;;;;;;
16e0f1c4d82dcbd48a512d41d9191d11;;;;;;
0f893ab449042bb26dc3f3b6a81e4762;;;;;;
deeb8007845f62f59dc4b8f0a6c8fd72;;;;;;
f4f4a64d00de3df57841cc63f0b6125c;;;;;;
3ebfa6c28d3295dff867829e2716b8f9;;;;;;
3ece22df2970f11ece23d9f998ecaaf1;;;;;;
283648ce3faccafce8ea8208f77eadc3;;;;;;
f64a42a8f8fd07a546f2161a0594b79d;;;;;;
511f5a4a562410a5731317ed32117c46;;;;;;
1c2cbbac237fbb63942a1ac51aecfaea;;;;;;
177d12f60e390c97b1f7e0a705495483;;;;;;
64354812be1117bd86137f1dca7a508f;;;;;;
b6dcb0624673213d67099d38b8cb6db0;;;;;;
da2248097a22b2946b0134569516a134;;;;;;
470c2763a8c6e793e90caa0400b2b87c;;;;;;
7e81cf6879c04b7a7b43bc6942a9b14e;;;;;;
d9692dd6c2925f72505451e671abbb91;;;;;;
979752010465330e2a41d095208ef840;;;;;;
e99895da91036b2f0216e74033432ee6;;;;;;
cd9ff94c75cd77fba4f2c0b48d636929;;;;;;
4af665bbf99d14c4752dd3ad5295054e;;;;;;
fe0ef5c1707948d4697705acb3b192c3;;;;;;
1208c38bcb9d89a8e8e38d23c9fa431e;;;;;;
436b2d27d4a4b431dce3c4570c607477;;;;;;
88797fdf827408c854825b855244ec80;;;;;;
f135c2e0ce851e1f3ba1f3e79f655d1c;;;;;;
93bc92c086bbea75f9be2117f2f19446;;;;;;
c4637ad853caf5c6e6ae6cf64322baab;;;;;;
2e858b49db4fa1867a31107fc359e749;;;;;;
52010e17ddc9f659c7a0be17b58daeb8;;;;;;
7d1f679bde0f3bf7433e5058e36dcce0;;;;;;
ea570d893f216034db46dea3b69d48ff;;;;;;
5d8b68b34a8b141df1c5d24fc8446033;;;;;;
bb78f13c33338d215ff3e0a421356ce2;;;;;;
cff073c10310321c77ca19311a9682b3;;;;;;
60f2dcc4191c7d74c91aa3cb7dd0fb8a;;;;;;
a96c52596327f21faf9f874559b27c9d;;;;;;
bd3c0eb098620f60dbeb1e0cca131f71;;;;;;
95aae3e0ada8ccb84999eb62e5e06272;;;;;;
a5c91740c9863d8789724e2963e8c254;;;;;;
150a5ddd5907e6fec097edaa41c0986d;;;;;;
de45066d85d24bf7cc3a90e7893c4a7d;;;;;;
ff7b366b1a9b3213f98936f7f8046b96;;;;;;
87b4ee87837a3079c4740ade2e036e14;;;;;;
d6bc9dc08004c5c4d437292589dd87d4;;;;;;
72209cbdee5d3fc695c9916770655358;;;;;;
817d023b7bb6313af79c98e05ded6319;;;;;;
c50b800e0cd220ac1f28f2171fc62268;;;;;;
89a22db04322b00847e5260dfa9bd810;;;;;;
ac3dd589ee319b731aa8f51f014d8328;;;;;;
84e43bd13db72b62ceaec68eba299973;;;;;;
21762625db38e2770c391d56c3c23ba4;;;;;;
a695c30446b3a0737e3e6ab1cbb40b78;;;;;;
d6b6e2970b21127526a67927161faec9;;;;;;
26885e221697e05440d5bbf2d4710508;;;;;;
d3111dd0013821f99ab814b6f45f5e17;;;;;;
87f9fc8bdfb3fdc3e6ff877bbcc47c84;;;;;;
41712139c8f9df71983a42c49e1be6b4;;;;;;
78c5940051839474779b0db96904fae7;;;;;;
ff6127b9b243f7940683bab541d9e7a1;;;;;;
31eea760e7f950cc6e3e1f0bb2e13384;;;;;;
d878586a63d3994275b645723b648d07;;;;;;
7140a15adc7a54b5226e830e09e61483;;;;;;
cbf2606213e95eb4ab36283b71012f09;;;;;;
87f67b8cb10d8d8231958998131b0702;;;;;;
e355d678b53e79d908e13423e1da0caf;;;;;;
049e4af7f03355794e881c761a081294;;;;;;
6221fed46a43e75052d0808d382cefc5;;;;;;
67d44f199711a847a6786c327bdda499;;;;;;
d03f0bcebe5ed5ab895d09dc97a7abd4;;;;;;
48160175e07793638d03c2b1fba6ccfb;;;;;;
8b31ade938acd8c882aa5c34ed1459b8;;;;;;
50a937d0f310226cf987147d8087604a;;;;;;
b70ab446ea54911244edc15c30b729bc;;;;;;
6668b1da33d60029fd716913600681f6;;;;;;
114d49995992fa45b09d09cf82a46d0c;;;;;;
193ba18239791c6843e182e6e4a5cce9;;;;;;
cd7b61a2044ffb6f7ca304a82204b34d;;;;;;
77fb8d361307b11a92f743b94cf474ea;;;;;;
049c52c9ad9bf42842771a555aa236d8;;;;;;
323a80823e85c4e019e98a63c1b054cf;;;;;;
08c66623bdae563d4fb3afcea21094fd;;;;;;
d9f14b2d407d8447105dbfec7525f430;;;;;;
0eeebae68d0b832409d60a12725d008a;;;;;;
f65f81b624563ed547d5b3d12f889cdb;;;;;;
738bd1a00f6d24905cc85d78ebf9c157;;;;;;
a8b798e10e463e6575db5cb316fe14bd;;;;;;
911f2f7307a04c901f1b736a9efb72cd;;;;;;
73a9a474acd26f3eafbe66f549f9eab2;;;;;;
45ddf4b45fb65eaae14f779a014ccde7;;;;;;
52faf36b956fdd003ef5b4ceed1e4037;;;;;;
0d4e4bbdb66d99249c1bcc4ca137f778;;;;;;
deab320e696f57696e8a861c18cab50e;;;;;;
864112228149dc4ab65b7f21fca8cc5b;;;;;;
5d39f957f587633390a38c1d7930b4c2;;;;;;
f46a1531c41af9abccaabd93354ccc27;;;;;;
0cbdd5d20620bc061a556007a5b6e0f7;;;;;;
3651b9988437b4ad167d31a2ecae1d6a;;;;;;
4361205781fcdf3320887606655bca3d;;;;;;
7697c89cca25a5a6c4089f59b93abe9b;;;;;;
938dff7be6fcbaf93f7c487a153a8653;;;;;;
74789077dcaf441079cb6a4de3e498d6;;;;;;
b2698b17f7920f5e65ab375a786c8e78;;;;;;
4c05a352630bd72a6575c65dd9fc0847;;;;;;
4515f93808861e361ca465b7917bf43e;;;;;;
c6bb489c9fadaad7a0152dbcc0ff0224;;;;;;
3a21cdd4a1e4cbadb3da61336b462637;;;;;;
e921d38439666b55b5cab6347c2691e2;;;;;;
970fd2fca9e5d264cddc8b810af34912;;;;;;
c3561d906a7236e984ac3a5c05973d02;;;;;;
f19c89dc30bf67e07ac69d513c764e5f;;;;;;
add10eafe40cef348fd1f5b69f69e43a;;;;;;
ca199e08a32580cc193a5077e3920d04;;;;;;
8422340efa199e605bae9534293797ff;;;;;;
f72853b994ce11f65c49de26bcead7b8;;;;;;
0aab509acfac0600f2cd676e6b9fbcf3;;;;;;
641f89b55191acf6899c28a722aac0bb;;;;;;
e239025434ca1882895174a6cbe6392b;;;;;;
7014752c56d29f53196d46bf51934cbc;;;;;;
8a96d5ced1a5d300a6a3320eefa4f389;;;;;;
49af7f0ec4a53a84b37ad1ff9583952d;;;;;;
b17bb81b5971052a25d3431cce851183;;;;;;
80934a5f5be22971b0208a144af77e0b;;;;;;
54cf8f2a1c31466a36212e7f4c22c6c8;;;;;;
8c0a42ddc68684419b330d1917401b06;;;;;;
72c6ca8a2cd302ec90d81bb453c38e6d;;;;;;
659a722eab3a4fb50f49bab32e7a7b95;;;;;;
071d5231283b144befadd6b42bd6b5a4;;;;;;
aa20a4432799fd7cb85bf5fbdb6efd8e;;;;;;
2235b196ee97fab3f0351b39adba7ef1;;;;;;
ed12eebd3de2ecd33f79b7188b92954e;;;;;;
b9ba144a5c81650052077cd7bab64443;;;;;;
032c6437fa82fab4c1ac6b235da755cd;;;;;;
abe422f93fdf993c2bde051782a92b40;;;;;;
464d35f0001f1e02eb7ffa78239831dc;;;;;;
bc850a8e016759809bd63dcdf3ec5cbc;;;;;;
39416aa1ffbf8bbba95d04f59491d5d5;;;;;;
358cab4c010010933016b8122008341a;;;;;;
a9da51e2945ee95079f4aa89e4346c8b;;;;;;
0a19b0804750556d923a947e649b25d7;;;;;;
29bd60af6a0f3b5d7f3f437ef2d2ab1d;;;;;;
9d50eadb5c9eba24ab45edbbcfeea95f;;;;;;
8e877db63e0e042c9a15ecf94b0ff30c;;;;;;
9acc1e9c22eaabe069de690a1fc58693;;;;;;
55606cb5a01e0140121008fdfaf165c5;;;;;;
f8a6ddf1b3ee5dbcf203a2317c336090;;;;;;
a7d470ea913afd2f973c133214bf9525;;;;;;
cc3134c82121aca4fc3b029468c1efa2;;;;;;
86eddc4834a0563f5e02c37e2d2dec91;;;;;;
2c382560183c66c13f6fffa7004bf2c9;;;;;;
87437f5e0c714df3e1f564dad6413264;;;;;;
e8e37d828009597d876d9b2fd0e1818e;;;;;;
fde476786e6d010dbc9b3bac0c13fa8d;;;;;;
ec4410471a90a112c2506bc69f6a1acc;;;;;;
e031f118f45a10d12c347c6367284de1;;;;;;
fab66a67cb6327d50173847b41c59e9d;;;;;;
c6d59a87fbb941ba0b99b19175ae7486;;;;;;
f1a224cf1fc6d41227084e38b1d5ded8;;;;;;
46a59977652988cdb87409f188973975;;;;;;
ab656790acc6f44b5e4409f81964016e;;;;;;
77745c3f479ea955c3cee0524d0236e2;;;;;;
7a00ef7e9b6a80e9574967832a67f644;;;;;;
08d743fc7274bd8b2e5e771bd1a07ffa;;;;;;
1f275389c2285cc3c57d6a1d4358cae1;;;;;;
e0d22a4acdaeb489dc50659fb7c42f81;;;;;;
a0cd77ef0701e3d9a8bec95b223c217e;;;;;;
16482435c467b0952b9c10fb51a5fdd8;;;;;;
373a10054af1a9176a59ba46c2e10d73;;;;;;
6754306bb5cb6b8d8330f3fe9fa84052;;;;;;
75c4cc997b638f4a2ce78f9abdadd56c;;;;;;
da6aee50d3c70f7d9d692c1f79a68fcc;;;;;;
33abae496bbbc21a1b3ef341b6782aca;;;;;;
124b0909debe013243282d9190611c49;;;;;;
fd2d1db4686ad7b7793f7bb60434c472;;;;;;
19c43765ca1e2571c2895395e58b1c0b;;;;;;
aa3768ef4fe740ee4ec3fa0147dacddf;;;;;;
d199d4958ba607845c02dfecba4ddd67;;;;;;
e80262f08fb668c4a2a5128ef7782953;;;;;;
089d7faf9a947010e13098fc82fd3fd9;;;;;;
a64623a35565765eb24a3c0480c76bc8;;;;;;
dd3fa5934801c112962e1216fc82c1d2;;;;;;
1ba097aa580ea78f127a6cabee91083f;;;;;;
1e7e77b7da3ea77d4bf1cba83e4b1aa7;;;;;;
d9a77c254327b849541b9e67241a5d8e;;;;;;
86a61d7617657ec8ff35f1feb5ae2434;;;;;;
e1b59ed720e2e797e91012334c7c1d12;;;;;;
d5f66f50e27d522c26434bae0cebaaa3;;;;;;
67a7628ffc80f36eda99202992c26e71;;;;;;
9585b0572fd003efe5e1f1f1ee0470f3;;;;;;
3857b9e6ce9d1acf2c60b4a315d7644c;;;;;;
6399b1bbfb30a5f6ff76ef194d6241f8;;;;;;
18696799c264783d09b82285d1776ecd;;;;;;
a308700be45dad652960fa6b65ec0897;;;;;;
d4d77f9838b9de26d619cf8c471ecb54;;;;;;
8529d8d027eae732fa0b7c5dfbeffe82;;;;;;
8217364712e6f4134185905de5bd51c9;;;;;;
9ed018b47726d9eac21758a686ffece1;;;;;;
704610ffaf57ccfdbceb350a5989f5fe;;;;;;
ff0256905426672977cae455750f07e9;;;;;;
548cd0ca9eb25aca5c50330d3d9dd81c;;;;;;
37215c2f7d22b010f9f117e0e47d3f8b;;;;;;
20cc722ccfd07ebcd12043f945e27bfa;;;;;;
a4b165d2242cd874d2d36c8b93f9da98;;;;;;
fd0167e8bfa9a8b73aada5b096494193;;;;;;
6a19039c53b3c1922fac6ebaf0813787;;;;;;
9b0e9d450952d362f90f16baca2f286a;;;;;;
6adf35179d8bc871adc8b977c8568fee;;;;;;
9d9a619b1045400cd1ef6c55e8c1e5db;;;;;;
a130e340fc8281039f89c721d0d2c5d1;;;;;;
2c7493546c2a7712d1d960af89f941e4;;;;;;
7c9be8070649af21444cb4fc54f89986;;;;;;
f4e15fd6783031c2786b6479399e9a48;;;;;;
f45a050acaee240ed425e6ac61af991d;;;;;;
69df43140e6e476756800bb3d869f613;;;;;;
3989ad5541ff8981fb4000d88072a546;;;;;;
c37a0555c1d277a023e0a7c8e6440a82;;;;;;
1a18e32052570ef8837235901e937e9e;;;;;;
f7cf79e3dbb0dda9041790dfa79f2b98;;;;;;
0a372914e21de8cc54776820f9bc2c35;;;;;;
ee07ddd00d7ec5ecffc9921fb881a6c6;;;;;;
42350ea02ae801712592cf72dc3e03db;;;;;;
a6be6f0fe8c3ebb9e07ae1068241fa55;;;;;;
401b406411333406ec4bf1677e02916e;;;;;;
ea6c21271144f86faa2c5c1144936926;;;;;;
4196a71c98efeae9032672bb4c75f704;;;;;;
e112353f5e6fa93fbd99631a4c0deee3;;;;;;
43cc0b54c32afd29575fb0f527a3140f;;;;;;
e2e085cbdacf34b34eec8925429eae75;;;;;;
5e4b326b5b63d7b0b3603f080cc60603;;;;;;
4e9480f460a4c89ec97d6687a99913d3;;;;;;
9889c333af5b48d249c94f2330e5070c;;;;;;
b75dfeb5785bd0d68ca8c814936eeadf;;;;;;
c46a75a008a1de69cdc6e09b4e172fce;;;;;;
924b131adb20c81be8f761cd4f02522a;;;;;;
5007af3f4945ec372c6eea48817b725e;;;;;;
03b100eeb6e6ec9a7e12385d65a0b5c2;;;;;;
902e0ddda2a8b1866e095617df402b03;;;;;;
c7134877adc83df731b6c000a149a1f6;;;;;;
fd5d4f7e37daad22a2042b0a04ccbafb;;;;;;
eec39887dae792d79d9268316ddb68a1;;;;;;
b5b76a52c675b4e27ce89485ef942d8e;;;;;;
6fceb08dc8fcd8e8d4560ba6ecd6bb98;;;;;;
4b90c444179fa8447da3c42388f4e8f5;;;;;;
220aaef1805b26218a79749e1f1219cc;;;;;;
4850db92af480ce35cf737b58f7ab226;;;;;;
4e9f551467b4b88823c914ee15a5262f;;;;;;
f9b014ac7dad6ce09913b92b72d30c6c;;;;;;
7eedb171c906b6d6b03e9365653c8b5a;;;;;;
521cfd3909a0fa73972b68d811b4f261;;;;;;
28f6a190ee7b75b8e39c03edb32837a0;;;;;;
2d86baa52983f54883b71254452ca8d0;;;;;;
e9839211df3cb1422152da6dfb1f9f78;;;;;;
b16ae99dea508b89b84ec99b5b468118;;;;;;
f86d5a6b95de9d00de58b26bd14778e3;;;;;;
4afdb28953a3693da3aef54fe0f96a23;;;;;;
8b839944406d7c63c31e3b10f6d6baa0;;;;;;
3d9a3cb36b45270c790f6dcccff5c810;;;;;;
786b5f9224372cfa3469b0cac373bd2b;;;;;;
cdc9f9bcf05e65c270a508b7f9443b31;;;;;;
106206ce6eb1cdd4a26dd93ba369a96e;;;;;;
6257d2ebd915aa47e2892bf575eed6fd;;;;;;
d713a8937d21e69aaf29b154f4fa2934;;;;;;
bfe9f2bea0cc95e963aabbd2a107066d;;;;;;
f720c13ade229884be49bc6928e3b792;;;;;;
a1ec7ccc887df63e94e4cd256d9e40f2;;;;;;
a871229956dbc0e6d5464ebb052aacd7;;;;;;
2ecbd19483ae25c1c6bdd9f603f3eae6;;;;;;
3059805f909646688fedc96b14bc44da;;;;;;
ee7bf37b9f613612c22d747984d7b4d1;;;;;;
3c73d8331327dfa523bf44655594fe05;;;;;;
49fd13c010ccd07a403feab5e08ec5ec;;;;;;
a6a0d833d74a4e983cd0fd54f2600b7c;;;;;;
54a836c175f332a12fba928e1586a507;;;;;;
db1754e3613c5c092f7f43ce568b9871;;;;;;
86c10dd37de897088299b70ea15d62ba;;;;;;
9f4ad681ff2a0673afbe6d6225b7b3d7;;;;;;
139602589d90ddb8513dc3d26cc228a8;;;;;;
1fad459a09bd855b24abc31a62798c64;;;;;;
066af1f735e1e686c3f09cab82eeee0a;;;;;;
618f64ff49e8d60dd8148b5770aa7385;;;;;;
fd6d3991345500944aac8494a07986d5;;;;;;
32f2453365c57e1685e91def20b31267;;;;;;
ad67d316239abb44c1ff15ab800d7ed1;;;;;;
c2b0ab801344fd364afc66ca27ca4e1d;;;;;;
7be32fe2dfdea15ad22cc06fe15eaf1a;;;;;;
50710a6ff6b6533cd518112d2fee3df3;;;;;;
3f3ad146b9d04d8cad6437c964c60f2e;;;;;;
1729e703d82672175e128ad733f81e85;;;;;;
cbdae0806a56d54163ee7ae2634a7730;;;;;;
b01790096c422c7fd843ad870693f6c7;;;;;;
bbcd25de679255dba855fa785cac0de8;;;;;;
fcd287978a1fe71794320aa5233a6727;;;;;;
ac366f7776360b6061574f06ad2a6d2a;;;;;;
c63119cdc5e7ccaa987d5bda60175240;;;;;;
01445bd44860af9a59ddaa3b6141fab1;;;;;;
1534c1f4f1eca4b054661dc3b62574a0;;;;;;
3b5feceb46063848110c4f92a62e6e00;;;;;;
79e14bcb25a36ef96b18530206055cc0;;;;;;
991ab02bcccb7d2d40e68f9c7182cbcb;;;;;;
0d08cfc73c05a9e8919d6d8e6e490d38;;;;;;
eef27c84d7934ec532f013a3eb3cbd01;;;;;;
83b9c48c4b731d407a3a25decb88f830;;;;;;
8ecf4b995f6f6b3c5860c6b0926cbc32;;;;;;
c516dcc7297508b3cdb1c297bf791126;;;;;;
9bc2f9bd3d531faac899a43affe9c0e4;;;;;;
6e925c049ad2f457741e61bdd3fc0acb;;;;;;
da9d7a1df3948b7fe8bbbdc1a05b691f;;;;;;
faab9a069925d9d9f841321f43e5c661;;;;;;
dbfc6b17868ff8dea95bfe8c2db96995;;;;;;
96b2f62cf4c1a0053372f3637121e087;;;;;;
ee369ef8f25c7db699aff48aa820054e;;;;;;
1cffe04bb6052d184a0e23e697971f61;;;;;;
7b83e3be8e8af38067e3b381b1001e96;;;;;;
925c25611d276300ce0223e417f12c2d;;;;;;
1c5619bb565d70b798727bfec0b0cba5;;;;;;
5a4b2b9e288d05dc93c5cf4ded683961;;;;;;
f453419736b69f6941134ac3fb7b4c2b;;;;;;
15114fc547a4fbfc8600195a40fd9e4e;;;;;;
aa52f701cde1a8620a81d33a7dfaf4f4;;;;;;
b15a9a859326277df84bb8bca0d57815;;;;;;
42d2b7277902e7d266103c5e2a188c3b;;;;;;
286c2960758d153ddfe8f66d73458115;;;;;;
d2dd92127700c53eab8e3bd59913e2b6;;;;;;
a2d8ee40f2bc8c4d60e8b0241efff4c6;;;;;;
e123073f9100f87c9405cb1ab334eda7;;;;;;
12c0c9e026bb8013c274dc39e46f913f;;;;;;
190ccffe04a4314df5c5cdbfe6f3ecdb;;;;;;
3b5579ca3b195db0884e93b20c913b93;;;;;;
9ba0dc018cc586702c6a800b7665ea19;;;;;;
8156f2d824beb6b6326fd3d8509c3912;;;;;;
9472f8dcc64fbab8c2e0047518d1fc47;;;;;;
05ab394e03ab684bdf7080d701229e9e;;;;;;
65a6eb518e3b4f54b6e5a7988c52b861;;;;;;
64fc80d365eeed307374021c58a5f89c;;;;;;
40084918122a393f2a55ab23e75acb85;;;;;;
30d016122757c8b26e08f2360c1c6da9;;;;;;
27c9277e70686a2a1ecfaa47d483956a;;;;;;
16b40b6ba7c68e409692af385190fb9b;;;;;;
0272251d4d560514f1b24c520e70e5fe;;;;;;
cb9abe1c95f17e9a42643d78c5177924;;;;;;
ed04d794b155f6ca53263cc3a466c864;;;;;;
ea9e93cefd7de75f2e65d277b7ed8b09;;;;;;
14e9c756b93c25f3784d07327f2cbe08;;;;;;
d9aa5041fad50c1f9c331704f6d4eb1b;;;;;;
9e19c83824c6def75d152e4ad36f2713;;;;;;
03e56d452180b0e3af95d74e123df9f4;;;;;;
57476e1c39056c5e15dfa4ebb02a6e2f;;;;;;
07da8f0eb6c70adf14b687eb251c7853;;;;;;
2ea1439ed738988f08b343bda50e4bb1;;;;;;
86f36eebaaf433110cfb615d2c713667;;;;;;
7e5e5ea2f3f3d5c6ec79d6b1fbec0c20;;;;;;
2ffaa28e4c4b1b7a1f552a726ab0e69d;;;;;;
db68b41bf224b992ee8ec3a53179ac5d;;;;;;
01889e3c346526cb02394ed8d79d66a2;;;;;;
6bcfd568b0b20930b945f1a93051418c;;;;;;
9c579c22cadfcf66bd9978e6d5305704;;;;;;
03c8b5329bf3297143ebbe06b4cd83ef;;;;;;
96331ba3a467a0cdde8ad8fc3827bc20;;;;;;
f2c58cbdb8e5d4cafda1fceee0215cfd;;;;;;
8338c41227e888d1a8231f2db5fa7e5c;;;;;;
46766f8d9cdc2c2e01f696c5d53fcd15;;;;;;
65bd7c2c2d156d194a22f486cec10f89;;;;;;
f8a3fe92b976333d9dc87d88e8ccd231;;;;;;
c97f4337784ed8d527622af2590dc436;;;;;;
507524dfdf630199e4c8388cde1b2f47;;;;;;
8fa25f2d28228b53cf104e5211d128b5;;;;;;
63151c700d12facea1b5c23c8cf7a528;;;;;;
28992f8655566c5f3f4e26660fbac28b;;;;;;
eaa6eb511f21a8efa90396213aa99c72;;;;;;
a5ffe756c2dddb63687e153e7931d63b;;;;;;
d7b39ecca281e0f02ecc8e9edf4030ce;;;;;;
13a491e7608e62462e06b912cf91a221;;;;;;
b46a2718cd7a239608d0ecfec45dc1cf;;;;;;
a6ff0edcfb198cc2774d1051972953ea;;;;;;
e63a5496473ba5810f4de2db41847acc;;;;;;
7c81d90c4625e49918d5c57a357e6b3f;;;;;;
ce62895c6fd560837881caa86d7fc8f2;;;;;;
25f9c80b01a4748ff8cb3496b45963e7;;;;;;
0191a1910f4f7e40519df9887d9879fe;;;;;;
af7a4461130e755ed0a7e321303746a8;;;;;;
5822f606f0092aa75033cabba2e77eae;;;;;;
7901b3a0105a74b5b375d02cb814e37c;;;;;;
327b493abfa4993be4a3707fb178ffd5;;;;;;
7cf12fcd96e41fddec7bd64000985f33;;;;;;
981ca05f93d437292dac3f4c55b788e1;;;;;;
17cdcb183c308964d357cee2aed1283f;;;;;;
4b5bf91a036af5baed42ee5964c4e9cb;;;;;;
305aacdd66da0c0035850d0084502804;;;;;;
67712f12e066d2be34836b39aee1e75b;;;;;;
06c898d34415f17f24cf995334c10441;;;;;;
8c894853a6ff25d3560a4f44cc0eb235;;;;;;
d79390c4b3bf9a69edfe44e231256220;;;;;;
9d9ae02b4498f48f411bfd4d408d8a0d;;;;;;
a3cda779edd140de6036dc31577b4c2b;;;;;;
bb099dce0128852df1b2cf90bf99e2cb;;;;;;
388f16b48ca2d865e9075893cd950e13;;;;;;
0d1154802f6fcaa74e61b5a0788dfa8c;;;;;;
8718be176e1b8680c0266a9febc97d87;;;;;;
11511e387084aac9aa47b75ea55b69d4;;;;;;
af64af83072796efe5fc9caa607a47a9;;;;;;
0804250aa8c722552e72566b49db3e36;;;;;;
b40b375ce1dbfbd03c09186889565fc2;;;;;;
6700985f059a0eb43c99105588bd6eb7;;;;;;
026807d4890eb1359c9e0334a9063c87;;;;;;
99c3a8ff105a10ae573463ed80ccc2f4;;;;;;
742182cf37df44d122c791a849309732;;;;;;
62c0a5aa7e93a8e0a5cfdaa704bdbbb2;;;;;;
b83f353229b09c9c625ec0b1aa0954bc;;;;;;
438b027f6c297762e0cd706571ef9511;;;;;;
4268e4efce3a3e6d4fb5faabbd9b62ad;;;;;;
96716ae7a716cce3546e124f852575a7;;;;;;
82049dbc4ec0695be86488effb7916dc;;;;;;
7d8904983bbe4ef83c69297c163f3581;;;;;;
545592c4cad010e248d215435b94c620;;;;;;
6b086d497621e223d5d8a1025ae9853a;;;;;;
5c092bedef308db7632742df878cc930;;;;;;
59375e1b27a8014097be593225aa15ce;;;;;;
e61dd7a51a34fbad68b20cd8430b6f07;;;;;;
3e74e2f683ba47e682e94599895b04af;;;;;;
938381393c9f5a0f3056348a293c5f6f;;;;;;
2e0c2a5bd6d5b49012c7093da10436c2;;;;;;
65dd8c2c81321fa65a7e8230072ecacf;;;;;;
901f200b561d50a89e5fb7294906fef6;;;;;;
4cf9bf24be21373ee59cd39fc0ef00cd;;;;;;
099f18cbff07426a23026662a631c23a;;;;;;
b52022cc0a21b5571f08089bcb8504e0;;;;;;
9ef289b13c6a95693e63db9e6a0674ff;;;;;;
7f0356bce8d54dff9b24bc5ffc7fb2a8;;;;;;
40e4b7a0af4c29798d4a5a3e4319ef9d;;;;;;
f7089935fc24a2afc5a88ba6e76d6342;;;;;;
9a9e7d64c2f4bbbe517caa79bc678a44;;;;;;
074919d0f9f94b4825a992bd1be7f433;;;;;;
a232ff6f9e2b8289da01776cc9f03e36;;;;;;
c6e765b028b1398da284de0710aaef58;;;;;;
948b5879058509e1f7fa6e4043a3ac02;;;;;;
bd8550455164bb1ab5cfd00c3ae9df9d;;;;;;
808b424f71da896683e0a99e75a45e9d;;;;;;
fb4613105d688a49a9c0f503bf86981c;;;;;;
8d21d3a965802ba4bc588cf2eb2e71ac;;;;;;
4ed5caa94371accb63f6fd96fe620d58;;;;;;
f40723d7ac07f3e38aed9947b3314de2;;;;;;
a5a3d4ccf39b3eb609f7ca2fd1a0e63c;;;;;;
3a9dfdbc43d6ebca2ef2de43d726afab;;;;;;
c411b1e68947c2ba7aa896c5c65f9fc2;;;;;;
270b640be123afc45abed7237095d1bf;;;;;;
59765a2ce77b7675fad985daf9a85a74;;;;;;
85374467422e84dcd134ad99696f1736;;;;;;
4520907026ffed752c5a0d57cd943895;;;;;;
9a6fec23ea6dbbc6ab7b0ac0c08be250;;;;;;
ff5de1a4f6b9763d913f13841c9af9fe;;;;;;
4261d924842d2535b7a2e0f27ae02802;;;;;;
efa0575e16e5da0ae59fde7ea459c066;;;;;;
e7ad4efc907e188c37d87f4fb1c531a8;;;;;;
133483086677606089e158c32f02ed46;;;;;;
fd004642c95f10b91a831ce99a5abd5c;;;;;;
4c37ae9093cd0b05000b95efab6dab0b;;;;;;
e9ed9f0f32afda6eb02baf97b34b102d;;;;;;
98ee6bbb25906def17c1df911d650c76;;;;;;
b6107343835628329c4c67dbf4bd5e44;;;;;;
adcc1256731509bd463faf95a4fc0114;;;;;;
ccc3106aba99fe37a6d58a5513b08470;;;;;;
1275f69f1cc5dadba49f1d48a1da17fd;;;;;;
8e821cfb5582e62ecaab97d5f9b7fa27;;;;;;
8e43445d25991b0cb0afe2bd177651e4;;;;;;
e3a951b72fbcb9c3e3a2c7593d0de99a;;;;;;
c7a9a3a3d17dfce82be47823bac589cf;;;;;;
43fd6c56082802082b4000cb58c94388;;;;;;
0a4488ec42cd0be279b158dbd661ca21;;;;;;
9582105f9721ad077dadd9507d31cec5;;;;;;
95c062130d626b500b269f2c44e8d93f;;;;;;
25d6dd0b795bc4056af652b8f2b829c2;;;;;;
f42523fd12e8078eccfd8385ee0f07f1;;;;;;
ac54de6aaf5d097c54daf96198bc6ccf;;;;;;
c8c416134b4f3a4a7d338bc67f6802b4;;;;;;
257cb5f2055cfa202f70e3f4b4437af7;;;;;;
e672e87487fc7d11e768ba7e65a74752;;;;;;
95a7ec9e7ac00d84603b2b6fdb16bb19;;;;;;
1217bd073afff04ddec022a111fed0b6;;;;;;
b7d71164da4068e021395f0063ad3795;;;;;;
d661eb5085ab1d8309bed29444d38b8c;;;;;;
15f9f7a09ad5749558791e91f39c68b5;;;;;;
1119ffb04d85d912f02bf282ce177826;;;;;;
029285da4495fa358df13799ebfd3b56;;;;;;
711b2303bf7d6c741de3705242d69537;;;;;;
572874ca2ff8e9c428540c7f80cd46e3;;;;;;
c2e93d813cca183050ed46b355f4343b;;;;;;
1da3d8529714d344abf9985b5664ce0f;;;;;;
ec1f66690a7e00cf5b981c385c071ae1;;;;;;
f752dd2ebf3d5511957ccb44140b4dc4;;;;;;
b471e882404857e553c1043271cb9be4;;;;;;
349c07e72c97ca6390ed42af5ef4ebb4;;;;;;
312a9d2ef77ceef87754d3df74aff852;;;;;;
0bde7e9ec1c2e63a2f005c673576b5f2;;;;;;
be42930de46fb766e5d8a46354b84693;;;;;;
e2f3a45dc1da30320111f0b81644e496;;;;;;
e11bed1fe37dcf303a631775fc1775c3;;;;;;
033e7613e6f110e4316eacb4769dbd3c;;;;;;
a4436a318169055902fbbdd77f5212ae;;;;;;
ee5f67eb35b95a5333e0a75e9baf0785;;;;;;
5c7370eccc601cc2c8551ac1b690b37f;;;;;;
16b92160379b24d3bb260270b64ad303;;;;;;
df143b22789fb34f06c8ffd3b60d5422;;;;;;
473ff1c44e36498fce16216a4ffb62a2;;;;;;
d3cbd3e6ee2750fefd6168e1995818ae;;;;;;
fafc79e415cbda6c72dbb5263906b5bb;;;;;;
545134c0a432b202a63cd0f839622300;;;;;;
67b174de16fe175b74600c48226c701e;;;;;;
03b0920af56f14d4e41a340552a0cd36;;;;;;
3181fe3a3103476eb342c9a2506d45a1;;;;;;
4e0f6e7fba1e9d203035b58410ab1b1d;;;;;;
b4c40cb965f2fca9711bc37a7a6490cd;;;;;;
5c2cc133c97060e246f607784416ed88;;;;;;
a33fb1c520c4361fb1275f8fb4c91b9e;;;;;;
01e2ab52c50719b9d0ce3b99ee8701a2;;;;;;
6738e663746a0328e32332332ec121d1;;;;;;
a355d6618a5b12c9f5d98e4f2da0c7e5;;;;;;
df74f458b07432ae15e1af11a66017bc;;;;;;
42858f7b17b2e447a845caeae8255219;;;;;;
55c946adb0a32920c0266d6f6440c731;;;;;;
f640688629c57f4e06311a3bc4df841e;;;;;;
d5bbfafe0ea9d89060cc94af0c1a9e5f;;;;;;
dc6d040f77fdd981ec7bf0836f17f619;;;;;;
0f40bd8aa2a7c21de399355465ce04dc;;;;;;
3fa884d284c5a91655ec163f953b3f8e;;;;;;
719455f50b7a8d3b179efe75dfa3319f;;;;;;
80f12f73711188237f8dde5bbbde5d5b;;;;;;
447108d4e6645bb585bfefe4ac8ca1cb;;;;;;
b67997d9ff869283c59e1832605afc59;;;;;;
0dbc0e99de642086c9f412d2162005b2;;;;;;
1a962751fe52da2df5383fa011675bd6;;;;;;
74a5b2ae95aeb06700e5a1037ce15c37;;;;;;
21f6d025bbbf7d3b1c06c69e8566aee0;;;;;;
ad885d173a0d2e580dd0b0e46b16ad75;;;;;;
082df844cd28ae2bc45812ede1cf53f4;;;;;;
b1037f7e5e0624ffdbca3bebab275458;;;;;;
ad4055bdacb215a7f75fd09f3292cf22;;;;;;
8347820af3d0ce3f05c7dda79a1f765a;;;;;;
c193ef206449bf8b19362ce78786fdd7;;;;;;
6d5aa19381cb85969111d17f0c10cc90;;;;;;
66270db51a42a15bc9e4a26271983b79;;;;;;
1c6d29aa339a04438b17628c3fcccbaf;;;;;;
f1e69f0b186f1f3eeaa9193f135f66cb;;;;;;
37993d694dc2b7d975612f8c434c0a91;;;;;;
5b185b6c963db0f6a9a023487c77fc92;;;;;;
62f3561ddd9bc4fa61f4f4b279d7b112;;;;;;
fb9ca8db1f02005f9dee4b14aecfa0ac;;;;;;
3ad3c93a038cab110563b3336679844f;;;;;;
6a462b92c3078585bc368ea945244f6b;;;;;;
cbde531cd43c026858ee35af0213f644;;;;;;
2eb6a66e6a28101bcfe93092d3dca48b;;;;;;
294f9ab79bbe33873337efce06f4df12;;;;;;
1cd2a53642e08a9658e26a2c10e576a4;;;;;;
84802ff4312b17816c20b45c4fb1562e;;;;;;
a053b5c0116974ce65c1bb20363c57b3;;;;;;
43d143528cf0c0e053dbf4b03a8577b2;;;;;;
f9c5a360e1c8a86a4a8cd5e2f5003d5d;;;;;;
d636ef7396b2df03bb65c2f73b95d9db;;;;;;
cdbcbb6f1a058ebd838e246809e2ee88;;;;;;
98d8e02e0b603d73b797a4eec784bd4a;;;;;;
aaed601d109cb6133701fe80f751d615;;;;;;
146b6e88c17a654c43936aeb52f5e991;;;;;;
ba472bfe518d4df2d581475fd9cbad20;;;;;;
78d27ef5bffe59654650670df66ac2d2;;;;;;
14ce114e6e9983f8ca3592e131b86bf3;;;;;;
65b28404990eb1347714599876f84c67;;;;;;
8420c5312edc5efd9cad08046e56cf0e;;;;;;
98dad1a6edfef1675896a02a7c4f5289;;;;;;
d223d4b065c80a444537b7ae83de9119;;;;;;
4b34037461d79ff7281090e8ddcdffa3;;;;;;
f556b9d79ff558500afa28715abb4721;;;;;;
8b59013aa953dd31f6c8d2429c652467;;;;;;
4026d01c0f1b7a72c2526cb56f0271f0;;;;;;
d3cdd83e11104cb28d3a3b82c07b7bbe;;;;;;
5e7f09f35154406a8d9efce984e84b6e;;;;;;
c81aaf631f2c3088dabc25bd47dcc6e7;;;;;;
aca539fff18e44e5bfce07e1e63846b2;;;;;;
078ab2ed78573952981718bd2c0c7538;;;;;;
ff07b0d106f04d0d3553877613b7393a;;;;;;
4c8b43343bf92c26ded438dd46aab64a;;;;;;
805e3625c81623624a4f42e8773278d1;;;;;;
940bb030ced68174fe5e85a49161baa1;;;;;;
4022c90941628c53faa7fc617668b9ca;;;;;;
8516f5bd113f3dce69e2a07367169123;;;;;;
ffdd1ca21f8e235141fefc3db93ed0ba;;;;;;
ee7d6f420044ff44330886be3c2b4c14;;;;;;
1ef0d87a9e55617e5655451f58fb6fc7;;;;;;
b82bc6e6c369de010a71284f8c346a71;;;;;;
e66237f943f04267f37bda2a07f21827;;;;;;
3382d92d0523211400333da8b2692a5d;;;;;;
c189617ae9ca12edf7c42dcdd7f16835;;;;;;
679f730210e3e6fec8654a4404ac9d72;;;;;;
cf95bede9b0df4489f30c85e6a25c1d5;;;;;;
0c59c08a46672e1c2aaa5e7954483aff;;;;;;
35575312fb001d796aad455c9a490fa0;;;;;;
2a31990ead11e9be550bea4e4e18b062;;;;;;
46a2f72b0c4a55843591c6caaf428ae1;;;;;;
dbb867e10aa1a93ba5d24382b115396a;;;;;;
90fff3a1c7d15699401765b75dc25cfd;;;;;;
fcc61f2694eb7eefefee4a6e02c7d87d;;;;;;
f380ba912bf4d1f421c9e377da278c1b;;;;;;
00444618933eecbda0b5889b3536479c;;;;;;
4dabe08a6a29bb8ccd006f2751f13fec;;;;;;
71aa466799fbcda31ddd76904b379c88;;;;;;
8e311f633cb8a52a6a3987f107d3c450;;;;;;
5d2a7bc17a1133bed05d5a716127e75a;;;;;;
16718352ac06cfb9732dc170faca2168;;;;;;
8ab3a92494185683adcdbee58d2c6248;;;;;;
b4141d48a48dbf7af13ecf750a988159;;;;;;
8c94e44a2ca9982ff734faeb63b70bc9;;;;;;
0f206c8c0883bb19b369ca7775d7db64;;;;;;
9bed91b030d4a3b22e212a4e561e6881;;;;;;
04a84376dca98c3b1bc80357870c1b20;;;;;;
1e47dbca46b85176979becf3bb326e31;;;;;;
ee4040447b69430d6e8ed4cbf92e5015;;;;;;
47b7ace6eeb88f1674bef3c952d9012f;;;;;;
4f7471ea0a89e372eb1e070b26fdb780;;;;;;
c93ca8589dbfd1eeef1f4a3302ff58c6;;;;;;
5ee643d6e3f85b88cc2baee0f8652a2a;;;;;;
8c8b6654031c95aea30309dc19fb9e52;;;;;;
899613646d37dd9dd15a03737d9c9f42;;;;;;
c36deb078d39fc9b7f47d17e9087bf75;;;;;;
8a380afce071caf0e0533116d6eaf86c;;;;;;
7beb550d6d1cbbb6370a9fce73e13c75;;;;;;
68788bc48bbaf7fcb0730e5b14894c2e;;;;;;
bbe3d165b9f266f9556a3781b5742dcc;;;;;;
620261afb14b54a48e2db13d7c9f7bbe;;;;;;
d3c2b1e8b9932c26a89c6af80cfee477;;;;;;
cc78a0e7374336041d2b8870ff744b2b;;;;;;
91612c2a01e173b81572214eef8cce51;;;;;;
53b909795a00cf471cb80dd1c15f9536;;;;;;
dc81a4e15f4fb48dcf74eddf49484a06;;;;;;
a351ba03d75a3f04344ea82658e954bc;;;;;;
b1e18170b7fca2298129b40dbd1c9953;;;;;;
4909a33367ddcb8316c3c3ed4d2e65ad;;;;;;
cbadcde3dbd15e83ccbb2b2a0b4b4632;;;;;;
3040c544719dcfabe7ec6ca3292d1e11;;;;;;
96fa6f174869b7ad3f632544b7f9a8b4;;;;;;
7346685ff239e782802f4ad0699d0ef8;;;;;;
76a711c185e5699a86e71fd402320851;;;;;;
53283cad6da62b544583143777caa119;;;;;;
3abcb03b45ee20f36f379784a943c0ed;;;;;;
c13b5c579328377a87109528080c6da9;;;;;;
e01799c3bdef94401980efa2eb3945d7;;;;;;
d952039ea7415b5131bbb95f0a69d6ad;;;;;;
eb17e89c55c8aef4e9c239e751e322c7;;;;;;
4d167b1de4d7dc162002d366fcd2ae4d;;;;;;
d0a7f7e51edc64bf2220cada150787ee;;;;;;
543002905185d55a777740b71fff9342;;;;;;
15e758e31f1551db52b8b1fc33ea4e1e;;;;;;
cf9428b6c0de9add98d80ac1f49efc22;;;;;;
b7620fe3ad939e3de69afe7d0abe1d65;;;;;;
4ca3f6666c63d96613c1f1f6be80f31e;;;;;;
6bedc22daa5dfad5aa9b31ba9665889b;;;;;;
f1b54b9e038a317a685a404ec4f26fec;;;;;;
aba0692da4b05a42d23614eef49445bf;;;;;;
a89762db63e2e797228fe9aff850e971;;;;;;
8cd7e705530599b71ab472d21daf4793;;;;;;
b74ce82ce51a1aa96effc3cf18065ce9;;;;;;
7caab4fdeea3c6416223ceae6e554458;;;;;;
00ca29b1896f3c5ba8c024a8eeecbc8e;;;;;;
3fdde5cb820ed63374aa1e0da8f583cf;;;;;;
b8f18f2830123974adb5ab3e4d8d9f8e;;;;;;
49d48f61f84418e39edcddeffad8b2f9;;;;;;
cfea92013f58baefc371b59423e2b3ae;;;;;;
659d43e5bea580981d6faa909efd1da3;;;;;;
26578f4df8bc231de56eca742f9f336e;;;;;;
22cb38524052fef7adfe4295170915dd;;;;;;
0b7c4ff929ade34501990a363440fe4a;;;;;;
11dc5f6cd3e0ae340beb4a7e1c946bc7;;;;;;
e69fb913fdb4163e29f3125400640445;;;;;;
899a2be23e7ea774f67ca3f8a9741ff1;;;;;;
6fec97a3ddb472cd8a5d8dab7f42bfd6;;;;;;
126d640fcbda157797ba5f5a08aa9efc;;;;;;
ed7d3fa7c287183c586aefed91ad1ee2;;;;;;
0a9445c06e4c85926b49e30be7a71c26;;;;;;
e8b7e130b2ff230c5caf8f2d865510f3;;;;;;
2df1b9a49b30ab479a354ffdd02968e8;;;;;;
da09caf12fb292a0bcc38cd33057e8d6;;;;;;
55785b603db517e9c6f4da88b73cc7c2;;;;;;
02ee0de72da2c9a0decec59a09f02add;;;;;;
03d051b92511943333a63be6a85172c6;;;;;;
1bdb3de955ed115aa9fb074e5eb0a334;;;;;;
fef24f327c40c12deb60d37e2ca6af60;;;;;;
78b8abb8e686fd8110714deb6ef5ba98;;;;;;
d75828ae33e827d8e1b0dc2ba094c802;;;;;;
cbaa6bbee07ac78e56929b8b18d3e86b;;;;;;
a2defcb68ab82a0d0cc8942929732fd8;;;;;;
f5f7d472da79a17700de48bf3175258b;;;;;;
bc552696c49e75777e910b443e426250;;;;;;
f714f46474bd2dd32ffbcf755bb5bc03;;;;;;
65858a388d0016b23c1b73a0332cef39;;;;;;
77a53df14c2be0935aff7a2c08ba8a80;;;;;;
777592449a7c7e1c39d31de6701aedda;;;;;;
67728941b65aaf7f8625573127bbb411;;;;;;
300b8a80c6dcf2e4c53ade03426a62bf;;;;;;
59cad5827550afbcc07b0b0d92203d96;;;;;;
ee7240b320f6aac7152b6aa4f058adc8;;;;;;
f9814680e112d618668dddf32786e4bf;;;;;;
ae36ec72bb360b935191a61c7cd839e7;;;;;;
08107ced14107c683a6ee0f7232a67c0;;;;;;
d5335ce070825a2bb557145e82ea5930;;;;;;
8815d10f63111fd0ca88de54516415bd;;;;;;
73eea16cafd3cd93cbd7d917bdf1bd2b;;;;;;
32db3c66684183d589f329b0917dffd3;;;;;;
d0714f176ad591a4007dddac4c894c47;;;;;;
f467a1429dd04011ccc9b643b2e85d1b;;;;;;
7412bb42c89c6b43a6de062f4167e662;;;;;;
08e623d7643927cf5a2d5bcfd37b8cf9;;;;;;
b712dac1af5409aa942631676c4f823c;;;;;;
0970823377bb97f6ef95ae794a6fbb77;;;;;;
f00fb62e3b04c5028de9ee1498ff659f;;;;;;
df7cb476297a169ffa56b02ba6ca33a9;;;;;;
51cfbc0a391fff4169224fd2a0e380c5;;;;;;
8bd738b79ddc10455931d24f059cf99e;;;;;;
6ab855820e25caeef22dcdfcb4602eaf;;;;;;
c00cc7ecb301a52f4bc58bfcdfff777c;;;;;;
0633c8ed030ec69019cadffa7b8f903c;;;;;;
11eaa1060f10804429579a63adef10ad;;;;;;
e23e81b71a15a7e9cf364522ff61661b;;;;;;
a0ca6c85bbbc2783b71438edbc0619f0;;;;;;
2e350d27c0b079993ea0738a0e30bb91;;;;;;
daeec354e51764206bfada841e4f60b4;;;;;;
1b40b6dcabc707477928b46cfbe1578b;;;;;;
5d9983fe0b1b2504f8c0525a054cfedb;;;;;;
cf2bec2264756858a480b7ea195f0788;;;;;;
ac18ec7d4e1bfdc99a6ac63956975e82;;;;;;
6398be5a805ef1e6744dbbccb29ee0d9;;;;;;
7874cc125d80bf342fb41c982732e5e3;;;;;;
6f80d3fb026e920bd49ab9d3162ef058;;;;;;
2a32c1728026cd4f26520da05fe6856c;;;;;;
9dbeb413643502bc7ab546eea0347f96;;;;;;
4a93413e46add46e5620258247d15c78;;;;;;
768a6a1bdfacf1009e993363dc99002c;;;;;;
a4852f418516efa3906d08814f20fb43;;;;;;
6d4f85cb5c7f9b876f2e0b246cc8adc4;;;;;;
6fe19756d0d2872d95d3bfbe0bba06ca;;;;;;
45dc28185391032cd0884391829c034b;;;;;;
b06ebc71b9fb494bffd66a2851fe470d;;;;;;
8df87ffa7449e9c0e86c00f37fddb97a;;;;;;
cc47c0c55e355a79e6ccfcddfb16731e;;;;;;
a000b3a3e9f8f37fd046442e8ebd3c35;;;;;;
03d6ca843d09a7465acb0d179a108da7;;;;;;
1e1ed2c2592d284beeb74e5d821c389a;;;;;;
5aec4fb8772c1efcfc9dcd1810262c4a;;;;;;
4fd8f8bb39dd2c3611cff5e02706c73f;;;;;;
077ca0940aee7d83ece4eac89524c04c;;;;;;
68ce14e9764a74eaf89e3dcf1d9ac676;;;;;;
fb86669c76d496ee982e035da4d0eb85;;;;;;
dab2003c33202d3faacf75dbcb6a6f67;;;;;;
32016472feb09f87d7b4fa378b0cbfad;;;;;;
d5456b0c649a25a626ca48c52db1804c;;;;;;
03feef65ab68d8bd5b1819fe9a2675c7;;;;;;
6620131a5970baed04595ea87e1f2d67;;;;;;
bea9ba1073a7999ef0b7934dd4e60f81;;;;;;
59a2bf1d427e8ceac0f55d0b9897a5a9;;;;;;
0263f6136e9bfebb0c5cf519c80f06fa;;;;;;
ed6218479405c95ce68fd6a77ad645b8;;;;;;
5367ab69c678d3ebc67d90684619d52c;;;;;;
95d450fb8543f03dfbbf1e39783b081c;;;;;;
ef12885cf4511f2b94c3c14111bebbbb;;;;;;
d6319bb6075975db65579e3aa87f6b60;;;;;;
e18fb2cb47da06826e40826fac674d0b;;;;;;
5934570decf45189a23fb7115c9e887d;;;;;;
de561a3c14194602f06f9bc2d0ae3693;;;;;;
7b8fc51e298ae908eb67ec71707f9d11;;;;;;
b63929fab06de745201999eb3fa38020;;;;;;
afe1077b75782150f6633cc48ef2a467;;;;;;
fdfd598537d6b457d6c1113f64bd32fe;;;;;;
b7fd15687e4419802e7284d61c083879;;;;;;
a84930d95976507304e4a052a64e341d;;;;;;
692fb000f690d367d9730ceb511e8598;;;;;;
f77e0e815807b44e28c00b097594b470;;;;;;
7387f5eebf9690a41cadd7d042dcf03b;;;;;;
de6f8e8caeb348d18efaa5647fb79a6b;;;;;;
a6eabdbb030aa84755128743c5febeef;;;;;;
a22ff091411039f99e107b568c091ea3;;;;;;
c1ffc342017b100ea01fcdde04ffc0b6;;;;;;
9c8b2df57a16adcfef0df20ed9eed4bc;;;;;;
17aba2f0ceefd9a8ea418defde586abe;;;;;;
066d5a21aa01ff962539b72c46d090c5;;;;;;
ffce7891b7fa4d76bfa4592fc01285ba;;;;;;
fce0dc10c68c1d60c9227a2fed4221d2;;;;;;
65ac431d020fcdb0ff82e9ee010956d9;;;;;;
8b4bad8bb42b1d479570c7dd87fe70ed;;;;;;
ed959724713ebf6e23985fe90a471b4e;;;;;;
c5401d9eb6cbba1c8e27307c91984eb1;;;;;;
ff3be9dfe1043416758f442c0e5b52da;;;;;;
e324c23b90d449f6c69dc61b1f3f75a5;;;;;;
8f96a0f561ffd7542909a4fcfb408f59;;;;;;
924456fb9720481158b939ac9bcf96bc;;;;;;
822be3443bd8af473dad85e9aeb10fed;;;;;;
a17dcb87cf40ebb0975aa3bead39740c;;;;;;
b5db3fc04f60aeb2f9d4798a78644d69;;;;;;
85bfd60346c4e283a1786330624ac606;;;;;;
7811f83ba21dd762c17169daba71aba5;;;;;;
e63f09a667f38666bc3fdbd50d9310a9;;;;;;
b2e0c69a4d05cd23f5428b000a121844;;;;;;
4b9eed8e42ab40bbc252d3e1ac031380;;;;;;
f5dacee3977bc6e11d9fcc02e6543830;;;;;;
3ec7f66a5d92b2427ec55979268be40c;;;;;;
da7ee7d9288c9233b5c516bd4d1d2ab4;;;;;;
b001674bda3c0662318882182dfa0f36;;;;;;
06c007023db5e679ad20033204826b4c;;;;;;
e26ba232cbfb95f22daef082c3e3285f;;;;;;
02b5fb197ef99a0947adf06a186de4e9;;;;;;
9e89a3676eb29982c9b85eec3273b80d;;;;;;
ec4f6caf12d75a358e1dce62f4942e29;;;;;;
8cc63a0593d27eea2a76aecd10173593;;;;;;
0a59aa5052d779a9dbe00efa24967b3b;;;;;;
3585e9d3c782ce83cea0b5b998972c33;;;;;;
dc6fe5f4314fa43406aebe7fdd113a17;;;;;;
b3b43627a99f325959b12a0b3af81c56;;;;;;
47b84760501e3c59e49c08dd2335c3fc;;;;;;
8f5ba3268c0ae1f1933af991a1dbd294;;;;;;
498c35d28c52fa9731ac1acfbba0c65f;;;;;;
f36fb9afec759dd68c4ecc06adb7bbe9;;;;;;
4bd7d872fcc3e9341d67c909a4d7b3a5;;;;;;
d5dcdb28cc167e30f5ad97aba4afe2b3;;;;;;
713d14c6796ea8272c268e0f0862602f;;;;;;
58ffc54ba92587f88780c8f435f2e51c;;;;;;
d914c82df92e50620d2768d578f66b87;;;;;;
447693aa4e66a7c7f98ac1be4c074518;;;;;;
e533f040966bb10736b6b81752e8a167;;;;;;
6a0a3b2a5e6627fffc003997b7607871;;;;;;
7b6d5b0032ea47bdd019f3029bbc4a02;;;;;;
3e2d3a935bb960f7022cc1c1f2fac76b;;;;;;
85eb94180982450893ba18651327381a;;;;;;
9238f486311744a2052c962a02613f4c;;;;;;
f9cdb3d40618b99193977dc9ab609d40;;;;;;
33c7b7b74428703da24b961bd52921c9;;;;;;
ffa0b1d71cf6a10fb5f92a80adaa2e9c;;;;;;
553741062f4f64240d3fbd6c80fcb6d8;;;;;;
43bc5c18c9909fd872e751a929418560;;;;;;
9f20cef442e5dfcb821002648ba76921;;;;;;
366d154737e3a7fad3cd509ae483f5a1;;;;;;
b42056d3ec3f4b171868c6b5f1df81a1;;;;;;
75399b47a3923ed6a4743e4541b2ab26;;;;;;
4f4d2fb21ebbe93cb840cf65cce4ba57;;;;;;
bcbedb2ae8a61c105afc981666962ebd;;;;;;
f4f4181ec0c99de862dd0327c5526903;;;;;;
a4c4dadd953c3bb156984c840233d630;;;;;;
d1d98922d9d7046c658029cc57a80e18;;;;;;
6d240b75fbdee57275d72ea79110f33d;;;;;;
5965cefafb0356cbeacfdbf6d1ca1308;;;;;;
8b986b5273a9f55feb8536a968bac081;;;;;;
ba3fe19249c03fd2b9847ccddf743d11;;;;;;
6b54ba688c3f41c2601fad21744e73ac;;;;;;
6e6aa35da6e0b6a5ec6e0ae81952f597;;;;;;
7da3603b8952eb72b34173c4f9421b49;;;;;;
dc72ac2917d310f41230727250bac580;;;;;;
21426a8d1ebc94ae12c9fa93af8580c7;;;;;;
404e413097df37b4244f3756299980a9;;;;;;
e143b950b03cb869590914f6105569f6;;;;;;
cd7fe77f0e5d932c1a6672ad07a793be;;;;;;
f152d696b0db8ee2fadfcba117ac72c0;;;;;;
7e4dd6f06948a5540f826afb9b366f86;;;;;;
bfc2ca55374426a39dde03b344cb1226;;;;;;
acb573de660dcc290de1a4b65ccdfb6a;;;;;;
9a77646b20d2a7bb2ac4ab71c7eb1189;;;;;;
c302eff4f3e78485718cf8d514af6a3e;;;;;;
f07f0c23cdc3ac22015ed1b8ee76d468;;;;;;
25b682b1af8c4d2cd4053eb1fcb6a822;;;;;;
851799ca0334618be0b647bad57ec9a2;;;;;;
d7701d7a3b4cfe367848617a221d00c3;;;;;;
36dbb97425d40de401ee3313f6ba09f9;;;;;;
e8b3252f3d7bbc7007c6a01f5524c50f;;;;;;
add9f07ff5a7306feef085f3cf287a62;;;;;;
4c43acd2cc65a5024747020019093800;;;;;;
e81c1f950f254c4db3b53e9ffea2198b;;;;;;
2d65d000cd790b2192cd23874b19eb96;;;;;;
62d91279a47e81688e182d807275aa84;;;;;;
633067e4c07b880f91ac186a7710c2f8;;;;;;
2861c241444e7c9c5c9a93ed18c308dd;;;;;;
d870142644cfd32e52e92150fc1f492f;;;;;;
7d0de8a5da46c949fe2955a40c9d41e3;;;;;;
bf5b6dc97168ebab86c3888fe8fdfe80;;;;;;
35287de98274df80a26fb24b509f86a0;;;;;;
237d3567f5303a80007f911fa295c4b3;;;;;;
8c6e411ef4bc36556a6ec396f995b739;;;;;;
f76e7f5e322224fcfc1cc7bb612eefd3;;;;;;
1f63257f5a7a347a09cacfba5f9dd571;;;;;;
ed19bd2d510d3164f6cd78ba79837e4a;;;;;;
06f73540e69ed24f07de87150243520c;;;;;;
b01a330cdcf3ad9ff2e124a7451d6eff;;;;;;
576a132fd5f8766db517d3e0bed4c20f;;;;;;
55594a32c995a1a24afa2781bb4ebebf;;;;;;
a0b4633e3e3f53bbd1e38feeea386a98;;;;;;
fa3137d9b19bba2c726814fab0c9465b;;;;;;
90df2cdbdecfa2fffc73b086ad57c411;;;;;;
c020be2f972149fcc4128224c4731fe7;;;;;;
57b7f43fe022044f88642d7f739b9e9b;;;;;;
917d9e14470702a534eca52c8b0859cd;;;;;;
be09507985bbce93774ddfccbf1badf4;;;;;;
6d8acc409a0808d320a331462e8d0d7d;;;;;;
05badae9204c9ab042f9ea8842373fb2;;;;;;
bd11aa7f76a8c4c1eb7c0dba41b20a67;;;;;;
07a4f1d8ca9d5698ad23bec3ffc1c7a9;;;;;;
6b852aa7efe15fcb21db654dcce4e696;;;;;;
9df8a0660abf5e159f74b9c444642e5c;;;;;;
34666b6d7505892a43fce5f0dfd5622a;;;;;;
58cb3bb0f21c6fd2d8665ad94a104758;;;;;;
98d92f5f8ed5cfe01e040d4fc3f482f8;;;;;;
f5934d03e5cb3ff1bce62dec8b21a9b7;;;;;;
cd57678272b2f9a093d7e35c2001e9fe;;;;;;
c97b46907bb4e11e78a0d92db8c9a147;;;;;;
daaf6a80e25dfd28da1a3df2b4ba6784;;;;;;
650577502d798651f510db1ab7777d7c;;;;;;
48f015e319224171e6bf3483899fc96c;;;;;;
e886d2e90f016b2728d57f22101b20af;;;;;;
c5bacd6fa11a00a5a55617678ac1ca58;;;;;;
13ddaef02f2b1cd405ecf3d9d218285b;;;;;;
20f86d2b6c8b1945a37a18ccc16635ab;;;;;;
5f372fba3d0eda91245086c1b8d05c04;;;;;;
df3d2b34ab0caabde42f9f53630c5179;;;;;;
bcab2c3ca25ee60b2ef98e844c82bc94;;;;;;
e73ac695081d48964990bfa5ba6ea02b;;;;;;
d0fb600114a7082d2d02fa84fc7f887d;;;;;;
e44592279bb7e43c1067ac181f013240;;;;;;
880c690c32b6f880f11f77d91b50d276;;;;;;
44b0672b696eda657f0b3f2b6ff9c6c7;;;;;;
3d07d48c50eef0351c191b9d45ad2a76;;;;;;
4b0f5b97149002d6ba9ed5e82bd319ab;;;;;;
972f3d1978a5c6ca02b93d1d16f96d88;;;;;;
2ef4aa2247233e5a31cf869a7aa474fa;;;;;;
1d27e48dba97c7205cebf29749784443;;;;;;
a9ef56ef71d05c327a791e45ae949cbc;;;;;;
8c4f3e0fd829ff78d96595072b86d8b7;;;;;;
c8648e30259cd0c723687c818fc03f7d;;;;;;
4e1659f43d5dd79275b8b81bb2c57391;;;;;;
3a115737099d887d6ea27ce5673201bd;;;;;;
a8de3867bfee0a0d26db96ff72b861f0;;;;;;
af72ec6c0b5ba80365305311a5751c44;;;;;;
2cfcc5e6f04d38a830b17d72d5188ebe;;;;;;
97e868de3c686a5ddceb4d91f208bbdc;;;;;;
0ad977f153b9a2211bf0e55c3f13cd53;;;;;;
7b727444ad1fe32548db318b94152cf6;;;;;;
941c9f60f4a1e3cde5d1d673f95318c2;;;;;;
a01d5ff5fd99b4a82af359b83d464ac7;;;;;;
caa627b71af3e6fb43ff2045bef5763b;;;;;;
0c049894b586a5dea3edbfd0e1d3aec1;;;;;;
62de83bb6fe4fe667a1c63c9f894ff2e;;;;;;
4ea23965e746fbd061d37eced2e10921;;;;;;
c91c59571a9773bc5470b15001dae51a;;;;;;
7f06b9375cc2dcce3650aa984549cb0e;;;;;;
ba1154e79fbbb06041e330c2dcb23332;;;;;;
cc2fb47b9db77379387a17225c047a2f;;;;;;
4588b193ded38e3cd2b39118da3a856d;;;;;;
e961d5c0503b5040c2a9310727beb18e;;;;;;
aed09ecc927cad2d0a761d0d9ad27c85;;;;;;
9648f10427aaa27be76c039330c54dd8;;;;;;
c7993d393d5111e20694314532cff15a;;;;;;
2b7f7e8a27147a85efd8b18810b501e1;;;;;;
6de045f00969df93972f7a6b4870f864;;;;;;
9036c3511fd4e0b38fb6cb9590afa28b;;;;;;
f86187efbe8a9d64858c74bf57ac6ed8;;;;;;
0b091823a8ec51b08d7d42f9475a3d23;;;;;;
20aa742f89fcc20c5f2338786921af72;;;;;;
eef3a0bf0d74a3031bb0b2603cc07e42;;;;;;
1df8f89dfa91586149df4278f10fba40;;;;;;
43df3703ad62cc748f9b25a3f035ba13;;;;;;
9f33df36ffc2e715c2eb431dd319b682;;;;;;
d1d6e5ad4e7687e85c04f8fe69d0e717;;;;;;
77be3b38a513af304b8970032ac81f50;;;;;;
297e46293306dc926d3bbb63a56a7a10;;;;;;
2593e18a1cc1b3c6b0b2733762b30236;;;;;;
fd399935907242cad64e096c42099abc;;;;;;
5f8b9d07ed3229a38b6e2b59cbcfa3e6;;;;;;
454b8bf224d25eeba2e91d58519475a7;;;;;;
ba058ce81edaa2388a7c19ca813a93cb;;;;;;
dea5d10f4e8245d30bc39f57ba9b1337;;;;;;
dafbabd783aa2491743f123da77e2493;;;;;;
aea247d6a979fedff935df4284b4ca3a;;;;;;
cf2d20cafaf5cef9e67176a88203ab72;;;;;;
c2091984299b77a915d0af66503cae3b;;;;;;
586fc086fa11dd2628f968411d697c75;;;;;;
b33de73d1887ffa4b4b9887b71177bf6;;;;;;
c5741402dcdfe15e8af7d33455f6a54e;;;;;;
f30dcc37cfbabd738d8555e43677d967;;;;;;
d21c1179cf2007100f0c293ed9c37d02;;;;;;
76216eacbe73dc642572655fd56489d1;;;;;;
66647977b9a7ecf2267779d001aca992;;;;;;
29a8c88652b1b791af714c2c8bfaaadc;;;;;;
7528a45a39ded3ce4e1b388492747cc2;;;;;;
517ecde669520c1d3934d87c79276b2f;;;;;;
2ac17b8db9154cd97b4e5a4f812315d1;;;;;;
6d11ba932b6dda86b0370d171607c733;;;;;;
cca9f33b7bd9602027265fd4bcfd5d9d;;;;;;
3c8b171c4fd3ce6c5760105559eda546;;;;;;
a4411ec3acbd6612bc2a5b630227f938;;;;;;
48660de6bcd935f629ec794a15f5ef33;;;;;;
4884e6d5bdd9224e40329d86631c4def;;;;;;
e246e8fceebe1a99801921e890fbc9ac;;;;;;
ab6bec991512c265d1ce8cef46ef2832;;;;;;
e44fff3fd7f07201c527e67d5d6ce80e;;;;;;
3c2c0e2b7327735d5917616540ac9e8d;;;;;;
c0fa37a0a44185a219c7d2178ea89efb;;;;;;
7d619a9a5f071ddfe5f95bf27448179b;;;;;;
cdd9b45d7f0b7e6a0de355d4c03c6e9a;;;;;;
76f3e05e9f291756375460e63d7d67b7;;;;;;
9074704e45cfe0ad8ffdad1e9df21eb6;;;;;;
438744676c6df1f5b792bfc92a4ce34a;;;;;;
3b1f3466d98856a73f31b8227ff7781d;;;;;;
453a409d739cae1219b926dd298b330a;;;;;;
e03cf5814e9a6d228faf59e59dbed4d6;;;;;;
a18636391206f0884543f401163805ca;;;;;;
443cdb78e9ae16f08d34b8ccdc90a2c0;;;;;;
3c5b76c626c4a465cc819ac8309e80c5;;;;;;
1ca86674f3dd8bae71f12812053c5c2a;;;;;;
d2296bc0ee497de06ab7dc72eb41613b;;;;;;
356443a59c33b72790dca1de0b716a32;;;;;;
38a82cd70240336126eadcffef3fcc68;;;;;;
13c34004980f509d62f2a9b7d67f650f;;;;;;
4edb992ddbbb473f8edc91df042d2499;;;;;;
c384e31f96ec230d14ee339148aaf140;;;;;;
02589debdcae761dd66bc063f1babf8a;;;;;;
d7c2aff9d188237f039a46a7065e6db8;;;;;;
68abfd7139bf656a69ebcee580f953d5;;;;;;
52c35c485359fd2668faf2f99d187f63;;;;;;
bd1ef9ba2062d6740917c89f5dd23a19;;;;;;
df9146875f2bd39c15c9ff40eacb489f;;;;;;
348063f27a3ef454f5a68917d2363f76;;;;;;
765d327b513d33e3d44d5045cc5fc995;;;;;;
feab3daeab7ce943d40737b95a8bbb97;;;;;;
ce77ea5ebd4348d028f598b698185e19;;;;;;
bf03f31a714f371c70c076c4e8f26430;;;;;;
75891693b262e7bafac2eb08c812e258;;;;;;
f9d9a32e297e2f4b73f96ae91dea118c;;;;;;
d712f77fe8b08a440898e375f406aa6e;;;;;;
e0a7131a0df58ee8e52f700738c2dac2;;;;;;
1c0014e0e3976cc74323d61fae597f14;;;;;;
d54df79f2bdf1488c68ffd28a1f99a8a;;;;;;
4f81868aa49af50d69c873a30272ce53;;;;;;
a87bc20ef3c1ba6d64766ca4f042d4b9;;;;;;
4bca9408678168be35fbbb63468526a6;;;;;;
b3d1bd4897e0de8fc35fe30108b628e4;;;;;;
dc1e051f9436f106ce999e1d8bd279fa;;;;;;
5353f8020031a96c8d5f7b5d4343c9c7;;;;;;
1cc62f413eee5c38e7e88f7625db1351;;;;;;
9fd5472b7cd06a9c499ccf86047ac30e;;;;;;
823e4b4f4a702b619911d0223c66e359;;;;;;
527bef17988cfc42cf827e74f71313d9;;;;;;
73573e75171128c38c6aad9f1057e940;;;;;;
69b61a6aad77188f2479ef33898e1db5;;;;;;
11a05798fcf9a91bd80404a9945b9354;;;;;;
462c9c2c67d0b2b273de6a1f7e152c74;;;;;;
250601d92f27b1562c84db42d01cb011;;;;;;
894fe8f70a70613b21e5de6b221d9c35;;;;;;
f119ba315c7820d2cb2f6d63ad6dd21d;;;;;;
93711a7c9df59668188b89e32fc26dbf;;;;;;
ffa6fad99f787ffc7232ccd18b987d07;;;;;;
083fb16615cc539d8c893fc76cff63d0;;;;;;
75ab1ba3c6b5809e172ec88a677963d9;;;;;;
cfe45cf9f9801210dc5409f1c79ceec2;;;;;;
a1e6646d69b67553acfd8391afe66b79;;;;;;
1943663fd0c125cce67d28f57c7b1d84;;;;;;
4c828d3739adac5c2a5d6211ed3af04a;;;;;;
c5e95f9e33978a5f1c31b14461b21671;;;;;;
058fd04fe1cc657d0767b6536999d110;;;;;;
63aaf5142cf996c7b409fa29c02c55e0;;;;;;
f42c30eb46a1c3d62094f5098cdcd80f;;;;;;
8c89a1c6db9b43225c6e7d565e2444e6;;;;;;
9d2b621f6e1110a9570f8ed69f858bb8;;;;;;
065e6806b6b668cb98d9ccbcee7fb104;;;;;;
98509c8565d9d988543a9607524f29af;;;;;;
f215dbc1047c352203fe5a3f64cf4007;;;;;;
72400e928236aef758a766332c494450;;;;;;
e75d2e3e34f74e0b5162291303948397;;;;;;
e59a75a9a3a6c91fde519541d101036b;;;;;;
b1db2d47a085064ab2431fce78d9e518;;;;;;
7a7665c2d62ea3dcc0b2db79be125124;;;;;;
82c6ecab7b9dbe84a4aa7d69cbedd431;;;;;;
b962ff58a1b23c9185da06e503ad31ca;;;;;;
834922260f6663c61bf64aaecf741b03;;;;;;
06219c1dde051d8e844974729c31337f;;;;;;
740de65488e8ff18c0e118e87b790002;;;;;;
5aff7ebc32f7628ad7c1a6c0edd0404d;;;;;;
ecde885e5aa65ba5bf504bae4491406c;;;;;;
e7c22f3e678900ddfe5501ec80f0f8d5;;;;;;
feb05db7f8009f633cd77f3b2d86ff59;;;;;;
43f0b5b574467d760f53adbb27a5856d;;;;;;
519fe9b2c8c93f15c5df4eec7ca20a01;;;;;;
898e5ef9db458918afab5d8fd43b643c;;;;;;
7b3771449468764a69d0fbd6114fd259;;;;;;
83c20290b678a18e13bb1dad9a5386cc;;;;;;
4fcd183a0a2ab999658da6411e5cf2f5;;;;;;
854eb7dfedb96ceebcf9f5a419243dc8;;;;;;
3bc35c37da4856ea4095cae490647812;;;;;;
bf59b5a683d1c914ee273474982798b7;;;;;;
4fd8f4960d29f5062636805f62e67618;;;;;;
d50e2fb4eb9621c6447041301a8d33d5;;;;;;
05c5976a01322250e896d2d94bc698ba;;;;;;
71842526cbcdb9bcc4e56a3830d66646;;;;;;
48867efadd16085ebe57da0e6975a8bc;;;;;;
c1af2214ee42b600ddde839ac4e7006d;;;;;;
1fac74acaa1e15d888afa81cbea50bf5;;;;;;
15d79062225011c1caee23f6e6340ee4;;;;;;
c7781ef3c353fbeb465ed59d66f474fd;;;;;;
34bf1c1cfb1802ec5dc98c354d210b9f;;;;;;
b1b03bf3f042cf11b53b35ef0698fdfe;;;;;;
5d3ed7d7b261b2340048d20d419a3114;;;;;;
97040771dfdc433fbe31c2f2ccdec183;;;;;;
1e6c88c54be9e041985f8bfabee76799;;;;;;
730af744fb98c2cbbc9016f87eb5246f;;;;;;
04b67feb187c5163cf6598fdeb6af23b;;;;;;
dca39270f73e703e95623737ec2225a5;;;;;;
48a40e5f13da4dccb36c1a08ac0369d8;;;;;;
b0e735e8466939f634eb53b9886d37ab;;;;;;
6663c54a93cc2679bb1911bd6b0903d0;;;;;;
cf7c4ae2bf2d9ab46ac122ee9a21a082;;;;;;
35501fa045aed117567eddfc5c72cfee;;;;;;
b3e01b5c4b0bf734fc29dea10138b4c1;;;;;;
965710ffa045f949ec4b8d5a09c241fa;;;;;;
35a52733246518f1114123a3aeb28950;;;;;;
a33732e1ae99062c651b3507f445e1e1;;;;;;
b62184ae71e484bbdb35c4fd753716db;;;;;;
c8f2f76ae531abf28eed8e58f9a5ec69;;;;;;
b3b9cecdf035735b78a8260f63502e3c;;;;;;
af1d184ed740a9a734e513e724960372;;;;;;
fbc90aa6aa0c4ae87a4b2ac8bedbb6f8;;;;;;
eafc9a4628bda102cb72f15c4bbd7a55;;;;;;
3321843d0763159b650f22f122ad201b;;;;;;
eb60b8e32b4cd3efa799fa2a0a3a7596;;;;;;
29140a8a2188c68e7323dd2ab4cd6c7b;;;;;;
05a7fc4a7cf7b4c1afb2633a1c597468;;;;;;
d58441745c0495cc0d260b42dcbcfc55;;;;;;
694f2edbb20f28a94ecba5d0f790a619;;;;;;
93f698d481a62e3d628f49b166719072;;;;;;
03303fb35477dec9f2ca6426f274d56e;;;;;;
f15d1cd53566c217edbedca1692d937c;;;;;;
8fd35307f603510880365613bf903dc0;;;;;;
002c1d4a07f050de7fef2063f2a98685;;;;;;
b291d00d78e4dd3982f0dc2812b4b362;;;;;;
56f24959c23bd8e885f5a28b796421d4;;;;;;
7265179c47d88933f6519701c5720542;;;;;;
d71f95736338f17a4c30ba3dfcd5b10f;;;;;;
7c8677a49c5dd690d171973abc76baa8;;;;;;
3d839eefc898bae52ebc78e17b689b60;;;;;;
0fb585b2159f26da6e9042155b2b7b72;;;;;;
24ca4a56fa342e32e2454b89b3164ee8;;;;;;
b6d36f2f462fd91b3fab3782b308b06c;;;;;;
6232b82678cf5a49fc9598cc1acb56f7;;;;;;
4e2d318dcdf467c8918cb5e811e4cd9b;;;;;;
416e314b5e531e06186aff2a8048b530;;;;;;
4be21753157a7bd849e6a82dd6705763;;;;;;
b8c7ae52b518338ef58ba6eea519d6a6;;;;;;
d016027e17a6e542245d9501221d9bf1;;;;;;
e9a1f5ccc51e1bbc6461a6e3dafdd16c;;;;;;
d50f5bec14589d044c10578b442ec468;;;;;;
420af7e4b25811416bf6d4c37cb51a74;;;;;;
f9a9fff3d480c22b894eebc2ef305490;;;;;;
fada6c617b3fcdbe5eeb38a0e8f5a6a5;;;;;;
b2ad70668b9ba4369384de69d5381efa;;;;;;
6e6945261e4a2b5254d0c5e682a9f25b;;;;;;
48d9182e9bddbd3d62720032f590baaf;;;;;;
df3a73bd61c746b9611b93e7269c2d24;;;;;;
f3d7ea59c5427e015ffb40bbea24fa3c;;;;;;
fe86401b669270a48dd2513b299a6a60;;;;;;
c6f24a4ee5e4280754dde75d5297e34c;;;;;;
2437acc33e50c21e84e818e7380f7a39;;;;;;
4016b90a0b34f5a86b26e7eba2b2559b;;;;;;
b7361651f825a31b15469787849d64ea;;;;;;
f7fa39f4f03d24358f1a82ec3b7bc2fa;;;;;;
018c1e07da469023eadb155d4829cf1a;;;;;;
39edb86c3f8a2d9a2a15cbcdf6db3f2f;;;;;;
68edefd8ea0dfca435023ab10daea985;;;;;;
e8d58b0110817e1df6b80035bb8dc52e;;;;;;
8918f92815c19d017cd07d4dc17e9e32;;;;;;
a96333a621c5c5669051631178b71e24;;;;;;
f088cdb7935dd38251f46dee7090dd45;;;;;;
5746d7c94c603bfdf43b0fdbdd20af4e;;;;;;
1e39e9629843588f31fb35e6123302c1;;;;;;
eecc1cbd74b400558440823f97c4ea65;;;;;;
b9d4c7fa148afed52e0b9fb4292a7a60;;;;;;
7c79002dbcc621816395d02b580db2c5;;;;;;
92022e21d8eedace523eed6f2c50e09a;;;;;;
1a8bdce6d6e66156fdf33aa30ae533ea;;;;;;
6725829b9ff197daf1a7a36615e845f1;;;;;;
509e022280510506298318887a0b7dc7;;;;;;
7c384bce0f26c005f38620061262f192;;;;;;
c23dd3850756bbbe61d858ec9a7d9684;;;;;;
3487bce923fd3c86865b0c7e80eb207d;;;;;;
f3e23f5529efa95ea6e64b4b906db279;;;;;;
2353cf51025b0b0712013b74cfc11630;;;;;;
2df7d8f2c954de8f8c66c8b38911ed6c;;;;;;
b5cb9fcbfa129cfd4c3ae6e13c8c6709;;;;;;
4351da2b1b3c89da8665536b35114234;;;;;;
80328d1c6778364e42750f147101913d;;;;;;
6f437fa407bba48f6ddf53ff84ecbe3a;;;;;;
afa8f7ed72302403bf135aa3566a97b4;;;;;;
4b03781d51b641ed9b2c7c8e08e533bb;;;;;;
85f6096609723319e48ad1b1d8596034;;;;;;
b424affbae439c96b1a608e68ea7302b;;;;;;
ecd0a39847a7cf1ac04de15b2bd84e1a;;;;;;
30874d46da5838e7674c2c09e49ded5e;;;;;;
7850b2a4a017e404f8e830a1f92b4d2c;;;;;;
55fb9087e1ab27263fed1373046cb81b;;;;;;
c2440cbab1c4d9ecdc129cf14fb885d0;;;;;;
5bcb9613103fc7e17286a4ba2051c5fa;;;;;;
371c4952c21dbb637b7045751e26dddd;;;;;;
3df7e788d18afb3507b59df19c4705f6;;;;;;
aca17e8ce9dc3d99be59211bc1c8af81;;;;;;
92eef3239115bb1554ce7fd7262292e6;;;;;;
f31d51b7ddc21333dced3df711e67584;;;;;;
3b7ce1824daf85a65f94427429003d26;;;;;;
698d75a77721460753a3965348614e48;;;;;;
aa878ce1c919350dee2dddbad98b09eb;;;;;;
7c3eeb88eeb1d491c6f17071dccfe370;;;;;;
91971edf4b308f917988cd3bdc6dc875;;;;;;
8c97812133d6ae4eb85bb84496b7179e;;;;;;
2fbac36355eff0d0d81e2754349f9bb6;;;;;;
abbb3b0ad9782a80ec19161f596cd4f3;;;;;;
6b5515d1e224ad0c7ed234a7e88a78d1;;;;;;
86bd9b251ce88c6bae715233c891c1f5;;;;;;
de5c36a8bce41a47f623f3073b476bd4;;;;;;
75465adad5611d581cda2fc8e1558e8a;;;;;;
547118b6441150cdeee9eb3d3bf823cf;;;;;;
4f658154ba49d0d508b318f05be419ed;;;;;;
8e4575424ced13b5c4227a069635b367;;;;;;
f1e81d70fa649204a88b9ee2bdef362d;;;;;;
18408d5c2352b2dae601126e868dbb60;;;;;;
a1cb0a85262a6afa622809e23ce020ec;;;;;;
140164967e979ab40331b1e1cde8690e;;;;;;
a407f4b8ecf933bde84c332a84d4e458;;;;;;
2c6211a9f27e7b1d5cf1df5ede161ebf;;;;;;
3670606ae840ad2ee06620c4fd8f2d29;;;;;;
47d349b7f954dc73f633a7e1d98e708e;;;;;;
79ce05c3cca63e4073af76e5c3d79eb5;;;;;;
7386fe9f93b6373dea8431a8d76c81f7;;;;;;
8a018eb80459b7b084e134a5dfed07c9;;;;;;
cd39377bc12b1d198196a9b3c51074b2;;;;;;
d90c63278a4569ae248d432d5acef43e;;;;;;
3caa4823db64f12218cf821f4cc421e0;;;;;;
2eacaef22dd27400676a2237c74686a0;;;;;;
d687de25098cec7f6efd0b63dfb72399;;;;;;
2c5881f6913e3a431b10cf7bc910c59f;;;;;;
132bbf155e54201510a725a29f6b349d;;;;;;
0874eb5318fed0943baed24770f9ee67;;;;;;
ae489143bd3d592caa0459d13657a260;;;;;;
3089bba63a22f16b17a7b9cc0b6e6ce9;;;;;;
7a5180ee24efbc27224c9757d6316cf8;;;;;;
8535db6078d03a3a387b44108ab6711a;;;;;;
b94fbf82f8ac16241cd265cad5d4198b;;;;;;
14c84f9591f5e67256fbdccdbd65a6a3;;;;;;
116b457874f19773f72a66498e2c191f;;;;;;
60fd01850e84f9e8a5b813340d75f87a;;;;;;
6ae477977978ead1af5e3214795e123a;;;;;;
7efe5f9255aec942b6ae023fa3a78ca7;;;;;;
3d1ac044ed6692d5b7042e22cb7412ca;;;;;;
839f723ac4d4f27e7b631ce1a4e648e0;;;;;;
101681b2c701c249486ce5c0a8c36589;;;;;;
e33c6e8b34bd265ebd046f39fd9d8af5;;;;;;
34f6d624cf4b79e61bce99f837413842;;;;;;
85d19c848ae1d73d49bbf99f59e588c8;;;;;;
7e109bed760b48bddbd1979f567f6985;;;;;;
b6c658eab72f387fc039e5ab71fc2a68;;;;;;
bfa5879cd8d8048c39736f38463922d4;;;;;;
765739647c00ccbe2a2c2c0cd0802d92;;;;;;
78e7b5bb0f55e3554361cedcabb9db63;;;;;;
f8d3e859acb0d25ad07ea658da035243;;;;;;
83f8fa69f17e278f84816822b9bca6d1;;;;;;
0b40ff2def0fd2ec3f358bf5985c5005;;;;;;
f4cb55f8a6b20f3f1eb26f39e504e66a;;;;;;
5aaaf03270e94d4b07e1d84dde2d8dff;;;;;;
6e64ea1e2d92f7d56b7ded63a27778a5;;;;;;
1ba7848cbd6676f059438a566da654cc;;;;;;
2ce1d44c064b8b26fbac45bdbcfa8bea;;;;;;
7496ba69b3ad975991c1c11f1530023e;;;;;;
30662914ed9a8e921c2ebc64b8d67c73;;;;;;
2396061f3cf4e11988412d1f61416f83;;;;;;
de3babc31fb51e04d902ba105e031df1;;;;;;
d152f7d459e3b826430226e62f4a5758;;;;;;
bf1930b57ac71d1dde5e8a1c915bb7fa;;;;;;
7d3b4047b4f936b42103b9d7ebdee552;;;;;;
6d45cb01563bb362badd2e2bfb25b29a;;;;;;
ebafcbe0763da693a6b8d2cd1e7a2a7d;;;;;;
7f802edee0956ee0cbdefca7f175177a;;;;;;
7468d7dc52f3428d704c82acfedc3728;;;;;;
0b19815b8f0042e3791622cf1a12bd7b;;;;;;
878258a0f2d2f897a259f5ba6d897e47;;;;;;
2eb1a75096327a5e4e7983047ea01bae;;;;;;
0b6cd2e3cf52f81b26c3acb94defc8c6;;;;;;
b6bc619e4aba3c3155b6e5326ed04d8c;;;;;;
a897da90313fd6b711487e894a927d92;;;;;;
8e54ab42b9c40c3f5060f0cf4bedd688;;;;;;
dcbf77a8a866da533158d30e3239be21;;;;;;
2446e14e9e8e74b2045808793b5800cf;;;;;;
b693a70ec646afaef31c93d306c349c1;;;;;;
667635497c4d2372a57c0ebc4c04be42;;;;;;
8f9075daf7a534bafb71907257685598;;;;;;
2dd9f59d4cb826d26f3519a2072604bf;;;;;;
8a2cd9ed1545ece3b2f6d4953cff7f61;;;;;;
af771da3ae3e7c08b09182b844706a7b;;;;;;
8a4ad1277387aac2e906fffa429b1ca7;;;;;;
63144eb6e8c0f486f600f5de5958ee59;;;;;;
3c24cc372fab1559b02bba4c67c0334f;;;;;;
01ede05738739fef66d6cf090da9c4a5;;;;;;
704b5de8a52556937114e1437a5173a7;;;;;;
2380603acbe0aa2e9811819fc6939b13;;;;;;
36eb235b88eb2bdd17a78b6283901d08;;;;;;
a555624a8c94390a7542a4f671fc087a;;;;;;
0992795863de13957bee1d06fa4615df;;;;;;
d6a0eaa294b693e13f51bba6086ce582;;;;;;
f246c6a72c553be60dff41b5bc51d7bf;;;;;;
d26aa36e637227e01f38181ed1c18c7c;;;;;;
ebd1a8b4d8508e9d33367e3f299abd5f;;;;;;
ce6d22ef3deaf2e94ab2b28fdc7c727d;;;;;;
2253b7fdae0633f40e1c091b242a8959;;;;;;
0b5e74e5fe6aa6c82cffb1a73319daf6;;;;;;
871f29b80130ea88b7cf32e4849ae60c;;;;;;
c16b4b0923bb212d691a858fdd85a002;;;;;;
ec0cd3e800ba7062e8eff762adb0664b;;;;;;
b859c44d879add20c1abd600c096dc49;;;;;;
71de1975dd6283a00edee647031a538e;;;;;;
7c425bf5028fab5a29bc78702446529b;;;;;;
475b23a857e8b83355f38b2c800b9526;;;;;;
b7210df0f4daa8dc26b8fdeeb46b0858;;;;;;
385aa9927fa1481d3d14fae9d3fb79c6;;;;;;
a24cc16804f2b4f1dc96c3cbb8553a95;;;;;;
2621b7720869a9e50a9d32642536d623;;;;;;
a3bdf99dfd42599ce9c93abd03ae9751;;;;;;
c459b9b3f9c8c0bc1082944871f53cdc;;;;;;
9fc263c1da92c886b3bc66deb7d19ada;;;;;;
7dd09c092831e98d3dbcb0da6652c443;;;;;;
d93df4122993f3c1eb2b401d73a3937e;;;;;;
9a59f66c0173bd535248cbe7284efc20;;;;;;
8d9e01cffe3f799ac6d7fdf91c22cc67;;;;;;
e30b33738418e913164f57e0332f9547;;;;;;
8bddb2ba80c89b61ab24def8ddf138a3;;;;;;
65622c48787ebc2f148944ddb78b5926;;;;;;
3c4a0ea201e1f41ce3e43dafcc7dc47b;;;;;;
1078678a9d63ce97adca8dd2325f225f;;;;;;
05cb2ec4efdb8dea2784f7fffad5b4ba;;;;;;
c3b5b822ad06fb8824697ba502435e23;;;;;;
f4d6499df345164009af27b1b6005528;;;;;;
5039980399cfc10cd2307b56fbfec338;;;;;;
389347215852883a08d3450bf835f4e5;;;;;;
13f4b61037c3086f9c029e3ddcb5156b;;;;;;
a2ef6a067a2776b8c8b0ed563ddd5719;;;;;;
d73c2dc158d4af1c3d860933cd570998;;;;;;
cfe15b370356187c09c014855da30c45;;;;;;
e92ab4b422263d4e912d7df134c07775;;;;;;
de57bc7ab1888d6a1dfbb7d56f1c9238;;;;;;
99dca0417cabd2a7ab407fc57159e4d8;;;;;;
9dd67f4e07187b7b7c3b77b2c489d0fb;;;;;;
43b8fff9e2a452295ca90d93be34411c;;;;;;
b009614bbf387b4e4fa28a5f99206d55;;;;;;
e11f4bcceabf63af829a8ce2bd60a559;;;;;;
6d9c19fe12369151b418a20119083beb;;;;;;
cffd487204f2c1f0aeb06cf83070c035;;;;;;
de2243aebe39decad59f4a01ac56cb40;;;;;;
016166c0f802c236e1c70a63bb2ec9e8;;;;;;
c556e598b0a8f5aafca7a3af60294e9b;;;;;;
69490a6f4977d26e4b70e30567e94395;;;;;;
69cfba083de3d5206ae821aab1fea135;;;;;;
f4a41c581de94826e75f5ac1bcb601d5;;;;;;
3267d0a0239f828e9936236e0047a88d;;;;;;
e178704fddafc8cfda2e84a4305ad23d;;;;;;
9904300410d141d2db90a604d5ed9052;;;;;;
4b7e8c572e232ef9774d715b2897699c;;;;;;
1ededb9472cd1c3103a31bbe83ce58ff;;;;;;
59b7abf2900902fbe2e32ac91be225ac;;;;;;
32855282e1099726dab9b478437456fb;;;;;;
18972aa645c6addc4d09e559d0748faa;;;;;;
3589d228919c7f68738124cf18c86fbe;;;;;;
68e9b861251c00af4686fc1a9a2219af;;;;;;
ea0eb35645976da5448fb02fba9d12e4;;;;;;
85e8fdd200a424ebe9e79074ad16a82f;;;;;;
72ff41e811b69a41b3bc0a4ef980177a;;;;;;
57a49814cb5fea712a2850d743306b7b;;;;;;
08bca1cf7a19e9b8c4c054e7664bced9;;;;;;
090ebf7a5a87c7bff46d2d44fec65bb3;;;;;;
0d5654da8012d9a4fcb3500cffc6134b;;;;;;
05f1e786813fb60b125f327752057dbf;;;;;;
7043ea64a5fbed673147ad8c990d7d13;;;;;;
67be6c95dc5db904ba8b150c3669c1eb;;;;;;
e65af37c1935878b0d70b50e97c1520f;;;;;;
110825ceb8503e324f636e8d6c3e7e54;;;;;;
a7bf555e673e8eba46cdcf93ef9e1a36;;;;;;
1fd2bbc51116514265da43f152ebe0d4;;;;;;
8843a37376a82c9223bb1c1863d1b42f;;;;;;
40f6a81fb1b18bd6b5ce1bfabab2745e;;;;;;
303f69eb199b731098914448b56d1007;;;;;;
be84f7aa0cac13e13b5b9c35508b4b6d;;;;;;
844b0c6afdd79bff8184e65e0a30e861;;;;;;
8e8106907c3ac0a3690df6b76e32ef66;;;;;;
32568f0742317a685f09931c164f8c96;;;;;;
750018f2a0d1b493307243eba6022163;;;;;;
faca0da3129e6c66c27583a6be4f6529;;;;;;
dbc89d9ccc43a30a1e3d9a10fe43f221;;;;;;
cbf4326f4962cc5ae3be49da7ba9e759;;;;;;
d995a7820d9a5025bc1a3324d99f184c;;;;;;
73cb95313da70a141328c0f0d9142462;;;;;;
829463ee511806dac0b02c1628c12a41;;;;;;
c22e3e0f396c227b233d05ea8499d528;;;;;;
1fa1167795779eaf84f83a5522bbf8c2;;;;;;
97ae22b55e7191d30ef5c459560abfbc;;;;;;
516cf0b19ea182d6396f6319b431f965;;;;;;
fbbe12121d1e35696025c309ce7cbf36;;;;;;
c0e439a33e691eceaa31e68f9accd0e8;;;;;;
65f1707d956d24709d5c3b65cd280fc0;;;;;;
74cedbd36dced8fc49f19f47a845ade8;;;;;;
a66070ad7dc0ddc517496e3e7a653733;;;;;;
726fb97806532901900ae9bd0fa00d27;;;;;;
b2b385b2a98056b4e871956ef5bf1c59;;;;;;
10a1eb5c25954f981f28b775d0eb92f0;;;;;;
01d92970d1a1ac809016cb0bbbf2e89e;;;;;;
9ab4e512815bd0efde1bf1d653092029;;;;;;
25e2f0e883259ab0a0846ac59d8e8cdf;;;;;;
db10f2d7a1b7b2778f26a7c478fd01d9;;;;;;
f6941e516fd3762034e286dfddfb47bc;;;;;;
38ce72f569e02b49fd7d27e9432b551d;;;;;;
999adbc00515e285c9d3e7228ceef551;;;;;;
591e8f090c90cfa0295325fd0c6a3266;;;;;;
ed1b3255c901f81349f60c77d3e8bca7;;;;;;
8e1c00fabca773243211eaac2998cc51;;;;;;
6240b397e816d22c73a9d9ee1f81a083;;;;;;
3c5e478b6128f8a1b6d7329a428ca06a;;;;;;
37f5654ffe3497459ad82045bfdb5840;;;;;;
e1eca091b2c10ba6692318082bec3336;;;;;;
8d2332a855ca03744e6248d701b85085;;;;;;
7ec17e4d4080d66fd240d23e8aa9f3e6;;;;;;
9cab9aa6b455ecbae3e8c24deaafe3ab;;;;;;
8cce6e9cb8c4340639230f9a899961fd;;;;;;
26ed063700cd0833e7a2fa9c224bbca1;;;;;;
b43f24be60228bfeba6e9c077b179d0c;;;;;;
f751bc8540d4c98e8b1fc631977e15b8;;;;;;
8137bdd4d8d12d57fc6108402454f8a8;;;;;;
2946d7da914a77ae84cdfb36a7e41b6e;;;;;;
078ded259623ce9dce1f467041b7e657;;;;;;
de6d60848cb9bb02e8701ff23cb5b769;;;;;;
0e73601c4ed00becd4b89a380273e9ba;;;;;;
fd02318ee7e789faf523d8034834645a;;;;;;
18d089fbfc19fa77d23cb3498d346d05;;;;;;
ed3552bb01137ff72244bd1476af1172;;;;;;
196ddbaa9993b2322e6ed82d00f43c7e;;;;;;
84207ebda5eaa77d5f7cb906eeed210a;;;;;;
299ce902ddef3acedd71f3205f144b68;;;;;;
2276918448923a07ceda9cdd770b3500;;;;;;
0d4806186d946a028299ba391790c455;;;;;;
b9e270234cd31fe8729de645d7914a9a;;;;;;
9e22e3d5f8332a739288770f7a28b99a;;;;;;
5100b0492e206265d445ca6d4ad0f13f;;;;;;
8bb8cf09d8e43e715ffab53cf101c209;;;;;;
a47ba3a5ce4bcc438d27da733efaec0c;;;;;;
8588b90e50a6b3e05c36f86000a07ec2;;;;;;
ce0d8ad81c78874194802e3c14a2cd0d;;;;;;
8419129caf58f975f0f28fd14bb33c6d;;;;;;
da2ac446fab3447ed9b9940d24fd1e8c;;;;;;
97b536838dd65a34728be2e8a11aa291;;;;;;
07d7bae8c786695e22986d68a1251422;;;;;;
d65baafef99eb105c38ce3d557a3e6d1;;;;;;
88d104a50eb8884efe973c9d0600fb99;;;;;;
7e1466420dbf5614d33e27a1291da8ac;;;;;;
3a31bfdd1d0aae55b30c439b130f0673;;;;;;
630f1763a68650ad0e0144148e811ccb;;;;;;
5f65f1b8aaf3ee788d6ec318ab6102e8;;;;;;
c371379c228117567ebf0df3e0653086;;;;;;
81c824998e9bdc4c71a2aae0f09419b6;;;;;;
ba0b0043c05d9b74d4a4b45a6fdbd294;;;;;;
a618dcd77b19cc272c3cc44aa2a51637;;;;;;
07e48d9bdb3cd5fff5dc4ea4641de605;;;;;;
4e73e27bd1bb88da661bb2912900356e;;;;;;
ec1a0712f5ddc0a478241229da243ea4;;;;;;
87335ea044cc331f7e67d5b40d655915;;;;;;
1ebcbdb107a1c43e04113e2fe2da6cff;;;;;;
246bf27e3389d31e18f3fcaf7b05043e;;;;;;
337e87d005cc68ab408fe0b3906a2030;;;;;;
fd5a8fd51979011bd37ecb8277e1391b;;;;;;
b77043f32f84ad5853b86f7dc6abb48c;;;;;;
692987d06ccb1cde1994240776727cd1;;;;;;
cac977be4528bcd256ee0d7bb8d96918;;;;;;
aa43d0c3a03f86527ff5aa575b68b24d;;;;;;
4304ba60e9b67b197d5340fc500e9e02;;;;;;
21266622e74a3d66c6be462802bd165f;;;;;;
3a1bf4a1a92aed3b90214c89981e1f50;;;;;;
5fa658a286d742856c8f002eae82caa6;;;;;;
5fed47fc27949287777000e16091cd25;;;;;;
6532552b7715f54627ae052073d1fb03;;;;;;
fc7ef8ff85283a74e18c40b5c35e57d6;;;;;;
b039f8c8dcfc4781167bf5c8a185a023;;;;;;
a6f6ce25a38ca3e953f53ce11573d776;;;;;;
47965d9b43028e148a16a2bb88fd98b3;;;;;;
aac583fafcf75869f382df2f2bf6cc69;;;;;;
f67fc282a935bd30a0d04bed46f583a4;;;;;;
ecf61b7c7f20380a8a1c3589ab430443;;;;;;
ff8a0515c4b7a0d260fa3df1c9faa845;;;;;;
750e8fc2c13169c8dd6d790046180989;;;;;;
4af200f1fb2d2bd802b7910cd8994a39;;;;;;
b08fc7d997eb9a6ce316d0524effbbc8;;;;;;
7e3098ac5f8aceaf4814ffe985dfb293;;;;;;
9a2edf6d955f3f721adc8c7763f9c307;;;;;;
48e7f1f5e5065fdf51250ec8c87ae49d;;;;;;
8e09bbba2b307841ce537c9262ca9396;;;;;;
3dca3cc81bc0c3e278e19575f20ba18e;;;;;;
e857944f0c9adc847d278ab7c68540a5;;;;;;
d8428b02a191203b1074a6ef6830d0de;;;;;;
8305e412cd36bd92d20e30103db1dc5c;;;;;;
a5534d3070f01d9b299ebd69df05c605;;;;;;
3a3e119b447602f28756248a5aeaf8bf;;;;;;
73ad4ac7d8d819ec53109032e9db41c3;;;;;;
173949436d9c1735418203be3386beb0;;;;;;
76786297cc7a4cad436ed9802597dbcd;;;;;;
66a39bf99ddb0aa57f263c0f4112bbb1;;;;;;
ae686af0f92b1850b38d08e98ad9ad4a;;;;;;
2751749c352626399fcd55f6d4b94f99;;;;;;
83ef32309192cacca73760853091d041;;;;;;
42097ffb050a4d02a6ba1f987186b2f2;;;;;;
64bbe67bfbbb200ed5143abfac2604a4;;;;;;
f02609995d07e82ac07a7806747e0edc;;;;;;
2890a795c998b822a456488c3eff2c13;;;;;;
45f3573ce0505eb710c66bcdf83a93a0;;;;;;
3b418836131149f0fd979db0d5260c1a;;;;;;
8225812a6e4d217a400ea0b8af61b2f0;;;;;;
b1ea78d7626e99af1ba99b726f4be447;;;;;;
93ecc9a6664cbc687f01fad00b5621fe;;;;;;
46bd577fae59082dbfc32a9683826c0c;;;;;;
873950621fcab4d891ff9b935c7a7c32;;;;;;
15b7c27ca5946f04a5509239548c0f3a;;;;;;
1f33f3e5f8d9b8abd9aec29860cc87e7;;;;;;
e208b733a73cbfcaacc2a8db9a5bac8e;;;;;;
0f60d042350693d9ed71f3c6db3507ff;;;;;;
b62b254dd90e4ba2e6a8797a65d2337c;;;;;;
c1dc103ec2b21a64887f601938475c06;;;;;;
6dd1bb36d14ce8ddb5458217c5e80067;;;;;;
bd572922ca51bc43c321e26dab6c1bec;;;;;;
1a77ee538abb5a24c5731f52bead546e;;;;;;
835a21f59dd0818950fa509ddaf850cd;;;;;;
62976d0c4a23e78a8b9f4ddf585e3d05;;;;;;
0ec9b990a4ac3f201ec0302deba2ab50;;;;;;
37a3434ff7d358c38b6fac2adf26a4b4;;;;;;
f1aa515b833b1c9f73ba658339ca4b15;;;;;;
648bc80151a82a9842e0ad208850d651;;;;;;
6cb275fab5f63a2c3a78b5ecaa8ebec9;;;;;;
d299c31b5d921f7815ab445b067edae8;;;;;;
1c268bf6866ca90012a217e3a769a1b3;;;;;;
0a96ca74ec63fac92513d5439f902df1;;;;;;
b0e0dcc8994be707b2be1b414a36988a;;;;;;
8d75c2b45ced2e4119279e439e80c8cc;;;;;;
873b766262d9881eab6e61d4e57d9ecb;;;;;;
54ee6d7bb280af49653304df1300ce1f;;;;;;
2d4d286c1ddb64693a20b689bdba59ea;;;;;;
5ed6b2eac7cff3be917a76859b5a3a0a;;;;;;
3c15ea87cfe75ef8c9044b8607381ffe;;;;;;
f9908419ff81b87765e92fda1985c137;;;;;;
ef8943359fdbf5b321f62cf8e042e08a;;;;;;
8f53ef9902bb4e3dcf090affeddde760;;;;;;
fe24cafa53d29e0876997342f349e54c;;;;;;
fef1939bc8546bdead54600abb646253;;;;;;
9dd1ed96350bbbc988e74d974e862e67;;;;;;
7a13af02de2ffd36b8d77000c38279a3;;;;;;
dbfbbf3dc6a427ab1ee3efdabb9bc368;;;;;;
f2f15fe038a0907b01f33d881c458c68;;;;;;
aa520219b1fd1f91dd0c0c076083bc4a;;;;;;
b9624dba8cbd854271c52b092b8bd603;;;;;;
e242ea13513ac6c15724ef696b831b15;;;;;;
11c1d42579923edc8e4a0179b751c3c5;;;;;;
4ca7791a0f2aad0aa4240469458b2422;;;;;;
34aca9fb6005c619e3796eabfd61faea;;;;;;
26bbe4ff19f2f433bae72092d2086cde;;;;;;
881583c9578c87586783155420bc46a0;;;;;;
d880cf3fcf1cdd4ca634d9f7e71c857e;;;;;;
86e7f372ec1dd6e8f4f8e45b0600446e;;;;;;
223e23a571f6bc2d4957a5461dacb790;;;;;;
e174272905b3a78a658daab7ad0710b4;;;;;;
c57f8ef9136fa41bc94a2b58a64bc8d2;;;;;;
64ccd461255651c629cb56784c3cbdef;;;;;;
57d011440a9f6be825e9cf7f7167e4fc;;;;;;
a54c3e37216e7fa4a8c24449b8f36cd4;;;;;;
df0abd0ea1bd12812c230e1804289f5c;;;;;;
ac1d09870e8f35bcb1124acda182a3bd;;;;;;
ba66583c423bbe393a8bd2c8d87b8ad9;;;;;;
0920bb591fe4f21af69df58e072db39e;;;;;;
b22fd235e1367a6c9e142d217e772ff2;;;;;;
9938736d003a0fb442646f308e0b0d79;;;;;;
cf4239fe43560c3d006a46e40d34db33;;;;;;
9602753b54a8f847fc590e4b7febf85c;;;;;;
3ae0261ba8472ccfc90bdb1e6bf80f5b;;;;;;
913ac44094216d2fd1304b15e7ff2548;;;;;;
ae115c914e7e0085194ea58b8b85bd91;;;;;;
f8324b3a93807b5973df45cd8b5fa795;;;;;;
b2d196947f743141b910899caadabc04;;;;;;
c1444b95c62f3fd9f08431488c9803cd;;;;;;
3cf93b320afc995a0c22d7bb00218dc8;;;;;;
99b727f2f4dd3be8859587cbcb871306;;;;;;
b518fe47bf1afee8f7d653168af4a8f1;;;;;;
254b54ebd3da6c0215c665609dc28978;;;;;;
7ade4e6475700d29d732868e9f5ef9ef;;;;;;
b3c64f2ad9a53806052a702cbb04cee2;;;;;;
b36bb7e5246dbef5c7eef8a641adac0b;;;;;;
ad214534a402dbcc54c50635944a1c6a;;;;;;
e97a724f4461ea716f8075662d81fe17;;;;;;
baa1437eb0bb5e258e3c6a2856912cc8;;;;;;
e082850394a0c30b3a408e733825cc35;;;;;;
8ac7692923c113afff832bafa26614ab;;;;;;
eed0cd6b20e740959758649237c38edb;;;;;;
52532ac3f8b8c6d5c4600d6cd575f6e3;;;;;;
2a208545f9ed9cd66704b15ceebb8fb6;;;;;;
39ea466256ce534e0957f3b7bc75ab8d;;;;;;
0e03b3f301f9b06e827199462781141b;;;;;;
168a3fc7693c713b0d4c8264e9a54a5a;;;;;;
5194355d3f1b63c7308f466b8af6f45a;;;;;;
d5a33f91f05061b098841eceabc4c4b7;;;;;;
f5b9eb3b497363622775908fe7e718c3;;;;;;
6a4d1ab56f829a43b72dde06ca90d46b;;;;;;
9f1a94900fb5a292e77bc6324632d496;;;;;;
e9105018505c979dace46090049800bc;;;;;;
624925b40d745ef1c2f63b284c01c303;;;;;;
640d46484d6c1b04a67809288ea6fd7a;;;;;;
566c275e387640ba83284f9c719559d5;;;;;;
77442fddfcee4b503a22bb9062297f6a;;;;;;
fb616cde59dbb9cdafa50126f7d80a7c;;;;;;
be8b3aa49251c9075f1cd306c64ec94e;;;;;;
a57d22c6c14c6e1191b55d4611c2f7e2;;;;;;
b1768b4e727bd3a48d4308ad18d82597;;;;;;
89b59a0733068d3d805019e41285b477;;;;;;
c11a90d330f6a622c9c5bdca92b132a0;;;;;;
2fd97cfec40b98272b8173b688bbbd27;;;;;;
6409da9d48517abfed39b80e333791b2;;;;;;
6ecac0d06916e45a511be66bd693d596;;;;;;
c560737bc7ee85c6fcf0417ef2c24ca8;;;;;;
09d2d50cbefefb98bbc6c102113f55f5;;;;;;
0a6d50b7d1a59a09864a2e6806977d14;;;;;;
9c73badac6b82d684d3d336d20ee894e;;;;;;
88c7dcc3c74311eb3f7ddfd55e8cd0c3;;;;;;
8f9004548049b9abcaa79dc73fe51a19;;;;;;
5fdf7161f42942fad32ec83310fe3dc2;;;;;;
3cbb4a8aa286670d37a911875c79e87d;;;;;;
38df5ba7a8162a4bffb5fdbc740aa0e7;;;;;;
c7b3f0873e2dc210cc4c3514eb9ac3eb;;;;;;
bc1821c9f4d8e305bc6fd3d54bf118b2;;;;;;
5621f4b59051c544d2e79f6d2bea27b7;;;;;;
39f661bab8e94762f8b17c9dcea26aa5;;;;;;
2c8b3033dc6734b12fbb841f2fcb7a20;;;;;;
a099454cec28aec805d7a9158b47933e;;;;;;
6e05f0a79e9b5377d51fc9921358cadc;;;;;;
a7ffc337fda40c8a671ee9fe8a25c458;;;;;;
57b3350e0ab6077b33a95c9f2c7348dc;;;;;;
3be437efda787b6d2ed8dd2617fd6165;;;;;;
5c08ac312071f8e96b18c17460f86bce;;;;;;
54d389a76941457db086fdfc452700d9;;;;;;
01b38885e6a573b069a48a4d2ed0938b;;;;;;
6909235de805d72dc6ad0d95447acc6e;;;;;;
35c01ddf72435bce25c36a28c92a6601;;;;;;
656d8614714da30218a14d298290b570;;;;;;
635c88650d44e43201e722e1c7fbd4b9;;;;;;
f17a12696080cd97e1900b3b0103e24f;;;;;;
7e4691219dd4a102ac977b8fc2d82756;;;;;;
aec53fc136a710f8192953c686d2e9fa;;;;;;
9d2d875638d3c7ee8d846ddef1da5eb4;;;;;;
308befc624b06596297018afaba9e817;;;;;;
96613e567a045fb3309467bc6b8f8825;;;;;;
d38fe66922b05e528520e5fa388a8ffa;;;;;;
aa6bed425ca64284085142311a29378c;;;;;;
0a9a7b88d3536955c46c8d4a32352cb0;;;;;;
a9cd15400e515808e4b94f329bd4987d;;;;;;
86ef9f11f6b124e893c4860da71065aa;;;;;;
f5a107b7d8364ef6d06306b6ecfee325;;;;;;
030a405dae4a80617e896f59419268b0;;;;;;
ed464586344548708876c88fb4104ec2;;;;;;
8ea766562d74a1a642c7e349e94e7db0;;;;;;
9045b49f64c0c4d59f2ed9f094949e13;;;;;;
53957a7e2dbfbd25709f29cc2d0f63ae;;;;;;
fc1c9f9a5455e6887354f12f4f033914;;;;;;
d854efe09647b34b167de73ad25ba43f;;;;;;
f659906e12436b04f7f32c3b7210391a;;;;;;
8f26d589f71127a132dfedfdcfa94dc5;;;;;;
c517159923d94b63a14cfaef09270828;;;;;;
1d08d2097bb93a39c528be2cb77e73d6;;;;;;
10fd2cb63adbee0f654e8d38f3b7adc3;;;;;;
1bf6318228666a61cd7a4ace9e3807ea;;;;;;
378591ed21d23cefc29f5e6ef70b3fca;;;;;;
b9ae09a56fcec1e6aaa5194fb063fccf;;;;;;
cde64ede25acd036d20adef501af96ed;;;;;;
13009ed26cabb0f89b53c2bfb30b5ec2;;;;;;
644712a1c14496585203dc051e920dc5;;;;;;
96f76fff80c7f3e7c0766954dd90060c;;;;;;
df081506489fa20c47b54cb6ff716624;;;;;;
019a7a7e051e30ee814fc56112eb0011;;;;;;
f799d5dcfa4f2c3bb12506b4252c8932;;;;;;
2a4b94d019b54706f20588a84f69bd7d;;;;;;
270facfdb1f0a9053b12859c81cd5fac;;;;;;
b786b006bbe6340029155e702ea46c67;;;;;;
64e4e11de541436b10d5452c99ec189a;;;;;;
25aaf58b1d32be6a5afe9d12b8665c1f;;;;;;
603af4e09fe168e87f29fffce2c1f4ba;;;;;;
532e16828f8a68e95481528542cd8217;;;;;;
ed1fdd0f5ad0b8b2c73ace54384cecd3;;;;;;
4e7c60a6fd948c90807bd0d91e3710d8;;;;;;
b3e3ad456b400655c756c53ae2142a4a;;;;;;
2be1235bf05eafa196ff9656c6c6a339;;;;;;
401c1c2e8849a05aed5f25758678c988;;;;;;
323490d1db336b9418719d4fa62e9283;;;;;;
01f7ead7fd25dd4a3267da93322ca799;;;;;;
f20c309d26d0fa5ae0e542412932e10e;;;;;;
13dbee2d680dc85f7f78d32776606d67;;;;;;
9038a3750ba7b144e665f344dad8b381;;;;;;
7571f7efd45a2059ed77b31e376f9579;;;;;;
02da753e0fdc6ee45a57973dd979490d;;;;;;
fb9e6c771ed3d0de2dd486546f303d0c;;;;;;
64ee2b2f4dcfaf710f3971741167ebfd;;;;;;
370c73dfa089e775ee62b094b806245e;;;;;;
7c1b0f7734bf4b30cb9631c11a4d8f32;;;;;;
66227924e09c9ebdf4564538c579c83f;;;;;;
1a6b191cba214a3a4ea8c8fb0ac30fa4;;;;;;
07e792cb07f8e43da7308365b46981fd;;;;;;
bc064291fb2d20f35c4b29149e65bc35;;;;;;
3de9048a3bb96dc29e096eb7d9e20dd9;;;;;;
82c93e67a113bf3d098e2612a6814115;;;;;;
c48664e5060ad63423a54cc374abe4ba;;;;;;
282f978d4d10582574d9078998ce4806;;;;;;
5bce6b03ff8bb9fe0483ee1fbb5b02da;;;;;;
38384a2b42d79532764dc33a2514bcc2;;;;;;
5af29db777c0a05f19c69406dfeac770;;;;;;
9c2ad8b265f4d86569b7c56d66fbf974;;;;;;
9a8145baa263a6f56566037edaba2ec0;;;;;;
9e508a30e9069f2644343a360cb3c43a;;;;;;
0ab2ad15a3034529a21d506c316c7268;;;;;;
cc008f45ca4e77b51bf391021d89191f;;;;;;
daa64e5757ddb0f7b44dbc8982effee6;;;;;;
fb80b247cee1b7ee2dcbbbceb5e6bf61;;;;;;
dc0526079a2ff1f5f201d836cb2d9954;;;;;;
4328040049e0e149c81af962db21b56d;;;;;;
65ec73d2bda49f123eecce50a29ec5f0;;;;;;
44860c69ed8107cc3cf6d609f4cd1ddd;;;;;;
3b6ff37c979936384624e4cd49cb358c;;;;;;
78a2940f99e31cf72bc15d323a454736;;;;;;
17e47ad5c62b24473816a656703fe716;;;;;;
8d3325327c9b688a02cbfe65af8c3914;;;;;;
532b9ef8b523f8a7c25945ffd0e059f8;;;;;;
d6137392c81e99e372e9f7bb945553ff;;;;;;
04d87da91c1b8c49d2df90dc497bf61a;;;;;;
7a992715a94b8e366f139d917605d3dc;;;;;;
9a4ca05220a44a154d4b8786d0f0696a;;;;;;
5b86d0690753d818214ffa41e51a23a3;;;;;;
94bbf78ec50da257160a8be3039d481d;;;;;;
750586c97dbce6f23bb72c9f57b30f1d;;;;;;
82efc262b330c95e18e5485011145e84;;;;;;
eb408664126a971d258abe1e6ecfbcab;;;;;;
d1583330ab69aaa9fa87fda0a2243b4e;;;;;;
e08f123ffa004d5cdc534ab90aa4a2b0;;;;;;
53686252a2d6405cfd025855db6b1c50;;;;;;
372dd39c1cfa964ed7428bd9b75a7d1e;;;;;;
9ac119b2bb2ea957ad383f4991ed1e75;;;;;;
c0a62ef648500c86117f85d168c66ef5;;;;;;
e342274f5e55ed09861c2384772e2edc;;;;;;
d626e24c758a2c4a081ef6956f6e82c7;;;;;;
832f49053cb2efc8e20fc330c76798c4;;;;;;
3ea11bd4b8258706348e6e2d326757a6;;;;;;
0131060b9d8b001b4436da6a96b09219;;;;;;
3f7657d4d8e4f5d7caa9754347e1297c;;;;;;
04c1890e5cf3dce096651480f00a064c;;;;;;
b9b03788969de545dabe4af7971707c0;;;;;;
602fe5b9ac9c0e20b8b5c54df9f3d388;;;;;;
79afd2b1dfbd478bea4b5e02920aaaeb;;;;;;
6f15dcff605e838e94d9fcb03344f85b;;;;;;
7c4e3894787efbd65c0b9317b2159b6c;;;;;;
9750af07bebde9c95bea26f4d6b2eb5c;;;;;;
7fc1a5b55de9ac8b28f0b390f905073d;;;;;;
6547f2d7b400a940926028ef76075ce2;;;;;;
d51ea84359fc532402f17d0ae54da053;;;;;;
78bfc02801554ebac6e0404bd4d39d53;;;;;;
ddc8646f29c1a5ca10efc6b3dca6da9c;;;;;;
f4aeabc92d555f659c8d1e29c40846de;;;;;;
9ab9a805476a26385eff7ce08f78a568;;;;;;
8b7002e679c668821fd49a9ff2b51c53;;;;;;
9297329ec69ea5eee4ad560f2fe7845c;;;;;;
10c392ef8b4aebf73e966432e54398d5;;;;;;
406ebe2b2c3bb3edd36c84b2efc5f72f;;;;;;
cb101ca414aebc89fed96c98cc0aeab8;;;;;;
9b717f5c383d2a8fb97523ed9a6d90ef;;;;;;
baa41d125dce0d9cd804adc4431139bc;;;;;;
107b1304a53b692d8da5427b25d4a241;;;;;;
63726277c79f51e6f8d13ac705a767f7;;;;;;
cfa3e2c00e5c46f77af47085fca5fd10;;;;;;
27301d428074ab6d0f2e7f110be15bdd;;;;;;
f97b3cc7277d5d90efebdb220bb9bb67;;;;;;
228014a5f6b0d47c8024ac7f02413a4e;;;;;;
36bc68105bd14b23ee3808411d4e2454;;;;;;
831b0d65b0041ccb74b503c2e7ea4cc0;;;;;;
4c80fa619ae21a1f276e23d508de49d8;;;;;;
d381a47a14942f3313af6ad61b3422c2;;;;;;
ed90c9579f2e8a05e3815089182c0fe5;;;;;;
c379118101e951f3d2ebbc206405bc3d;;;;;;
ef581f0dfb2c84c0ce9be2adb81da9a8;;;;;;
bec628ab211fedb053f49cd984bd783d;;;;;;
6836dec3b53acb8798821b3d7e2421e5;;;;;;
9f8300ac16d1b9d81fea9ff3531eb143;;;;;;
740a4a2de7ca175d610d6a92a7e45d3b;;;;;;
6b288fdfa05879338f666c4ae4a2225c;;;;;;
b810d7e422ee6e43faa70a27155afb53;;;;;;
3851b831263f873fc60a88c6c7549db6;;;;;;
bfb66e9c4f0541fb4e69d4995fda58ad;;;;;;
a4cfafd6f56f181233367d59e5bdb7e4;;;;;;
661cb8e78314bbf0e00afaf90b2d7fb2;;;;;;
a7a3abd382461adcb36c4d601f64159d;;;;;;
ee0d8eee0bf0969fd7133fba6b43a4fa;;;;;;
17404b50b8d5f08f7e8d40bd8752bc7e;;;;;;
1a7a2713b7548e81e3926d859844c15b;;;;;;
0430e54fe2c55ef5ae057baf858eafad;;;;;;
2ab9309729a0fbda3453913223cfeb7c;;;;;;
ffbb17612479d39b2781ee2a4503c824;;;;;;
efe8980345065c85db8221f1fc7be4cd;;;;;;
c09c4558d0abf4a913159ae2c4d457d9;;;;;;
cd1f4683aeff8b9109b295471a96f25b;;;;;;
53569e00df6d24ff93d56d10dfd8c1fb;;;;;;
fe55ffb208b8c232b0c124e584e82e60;;;;;;
6ccf41e770c24f894324c1b556cfa1d8;;;;;;
a43e2fd5896e1ee85f8fd29b22217b9c;;;;;;
f6a82cd6226d5dc5a7360f366b3b3383;;;;;;
c93c237088fcd3cd3f54246932470434;;;;;;
6933b7cbd48cf55cc3ba66bffbf5f670;;;;;;
f81652660231cd504c1e106d1f99a36e;;;;;;
0142541b95ac42378f4c60fababe9538;;;;;;
2695f7ae92fca7ce0f9ad79dad8fc5ec;;;;;;
3c1ca96fe0d4e25cd3b00c503351965e;;;;;;
acdffd838f95f4d6a2bb5ac57895f68e;;;;;;
b71709d29e4406076b4ca70a2f8e4a0d;;;;;;
e639eeaeb85fe41bccd862dea00fabc8;;;;;;
68205b306debe9ad9a633b1a894f0e1a;;;;;;
ecd033a844574f7fce41e8071e10f168;;;;;;
1a1629cf218573bc6e945c3900ad79b8;;;;;;
fd358f77161e25c20163cf70f00c4fb4;;;;;;
807579f8bc93c53ccb87d3a1b4a3fda6;;;;;;
f770c0280729cce617a0bdf608307004;;;;;;
7e5eff0c7e923c5e1e23df1c4a36a229;;;;;;
1fbd5df74fab177b260e28971c9a08ba;;;;;;
9a5896c7cbfeb844fd015a15cd07fe0b;;;;;;
a76238fe2c66afa95098c2fb9f6902b2;;;;;;
dbc9708fc10a02f516c84959687d1570;;;;;;
0ab99b8c17d330f2334a1a084d504beb;;;;;;
a02031e7442cf329f2a6c021f1c794fd;;;;;;
b6d7c44caa7d1a11901c5bd882afd509;;;;;;
a31c4bcd368810318171b0aaf55d95df;;;;;;
26c0e1886bfc44680c446b6b800699c2;;;;;;
2a66681a2398698504e6fe7b7f67212c;;;;;;
249166cb1fae1289d5ca851f4b8d5c7e;;;;;;
33abfc2dd3fe0d805de1929be2bba0a3;;;;;;
9daaffb3832a0ddcd27b471905f1b329;;;;;;
57e1641a2b4f9c2c8bd820fa3f4b2f54;;;;;;
929c7b5395bd0e46240c1a7e25549aa2;;;;;;
a48a82675ae42fb3f6769181d931e94c;;;;;;
c0a022b06689f935ea48a8d38e563fe3;;;;;;
85d3f2078df262755cfc0b76ce6f97a9;;;;;;
ff07d579bb206eac0e135a51574095dc;;;;;;
f7a3eee50b0b14fc291ab9a2f9e1b57a;;;;;;
628716ff861847bb82a82370ac9ce46e;;;;;;
a943534a921c6a2bdf44c73a960ff875;;;;;;
7ab35d4ba8d7d884ad00eab7d6bd6c7b;;;;;;
8ebc9c6dbfc1306049d2292d380fc4d3;;;;;;
e67e9f8ea74fe457efe5bf07c911b5bb;;;;;;
897afc0fec0e871be419cefac06ca21c;;;;;;
68bb530040886e3579025ae197ac3202;;;;;;
dfadd658a805e3e56f8d7f24307e15e7;;;;;;
4fa5fc7ac4ca45abcf266b9647944cc6;;;;;;
ca28d16d4c023805532f0194a4d46dbc;;;;;;
0059696cac51e0eeef9e081f143cb474;;;;;;
d03c61e20dcb32e8a7c78ceeb207f599;;;;;;
532811524e37ab240de66fa6fdd28b31;;;;;;
bf531c0e4441bee47de753e62b42f06d;;;;;;
1ebc5615ccacf947117e5b3928ea1577;;;;;;
f2e2c58536943e4674631e6ff9293343;;;;;;
ea009debf6cfd8b41e5d8862ec2de3dc;;;;;;
58ac4ba2eebada85f84ac7d0efcb9e7a;;;;;;
4bbe12bb15ee2c2adf163e6eacd6b119;;;;;;
f182103fdb59587379a024677525d18e;;;;;;
f2897d605332788ef4b7f36a81ecdf7e;;;;;;
48068cd4e39393b88eff962b97fdbb9d;;;;;;
0fce7923ead54397e9142e6f043d3f8a;;;;;;
1d46b308cc2f3802ee187355c3083bf2;;;;;;
9fda2b26fa5ca8e153ece134b57db42b;;;;;;
3e835b17e30aece50dfecb3f17a5c362;;;;;;
341faf1848647244c5df7c36e9219a9b;;;;;;
d54fb78b43ceb2b5e6ba6a9f1709bd46;;;;;;
1aa84dd2d4bb7c31090b6596a970fe5e;;;;;;
43af1ca56a7f877a41373a2ad12e36df;;;;;;
d6179a3c80fb4693a928758f46324876;;;;;;
c4d828be79920b483030e0cb0dc418e9;;;;;;
46c1786fe8ec051f2c81e1fd204c8f29;;;;;;
fbde7d86fdefe9dd0a6abeddcd82c077;;;;;;
e3a8c75ab51881051b4870eded91dabb;;;;;;
7a6ad696602e3b446d9c49705016c987;;;;;;
70ca64f9f677473d9759243ca70183b9;;;;;;
c7171ad41eaae0837480d164aa6c3b37;;;;;;
8df18d46a838f5d1e014dc0219e9c92d;;;;;;
e0b7dc7e922621ccb52a32c6e9a6225a;;;;;;
9f6a9b7335f792fd41096cbdb8901748;;;;;;
2935178b24dcf8fe33ad0fca0d850fcd;;;;;;
fb70a5d38ac9ca6297697fde79c4500a;;;;;;
b2064d5cd118169cd320b6736b1e3dec;;;;;;
661d3666ccdba9f7e3388d54dacfd939;;;;;;
079aab712c272c56be83b05cc12f3850;;;;;;
fa8b519af42276a0c1074bb78a6a5333;;;;;;
7ef1c8d3d8aca90e22bac926b58c0ed7;;;;;;
2103a6544e4837947f1f7ad8735a5df4;;;;;;
d7538c15d779f9644c1c7f866458c054;;;;;;
b213a0dcd4c9d2a20d0e26fce3b24677;;;;;;
d7785e293dfefd6baa4e78a47c6df257;;;;;;
1f00cd67bbf7050be281954ccea3a9a7;;;;;;
72bd30918a179ff66bb3cc6765bab5b1;;;;;;
1f8eba55cc1c375a410b6c683ce4ab74;;;;;;
2e88009b4aca00b0858c82c3e69e6b4b;;;;;;
8a14b7d5e192bca123baa925350f35af;;;;;;
a6f9ddf6e3d711b2df7fae247a6eddf1;;;;;;
d9d32a00399b82848773019880a40f2a;;;;;;
15af440af2084d7f15e24aa4fd8a8ebc;;;;;;
2255537a021d14fdeed11675be25a029;;;;;;
a70a2d902ad58c3180869d13a33bdffe;;;;;;
803f02619d8248508ceb647cb9b38cec;;;;;;
7c4c589502c335bd275287416d8c4ba9;;;;;;
5696fcd5315cd3eb7286ac34c87aceac;;;;;;
a904e3499dac879eebaf38b7da77f4f9;;;;;;
df399b8f1d53d54be3771ff5a8ac1cbb;;;;;;
cd727c7f90b6e0329ff5916ec2f00217;;;;;;
868668ef086bcf946a9ca78c00c7629b;;;;;;
5549f46f30a61788abb3fb7436367c92;;;;;;
1b578b12df55f47b91817c33f5966d2b;;;;;;
2e658ed047fc8f2727aded29a158b748;;;;;;
ef53b39cd5f0a7f5dab4e783051e4b77;;;;;;
a729b051836d4194c6061f1d0bc4f272;;;;;;
200c1ec6169f62749aeead62ae9e56ca;;;;;;
ee012b5cc25a312e6ea6a513c4877705;;;;;;
836954343d0c24b44565e359fe7bf19e;;;;;;
6e50a15231fe0a64f2dc5d4372c49b54;;;;;;
386d850eb5c15fa0adb829a5360fe1c3;;;;;;
e239b12fdcf32ff26e28b990b5f98324;;;;;;
32d6a2179cfc51f7ab2a18f189408c73;;;;;;
edc10b5e0c1b55dcebf5d862f648374b;;;;;;
715db950dda452b1da33b4b560e84c78;;;;;;
e68ebe47960bb9b2b1179d6a1540ec25;;;;;;
4b2c09266949f2330fe14de6859223ff;;;;;;
1da819ab631e1b3dcc9e4c2d26e14d7f;;;;;;
8e316f30de6d03ae377fa6621a605c11;;;;;;
ffe0d80e3dbb3e127c7c3d2faf51149e;;;;;;
66344eebf130ace046c80a20f4e56ba7;;;;;;
f0f78ed97f7a748935b16bfecf6de3a3;;;;;;
ca9d1c2391c124061a6651b5f40429d2;;;;;;
461e3ceaa6f2f8c2df6545631cad9f53;;;;;;
dbfeead311e10a3b4183f44eca2e009e;;;;;;
60087779579269fd5b248117e5235258;;;;;;
5ed2f8076ff2995f6c1c7b428e375f75;;;;;;
ed01fb97bcc26628c713b9619bf8cee9;;;;;;
c416cad2e6d80063adffbeb81214d37b;;;;;;
939bb8ba7c07f5e95d8af6169834b5ef;;;;;;
4606584840248a24bad9b2d445cc03a6;;;;;;
fce2fcef8183a96d2ef93c55911b7075;;;;;;
934c59cefb2023cdf25ac6037a45b25d;;;;;;
fa0618536ba797e0a483e58e6c50e728;;;;;;
04380ffd08f31027adfa789573ea3e3c;;;;;;
843fbd379cdbeef1c20972f92340027b;;;;;;
b89370c8a0369fe3691ddd0ef1d1763c;;;;;;
5d52c377a71d4e4762cc7e55b1881554;;;;;;
abf76a94c6613d44763322b2aa6dca5e;;;;;;
470d8071259b8f88fc9f112220fe9040;;;;;;
c29872c464495f0d79db44a96a29abb1;;;;;;
eb91311639db17b832d287b8d3090e33;;;;;;
6ee54c5ecf951a225a483c44869bf314;;;;;;
f2c042f09216d00f3f6411fee82d40e8;;;;;;
738390d439ac9480f11da6fc8e723127;;;;;;
acd3d13f34e216200e4786534164e65d;;;;;;
e1ad097e15cf2f20805465c3ac8eb4b0;;;;;;
28b0df10402220f2b8fed50ee44f2eb4;;;;;;
ec79a20bc222fec4fd8c9a3d8dd1286c;;;;;;
33fe76a8a9ce741ec0c34de811f92180;;;;;;
6038536c980a6e6161010c811945aba2;;;;;;
ed01079ea2a0f58e5a9756c1b59cc39b;;;;;;
6a182584397504553a2ab310e6156afd;;;;;;
4fb8300e55b7cfa7d6b38930c5794160;;;;;;
6dcbff22dc3b198f09767a93a6c59288;;;;;;
9fee95b912920f3b1b52e5ba0795c592;;;;;;
f04f4dd44121aeab3063bd9e4d39ca5d;;;;;;
f563ed4893ffcc22e27be00f02b076db;;;;;;
7ab58e13f42240d2e7697f482531ac5f;;;;;;
0356f75189c42d5ba286093acb9ea4b5;;;;;;
96dda22f37e73c5d34739a702dfa6428;;;;;;
0c36a8c05b82673ae0aebb69ec288594;;;;;;
d07cc5800372c1fedf61dfea66d1a321;;;;;;
151d30946c9c5beca1641b6a0acda891;;;;;;
4cbea6499305d0c596d493f92ca0cbf7;;;;;;
643bf686c7f3e8f6aceaf177cee44a14;;;;;;
a8b4e202a05a0eac288c9ed242af4ff2;;;;;;
ab5bc66884ef3993258568322f9547a9;;;;;;
0c8e97dd8e253553664d1674cd870de2;;;;;;
0175907ca66a9b3bea320504a066b1eb;;;;;;
6a4acffe213c15ce1fcce5cc711c62d6;;;;;;
557faa97e159deba4557ec415d3405e7;;;;;;
e5de9cf2052e8059150df2978fb70042;;;;;;
cbee117c7c5a03cb5b256a0d0d97992f;;;;;;
3ea385bc52f35b9c45dacc51bfbcdc4f;;;;;;
478a73f3c3c07baa9334c1c2d82c18d0;;;;;;
cc5621491b49b18ef2575d1937153767;;;;;;
7c127c40985ca6b4923db38eb5e193ca;;;;;;
6053c3ed3fe0912a37c14290d7128f75;;;;;;
d4e15791863e8124bb1b55d28e98b35a;;;;;;
f40be49a7549f951346254579e5711dc;;;;;;
bd2e69ab4ecc5e4b4da1739326aeba1e;;;;;;
6797c85b9e27facaa5ddb7bb6fd898a9;;;;;;
7f36373288d365588218843f81481a1e;;;;;;
e9387a580b1aecd5ef6449536828a8f6;;;;;;
8534d0ba0d21ddb5781707935941d0df;;;;;;
e1673182487da05cc834d4bda34f820f;;;;;;
c5b460c747e6890a4e9952ff54f4609a;;;;;;
48bb96d548980f06dbd9194a6b8996d8;;;;;;
72b981266583afdb815654dd7b1910a3;;;;;;
c48dd98560c7a090d0dff40944e69e25;;;;;;
d80d6378bd51e8ff96076f3963ebc9d1;;;;;;
c6217d562c3505ba553a8d0a5559d678;;;;;;
59c13659efacadc78d7d201b09cecdc3;;;;;;
eb9c041bb5a8e1e24a6635e8a25e3518;;;;;;
42ca1011e924f32cb3ba5f3282f15545;;;;;;
77a6e4a8f6d71085bccc68628fa240a3;;;;;;
ff658ceb1c19aa279ba729ff1919986b;;;;;;
bda22cdcabeae44208af295eb2936473;;;;;;
613cdcc4022929ba986568930e0c625a;;;;;;
d57de4372d6a61eba48c8a51fadad27a;;;;;;
c61ce720b739e01fc800a93550311a54;;;;;;
f54a25fa53159c10850f43f2cf572a6f;;;;;;
7ea6ce6e9384c51e327a2a2c8fe07b73;;;;;;
1aed3d338c766fb4007afa00c0b56720;;;;;;
766659c01023acbef17ee84f07f62be4;;;;;;
6ecda5129d4b180885530d8f3d6f39bd;;;;;;
b0b25a1e5c6119efe8fdd8436a9c745d;;;;;;
3a443281babfd76bcf6c64aaa4626569;;;;;;
4e794eb4c9f369c3ddb56a7da9239d4e;;;;;;
bc46969eef87089ba00a9b5b2fe6824b;;;;;;
eb4e71a650053970a6f5c746a8787c62;;;;;;
33ac5073918e424e89e5a1ab600d39c0;;;;;;
0a45678e51e77380d489011c0e4b676c;;;;;;
35806f327e4bb59bd4b4663c5d7f5451;;;;;;
c9bd66a2af1b59edfe39cb56e62a0bfa;;;;;;
10b4d5c16984298e11033615746b7345;;;;;;
ba3574878129cf43e21cf31db994822d;;;;;;
e2e02ecfdb80defdbbb3b1e0f43c36ab;;;;;;
68196b1180b8109dba78ce4afb07c69d;;;;;;
db15034066f34c14dea48ea29f310c1b;;;;;;
0d342caddd5ca4904467832e50079a89;;;;;;
8df57cf0babc47a2d0eeac587a4ed55c;;;;;;
41935ff70ac34d38b92a09c8427ecfd9;;;;;;
e87affba923987146024709dc57fce2a;;;;;;
1b1a6044f0689f0e207bd764b4fbd2ae;;;;;;
ffc66b39c3d19de290bee1c640086af5;;;;;;
b45274d0e0e8d7f28b115b144a34a9cd;;;;;;
20d742ff64ee16c4e3fbfb554e499817;;;;;;
0ea5332630be82ba414f40de637120bf;;;;;;
7a97ef2dc3c27a1b2a9a9b23c62cd494;;;;;;
89d179ffd1d8759b8846e6934e74c1aa;;;;;;
0082f79ce64217c5ec1430767b4dc3af;;;;;;
e90809247c52855952e3ce022701313a;;;;;;
d7692f07af1383b5bcf99ce3623f05e0;;;;;;
5aa038c624fc2aa790d1f9c0fcc4961f;;;;;;
ff1ac31e44cd6b003f3ad8e2cb7e5ef5;;;;;;
c6af41e9edff84a7819bdebd54ced6fd;;;;;;
8dbe93a4de6f714f56ecfc010e2eab53;;;;;;
0edc09fc874462ab381f2c658c2393bc;;;;;;
2ad06800fafe4a49a575c1401444fb6d;;;;;;
310c83fd26a640425c267358edbf8ecd;;;;;;
6995186c9c1a44b8539d5012cf2368d3;;;;;;
74e9f8b226150a5655aaa967d036e4d5;;;;;;
ff44c1e8e0a827d4eda02d61b9709ed8;;;;;;
b88d178f293edcd51a9ecfc0e4a8192c;;;;;;
322abf8b206ab8a81e24f3bdf425b533;;;;;;
79b7b4bbdf288ea9eabf2ae5b47b5853;;;;;;
6460db1772277740167e3e4024d924c6;;;;;;
23b0d02fc3504349f43db204d6d4dc11;;;;;;
bc8df1477db7dd46d40cce5cdd8baf42;;;;;;
c4bd0cca2870f7f181d3b3fca3a7cd65;;;;;;
4506956dbeeff70af3a8369e0bd453c9;;;;;;
aee50acf08a3aaa57b70bf7c10bf7944;;;;;;
767a2092de33a54ccfc700f443e6be6e;;;;;;
7acc11780bb98b766bfa4b2e5db25f69;;;;;;
5a9e07dd32bee72ced0ce7c511030033;;;;;;
1e4c1ce5120e1d999059d3cfc4bbaae6;;;;;;
7170cd7edc52feb3977c151caf4bee73;;;;;;
82e8dda53827eee94d40c4ebdd1a6473;;;;;;
21eda116399698074c1ad63203874086;;;;;;
15a6a1dbb00730f23e4537750c8f007b;;;;;;
7f6f572e7f6947047c6ce1146b08aeeb;;;;;;
96abc3748803e203d217a30951d25ddb;;;;;;
cdf9af2dfa35820d94c9a5db12826cc3;;;;;;
1b49b89f398ab5cd4d3c72f5f13af031;;;;;;
fa6e7d12556684cde47d8e5b1bd395ad;;;;;;
de3a1f1170ba8bd6b099146995984226;;;;;;
ac2484d23f4bedda9a587da82e1cbb69;;;;;;
27e13e6df4077b8e291f358c7b116bb1;;;;;;
3ecf4a54cce1ad6c39e48b72710e77c8;;;;;;
a31fc0d8d3b0b0dbee2312afd3e9edec;;;;;;
72b5d63d660c5dc2efbd0e4f14be6cc5;;;;;;
0b0f5d1e96a4028b44bc0e88b551d9c6;;;;;;
c0b5f96ce235cc314e0d43706ed9e742;;;;;;
8e090de24dc05d17dbca79d5dc3bee99;;;;;;
71df13deb5821554e8fc262821bd38f9;;;;;;
8ba21bd9d781d2ea128afb73a9db2c83;;;;;;
26ad0608ac74af657c999a3d10692b25;;;;;;
7e82f47bfc09888a856634b0d03ee910;;;;;;
82d17cc837d94658afefd32009a1ca66;;;;;;
2ff3b92296836c0c8b12273bb927c16f;;;;;;
214a1deb5dcd17ded80e1347f13d1bef;;;;;;
66f48a3b273eb60dbcb8ae6823cfd57d;;;;;;
653b1617ae3acab393ad00154d11be4d;;;;;;
c6b1d94174fb319404fb8a333d1e2460;;;;;;
e521409301d8553232c95f2d5f6c776e;;;;;;
3e8a042b726dee68d837de2cea701d15;;;;;;
d49cd04f4b5644c860175405d13f8057;;;;;;
7eeebe7b23d8d4a6631bd9b83c714e41;;;;;;
78fc63831dd522f3a5de84ce78fcef18;;;;;;
b3b6ebb951044adb66b9c927d4a729dd;;;;;;
33cc16d1ac20b123020270e6b365c417;;;;;;
d557a6ae94e36578921f90d5cbce0842;;;;;;
7c2c968fc29a7f7876c62f0b75bdfbd3;;;;;;
8d1e594b7ff02d890cbf1f41ca732602;;;;;;
0f4fe5be758cafe20922e7d2f6027d85;;;;;;
1e1cf243e6a023eaf29e7f663e0f6a0c;;;;;;
377e4476122a76ce1fbfdfec99f7441e;;;;;;
f262b9c4bb74b23b469641e99dd665e1;;;;;;
0fd64f43a1ce59096f8a684617bd2eed;;;;;;
077cac351c3947deeb18bc7f5693fa65;;;;;;
bd818a0e2d9f5ca654661d9ab920ceff;;;;;;
509057a0207356cb68f3718b3cce7dc3;;;;;;
9e7b7ba3b2d157bf09d5cc4c21045c52;;;;;;
0017f959c152e545971b63507c5352e5;;;;;;
508c0083118c6b09985f856edbc5ae49;;;;;;
03172b84e9950417505f17e5f45dd0a0;;;;;;
5353b8f77758878fb2f57629a21adc7b;;;;;;
82b1dc608b32b1a9c521d3fae944e43f;;;;;;
b319e65b3d2a65d4ab1edd8743de2b6b;;;;;;
9bf73e174a89b364f9f35ed26e2152d6;;;;;;
5f8d9970d831743cabc7d8f6c2733b0c;;;;;;
0b912ea2de820cf096e6a699e78d82a1;;;;;;
7d371da5a45171c9f62c7405d2108254;;;;;;
4bfc0c02966f869541f032197f3c8a16;;;;;;
4e1916dd41c230a166ef084896d6fc7d;;;;;;
53c1014d2f3919d88b84826bf9440efd;;;;;;
cd93bfddcad9cec87bb3d7cf43670fa5;;;;;;
70e5a2b7f1f81d633b62a984d6abaaed;;;;;;
19cd456228ae70da68a7bbebf05fbb2c;;;;;;
601d8ad9d812c9cc4ab7ab9c6d581ffe;;;;;;
f296a9465aea76071374615006524f6c;;;;;;
6d324f307e3f91a675a268cafe215a55;;;;;;
aa4aed5b5f5b9423da94cdf27561d4e0;;;;;;
656d8a3d13310f9156e977923056f186;;;;;;
f08a84b2650e7e8a1530584799899b84;;;;;;
de61707724d995eda279784b5d610b5d;;;;;;
cde465d52ae1a76dc690e664e9495427;;;;;;
0dcbc9b463c3dafc617a3b5d68342185;;;;;;
2d2bceb8a69be22e9c31e230f24980cb;;;;;;
e6a1a1ce3938087f8e91efd73a0e20a8;;;;;;
61fbff4ae886687e584dda8e8097cf5f;;;;;;
e15459dd122dc03c70b95ef2d6f5f0e9;;;;;;
48c889e96e03be9af252d86d894c9f70;;;;;;
863f65174c193f21aa8c7aac4e474caf;;;;;;
18e93faa2a0a43448f4954bdfea2f617;;;;;;
6d7b817e48174b62ffbd737ffe8960c1;;;;;;
a753a16747eeeb557b9c5c2bec27880f;;;;;;
27f84ae2bfce670fb41410be8277409b;;;;;;
6713293462c78c823f9c18fa8537c2c9;;;;;;
6d4295c2ebae1f6a6d7ba823658b3556;;;;;;
e71531ca43b28a9686d5756b21a332c1;;;;;;
a2e1399e85096575164fd510a90bc720;;;;;;
7b559c17817fe2744e3f02358e3148b3;;;;;;
3614aafe4330e75531ec8c178c3e0281;;;;;;
33d6cf36b055c781bc8e493c69ec6e0d;;;;;;
d45530346695ca20742afd1f0b40c675;;;;;;
807f9f7b04ccdfcd963f52bb9793849b;;;;;;
008ba2f9c87ac0a7a833e1af919949fa;;;;;;
4e662d28cb0e2f63afb2fc45726adafa;;;;;;
36b071d25747a84f6e6b23ea943976dd;;;;;;
86a3a930b733819b818d2eeb7be8dee8;;;;;;
f2463081bb9d49d56e9574e4ebefbf13;;;;;;
b46fba733f610f2f2fc2fb67b7b71769;;;;;;
00ff85095de88cb2fb16fbdaf8372a5b;;;;;;
bd6dc1837e86443939f7e80ac7d36db7;;;;;;
a96ac520e388947ac4829fdbb359499d;;;;;;
459c6b37b6c78b01847b9a9a1585b4ac;;;;;;
690f9fd49539db80b97f44632854def1;;;;;;
eb4f56afecaca2b32cd3020114cd7edc;;;;;;
7c20520716a192d6aeb04f66384948f3;;;;;;
20029d2e509e58f722132bee520314f2;;;;;;
2e806fc726722ddb3b47071deae77061;;;;;;
5f7530b44ffdb43f4ba467bce4fa630e;;;;;;
b33bb97c9714e680242075d52a8126e1;;;;;;
5b3402de64abfc7220172078b65f9007;;;;;;
024646b9b3a9acdae65a201e5be42e9b;;;;;;
940fc90a7f37772e53a8d4f9872c18f1;;;;;;
c49c31db89aa01c1a18452b9751c0d3e;;;;;;
b2dc2e5be2c550e7f06b1c033a9887ae;;;;;;
1c64cf6d72a1eff63f86237705980c5e;;;;;;
41c27ce6e51f52cb48acf27c93d38dc2;;;;;;
bc71905d4973f1a1066d9150c2b3c177;;;;;;
1a235505db099fb43131b297d6827485;;;;;;
e26f78d353692e040312506562ec1131;;;;;;
601bfc7d2a4c250c9130198751055763;;;;;;
c396e9902a997cb8ea40a87ee90f3bc8;;;;;;
c8e073ca06a01b1ef3b9fbeb7b67c1c7;;;;;;
bc2f9a88192a26e04ced1670402d2532;;;;;;
fa55e4c109453b35e7cf91a339563b64;;;;;;
73fd33b03546744659ab03ed3df7c1ac;;;;;;
3e0ec951c9124df43bdef33c09d89a89;;;;;;
b872b7b5facf677aeadf9dc960adf37e;;;;;;
4a10665ac99944f2b4e55aea72985b48;;;;;;
1c274c1c73f8974d1412efb8b50db49d;;;;;;
081cec7b34d5d1a6771fc512e3c57d4b;;;;;;
fa98bd170d68a8df2a8e1bb34f1315dc;;;;;;
be90efee8c3aea0d564d6431cda07d31;;;;;;
d2abdd3fe920653a49fe65379ce385ac;;;;;;
68b65fe9a3e9cf3b382951cadac22186;;;;;;
80e38a95c831ed7a6cc6928204316c0d;;;;;;
09587b01dc6b208ea8b81b104cc31b2e;;;;;;
332640c1e2fafb2b5203eab9fc6289a5;;;;;;
66ff55c29c302b5c6055673d6abcb1fa;;;;;;
1f96e2fb1afb7c387185a17597601301;;;;;;
fcbe77f32eb88da41c828b1946d9a352;;;;;;
53a2762ebcbab4a8688b26b1cb14feb1;;;;;;
567e494901936153c18ba2a96c79da4a;;;;;;
63747b8344697193400f931d37dd0ffa;;;;;;
96cbbb0a1650a205a11b62a9a50d4611;;;;;;
0fe4e4f36de330cf9a7d7b006aa61928;;;;;;
01ba8cd0669b111d41020394c99dc938;;;;;;
9c617f69a52e17423f21d75bc408c120;;;;;;
b7dd622ad4ac9e7ed2a983ab71620dd9;;;;;;
91a9a878736e59de3cbaca711449d019;;;;;;
effe09cc2ea1a2f5ac3145286e9ee5d5;;;;;;
407690353cc2f36cac9720f5a571c11e;;;;;;
0476b52431dfd350f315f51ebe180dfc;;;;;;
1e309dcc19a76e6f33d57b10baaed9c3;;;;;;
ee4dd89f308c25918a64a6c4f6d3d3a9;;;;;;
2ded2c580977f8c8a3a4c94910e7b4fe;;;;;;
be1ec226b4df57398cb8aac624730927;;;;;;
02c8a3d71c5ba020d0c3df39ef4214d6;;;;;;
1966e1e0bf94cc5203e75f2fc6a97fc6;;;;;;
75f71b79e5bfbbdff679ec0bd34fd2b7;;;;;;
80fb8fef7f45638ac20d03e3d23e4c67;;;;;;
9e9727efcd5065c3af5552284d332599;;;;;;
ee3a9e01759583b3ea51d477bc4ef74a;;;;;;
a8e45af90797d7e478c0f0d3b3eb8873;;;;;;
e3094145b3d08033f3c4de50c3e3ab72;;;;;;
c50638ba94f266e6457bef8c029896e2;;;;;;
a640233a6afab43eac655a028c4472b5;;;;;;
f5c3cfca4cc73a9d99fdc91e2c249d6a;;;;;;
f3488c843f00abe1e37cddb250dc4842;;;;;;
75e9df3d72c77089f4d4e0b1445dadbc;;;;;;
a64f7be884aa5a4066c8d43701fc6402;;;;;;
f17df60c355d0e90209516f8924b39cd;;;;;;
1cf45a3cad794f9cf2dd33b33ca04a7d;;;;;;
e2a98c571105bef2291bde3ea546d94b;;;;;;
3849cbe28b9bacc4185c87eb1f1509d0;;;;;;
b5c6c2fa99d46886a19820418644f9eb;;;;;;
660f7c64910d48384864c1d03cb58bc1;;;;;;
95d526fdf7b73c5b3d287c5d14d94f94;;;;;;
e710e748f85aa8457b5f5cf139e502f7;;;;;;
c32d009e101cc27da77d5585ef9dcd6e;;;;;;
5ec417086ab6624b80ad13b81011fe27;;;;;;
c8c58ddbea4190d5c303b5831cfe9193;;;;;;
e3dbb76c0a203fb0b9e850519dca111f;;;;;;
e93004a233b8eabeadbcaade7abec7d8;;;;;;
84802fa523f73ebd63f4c31a6379a59c;;;;;;
7abfef87624f7848f32c7b322357c739;;;;;;
1bca6a30bf8bc7becf70b0c9c6cd513a;;;;;;
6902e44091608cc90bd73cf073074448;;;;;;
db59e764adc7fa7f3c94fdaed05c3227;;;;;;
088553b404be9ba13e9ad0b9db040b59;;;;;;
79ccf90a0c43c8d21be7f2d1f9ff7072;;;;;;
0c24eb866be30c533e956851598c202d;;;;;;
f59b9083852c343261e0dc46e8f0841e;;;;;;
65721c74c43a86536ccf06d423a48673;;;;;;
7b3c9f8f340bc18f00a6060d13b1e0ff;;;;;;
2f19bb24c9324592617f0ba1b01c33be;;;;;;
2d71a38715ae43f47f49e15624a99ec6;;;;;;
7fc222c1b341a73bbf5e880d13e646bc;;;;;;
e9d55e7f9d88ded691a51bf72ada2563;;;;;;
1f71e6df223539385610d112283a1a55;;;;;;
7bf10ecd2834f2039a461f2c0a61d48d;;;;;;
8d807326d855d25e74206aad93b53bc0;;;;;;
2cb445eabe67bb3d7716132ff92dbcf5;;;;;;
80ee6d77d9373ef171d56f8e6c5ad7e5;;;;;;
4fce2d4737b7695ee3306b6f7f0bfa8a;;;;;;
5219a22c0393ceabb70c38b0aee3625d;;;;;;
fcd1dedddabac384ec5e8320f426ed0b;;;;;;
aaa8749775fbae092b691516becd6ab1;;;;;;
a1a249ae7e0938760ae01e51bdc3379a;;;;;;
cc982334f25f28bb9cb91600dbed1e13;;;;;;
fdd4b4a428ab23239e0b96525ec8b91a;;;;;;
5f8e7aee7f68f1786c945974f28ccb23;;;;;;
989f33ce7255f087ea3555677ef46880;;;;;;
3bdf3f692a785acfd3ecc9e7e6e7d9cc;;;;;;
27534b1dd901b2edcf49cfb765395bc9;;;;;;
71a0964ea143a77a0f500fca28b784f1;;;;;;
273a4781ecc0d90ed63742ae54f8cb27;;;;;;
c790d2e8de8e85879b170cdc37a79c1a;;;;;;
18b27858153d6504c01ed843e5c0174a;;;;;;
4818f412eb1279913225e8d9260ff7e1;;;;;;
8b34c87524f4825f145a4a0cc9f1ec5d;;;;;;
17990b5e620208f20a57cf5088acacd1;;;;;;
8e9affff6eabb0d3ac06bfc1f9a85931;;;;;;
123da71c4d1cda07be538687ead1f23f;;;;;;
bb6af7920cf2894c7584793f9f0e0db3;;;;;;
3250a7827674482b4d687f919731477e;;;;;;
54fdd528992cb78aa5d1a02225b39915;;;;;;
9dad8892e1a56fcc1640dd4e5625c340;;;;;;
20b75356037c9072180f08344d777c3d;;;;;;
b7e7f26bf99005fc0949d2b36d19d7f6;;;;;;
dc3744e2116758227778f303dda7afa7;;;;;;
0d449b625ba2da40fbd8895ac8d20a30;;;;;;
0e144d34cb3f28c5cac2175ae43b422a;;;;;;
f0d9d5b2733cad21b7c81670f1e37683;;;;;;
a684604ce426d7a2a3230bf0b7fec754;;;;;;
e38f5f149e443c18e23c92da8fb13d88;;;;;;
16b38a2752a02834ff5739b4e2d7f497;;;;;;
1141a73975e30bfd3343691d12b1731f;;;;;;
55039c3e0fc0d0a727f0ec5ea6d859fc;;;;;;
f3acd390db2bb0ef3ebdbba1a1c05c9d;;;;;;
1039e1e10553e08f520a33e8f899e3e1;;;;;;
3a8038e92d0c72aaa95f80e373a37cd6;;;;;;
f1ceabc4a9b3fbe34e38e642950e92fe;;;;;;
eb73ad026755641a58a683acab3793c4;;;;;;
d90b6ee63bb85e3cbcdddbfb818121ee;;;;;;
9ba991b459f227e89cf3c5d32e93cbb3;;;;;;
4e44115f0ad99bd7b28d9be57561aae5;;;;;;
83e018839193c07753c34eb6d6c8ba95;;;;;;
73ea2ceb60a1e45d3dbdafc557b219ac;;;;;;
1ca5cbf8e5f2e223e034d986fd8a0a3d;;;;;;
1db7fcaaefb67f4df6c5dd72cf93b4a9;;;;;;
9225d5f82e09a44dddf5c84bca5a70fb;;;;;;
f7d3a08af6268bc309c3512bff085b4d;;;;;;
02c26687a338b7b2e5e7f61291750ea3;;;;;;
ad4f4de6106f5d9315604ccc3f565ed5;;;;;;
7ad9f7db312246a7f57b2f4a49f7cf63;;;;;;
56129c5226a6937928066bb6ac6e5eaa;;;;;;
f90a7a577e21c459198343cf05427c6f;;;;;;
9876ad7fc26055d41717c2bca6b2ad5b;;;;;;
53bc9d83ceb142a0987faf22afc05c80;;;;;;
728e17908e49421369be4f2a4f5b7f82;;;;;;
6e3f4e76192f27c5e5d0706df509d169;;;;;;
d6724b1b75bbed72de5d63c7604e4ee9;;;;;;
19532565ded93cedaedb160b50451c3e;;;;;;
a910535c3372ad7796b4e2b8bd41fef4;;;;;;
00b6a576867ccd063f609899c129aaf0;;;;;;
4243b519ceeef59099732ef01a31db5f;;;;;;
7373fea510e2ef1d945904496632485a;;;;;;
3021e77d728a89dc69e491bfa8a3e079;;;;;;
4f0e73be0fd23eb2730e59d6e37f3ad1;;;;;;
a9d8a8452e771912c30b6a5ec643fc99;;;;;;
b52d663ab85755ceb69bfbc2c1d6b879;;;;;;
142597295de9023eb93cb450b9899e33;;;;;;
3ce8199eda4c0cd14e564a8213f9d656;;;;;;
fb73dc7d7fe0db04559ec39540c8e72a;;;;;;
8211e4692330d02e164219f403d8df48;;;;;;
72fb4ba5fcdb1941bdfb74d4a09fd674;;;;;;
1b3f7a273087f63093bff72bc3ad9ef5;;;;;;
47aadd92cd9ed1d8eb14b97b0de96430;;;;;;
a5b8c8f01d57591d604bbfb84b080089;;;;;;
11d1d0b648b1c3300b5cd7cb2c83de0b;;;;;;
592722bba97bad50d6644772fffe47a8;;;;;;
2b75e8098a30393027c6904ae95516f7;;;;;;
0756c1c5c38b1e3a20467b78c12b3761;;;;;;
7a5a3ac2f82f3807edb2def738afa882;;;;;;
a78b0ac3bde7a7bbb36a01de8ec37279;;;;;;
fae81806230d6fda3b365f371ebca506;;;;;;
45acb6e8fd4ef34d345153c1aed23402;;;;;;
308bdd5ee46b03b99898106faa3ea97a;;;;;;
6b095d6e649e32e8a99e02365dfc7ee3;;;;;;
aea341244f895efd9983b81684a01326;;;;;;
52ee5d536bba3ebebbf4d74f2cd380ca;;;;;;
f133c38def7227941587fe823c8b285c;;;;;;
4cfd69542bd273b5113e10a7904d3b62;;;;;;
101571eb173957aa36a3bc8c4060cdee;;;;;;
32f4bfada14bbe0754ca26a899c67598;;;;;;
ed7ecaa1c995a88336142278caed68c2;;;;;;
092027900bd38104069cf40d9121715f;;;;;;
6be359fbf1e374a34c08bf959d50ae86;;;;;;
134484b0c49548e18249474fa011f71a;;;;;;
76218ef10a20afa3f2de4310a2769f73;;;;;;
8dd4e7b2664ae42949e4e98dee80d974;;;;;;
d0ae674b5219adfc9b060baeed5c4cb4;;;;;;
62d7102a1e8279fe6359fc020c7576a8;;;;;;
333d1fc4df2c685668252b3cfac99544;;;;;;
71833105b7f39d4eb3e2f48ff9dfe9e9;;;;;;
5f364ba1426645da00ba9b69402f5dee;;;;;;
2760753a897786a9983e14ca95ed109e;;;;;;
0b4f93594471c9c9dbda3cb67d43b09f;;;;;;
dfeb40a85cb80c62b83539e8c28823d0;;;;;;
006ccd4f1abdcc1a44788abb611e190a;;;;;;
7a71be16e5c75aba360a956ca3324c15;;;;;;
f83c498274e7fcd23bb4cb0d9226f06c;;;;;;
e4608e953508dad7bad2ede3a320cea9;;;;;;
d8d8022702f75ef7980ad54620eea535;;;;;;
eba24fc862a765b4de0267e9381b6b5e;;;;;;
8ce24c53354b880e3d12f508193f32be;;;;;;
a3178908b43af002c2d3084bea0f3eb0;;;;;;
5d34bae7dd57d9488610b7dddab26352;;;;;;
37ac32bd8ea591e9860b496c170940eb;;;;;;
ea6a8044c0da23b7dced49f47fc97faa;;;;;;
f87cbd005af095e8ac689331c25d1c2c;;;;;;
1199af2c50e51dd5076391ff4f96e5bf;;;;;;
e8620ac70e2f9a2e3bbb6e1b064545de;;;;;;
29aec184076b4ae8f96c1e5f52539be8;;;;;;
7d9af36d00bb159d7d73835f647d7b9e;;;;;;
1fc872485876d8364d199343af9971be;;;;;;
cd174f3a99028f2babe5d072cbc21c11;;;;;;
878be38aa5d64c60335410b74445a4e1;;;;;;
c5c9b270837ed273184389be520e450d;;;;;;
9d0e3df82124585e29296b6d293d53b1;;;;;;
5f35d18c7b885836b2a41249960ccdc0;;;;;;
81251195190019768de366fdf51a7ca8;;;;;;
c7d2925d383270664c8348d62338f9e9;;;;;;
544d7dd266a6c4905fbd4c85752a5fa0;;;;;;
c956be61fbbc224799c176c4b5f0b5ac;;;;;;
eed1bed9b8d2a9ed8a74314aa5fe79f1;;;;;;
22f9eb147673898362b96c90339db232;;;;;;
a0880b7f1af1df4c3ed9d2a623bb6aa6;;;;;;
cc277aa72e7bea2a1d680d32ec74f551;;;;;;
37084139bed2c962bbc6acd2040212f3;;;;;;
896fe1f83968fdc2f57b608730a298ca;;;;;;
0e57c115a3055375f8584995ca30e8f7;;;;;;
56e8b156184df32d004d97eec56e0d97;;;;;;
5e9b064385adaa9ebe8baa0ec5aae1a1;;;;;;
4a5afd7fbf492f709c6dd74f70da4a3d;;;;;;
658ddc7efd47f91807de6ba94559c137;;;;;;
fad8a1f730e208ed9ebfdbd8481a5a86;;;;;;
2db752f32abfb14e364802d8f6001ece;;;;;;
291dcecfba9d0ec83073e7c986a4be5d;;;;;;
f12522f6bbbd72cdd5587f669c5f3ea1;;;;;;
885a78f62a532d354932878f5407ed0e;;;;;;
6ccae55e71d0d84190db4eb701eed57f;;;;;;
d39cff03b94476f4e004f384860abb8b;;;;;;
4b23ba0071a599603226a8a83b3f8e0f;;;;;;
b5c8806d85bf0546ad3c4f3147121c8c;;;;;;
6b83b29e62e8ac7ae3563186b351484d;;;;;;
89c25902ba64dc9f16dd466902968544;;;;;;
7d696ee089e577894c841e772f9d08b4;;;;;;
165fca3bcfd51828d11edcb1ad8c5475;;;;;;
0a18b31bcfcf76b84585d22f532228ae;;;;;;
57890de48f4bfb252ec7e9591628919b;;;;;;
1a75c9478dc549cbf2020686d5132934;;;;;;
9d50d71d7fb2c439973b2fd471b91781;;;;;;
c395a4f5a576385688f1b3c7c94aea9f;;;;;;
412a456c4cfb6257b4ed540adb89b2b3;;;;;;
e4d6d7efea5fceb5013ff9f049837c8e;;;;;;
65350eb1cdfd2ca4523ccbfc95ade2ac;;;;;;
441937f7f453740342bf4df4048d42da;;;;;;
b2c32b9c32768192848d52d689f92905;;;;;;
70bffe391d0c2f32c02bd743f32e474f;;;;;;
30ebac295268c4624e25bdfdc85c6989;;;;;;
4afbb146be280be1d6cf245df8db89bb;;;;;;
6c01452b15f98e17bb2f5fff62593893;;;;;;
184b6e709a77350192921e1343d8abf9;;;;;;
a0137e67b46bbb1914000d9a16378f1b;;;;;;
7a97137df35d689c9894a068c25bdbf7;;;;;;
86483bd87e0778a2a341d9a0df455911;;;;;;
4869ed91601a62e976aaa6e3dc4cd1ae;;;;;;
ffe87c410596d2edf0b5247241983000;;;;;;
6c552958d5c2ec73e280ea0add2f5867;;;;;;
8d77f1a520cb11e4486e82341630eb03;;;;;;
14a0064abd6b3e7aa1549ce3ee59f322;;;;;;
0f7a734ca161c7d21b99205c6387ff13;;;;;;
3e886685a23cf8fbf2bea1562010dbbb;;;;;;
076762dbe67c0cca479c22e60fdb5cb0;;;;;;
0a5db5c11ae3f73fef53c5d48ce5d8a5;;;;;;
97d39f89fbb450f02f015383e15a05c3;;;;;;
0fc8e77bb7f95f17b4c4652c6a68bb69;;;;;;
8fd597055688084807978acf4e0caa77;;;;;;
3d88a9534073a3176c5d552ce53bdfee;;;;;;
129c4af5705b3cdb6b86feaa574a02ed;;;;;;
3c45ec7629ae499a08f83ff9382eaa77;;;;;;
7171cacb39a2974276654915682f0189;;;;;;
1e973475b4fd46f03e038187898924fb;;;;;;
b3284af5a3930faa4416beb13c8f538c;;;;;;
19033057d636459aaa56f00a7f3f814e;;;;;;
00f48c588689051a61574a86eeadcccf;;;;;;
3a9cd15704889c4aec13cd9be6d71ccb;;;;;;
b0c36a7507ec6f1f535ef2f4bab8df7e;;;;;;
fccfe3f9f609a81b28dda41ad93f50dc;;;;;;
91c235be9280dcb0543280686feda511;;;;;;
5816841ef3c9a154ba8883d72550ce0f;;;;;;
5f10da23f966ed6b155d732b1e7e58b2;;;;;;
c964fe4fec40493e4218466ae286a39d;;;;;;
6c5fadc40d01dc979c208358b73df040;;;;;;
3dbd260908888db486107eea07d714fe;;;;;;
db7fbde317f786ae9acf7ead844a050e;;;;;;
59bcbc289f5af960c623147e230fa2fb;;;;;;
12735408aef3495255ea0cb2ad8697ed;;;;;;
080f3b2aa75826a164f2c0f513ef26e8;;;;;;
d62b75b930296a745b4ad49686ec100a;;;;;;
d8f896ec42b818a62ace7c79fb661363;;;;;;
27850729403f49193ca63a62ab7bca62;;;;;;
6bc48e91f2356b4c7c6266d641a146fb;;;;;;
5dc6d18b9fdc0826a52f2da4403eb3f4;;;;;;
ce8a856b4cfcb9cecef6389018dbf89d;;;;;;
dcfcdc57310cc3a91250d7c8f630a01e;;;;;;
69ee3b74c0468a342bd445ccf0a75305;;;;;;
0b50d2577278cbbb4174d9e0ee7cd9a2;;;;;;
c3718cc228fa9c545fca02a7e13f9089;;;;;;
6d30f8a01ced72425ebd34795ec61e2c;;;;;;
d05d1707a6be11e33501392025b42883;;;;;;
2568252a29b0f0a314ef703941516cab;;;;;;
6c2f2444030b0d1f9d2c1c95fbc78b24;;;;;;
b8eab7c1a6f21563de8de77faf82712c;;;;;;
46f2d6ee64d6052adaed6e3d57abb70c;;;;;;
92ff9effb7bc6afcba5700f506e7ec7b;;;;;;
08070f4057c1efac1a369958e5c6f4db;;;;;;
0c3745f4cba17cfc13dbfb134f140964;;;;;;
6f971c105d88f0b6ef9eed3a751d061c;;;;;;
f5393f78871cb517850a9b069c027656;;;;;;
2e29d25cdd4ee009e987c779171bac8c;;;;;;
30572a59ab03c076771c8d62251be39e;;;;;;
dfdd0b644a9c9363367c2cd825306f88;;;;;;
f983c3c99d32e5a69728d2191e7a0be5;;;;;;
4944d7e111702aa04b0161674f2b6f0c;;;;;;
8a2abae7acd2c3978a93acb43e5480b5;;;;;;
213f539cbc24d9a7e3ff205c9430e95f;;;;;;
fe9d93df37c9aa7006f42a38cb8f8290;;;;;;
3857e29bbb9937135f143558f195342b;;;;;;
4305fb032ed25d776836a70647ad3e5f;;;;;;
ea58b8da372aa3fa852f2b3815cffb69;;;;;;
8763daae140416d6513df834123787a3;;;;;;
73b0735b1a1e9bfc44631022ebdda1e1;;;;;;
23656354227b18958b68fbd00d6addc2;;;;;;
c1dc68885e3d9152830623bfc923f905;;;;;;
ff6b0ba74101f4256f4fbc0ab22cf4c1;;;;;;
ce2eecc3a65030752b71428cc4a3b9e7;;;;;;
d635eaaa1ec92b536def96134e260b68;;;;;;
c367846b8c835e06c7dec9f93bb81d6a;;;;;;
914d3d4d47ac995de5cc000b8375e4ae;;;;;;
ce5221bc688b3633f6067a66e3a9a5ef;;;;;;
3681328930c49a28e725de81c3128372;;;;;;
d84815f63889eb3759957058e10e01d2;;;;;;
5a0c6cf12e04b94f0a31cc738a103688;;;;;;
d464ae39b28e118087b9e97f4a7cf939;;;;;;
bcc13a9c94c81d29afb58ceb074385ba;;;;;;
cfa235e20e967dede05b3618c86511d3;;;;;;
b45fc99a1cb4dce7378b718c9d05cc13;;;;;;
31f0149abf2f537b2e6dec6dffb9f70d;;;;;;
19088b39cc4a8f70db7a5295c17001f5;;;;;;
7057cad7841250e7681ac9aae01112cf;;;;;;
f432afb00d63612234b662d4bd44bebf;;;;;;
babf6b7dd88378acaa64eac2b340bf84;;;;;;
4263b91036f0e2cc688f5630ccc5901c;;;;;;
2ce985452b52adedee8157aec39edd3e;;;;;;
a59dfbf73863d50c4f4b1d64899c269f;;;;;;
a8799a78962a891ed92f473561c97363;;;;;;
41bc024e31ca3226dfbdfe7f0642f7c5;;;;;;
0df4f5e8a61a73264231dfc655c21c17;;;;;;
066169cb5cc56728a9b61359ecfa704c;;;;;;
d12414cdd6f6edc43d7c83481f9c7004;;;;;;
fcc276d9eecdca2145d5cdf8e92d065a;;;;;;
31564623c1fc3da7e7a2dc47125e3791;;;;;;
2df1ba72a9a26a4531b7ab4c59aeb1cd;;;;;;
42cc56798379787262ae053a3bb22ecb;;;;;;
b48ab8edeaccd65e70d85aa824c7075a;;;;;;
0a7370339d7c333e829f665df900df0d;;;;;;
6e933a094755a9a59078bdc27f0412f2;;;;;;
96b606e648bd9c5fdce2ddd1f57da560;;;;;;
64e0495c014c4149cf88f92149cbfafd;;;;;;
f9962208c37e1849f235da59abd41f32;;;;;;
388197f131db60e613095781fcbe87d0;;;;;;
1e80b53fb66dc581a50f40477cd718b6;;;;;;
f8bef1c593cbac89a37f0024ccd5c481;;;;;;
a470f286fb406080226bbe8d48abfc68;;;;;;
61d3c31932679827237502d0be1e104f;;;;;;
fd9a3760dd91b0e0a34de194cfc30e76;;;;;;
9b60354cf047e8b47c03724ef346af48;;;;;;
fb3c42d11d0aec3f9da385a6cd50fedb;;;;;;
6f09529262781cd3233824f496684fae;;;;;;
069240d1fd072046e26fb4659710b5c4;;;;;;
f42d51eae80df5fa9ce9fc69c533530e;;;;;;
b7175608441473259866ec4c45c74a20;;;;;;
03de96c0df22bbbee29226ee8a37e40c;;;;;;
ad9e2f724b202a47de7ff104dfb00697;;;;;;
c12af3a5551c84426ebe721ceca41d61;;;;;;
92dcef9bb5e0b30aef33068b3eaec57c;;;;;;
14a1bad085c2e411609effcca74dbcc0;;;;;;
d3962b151a020c52c0d56007ce1d2a37;;;;;;
c02faf92afda43b647f02bc50c3a3aa8;;;;;;
d593c1a0be2993ca0f1798b318bdf41e;;;;;;
b6479219ba023542f1d397f8222c5557;;;;;;
38a19ac91d0781eb281ae52b40482ea5;;;;;;
ccb8306278e4c2f6f87ad4493ac23927;;;;;;
f82f8deaa224e487c2954a3e1973a742;;;;;;
eb08af7d88670ff9044230c2c1b303d2;;;;;;
581922e0ec8757731d12f093452fc6d3;;;;;;
f2514967b4133e75a365d308b0849b26;;;;;;
99b0dbbe662148adb8425c7cd56b461b;;;;;;
81a44218b26e60085bb8b08b98f8ef7f;;;;;;
8ea7b72c0995b62e279c89b88f396733;;;;;;
1eec67c09313d1ae46bd70966d0ca277;;;;;;
17da56b9be0ab7768ac60956d71043de;;;;;;
e465624d7808cfc9597775bca90f357c;;;;;;
041cd5708d82cb6d57f5b23da87e0a54;;;;;;
574ef499d560b4bfbc023d51b21e3c89;;;;;;
89842414d01b35beeee3ba452d8c5fcc;;;;;;
fed704967b3da5198108ecd55af6b3c7;;;;;;
523588594e9276a59c7b53fb28b77c97;;;;;;
e1af3aa888ff8202c17c7604fbf976d9;;;;;;
4c73d9c787c81caba9ac967684b5d4ef;;;;;;
680bd515bb73301345c2becb8dbd9641;;;;;;
81fd15596228a9f585e46e287126b43f;;;;;;
d92ee3330e23ce50e8d8289ab7cdc5d9;;;;;;
bb9449c035e204d26f943ec584436dad;;;;;;
706fd0c2bf3a479e818a428abff01723;;;;;;
bf088105781db18f57cc0bec90c99bcb;;;;;;
7e3b2f87135d8d41f065bd2cd4fbe70c;;;;;;
acf0c2f0647f429b1e2c994718653ef0;;;;;;
156f7e7a74c6ece9a96d6669106e61b8;;;;;;
fbeca88614fb08fd136950001fc9d9e4;;;;;;
f481e18955426c8ae010a62f47ca1b43;;;;;;
dabcc0438354a61bb35c20de77a654e9;;;;;;
f39cf17de4bc7199626f3300f1f5bedc;;;;;;
826c274ef4717e45043937f9ab0829c9;;;;;;
a14950a06aa3a9dc38bd7287fdccca1b;;;;;;
cdd7097367bf0210d03ab1ccf911ab7e;;;;;;
0ba74d7e052e7b0c7a79c9670e48685e;;;;;;
b417d6452b13d52896c43242eaed66ae;;;;;;
95e3e2db625e609cb0df9f883c7e7061;;;;;;
f235383f0193788284adaf204fb634e0;;;;;;
b7eaf15f4373467b16fcd51fc36cd311;;;;;;
34bf549254bbd45825f142522bfc200e;;;;;;
dd12c45ef77451346ba8d83670b132ee;;;;;;
afae3740f3289ee6ada040b672f56571;;;;;;
1550a179428f916e60322e264478c31f;;;;;;
db99111a32b5b7c9f0dec506342a8dfd;;;;;;
84510eb0d44cbb41bf13fb87fe52d1fb;;;;;;
fdb3b386401f330adca2d14a78e60e58;;;;;;
dd2afdd7c97fec2955c47a7f49a8d295;;;;;;
68ca21dbd7c9985d466a854aac0f01f8;;;;;;
8cfb57c7aa7ec08f29b2c47c02c8f128;;;;;;
87e269f08ac273d70b6731cb84bf739a;;;;;;
8de253cf2a1f0f3eed8913f3de42ecfa;;;;;;
bf48e481d26259e7c5f35f6edb3ff614;;;;;;
80dc3da1e1dbf765cb3c21614ac91fe4;;;;;;
d2a7e6eb14afea2966755c18f05c39d4;;;;;;
bbcc5d9baddbe7c0bcf69158a4d6095b;;;;;;
82b50cdf0f37f4ec44a93710eb3cd7d8;;;;;;
5ea815b3c2769b0845f022b3f3457373;;;;;;
42d2b203c19b3e4435eb4ef220cec3c0;;;;;;
f863a1f98c1d2142f11a587198f491d6;;;;;;
1999f2f80d420449dda757712574711b;;;;;;
02eccc7a28ac1677daaaecec74931d57;;;;;;
9ba44b1cd99405bc9e1a0dbb8efd693b;;;;;;
470ad19356b2c54286879101bfb58fcc;;;;;;
368aa3b638a502175e82f9d1032ff587;;;;;;
00e379969ea7fb07dd7f05a0b95d66d3;;;;;;
da6e6efce95efc6e515782733aca5d2a;;;;;;
a48a37c713917929fa1ce3e6429921bc;;;;;;
7300d19830b73e1cccc0e60b201e9d71;;;;;;
4c39c2d148096d72571d4a663c373fe9;;;;;;
60be6a506f1ccc0630572ca65c7c0351;;;;;;
4f9afb3865d1f4936272b165c6e2fe73;;;;;;
b60b8df6019c71e7452012f3a69ee31d;;;;;;
f6b0f5bc26e544b90427077071302271;;;;;;
1f30cae9208b2b7acb8484978a35d75a;;;;;;
794cfc37e7d2af5b08901384025cdf81;;;;;;
fa669a39fd3ca6e3f4cdd0c983fe3983;;;;;;
76f7b8cc8dcd0edae48860073ce3d19d;;;;;;
85969d431e2bdcfa103b27dc78383468;;;;;;
ca60bdcf7e488cd005e653de22455e68;;;;;;
dedc49f94963d4c65a457f19333acd05;;;;;;
acfb02246f81382cd3f6ee494534ba47;;;;;;
a1822fa3c3c22080e734f9e9ddda45a8;;;;;;
8a81198b2ee757d34af50311da73634c;;;;;;
2fca258f8dceeec47f3479280c771a67;;;;;;
fb0fe69975458ba2e66200b84c9c6017;;;;;;
f2918d143b0a03073a28cb1bf887bc95;;;;;;
440313feca2a1fbd27e9167365fa1543;;;;;;
9855af01ddbd1072e27aa168c90810bb;;;;;;
d6d8e50f13500b1565ef6baa63774f56;;;;;;
9e48654e806972429d5c5ac1772b85c9;;;;;;
3b1835e1d2959cd6c6471c03245cbf41;;;;;;
959c2024b2f6f06a82eda0736fd39989;;;;;;
b790c0ec447c75493cdecc579d277930;;;;;;
89411a2495fad804661e2ac59ce13156;;;;;;
5b317f942fde73ada3b3656ec1bcb35f;;;;;;
f74f11b8c8928bd9bd475d768f38882d;;;;;;
68a9bb81536d30249c843be9abc8a611;;;;;;
65ebea6f59cc50807bf10b2fa04c2565;;;;;;
0f0489d7c5d5771978d09709be4bdc20;;;;;;
c15e0795fd019282bf3f46e05a232ffa;;;;;;
812f3ca62e851ef2533c8613bb3250d5;;;;;;
5bc2dd2d89d015167b0cf53b062b266c;;;;;;
189336f0afcb2856bd8457163b97f2a3;;;;;;
509bbbe766c6a2fc61c8708c902bc87b;;;;;;
d1160a130953b5d48c91e2e59cfd8125;;;;;;
6416c8d50c52e44d829a66629366f86f;;;;;;
b90b11f4cd71311b90f26ed8e575223f;;;;;;
14721ed7907c3e1a48d108b7cb804135;;;;;;
47eeadf77333a31426431be766828861;;;;;;
48a4b21a27bd72bd8b6e5f3eda40e86f;;;;;;
6e23eab0b63b0893c5f3d202d7068cf2;;;;;;
c4a75ffd143474c05b45810768ca104c;;;;;;
e8f52f7614dbee8092b28edff9914e1d;;;;;;
a365936dde4ec07312731d7256e94d66;;;;;;
1b0731ccd738442106461ff870e90899;;;;;;
423cb5e6a6a243d9e74b8109a0637362;;;;;;
dbcd487c33ab44b0ac15af62e3cf67a3;;;;;;
d7d70f90a26aa15cb5bab6466d7c2b73;;;;;;
6a883cffce95531d860a60541db26cd7;;;;;;
bbbc5649b59ddbeaa67e23f29f3ca81d;;;;;;
db7fa12ceb3f0221f83b8bad6a9740c6;;;;;;
cc34f51a18dc391892e1c9915d379c7a;;;;;;
67ae9354ef3f4a5d6edbd3aa8731b22d;;;;;;
d35412307e2c23060476b89fbb8e99db;;;;;;
87a249cfaf2e5a3b38175d198a045016;;;;;;
6746c7f62d6e4bef3ea0a6df51054c28;;;;;;
4c42d7d7a93b025e4029967d98bb262c;;;;;;
a581ba0a10bb13f9bc6daec284191e8c;;;;;;
79c0a0ec22b99f72743cf8311ff1f3f8;;;;;;
e986c532c55bec1c962f88f6d08d8008;;;;;;
0fd7482eae98776bf2e3563afb1043f2;;;;;;
1d1ce26c3f9bb285216a895a9341f459;;;;;;
e1e561e7410f63bcca4efa87a5749714;;;;;;
01773749277eee3ca7329e7a81798c58;;;;;;
b0b1bab23b509d9e303fd51bdc8e3815;;;;;;
bbd3a61dd21e8dd9328f47ae1c4eb0ad;;;;;;
b7296e66f55895ee61f01c22c8754150;;;;;;
d67802a12fbbea47fce61ff94ccde47e;;;;;;
6623a4bc04fb1982c6a45743457927f7;;;;;;
cbf22418307e212764f3c7791cbea95c;;;;;;
8ff30c67e8fdf177f407bc57d59d8dac;;;;;;
875ec590a0c3a6d2d7514c4aa116500c;;;;;;
06120ed98acbab58b73a0e0ff7269c62;;;;;;
b3361f91d860bc96a1d948ef35d80dc3;;;;;;
ea07948ad37d6aeeebafd2a91f0bb0be;;;;;;
a2c69a3d9cd10697bf0223cc00a6395d;;;;;;
3c700ee6f3f2f1602511d56ff7e18cd4;;;;;;
8e0dc680612230f2d2bc5c63eb39e2ab;;;;;;
2905154cd371a3a751b017c0ec09145c;;;;;;
a767bb4ed6fe0ec657a2006b903b6d91;;;;;;
a143c8825d76c970d56d9338591e13f5;;;;;;
a3ece8f5b9d9e67292fda361fe76c24c;;;;;;
bdd2d8ff1e9bf6cf37cb337798b0b841;;;;;;
da7994f57f406d7e755c763d87814377;;;;;;
d776ee7087540d4f3d37f3ab9b3d5d7c;;;;;;
2f49d88b444717bb3207af8c1e53c465;;;;;;
b01c5681fe3a0b023c6e6baeecadc228;;;;;;
ee47787ab26b6f3960f9e9823bf304ec;;;;;;
2119c5d3717a67c8601510a1aaf18c91;;;;;;
60b1f3dc529a346d4c060c776ed52ff6;;;;;;
f40c4c33bf9a8b7fabb12443f28ffeff;;;;;;
82249654d71e6db506ec940926cc5edc;;;;;;
03dd9cfa9892bc2ef2862a395a3f65ff;;;;;;
8b3c7eb574db54dd4743e5c15284b2a8;;;;;;
4dbf85cbe91130d52d8491db2b6b4bac;;;;;;
30ac06ce40584db20f7d809912ac5f2e;;;;;;
adc2ea2abbee539926af96f10402195d;;;;;;
d61ff4328b78c7c93ab99ea79b69e77b;;;;;;
29f44600e957d5408d935fc64845a4e3;;;;;;
e81ac31d75b884b43d7a8d69f1c9e84c;;;;;;
e712a404dbcd85f00cf496c81fcb2764;;;;;;
929d0e036f23800b09f234fdda3cc882;;;;;;
01c2913e715799d3d5516a6379f86447;;;;;;
75d407549dc4d3df72389db91155df12;;;;;;
c046836ed95f21303f7e9a36d904042e;;;;;;
b60d8d2827fc32d65ddcdc5321821db4;;;;;;
def0cb88a57d786970f3477d7bf8e03f;;;;;;
2c7426a5be7fe56e8ef0686ffbd2b907;;;;;;
f01ed570c4efb4b3519f371152f4e326;;;;;;
8c6baf08fb7062a360cc22a0e9fcc05f;;;;;;
d52e72bbc8d10e2149dbfca90fe3151f;;;;;;
dc961a18965443863bbae9c60e837b6d;;;;;;
8b65aefd2093df29cca3d821cb40c95b;;;;;;
faf1eb50710e2578826c555eccc8ccbc;;;;;;
3f5157b58a7af5bed2a7e8d5fe8af492;;;;;;
1660a59a685c86f0db8893065e2aa8f5;;;;;;
304c85470bd20ef089b4c49ea9678c6b;;;;;;
654fdd0c0fb32b5686287a5b30e74e21;;;;;;
b965674d108b468c2f8071d4f384b346;;;;;;
d2e58c57b3379fa38e25aaa0a49851fd;;;;;;
7c98749d9057f94bedb3bfef2873dfaf;;;;;;
78e5b997e0b529764636a9a1061dfd93;;;;;;
276abfeac70ab74a705a5ba55e4ee664;;;;;;
6f1cf6fa971b5604873c9faec7929ef9;;;;;;
ad0c5386d908c4d17d84ca3dd93f4a24;;;;;;
e1b1b6d7ceaaeda5082998fb7356f49f;;;;;;
35b28f683678013624eac4839d854f47;;;;;;
8a24ac2421f88945b376ee17e162431b;;;;;;
28f4531c853c4059b85c4dd9357b4ed1;;;;;;
73c9474ba9595bb2952d626e0cbbcd84;;;;;;
da88f21bffb199edcff59459eedc67dc;;;;;;
54dba0508fa6d3cfbec792aa58d7715b;;;;;;
e829056d52baf8c25278f7cf6d214f89;;;;;;
85387014e128b18670ee105b4a7c1390;;;;;;
10f52deccd31cdb2b84cb6a6fb340f4a;;;;;;
bafd8795bf8459afb11f254455819b9d;;;;;;
7c0d8fb7f41c122ea486b8b7c424f0c9;;;;;;
aaea9ecbce0844d3b85a7e4fe3bfb301;;;;;;
2fa0f82fb0d52e0c0f5e28e4b89e1fda;;;;;;
4dd5c5bfcf58247469cce6c96bc0ece8;;;;;;
4733aff150aacd50e42cf6d534a47d55;;;;;;
8fbba04aae31c93cc4ff6051c1b6a72a;;;;;;
8a96885d10e041c3f347547611529a34;;;;;;
f5e0420073654e3c1de6507922ab8459;;;;;;
c9b597fe798dac10a660931a94f1714c;;;;;;
51d36c2361c42b7bd0f19670c2ba7e54;;;;;;
bfb4f7b92f758de25d548794f0f216e1;;;;;;
dec22714c8ab2caae7c4694d47d3b7ab;;;;;;
5aa8ae55d39fe88f07a96f441e76b0c0;;;;;;
38f1456a5b8f85db9dc977afde86b69d;;;;;;
3f365bba9975e430e153f17e8a839379;;;;;;
33728688ac63a51c3cca3edf5c992648;;;;;;
8970ce44b1d5415c00488853e039bf25;;;;;;
4caacb78fb34480a4a840a781632e17c;;;;;;
e134454c8b32e350e5bf57cd387d0e92;;;;;;
6e804b1a330b592e31a0ee5b94abfd19;;;;;;
3a72dd2b27d9092dfb792aa19647a75e;;;;;;
e514eb81d817c8acce0b8152e9c4f49b;;;;;;
0c5bd318a6e2434b8cee3a1197c3dc18;;;;;;
c1dd0e4cdf4d85478cec62cd5c090915;;;;;;
cd18c31cacb5ab75e5f43fe23f517a50;;;;;;
19ebc0445193255a82cc6151b7983aa4;;;;;;
4d3549c7376ce6e64ff55e2d0c597a44;;;;;;
88e164720ba1a2b5d3b695c21f1388a2;;;;;;
820c346f4acb2bd704434ea866ce4b5f;;;;;;
2168860a6d641c1990aa2a48cb1ae0e0;;;;;;
c5acbeda0676cda564c643834bacf7dd;;;;;;
6eb559f3c106e64d96e227ed1c5240d0;;;;;;
a0d873f4abaf6df2df2a8982169d6d4a;;;;;;
c05322ab2fa6833027873658db95f408;;;;;;
9f69150c2350343501abf70a740ac6af;;;;;;
39f8a68bb58f201624a12bea6e1f306d;;;;;;
8565f3a2f1635d7aa6e7ab0670478ab4;;;;;;
ecbd5c0b4adaf3623027983b3a6f7dc1;;;;;;
f9a8cd12875bcc461f11d8e47953fb6f;;;;;;
c438ade512181f496c50599d5831a21e;;;;;;
b1a2c6107c8d3f63a75fa17d33cc1422;;;;;;
939261ba277bfa9f6030c51360d00533;;;;;;
831835884e5eaa870ceeb61c33dc35d1;;;;;;
460ba16378f4cad00951c4d24f0aa2ae;;;;;;
104595fbaca123c54e7248db19f744c9;;;;;;
fbf329a12c7184b4cb5519bcc2407ef3;;;;;;
1a19fb1e7acf84d71ac7aae771540313;;;;;;
c9726de8b01e96da268e7aa444448090;;;;;;
b621d82487d058fd82f1498aa3586321;;;;;;
ccfe861747e72cf55c4ca264dde82464;;;;;;
f68e10201d5792720da602bd5b950838;;;;;;
5831c29bf0296de9557027ad265f36c2;;;;;;
c5dbc6d7252f34f4e46264ff39dee826;;;;;;
5d91e32f115b9efd26740ec7b4a158ae;;;;;;
2c46f2ea528cb72396902348f054c4b5;;;;;;
8fdff3b2e055eea27ffe3ad3879d39e8;;;;;;
80904d2650c22d930a274e67183656bf;;;;;;
fbe96887abeb74060098581c64ef7294;;;;;;
8eb861a679a603a65abffdff322214f9;;;;;;
138a7ede986750886a68565167fb5c67;;;;;;
4ed84cf461bece6c9d3c327d8a04e7f5;;;;;;
768556464364520c3f7dca6d7dbfd61a;;;;;;
509871a900442b999bd4b6dd64b1149d;;;;;;
8d351da4163125f0f2e3a7a5500177ba;;;;;;
f32690a87daa5a80af9533dcebf7408d;;;;;;
cacd1450994ceb1dc518e6dec7e5db76;;;;;;
d9b68d6f91ee9de4f35b4f9e1fcabe30;;;;;;
eef7eee4674b4873ffe1dda08ed87b89;;;;;;
d5786b655542d162bb1eade9a88784a2;;;;;;
699c8996e17971c1106b08ad278feaf7;;;;;;
b162f355e2b524193b1a2bdfdedde179;;;;;;
726383e38f927c2b111ea49e55cdee79;;;;;;
448ab204ce3570b47be2cbf7a7a37875;;;;;;
5eb6c84cc8c3a28da80126adb4c69703;;;;;;
4b141e17cbf872de104d09e1ca4c5fec;;;;;;
695283e1d3bbadc3242c39c6db2dec40;;;;;;
fa13c286fb98a930014ab36197bce247;;;;;;
813d932d047f5e76cddf277de208aae8;;;;;;
f038f454c6dc22f7fd2fe3258938e2c0;;;;;;
3f4beb3ac8263eb73ab2b8a305addf40;;;;;;
de8f1115fe490f93c793ec6068989067;;;;;;
36fb2fcfcfe30144ef1593f783908889;;;;;;
9f4c1bb98810ecd6a33c58959129bec7;;;;;;
2c02992f1b67e0b701d134436fd8fbb1;;;;;;
a9f6456a108f4bad6d59212b72367dfe;;;;;;
27050c97f8f2e48ba314b540243d40a1;;;;;;
697e7cfec61be349d2b553a49f8c3906;;;;;;
83e4fc86ebd9afa1d0c44ca66c7ba8d7;;;;;;
9b61a0d5b91ccf5b6bacefa2f1717b11;;;;;;
fd1127dc177710bf1f908c1029469d41;;;;;;
0e3a5b7897b424c64b7f9fe68d25f59d;;;;;;
0317cd0165e2a1215cfb4b32794e1096;;;;;;
985eeb6a4db651623e5cb3df5cefc3b2;;;;;;
a4e24327767ae73f31bcf3e0ac4df273;;;;;;
34328e5510403b86e8323c29e7bd6232;;;;;;
45af3523b57e99aa65b82cf05267dcc8;;;;;;
9db8f37d355c6f06273b22de58d11154;;;;;;
4d6c8c4751dbcd28303c87609ed7ccb2;;;;;;
b1183f6366ae9c34d81f152d2f4ad6d4;;;;;;
9a9d54c82cb2e8c6c738bb89bdf1cb31;;;;;;
c93abbad6eb4b9fb81610dabf65cfe5c;;;;;;
691f5e01cc5ee10491f73ba4e0125c5d;;;;;;
d7a264a536efda5c5d73d694400b2a13;;;;;;
edad770f7014b772f65106cdf8f9a449;;;;;;
8a00475e96f59ff426c47029fad0bf89;;;;;;
3dc54a742f02eba4c0fcd25c40cfe588;;;;;;
f60b7fd7f918c369031e04f08133d934;;;;;;
5e423bdfc8b42a40484cfe8e9b8f6218;;;;;;
a0d751095a6c8b8eca6633f5b4783e5c;;;;;;
6c49d310d9b8aa563e6a42eafd108388;;;;;;
80cc31f0c012aa1b742a52e0a01d5aa8;;;;;;
f5d8a7abc357bd323582afe0deb5b3e2;;;;;;
af78391964a0f2a9f4d5c791f5cd653b;;;;;;
5c1f379a414456e77f8b78f21b7e0f26;;;;;;
280bc8e19072eec81f518484b2764f55;;;;;;
c785c979697aa5df70cd63448cdce477;;;;;;
5142a72143992ad5bf9eb6d3866fd264;;;;;;
07d4fed5fd4f5319dea52b012da8cbe9;;;;;;
af52e873626043f311a5a701f6f47c47;;;;;;
13334941add1854e67a11eae4674848f;;;;;;
f443f87e4f277778f186a549a1cdaea8;;;;;;
42d3dbff288184bac25d156faa9408a7;;;;;;
97637eb02de1f41f8fea29c69bc9f945;;;;;;
8e35e2e09759dc1e413af8b742da34a1;;;;;;
bd31fe2b46aa14dffec70f714be483fa;;;;;;
23574c0333bbc4906b227f9ccf604da0;;;;;;
c04abdd6d6400a9bd7fa93b19aa41d40;;;;;;
41dead98f6af283dc1ec7d25864c3112;;;;;;
9155e8c0d45d685cd90f7afe858ef8fb;;;;;;
9794a1020f603cee34e6801ccb64a895;;;;;;
1c5cd8c8fa273ab2a5de9b1cf44c21f1;;;;;;
7d8c616faa8b6116db6b86bef4b97fea;;;;;;
86eef66375e69d5a3b5283409b6c662c;;;;;;
c22dfb4e798debbbb199edebaf1f2655;;;;;;
83683edf1b668f22d59177f6cac4e307;;;;;;
61cadb087a4f54dc10a0bc2c16765d6f;;;;;;
90d02db32585dd21539fadce8e2ae5aa;;;;;;
f4534f27dcc92a315d71cabe0ada4b9c;;;;;;
e622e75bd39949808f4f38915b8297ad;;;;;;
baff6f4ee6edc2535b12c7fa1cfd0117;;;;;;
98333d021e42622f597196a9a59d4739;;;;;;
8847988e2a3311b9dcc12228fb047c3b;;;;;;
cfc34a97af7b2b99b9f15da763b6d864;;;;;;
79f18f9dc47f807f283c2ca1b4791bb4;;;;;;
c6d4a753f557c761d887980e72fd2d1c;;;;;;
6d5c3548a2a894cfcf3359b982048567;;;;;;
1635277f9704aa0e3eb24399dbf1ed8a;;;;;;
d18af7894df71377694742fb26f6fb4a;;;;;;
251a3a1e1c128c40b39c2460d8cb61c6;;;;;;
5798dcb764fedf3cc7a36893156d3d31;;;;;;
2d354da7431fb118c046db0564d17e29;;;;;;
1a870a8d7e70908aa4c5098841daa264;;;;;;
0baab56b04a48f188dcbe88f13c499b4;;;;;;
6ef064d8c261f160945d3a1fcac860ee;;;;;;
1adc524b914b502e1fe434fe2656c284;;;;;;
95e2d703051c449b608e7ab85267f0fd;;;;;;
dfac7ee06471857cb713d5b79cf7a00b;;;;;;
fa3558259b4aaac5baf018769b410aec;;;;;;
aa810c6fd7062c53a211195878c97607;;;;;;
5b21d108365be9b14fc4d26b2fdda977;;;;;;
5c6981d3c404b18e12ca664ba4bce65f;;;;;;
8e508cddd7b8c4d8e8becc72a0d0a91a;;;;;;
98c986f0843fc2c14eea46af4db8582e;;;;;;
a8581372d3d63b4501e575faa8d99784;;;;;;
c8fadf371c09cb627fc8cb06fad5f23e;;;;;;
c8a9f6be372f6b6fb4c1f8b4c2425d9b;;;;;;
45ce6b76396a213a67742ff28e97d173;;;;;;
660d765aa132fdce2b2a9543719fa6dc;;;;;;
67fdaa6a5f016401019554b35ed2136f;;;;;;
6e6cb3fd0aea4cba1bc674bccadc936f;;;;;;
46264f7ccab8731e550cb26835908f5b;;;;;;
18d55f3f4df6d6a40ff77e5ff88985ec;;;;;;
c0dff2d3584819def12a99ec0b2acc15;;;;;;
512db29f0236d4c75e14da9fb2e7f69d;;;;;;
6f9bbbe2db4866264de58f27b781f086;;;;;;
b8550b8f4b618579d222f302e16422b8;;;;;;
5dfc60825109e9b86fea496aa895fc59;;;;;;
906babd903ece26a1a69e1b09db39d1e;;;;;;
81e5fb461a18b1a2d3c1422df560b854;;;;;;
166fcf82dc6cb4c18bb55a4987a22b08;;;;;;
0ed93b2307542ee753a73fc84b134530;;;;;;
424e6f42ff0910ee7be7951bb49fcb6a;;;;;;
3357ff67c33e6b0bcc664a3e419c63c2;;;;;;
8f0115002da5b320a9d287c9d3ac064e;;;;;;
812434c6539fc196ac7159cc64748ea1;;;;;;
642335ac8ae55738e4eb028a3903b5a0;;;;;;
15d53f26401725cd237041d7453a1815;;;;;;
31297dc31595c673bb1fe2405685b74b;;;;;;
aff3232d38713338ff0ce73b3350e558;;;;;;
7789715f0ba52238292ee90590fc38f7;;;;;;
1d2f574c80ad9bd3bc0c010f9ec86347;;;;;;
d2f552f72ad53704a777a3d582709298;;;;;;
a27c3512866f086ec666adfb245bf9db;;;;;;
10fd88a1f864ca8ffc7eb6fc7d076a0c;;;;;;
e3514ccdada8ea4fea5ff04123863b94;;;;;;
853ed4877871421f7ff3a586dcc82b28;;;;;;
4a2c1a43316218b640d556ffe04fdeed;;;;;;
b7d0653a619d3932d71a8e5a763e3018;;;;;;
a2fd26b94ec73e6b347d46fa9c3f241b;;;;;;
a364eef6990c2e5c1a814b995c201b05;;;;;;
5c8a706c556a9e86ccf3b9f37b567b60;;;;;;
814e22d9072ccce91e131d8b0c60730c;;;;;;
5e67a095d09cd02ce057102f20c6bae6;;;;;;
d5368cce3aa507f5d8aae6b3c74eb7fd;;;;;;
3feb20cf8aa1db23cde2b7ab84f8f23d;;;;;;
8308e6e2f18bc2a65161c8eefc2b7079;;;;;;
53b429345c9a33d9a326a75f01cfa182;;;;;;
69ff01954f34e0c2bbd898cf8b2eb594;;;;;;
e8ad76b56a8153347f7f036dde9875fc;;;;;;
cf68dfa599e7370228fd42d24d0aa898;;;;;;
6a2aa65cdef82df7e0c345b4ee45b533;;;;;;
b4d17e310ff9e42e34e2c098a33cc509;;;;;;
4764e5ba4279347b83064eba2c090033;;;;;;
1469c50bef7a22337a8d7cf802abf0a8;;;;;;
e9360997590de2963881950d8334d746;;;;;;
d84d50e22fd600388db120c8f432ede6;;;;;;
e841df55e900384d4018a0d5a665b222;;;;;;
56a01316ed97bd2d4b2e1dbaa2c5dd25;;;;;;
c9bcad15d74e2e80e38a003df6bf2c4f;;;;;;
2379aa94b548a36d9dba50d778e8194b;;;;;;
969c9e0e8f10e0b944fe58696b369f75;;;;;;
2bf6907c3adc39266b7c66a3ec68700e;;;;;;
d0fcaa12f5e8dcd2b9c4c2bff9953804;;;;;;
b601f81a5e225bee770d832968d2ae7c;;;;;;
cccc9faa47e3c4b2fb638da8e6b9e98f;;;;;;
2b51cd68418a83d218dde6412a3d9b2b;;;;;;
ccaa85863ba60633098d001121873cac;;;;;;
6eac3a538f257372001a50f104fd76bf;;;;;;
12f98c4d0717c2913b8ea2a317482c8d;;;;;;
505ef07aa6cd37cb06e225104ea05bf4;;;;;;
e076f76ac1acf98983e2f907d0d5b151;;;;;;
7e46c9c759cae34aaa6767f5235bce17;;;;;;
6c7f367b3d2c67f188933509f08ed285;;;;;;
6c232c7cf58ff4927314b6d4f60c0a10;;;;;;
5b9b23d86aac6a5d1b901a2652a1dfa4;;;;;;
cc230f773b0f3496d1e817acac68f05f;;;;;;
4e0f84117dab555f0aa92971f71d37d8;;;;;;
5e5f32dae7af20f2ec68cf74fc7f06b3;;;;;;
4b9119f3fa573c6cadaf390944288d9d;;;;;;
1795b2456654fe70d631e57444b69dce;;;;;;
f2a317400244c55a364c32a9792c7161;;;;;;
ea704c97af848ccd874d25e300f85d90;;;;;;
6a9bfe45dbf69296120d3013a8f2e791;;;;;;
417261ad597a8106cff0773858a788f8;;;;;;
e02995b68f316c952c4cb282c4014267;;;;;;
ee2bacae66e9bcf01e124afdb8dfaad5;;;;;;
12669d4ac7613080a1341c1e961096aa;;;;;;
82965ae802c9d5c5a76894087f3137de;;;;;;
ae9b4b63d3ddfc19f10f0a9ac20ee020;;;;;;
4d909127c2dc8443e95641517f4cf206;;;;;;
db8cbd367abbfbdaea7715ebf370e6a0;;;;;;
4e8ca4d99694eab2e6d890bdaa8cbef1;;;;;;
51d448ad4149dc33bbc68cb6cd978a36;;;;;;
0359936d2ab496f6d47fe80d99b67da6;;;;;;
9bc9eb2a56855e74a1c20118063b4c3b;;;;;;
2b0e3402cd158bf2114ed7a159019535;;;;;;
784d620ab47bffd338d35050bb5d4f6f;;;;;;
6746f401045331b14bc7eae749eb667a;;;;;;
30eda074972e971ecb2567d479984733;;;;;;
9713d57494e9561ea97597dd2bf2c39d;;;;;;
9b4fda48e7b531e662141cb061e9b711;;;;;;
0a91e9ca1f6c2c898a1c5a3baa19916f;;;;;;
8342b309cb610726ca845c3f1530d420;;;;;;
683aef8ceedef466f309144105aa1517;;;;;;
eef41794d2ea937c127b1afe654d6e06;;;;;;
3ce5ffea4d398f6b0882a34e6a8ec49c;;;;;;
c01f9d9a134ea4cacec18441e7256494;;;;;;
8fe4a438c02038308b4073b04ea61327;;;;;;
ea7b36b7733d18dd5351c56150e9b97a;;;;;;
c874c5391c7bfbe46f3672a6bfbe12cc;;;;;;
361c553af257537363b220d34e6c529a;;;;;;
6f2de0958d6be2a0ddfb6823214b8ec7;;;;;;
3be6b0145b98f4eda101bc3b7800905e;;;;;;
68632a3402d36ccf32b4f900fd09dfc3;;;;;;
a7ae3721491c07a83d315f9d04a2c89e;;;;;;
e315bb5ac3063a5f37a58fb325d926a6;;;;;;
5ac680053b5b3a8aa1e1f83eae2cb585;;;;;;
9f803ad764a9be9acad8334eb119113b;;;;;;
6f55d142ed7d1f648c51a69478b12c0e;;;;;;
8ef9eb8e58c5bde930eea46b9ac23852;;;;;;
b942c8d2347d5ba88d5f357b991ab33d;;;;;;
a0f955a3e313261d594b5e241c318674;;;;;;
e88cfabb02f429f062329b9a901554ab;;;;;;
8b86a61fbe4dbc1ed4bb5aae883f3ae7;;;;;;
c64c1dcf527f467e1512e927ab795f82;;;;;;
e304fb62abe6950ab76bce8e5cfd3e5b;;;;;;
f3fc40011ac2ae0a9173675581357dcb;;;;;;
2e44252afc0f4a059aa791f88f450fa7;;;;;;
82df37c10ad40f0f81e29f28745a3487;;;;;;
1d79fcf4809553c7e82b9a98508b499b;;;;;;
d4e32923f4af0a9aad3e5256f76b00f7;;;;;;
5754af9dc19c50e44b8784ea276931ef;;;;;;
081d6b241ac3ed6c33fad5fc9d8fcdb3;;;;;;
ad2bda340e454db0f20c668ac7a27848;;;;;;
452ab7323bef1e391e62c12db4c91bd3;;;;;;
262e50d0e8c3b2eb19f574cb8546273c;;;;;;
81926bcac952ce831d359e8fec7c735f;;;;;;
066a9214d1d57889152ae2be2959af9d;;;;;;
6be3ade5ad074fe86f694163c39505b0;;;;;;
029d47214aa9f67f6370e03ce5bc1a00;;;;;;
2a723d9240abcd6a7c80eec0a617237a;;;;;;
ba3616cb96a4964e0821c9322f9acf84;;;;;;
b9a6c2dfe1da1e30515790cef7593ca0;;;;;;
ee543e2a872e9f2c384d4ec02642a837;;;;;;
affce89269c65544b3ad94ace1e50f25;;;;;;
ffffc4192666c127ca5fa3071a39f43d;;;;;;
2c365b27c79b44a4a8adba30e1fddb6c;;;;;;
aeedecfb8a3adeb017714d3fbc5e83ed;;;;;;
b36faef10c78f139a1faa20676409a57;;;;;;
747bdf5b7f5a399883db38033c280fc5;;;;;;
105daa56ba265fbe0903306e35e7f104;;;;;;
2e0a9a60ef361d4beb420341b7dcb744;;;;;;
eea8d79223d2f83686cf0ce61585320b;;;;;;
14de3fb0b3334a27d9a6ba7e84d6c852;;;;;;
5287bb1cdc518750eb795d27848152c6;;;;;;
fbc80102e2339d616e66912822e84c2a;;;;;;
15474dc14594ea1669fb20263fde7c2e;;;;;;
ce5f1af6ed207ef73cf27184f09be827;;;;;;
46d25422f7ac56263dd86b7d01b82267;;;;;;
f48e2e26a86d4f742af161f37bdc8d40;;;;;;
559c9f869915e65fbc7f18a86b9ca12f;;;;;;
995a81a02e916179902f0117536fe822;;;;;;
52c59c5e55f1c7db501314eb618d4e26;;;;;;
b943179ebef73cd6378d73bd9141622a;;;;;;
25f6021dfb741533fa0f7ef56d9e8846;;;;;;
159a8f4a4f9a814dd67ef343b913fc9a;;;;;;
54743c01ed243ea8a44f47af40a91fd3;;;;;;
e7d71141cce9460b5c3021404e9c4e3e;;;;;;
43f840889fe25e4e9a03d1de3b40075b;;;;;;
6f92ac82bda5414085ee7838e7cbb73a;;;;;;
024b8559cabda4a0e663682b8b93ba8e;;;;;;
a618f190c79e930484121b9678cc505e;;;;;;
50ed32f7801c5ec6fb11556dcb2cadfc;;;;;;
046547f54c69e9879c22ce65ee27d3a6;;;;;;
8181ebccd4ef7e0bd069a202ce703952;;;;;;
4c4e1d9722543d143be7cb26b3065d9a;;;;;;
9834fe92f9ae36fdd11a27fc763d4b58;;;;;;
6041d65ff984bd626b92faa18dc46834;;;;;;
cb7efeeaa015eba67a22ce91f3368640;;;;;;
47c5de076b0a0e26cbd153038be8b1dd;;;;;;
5c4f17cf43e40e600e8719b6108f65ce;;;;;;
8acb30df18dacb22063b55d773e13170;;;;;;
beba8a04f18584c54db6662fa6cf144a;;;;;;
62d908e85848c48a2683de9aa4f7e208;;;;;;
4760a01a5c73acd898c415c4003e7b83;;;;;;
d27de5fb23755e579165f44b3933e6d3;;;;;;
ae8934f34c2c7a9706909a92d030afd8;;;;;;
be57a201a91820a2e2b21377b8ee6885;;;;;;
a58e845a7d2fe323bb7ee49e7d8d06ea;;;;;;
a49260f5bc603d7480c007cab6d4b9b4;;;;;;
05622501e60188cc64cb5f4457d178ee;;;;;;
7cece5c12d7016e365c36dfd3e937c9e;;;;;;
9ddd956f35559a99eb350d904fe87bde;;;;;;
09cd147f52b61ab66c33d77eac24d278;;;;;;
151c7e4cd9efcdd7299426dbb09ff8f0;;;;;;
532b6374e6f3f903ea199f5490a8b955;;;;;;
ea66cebb9d9d3164399e7528550aa786;;;;;;
bd3803a0e67464e69e13f36ddd884e61;;;;;;
705171b7fd78fe2b35563e9b57544f2d;;;;;;
bc1c6142ba2d3a8afd9759b2750d5306;;;;;;
95fdb78a5b41f5fbfedbde719330aa7e;;;;;;
f0ee654f9d162e6bae2d7d8fe49d1e0c;;;;;;
b288eb6c403e5fa5fb043ed03508d0fc;;;;;;
54acd5864edfd47d1cc0d3be659bbe80;;;;;;
c868c8f8c6c782f14f7e2dd8a7b49772;;;;;;
d1c06692f543bd26e44c49ba10930c66;;;;;;
bf8def50c19f20aa12a299cabb3d3018;;;;;;
17c74090721d3920da459539182d98fd;;;;;;
bd74a1ddb1abf875dd0c4d6d25a320a5;;;;;;
34a263f4bc6038b4d99cc85140e453d9;;;;;;
7e86b5d5a0b324ba26bedbf67bee30ae;;;;;;
bb0466eb7922c796c8b9ec6b55ab7f39;;;;;;
cb61b075a904c10a86f5d27ec5a78170;;;;;;
3fc7ff9cbe1f9f026c07ccd17ea6a496;;;;;;
49cfc2d34dd32f8eb99df05ea4313dcd;;;;;;
cc64393d74b0b372110d43fd9dcc8133;;;;;;
a8b95279ac47a1b1549ac607383a99e9;;;;;;
869fdcd0735efbc9c23504029d23596e;;;;;;
6b9d8e5e7b3923513f0b5f201efaaf5c;;;;;;
d733e23b6ce60109e7b240d169afd2a3;;;;;;
b498991ffedd0f8ea18bd5aed9aa8b0c;;;;;;
b2c38237dcff6053c92960414b8d607d;;;;;;
8c728762223a8dd1d98bf5297a3e683f;;;;;;
0905a6711fa0616f73f91ae82c04e27d;;;;;;
149dbdfa703b4c27f7a9d43956816785;;;;;;
a880c9b80c8550577ae0de9fd1df2c2b;;;;;;
f9dc829c299f7f40b7ca74c374b5c823;;;;;;
a4a8b8ea151bf561b32c992a5a9fc031;;;;;;
42ac447085a503ebafe704b319ebff14;;;;;;
742303d1f4250112b9beab8a1ab81fff;;;;;;
bbcfbf776bc90abdb34c680106c5f4c7;;;;;;
0f34a64a5850dfd76ac654e704c0cba9;;;;;;
d46baa8a3f515d8789ea279483c385c4;;;;;;
9f6e50c92e742224ab646395f076413d;;;;;;
02fc0e95d2db64f3e1798d129ee980d6;;;;;;
b568f245a73c525b3e39673ec5f22d4b;;;;;;
a2ab35c6d3695ab52c2641c1ba8b7685;;;;;;
f839179a29a85d3f891f2ccc7ca7e0b3;;;;;;
6dc11f246e04100efac0c9600594b521;;;;;;
2ba6d7d38fc687e68e9a71de0f4a4418;;;;;;
4d8149ece9b655b111790266a167fe4c;;;;;;
5b1b63571aeaf23378a5f15038b9b93d;;;;;;
9ebfb593687fbc009fbe30ab921005de;;;;;;
72b9a70db2392033a57e4f9f73eb5739;;;;;;
337b53cf62863ec89ed597eeb9edba13;;;;;;
01bec91765ff151b803d9fa277b33651;;;;;;
485eef46739dcbdacabd7b1f1f8e7945;;;;;;
73373ea5733748c66acc18583ab1375c;;;;;;
489aa7571b46e281b21c1de347a12003;;;;;;
99eba97aaede26438db08f80e5272020;;;;;;
aa629a04179e7379fe8d4adf5dbdf3f5;;;;;;
844eddaf09b404af7274afcbc1ec4db7;;;;;;
cee577ffa590601ea3698b97d3457a9f;;;;;;
a0c9abf136afc38228b0f55fce24eb1e;;;;;;
e47183dd39abe86eacf019cffa447ef4;;;;;;
f8fb590a56881bdd6f5db840c873a7cf;;;;;;
3ec7926ca2fed14af0bfaaa3cc058845;;;;;;
0274aa9c38b7059106c7e27d27ff3cdc;;;;;;
30cb5f327b2dac7ac1290708061b15de;;;;;;
e1e02be8e5da0ea2b7506dc703b70041;;;;;;
16c41ba9114abb7664cd06b05a438bbc;;;;;;
474ec7993be3a37f41a93ecf7b912501;;;;;;
0e8025851cae1b029c8e79a64dad9006;;;;;;
a12b8b829d5a288a2491eda06d5c8a0f;;;;;;
fdd07181431ddbd40f9cd7b5bb0332c9;;;;;;
508860f416f7e2f650814861cd6765e4;;;;;;
0eee18785c69d51314650317efbc6343;;;;;;
11942021c10142c1087559445258ec42;;;;;;
77321a82edcaa0f5614cb65a650a9eeb;;;;;;
b5906f80df1a05fc2593712d69172f23;;;;;;
9acff8c8e8eef84a7d39f0e1af2e7233;;;;;;
f66d505c9239a43b32c5b86fe7474b43;;;;;;
82b8591a417466cddfbd18736b39d3a1;;;;;;
465325f155adf05f98b189abcb70cea6;;;;;;
07acfbf223617122e22692fb9d3e141c;;;;;;
59b2b6abbae20b0612068ed5193eeef2;;;;;;
c281b852cc049a546216c2ed19896ac0;;;;;;
24ff01a7f1372188dd533fcddcba639c;;;;;;
78a7b8622a15688d6386e726e3f2c37e;;;;;;
c0d5f2d13ce07212ba7a884b4c9e3486;;;;;;
5b5a004f39945ccc3d2b582209e8ff81;;;;;;
da8081b1c94e934fba5bf1858ee879da;;;;;;
03aa724074efa709e6e0d05186cb3afe;;;;;;
1ca3c0a03e51c332115ac786e47b968b;;;;;;
c527cdabe32bbe4783173df05bf7e039;;;;;;
ca417889357c214860a3d71c5b20eb60;;;;;;
c3588796154de0b82841998a5bfb2caf;;;;;;
40e3bb39d9a4b7a2b64c76579191b144;;;;;;
9942b51ab9a9d93989e3e01aab5037a2;;;;;;
69bd4b636ea0f5cb8d8685b65a386112;;;;;;
ff20a116c0e1d82d7730c266921350d0;;;;;;
201df10b1d205abb8e5f7a5ecf09d976;;;;;;
d64e8d17c8b70052c8c71fc72e52d11b;;;;;;
676cda40be5a4ba1bdb563b64646623d;;;;;;
c0a10f32e0d7ad54bd175bbc86d9e5d9;;;;;;
b258af4bf1372696a7631bf6adf90b07;;;;;;
9d933ef2a147147e8933bea6924b3089;;;;;;
95bed898e08cfae8b1420b22523ade07;;;;;;
5ce282d9ab40fd130faa8a46bd09594c;;;;;;
e57b38629a808771ba8819887c4cb6e4;;;;;;
68ffb1ab114b6b3c4a6abd0ca084fb13;;;;;;
54e325cf9b78dada27e6c7d326a09778;;;;;;
ddf6b51003ac3f53c5594cfc44382c7d;;;;;;
92c03caaac01f3c0bf36e80ec4267514;;;;;;
270977445b4ae7cc76281e616a90249a;;;;;;
4cbf8f9f0f3f7a843ded1a9c63a3572f;;;;;;
fbe1a7f3e893c0d5a979e30fdb937532;;;;;;
83f10978f9a769668594c30dce98ea58;;;;;;
bb7ac13cbb8fc5fb48c4cb84c619d457;;;;;;
6ff57c0f4ef92551d027b2c5b2bae7ad;;;;;;
97a498597ae5c1db1e08b139c12f431b;;;;;;
d426ad8715222998909cbb695f0ab627;;;;;;
607579aba93f41312a94a2e13ddbe1ed;;;;;;
e3f3c9e303822528fbc3fedbd04edc0a;;;;;;
15e646a0f01bea9b75f95fc9c88c4c5d;;;;;;
264317166cb8789a406dfd4f353d333b;;;;;;
d0e8606bf81d004d0254fad190fdf457;;;;;;
1fa5d35595c200943e2f103c1e77bca0;;;;;;
95ebd485c791f152eac1bb643a8a1dc3;;;;;;
e5e828676c7d626ec33fe1acc85c7ebd;;;;;;
c05b3a6b3d5d94177fff2e39e812462a;;;;;;
99893b043d97f41ff0f5c9fd1db41163;;;;;;
e6c079d5afd2ec32e4ac1f71cda79d58;;;;;;
9608689525900e60c0dbcdda5591f704;;;;;;
7b21abdfdadfcb3855972b482297ca93;;;;;;
5d23f07d279d34cdf1877b89f9129d2e;;;;;;
b3cd9c6b4a9b62650ecbd21024057290;;;;;;
0a3b6247ce4a001e13455e3f425f6c2e;;;;;;
40e3319cd17166635c5a7210e97e99ca;;;;;;
3a44eecc1636129d382001f7a950fe6b;;;;;;
27d8c31754e19fd591281630079ba9de;;;;;;
2902896e898fda61e59a35923ab1b761;;;;;;
ce2bd6876974eb6104c8be84eec4ffe9;;;;;;
07abd97c305d588d4b6a870edca026a0;;;;;;
586888cb130cdd1f2d6fce988bd962dc;;;;;;
0fab4113346074eda67479746627a2e8;;;;;;
708242282ebd5e235caf55172148d747;;;;;;
13e3ce7cc52fd0ab275fe541509993fd;;;;;;
5637f28c29fd8b073f5248fbe229d0cb;;;;;;
1a6e25ede0443b02fc64ff2beaa6e11a;;;;;;
1f384df31c757af7b1e66744204cda98;;;;;;
b1a6e6c1bbb43ab041fba2abd3e59449;;;;;;
8298a3c55c605e1387cf2ec82b633928;;;;;;
72fd4ca9034cebfb4380a9c7fc7ead33;;;;;;
635a6271128a6cefa4d99ec8d8f390d9;;;;;;
2d56f849c84d29d2b50dc630cb3706e5;;;;;;
15a6ed127eccf19fd012b66b77fda194;;;;;;
79650a959bb59f98ee8e10d87a037b09;;;;;;
f4b74379f7e7b77ccf325d80a284ebd8;;;;;;
677fc71a7dfdec4210f41365f9188576;;;;;;
2071eb06e646f1e4e086c9ed6949e0f5;;;;;;
7e0fd6c462e9138f8e2c212544c2935c;;;;;;
4e54300e03cf66764c0526462d2109d6;;;;;;
4f940d62219e3de964ff295783aaa712;;;;;;
7d19f1313918363dc5a380c28a59f355;;;;;;
d2681dc9edcdc6b478b240868c8d1ae8;;;;;;
9ef5dcbf88a5308bb722459a60cc8f52;;;;;;
1ec903edb5c3727eae737f888d270b54;;;;;;
0c3a471fa70ed02ae12a1bfb2ff2d33a;;;;;;
92e072c030fc29266ab7466de2e7f977;;;;;;
e2fd49d4a40348197c88d99afaabb5a2;;;;;;
1e7fef856582634473929c8c21a85cc6;;;;;;
b33a66c3be7e2f573f52be00bf1db800;;;;;;
f3bb97dae74298beebf0e74f047acbc7;;;;;;
c5cedaa3b24e27d26657e98db4756559;;;;;;
6629eb0d7e9186bd5dfc5bedb6fc44f9;;;;;;
d6c5851bb5ee5970870a429ad4f76911;;;;;;
1b14ad93204334242468255e0bd2a566;;;;;;
563aa29969a38944c2f2bac45e7305c6;;;;;;
24ec22d029ba1e2fbd7cf4713b540f22;;;;;;
3698484c8b1a4666595ea1a0f9c16e8d;;;;;;
3e2c4605f24d6c09f5254775c8ef1aad;;;;;;
2d66d986807c541ed456cae506d79786;;;;;;
3fbf6108767d7148256cfc45dfd9e003;;;;;;
8e2b0e3eefc8274953774edc402b881f;;;;;;
df70215998388aa65a4ec8c82c219039;;;;;;
90b91afb08a06d67b22fc2e629ec7406;;;;;;
739c229c57b50b0c7afbad3f8fb02ce5;;;;;;
2082117a8ecf9c0c08b48ece36bacdb2;;;;;;
0bfc702ccfa94683ff2b72f3be0fc5ed;;;;;;
b791624e415aa21f655419e8826a1c3c;;;;;;
9ea1158952cbdbe81065970ac39f5690;;;;;;
601890a6778faa53a86444d19c7bfaf8;;;;;;
2b83bf78d24a2bf2478df9c667b651d6;;;;;;
fe336f7f4ec8d00d56e0e6ca2a7bd2a6;;;;;;
b3cff0edaf66963fc4ed7267c45c8d3d;;;;;;
26159563673c4f5c250cd2ee1cef6075;;;;;;
dbe8a192267322bdcb9d4ec6771548fd;;;;;;
26747f1907c85c884ac68444279c30da;;;;;;
aba58b6badb5fa7251791ba58851cf6c;;;;;;
830cf0522039180000667a5d1819c436;;;;;;
9bfa146b8035e968d1345be7900a7a10;;;;;;
bc3dd1ae17d0d7618ef310dc91c06a07;;;;;;
0dc2be81eabf4cfdc01b8bc497731593;;;;;;
0ec55f1317ba6119fec699a14ed22d34;;;;;;
4647c6ef1ed2d6e6d62167487ca22c1f;;;;;;
cfe76a59e6eb0617d78026497bc9b02e;;;;;;
e2d22861b42fb04fb5ef37c62a60cd8b;;;;;;
b832d2f4cb7e5fdeb4c582b66604546a;;;;;;
c80b0cbfaa223d529c7a47e5e27e405c;;;;;;
c0a51306bba4c3f2668c559384d3e147;;;;;;
04d5ef99b82595af79609e67f2cad74e;;;;;;
c745be6b9913b82d05f2f8ec8312dc67;;;;;;
59135870833c62558a42f3279f76af47;;;;;;
942d4556918dfcffdbc3458510096d14;;;;;;
6ed814b0b2016eb45d42165c7673e193;;;;;;
897209785bd506bc7396bd989fae1dc3;;;;;;
fa106b49cfeca93acb7fee8537e8bb88;;;;;;
e648df4b0686fa07ff8df2a84e0137ca;;;;;;
3f6592140db141c199b09c4157b9f1e0;;;;;;
8cf9a127472d2b55150971fa3fba2314;;;;;;
539ae223ce439c34d39a6a392295c6e6;;;;;;
f4f90e4730317c5c6e55765023b03d99;;;;;;
3165c54c17ac2e0db0bb6f9ca3fd8a1b;;;;;;
c3d657fd673cc84cb46d644f39a24683;;;;;;
cc22d440a610b991d9de77d9aa85bc45;;;;;;
528420826e5602995903ce9fcad745fc;;;;;;
4b43c0d282c5a3118f016a056a7424e1;;;;;;
8d549586ff49bad81ccac0c9a2cb8998;;;;;;
14e31533f2e38d53acd052f6c8c4e3b2;;;;;;
f322aad83261d624a6bab41bade86913;;;;;;
b481470caa999a5d69a925a0bf0ae117;;;;;;
830da805632e2b6c595ba826c5188bc3;;;;;;
a0ac603a47019511dbed7cbc8b76547a;;;;;;
310d5cba66567fb5660aee201bdb4701;;;;;;
2a4bec2633b8b23ecc15f5efa6292985;;;;;;
a9ffdc5edfc97eeb132e0e6068c24987;;;;;;
2d9ea9dcd409c1fa4c6ec96374cc109a;;;;;;
ea97c82987e8adfc7238a811c75a5b51;;;;;;
3290754078b77c07298a7c07b2389e1a;;;;;;
b1c225ff0aada1f22dac6366c8580ce4;;;;;;
abc67cfcf354b9b438f2395692d7c9ad;;;;;;
f294d04dde53b09a41a8465a38eb8da8;;;;;;
e838ada2b190f85226a66c5766b71ffd;;;;;;
ee9f95ca93aed7bfa7a588f4f61afa06;;;;;;
7c94ee8d5ac096d9f178c810205faded;;;;;;
248911ceba35eb5fd9380768d1c22003;;;;;;
703df6234e9e18d917d293d736758e2b;;;;;;
e493e83881165b8099fd5a44794832d3;;;;;;
3bbb94dd348dbcd03b2312990bb68de8;;;;;;
0edd57902b8ef7a665e255be6902e058;;;;;;
dda32ab069539820c95757e974bea7de;;;;;;
8c820c070cb61f4a705e91c72b80d352;;;;;;
13503a87e855065721485d08fc86cf08;;;;;;
329dbc4845a812209adf6b2d77497a15;;;;;;
0b563ba202b66af275b2c1bec8ed6cd6;;;;;;
317038bd159ede1c4051dd4454876790;;;;;;
c0c4bf7edd18d7e8999b06b84982abbe;;;;;;
933c65209f929538559ed89ffcd28850;;;;;;
d7a0fd736ab7fba94f7df421c049c96f;;;;;;
f0a22ad7e14ba1a77ca09dc30d37c34b;;;;;;
3ad2bc1d2267388bd60bdc9f65b398f8;;;;;;
4c903ed682d70e03e754c74c3fa40d99;;;;;;
7f7c8e82c4d9dbb52c8512dc32411740;;;;;;
d8e391b1a3cfaef54a0fb53fc849b17f;;;;;;
14221fd5620a390458d597b86244fd22;;;;;;
1cd401872d932e9721de744569af9c7c;;;;;;
a54764ea2811c259537ea7b9985b14f9;;;;;;
a0e51641f2a2122609585c9bf7c808e6;;;;;;
283a99e8be126f7f4330af1b0cb8d620;;;;;;
a0370a7f621212088c7054a81d202412;;;;;;
778e3ad11306c8c8c0b270306e0bd363;;;;;;
f26a40b7a9744cc5d7707468d9432a09;;;;;;
23b7994a24113ea94519c5724b7efe58;;;;;;
013c762ee29e1faffe1ffdd16f32b022;;;;;;
1266d4442269e1b99033eff39e36d1bf;;;;;;
7f6546e6c244f31e3f5edde1fc727809;;;;;;
b32b937620e7372a231611a10f0b1876;;;;;;
387f4b5d9f926de77650cfda88adabe6;;;;;;
c4f8f490ff011bbc6e6d3635c901d41c;;;;;;
48c3afcee771d70a97a61e5575fe1956;;;;;;
207997c09a21784fb38eb10f3a86ada5;;;;;;
ffde7b2976de0dd191ec8bafd818198f;;;;;;
9b93db634c0505ee96ad8200a8def770;;;;;;
ea1343ed34114814d668d16abe6c4e0d;;;;;;
4033755bc294d72639e61a1a87b815d3;;;;;;
6871d67b4ca184a59571ca3e52f861c3;;;;;;
646e87a564985657150be8b92873be99;;;;;;
0accd61686af88f8fd7ea172886c5fdc;;;;;;
613d3a651befd89a2a7c77388913144c;;;;;;
d89f8b9ed1bc54c873ab9e1b1fc568c3;;;;;;
db39116dca6f8ca45f8bd9fb7172b413;;;;;;
fd0ea195a78c25aedebdbb7581376663;;;;;;
d921b7f2e355971b5cc56d8b9f899ba0;;;;;;
9352d91c3db1608ffbedcf7e17007cea;;;;;;
0eb9dccf5e5dcc973128b3a94be95972;;;;;;
f40d5062c998039be45968ca3ff2c7b1;;;;;;
29e570ed33de9c2fe75b610c7bd28438;;;;;;
0ffd5de7d28a05a3dde63d0b84993cc6;;;;;;
c6a00f7a5567148ef6992e5aa773e18d;;;;;;
0d41d9f674c42af43a1b04a2d41fee13;;;;;;
f85f47d1cbc1625b9dd5096df0417711;;;;;;
349f176c24dd4842a36e1d5389d4a18e;;;;;;
5f928522a04d69af82ceb3ea6717e0a0;;;;;;
17b765f8517344aa689eb91855e67696;;;;;;
32e91a7940538852c35a6dbe44eca39c;;;;;;
8e616aa23b083f8882f70b4ff51b2fea;;;;;;
95ed7993ef7a13401971ab1874f8e575;;;;;;
11291024747d52602fa6bd94c93c3e3e;;;;;;
49ee4350977d3087f98e7c524b0638f8;;;;;;
c1456049baeb4df20c49b5eb61583aa5;;;;;;
42903ba0db8d243d2773b8a3e3fdabf3;;;;;;
189e322477620b8bbd0179ebddfee9cc;;;;;;
289d4c274818e8dae569a2df8d23a3bc;;;;;;
3923b7fe0d067638f3cfc83cb120df40;;;;;;
05847ccf5e2e550b94f752501587e0d7;;;;;;
7cf15d35f1765359fecca8945d8959df;;;;;;
a22f3344c7c8393527a9ec98a48254b1;;;;;;
7c02fd065946f3b8b8d5b09e710553bf;;;;;;
735ce85a053ae06f173f26a62b0b5543;;;;;;
b920d7291360ad649456e8cbcbd0dbbc;;;;;;
dad516d6365b006e9e8ed60abd085d74;;;;;;
cac9d1eac37796b040abaa7195259021;;;;;;
ad7f6ea3e774d47128bf36eb5297fb0a;;;;;;
48b716f74b1de862cf5795b93f3f380f;;;;;;
b57f05bf6d5b0f51bc3a9bd9de639453;;;;;;
fab66ac8a11a7a8a40829866469eb52b;;;;;;
53e69f36f5ad64d12b779fca3e230541;;;;;;
88f44b7d52640c925284be849386d2e0;;;;;;
946a5802103f0c46394a56fc681ff776;;;;;;
00355b31bcf41f54271fda6ff7d33631;;;;;;
9467b906b63e13393aa924d3e07b62ee;;;;;;
4c5239d4ce202e06a4aad80aa22dce65;;;;;;
2f80155288b02f7680f241018cf5682f;;;;;;
fbd903050225ffe944ebe3fe9f9bd861;;;;;;
bd26499ecd763efc9e3c650674dbd177;;;;;;
df84bf45af2256d687acd02115f8c1f3;;;;;;
9e140e9eb5fbf72602bca7313d1f9663;;;;;;
7a0c77b38a0b18e44dbf0787ee07afaa;;;;;;
f5163dd219b2235af5d9923b67756dc4;;;;;;
613139e15ac1dbadcadf74e1ba73a65f;;;;;;
5db302ed6bcc14ca0d42f7f15b94b79f;;;;;;
48c20e9e54345b36c7f16eb4c45cda55;;;;;;
8706da3c57806a3f4313ff91801bb43e;;;;;;
19e1b70ca0ff99724b829f08e91ee970;;;;;;
f7920ddf6d3a8f773db91d41349c1714;;;;;;
a6617f321ccb92c018a6aac4a3e09160;;;;;;
df273b331ae5c6b6d5a81a830bc435a3;;;;;;
c396e0cd66293acb18760b3c99b6c171;;;;;;
5b8c0feef90e6b10c08ae3b8d0b179d8;;;;;;
6c288b5cb11c6844612a17a12526e440;;;;;;
92ed05162ca9c815ce7f8668d929970e;;;;;;
6e6035f5a341560f468c84924441713f;;;;;;
87871f2f2788ee185271bc5cdd70cd24;;;;;;
bec4d6ff938a468778c146b15ed7698c;;;;;;
c081c5f9c09de06a28349a28f88415ba;;;;;;
1c3ef35f4145a5cb0392551181f4987b;;;;;;
0247675fcbafa98e11792d4333ef31e3;;;;;;
c5b5bc9ad2ee5631bd28025b45dee500;;;;;;
9acae266aedac27f3e36307c7cf46763;;;;;;
2add106f642cc6c953d73bf3463428f3;;;;;;
f23342f2d00554742001337d9ee3e945;;;;;;
de398defb2c628276456145ac87711c2;;;;;;
240b58e4edabe319503980e9b1dd15f4;;;;;;
3087c7e3abc1bf9173665eb163988540;;;;;;
d944da0ec9c7e605c81524c73891a5c6;;;;;;
0eb8db1f7677746a57354b83192e2504;;;;;;
81acc311be263176735c5d93099b9cef;;;;;;
7055417025a86309822e097451754692;;;;;;
e3d9f8a7977fd62fe96e404d91b5f870;;;;;;
bcabbfcb59a9968ff3afedc2ef91e2ca;;;;;;
162785cc004f7e893273b0dbfb22f1fa;;;;;;
a08434c21bf1dcc7fbb4daa37c675381;;;;;;
a80e266d36d74391236a414f122b67bd;;;;;;
8113cd695ff3ea7b99a3ea217624afcb;;;;;;
f90412ad796d79f394e6f6ef14689f5b;;;;;;
dee8d6fe28105d1bc12f36b4f1ca2369;;;;;;
e3c5a7a2629516ef50e0ca1d482eece7;;;;;;
de3945cd752a679e459ed56ebb59a2cb;;;;;;
b590ff2f4ef40b619e901f5bb574dcfb;;;;;;
c4d4fd00f3530cd4e8e87d6372e2126f;;;;;;
c78ecc5a313a7f9f7f82c93525f992ec;;;;;;
28a62d11ef034ae0b1645ca86d68f3e1;;;;;;
d1f062a2faaafe8a0345878d011b00d7;;;;;;
e63439c9f60365955e813fcb4ea56370;;;;;;
425da95abfe40b40d219eeb4a08aa78a;;;;;;
2446c216ba60644998ce786b6db61c8c;;;;;;
594467fd1a0efa739646852b757a144f;;;;;;
8195413ef043469000dd6e506a743d9d;;;;;;
15703e8201e2cc79808d0bc1b6dae92d;;;;;;
cd0b34b5e2fd4b318a6b865fde05c6f2;;;;;;
5994773aac3fe2594ac664e51905d598;;;;;;
262670b54e68001daf6135fcce42677d;;;;;;
fb24641c2692a78c277ee49bdd515b1c;;;;;;
5f65f26248e97ae4d3d6085d4d70dc75;;;;;;
0091cdb64dcffb49dc3e6f10296b3ac3;;;;;;
38a408b4de5f68372a74ff3c2c661427;;;;;;
d26a6423d0060f1a6017bea03c7f4972;;;;;;
0de35ad2e7651c9ef78a3cdce8322480;;;;;;
e2f9da0008f6964099669312697175ac;;;;;;
3ba6f0b194b0277b27f29fb8a3832cc0;;;;;;
a54b61e224d7ba1e9f4362c74b6788a0;;;;;;
090de6fe5a91dc0f5a66e196c4b19007;;;;;;
8b3dc717a617b3cfafca3e85af3ba352;;;;;;
454d70154043de29df294a5b7c509b03;;;;;;
39306a4c487350133a5b7af0640d83b9;;;;;;
700bc03378869fc081558874af41cf1d;;;;;;
18c472d114a5c38d7be1caf241c64ce0;;;;;;
1df84fe0bccb98e2894d95271b9de2b5;;;;;;
26afbc01bdd9efa9b3ea3d47083923ad;;;;;;
b87a90b03970cc0ccddd4d5bb02178cc;;;;;;
f8d1dc2c4578371e28e5ea9f04ce2826;;;;;;
0f67df5f2acf099de1895afc1d8961c5;;;;;;
9f201fdf86a16c9187950d17d62e8613;;;;;;
dfd9ae9ca40d2ecf3ead1c1577912682;;;;;;
30a0d93e1eb661c458352b6af26f5362;;;;;;
377fb31346892b614e5066c6b532be94;;;;;;
566332743311a71a09184b8358349af6;;;;;;
80328837314d6347e92a4dab4d778f1a;;;;;;
2af28cd5b652a37f403ea9a0a02e8d2e;;;;;;
50ab8d94496a47d3a00f75b29b834a85;;;;;;
59e0f84f955e739e9cd85b5a1596991a;;;;;;
feafc2752b0be8c8458470b81eaba30d;;;;;;
d51861de8b56b11410cb406aedc24469;;;;;;
a97f53de829d7bfa9638d6ee856ea164;;;;;;
cf1fa7d82de6023bc034a26590ae1d52;;;;;;
a43c3bf023e640579efbd8a673b150a9;;;;;;
7f356f28d8b1e1653e9ffe5c8b547358;;;;;;
35faf4c1917c7881261eb34aa47e56cf;;;;;;
b08bbeb085248538b658c0bbbf27309c;;;;;;
cf8e330e123818e722c20ec11feec247;;;;;;
d74416264c953503e4d5cdb370be6a48;;;;;;
70a9d380f87bf12c1977ef1e33b6c63f;;;;;;
e7d3c6a44ff7b9c82d0fdccc6c0e65a6;;;;;;
8a3bb392881c3d5828531cfb97c894b2;;;;;;
d0f289e03eb43c4b9f1081b0e96850d6;;;;;;
42291870e06b6c6c66bd1724ba744f7a;;;;;;
25a1e8d7231786cf8a2919cb6ebc490b;;;;;;
3267feefc76c2686e00c05d6d4499d5e;;;;;;
9ccf0f53942cdb7bb281161455bb2102;;;;;;
33dcda43b840287a44067332801f6376;;;;;;
67768f7a46c5e8e5af05f4318158dae8;;;;;;
e23184453364e0351a81f68e7194b1eb;;;;;;
a54813e7916d1f099d59264257dff239;;;;;;
65acd9663bb3a38dfcf5633f24b3da93;;;;;;
9b117be8a9adebd2bc068ad333490aec;;;;;;
37636afd8c01a8df35135538681674e6;;;;;;
0c2e6a871a137240bd0f1a563bfea562;;;;;;
d67914471df691be1a00c2d06c13c218;;;;;;
5dfaeb617606217912a6112e693728fe;;;;;;
ca405a43a8c16bca6600fdbec7e438bf;;;;;;
ceb5704c6639bcbbfdec019e99bd6b87;;;;;;
ebb3dbbf9dfe4e15e0105d1ca4a7b998;;;;;;
dbaccc54fbcabb79ecb92d8c1bb996b5;;;;;;
60cc5e958677fef19979f139604f7cfd;;;;;;
1da8e5e7712e05a691c8fe0b9be33404;;;;;;
d141e394ce8f15a3a1eeacf587c6b717;;;;;;
a04c49dc1aa9ff794b6dbe4f92390dc2;;;;;;
032d2de819595aa375bdf8e107dce9de;;;;;;
2c0580da543ad98a44c26c6344407ee2;;;;;;
2fe03365d35b9382c21bc2b28e30077c;;;;;;
714c4ea9777f6bec688638aa7914ccf7;;;;;;
4c02282252bf00e5d9cc8fd2f8a30fee;;;;;;
1d73dd323b76f3abd001ffa7c5397353;;;;;;
f8241fcb5edf7203fe78bdcb39b41820;;;;;;
a50951ba8c99056cc9ab3d0a6031672d;;;;;;
3dfc48c4c99eee17ccf78dada200aefc;;;;;;
45f6b3d2060ecbbef49d083490ddd643;;;;;;
3f1a79125ae2e2021fcd098b6dc4f8b3;;;;;;
cbc0d680ddb30c8e7a3ccfff2141b1a7;;;;;;
fa4bde995655e78dcae0ce63d8226aa4;;;;;;
0202e267e72b5a6994b39d12e92cbfb5;;;;;;
0c4e6ec8d3a728f0048a78cb2e7aeeae;;;;;;
fd655203774d731020d5e96ea78ad1a6;;;;;;
d6f90d7d450ffce4f2880eb8b84e0065;;;;;;
18d24241377db9215c0fce8e8301c0cd;;;;;;
ed9c825e5e44c8c9175f6a73d14bb78b;;;;;;
5d5feb8733046d3f57406b68902f129d;;;;;;
37e61f8f8bfa559a5eed974343ee00d6;;;;;;
1108f881d5a25f3111840dea18fac69c;;;;;;
cd006f6869a8dd06bcaf57d6b372aca1;;;;;;
6ed5c83918e375dc9d71b54e71e8b7fb;;;;;;
d2235f43ab8228001f8b1c666ba2c3a8;;;;;;
0007c2c5a467db0fba5f3a6b62dcc0ee;;;;;;
4f156b174a1949557b07d2c844bddfa5;;;;;;
50ae1fc5e1f78d8b6c896abbbf5324b3;;;;;;
1d76554792512ac7c454be29076bf33e;;;;;;
5e547087b475811ec1b7a55f98a8fae9;;;;;;
2f2985f5dd13227dafba68a17a9771f2;;;;;;
7224f847db817de20e48117122770b84;;;;;;
3cfad699f78404f2613a064ef5d544aa;;;;;;
b32543eacf4dc0911694a63886306d81;;;;;;
a767ed6d9bbe980e73372f9ac3c04fcc;;;;;;
2d251c32061a9982d1852ff54d091ba5;;;;;;
7097e435c3895e516061c2aee7d633bc;;;;;;
baa92aaa0ba234ae14b4c7a7130046fa;;;;;;
b5f1e1858e29025c9d5d64b03212f06d;;;;;;
9297d183356181448d8997781915cfe1;;;;;;
76c80f57e4794f1f5c74443a9e20fa00;;;;;;
dca106b54b395b5332e4ca7318d03b32;;;;;;
5e654185e542f557259113dcee75adbb;;;;;;
c63bd209dd93254e61759180bd7673a9;;;;;;
a75d4e7b1d91ebb3541e3fcac7503d28;;;;;;
bf1c1f2b8e61f76e17bfe9c8b162f6da;;;;;;
8966c1f6198a4dab00a1d4538802aae8;;;;;;
88594461ee6b12bbf5a0ebd52f549829;;;;;;
b57dfd3ec1c256886b59c5d92695737d;;;;;;
2fe759b1b506266d24ce717ca24263b2;;;;;;
3f5d4b0375d4c53be7654169ce3df030;;;;;;
f695347df7e93df1295b043e4a91b9af;;;;;;
d0999959c49e5395becc37810f0513d8;;;;;;
f021e32758bdda746e769ac4b14f0510;;;;;;
0892859973d255a1e80fcbf62be45ad0;;;;;;
98fa6338135e9bcb6f2e2beb464b4781;;;;;;
5ad426b1854012e9baa5a1d352a1be74;;;;;;
9dd3ed3ba62be4b373b54befcd1f4e2a;;;;;;
c13284038db01889507d8fe6ed833cf4;;;;;;
99d4e740fa370bf543b2c074bd832575;;;;;;
4815642ff813e046a6e87e2073377da4;;;;;;
cf5bcbc666538064ca5ff16aa96f357e;;;;;;
59278ee8591daca7279f5458bb3a97b0;;;;;;
8d85ed009870b0c66e372fb266b50f6a;;;;;;
58624d960fd5c69d96277c7ba2a8551d;;;;;;
51531307e4b2f2ca72ebacc20c16751c;;;;;;
eb5145f03cb9779fb95e2377833d5e37;;;;;;
106f545eec76c8966aaba3f8166030a2;;;;;;
dac719ac0136e28d3890081212a91310;;;;;;
3ef9fefdac15a42960853ac7453fc9b1;;;;;;
9c0df04119aabbc8272b20667a67bcb7;;;;;;
0b3809f7eabf1850c174b02bbc08b771;;;;;;
8de5a1d9b45af679a2006c923a396ec4;;;;;;
e927a465bb016711267ec709dd39db18;;;;;;
0ede27ae87699911faf57c9e16fc3f16;;;;;;
046dde4f3ac2abdb88198bf120567c5f;;;;;;
dc8818b2574ce22eb428a9e1d43a33c0;;;;;;
1123f7a9ad9a8c6c26ddaaaf4dcfb3df;;;;;;
27d82edcf2a5dc2a1e1bff0a2b62f595;;;;;;
ced004e41cc344cca6563f45eef45732;;;;;;
2953a3da8432b18617ae0be08829138d;;;;;;
e1dd888947ed3ffc217b6b89edd9c4b7;;;;;;
eeaf6140887669872a9f4f4b5af1a8b7;;;;;;
b867531c5b5843b411b01e1ef0a8a40f;;;;;;
cd0c204c91c3e00eb3c4edcf56ee41bd;;;;;;
e1e579ca61d5bd73640d07bd03ab4bb7;;;;;;
b0c72fbaa6391ca16bbbd862c8fe27da;;;;;;
8f3787b4d785cfc6f8ead3d118a49f31;;;;;;
1dcf746358727ba7ea94a93d48d579c9;;;;;;
728ba81ba75224b2b34bbe8703b9e3aa;;;;;;
b88f8f912a640fa1a31185f6f4b775a4;;;;;;
3cd36b6e65aa13507457ed59b3c932b4;;;;;;
180e5ee6b0fcb65110e780f1c44a2ed2;;;;;;
4cea4a3b1c2b04a195a30aecda4df600;;;;;;
9cedb7c061808e2d2f342f9ea733df77;;;;;;
33e82e7220a10f25320012aa34cb1b89;;;;;;
ce7e39c9d4d1268693d54d34b5c79714;;;;;;
9251e7880fdab2fbb8c7ecf39d5a6878;;;;;;
62ecad89921ba43d36987ba835951e83;;;;;;
98527fbc1e62474bcc0819f4c8e64d3c;;;;;;
59ad7d2ab96e372c172cbb8cbc05dca9;;;;;;
2c796a4a36333c5a812ca34cf3b8c6cd;;;;;;
3e3d0090e022ec8b7deaa3e85f56ff80;;;;;;
95d970a83a9f1cd3323bd3f4edcfd828;;;;;;
79719f2bb37d3baa8d34acbf9d6b3bb8;;;;;;
7e0b3467bfcffd20c3c6493404b30392;;;;;;
9338835fd07b79a9c21ca3f29189d7d8;;;;;;
049c5b2d768206b2b3cbb55df9596e4b;;;;;;
4bcd7277c4916000a220fa6a5c60587b;;;;;;
cb2a2304a584b4c525ade95ac1dfd9ca;;;;;;
97962921b222f913947e055b08812f39;;;;;;
e7bb5b8a99c55b6871da1149addecaed;;;;;;
01a9499d0923e8840e17d360a00d417d;;;;;;
1ce7787a0674147cad95fc8c058bde86;;;;;;
01132d9443941d6eeff5901f4babea60;;;;;;
1f25bc9e9385b2b57f2295b1863af116;;;;;;
c8f18c3cad694545d60310f341bf8a3f;;;;;;
fcd7886a5f2852f6101650131edd6494;;;;;;
e52ebff217ccd5f891fba920972ea8bb;;;;;;
78f6d6319e1a09591501db5a2aa52032;;;;;;
86c365ba16daa6b2185d61d535dbd7eb;;;;;;
2b41eb36f0dd2a23c45fb5c542b2d520;;;;;;
9bcf5038c5c97a76d9f0885282b89f51;;;;;;
7838a17425f84a507e3445a6368afc93;;;;;;
e5c8a736e9bc8e2eca65d13011e79947;;;;;;
ccfbef986b2f319d18a8cea5ac1396e7;;;;;;
9d048ebb880da44f517b5e50864b0e09;;;;;;
d6a8aab176d8b615f76e66243351630f;;;;;;
68ce697d3f1fabf0428dbac008653bdd;;;;;;
1a7e8e48ea727dcc62dd25c7bd02a268;;;;;;
f70b62e4186551f71ae616fc83facc0a;;;;;;
5834dc65b2c41bdc2088b74d543b5139;;;;;;
e08618cb11cbcd5873569f9fb0608475;;;;;;
a8287bffc90972bd2aab3f7e549d1980;;;;;;
8475f9721e288183f5447950e6f3ab53;;;;;;
7320171bc3a27d8712ae00df06402363;;;;;;
7ea8d8b832a0da0a2222d843857e5368;;;;;;
40d3be6685d20ed072a41b3e3f3ded94;;;;;;
f856fb511d22726360721730ca2a99d8;;;;;;
70c2699d909c69942e16756861eafbc5;;;;;;
cc106f6a7f085d7f1e53e34af2f1d281;;;;;;
8d6416727c0ddd9623d3a648974a6959;;;;;;
ba494f88880d1f5fcfd4118e76bddc6c;;;;;;
46026a189418682b9260eb8d350320ff;;;;;;
7ef7aa7e125afa06af160fbc178fb7d5;;;;;;
7d7fdb65ad0ca54699281a734c88a7c7;;;;;;
61da746e3012043fd661ceaabad30fc9;;;;;;
f85b8d6844ca6c9120ab5c2fafa72247;;;;;;
94ef78e16670aeb1a68147c46764f28d;;;;;;
61f77fe91551e8319fb7f6ae33054043;;;;;;
cc0dcc0bee2288e8b082d877f46550da;;;;;;
df1d6ce3e716f8dfd955c78c6beb8978;;;;;;
d8359fd68da56fff005aa02f87a36e72;;;;;;
e45ee65452e755e4472f8a3c2adeaabf;;;;;;
f30b1a6504e6f364bf08558751d6861a;;;;;;
9bf02aebce6e63709046ec713ed22a57;;;;;;
605b032afb114003cd251f83639f3fa4;;;;;;
2ca7d6532b811ed77df238515bad5fb5;;;;;;
b683148e06ad12c28fe9542e5d3426a9;;;;;;
6fdaed11287c45ab026ddd4abd858764;;;;;;
3927b3eb8f8a8befb6ace4dd0df18b07;;;;;;
43f03a8d63d1542e70cede68298ba0b7;;;;;;
38393c46b2873ce3a7d31305b236cf88;;;;;;
412ccc9519f1c0d16773914ecaa0562b;;;;;;
08941c1af70abd8f3662621514061a6f;;;;;;
25bbdbca667aff7279e162422f8088e7;;;;;;
800984c9fc871a7334c0b589425fa7a0;;;;;;
24c0f18c11e9812e3eb576b42f2d6ce2;;;;;;
758541a9901fa0abd5b9d3fd56fa4087;;;;;;
f4f051b01e364cba4341ae4bfa313abe;;;;;;
fdcf9e49c5283660b1b21b51325241bd;;;;;;
5da97aa35dd69b6f63a4b731f0c989f2;;;;;;
7b8ac91c3c2fdf3205fa9a008969bdc2;;;;;;
050e41fac5d3bb800598163904044ace;;;;;;
c8a14fb6692145e1e87e52ea0faed686;;;;;;
71fc7b2acc29a6938c1fc8f65bf42964;;;;;;
de4da9acb0c5756b3be38a4382275aa1;;;;;;
c5b41b8210c9af614e44d5705b3a1c59;;;;;;
7427e72df0f7655212f2a384d07eb464;;;;;;
6ec57a0849c4b0af3caae3aa1b212805;;;;;;
1aa4f349c82611c29d310fcd874d7e29;;;;;;
656a93d084f281d16ca94b7c9ccc9040;;;;;;
b2936434522d3a78e854a08ff4ee73bc;;;;;;
051d691cf440d7ebb32e1737c9bf588a;;;;;;
4a6789226cbe5500beec26984b9539dd;;;;;;
21cbf29cc37e29f8ff67284aec595d0a;;;;;;
fe3f3d225a2ab23279469459930760f4;;;;;;
38f4d11ad6844ae911da90a1171ca9b8;;;;;;
bf05ad8a30929682ca7952c4de9f392d;;;;;;
236b4a9caaef058eeeb873fedf253841;;;;;;
9da8de5f878099fe21f64bf0d606882e;;;;;;
b6545c8908b187ce231fb446f3ca34d6;;;;;;
196c75890d124a71e2a3f6aeb7746971;;;;;;
b55fe9c6e73eb2f6181298adb9199194;;;;;;
e484dca2b152fcdb299b04aa7b4afa04;;;;;;
89ba9bad047f26a81dd3ae994d00d710;;;;;;
235890664f0dccdc5e7db00c4d7839bd;;;;;;
f30608dea48a86764c196aa7e3c2ef87;;;;;;
272816104690307687fd8d5b05141aca;;;;;;
c957a73bf44aebb9eff480af5bab5078;;;;;;
f1fe190964469fad5bef1bd699e7bf33;;;;;;
10e160575edd808f1557a6ed50199f40;;;;;;
b47c07bc6eae3187f83c69085c8b45df;;;;;;
9fa33fb3a73eff97b768c885cb198697;;;;;;
81c4a54013b2279e9244f66353cde8cc;;;;;;
ea86903fefb0b3fa1bec51b0b572ca96;;;;;;
2aba2e79b2c5b8a52487913f3850bf62;;;;;;
8c173a7ce517c479a955ba631b434001;;;;;;
757722c0a00ece5be7ad9f75c8104a6b;;;;;;
8c095a8ba1b3300211bf4953e99c8177;;;;;;
89f93608c3908e7177b679140fec37d0;;;;;;
8aee2d5c23888264abb83ce091f0acf2;;;;;;
13e5098358b1545158f7f54aa28e1203;;;;;;
96d36e87db82b679a6c5a0a2d416b228;;;;;;
50456ca18bb0bf9449606f05d574751d;;;;;;
8055db67fce4c2f1f6baaddb37ed574c;;;;;;
6504ae486340605ecffcd400ee49b525;;;;;;
0d2bdcab443164986f7d1670d30314eb;;;;;;
79946fa16257c7d8e0673c7a77f2f596;;;;;;
ce735ea00439cfbeb6f4dcf49ccf7eb7;;;;;;
475b99962cc21480787b2f807c62e30b;;;;;;
48b584cd5775120cfccabafcd718893b;;;;;;
90b5018ba151ed910dbb79b8c0470bd9;;;;;;
7d1cec3b912651e75c78c8fd7adbcbf5;;;;;;
02b495f0736f465f3bdcb212da34c15f;;;;;;
9d4a19476a9bf937882dc8c7fbc7344f;;;;;;
c5184f78a9cffd311209cffee8941fb1;;;;;;
6447b6ea601e2ea843f55e30dccb3000;;;;;;
11cd38a2ee32d07acf894a6c446a487d;;;;;;
6f0645b6313abdca719fd0d2ac1eb3aa;;;;;;
ddb817e20b9098dfde2467c7eb566e0e;;;;;;
0507f528cb426a24f0e398dc6347358a;;;;;;
eb18d245497290fafd8a531474f5712a;;;;;;
64a9cf75f9ea71acfd33a598c478cf9b;;;;;;
ee60e3f6b9efc9f2821e2237d6a5960d;;;;;;
e798942970de98744be04a12ae5b25c4;;;;;;
dfefe918fa229de263323022e2cdd63b;;;;;;
4439d59618c9daa975b98429470d7c67;;;;;;
7079af8aa12c60ae062408b5a36caf1c;;;;;;
7172053bcc1a35f8ca5a8806bc9717f7;;;;;;
d5617a40722639be27c8d0be5b64c216;;;;;;
b9596b449661ec1c768f4e6021a9b864;;;;;;
b5fee40aa2f15c001330b0b8231d9c46;;;;;;
220c4e29b5293c238eb472fabd53898e;;;;;;
b028c5d3fdf91009f8204aab74102f46;;;;;;
255442052ae98a9a0ee554376c471a24;;;;;;
01cf1615969d5881d2551c8bf5cf8fef;;;;;;
653ffe16d0f1c9fbcda02a1f3473f745;;;;;;
ec887215085020b121ba8778f68cb643;;;;;;
44034538c412dda9021df103333cac15;;;;;;
d1471fc909c800c3ecfce00d6a2c53b0;;;;;;
34f554e821c8d6d85882237912b2b670;;;;;;
8c591fca3110c292092faa7c972fcd2a;;;;;;
89edde9c6e43c4dbebc7dc74a9d60749;;;;;;
7e64da56c4134fc3f2356d474490a9f5;;;;;;
8edf13915acee22393fdcf1279fa1251;;;;;;
f8c9e089b2e74b9287317c60e66f972c;;;;;;
21ebe0c99227bc0fb995d215db5f5e3e;;;;;;
b789ddbfd5b41f574a82aaa03699a078;;;;;;
6304be8ac42aa2b0e234d675bf0b49f9;;;;;;
6e0779fe787f2f8f1862a61715cf8c7b;;;;;;
327a6f5f2e0f5192ef7eadfb358dd65a;;;;;;
fcba935f841244c4a4045dfbeabd64b6;;;;;;
0b90b02c015de3d8b19707a2b68cb39e;;;;;;
00ca2e266537e2cdc224576163e9c12c;;;;;;
7d46c32d713448a65654bb6f53385de0;;;;;;
7c8b99e5c2e8d3bb78de83ddd30b65dc;;;;;;
1984369ba2b023aed8fd5b149ef73220;;;;;;
53dded943dc2b51f7d18df330127c0c2;;;;;;
4d03510b4b63186fa5c8eccc4a1f4b1e;;;;;;
7c6db95466df7488c53a3eaa9b3c13cd;;;;;;
8d294007a1aeff99f4a552e2039c9f1d;;;;;;
70dc49626da200573e8231530b959a37;;;;;;
0eaddb2ac1bc2e0c49ca2f0b7d7d453c;;;;;;
71411ce6fb9ea2fe68de91f2de52c6c7;;;;;;
b99cf32b31b0c33c9409097d617e252c;;;;;;
79fad644ee0f7588f6fa145f8e10a456;;;;;;
67d46248894a2ca6a10f6e45a80cd8c4;;;;;;
0520523a51b7979dd337d5da1843a958;;;;;;
39ccba9c8ca84070dd317748e9909173;;;;;;
bb250ee7daa3a5c27e53daac894632b1;;;;;;
07a9d286a2561d920d7cd51bc1b11088;;;;;;
80eebdb56e77fecf2932438f50236c26;;;;;;
2ec766dc2cb180b5918bfbada133534f;;;;;;
f81c532e6d540e9fa856bcacfde7c722;;;;;;
baf5572732b2ccaa315b57d3b867eecd;;;;;;
e58a6ee12d6c5db4102926d40101ef84;;;;;;
2e23b60d568e9909235dab8e8b3845cb;;;;;;
edd296fa3e3e9ce9ae9706f5b6f6a247;;;;;;
fd2192964cfdd55d67112db1883a2a2e;;;;;;
dedb42fedde74f9cc3d112b511f73f02;;;;;;
e9198dfe74769d0437e6e865dc3aecbd;;;;;;
2fb7388b4896fd92a7db59aa534d4f6e;;;;;;
e5fd220dc4aa50fc0827372826806c69;;;;;;
7e228827cdbd997b5a337480395ea511;;;;;;
90b1d43808ab8399de5e5665aad26049;;;;;;
ae1a744eba4a7907bb79ba460bbd8298;;;;;;
dbbbc05b696ba5369e155e6ae6ead83c;;;;;;
4d13fa8e8b25aec18363058c91522bce;;;;;;
adcfaae07aad03626a647431aa4f5a73;;;;;;
3edd776a770c1acb8dc28c5a960c45a1;;;;;;
5df6cf4e147f8bacff6bfb166cd99481;;;;;;
2c5c917f55320db2005cca765aa22bad;;;;;;
c88a98518c52c1124d7cd5042c6bcca6;;;;;;
9bed903381a423d5d7174a91ea3c3ebd;;;;;;
ed621047cea677c39624ab4667b28bc9;;;;;;
e4500286bbd9d659ad81ede8657ce49f;;;;;;
ff56db66ddba291926a4a902dff02841;;;;;;
61f75582e08eafcf8607a2c2c4e6c889;;;;;;
d6358cd72d2896022e5a695fc5a39f26;;;;;;
ff0f4116bce25533d24d979c554128d2;;;;;;
9a33f71706271123bcd71f6691cd8646;;;;;;
fbe2247e2db75329f2aec170cc55a6c5;;;;;;
81b889d0953bec42bd38957fd29d6bd0;;;;;;
f8d498ed4e259f40a40d26aee00f8951;;;;;;
26127a07c7852f088b735e528c08b2bf;;;;;;
ca6c7c709d85f6257a3da74517491267;;;;;;
823210380e0159048440bbb9abc53ab5;;;;;;
e4e2bfdb2ed2b3d4cccfbe951b6d23a3;;;;;;
985b3c0593157a058f9d1968a22837f6;;;;;;
7447bde545750cf1eeec8c8f7738b0c7;;;;;;
04c29b80181e4a58dd9988dd40cc950f;;;;;;
63bc67af23281cbb5fe0d3356567b774;;;;;;
e073e7b1d0a546a636ecfba96c76cfe9;;;;;;
9908bbcbdc19ec9de8721037c64a025d;;;;;;
e838308cd00d221a7b45c9ab329de481;;;;;;
283c5bb91bff328ff4fcb9d20f46b7d2;;;;;;
464763bae429abc5f63770844a1d5171;;;;;;
bca62ae132b596d78c0ec1021a4d5fc1;;;;;;
1cb302b7cb02365493e6abb0565c5d28;;;;;;
dbeb5963d6cbb38df753795db76ef20d;;;;;;
015f0fca8b77875b3534c058c2c65b3e;;;;;;
963eafdcec836e36804a472bc7727ca6;;;;;;
1e6f6d05b480c57ea2902eb13d76c385;;;;;;
6e83a00c4134d8f07b53aeafc59661de;;;;;;
2c5f71095d1ce1726dc1df027fd72179;;;;;;
ab1dfbad03471e0a7962e7c02833dcd5;;;;;;
90d231e11c522d2844bf669ade265ae2;;;;;;
14af92baeed4b2e9828a8456bfc254fe;;;;;;
f2934b25b11ada44067e5cbbe97d8ef9;;;;;;
cb6e8120d443882addbee83b553d43a9;;;;;;
13d4435ac6fde371a52e612b3cc2ee2f;;;;;;
8217c67d3648695a8afcba7629039b64;;;;;;
ee1456d267e34d3253c0a0611836a6b8;;;;;;
ec41c0436c731c02aac09a9e3da7ebc9;;;;;;
ac02799b32d6becdca5881db57f0a145;;;;;;
96a8ddc97ae4827e15ba12a1a17ff949;;;;;;
47dc0453ff7d077a54a9b8372de802ec;;;;;;
b1fd96df4b04a12a46342aad442bdd5d;;;;;;
66af0f569b60add8a4b7bc2e3351fdf1;;;;;;
e4ea6c8959441876c351770e98ca40ff;;;;;;
76cc4da5d526e379098fdbe1bfd883c4;;;;;;
f36050e25f724a9b7cba536d0982e981;;;;;;
ea79abb658478411ccd5d2914640c03e;;;;;;
f58966c8d556fcdd6dcd1917ed3b2031;;;;;;
d385c49ceb33a19b38d829ecf2df3c24;;;;;;
6b9564890b44e1289bb6d206681a8caf;;;;;;
bcec7f9aaf998f9c38a8306f63047b80;;;;;;
c56b7fe3127e80d166c219040d0976bc;;;;;;
e4b94052dc360d1d2b9c6a130a123283;;;;;;
0b36cc7ea4729bc247ed4b1040c56d1e;;;;;;
d6809cb4c552b866ec07b138fa6c9676;;;;;;
e7c4f137c695e9e514d7f055ce845468;;;;;;
9293e4d178c8acde90b617291be2ba7d;;;;;;
451d303ff8fc7f5010faafb90d6520a4;;;;;;
b1c3d5e619de10686a8daeda2e34c987;;;;;;
b8c4f3e8840bbc1cf81c12215ba582b0;;;;;;
95824abee83cd490bf6c69f2ce46a076;;;;;;
0b743cfb50eddd0c57bb5046988e7be1;;;;;;
403f56307ad8d61fd87b2f9fd942a40b;;;;;;
0776daffa172fe0309d4e1d47cd7fe08;;;;;;
897421cea88cb98239e80d897dde3352;;;;;;
8f620c3c5ee5ca8d051ed28d63fb6cd2;;;;;;
1cd1771eff52c06ddaf29c1d6a529f2b;;;;;;
d7f83bb01d1977ed40cbaee0e4c52785;;;;;;
f39b4c548232930f8f57050917355b48;;;;;;
a55e0ca2d4ba9fa93a5522165b13ddb2;;;;;;
63d8e14d64a3eae0926c4b1ad3a57063;;;;;;
a2561c5f216a9c41898fa0cb3ab9e1ae;;;;;;
62d06ff84daba3bcca2b72c644b4a683;;;;;;
a188b74e8fcde6a64e23692a93d5c96f;;;;;;
7f26f9e010e8a4cb24bc9e6224679ad3;;;;;;
8abc60c6ed02ffe14906e496bac08345;;;;;;
112074ab62fb243ddc61a0c65da20b19;;;;;;
d5c7cb0cbe93f7e229052670a46e731e;;;;;;
8b13f5fb01dee70606ee5edb7b8791af;;;;;;
1e81f6d4f810ae3554a3f125f5986b8d;;;;;;
03e059c17637cf7c3e817908689e48b4;;;;;;
0d6d38afcd3eb77d2fd61e355ce232a2;;;;;;
8547bea775ad8b5677acbb960082cfd9;;;;;;
a0d1f5d2776e914c18f7980ebee1742a;;;;;;
30c647388c91f58d13b5374d76e3054b;;;;;;
2573e6e1b64d78c210a1bfbb4337e9aa;;;;;;
53e1e77eb96135f690419e9e65917c43;;;;;;
77123ad47ba502d6e7af0ccb45814869;;;;;;
fbfd6ad627ae2c3bd727b84e06497448;;;;;;
14a5d9f11a27daca795cc5ad48e2e219;;;;;;
f53d3405742fbd4ea66f077fd989a376;;;;;;
4916ef3dd2a72d5ad2191490e9068c45;;;;;;
fdb67ebdbe9f6f25b2844e620283ab66;;;;;;
aa79ad591cd6aa5aafd0b4fa54c61c32;;;;;;
8b230c7a14c17067f033d5bcfbf4a0f3;;;;;;
479e6fb70791b927eb34191c501a06bd;;;;;;
0f7fcd5fab7a6a38eea279a7e4ab9685;;;;;;
f8d32ad8cf1b23cb401f1c11bd8a59c0;;;;;;
dc365f18a6479fd0f3db4abe6485b238;;;;;;
684170b43ca4f91e93f14f213cbfce42;;;;;;
0889cf71634f0a796dab5c399d4ad2fb;;;;;;
47d185d652f8e443912f445072bfde51;;;;;;
2fe20384be31a38f3d23dbc257e075bb;;;;;;
f7a63e0ce13a6bd898498ab809b3ca93;;;;;;
cb72f32ecff844b0358b5cae36406981;;;;;;
7596a7e28137c992d9c2a2d37d94af96;;;;;;
93b0b3989d7a9ea85d0a699537f5b12a;;;;;;
54de7f3832b5e0ddb10ec93bdc85cd31;;;;;;
16110dcccca0d31d51d30ac8636b7188;;;;;;
7fc67084698509d0c273c3ee354f4f2f;;;;;;
5aed6dc216e918f43f96b3e55847dd32;;;;;;
14eb48e2155bbe0dc9ff2fa57ebcebdf;;;;;;
f476e063526fa473173419a08be5dade;;;;;;
29fb034714bd44ce951116e1feae54a6;;;;;;
15df77e940b5295ad73252a994998f2f;;;;;;
c33fe7a3e9a815b2b55b9987dd0829f2;;;;;;
55e44e484066633aced056c4e67d8a40;;;;;;
3aa7319b3a0221ff5bb57ba62ada492f;;;;;;
2263c37f0782985a997d410b999f1639;;;;;;
3d7a62be1efc2e51577f8fced35a7dc1;;;;;;
def9e262d587ef0483531eb5e85a5730;;;;;;
ee97709efc8bffa07f9b03788d016524;;;;;;
c76642bf889bb82a8f8a968748c5cd00;;;;;;
637046359ff41093d7894456b0c87cc8;;;;;;
485ded74d28075434e53cbbe0e560ae1;;;;;;
49e3a2d2ec8baa11a4e4bf4f7392e3b9;;;;;;
0abfc5da68e61999fe2b63e4b59643ad;;;;;;
a052aeb963dfad58bce622ff50f2dce8;;;;;;
2890fe014ee95d9725fe2a7dbdcd4974;;;;;;
fc970d8a739d9b3d4737407d213795d6;;;;;;
967fe49ef2a7f3c8200e688390631a00;;;;;;
0a8f400a76b61b5607df19ebb7856d72;;;;;;
ab6fde83e5df56408c12622588951237;;;;;;
9939fa3592abf0778d2f683510b4fc09;;;;;;
7b1925b193140250bcf7cf273ab5831f;;;;;;
e9aeb0fd24a148d4ecaa63f4a516ab8b;;;;;;
e7ba6c38fd0f5d9ee6ce7bed3fc5d34d;;;;;;
7426428276f554dbfdbe5ca143db0aa1;;;;;;
7fd6a737b2c9273ca8f51c0bfdb54110;;;;;;
02fcca74f1b362be2783eeab511752b0;;;;;;
e20f0005fe575bbf4162f31457969475;;;;;;
2a07300547d34f303b843f2a571954d6;;;;;;
5c5d0d3dda3e3a90d145c34c522a5017;;;;;;
7957359ad033710d726698e782735280;;;;;;
89a54db50a2d97b654bf71f67a1e4ce7;;;;;;
a780b54d1a6ce7332a8d141bad2a9c11;;;;;;
e0ca99524465b5b63c72f128bbb90844;;;;;;
7aceb0ff2186f921778d8ca924b3098b;;;;;;
ab608bb01b730e4d0934637188310423;;;;;;
c60f2eabfba3f12c00a8348908f86b1b;;;;;;
ddf8ab3d7a589bdc778c16ab2acf4887;;;;;;
af99a3d8bf5658fd447f0d0b4640e9fd;;;;;;
b15512ee1812ba810e607618c254bcad;;;;;;
e3cb83f02f0a22d412ce3cd84b72c7c7;;;;;;
dd56c50f30833463efdec54f3ab11914;;;;;;
0d51ffea6354058fe120a31b7dbdcbb6;;;;;;
690c482241df38da35506b372e957f07;;;;;;
e2a34f5f1bb2bc11d885d0bcf69c26c2;;;;;;
da49a8a0c1b22e83234fbeee0b6e1731;;;;;;
58a33c1213594bc6dd638b5b8a65ad67;;;;;;
b1777fb07a344c5880dba5f4f3c8b43e;;;;;;
4e9a0a6953057ff5a65df4c4643c2761;;;;;;
732170b0f038dc1ac8b22f8b59dde5a0;;;;;;
3e732c58ab7e494c1a0db76c9df45621;;;;;;
39ee89ea2c48780d1c550efdaa18929b;;;;;;
b13501630daf837b0b82eda8b8c97f10;;;;;;
a9383c286ea13bdb2a91f8685c5d2aa6;;;;;;
dd6249556d55adf32e25f07819822bbd;;;;;;
1df931b1df4470859f7c1db9d5381a3d;;;;;;
4d7f3db41a4e2dd3d75b2ed3a8094536;;;;;;
b176c4962567cb46b5d5ddbfa900df18;;;;;;
455423767db093f860aee9568c1ca5ee;;;;;;
8bc2fc00765e75bcfa9d92c85456d96a;;;;;;
ff9195e7794c13b54e31e76e9b22672c;;;;;;
117988d6501ac65a99f9a61f9ab304ce;;;;;;
4f377842f403b0dc4d83b0c353fae70d;;;;;;
e9936ad350267c096f5608a02698a440;;;;;;
efc783d320567affc1a89f21a0cf46ff;;;;;;
2b29b875c24f08fe5d048db810500f2e;;;;;;
fe7378a9215dd137b2b9b87b60cbb04b;;;;;;
56d46419b949c3ec4cd4d58158c73ebf;;;;;;
8a44866df904e7ec9a27f64adb3d9ab0;;;;;;
d74c68ed208b5cc9c13e0946c16b213e;;;;;;
d718c80078a2d63efa29e2a7e22d700a;;;;;;
818e60c5e903a370261676cefcbb16bc;;;;;;
8b0a8d860b710eee5fb239b997c21f61;;;;;;
96d341b0c219c4bb75d13bad7490e3fe;;;;;;
8f1dbd071d3914080beb1576b91d43a2;;;;;;
9bd21bbf924be4981284f9190dbfabee;;;;;;
ee063a8af8034d71b7ee6c803f0f39fd;;;;;;
0c663e420654d13f9e1cd059fd28a211;;;;;;
5ec7e23fd2d3b0f7a08f50d4d7cf1f4c;;;;;;
e45546fd0996c32d8030d683e72f0303;;;;;;
9936b53ae039c1bd479b4a2335a2b225;;;;;;
3fd6c7dba9a19085b5c748531a8993c0;;;;;;
39edd4c2f6ab790afcf6c4d86950205d;;;;;;
417b696741f951f5f13bb0e964ca3290;;;;;;
42d427a44b6bdf128c422bbd41a7a3a6;;;;;;
1401bf333f8bf54fc430c6cf699f4c4b;;;;;;
03024077dc24481c66af4fe5e6c7663b;;;;;;
6e3be4dc231a66a90b2c61389ad28c05;;;;;;
89257e123c7a4b454eb6eec785e25eff;;;;;;
3663c7c923a05f8c75959af11708cf9c;;;;;;
8aab5547c90af076b64d450a523bd8f2;;;;;;
b38308c714c5cb6f54912213fd74e705;;;;;;
f0003bd653f188bccb5f66631c6294e7;;;;;;
d465e378fe90c0dc5f6a1b95deedf660;;;;;;
4220592613a79022a3677d374b5c4e17;;;;;;
ccd99dbc0bd73073f3f3beae19358272;;;;;;
a9dfd74fe4d0d169c4537947760b0e7a;;;;;;
3abedf775ca35f1c3e4b858121aeccf2;;;;;;
b840180bad9bb61190df3440d9a0e8a7;;;;;;
dc7e9c26f43daf208e1a12a773e0f54a;;;;;;
20537e0a3fd873ff533c2afc12a78176;;;;;;
a3ae55c970ea1ba55c19bda20415c892;;;;;;
6ce3b4253c16853985d0014b82966230;;;;;;
a58ebfbded545ebc2bfc466cc40de01f;;;;;;
316324b903786948de726407b1dad653;;;;;;
3083ed5c8ad8c5654440e7d054c0f0e5;;;;;;
880ce073254a1b44f3b2f7f527dc1646;;;;;;
28f73adcb44521a0cf635d7d2cd3678d;;;;;;
b3692a1ab0d4547ab144e4ee6f837a3a;;;;;;
3ad150eb146db1c1a4792b826fa05268;;;;;;
0f3a18c379a679d211d0c97351718ca0;;;;;;
ece54e6148d3f55873749086a6d49bad;;;;;;
5aad9218548d1dc84a5c8aae626d0ecb;;;;;;
c571075238fb3f288ce45058e699debf;;;;;;
1ca8b0a3a6f66866cb51a7b2eada3e16;;;;;;
92bc4f46f71ebe78f2611d6410f63dea;;;;;;
3081d7e4e620729375e376c7cae0df1d;;;;;;
14acefb5c959fcbbc65a8dba4b5b1dd8;;;;;;
7b3f7869b6665ca5f202318df6eb64ec;;;;;;
9e00830747e4b4b02a5d0ba7b1c2f7aa;;;;;;
7342f41b9b1db6f0159700c105f99fe5;;;;;;
cae99812e47b4d1a11d31e11bd5ebe74;;;;;;
a6c40bdf7476a8a420673f7293b1811e;;;;;;
4da7ce748cc462cafcb1bafc86f40953;;;;;;
0e2f6f5bbad2a1a4e30c5b14f65e34f8;;;;;;
269e63aa7014fb078c2aec30007e9603;;;;;;
50c60bd456b8adbb9fff8f456854536c;;;;;;
e81b5e66e3bbc9a83e462e0756fb28d4;;;;;;
e57d197ea8148a5123e9dbe9732d8b7f;;;;;;
6902c0cd82419315797bc3dfd2b9d8e5;;;;;;
3d8534c239b5e0a100a03ae1d67074ee;;;;;;
2a2a0d96d010ac15604125b3e9d0aced;;;;;;
fe682b12a3e6f26bfbb3efb5e4974dce;;;;;;
0153116fe194bb6b3459b9de7a223322;;;;;;
fdeb145c5f821d029a687d9e2bf9b095;;;;;;
acf25c2f8e042ee1fc4f43bbbc2f4c63;;;;;;
cefc04f5d87708addf036322856a2a81;;;;;;
1db1185d2796b87d9c53d17bf16859ed;;;;;;
2567d527e6f50b6cf8d7dd80ea07d3d7;;;;;;
900e9c58a4c01ff5e7b5d19d474f1c97;;;;;;
51cf80e95b9ec8f745b6cac1c7216ea9;;;;;;
b40f47004c2291fcdaddb941b4f0ae8c;;;;;;
1d4a333c819ddf6eab550b777138a424;;;;;;
d8401b653faec18237cf7882e2acddce;;;;;;
795b87d11bf351f70ac148706a9f9ad8;;;;;;
efaa685951ae9c7008d71d2ec73e6f12;;;;;;
3b016a81eeaf35680d4547196b5fc6c3;;;;;;
1bbe5ea38e77e91e159803729341cc88;;;;;;
c1026211b2aeb2fbe5af0f8d3b19c2a9;;;;;;
78914fc5c346d7c235b4e2ae5ecd83bf;;;;;;
7dff0e0ec18422fc09d48178a364296f;;;;;;
bf1b76b852249ff0705cc3e7c53fb704;;;;;;
dbbdea152cf7a36d82113315e8062ff1;;;;;;
f9ac877688e6d0b01a9cdb665dabdbf4;;;;;;
fee800fa4cd5841f0f8e218a3f8355f7;;;;;;
b326b3ba2ad129948809ccbb0fc36f9b;;;;;;
93925760c7dea5608d6728cda220b5cd;;;;;;
c8fd1c8417036d752249cd70a4cd92c5;;;;;;
0238047a67721d1507dd9e74c6d96e31;;;;;;
27e4ef796f3e3fb5722dbbaecc037982;;;;;;
179410f581537d4113badc47bd4fadf1;;;;;;
c74d3799579d8015d0326f941888c802;;;;;;
ad050a4ac4b815cecdadc8a7aa68e628;;;;;;
46ec971ae1d56895dcf019fd800f4874;;;;;;
ae1c40d382f8cfc47a6649d6c74f97e0;;;;;;
4a5ea37e078e7353ce2d1239026a85e7;;;;;;
8f55a0dd9b789d26daf22bceec6d99bf;;;;;;
be6128777e106675c0c168b0370e599e;;;;;;
7f8f6d33e0c2d77df2346b177df5a0c4;;;;;;
d43deb70890b49da725db749bfe30bd5;;;;;;
885e4c8fab746dceaf4733c407f61382;;;;;;
363a17af254c53b877b3270b76c1072f;;;;;;
ae0ec47636eaff59513a9d91e6ebd9e5;;;;;;
f324618da5988f3c582ddfd2276c064f;;;;;;
6231e75282ff869a8d58fa34df836d9c;;;;;;
450b23e3574c7d104e52496d8f60849b;;;;;;
05d4a8cdcd1d0abf1dda36ba19217954;;;;;;
8f0d54e3252a5d290c98989cbb3b8c95;;;;;;
22dbed6ec1af03dfa9b99bdbc2d979dd;;;;;;
6d0df2e373140a786c68809532ae1482;;;;;;
360746e99d82f9952eaffa32382987b2;;;;;;
b2c4d377a513f60f45e3f9d286f4761d;;;;;;
7232df52e3cb6c732ac04e5c939fd2e3;;;;;;
3a0e3883cebb0074c0e671e9f01a3940;;;;;;
e2747426116887afe25b93f637954f2c;;;;;;
65f40f484a91f4238f79072433c07fac;;;;;;
d80114d7757798c7aea81127dc17de3f;;;;;;
60d1cabb8b598da980bd7495cb105d8a;;;;;;
526a7ccda1a11234c523702256e2ecee;;;;;;
e11ae6cb9b5f956bfc47f4e4383f1927;;;;;;
2e581a9ca61810b3b48ea0d6b9903055;;;;;;
c0ef49ee261566ca01207d5857c67362;;;;;;
4cad856151592637750437d511245c36;;;;;;
96ca3cd90abfb385df555fc2e9343704;;;;;;
f45f72549f14d11474c503d645626c58;;;;;;
820acaa45731301d480e386885b1ec12;;;;;;
4c054cc4d344f0c74a8911bdf308e503;;;;;;
a685f6358ce8df729a497b7cdcb1a238;;;;;;
c3546b75f1c957f65a4cc759e5164a41;;;;;;
af48e3228e8632fe7b76a1a7218bc878;;;;;;
18e0298d5af81ed691a88a7addbeb55f;;;;;;
d5ae72e801bffa82445148d16f58b203;;;;;;
05541cbae709bdf949addd11e1c4e997;;;;;;
4f8151d0fc3c5f1206e47aa3e0dcfebe;;;;;;
78e80c05a9b3fae9331c778dfcdf9049;;;;;;
695a4213d300ceaf4624da211b6613e5;;;;;;
530f9007a4c40f9056fa0702d878777f;;;;;;
270cece0b32203f85df821d0f202b04d;;;;;;
fed9f7bdc349418963e187c605ff9f2f;;;;;;
e648565e0b5221cd6ba9bb34e9f54f51;;;;;;
e3c1407d03bcad7ecbde93471d989499;;;;;;
2a23bab1f25de6bf815aa6d9aad6e37b;;;;;;
59cc382bd730f5cfe75c3541d25129f5;;;;;;
6eca5d0e28052adf46924dd117fadfd0;;;;;;
c4bde48ed74d648687262f8b91433f91;;;;;;
71360cd8bdfdffa8080091c123f4f2d0;;;;;;
90d54976a7c11e77abb86827184a7a84;;;;;;
9c3f1fbf286df402b390a10e263c643d;;;;;;
1b532d6d6c67da1906ccbfd673c87813;;;;;;
b31e5a921d3fb5e8c92a4cc092bc28e7;;;;;;
eb7fd992c8396e65d75ec25711c7f2d8;;;;;;
034b45c0ac8c84e4d1cc756fe791377a;;;;;;
0a33a8a5c92bb3768686513e2265373d;;;;;;
509d93981398c98f10d58d9798daf00e;;;;;;
7011b6e2edd821c821114d430d32c163;;;;;;
9a670993e80169db7d949627e9e6d478;;;;;;
758944f4838f140df83c2b803b38131b;;;;;;
a093450d0ee7badaeb22b7dbaf1b3a36;;;;;;
47387c21805cec9f6a2dd86645aca707;;;;;;
eeb519774352ea48b3d8e2b2dd273763;;;;;;
944daa3c9e59d9692ae3793c27946bef;;;;;;
10dc27899f6ef1384cd9476930059583;;;;;;
32d888ec7c6ccc98d81ec20c912925eb;;;;;;
636ca7f25ca75869c05ec65bf6188ad5;;;;;;
84dd7c3128e48758ed9d77107442d7e0;;;;;;
9a75a1f593a4e0a5ecd3e3d38f3718b3;;;;;;
fe9e9e2abddd7950033bff77a6d88877;;;;;;
3e2bbce34dac71b995d76d4aa9655db6;;;;;;
d7cbcce99c083b03c7681c30ab3b586d;;;;;;
64dc85100d568e0c045ad31abc1a9da9;;;;;;
5f153b94b64140e420c488984fcfac6f;;;;;;
c26cb0eebe6823e8f6ebe26af26bcd13;;;;;;
272bc7d70b9c1f9b6f92963e3584d1d7;;;;;;
3106e841d7469fcfa6f7b12fb9f66ec3;;;;;;
95ece1279e22976fc8b96e60cbc264a5;;;;;;
6465b53d1d4011b2e358d3385709f85d;;;;;;
951bf4cbbce5c160bc7474cea894045f;;;;;;
68ff7fe7cc477d396bee8b1e00b34f5c;;;;;;
d56cc27deefb5e934d109d74ca8e7021;;;;;;
2c33d393e2c33129fa69079d839f4a8a;;;;;;
7e989a2877f685b9c3526267361a8213;;;;;;
60428da8bddbf151534abb6c50b2eb80;;;;;;
303bd87ba192defa0d46027b53cfc930;;;;;;
bac17b0538df904ff1c0a44b06fd2c30;;;;;;
bd888e4d3a982e007392a463391efac3;;;;;;
34761b164139ff9b17f3fff14e21e96b;;;;;;
cc3c6526ffc3253a5ff4979090638f83;;;;;;
12668ed2ad79c828168a7ebb8175641d;;;;;;
c343352ffe38fb51288d442a862a90a9;;;;;;
0ef8ae87ac337666590874a975e16ba3;;;;;;
172873060e4a6351bb358eb78f06d84f;;;;;;
8e2a29dcae5952d49eb445a40346cf55;;;;;;
de50a56e731954610467ccc0480d8f2a;;;;;;
71aaf3398ca3fa330f0e2c124ebce3ab;;;;;;
28c4d9d5de314d78ac96e4869e115f67;;;;;;
2e6af657c1e366bb406342586d7513ff;;;;;;
9bc1caec2d863b357bba23b827739ece;;;;;;
af93a3cb0f1e58e25f0a952d72cb705b;;;;;;
e94de29e273fe9c89a6275a41baf5bc0;;;;;;
0cfbeeeb69c94dbb49b846429b7e9321;;;;;;
cf3d60ea03fc5581ffd6e6a71ce6d3dc;;;;;;
a93f70f70edf39fdd36fbd73ae454c20;;;;;;
80d5cb759e580e905360eb87b1ca75ca;;;;;;
a07aef1cbb149c297daf60cdefc951e2;;;;;;
324f2700df80d0a93436de3f82b18a5b;;;;;;
f9a062034ab6fea8a3a729f336bd9d98;;;;;;
587e3d5938680ca5f6592e60aaa36af7;;;;;;
8f4bcb9c623e13fd54812124e2c4339c;;;;;;
370a2b5514ff749ed1a1403b4c8f69f2;;;;;;
c03d80c6f60c7599311bb428a5c2bd8d;;;;;;
6de24619bc6150440636477948af62f4;;;;;;
ee52ebc05ec40452634ac09ec1aabbed;;;;;;
f7fdbe192209f3fab2077bffcc017cfd;;;;;;
89b2716d1acd3ecd2d687d45647f2e25;;;;;;
8ecafbde4755dbdfe48ad1d658db9ce3;;;;;;
728de435581194589de9f5cc7f3be740;;;;;;
816d01bcb93b911fe228cdf7293132f7;;;;;;
d2bbb4b39d6759282171a3ec872e9338;;;;;;
6ef9faaabbb71117e1db54ea21350481;;;;;;
eafb40f9834e13a838983acf07c90f0d;;;;;;
7609fed9654dbba2c28b889e8d983c4c;;;;;;
58a1918e3d556cf1a43bcf698196ee92;;;;;;
8a31a61ee184c49845058767e5b7f9e4;;;;;;
99c5805aba0a6d5a1762b1aa5f0c040a;;;;;;
f51045f10335c6b8f1fcf4a79b89a551;;;;;;
c2fc7451ea984029efb28d932e2f5a81;;;;;;
36eee510b70906ddba5e0e230e664cf8;;;;;;
dad8ac7a84fced6b691f157fa22bda5d;;;;;;
bc0382bc97bea6ebc6fd1b792b0cd7a2;;;;;;
9b7a6a8c4f611f1fb174266d1b99e068;;;;;;
5f0b8ab7de99e19a6e1e793d8d72fbcc;;;;;;
facdb4e8e04bb42ab8f0c3009b043422;;;;;;
1831a4c98db0699c61c7e80034890c88;;;;;;
06d459342f1b1f3afaa83be39e5043ec;;;;;;
73dd1aca0653d9ccbf02350e5aeac694;;;;;;
7a2f0cc6e37bd22d8ec44115fb6e326f;;;;;;
9be9defcf3e7cff722719b44985f91be;;;;;;
1aa25d80133d24c3d479be5545455519;;;;;;
1f84961a1b124405dfbfe811452162a8;;;;;;
2618997ab5eaa22368a9549f1a9b1d95;;;;;;
0f731f0034a20b622f2328d01d651557;;;;;;
2ebcc0395bfd2f2fb9aca4ce6ece3430;;;;;;
2df311513939a3a2ab51bd90b3cc9cfc;;;;;;
ec66f25f92452e46c1c0522ba2314ccd;;;;;;
ed1fab668fafb59e5155a271b178588c;;;;;;
ba5b7e519a3e0f3573c81938ca7085ca;;;;;;
c3b884a78e1e326f8464b1582e8df9af;;;;;;
8a5f118e68169d6c494faf733722365e;;;;;;
96707b26610ecbba7d63b0cf54516179;;;;;;
d2283370079c9f88d3b543a87223f1ce;;;;;;
219b80289f886b50766ab0f611c11f14;;;;;;
6dc42a405235f7cb904ccd7ffd09fed7;;;;;;
34598354cca6514a5db8a151ccf9d255;;;;;;
f14bc7e2643a601173ae6927c8387721;;;;;;
a856fc6ff0510cd3b7dc4b0b599bac75;;;;;;
7629a924716fa90dda8f427402a241eb;;;;;;
439bc4e65784437e205b6dfae2adc231;;;;;;
938931e63f05e26519b4ec644c2d9216;;;;;;
c2f38d21b171606f695c1ab63e13a993;;;;;;
100da7913e23b065dff5e798999dcdd3;;;;;;
ff92b76b108cbe4f7b6bface69fa6dde;;;;;;
aec226e2f1eb0e79ed3e29189095d05d;;;;;;
a320e3b3d288f3beb188c9ff0a957ea4;;;;;;
a74ae6dbfb47f34540c410515991726d;;;;;;
2f7163ff8ff00ff1f44779626dc8ead3;;;;;;
1669136f3284a29683e4b33001b66a0f;;;;;;
1980b7d6e2f17796078c42da53e0c016;;;;;;
07da9c625319bf82a010f3936010f975;;;;;;
dc3595f8a8403edf24ce2de5cb0af44d;;;;;;
a742732f191b66d1692b17bef64347bf;;;;;;
82c245abffe1b3384e32c56bda15e26b;;;;;;
7dc1ac53603e4fed4ce54b79368b1d77;;;;;;
28729362efa631f440e12a9005a14576;;;;;;
adf517b8a01dbcca3880d5f4ad958879;;;;;;
61514bf07c36cd73ea441fa7a5bd5db6;;;;;;
c44ccd76b2a5527d01c43a5a5dd6f7ec;;;;;;
0f7e00d3c1fe4f839506465816145868;;;;;;
382827ad4114f16abe1edb828fd0050b;;;;;;
3247f52a3bc94789b1df7d51bb8bb0fa;;;;;;
571f1ca4365811c5c2e5d952e001c044;;;;;;
fe2287085016af0ba41841f1375adfb8;;;;;;
7ff67c14235616a455291cc5c8fd635d;;;;;;
529f7bd616841b21634a0a8a71b0d970;;;;;;
11ea7cfc755cb5b47aa11634a2755fd1;;;;;;
a9d1c66301ca7574ff8ea25173895b4b;;;;;;
f77acad5bf97ec348bc4e6e1e5eaeacc;;;;;;
456ada96b198c4dc96e0b9936e320956;;;;;;
957dd89017e64d01af23bcd2a800f403;;;;;;
3b838520e9753ea0ba54692b55acc015;;;;;;
3728201f888323c2f53c6356e1dba83d;;;;;;
ed7e1cafc4c3a27bd322a136bd0fc726;;;;;;
2c3c418066ce0a68b1ccaeb24cf07883;;;;;;
f7cf9bd9481eb5d526466ac1a1a1cc0b;;;;;;
3976013bb3841525118482bed75c91ab;;;;;;
e407021d2013e6a00c0c4c87e8f3c5cb;;;;;;
796b0661d847879c5e7677f1f6a8cc3f;;;;;;
c9eb73e8045bd1fd45b19449365a6c7a;;;;;;
69c90908b00e12b21083464832cc3971;;;;;;
74db1f461c2d9da1f75b979b59998976;;;;;;
fd7e8a5f8fbbea91ac762d4435373e37;;;;;;
3d5a54dbc011a23792813c0152356c55;;;;;;
9184a71858abaaf6ce8cefe87c5b5de3;;;;;;
f6bed7bc33cca47e70765e349de63695;;;;;;
0f0dd3dd191d66ad248cf96f9264aa4b;;;;;;
4e9b09d7bed48157ad151a6396ac4992;;;;;;
2718559980bca8a1d4ec6dcd25e2353e;;;;;;
58a278434e57381e7b0349c140bed9bd;;;;;;
ee0fb92e682bb460a33b24f363b9b5e7;;;;;;
5b91ea1b2f60b762d8f683a353dfd157;;;;;;
f3e9140bf53c5e3f0f96e2cc98bbbbdc;;;;;;
2cde167b1a244d742b20fb53803c5cfc;;;;;;
998d175681fab0bbf05147cb9119299f;;;;;;
1f6b06ebd92b27a07649aa17cf86164d;;;;;;
db6a495df964d85f933c2e247e049f54;;;;;;
ae302d7a7523afcf70d7be1a522cf661;;;;;;
250f53641c8212cc69989c6e2421a57f;;;;;;
5a932464376030858d557106c50177d0;;;;;;
52c37172c3afc69df1cca1c1e19e07d4;;;;;;
38af1c2ab6c8eef93b8b815a1197ad56;;;;;;
081b2bb0486b6bc14b28a789b1ff89d4;;;;;;
9fe78474f209bf53b0996044955cfcf6;;;;;;
6c8235f080283caeb65d5c8471c0ba43;;;;;;
367d064350ef95b3e348a94a53f72762;;;;;;
4c1793739381bc5075d1fcf5d051f35a;;;;;;
641ed7e48edc87e4ee82945bf765318d;;;;;;
17df4b645efdde39f2fbddc8053b4856;;;;;;
6d42787074b32ad3326795b6b9c9be92;;;;;;
7d07322b141db6dc2707236bf1f3017f;;;;;;
7b3cb9f96ee81de2bcc90b2495d3e221;;;;;;
981c30457754f004e99eaa511bd2cc81;;;;;;
2ff8279752a27c19c1c664e7e4d9fb98;;;;;;
3c6d3d4d861b8f95337a567b70522ac9;;;;;;
3ba928dddde099fd94fd545c031dfb7b;;;;;;
aa1cc15f92634ff1df0303df4d4b8bf4;;;;;;
c051cf4e4cf38e940d1ffea1f6bee32e;;;;;;
d6cc7c292d7c26ed6dd557933552374a;;;;;;
754330330c91f21ac8a1299f9e83b164;;;;;;
ad93c4a60050a99f3b733fe7d9599b24;;;;;;
908f41fe2bab88b3de2825808ffc963c;;;;;;
bc8b3809c9b3e4d3e6d26a67c7f5f7e5;;;;;;
a79c6248ef722d5ee6b43c0531653816;;;;;;
bf01902967ff7c52fd5d585b8afa3c11;;;;;;
386cf86becd0be3fdd23f3135c4890a8;;;;;;
04195fbb472750e0e5020a761793bf03;;;;;;
d0bbbfc3b892a9a67dc8abda03abe841;;;;;;
bdc4bc8d4ed854818f6af0f49cbd0668;;;;;;
d74d9d15bab7f20a6a372f873cfc6d61;;;;;;
7bf6929f5ae1bd4b315dadc7cafb35af;;;;;;
e27290697a08bd66639d8bab57b4e2bc;;;;;;
88b414a2558aa853f1d55ccbc89dde0d;;;;;;
2df970f4ce6a7f0abbecba3fe19cc100;;;;;;
e85a1ac89830a0967cdaf9b3006966c9;;;;;;
365ecd5eaa9766d8b939df2b1b4ea42e;;;;;;
6ff6ba3277bdb885bf2f37b68b3e2881;;;;;;
b5caae165dced04d81d72326600cb32f;;;;;;
00da05c41822493c2e5f840f86326882;;;;;;
6a3696b836034f932f84a782b353df7e;;;;;;
e9816af8e1fd2533e08ad51b8f098cb6;;;;;;
79cb83bc8112e7ea2532ed4611897b64;;;;;;
8b31c506958121dbbb7f840907846bea;;;;;;
8de51922671ac616c191f5ef1a29fb55;;;;;;
ec78f4aaa21b62597793c7d02a2d3148;;;;;;
d203c913dbf93461e8bbfbf28a32750b;;;;;;
1a41a20a9760c854f54e31ca340b25ed;;;;;;
694ef5e8dc5c43b0c21531bd53f3fa1c;;;;;;
1002e34b04290c7f40df1275809048d2;;;;;;
ea468fdb1a98a5e331c2a03b3195daca;;;;;;
0fb950cd2b92ed0755b65578b0741ce1;;;;;;
adfae1f72f953fbb192a8e929efdba32;;;;;;
24b3d6a5885dbeba1c4c84a2f16f06dd;;;;;;
70ff2e08dd41f355b6185428b834d45c;;;;;;
c19733c58e006d8e20b2004a9776e2c9;;;;;;
3bd4591e6595cee8716682e62ec147d1;;;;;;
98fd35e802216a1ff0d55ba0b72bb19d;;;;;;
9cc31b92435e4be6576fd72c0ebca4fa;;;;;;
6263ef764bd3e0087d7c7f0cd5ae5e8f;;;;;;
919675a8188ace1947a61443b4ae641e;;;;;;
031be6231e98ebb20d9e4f83424da471;;;;;;
42b05e2bc7f40cb87cecbe826c09d4bf;;;;;;
4e984de6865c06b2e2dd9eb01cab70bb;;;;;;
c6405b6aea6110113dd762b40737852e;;;;;;
4a3d65716580be7fa629bb9a6b978ae7;;;;;;
c6fbbac047a9248d1f36da95d95fb614;;;;;;
270b2a4076bdfb5b85a666e2693db9ff;;;;;;
2008e540389dec1e101c6242913a34c8;;;;;;
9f258e411161e5066442f70e54477530;;;;;;
7adf316a5a03c01485780eb829a7de78;;;;;;
d49bb92b788ba1c7cddc58cc92d4dae6;;;;;;
aa52e5a862a055e730f387dd278f943d;;;;;;
ae34a3aae0a52fb4a102b4c87bc3e964;;;;;;
6c3ccf3185f7b58045974dba1ee60cc2;;;;;;
6f52dc924349778a96ffbd60954ad575;;;;;;
d0001ee58d4b9044202e2c3aca93c254;;;;;;
062905782b302d1a61becd632a5fb55e;;;;;;
fc207be3bd0ca88afd9c4e7b9bd33e32;;;;;;
cf99db20ca4d9134a508bc6988d79f41;;;;;;
0f22b8cc85279fda3af27c1c107b675e;;;;;;
efd28ac86e366841ab2159ffde36a893;;;;;;
5457b74c0e0125ec9d15212884ddefc8;;;;;;
d507377e0ed9d0baa2fb576151beef2d;;;;;;
f53b15f0450fd7fd3fa5f9b4faf9ef4c;;;;;;
eb96286f71a0621aa4507852e5f8c0f3;;;;;;
a906ccc3c185b9ac615f411dd46f8601;;;;;;
67e3636f77d5bea36c8b2957ca0ebbd1;;;;;;
c7c45b8581ff9f68e154c713f94a6ef7;;;;;;
9226206134ea7ac3e5c1ec514d2b2ef4;;;;;;
39a26b97dd954c991496e085f0e64d7f;;;;;;
69794b43df5519852af450535730693f;;;;;;
78a80ed19164f4142a3c5fe55d2c2a3e;;;;;;
537d93b957fe160eaa6fc2321727798e;;;;;;
c6e46cfae2fd6843a0c3e1e900ab7e7a;;;;;;
83e7aeab83cc4c7d0ca622e009477fbf;;;;;;
0a5e5cfbcf1ab9b3d875f054c114d148;;;;;;
799336edb7b6449af6029e1dcce8274f;;;;;;
5d9312df21e64a21bfd2a63a73e1424b;;;;;;
b72d65dc59c5c5426c9fecd3052a21ce;;;;;;
b52238e77fb6d5b190000c58d00782ca;;;;;;
c903c5884b7f204d2587de19e5443dae;;;;;;
b49c676ec102297ccacdfcb23136acbf;;;;;;
6bf9e93288eb0bb8ea96e05a6cee60bb;;;;;;
cd4fc012883d5f734b207e9d359e2460;;;;;;
45a9734eba64d96ec8db4767407651b2;;;;;;
e6eef913b58ee2b4be6c5a962a2039f4;;;;;;
3ac1d42224f826c55f9a8bed8a808291;;;;;;
623fa72b816e709dcdfd1b4a963973db;;;;;;
3e1a26457df295de9c76980a8f03a0bf;;;;;;
fc025f83ca5199aaf4182da3fad564c6;;;;;;
19ad24048fbf320e7c1d63d461e99efa;;;;;;
62bde9a7f538576238525d399442aa95;;;;;;
15428b1da7da785292237f5859d54557;;;;;;
c49e2986af200aef5b4be80fd4b3717a;;;;;;
0d9940233dba4ee84f4d4fb27bfb5e06;;;;;;
19b037bf1ab1febe1ecf9775eb237524;;;;;;
9aad49026ed7747fea3d9b1ce42dd707;;;;;;
cc9e379d0ddb55a6cfdd5fc264affb5b;;;;;;
59b83b381eed8c2b3f7641e4c96382b9;;;;;;
ff65e9e1f318c6f888a7f15269e465a6;;;;;;
64595c49dc3a5407a12fecd2c52f9e63;;;;;;
bddf94a36654888d994045bc23297a75;;;;;;
dd86310190af51d9bf01549caceca99e;;;;;;
cc1c445333b4851c22ed312bfbac4dd7;;;;;;
28297029b212a0beb154adf4905c3b55;;;;;;
c6ddda52aaa89b573d4c51e980228409;;;;;;
1989f80b16e7e9cb049bf121ab72a221;;;;;;
1deaa329f5b57ef25f73afc114d6643f;;;;;;
79db16626e704c9572e5eb653bcb18c4;;;;;;
de4871a80f4da405153f5a812111d0b1;;;;;;
5f0ff758c88b171d6512b567aac39eb1;;;;;;
18e44afb57f20cf70fb69c0d5c0604cf;;;;;;
a2007c628091c5290e17bb1605263b0b;;;;;;
816cd6a2fa8be8d0f675b6c6165e01ae;;;;;;
39e2efbcf6672af286ae4a502427967b;;;;;;
b8f917c8f622f650477d9a242470065f;;;;;;
c6adef8684cc5c1f5281c4f9cb6e9f1b;;;;;;
aae1e532c579a9f1e9936bdd933218d8;;;;;;
9b22c4842ed6e555e940dc1cff68b5cd;;;;;;
0c9b8db30d10162864d17ef2e785edbe;;;;;;
0dbea766ff16bf0ec6c5a41ce4621021;;;;;;
fb37333cf98b8081d70acb76931141e9;;;;;;
f7e5b0daf551fae495baed56ac1c8599;;;;;;
57697d53d563a941e7ad33ef53a4e096;;;;;;
7d672c5feb485eec6b3ecb5504eb417a;;;;;;
970abb43f9ece40af0d3e79edd766ff6;;;;;;
151dfa6c1314ede7d539c5806a45e6a0;;;;;;
b47d4ea778d75b6b58e8df93fdd63bd9;;;;;;
0eee24f4a820d37d02457e980e6d3837;;;;;;
0f930a756f661e517d9e4b60800f7e54;;;;;;
7b7764bb5f3934e17d99d4c1febdf063;;;;;;
b554c55ab75f56fda26f0bbca4ae9b7e;;;;;;
09f12b1a39c929f1f4491b1577d90b93;;;;;;
e77173d06914b5b32fc07b9fbf07c625;;;;;;
5b44a51f9bdb8d2a60c222416a1fc3b3;;;;;;
9da0121621986dd29832b69976f1ff5b;;;;;;
837af3f4dafdc1d56b1a686f97fa6949;;;;;;
977384b5b90073957139ac879d261b38;;;;;;
499775340d30d301d6c9f8c5b17a13e7;;;;;;
60fd76339a98d182aba4c5b5c6581e53;;;;;;
583f2517a27649fb5faf2fb41107f30a;;;;;;
1353c22c3a3b727fc2e36fb2257d1ff2;;;;;;
b0007e24f898cc0af1cf6f52a62d3709;;;;;;
04851a80bf74b857d11dd6132a67f938;;;;;;
c75781e66f35cd2edf50afbaab5116fb;;;;;;
5892992acbfd52979717de1a36ced50c;;;;;;
1b70cd36fd6a49f408e41becc646ba0f;;;;;;
2dc766f588d42f00323dfa327503d518;;;;;;
aca59736b31f406f088f1c2000918e21;;;;;;
f65eeeb999c9135ef54f4f26bf86174f;;;;;;
b6f7d47d9750ef6a191f94757ac640e2;;;;;;
2167390c6852fd6a432bb0d7b3f22db5;;;;;;
7ac2b7ef48643d6e2b35839aeaca1d0a;;;;;;
585045bea597466f2f3f6c50849924c3;;;;;;
4eae49e6f62d77dd97c1fc66e48e3936;;;;;;
575aac3a40ff2ceeffd9d077b0d9f19b;;;;;;
585e06b8f14f426c5067149ea8d310ea;;;;;;
e8541cc2d0d90e8e36f319aa6612d0bd;;;;;;
ce94178697148f7ac9f4799b7301ab0e;;;;;;
040a8e35dbdee6a7629b81b9f8ed484c;;;;;;
5e72cb0ada3c8b6ff656c4d50a719327;;;;;;
965095c06266beba4ae98ff37de12fff;;;;;;
3a0443484aa6ecd72b132f09be9e7976;;;;;;
c962cf1310acfb0350230d717caccdd3;;;;;;
3f9ab62ba8793609a1bb7d8c681cd118;;;;;;
51a9cb057755ba39c6230d7c62b85b14;;;;;;
4c4e72c6bbd92b8dc0af0c5cd194bde0;;;;;;
5b9994fa1bfc8f8dfdaa2fd8bfca8b1b;;;;;;
8fdd14926cf769678a6b2ab52ae8011e;;;;;;
9a9788dde6edfbf1358a9a2009b28d3a;;;;;;
d324e5d4edee466fb7815f2e559f8118;;;;;;
196e60727bda62293f41648e7a7546f6;;;;;;
ea6ed48b7adb0a1856806dd6b3d37f05;;;;;;
fc574cc31aee75f4d5c26c447de58590;;;;;;
1a2bb1d6aa4597b31d3a176c51497f9d;;;;;;
db374bf586b6ad24be146516f574ef01;;;;;;
3a2344ba76c0cfa62e9aa523fa44ab8d;;;;;;
06c99bc5b320d449f8420f36f0d6d783;;;;;;
d370fa92a47a4bf7ffb79c1ecb2b8e2b;;;;;;
0c25d45e04526e2d99386944065c0f95;;;;;;
a6c578e217d24c57efe4861811843aa9;;;;;;
e5c5795c671a4270aa0c354376547a76;;;;;;
b5c0653dad460584d2308183b3cd9050;;;;;;
f07116b39bc45f3a3dcc7a397cbedf58;;;;;;
9e55f8308a2601ec35c29d6e21a20be1;;;;;;
dc9922bb12728e333d0e3d26c408374f;;;;;;
9bc9813ad0e3f5f441f533d795f7111a;;;;;;
9b218cc0dbd07384c69f3c2be7feff73;;;;;;
d8d6132d9a26ad160e096ef7723d5713;;;;;;
1cd1946149915c655b323f39278a679d;;;;;;
1a341a2f28c14b7f062ea0286f19e05e;;;;;;
1148d3ed4c56ca9774bcba5ebcd77b17;;;;;;
df42c30435088e655dbd8d84aa9e4dd9;;;;;;
b1a4cbc2d508dc4136f7b1b5b89d77fc;;;;;;
bed1362e41ca12eda6141f7763c2a5c2;;;;;;
f05f2b11b67aef62de3d7407bf68d1ac;;;;;;
588f48771d20e7d09c6a63d647f09d48;;;;;;
b8d385e09e88415b5a546a2bd584e49e;;;;;;
51332b98b68b4a0bfbf4df70ee80fb9f;;;;;;
2c325707ada26d9fe0b2fa04bedb9e2b;;;;;;
108f9a5846286ae06c949fc4a48755f3;;;;;;
fe4e4a2d398b2cf66c3847e2c48d4834;;;;;;
c41cf7cf635a46c0bf70aa5413366e0d;;;;;;
f958623086f06ce2a1c8ec709d6c5806;;;;;;
7265e8d592b86749d942c793db7e487a;;;;;;
81c899d66a6125405d3997086a900087;;;;;;
e890088d1303275be34a4cc4d28e2f8d;;;;;;
874089427df72c94b17b0b9f23b944f3;;;;;;
94d3ed330656ac93e2a18ee8f91ecbfb;;;;;;
b559c3ef9530c87cc27ae95b58ebbe41;;;;;;
701fdaa514e3a4101b520bd2cbd9158a;;;;;;
7ea8e4dad807a80368f0567409131d4a;;;;;;
59a60179c88f4b4305bbdc3802dca51c;;;;;;
c0cbc1fb1aef467db1745db5df3b6f9e;;;;;;
61f9270ed76aed77da0b0bfca9618e49;;;;;;
9d1e0b38f20c6b793c2f0a97af4de0e5;;;;;;
3d7471344f5eb7cf0d4003b46be4f63e;;;;;;
2e46046b7cf0c2c484564a9128b0be99;;;;;;
d8454aedb09e1bc5304f808587265e49;;;;;;
09b42d093a5cd9c6f381f2cb5e651fc6;;;;;;
3e88d941fe67acee05f6f8363e3def1a;;;;;;
ae6bd12b0c0bbe26f6edc5f0af747532;;;;;;
9d75c08baab2dc8673bd1669974c75eb;;;;;;
7eb22d18a46f7328688fb6e9a60adced;;;;;;
afd5b9dc13e7723cfa6a6d88c37f886d;;;;;;
11ece524a9d7712c319d7585a9c46212;;;;;;
a9aa6a322c0ca5281690e9df0f4487af;;;;;;
e826309c8b93f26414b90a10f21dfeec;;;;;;
a60999f1675680c39a8025c9b9b17aea;;;;;;
195efb9378e1a314a653913bff191f4b;;;;;;
25240162993a663eb428c7ad1d34fafc;;;;;;
d8600c517b115e5b2cd3377ab7dee7f5;;;;;;
68e024491887b6a174cd7e1d707d9692;;;;;;
ca75a9122864aa6999b5662c53e79636;;;;;;
19ae9d9d51307a8cb9358e9d55ef2beb;;;;;;
83536aae3becfbc2e51df995da8b58ec;;;;;;
65665e509f9d9c0d4f0721772ee15891;;;;;;
95e282db8a47fa5049ef114f425b6fce;;;;;;
c03fbd9ba782aa3f1dff0882c6c918ef;;;;;;
d65521591aec9c18939f5962265e4cac;;;;;;
4fa2030cd8bb4074242c486826bece13;;;;;;
1e62e4baa4ca120d927e22a3ac9efc20;;;;;;
bc6bcf0cc937ef5263724752a7bbc7dc;;;;;;
d22b97faeb2717b7fdc3701dea53d6e7;;;;;;
0a3127008a83ebe9f2151b618a168d9c;;;;;;
44a3b5f6d674bcea41b01bec56b9adb1;;;;;;
9e689f9fc24a87871763be3c768bad06;;;;;;
79457d7031ee03848a69fcd0259dfd9e;;;;;;
a3a8f47be838fc1a9315647c43ffbd63;;;;;;
942474d1242b48295da140e0252d86ac;;;;;;
719baab0808a2ed4ddf8d67b55fc73a9;;;;;;
2d0aecb021bf737e2e1e6921c497ebf1;;;;;;
37cc5ad7f7adc4aa891416d78ba6c5d5;;;;;;
380313a4cd58dfb25360aa88ecbbb3d4;;;;;;
c4cd8490e1fb61218a913dc34738fd74;;;;;;
3a6618f3a319efc889f9a0483d52d01e;;;;;;
6d0c12bdce531ea258b08c24d1941592;;;;;;
90fcc8d93cb6e66b1f4b69cd19c226ca;;;;;;
11f452ec0f84338388bfcdd5c4e4c195;;;;;;
42ffad1665a67a5c2e5eacd4dbe30b36;;;;;;
57ed284de12081e08d19e4d052e76b5f;;;;;;
f3da8846dd3ba40d65fe51e9bb72f70a;;;;;;
286426275de25b53ddb11dc147e97b79;;;;;;
4bf918e57e1a05efded44e901615d9ac;;;;;;
312a4c9f43d438594acd2af724c2e63a;;;;;;
5709bb2465f4c371dc4183e8500531c0;;;;;;
7aaddf06a0d756cf1c71eb880f575683;;;;;;
2e187d009e6d95f07d969d7a3234cadb;;;;;;
7c5d99f5389465b43e4afba1f6aa643a;;;;;;
898f6ce7b3aaff11f024c9890364bc30;;;;;;
f588a23d15260ed74f8a8fcb9afd2ba9;;;;;;
8ed93d0b25c9ec4624fbbe00b32b0ffa;;;;;;
f607522f7c186cf650fbde9fc43823cc;;;;;;
0f7f692c3b3c6035ef2839dffd1ea78e;;;;;;
81a67866cd5e1342fb047d0dc10fd753;;;;;;
ee9a73ab71bb50bd3d8612cc81be2570;;;;;;
40f93e54a15b5aed3effe5698791c400;;;;;;
8e50217df09e476938ac861f69b5a3e8;;;;;;
e8b0899e970e7a71de69ba2adcdee607;;;;;;
ef6d84171260394868746b19223e4629;;;;;;
5df75d2d75099c3c91857abbaeae7612;;;;;;
8244f0e63b293953c010682ec20c5859;;;;;;
f9fa9e76eb6c72aecd4c862b20b18e7c;;;;;;
c635805da6f746c239d44502e0059ad8;;;;;;
e21612203202c8f30b87aa08015bc189;;;;;;
964d77e471e1ca9f93488b7b34f8bd87;;;;;;
38dd5382dc3016de98d08096a965737a;;;;;;
2756d04aabc1e9551301169bca8e5227;;;;;;
9f19387f13524ac51acfd7519b4cbaf2;;;;;;
e3992b68f41122921543811efb7915a8;;;;;;
88e8ca9b51f0c1af6a3bc4e2ace66ee5;;;;;;
e5bed81210b7e254ad0f9137dcae4b50;;;;;;
5034c1ab3e5e707170af2306538802b4;;;;;;
d918b1adaf3886f43a606675e7d61f14;;;;;;
43d33e9814994eaebb6907208721d465;;;;;;
21f1b6d544ddd73b5538c4bc69351d37;;;;;;
0c1c6c936ddb60a749c5fa5df93267bd;;;;;;
fd179559f2c1a9a2b60b35b6c4ee0e88;;;;;;
4b073c9e669c86808e2676c96a9ae927;;;;;;
925f0722ac6d407ba07dfab5fdf60df6;;;;;;
2b380e1500ef9a7b774f9a9e4b285441;;;;;;
a921c81aef7b5cd3cca18f3cd8c59da1;;;;;;
47d1e6477c324b3f95f7816ae99aea07;;;;;;
dec3f7a189a6fc1be2f7250e862a383c;;;;;;
a3fb9a08ff4c9d1b22eafb70a1f40f56;;;;;;
41767d2b9f540e830287c384abb178e1;;;;;;
6b5475cb078f128dd90edc3df9ec70e5;;;;;;
e8a7d3a5c0e1b80e8017b5aab99ac979;;;;;;
ffaf454d9ce8407e2abd213018f88671;;;;;;
1b70b8915ba141ecf66f1c3ca783c94b;;;;;;
df7979abceab561a382fe213884084d6;;;;;;
d9bf39cef755baa76c0adffbcce82371;;;;;;
6ea806bcc82cc10e38055f5b5eeb76dd;;;;;;
206abadaa7adbcc246174522d732ecf5;;;;;;
6b333cff2f0f6a197a084c09948eb6ee;;;;;;
4e14ddd871a2d3682e291112419caac7;;;;;;
cfdd5b923721d8d3c4b0b568b6443262;;;;;;
80b35dbdc806bf9aca54d96f9764d53d;;;;;;
74a356c72b285c545f1cd256181ccb40;;;;;;
e66c88bba3a500f798b84b1c514ad738;;;;;;
a2deb0ab34f132fb0f02a78a3b3c7ea0;;;;;;
23338d401a22a1b0c5bf86d4993acdf1;;;;;;
15fe0b4191478b12ad481775d8a056b0;;;;;;
fba898160d0c251399a2d2d599ea1f77;;;;;;
a2e78e87b698b70388e3f98c7d05bfa9;;;;;;
18d2d4cf3d1690a7af7d1d126630a6d6;;;;;;
ab05a55a36f021d68e65b8295bb6e31a;;;;;;
2ff01e35db9adffcc5118c3344504d05;;;;;;
494e66873aaac6b24d7141b91f275fc6;;;;;;
81fc47fa9612e06c74a48569221a2a6f;;;;;;
efa62d16f24af73f1915431cdeb0ee65;;;;;;
d5e40981da103fc18a5fe731fef9cf8e;;;;;;
b18e8f95dcc12e6487b80870bd9947e9;;;;;;
0f46920b98accf64c0d3470517251648;;;;;;
51473ce430f7f7315a3b016533bd930a;;;;;;
bfbec269742708948d827f33105483a9;;;;;;
7aa8c2896de3155213435a30fdc39adf;;;;;;
3772f96f37cf8340d28595827d69f174;;;;;;
66be5616af4c704aaaf0a41392927c0d;;;;;;
1f2449dc529fed8992fea9d68a3c7f16;;;;;;
4f5b805b2681d6c6ab479c3a35c6f646;;;;;;
f3aff30c20a795ff8f3f9d9b18435783;;;;;;
9dd4705d377be496a97eec0c46b8e7ba;;;;;;
f048568eff689139128ff4413f90fc2d;;;;;;
d77a3179b500ecafda1b7cb5efb2ca80;;;;;;
bd892934adfd8fd4d8bd65b8f7fcddcb;;;;;;
59776bc583234c9fb8bab0a76b5be487;;;;;;
255e99f78a929e76535cbe6a0ec5a69e;;;;;;
04dce9f32d7263a45ad393c17ebb4741;;;;;;
fe79234ef2e5a9e53a2510c0267562ed;;;;;;
4e7a541f303b76b4cda15b7b8c34c660;;;;;;
c3253ceaf33e90b7b043d542a77c9fa8;;;;;;
0d3abbdfce3bb3b899fd960b78035fc7;;;;;;
2219ae67853ee995fb96441266ff49b0;;;;;;
1232878d9910425b8482423c5673f95c;;;;;;
ad0e9bf0bef43f5face256e8afeb1920;;;;;;
7dc8132e4f825ebbf2fbfcf77191fb86;;;;;;
f8692c0359f924422ec847c3c3ab9449;;;;;;
d5dcda00925437f13d8735a71a375f19;;;;;;
bcfb0e0c5d978a11bf1347f59a414fce;;;;;;
8983e9f8ec929c17e562e171b71e95af;;;;;;
2508fdaabb49f43b9d3da40dde043698;;;;;;
e123589a9605648d852bfdc9080d8d0d;;;;;;
2341fc06a7e13e7f63e0b416271e01aa;;;;;;
384eec7ad61dfdde78e14ed76b479e51;;;;;;
b982980a77d48465e40a309d400f39f0;;;;;;
7da3dabd0dff06c59439c5e1af42a757;;;;;;
05163198c34cdd9ac6426f6df9bd05f9;;;;;;
6e46150da34e91c82ad702f62b6650db;;;;;;
edec401d45fa92aa6b73ba0a76856846;;;;;;
3d357270ffcf2dc91773b6c0f7456279;;;;;;
2be6f90f2444e363d65a7110710acb81;;;;;;
30f7bea631fbb614d27946fbadb4e95f;;;;;;
cc0e0140adddd30093124846a7c32835;;;;;;
662b6c39d9fede212e7dbaf5cc9108b7;;;;;;
0d11641a1ca1e35353b3a2a685e4fe81;;;;;;
aedf58b348eade01fa9dd12f1c376098;;;;;;
19acb79e6a934753313adcea2f739eb2;;;;;;
c9f3881b9a76a57e133fbeb4c60fe089;;;;;;
bd229a61a4fed56188591746daf8cb64;;;;;;
bd88d0352dd3db91539fd7f4a7ab0be5;;;;;;
171c8028912bd51c5ef3d22496f93cd1;;;;;;
5d6a7eead8d81b579f3f6eac07e5b21d;;;;;;
d8a8042a2177ee19fa39dfa1a0f60c3f;;;;;;
65b5b191a64f87cb0a5957b544a4ce51;;;;;;
4fd648429f03a278e21e528441188a64;;;;;;
4da94fffd452bfbc11d5211483151117;;;;;;
1f04d6272a893b2ec63026579e3a106e;;;;;;
d15ad018c31292839991f7e661dc2d8a;;;;;;
1ba5fbe8018c7871fa1c11bc94b32daa;;;;;;
b1ad87b572eed4cc940c2f87ea2be979;;;;;;
7a9119c1e5166e97e2eee9d836ce8cf7;;;;;;
31743d26e899f2a190e09a07fff0b220;;;;;;
d0af171f6dcf8ccb4d4330a0ad5a934b;;;;;;
3592a08e3c7a9d67c3237f38b8e3d030;;;;;;
df997de6e26553eaa1756b627f76adf7;;;;;;
f01b7998e3a72c8e85742407877f8d7b;;;;;;
939220d84be6bebd8769769bdf16a011;;;;;;
01144b2f91a1ee1587e3b2e67aa5c09a;;;;;;
27fbc229f12f59fc1ed523e714875e0a;;;;;;
0e79c9f02c9f58fb2d177cd695408dba;;;;;;
892c37401c317631064a3747a5a51e46;;;;;;
07ce17ae41206d6ed2d955cbc39ad533;;;;;;
fdd8589be7521848d1c0c444200ccde0;;;;;;
6505cbdaec3a0f41abe2e43af8b4fc13;;;;;;
8ddcc19e8fe2e8e5352422236e3ee533;;;;;;
8b715c7fcf0c534d941cf55068effb09;;;;;;
fe082c40b6207e48f2cb76132d405d1e;;;;;;
85ec4db2ae7f6e5223ed216856f557d9;;;;;;
df7493f33eef9a1fbedbd81eb2fd2e33;;;;;;
f35a29442fa87b8fdb57386f70dfeeb8;;;;;;
61ff25c0f2a5fb90eff10d3db194bdf5;;;;;;
d8f747131229299ec85ad9297dcef734;;;;;;
5b3001c7af65e38ab3ddf4833d0f640d;;;;;;
dfbd410c80132af5440f2767b15f2bb7;;;;;;
dfa3b87d9e0fbfe4ad332da70a2dfa53;;;;;;
4de092f764891645b628960ce862bef9;;;;;;
92b25e6e61462d0b3993927bfd3f875f;;;;;;
f4d138fb6ba87a8366740714a76ea0e2;;;;;;
f53ceef50cf1078a64b44a5fd70d505a;;;;;;
88518705c07d947419fb14e3554be091;;;;;;
465e54100094de8830e65ec5d2ab1157;;;;;;
ac25e46387ad7bbefaa896f9d30b2e65;;;;;;
7a93a3b2a7e3ad3bc04dadebbe801abf;;;;;;
720b91690a79041f4747a2c26145bb93;;;;;;
0e7b0ee3c426e920f495b4db4377d948;;;;;;
52a41c282d1b7419ccdbe40703c5084a;;;;;;
e053d58002f672da756c9a420e5e3e9d;;;;;;
e5f1a4f07099304e778b3f6e3682d94e;;;;;;
6f642e4fe5873bf94c49a02b2cae2e0e;;;;;;
e304412467dbb1beb0c1b3f02ab7903a;;;;;;
9d787b4b398e4c27d76cfe3a411c1b9f;;;;;;
ad3a5023755f70aa047b75d7731457f9;;;;;;
e3338d93ef41edee82b12b4595b02ab5;;;;;;
e06293e71d0646a061250349a1ade07b;;;;;;
c8d205691b6c641fcac30ead8f93ca9f;;;;;;
f4ad5fbd7b456bef1cb0270edab19b8b;;;;;;
eb91c403b44beffb6a2d4d4d1b3c6821;;;;;;
af47918480e2d3addf1ceff29d766700;;;;;;
63912dccc5928e5be8ba5b2913f5926d;;;;;;
7ec36b2e43744a9aa2bca41290eb0ebb;;;;;;
c0281a3efb3ef0357258821dfe2ca410;;;;;;
f3551c0c4f71212fd575d85116b49e87;;;;;;
6d9f65515a868a9c18ea2787d3b4cf7c;;;;;;
47442e4aa2351fe5b373f80ebde3f265;;;;;;
dee5e3080622f10a851723ad009564d9;;;;;;
6ebbf616038c0b026930dafa46587340;;;;;;
7bd924d57904fd691eb3ae0385b8819b;;;;;;
676b5b7aeef12d95e55e5934b0185c41;;;;;;
90c9d8035ba4e9a4b1fd6f9fd06873bd;;;;;;
69ceaebae3d26acc7ae40cc177c26839;;;;;;
072aad223aeadbbe2c56dffe35e9ceb6;;;;;;
798dd2944df62ed6c1f0403bfed7f8e5;;;;;;
d2ddc19e5f2037d992e902f773649bff;;;;;;
edae9d21e13914bf7db5dc8a178ca261;;;;;;
a7fcb5c2836bc534e10e77c37f50cb4c;;;;;;
b8fbba9d43c0f257892cab82a692d0e3;;;;;;
ed126f173729bfd7b858dc4ac3166c02;;;;;;
f6564819e494c015421c55759934b17b;;;;;;
2207ce14999a183ef51a5e74c8c6b2c5;;;;;;
8bcd45430ab3a87e86864a6336a4dd87;;;;;;
fb1587c51326e0b4cbcdd38662d5633b;;;;;;
61bb6a992e97f1d23a5240bb3033ba8a;;;;;;
41c4272acfda20cf4b2678a249be441b;;;;;;
859142f5c2f42919ee2b7935d3958fbf;;;;;;
c6de977be1db9fc59ee6d56de177d002;;;;;;
e9e8aec0212d0b9a011b1141a70ecf94;;;;;;
3816962266ed965c73bf0b2e953e1965;;;;;;
3c7b1dd9b55c6d8445f0d0252e6fce1c;;;;;;
4bba9088bcff8f7ad65108b63b696c2d;;;;;;
6bae6c270f949bde49164f881dd4429c;;;;;;
9e53bded77dab2e2e57684e4fe33a35b;;;;;;
6e5be881f757a8626942cf46bdb20218;;;;;;
6a2ba6901d6e47cc13c977afff3cbcc5;;;;;;
2545ce75af77274128b5a64def01d9a0;;;;;;
bfbd02672a3daa14bd5f20824c874326;;;;;;
434a82c610bd8c75eebadb1ec25d7c96;;;;;;
217ff4b2e0466815ca1a53435e86075e;;;;;;
97c108ba69094742dc3cd7e8ccc1f605;;;;;;
1e274c852df1639512c256d26db4b3ca;;;;;;
c73aacd433e900fa47214d7be7bf7ee0;;;;;;
8b0adea9db703244fa0e900323b02fae;;;;;;
964b24c416275a5a5adb92036e3fce81;;;;;;
b8d3aa1aee24656fe9bf14129557b4b7;;;;;;
2ef6fc7f5801803d384d802eb38514f8;;;;;;
bf700ab3b43680ef4a4022309bbc9b87;;;;;;
6f5aa5e746d7ded5c8e445f0c7fbad25;;;;;;
3805004624e4d2bbf043131c23fe5ee6;;;;;;
d194283e4bbbfd11d992ddc30b3c7565;;;;;;
574ddae1893683dd0b88e8083e947c6d;;;;;;
040108201a95d24b99854b0e6d4edc29;;;;;;
647cb745ebc95dbc1980d5d1a66945bc;;;;;;
f449a2911bf20cba4048ed064640a35d;;;;;;
7a2ba5c21c2460f2d9357a02ef079962;;;;;;
1530b79f1eb623530ce37e7ae6e081e7;;;;;;
1e013ac4a1ee01bf9b205673c802e44f;;;;;;
3045e2dc4f37d46f3622d3c95a5033a4;;;;;;
897bd2557ba7facd1a5bfd93779103f4;;;;;;
20f4b9310eb2f44787bfb2909c313de9;;;;;;
f8a0918ffb247478d816ab42d6253a62;;;;;;
b8ce64e0ec97a428706c87834720b867;;;;;;
affc2cf37ab4e9cbf3999b5f3b7adb61;;;;;;
366dac312b9e78ff87a6150cf7688224;;;;;;
5ff89f6862f6a3d66d7f5b7b70d1531d;;;;;;
ad4fd44a8a09e0e0940b45146b561c21;;;;;;
8f182949f7d2ca22e71d98abcc0d17b6;;;;;;
8108ed902aae05e61f06d65e1295458c;;;;;;
fe61c94956bdbc2ae39c3a233cdd23ee;;;;;;
29268a49f39d268495b3a5e306ff9b8e;;;;;;
248c5ad3e488e56296c8913dcf05a6d1;;;;;;
af7a87e12e54c53708fa145dcf42a4f1;;;;;;
2ee80b12e5ce99b19f8ad723c9a8ac80;;;;;;
e5c2623e327fd110e7256352221caf0a;;;;;;
a4dc37532340a8683d3f29b155ae99a1;;;;;;
662c57d6d73b8c9a6d8306ff2c2fa370;;;;;;
37b7bfc7a28f47b01ce8bd5f3c8f7268;;;;;;
36dcc4dde6ebba767d53b9f65f5faecd;;;;;;
3cfe095bb4ba8f65628f99232f4c73c1;;;;;;
a4047adf86634c535c1ce005f77b718e;;;;;;
d9acee6cec6f3f42705aa712adf9fb6d;;;;;;
aea09515c9c5cbdc372e8a587a339874;;;;;;
8057994904e07e6af375d4fcbc69b005;;;;;;
a70cfc7c21ea174cfb2e135e523e80da;;;;;;
42a857b7e030285b8b85ec1f1b255886;;;;;;
b7c84dc16fd2f02575e6fe00bee8a514;;;;;;
559fe7d9741e2a06f65ca42a8f6fbcdd;;;;;;
f1235e9459c503cf46404e3bf2fca585;;;;;;
b62a7880a627d9330845bf6eb4c9b576;;;;;;
8b55e1ec0220d57572e511756cc63528;;;;;;
7810027c2937e0c3db02a3c9e0ceac11;;;;;;
d5a19c1a05edd5b7290b8e692576d58c;;;;;;
51fa67897475b942824c838af8c4586c;;;;;;
0df3968a879800fd20391a5a40f80fd5;;;;;;
7849cb7f2ddcfabcc500708d47574b98;;;;;;
b14cbb2ca496e37824ca91428b837d33;;;;;;
430155e2b047f4e9530fb701f18cc074;;;;;;
145c2e9ff478931a74c1903c12996604;;;;;;
2ec2b77b09016242c3824c6b5ebb3d31;;;;;;
29ca839676017faac11a3a5e06b56b7f;;;;;;
ae9f5063c06d66667dfd76fde6ab741a;;;;;;
f3db779c13f9e6efbac04044de9f0427;;;;;;
7ec6648efd3b70acc22fb73c48416d3f;;;;;;
c296ea8dff930ca3ccec6e66c8e7bf87;;;;;;
0d6cc4abcb4d24f1fe455d5b5830b965;;;;;;
03e0cc6d84c13d656e8f613848be2f08;;;;;;
306ba97151985c2f1060a81fff159813;;;;;;
153fc69714c21076a6da914db1867c7e;;;;;;
accdc9e2ac4691eeae3928ffe7e079e0;;;;;;
bc641ad8920ef866c19003cf5c6fa958;;;;;;
564faec9553445a6af3dedeee177d2b3;;;;;;
962955876b812d4f300cf22efe5a8717;;;;;;
213012d35173845a35e3341c6ceecf86;;;;;;
f425ed89179b9a138e535de094af7492;;;;;;
382add981a1d83cc07172ca9c4399eb0;;;;;;
f9f1d64d896799086f7a4da82f5a7c8b;;;;;;
9108acf805b0c14f02137af8bbbde830;;;;;;
fbec9d38e3719b62c70a7d3a3e67e08f;;;;;;
718f915a833a23641a2f4d4120762875;;;;;;
364d4fb28e5a2e7f7c830c538c5398f4;;;;;;
40714cf60a948ff20ec5a4cf14aed383;;;;;;
fe77fecb1ff64217bee6b150af171741;;;;;;
9ef96ca853b4ef03ce97db6be7069f99;;;;;;
e5bb3ed0370acf7397bf071d4b1d4e3f;;;;;;
a5b105adb6fea848f4c93de5cadb8b8c;;;;;;
be03829f2e0b4346deb0130c198bd5a0;;;;;;
735660e2810547a7518be7fd86455bb9;;;;;;
0c637af855077fddb1d2c8e3fb8c91b2;;;;;;
5d1f5e74b3f4751c66eaeb5233b13a73;;;;;;
79b73ca5c3442fd43747aababab8a733;;;;;;
770823575e5b119cdfbeaaba15729369;;;;;;
0eac33c90c6e2426a77f043636689aa4;;;;;;
710ec4fe628688baad0f126868a82595;;;;;;
d2ea802222970eb6031faab92598aa60;;;;;;
017d45f10f7b903e4173b24aaf48646a;;;;;;
6278746051a505b50c91fd4d6e771734;;;;;;
410af3c5b12da07fa0070ce3c3a73fef;;;;;;
9582ba9599c0a61fe271d70484fd7892;;;;;;
8a26d07a277110ca18df79cba53bded6;;;;;;
d3a93c1a9f8a4c130de4740b46c28e17;;;;;;
dbcaa9e74651aadd3857d2720337eefa;;;;;;
b7329babbd2f69dcfa35ae1396bfc220;;;;;;
6792b229cf8d52ec0850f0633ca1a2f4;;;;;;
38aa8dbfbf930e841b47a8f6f4d13e88;;;;;;
ccd07661a3d994f536aeaf7deabdfbf7;;;;;;
4b99d636ac1b151b3c4cfc20aaa4f22a;;;;;;
46de5c6d34827d330f7122199ea292c1;;;;;;
5da17edf45ac38dd896a8c54b3987f55;;;;;;
7910a7d141b6d68f2e4ea242c646f4a0;;;;;;
f3ec1c41a31e6f18242d85211880e863;;;;;;
f4e670439d31be9ba947d34aa422af7e;;;;;;
f1d75672347e2aa51e1e565f8308b542;;;;;;
b7c97287e7b50cc115c09f6673b7ee49;;;;;;
fa6858ff7d487410f4281fdad13a98ae;;;;;;
c96b856c517de41f0b3ed9af95e609ee;;;;;;
f8a658b98294da8046f79d72162cc8c9;;;;;;
fdc22988044e555198c20675d06ecb0e;;;;;;
3887837cc6db98f5641e1b0824523d74;;;;;;
0e7872548ffbea567db33d3a011f9732;;;;;;
6c78161c90df06a7e129427950287f54;;;;;;
b801d9278f31b7713942daf27a8cfc1b;;;;;;
f02b4a9d80d6240aa23e7172a810d7a1;;;;;;
d08f097830acf5b300f9d563f6245d00;;;;;;
ba98cce3694661b6eec1a402480db48e;;;;;;
2d8ac705d757c2006c7206343303a23a;;;;;;
52a58124dc29f757afa915ee221effc1;;;;;;
c361ee82479a95a862a32a59aed82877;;;;;;
368e294bf44f62d33262b9910503fbd5;;;;;;
68abfed21ae797b12eb820e82ceb5a67;;;;;;
9f7251c2c7e1ad23575694754820f1cf;;;;;;
47feba11780e2845c410baf9b8ffae45;;;;;;
d893c4ff19ebe48136feadd04170f1bd;;;;;;
863bf831bf9d42d8031db5b710a8e581;;;;;;
fd64336c2b17a8f1a8077ceb92a8b554;;;;;;
c24422f8fea061ab29e5f4a9969ea662;;;;;;
800658c2604b73e83881ac62561f2974;;;;;;
ade9e16f9c3cfe332e8a4daf12833324;;;;;;
279cb5debf3a937c8db2fd5cdb2a6d0f;;;;;;
e1504212f05e3e87628ca208909bf0a7;;;;;;
18b277e41a14793a9caae9eef9ac5923;;;;;;
172e4152540d1c64f61061588dce0493;;;;;;
66be3414448228d8cf05ac3f28c4f1c0;;;;;;
bc4ad5226ff891e9b4bcbb27f2001fce;;;;;;
ff6386633ff8ebda56fe16c26da4994a;;;;;;
5aac9d989b09e0ec5450b6f0176b02be;;;;;;
610d5adfa7054a7485787f32a7a944fb;;;;;;
4eabd8937cf9fdd4132cc15ddc390e15;;;;;;
516188f21021a6f57f416e6b1a74838b;;;;;;
aadd9807001b012fb7179d2705d94229;;;;;;
cfb8779ac378b8a622466506dbbce8ab;;;;;;
6f7404e4d483b30bdc718e3b979db527;;;;;;
1f2db4747e1a90cf981c0718e1033849;;;;;;
7563fc8b11e844fe9a7b6ec6d9f5bb3d;;;;;;
7ffeae7488a1f9f76f008ce6310e97d1;;;;;;
628e10f456186385f418cc0dffa059ba;;;;;;
2c86f55e82ef5ba699fb2be624e018d2;;;;;;
90371c9a39cf94ce1823b69abeb33619;;;;;;
4823931a08b0fb63fe4939c3a260ec08;;;;;;
201e9fe7a32dbf94c99f3891c03439c6;;;;;;
6e27d61961e71b4c69a9da4b7bdb310b;;;;;;
7d23869996529398eb45a6dca2582335;;;;;;
ff81e6bb959e3c1ff72e42a4cc5428b7;;;;;;
e671476733d22b08fa3297e664905cfc;;;;;;
1d361f0872a1f91b397b23946842d95f;;;;;;
cdcb1f1e55855a3d495434977e6e6e58;;;;;;
a5e51ea7398c093290df97a2a587b7f6;;;;;;
5f4d50c3e63e51597c2e2f0d0292dcd8;;;;;;
95a41f21422b2f7bfbfade74b9cd64fa;;;;;;
2e2fd4193f379b42ba76b9fc5297a165;;;;;;
42ac625ac2ef6d8abd8e5ea532b94cfd;;;;;;
be5ba93446e5bbd6b3bc42c2c740fcc8;;;;;;
db9df9c7fe2af579d91c84306362dd50;;;;;;
9a50b0e73af377c74e8a63229ef94d43;;;;;;
dbb4da1ed4222f0703fc37f4009cadca;;;;;;
1e74ca27570c7fa595f6a624d4e9c50d;;;;;;
c5d2b1164137e52cbc4a66bba0c6c4f3;;;;;;
f8cc54315a4ebe9a745e837bd908ac6f;;;;;;
075375ef3fe258a4870c14d1c3babd59;;;;;;
18b5f4596633178d4bf70e53be0adefb;;;;;;
63beff59e3e2d2a77146fad6eee09e81;;;;;;
f02d1bd5b72671de8591c4769e6fe641;;;;;;
3de740f0437b39a6df97c208a6f1f6cf;;;;;;
7bec7b12bb54a9fbb7e5d4b56d13e974;;;;;;
9269e5fd2b0ddbb21de7199972a4f5f7;;;;;;
057005a00279cada13338e1f4f53382a;;;;;;
4acbe35eb223c729c5c350ca5bcd1af7;;;;;;
8df9695b52273cf45515f524f14998cd;;;;;;
e3b3e98434921757331299f9259a3487;;;;;;
55b8653a2b69668c76eab47f5f93b6c5;;;;;;
e266276918f4e085862eaff5aa1fb1b3;;;;;;
0912f0310c65c9e497ddf6dfdf3ea088;;;;;;
571bd84f4d02c73f3e3c63b2ee1f8ba6;;;;;;
f1e1ac3847ee45d3b8892f62d7356591;;;;;;
60beca2d6952f422b4740eb1e58c0b2a;;;;;;
7740a966f558788a8851fefe67e7aa59;;;;;;
ca760a31ac9d9edde98d17cc4f65616d;;;;;;
5f30ee05ed73d60a6fd8e904cdc0d0f2;;;;;;
39ca47a4146da15e32ae4a022867c0e5;;;;;;
18b7dc74a3c05b3a0ce730445ba1ecbe;;;;;;
04e3d81812820ff0673dcef7ef2e6934;;;;;;
8e6b915fc483be419c22ae00f9fd2f7f;;;;;;
374fe44bc6b52dd04cd81bfe01c5b0d8;;;;;;
2ddd8f1f85db9632d09d64e282becaa4;;;;;;
f9c959d5d28c33a48b0a3a97bd16bf5f;;;;;;
62c4e2142f788b2bc0f54d59ee636673;;;;;;
abc29b6cd326b84a06cf5ca9395ea7ea;;;;;;
0e842991ca59b6d4d3ff458bb576b67d;;;;;;
8e17cb7a70499f7e7f19e88956aecbe5;;;;;;
ac1dd1b14de8d57cb026c14c65974b9f;;;;;;
2b2e9265f9a074cde89bd55c0c49c166;;;;;;
d986409c0c57368b64f03cdd36b3996e;;;;;;
9b473b88e7d24f7b42762934d8355092;;;;;;
78fe5b533a79840a8215ed9e604b3a34;;;;;;
31831d6f4b2a58d496232c65aad17606;;;;;;
8fd81dbd4f7c7cdbf661048cec1282de;;;;;;
94025682fae4629fbcffbdd9fd75af2a;;;;;;
2a4f307bb503e64e9389f4508183f747;;;;;;
1f9d2e7d5cf7c312b26051de3dd04a21;;;;;;
a779a9323cd3de427bfc350d12a5e573;;;;;;
a5c2661ad2a88528a160000c9bc0336f;;;;;;
8055d2667b18c78c4d6ab0c37a0e9834;;;;;;
7293aa3923a7ff16345beb7a7517c955;;;;;;
cd9aa253057f06527f6895d9d8003b87;;;;;;
4bf7a9cedb02b9a68f7fbf876d930aa2;;;;;;
adca1909193d281df2d5488a806a760a;;;;;;
8cf38d292665a205d27a8c501426aa4c;;;;;;
ba2f61c12fdeac2e6612903119763412;;;;;;
477fdc9716d5fe03f364a6bbb839a2e6;;;;;;
ea8fbfbd313b0d33f2d0763c31a5829b;;;;;;
0dc6ae55ea3c1a0875ca614a39fe5f46;;;;;;
2696f93dcb8c7772c1c7f2bef857abef;;;;;;
19676aec8d468e3c35a19adcb194df15;;;;;;
e5702cac48257eb93b4c064433de9925;;;;;;
f101a66d1e817d45381b290f33977b9b;;;;;;
1442ad1cd523d628c9964a9910324f28;;;;;;
0abe84a9c0ea638f3657c9f8f0e2ec01;;;;;;
b5d96ac0fc4a93277124cea93c31b0ec;;;;;;
2ed97b759f75897fe6eb14951b656cb0;;;;;;
753244a60f49b7f88bc6ba652c02c194;;;;;;
324def6e59f9e743e3fee0163c5b10d8;;;;;;
fb357b2b374ba2596e31a420ea2883d2;;;;;;
28c097dcfbe6881d9de35e1b8488115c;;;;;;
190ced244a71052ececb90dacdbf84bf;;;;;;
db158977b2083e8861b17cbed75846e5;;;;;;
e621aceff23b3149f790a1f638cb555a;;;;;;
1275c2c1771ac101d7a304aac540935c;;;;;;
6672cae6f3e6137979bb1dc4df8df197;;;;;;
30907c38675d66183515b4c5b6782bfb;;;;;;
0fc94a8527a637baefb5f59da2d53ac7;;;;;;
7336d36eddd1df976ebaea15f003dbfb;;;;;;
55ffdb700d290de791ff074cc3a9f6f5;;;;;;
a53804f1428023d0be6f78c0acf35b9c;;;;;;
96563817637c353c92f1cc05a462dc3b;;;;;;
2486da6f143983f72dc92297d3865f93;;;;;;
92a9087bb0f7a9ef40bfbc7f765f519a;;;;;;
af466d7945b3c44bccfa068bb8f227ec;;;;;;
a465ba171b370de52508b3b4ffd0e9de;;;;;;
5de34decf88531b991d809d70fc52188;;;;;;
df9a8b3bdab84d64c04eb006280066ca;;;;;;
e7ae7d44945998b45c8caff66e553573;;;;;;
f105efc56544e9487f820ea7526b7b0a;;;;;;
7c3b5a73078dc9421ae65dae2cf4b6bd;;;;;;
d146126d5b4f02933253559e39e9aac7;;;;;;
0efe9053887fa7b373f2af23d740663b;;;;;;
40c2f976a68c6942f2e9807dd52452bb;;;;;;
387e8943719aa1a69f0381c20e8acd2e;;;;;;
224e16d417301a1b39085ec2694758f2;;;;;;
8f8995e21d962b10e695a075ccb95840;;;;;;
7135c2122367cb60172950bfbc71d028;;;;;;
f0f9ac5ca2f0dbc3c07c47947b46d833;;;;;;
cd8572a886d533184213fa57fd7cf859;;;;;;
f761d60bc11f101cfcd918d948418551;;;;;;
6b870eec28480558a53d23045daee808;;;;;;
1d70c751893ec6c541a3b4bda3fc1b06;;;;;;
42ed86cc3567057ae8a679eea6ffdd7b;;;;;;
96722736a91fa05c33f3b763bf4a5edb;;;;;;
14515bfac0f1c536641846f1774cdeaf;;;;;;
6680e68000cfa222ff3ea6ae8db2b2e2;;;;;;
15b270b95409d18fe1c524c7b8441056;;;;;;
5e818649df6079a6ca5489aa0b19800c;;;;;;
dd705fd9853be0479f2284b02c796547;;;;;;
6260ec15dc8ad590aae939b8f9e1348e;;;;;;
adac41c1c3aef785028a9dc5eb612dd6;;;;;;
78e086a9e83a5d459f48d732e21c531e;;;;;;
3801dd5e3034cbdd938a5cfa6bed077f;;;;;;
7aa24993fd4462cea220bac2918ba07d;;;;;;
fb18af0d650ff9b222c25abf5cb062af;;;;;;
1d9f88cc3f5bbb3cba67a1ffbff9c607;;;;;;
8956c9fb7a3e760096482d6912643dcc;;;;;;
009b1de4127b57452d9bbd89c2ad9069;;;;;;
c832ff387ca265713ba8ff7bae193e30;;;;;;
948ffc9410e06fb833b27f015da93779;;;;;;
4b557b8ccd565f175b752254e6fb137a;;;;;;
e769a307b7c33cc2b06193d5ad5853b3;;;;;;
8f0c77d52e490d97865506a367096204;;;;;;
ff09b997c81525ed984842db2bc7fb54;;;;;;
9e22470f5e0f02daf92fd40974d320b3;;;;;;
084a0120122daa8f8383f9cb9c06e437;;;;;;
d1f9d311caf88373574c4637996d1263;;;;;;
a54dd533c22d20899374a75bee949377;;;;;;
f70be309eb6252814c99864a6036b0b3;;;;;;
f8fb9b9e717c1398b34a6f3a5ef4b8ee;;;;;;
a55395810ed7a93eb520a2556b52feac;;;;;;
0ee94a546a4372cf7c54e57cfc252c61;;;;;;
0ac834c561a1dbbbc58c6fd6887f88ea;;;;;;
14bea5eb7f2f56a49caec68b89c5d73f;;;;;;
48aa76e85272e3cd25fc38de5479e0de;;;;;;
7cb4a9c95f9eb2605f08a2e66dd9f490;;;;;;
42c3f08a40aa044ec83e7def5f98c76b;;;;;;
f6f06125f8f634776ec87e4bdf6b8847;;;;;;
9498fceb6c575dae5330540a2a7db9c7;;;;;;
68e8f84e1977117106c6dcb63834cf02;;;;;;
63ee54331ef494b9762bfbc400099c6f;;;;;;
ea2dbd76758863f693fff423daf15b50;;;;;;
87a9ed0d6470b7b40635985781c6d24e;;;;;;
a8b223f7303389ae3cb4869071c96123;;;;;;
2a034fbdd73ea077cd318e677e7fc09f;;;;;;
b6457dcadae8c7229d1b916d87716811;;;;;;
0c40adc7e9d62588a1fd9b8498daeb1a;;;;;;
0c4da8315b0dbc6dac72c1d384eff269;;;;;;
05f2d0afbb3569d1b1a3560bd0c300bd;;;;;;
a25e9ab1a58864464e6905cb55e48fbc;;;;;;
801c227d64ca74c4f1040775e2107a7e;;;;;;
672677c747ef744fa011703a456137ac;;;;;;
a63d8d6e0ef097d350a7cfa595acdbb5;;;;;;
c1506fe16a53f82200e2fed1dc4a4d83;;;;;;
1a1751f2777ec89286504f9fc1ee0d11;;;;;;
3df7c7a1d0f020aba8ebd997aeb7e17c;;;;;;
137a9f95a4e9a057a2dfb52fb67521b8;;;;;;
ad63994822d0ec99796503121176e344;;;;;;
00eec9e3776aa8a79192be28c91c9901;;;;;;
87a8271091259850c29ac64da826cac6;;;;;;
25c7370d8673edd80cb6c6d7657a80a0;;;;;;
f12fcc6726420980b12acc54ea04f371;;;;;;
43536e5ce9963bf05e6cac842f2465d3;;;;;;
59940eb158027b30cd751f0c30e35de1;;;;;;
bbceb46ee94e0bdbfc855ea4ffebb6a9;;;;;;
3207c32ebdc7a98f0c3fee38d5f32695;;;;;;
af73f9602d7f6f5f60e3292dd71ee5ea;;;;;;
8aab809ef0c8f349303cb44342f295ea;;;;;;
61e6804998fab24b49f3dfa3556a785a;;;;;;
41e2c3614515ee4a9831aa27c5409a25;;;;;;
a8c5663887817b331fc45e38e2262676;;;;;;
f0edd938c36d0f8357f2dbd6ac63282f;;;;;;
98e318664cd97e09b4aa9d22aa647fb1;;;;;;
327a40a808d67e66c20be5058c69f0cb;;;;;;
1293bcbfccf3c1e0838c3f9b9e746d00;;;;;;
a0cf924face72f8d29de02e095664a01;;;;;;
ab56149b71139b5f0bbceefd936afce2;;;;;;
cd272a2e99dea3a1a8b67b76f8c599c8;;;;;;
ebe687fe3233ff373cd5755366d82696;;;;;;
221b0e7926d2802d3607d16f18ad4273;;;;;;
9866b904570bb134ad5813f6e199f01f;;;;;;
8875aa2b6295db3fec09384d1f7c47d9;;;;;;
4de3f48d38c968d737e07494345ea722;;;;;;
f9c7934aecf6066c315f75f103fa227a;;;;;;
2006ce084259492aef70391fd885d3db;;;;;;
7e53c9c8145ea67f50069593300c4b4c;;;;;;
b087093b1f49b0d760b3665501038ff3;;;;;;
10ca6415d2ad0905e5e7be37f9da44c9;;;;;;
d93e0dcc283123fe5401d8467ea0eebd;;;;;;
8dd18fdff3972a970d77f0aaa73d8805;;;;;;
659e6e0631cc137a1eea1f97553f3997;;;;;;
6ef3f53bf8634b7e722ccc7663d439fe;;;;;;
ae835a37b7c34e4e0d5ef56e995513fc;;;;;;
e381f66d802f1fe9ec843827e3d04680;;;;;;
812f0e14e2ad49a240104fc7a6b877dc;;;;;;
6061a509ef6d9e96d8f98a6539589447;;;;;;
6ace99d936abcce76a91d46c9cccebbb;;;;;;
ff5282ba77bd4295e6e17bbb2e192697;;;;;;
afc0d5a6d3d31171463b9d1b7844b222;;;;;;
587f8a77bce7aba91c44fb4eab1014bd;;;;;;
7f932e45fdf2ffda3d678bd657ab4a24;;;;;;
34c125e26b914b3916003ead19738355;;;;;;
4269f326093cb3ba48d450eee4e34558;;;;;;
b5605be61df5db2578c22c7b00fec839;;;;;;
9168997f2e3783dc4279ac265e46f5f4;;;;;;
ba59347c68e50f170e808905bafed5d8;;;;;;
6219dad0525a7370f533c5413b0674d8;;;;;;
1832417193656e50fb74d61ee3017c0a;;;;;;
61823ca97666c545519331a3af3c4d72;;;;;;
cbd5651fa248164a14a08a75efc040c1;;;;;;
763679a6d43f9874256ddaa309d450f7;;;;;;
bb01c2d23ba861f2a109a5a7cdbae073;;;;;;
cf4cdc83e5f7cd6471f653ef6a36cede;;;;;;
6423f8a3f239f5ae942384199658d919;;;;;;
26806e177e7150bab17249163ca24629;;;;;;
5c249451c21812f9f2266f942fba2062;;;;;;
aaeab4c1113f4f4574e55344d857f41d;;;;;;
de1309b4432662aced0081c19043f0db;;;;;;
690e02d78b80d3ea34b5a314816522c8;;;;;;
d6c2e2f956435c976f9f71e539fc9711;;;;;;
18d1b601be6ff982200629ab3d47154d;;;;;;
b552c3566ef3c6fb60ad078946ad5f35;;;;;;
3638156de2cd726f4d117dabd0cf9e9e;;;;;;
dc68ffad4e8d7af9e8f812a7413d141c;;;;;;
00f3ae3146259030c1c4cb35877d1afc;;;;;;
c1746aea41255c5a2e3a3aec851d8ce4;;;;;;
b68e004ae6a65839272d65cb25083a78;;;;;;
fd91d360729edb0a168682a1bbc44d7c;;;;;;
9e95e854c3b31d6a5055ffad3ab8af08;;;;;;
7b51fd8b708b4502d7ce12d0851de043;;;;;;
e1bffa7ae5c28d0714e9371596601136;;;;;;
c05ff1a2628a6cc9ff9b66ec217184c3;;;;;;
f7ec662264bcb21df2e3034451cf24ae;;;;;;
080f575836f36217c75824836ddc24e5;;;;;;
6d10b3b047c4b99c19ee1241f800b45b;;;;;;
d685e70dfa2e80a9871e0ea3071c4bfe;;;;;;
4cd1f849982e49b7644ad81a169325ee;;;;;;
5977e12089e487cb7a839b2ab117b93a;;;;;;
71d38b308cdf2eca360262441c2d2c8a;;;;;;
660321802ebdb3928eb3471ca4d91d04;;;;;;
635e42b3fc901b96ae9f1de0bcc63b2f;;;;;;
acfce3eb7b392e4d7ec737e1ecea4db2;;;;;;
c2cd55030f066d87c7833713239e7554;;;;;;
6b8c514f320669f68ce3c21dd244eb3c;;;;;;
0e2922f5c2d64565933612fa3b6a6f8c;;;;;;
54e4b95ea5d17c1f05cb0102fae7c554;;;;;;
1b681069419d10dd9f6b51ccb5cd2cd3;;;;;;
05275b91836023c7c9388f940949e657;;;;;;
e9d6997d296e2b96a23c770c4f3b3fad;;;;;;
ab52e73e997e1a6277f095bb76a2906f;;;;;;
45ee19183083fa8116fd6f27c1c48806;;;;;;
bfd588da35736851de52c316003ea725;;;;;;
f713399bdc1f02fbd4a85ab24a810bee;;;;;;
47b27424903b37e858df61777fdf79b5;;;;;;
88538cc953ecbaccc07c286746712f39;;;;;;
c8eb7b2023d59b1ac83db40b5c232fdf;;;;;;
532a073b807de1b983651b7c2b08226f;;;;;;
e98a3ae1042d1cc9e88a3e8dc8260fc6;;;;;;
40b1defafc0b635dbb2b3a21b2a202c2;;;;;;
ad9fe350ae84392fc80c3df0b4909632;;;;;;
445f0b55bf0bbdb7015618259933d368;;;;;;
c9c72acbecd8514266edccfcd46371fb;;;;;;
fb7a2c2276239ea702821dd96afaabab;;;;;;
970255712c3995b08c6da137c99119bf;;;;;;
e49bbd6ad227f25230049141c008c691;;;;;;
77742ede1e2a440a1f64883086c1d428;;;;;;
a44a631845e8e1e47b5c2e08f9865e88;;;;;;
56ecf2d454dc381324fb27dc7ac22356;;;;;;
87e4da0a3a98d598665809dc3992a16b;;;;;;
ab3317606064d8ebd60c3f9d8a3494e5;;;;;;
a73685a5822b7e9336cabb0b1e59fe36;;;;;;
b994f4eee8ab544d2b97bfb70ab97a1c;;;;;;
d7d7a4bcdaf5479025eeaac5f81df0ac;;;;;;
ad7ae89d89a9c620b1d30996b8504c2e;;;;;;
73f55b2ce1196d7a0013bafe9e166987;;;;;;
093d09f19d402c781f90d8978ed12483;;;;;;
d0822a255bd706774d9b23e0238a29dc;;;;;;
6f97a6ef65cf5dc557daa131ffbeae76;;;;;;
1fd8c136dd97528660419129e0017264;;;;;;
7a13bd1a92f4dd6430ea3181e250d08a;;;;;;
42491b49e5a9031dc4554d31b47f0012;;;;;;
6fcc3f239811c9c0ea29fa2d5306b604;;;;;;
eadc7821750579d04224c73f88f87110;;;;;;
dbe3154dbc87c3dbfcc706cafd73539a;;;;;;
33652773db911ef2eed1c8493c21fd9d;;;;;;
9aacb97fb4090d7ce9da4c76225749b0;;;;;;
0554f49b545c9af3e2be8b8ab4899d2b;;;;;;
c8c6475588df738eef5f6cba9b035962;;;;;;
fea8c80ec26852db6d85b6ca897efcdc;;;;;;
7bce9c67a72925b366d6ee4aa5dd309c;;;;;;
fffed662f066f0194d2df7d0dfbbe120;;;;;;
ed878bd2a4c59e3e990aefe451a4607b;;;;;;
1ad480b3abd627636e9457044bdac248;;;;;;
8763c5c4d83c5b380e231a5b63f4ca77;;;;;;
f00d708e1cdb3e2d5443fa39f45c2657;;;;;;
4a3023cb1c9783aa7bee44d1f65ebe6c;;;;;;
a345c16a528ede64a902b765373fedf4;;;;;;
96bb7ebd8b6882b829adc7f5b37f4800;;;;;;
7f331525864e3eb932c35d6ec7943fbf;;;;;;
a28d0f11b6285ce280cbb033c7669e93;;;;;;
1d8bfb69b36a7bed25218a396128d1aa;;;;;;
9f3d5296583b4e6beb4de4978eca3361;;;;;;
0c3065d0a76399f5e52685b28883ee79;;;;;;
fb5c0f5cdcc5e28c6e1919ebe9ee00ca;;;;;;
84246bbbf8dc2125ae824dc57f8a3de9;;;;;;
f40b315b681050203f86e29439bab16c;;;;;;
5ceb0f279bce200567a5d1cc5d2fb57b;;;;;;
a07b059694544ca406b70aab8eee6873;;;;;;
0b905984ed625250d0683add247110c6;;;;;;
a69595cd1d9768dd1c58ff1ff45fbd3d;;;;;;
4baec8db354934fc64a4fe685e39ef64;;;;;;
f52fd2f29f3d3891924524114e47253a;;;;;;
ca9a89f9861525bc13df738c4e788dff;;;;;;
2e94e41835268a7c34357f145ac6394d;;;;;;
b3f4f3d9446374d8a0bf3f8fbfea7df0;;;;;;
a96800993821eecf52d3c01e72899c39;;;;;;
f4c7757115fbd8ba62d1f443ef97ab11;;;;;;
c15d71e26d196e093761f39b8a34702a;;;;;;
6b04e9743919d743542f0bf4db7825a5;;;;;;
f52655e6395920ea446c498bb5675da6;;;;;;
b5bc1aa89a674d07a0edfb93ad22ba40;;;;;;
f1f77bb8bfb5e43206a4e4995a253aee;;;;;;
683c78ff2d372d357b6e8b35e886383f;;;;;;
ba5b97b84c9083cfa36b88a9f98a3783;;;;;;
cf0fe8653a7403e0c36a229447c47729;;;;;;
fa6b56bdb27959ecdee3aa0c1eb170c7;;;;;;
ea7a1a4906f901ac873451230f03f74c;;;;;;
eeffdd1c78f51726f3ec54ccee43e97a;;;;;;
e711454339bb9d201442f8f295f3b4eb;;;;;;
3b2ef70117670a89f7f1fdfb06bc66bb;;;;;;
a56927e6a4d128f4c39489e170ee7d36;;;;;;
5f97fc2fd392052774f2adefa586af29;;;;;;
053400108ceca76e4a18eead8608d7b2;;;;;;
577327e66b38f945fb29c3c4bc3b4a4c;;;;;;
2e1a6cdc6d121c7e2f1c368ee4718c94;;;;;;
736361eb15033864e5c9c2cff9b8d1ba;;;;;;
3c0de2442ded38cde2b01e13273e0c20;;;;;;
afb0063d9552d00669cf90959a203ee4;;;;;;
4d4b6928e9f5994429a2a9b5b5fdee77;;;;;;
0edd786ba458e166facad233129eb6cb;;;;;;
b1c8b88e6fd67341210c048bdb3d85e4;;;;;;
712e20ab727f3442ebfa0de4754ee6fd;;;;;;
2fae389a64575f2b9270872c5c1cbd7f;;;;;;
6d7102c2f3bfe0a7c4509b4cad41f106;;;;;;
e0ba8e74446120f8899dd08f63f7f989;;;;;;
935a8b4af6d9fb7ae9c1a0af9a85bb4d;;;;;;
d1beb6e97b033cd7f10c246be5088e1b;;;;;;
69e0564feb8606c943b90302a9db5d75;;;;;;
be6c01c8a7486bcf434b63895c39d7ac;;;;;;
546844e327276209fb7b7061f5b2df9e;;;;;;
24e0ae6440b406eaeb4b64602a4f7d86;;;;;;
de59f4bfb3f0793dd701bdbe92cc5e59;;;;;;
06206ee2c0c74978be5507b29da7b16f;;;;;;
74f0079b818617d86296ca3d1907dfbe;;;;;;
d6b0e952a5a45b177880d5f5e3c0d56a;;;;;;
3751e6991a58e75eeb6fe36329936203;;;;;;
ca8dd0b5de104dd2e50336affe615cf3;;;;;;
d7d1103f87490736fb50934955421b78;;;;;;
f637b085cbe8930581c816dc6e50267e;;;;;;
86df92b7818c2267ba0bfc5d9b13d08e;;;;;;
dba6653e062722c92da3032f5c3d875f;;;;;;
f89e0689380fd65c53fc3a2b9a763bcf;;;;;;
41f953982538bbe74e3201a72da5403f;;;;;;
4eeeb9f8e5f34d37c5fa0e80f41d3005;;;;;;
08662a5cfeb82da0b7ee7c9f3d80ccfe;;;;;;
1623e64e9e164bbac5510b831c5a0fda;;;;;;
7a72d3119898b74ca749f788ac233bfa;;;;;;
736ce8702c66bbabb2b92b6af43ebcc4;;;;;;
a63dec6ef25c10228e13ee939d6892b3;;;;;;
d60703d4aaff8f5ad337eca51ef2576d;;;;;;
0c1badf73b62117d312f2f2cb5024f8f;;;;;;
f2532a6238da80766b58b61c7a6a7fe5;;;;;;
c233bc8aa86e4241bc186a79b96e624a;;;;;;
96d8738230dda58b1c9252efaa42b3c0;;;;;;
423b7435800818d4a9ec9536bb2cc65f;;;;;;
95295a6aed679ecd0cf0bbcf8da1a6d2;;;;;;
b8f7ebbf50508b34fe65b104a6781f4d;;;;;;
8840052f69d913fa520ef99082e6df2f;;;;;;
2835cf648d88617b7b77302cdf26643c;;;;;;
15fbbd519c094b88579186860abe5b2d;;;;;;
28f5a03cf78ce6b5297d7c859dce58cf;;;;;;
4a4393dbff59e76f4182b2c38d9b0126;;;;;;
7d54f11c37ff45a21034198ec2d3ba7b;;;;;;
44382b55e8dccc49c5892037e45d2087;;;;;;
8d9cb6ae146fe6005dff0f569fafbf43;;;;;;
fdbd6d510dcded3da8e8d989d38176c7;;;;;;
4f7faaefc9e4e38b4cc41baffaefcd4c;;;;;;
09eb1ea1139308012a3d73d803ae5f3d;;;;;;
5da987cef3c388b82bc699c4d1f47ac9;;;;;;
b046ed183f5035176d682b0ebc945956;;;;;;
d0218f3207a073e7d7b8e51e84f41456;;;;;;
dbd823f334007dc3ee84d04a3b36f1c0;;;;;;
d8f506b1676014cde46faaad5fb80192;;;;;;
6f543ac57b17dbe03623200d9c67e0a7;;;;;;
b6934d3dc5276ed3350e45d4c7b75d43;;;;;;
063f16e8fa4c38e58696d8907d4a637b;;;;;;
370394fd86b0649d287762a2ad550d1f;;;;;;
4f873bcb85263e5e1fb9cf524eaebeec;;;;;;
fe6eeb9ad588edfa16b8af5230a14cc1;;;;;;
9fbeead7685d544b989c7bf18a60e286;;;;;;
a01e7706281d1cda172dc0ea476dc965;;;;;;
f54905cdf72b7da767a606707c16d9ff;;;;;;
7217c3321073cfc60d965163a404c685;;;;;;
e3cbe076f7e552291fa89311aea0548c;;;;;;
df2228ecc72ab48e111ca828a3d83653;;;;;;
06a27e09d1d0e10142dd421e87b7c5fe;;;;;;
1679c0f04e9bc5545e4e0133f4a27980;;;;;;
83eb8200f7b67f604d623427999bbd9c;;;;;;
6f9eed1bbea70df337069a6f4bcf963c;;;;;;
bebf37f13a92d23ec89ea7a438686f89;;;;;;
d2e6969fcf7d65efa2b556f4fd8bdc21;;;;;;
ef9ac2e60ea7935d7d270f8d739e0b79;;;;;;
41218a57827324add6923cbce75c3739;;;;;;
aa11b6b675357b5ca696924476e7aff4;;;;;;
9f5a43cc785d4c19e98fe8c0d12e549d;;;;;;
998f4710f60f5db573b43b0a350bdb99;;;;;;
5aedbcf506ab09bcf102e9457b23a748;;;;;;
ef82d0c9cc29425fb0d66c7fa7551222;;;;;;
9b4df33d29b80ef504a276e7aec22be0;;;;;;
55b5a31c071a9d4f84e7c81312371cf8;;;;;;
8fd499255d986d49d9f861aca72172fc;;;;;;
8a3f43be6ec091899a73247eac6c5462;;;;;;
77319413f6de8af396f59c1e48fd2beb;;;;;;
7eea77897fbaec499bfb37f6b2af2aa0;;;;;;
0ed94474b757f314d6846b3666735a7f;;;;;;
26b37d8287d0410bc3c9685385f248bf;;;;;;
ed53b91d75efb14be1b1d9e234aad88b;;;;;;
5f7c28c6f7981d94259bcbe427cb1881;;;;;;
d5f994952c815503462a9e7a8454d9b9;;;;;;
0e70ed5e7bac3207e0459081515908a9;;;;;;
1d9a1f704835b34b016fbc04eee7470a;;;;;;
d8683490e1bddf5446436f47d3182843;;;;;;
db4d3d055a3303855183483a086ece33;;;;;;
211c10d47763b26a5565a4faf36864c8;;;;;;
f8288605acf51d881a8d9450e468ef00;;;;;;
65846ce139866a06263d9dab3cc9dd73;;;;;;
d67efa26fc451a63928984125102b09d;;;;;;
07b91532724c66fa1b5442c54426ace3;;;;;;
e9591bf4e582b115a851506e90ac4f18;;;;;;
f8973d99bfeba44b0827833cca01f52d;;;;;;
a2e03aab1d80e4bdfdfc169381e1709d;;;;;;
1c829e72178e3a33e85c2f3d0bc6b856;;;;;;
96c84c608f35cc153060eed948aee699;;;;;;
a00d43e8a35a6b6db1e4f44f8ee1ea46;;;;;;
47673c7403647f4589c4ea0da2b5f914;;;;;;
a8f824ad017c03efe213245bf2f9eacb;;;;;;
9cb44aa344a547654186419261fafdfe;;;;;;
7e81f9d5b96b51e90737c9936efac259;;;;;;
eb2adcea85224aba988e448324b6d71b;;;;;;
8332990ec8c25471709f4952d3a9a40b;;;;;;
b1e41c24d8f053a65cc4630600d1040c;;;;;;
8b16acc8412a19f0fcac6784b8e5dc9f;;;;;;
f7a82b925034ceebc57718653003a3a9;;;;;;
85901261bac4e7c4a12ad04993d0d92d;;;;;;
9ac1e26faeb0ea8a4a1028e29a18f46c;;;;;;
b860996b34fd5f11fb034366bc414d74;;;;;;
8d0fd5b6fe4b54f20c6247a015dbcc22;;;;;;
a765bf8c78fb28d6cc408a6a88cd734c;;;;;;
3afa26c96dc222a1889929276b6a429e;;;;;;
17fe8c05072fadc49658af40e5dc2172;;;;;;
892fa063ba0cf4ecb386a3c1c1174ef8;;;;;;
4f4e72112c560a59ad705a99cbc83542;;;;;;
9959b8ce03cb5b5b7e27264a0865a105;;;;;;
b12890c080ad0a244bfbbcbd7433ffa1;;;;;;
062b522cc724f5bc2e08c096c4ad471e;;;;;;
bcbf963cfd94aedbb67b1cb68a24fded;;;;;;
5aaab8278bd68e0607168211d7f77210;;;;;;
b95a1fb8f60ba0a2f0479137fff112a8;;;;;;
fba04a79c3fcc37fc45c6e54859d49f4;;;;;;
017513c0dc5644df059efdb1f4be3698;;;;;;
0fa9d7011659feb2bc865e918535b205;;;;;;
a95912385a160086b19088d9411b41f3;;;;;;
e740f8330d96939edc13615d70d8e05e;;;;;;
aa8d011efb588a94e02536802975495b;;;;;;
0e3ea0dcef90c1b8215b27da086e2eb7;;;;;;
dcc393b5172447276ef266c91d9fb966;;;;;;
1c41af4b430d54c9ef9af971328a2604;;;;;;
68417798e043ca8403f91901e11814d2;;;;;;
bfa03c976c2a7b513c705f4c8d2df6ec;;;;;;
3c96ecc129de6695fa759a27e9251201;;;;;;
1fa16cd85d8d7a5120dabbecdf5ff55c;;;;;;
f8f22acc7c3303cb160d00ea0c5e7b21;;;;;;
eae9a7f5c6969077d35fbd9d6760347e;;;;;;
f3703387fff39f48e89302cc78089ba3;;;;;;
f6799fdc3c30de449c18092794652060;;;;;;
47219baf679f15415736716dc6d21b33;;;;;;
d36fda86fc04c19d93f8e4a96c53d2bf;;;;;;
e90048c6feaca72d9a7757363acdf126;;;;;;
8dc85b4f68e275c190f85dcae4bdb1b6;;;;;;
9982f585f454c1d5ae497e8220b22def;;;;;;
bbd1640593718cbbb99219b6fbc03ad1;;;;;;
e4e544940b332241c2eb75537a3229c9;;;;;;
0de0c2d7780b33f883ebceedb2a20e02;;;;;;
aa913deffc220dbf4cd5bef7ffacb0ad;;;;;;
8ea89237a41056d59d5f7f5cab4c1bab;;;;;;
4517174a9754f988a98975b7739a1375;;;;;;
a6dcb75699990fe3c0e30385637b340a;;;;;;
8d8914f8bb814935324b412158c71663;;;;;;
8a5f0c417c44bf6dcabc9fb12914cae3;;;;;;
bc37efd862c4ac3db4280b9ef45e8326;;;;;;
d79a909573238171339b852a4fe22c04;;;;;;
e12bb061c18ff9612939741448724c1a;;;;;;
00961ba5ddd0b9e45db903c0fe32a49d;;;;;;
2644eb7f82f5ec61d3072a95c02ba343;;;;;;
33eafc52ee1ccd7cae9227d6810c78e3;;;;;;
e29a500bd66e7226053a4321fe089f22;;;;;;
8fe642cade0ddf64a8fd4b018e04dd7d;;;;;;
1994ec57651d4a2ac92c4ebf52328481;;;;;;
adf405c69bb4d6ca4c90a8192143ef13;;;;;;
1ba352177e9fb66967781cf900278471;;;;;;
0d409999c7e1ff02975bf8678d809f16;;;;;;
71cd143e631f4887a6178cfc441bdd28;;;;;;
ca7abee3b082b7dcb9399eee8dded850;;;;;;
b1066fb460832e386f53dd31bcfd036e;;;;;;
dc6a2e054afd0e35d5a30d0f0c737ad7;;;;;;
21dab5fe191d88a7b9e0eff0e57248d4;;;;;;
8349384507a651387fa2c1038c75f354;;;;;;
604d18eeb52e5672c0984fbe2b8362b7;;;;;;
9fe1d6a52328851cfeaf6175904dfdd7;;;;;;
16f448d805021d1e6aafc17db4f1cff8;;;;;;
77503bde49ca768480c0be6d0177efd3;;;;;;
910b51aec7c053d6e23374db0949eb83;;;;;;
40277596f51c98127cbd3390a740954f;;;;;;
9a8fa747ffdcd28de29e894a19d449dd;;;;;;
7ecdccac42783087801484c68f571814;;;;;;
e8e36ccab5d53bc7651fb942a46df873;;;;;;
b95f2e4dc9a6fc80ed9d632c5bca2557;;;;;;
0163036abdc820ec4af7d7551fa361e8;;;;;;
e7d07b2afe86ca9081d61e17478c6111;;;;;;
9889945c771e1482923eb3b4cb73e350;;;;;;
88e2693c14c7cc0f6cad2c00440f05c9;;;;;;
d07dc7f641fa9d2d4d7b421dcf6870ad;;;;;;
67d2c381304dd306c32e47243b760d43;;;;;;
ea2f458653b97e749e228110dbee708b;;;;;;
c44f88db8a74c0553685224fd0da42a9;;;;;;
6a47f9d6118629598a16866337e357c0;;;;;;
326bf04d78ccaba518600804ed4a489a;;;;;;
178e6821d8ff62674c0f0f0cb86634c7;;;;;;
1cbbe3c9843bcc600a474b1b5deb5c2b;;;;;;
737908e0ba0a3e0e4965929309866721;;;;;;
526482d43b5c25302ef117899cd86d34;;;;;;
64c881e27dbe545d9176d41901bbcc52;;;;;;
217a0b13b6d37ba3766d21cf69551718;;;;;;
50e87c090655042a99c8f8a654dcf5a9;;;;;;
0557c814f87bef54593b41d2c635b2da;;;;;;
3f326c3e77bed999357367901d5c1a2d;;;;;;
dfebe1055823737ada4ae4ec8552e850;;;;;;
3580bc8d6607b92a4a9b7ea5852e6cbb;;;;;;
302728531f2b4b128d43c5643e5891c3;;;;;;
c147c83a55383c0398e7a16a2a1231c4;;;;;;
a66e2440f0d4712e913aae958dae964b;;;;;;
27184f9e9ae069c04b76022dea74044f;;;;;;
f250086407c0d388c206cad0142ed5a3;;;;;;
70799a5c5e6be13876fb5050acf29f75;;;;;;
f8144b6aecabbcddc067c229e16ad1b6;;;;;;
f454b509fbc4c506b20afe1e11eac835;;;;;;
bff41c10b61b6a8e2387730838de6b53;;;;;;
893f74a595b1547d07c02cefe69aae75;;;;;;
7e864b16fa729627e4921f85f0435173;;;;;;
ffb0675fc7dc88e485bc02d99c84b771;;;;;;
e0f172692397f941e1bf90358b520b2e;;;;;;
e4d09c595e6324438d9d962843ed4859;;;;;;
71854e705606ae2119769de0a31789db;;;;;;
b7b92729d88c7d4f224e1dc073b674ed;;;;;;
8fe415e218f0293d958fe4d324d2a22b;;;;;;
031874306b79495bcc67e795e49ff349;;;;;;
a3f77f33466165a9758ebd24f5d1b196;;;;;;
ab3b32209822a3f650b4a2e52f655b7a;;;;;;
e92878746332413694f99a1d372e013d;;;;;;
0e0b7e5527389e61bf101eda6d7784cc;;;;;;
2966b6b586a6ab86537ea4d13f4895b9;;;;;;
2ba23bbce08b4da0c413faa96001753c;;;;;;
07232bd5ef28ecf6286fbc492017c9cd;;;;;;
fa74aadf7a75c9d783bc6e72e00e497e;;;;;;
f824a3e1b66989bfeea2ad17290b2456;;;;;;
0ff7834caaf03ceeaaa6282b9a45cdfd;;;;;;
42a6f12964638e9f106aebcefe3638e3;;;;;;
3c4a731fa46ae707c95b4ec9f1a8f7e9;;;;;;
6b87c55ded971d88a5cf29bbb7b89327;;;;;;
02654c22764ba5d5ea70b405a70b1eb3;;;;;;
04654a956dc986a1c84757513c0ae124;;;;;;
13631661aec2da21b16d19e8a2dd2d84;;;;;;
f69cdbccdadc59fa4c6630de9025bd6e;;;;;;
1214d2bf59d63fa5dbc19b059177559d;;;;;;
4923960ea3f93039598959aa477e6dc9;;;;;;
6a9ac06e24efe1061f1f93c1be152a9e;;;;;;
bb921d64c40ae332644d594737edd8ee;;;;;;
912a76725c139a1de370141ebe43ff42;;;;;;
9c1a1ab3f23e307a727f3c35cdc5cf47;;;;;;
ff8cd3993cbd3a9acb4fcf9de970e993;;;;;;
ce65a4ae635cc8a17c54238569576e73;;;;;;
cea5fb6c3fabfbbcc7afa4c1aa3f1a8a;;;;;;
87950debf408c3bf87c34ec76880bde8;;;;;;
6056550b232e641eb8a8bebcee80ed65;;;;;;
8d0b6c2247be342bb4a11a3c5637f8e2;;;;;;
afe62541da97129f696d4668bc95a503;;;;;;
4b932a708163c09dba7cbd570ef32859;;;;;;
cdccc5d74ca9c96204bf4841f3b3c954;;;;;;
e71b79feacb78abbfe840632c9512626;;;;;;
dd71f08f4bc8b280fbd1a5cbe00dd78b;;;;;;
c77a126c849b9847cec5a4e9452efd22;;;;;;
e8d7af0f96f603e6b58080333fc13244;;;;;;
da59a4ab7344b41e9c9eef5f6b426c79;;;;;;
a557b67c4338a47104d83e956896cd3c;;;;;;
d0dbcdefea2061079baac0f7d7148be3;;;;;;
80643584b936e8086a81c0667656a8cf;;;;;;
934b9412f83608bd1f0e5c4d48942708;;;;;;
69901f24fa3faf5ca01a0b2c73436dcb;;;;;;
180c53e2eb1119d6880b1a4fb191ec16;;;;;;
ac92bc09599a1ef6efd45d7582659578;;;;;;
797bf8392173c113336f34de74db1df2;;;;;;
14050b01d0cc3e387bc50f49e23be4e0;;;;;;
45ea51eb1b383f764a7cf0f82e6709cf;;;;;;
465bf19c21002433a9210e217dc61672;;;;;;
4fb5b0cb53b21080f819d2e302e93f59;;;;;;
cded90aee312a4ae3cb3382346cb7294;;;;;;
820072ec8d1cd147b28e0082db2f8174;;;;;;
ad5cb2856ced5b34808a7fdafead38b7;;;;;;
722bf1c49dbeb233b45e973cfbfa8ba7;;;;;;
8ae87fa11b746d1fb0d26b3642b69cc9;;;;;;
c706ab0b7dc6b4c3e1406a22eb5daa92;;;;;;
2af0e12fe841d4bf720421ce7c7e8b38;;;;;;
ae48fe438d75db3f8a97bacd45b22e67;;;;;;
798318666ef18b01a0464b126b081758;;;;;;
9048370f0e2cb7b921a1c57d9592634a;;;;;;
9aa06c7377b6ae3b0e65c3e06639550b;;;;;;
6303007fcfd38d0f0c42b45789733823;;;;;;
544b45abae0305e104f9e0de3e4d7063;;;;;;
18c6c289257f0b3425d71c67c9a4ffcf;;;;;;
8dbb7e0027c8c5576802cb834b540aef;;;;;;
e58b3203d18d828e72b5633f1e246c4d;;;;;;
cf574bff0318eab23426c32dbd597613;;;;;;
383b7760b2f689913945341a3725de4b;;;;;;
dadea99936fd707d934230019f480678;;;;;;
f62a165a22ebbcbf87604b25827c506d;;;;;;
5bef8dc9544fa5fd50565a254d09c846;;;;;;
b512021547240fdf23a822eff32a9247;;;;;;
60809e6844543ca20ea8af10c919c939;;;;;;
c434ea13b70aff90c95dfed00ab39b5a;;;;;;
8e14db5370fe7fa9c071a559eb78497f;;;;;;
a5186305fd64ad61e888b8480c32fc1f;;;;;;
0b4c94e81eaffe726d96621a6939ec29;;;;;;
c6aca437cda2dac1252da84dff116f38;;;;;;
a95e0d79f9bfa54efa6b9a7423ab199b;;;;;;
17586ca96707d0fe2e931e207072510b;;;;;;
0b4dda74db266feb751ff6cd718067bf;;;;;;
10fb32a9854a5ab5b9e03dd2e603c847;;;;;;
079a13a5b117d1ae1807fa6577bc0da2;;;;;;
5bb02808237f827e8ae787cbd3f7e55e;;;;;;
22675b137d44a3a917d57c6cc606e81b;;;;;;
c3f67f8887cf7de1a83a4fbb66a27983;;;;;;
339f4160f7d09c7d9c8ba7e98f2c572e;;;;;;
f2c9e0e0247ebb931cdbf650317b6ed1;;;;;;
eaf0a1e232b5d57f9c9c2c70b199d899;;;;;;
ef8e21d15961dd345557d37b20a9f02e;;;;;;
2e909f770d6706b8f50cbcbc5cf7f8e9;;;;;;
f64f39840ca9f6a83d9c020087301f67;;;;;;
71f97fbd9cf3775ce9bfb300e1bda5d1;;;;;;
f3e758dd7af5e9f3725142eddb7dfa02;;;;;;
bbd0beaac3f8b59a12e1258ce23f74d2;;;;;;
595d5a97e4232b0704b60e26f4ea8c0c;;;;;;
595d666e7748cc85a54a05f6e1bb993d;;;;;;
4ee3c0117e31ab8487520d0dbf29933a;;;;;;
01223b6c3fe4366e30a8f34d37315cac;;;;;;
cd76e674cf3f12e4d1daaa5dd2a4d629;;;;;;
3e563b4c6c17ae4461a07c27a9ad92b5;;;;;;
29caddaa71be731855980f0022a793fc;;;;;;
e3a4e5c1e1808b0dd03893e0a4c26926;;;;;;
87cc2cb1e7f74e777e239fd94775ebe7;;;;;;
55738969dedf114e32de40dbc9bce1a7;;;;;;
a6e7b3f29c5991f725cd43f5b79c36b8;;;;;;
6b785b9fbc4d4afbdd608a0a2b5054ab;;;;;;
18dc473c446130f3314ce6282ad7d42d;;;;;;
15ce112424f1a7096d4ef5e82ea4bded;;;;;;
cf1fe366cd19613a14895d3fdc365e11;;;;;;
e1303aa93c9dfd7da7877fd628494797;;;;;;
291efa895b0e39360052393bb9327db8;;;;;;
c567daab7648356edacf26af834e01bd;;;;;;
770735aed33d0a863f48be8fcd7f30d4;;;;;;
5c2ac6858ab454632cfc04a7a3f58409;;;;;;
389126e6699d9a2ccf60f9847064ccf6;;;;;;
366027c48c2aadb3f3cb31ca9ce2d4c5;;;;;;
6fa205a0ad3bafe3a713080c15e607dd;;;;;;
4a6c1495ef575183dd4e44bddfe9a4f0;;;;;;
3058069f6b49457def5bb611eafedd80;;;;;;
1c8ecb7f3dfa720ffb473230ea7865f3;;;;;;
15cf25f41a3b23b661d45406f7b19c8a;;;;;;
b2931b741fcaa96388d8a7c4dd754346;;;;;;
0e6786fe4fa7dcdedb6a8c18942ef61c;;;;;;
a7c791a91b34851415b0cd773803e113;;;;;;
23fbbff0d91df35219b6b483794aaed6;;;;;;
66cb87da8950a2ee86c2de847cf6dc49;;;;;;
4f79ccc4d5415a1c88e8eb4a08f7f83c;;;;;;
dd62a75109c3c61456c1ea7f2f83cd56;;;;;;
867e7bf375664193dd6617ac6fa6f027;;;;;;
71a14bcdebf26291eecfdf55a530ba61;;;;;;
9bbc70efaebbd5f56763ebb42d326372;;;;;;
aaf81191604b4c20abd3d7603ab6b1c3;;;;;;
c4356d8cf311c745ac55f6ef77f9c22b;;;;;;
0240fd25a0121704f9486e08d58ccc15;;;;;;
47d74563889d736d7d632001e0a260ef;;;;;;
d1c206eb38d1fa1254766fc7fcc95f40;;;;;;
935cf41b6eaa572c4996720d9586cd66;;;;;;
999f8bc5e6d5718febf2029f623cfbee;;;;;;
0b8624d373f78973790ad2af2ce2e368;;;;;;
b558321e3cd71c3df6b0a56ddb394333;;;;;;
94086d9c2a65540b31cd2d008bb1ea0a;;;;;;
e5007a768c606923ec44ed716b600ae1;;;;;;
ad857da4352d25ea521b27233343de9f;;;;;;
b0574b895889260cafad10d420cc3fca;;;;;;
55cd05b129fd0fcd10a7faf8dbcf4a02;;;;;;
00ccb6acf2fab87992ffa7ab654af305;;;;;;
7fa4390bace43ff51fc6d80bfec89e62;;;;;;
fa0e47ab25e4dc8f0ae5c94955abfdf4;;;;;;
6ebc4b3919c36cc03b8b87eeb592378a;;;;;;
7afbfe82b39ebef8bf07765764d4ca4b;;;;;;
c02a7cab65ef92b3f41ac161b75f119d;;;;;;
a062299acd8cc809771083d1cb4a0d10;;;;;;
1d40778716c71288dfbc496bd95f5d70;;;;;;
a9733425ad85df6092b308a524353e09;;;;;;
ade870522abaa5a8de092f284c1099c6;;;;;;
f199e2f618cf174ab39d50a4b36c0eea;;;;;;
87e9d03a738b3d9cea024e3ed6c3d8ca;;;;;;
b5c7d90924b5db01ee1253766f1ff89a;;;;;;
06eb5eaa567d47ea836ec197462e6211;;;;;;
1eaf0e41b93573588bbc4eda3c4766a6;;;;;;
c202986a65d801a336fadefdd7c06d6c;;;;;;
1a5032276f766ef76744a87e93667ecf;;;;;;
dbd441dcab4767d20ae65e83090d65d0;;;;;;
2ff5f5cbc4be09412cb467a560faf208;;;;;;
6edd1a180907ec2ec4ed4ac8669b7a3a;;;;;;
c6e02ca151d1f0c106d63db3a3d8c6b0;;;;;;
7d21a0ef02458d0ae0cd58dfb42c169a;;;;;;
25a7ca2c7734b88507b093e8c0dac08c;;;;;;
af2974856c2458ad0781ccdf066479de;;;;;;
f229f98721d0c3d56ef67427753c53a7;;;;;;
1ca06f131592e3c482960419dba28c67;;;;;;
98bd580f7c65708f6b043857e7379f99;;;;;;
91119d76df02b4c4663c755a70df33d2;;;;;;
ab324058b2b35d23179b031478c58185;;;;;;
3d37e39338b29864e0b39d1ffa5e6441;;;;;;
6d5ebff9592eefa5aee915f3dcfc0bca;;;;;;
ceaa992032a73238266688fcbad97899;;;;;;
94ffb54bbff17b9713798d0945fa5ca3;;;;;;
89bb9a1096320b02058f1f795fd2aae0;;;;;;
98ff5fbe39c62483e16bb9d2c8601606;;;;;;
a9d176130d512a40101c17e1ef894cfb;;;;;;
be9403b1c150ea29ea911e6ccdee6d23;;;;;;
a55941bf414dd17f6eddc96faaf1bec8;;;;;;
a1f6227f200a99ad1d94b66e9d046248;;;;;;
cd3a6fcac4e43c21feb6bfae7eeddfaf;;;;;;
af8fe26b6f570bb623c12d25710de748;;;;;;
d04edfc0a0638184d01767a3d90cab0f;;;;;;
65d3dd1e10a1a57c234ccb5e9a7aafd0;;;;;;
34c6f899795cface8fb64e03dabe1126;;;;;;
30ae1af4d6d07ce8d70532aea03c68e1;;;;;;
f6f4011b2f399a9b233ba886a77dea40;;;;;;
4ad6af8d798e22f2068689d81915c85f;;;;;;
c6e24f243fb3ad0d16be5a969e5ee26c;;;;;;
0bde627c222e8e23ad37c12e6a2f70eb;;;;;;
9b8bdd41dc12b3e2c5b9afcee1f7a757;;;;;;
9cb2fac30b630caf9310466fbe6ee2cc;;;;;;
743be8ebb711449c3ce8a246cf62b7b0;;;;;;
c417c8af36a496702459395f846feef3;;;;;;
cc39fbb12e02a4bdbfebf40f1f8ad169;;;;;;
8d3ab18c510292aaf43262486634bca3;;;;;;
a201bf3bc41c194b5ae699f933d7cbaa;;;;;;
da9a9f02e06a03f0bbdc29a38a90e20e;;;;;;
b815e2ec35fef82d2d5bfb542b8be64f;;;;;;
159f3894da5019355327cbadaed3670f;;;;;;
8f7da2db94be16fe2f84b91616b52313;;;;;;
6f23ed2d242bfad0ecbf5d71a3f6fac6;;;;;;
cad8b765d703fdf9c10409a97c0cf3e4;;;;;;
8f8019993ee4b3756f90ade5ff090e0a;;;;;;
37eb95c58704e1671ce0fb4231dade3c;;;;;;
e551959e1631851197d2221d3a7fd4b6;;;;;;
d75a5d7df0e85cd7b24027b55098f271;;;;;;
7460337df7faf42c73737be24aae98ea;;;;;;
9836167c89d018dbef4fcd1841b06467;;;;;;
11ca6a457c69540af324209803719407;;;;;;
74a4e2a7dbb432ce9615c56d8cbb3507;;;;;;
ebab3cdeebf6f77c4f15145aad16415a;;;;;;
b4c855396f2a4161e5c4959429d95b45;;;;;;
d091f0eee6f8ea41388c1329a7877302;;;;;;
df1224fd8f12e9d8a344e080cbf95bde;;;;;;
2bd58b8bf118398848de1079d58e118d;;;;;;
cce69c34b82fc65ab5f88a99af1e0b12;;;;;;
212e9266eca26ff08f042ec1a1ec208e;;;;;;
55be6792efa11cca7339d098f7819ff4;;;;;;
5dd320545e1f11b6767a69c5f86f2d22;;;;;;
da005a6cb08ec1ec93dd494eaeb2ead5;;;;;;
929c41b4c6d44f17ac4ed5a4d998ae16;;;;;;
b5004875a1547986ac5ac915e9c65b76;;;;;;
f83d07348217dfab1bb23ced3d3e1daa;;;;;;
3a0edd5078a5a2d8e9144b4ef07263d9;;;;;;
ff04d62d2d161e13031067a1115163c6;;;;;;
fff1011a3868f18bcf2d69bb012cf079;;;;;;
58703658b2f27896bced7570239094f1;;;;;;
1216b59a43543672f2a6931c91fd0ce7;;;;;;
2713e9bf5e2d4c631f41da3c3204a909;;;;;;
27647b73e678833d84b9a7fa18457485;;;;;;
3924b8352b4562870ba840d950212887;;;;;;
5a8eeb98ad7e645cc1d0dcbf59c8c900;;;;;;
725325eb7200a30e15a3e1c3764f587e;;;;;;
3bc290c3d57508dbb24eb0014e1cd564;;;;;;
30c3e83bd4cd04230179efd0fa47271f;;;;;;
23e2dc3648f14797f011a973e5b34e81;;;;;;
2019aca3d3dd31747caa52f241e0f5e2;;;;;;
2e7b703725d962d548df8cae6b1abb75;;;;;;
70e5b88757594fe0329ef3a0be5225a9;;;;;;
ac40ee843be6ce9a0cd7fdc9e9dcf3b5;;;;;;
cb344edbe76f779f7c449985b5667e4b;;;;;;
9fef76f6492aeab0201753bd5d7db699;;;;;;
cb82fca42669e1efd06d172a88583086;;;;;;
c2d82b019904c6571dd43b9c98493d22;;;;;;
1c4d128d8374f962f9a7b8fb6c33b81b;;;;;;
8e28ebac0eb53b02a798d224282df718;;;;;;
a5023d1075aee45d3d6c45924e4bb650;;;;;;
4e23833feb38cf34ebeea2d93cd19070;;;;;;
74cac7ae437418e3bff7e58654a7bde1;;;;;;
a1058b75c8215819a47568e0271eb3d4;;;;;;
d458fec9ed057d9ac8570704b95c6d75;;;;;;
15bd2dc565de5b689b55b4d946b4fffc;;;;;;
cb6c95e15f2c1050ceab0b3e55968e54;;;;;;
762569013b5393bca893b722f4b6c2a1;;;;;;
cbe3b309ca4b8352b3991113b5a2f1e9;;;;;;
c54ea2f9d000fde00a68d2a99970c71d;;;;;;
ba7c7184ff0255805f2c5105d31a02ac;;;;;;
34adbfe1c8120c8bd31260b1eb0876c9;;;;;;
8966067e2723d4580e484983dbd62611;;;;;;
fd3175c3a8e89ab6bce0c357055522a4;;;;;;
78d3e2a2650a034beed0f530ef97f3f8;;;;;;
3ea301d9e61498157ba284e26aa9a3ba;;;;;;
4e8d1c848efe5c15f59f7da2c1915722;;;;;;
cfb1db0bab7f58b3de2088a344b7d841;;;;;;
8deb9220a76c728c104f4a4eb58e9416;;;;;;
00fe3d56bad1244a6125c1d758f858ec;;;;;;
356e2b5da68d29514a0b62913ce461e3;;;;;;
d52cdcdd6d0306658391c69f64bc8463;;;;;;
9fee5b626d155a4b42a697e419bfbf7c;;;;;;
c6d729f5753f2ba5a6ad66c389199a73;;;;;;
e63b1c90847429aecd9eec475b687332;;;;;;
1271dba1bbe2e531875fa9ea3e114c8a;;;;;;
d0ecd5e61725743cb6c4ad74a5392461;;;;;;
31e4ce23c317b1c568785b22938cdef4;;;;;;
a8cdd33ab0e4b75e6f4007a643415ed1;;;;;;
3a5d969decbeec4d5f568263f49c05cc;;;;;;
7b8c9cae7a6994d6c57aa6702bfa7b5b;;;;;;
945cdb2d00533b5c2d44b4be9ab8df73;;;;;;
5b8df62923cc62baa541f00570c61a6e;;;;;;
33538fb90ceaf316e0083e763a922e42;;;;;;
67591ed1a675565d4a6d76d841e493ac;;;;;;
d4ae5029ce81f15a5d8f826c1a536644;;;;;;
28fc08f00b2646dce4c0dda52b1afb2e;;;;;;
853079a9e52e4f89c227da355fa41d29;;;;;;
a6c3b123a380aeebd2e8b9e4ecb6c698;;;;;;
bd5e9460116d9dfde4f2fd62c19f2ff6;;;;;;
dc1012f330e1c71ecdb5d4b25ff5b67f;;;;;;
6089e3cea3b86eb59ff9e43e86433be3;;;;;;
a9cee61f313c503dc672f2c04f2b1b34;;;;;;
e3733c18eab01d66262eb97f0628e7cf;;;;;;
33b56d9a513303c887a5d56ee63ffdd5;;;;;;
11b04812b399c58fdb6eefd1bff6fa1c;;;;;;
795adcd63b1dbb4eec5297326960a41f;;;;;;
baec271ca6155980bb36085479fa0737;;;;;;
15159ffd98e3b6c0dec2451b2481e1c2;;;;;;
9b1cd7c9ba75e7045c5c27056c7b4322;;;;;;
1b55792d6d60739646845f67d1756b38;;;;;;
ef62626bd3aeec54cf09424818776960;;;;;;
5dcb3cd7337b24f5628ed16d086d1c3c;;;;;;
f5e89d68ceaa2b3438d31030b6132567;;;;;;
636a039aa6656796650608478ca231c7;;;;;;
f29a447311ae21fbef9ad46461ce583c;;;;;;
3629c1dddde5d661a862273252a0b058;;;;;;
0e35db54543237c79462b50a74bb4093;;;;;;
089e85edf0f6334cad2820b77c5733d3;;;;;;
fdb994dae915c934a269062fbc3f5943;;;;;;
056fea2e441f31030224d9e2175846f9;;;;;;
6e3ce2674f3a3ac02f9aca7336e2302e;;;;;;
0990e9ee8d9e6050d7594e421d2fe933;;;;;;
0381941bcb92f7494e3173d762652087;;;;;;
fdfee652562180fc2c50593489bb1ad9;;;;;;
0a0324f4811e9b5da33e9c3d49a0dfd4;;;;;;
f48dbc5bce20e644ce20bb35b363c997;;;;;;
4e71df072773a20cd1b48462b2edaa91;;;;;;
4b805bbe3d51fd2ec2005bddba803e13;;;;;;
a46031e0b6ee33feec7e12c00cd8fa32;;;;;;
9272c698a69633019de6943841a883f7;;;;;;
7f75b8e62965d8076f71b6c2d5ec852b;;;;;;
c6e01de5eff13c4e2b1594ec56dacd65;;;;;;
ae442c11b07528ff2a13e53afa4868b8;;;;;;
660e5386bf19a9aa3a3a4ca9fe23d71d;;;;;;
8d9b1c4032e32f03f181641a6e88457e;;;;;;
39fbc82abc8b06fc0114243b6eb77d26;;;;;;
112d18d9a48b42288707753b8f0ac4b4;;;;;;
3444051c0b4a146ad0e85dbb66a4e55d;;;;;;
485265e48f7113920895e9b507999f13;;;;;;
9b9807d04eb093f7d60dd7be959f2c51;;;;;;
00550020e2d164c204dd5ab4550078c8;;;;;;
c7027d4bb305410811a3f32a32abaec9;;;;;;
bf1ad918c99f76a1a4ff24f8bc11736d;;;;;;
13e86c30ed882ef1eb5006b94f862d87;;;;;;
56bcda922deab317824543caf4ff47e0;;;;;;
b6b2f75e6b1419d7e73c74c303cc1ba5;;;;;;
eb1086a979174c5f820a16c68a9cbc74;;;;;;
936b70f11c7137b512a510725de3d7d9;;;;;;
b21a6fd6213add60e0dda641b33f9936;;;;;;
edaa67d3299f099b87631468c00e9ede;;;;;;
92a67f1f6dffd05cc1dc2a78face89f2;;;;;;
3da1a0cf9fad8f72a3c36300d80b197c;;;;;;
3cb2c19c6b767e974c4bd41c398ef3a2;;;;;;
9d4b70b63df3e51e81ea1a854e9d1735;;;;;;
f35956f68f38e59d6238e5dd17b3430f;;;;;;
6a5b206c7a822385ca73d7e594c904aa;;;;;;
f964f8e794ddf7243efc1a21c5fae73e;;;;;;
44947ff9dc5486fad048516dff05eaf1;;;;;;
976f90f695a28fc3e5bc5c43404e1118;;;;;;
0655de8ef28caad40312f2bf01465d42;;;;;;
c9eab664c18298378d59f8b143b72e90;;;;;;
a798a31ac71c200ef8c2ceb8450628b6;;;;;;
22586790cbf03dc99ad2b192df4cc732;;;;;;
a9d2df5643bf12adf2cade9f6c9bb7a0;;;;;;
0ba472289774383002e4515ec19f1dc9;;;;;;
e7b1d56d834e4e5af0fd8ae2354b5d6d;;;;;;
c37ef9ed06407962b388b335b11d6e96;;;;;;
71315d867e1e8386545d4fa93cc9d04d;;;;;;
e60bb225222d8165ebb05b04bd5b48b7;;;;;;
69b0a6689213a0fb404c785991cfca58;;;;;;
5b1a7816c296c6701847201954c3add3;;;;;;
10c81afff9b8882c394aa0f4930dd06a;;;;;;
3dfeb16482e8f5cc384dca02eb95ffd9;;;;;;
7883e66dbaa508d53bee03b9dd4e6109;;;;;;
9d20b99c5853c9553d10ce0115744519;;;;;;
da902b7a732bd15b595f8aaf18523de7;;;;;;
41f495c932558f66b1b36ed314f5021e;;;;;;
a6a15ca0db2a16d46fb5a65ba2fd37ac;;;;;;
8b6a0c17c2f47dfe10bc6b49178daaaf;;;;;;
ba7484263c7b72e85ee09214e5dd738c;;;;;;
6b2da8667ed7ae1a71c53a8e368a6ed8;;;;;;
658b394901fcc4be90290fdc6980873f;;;;;;
4356ecc95b42e33c4224ccc46defc8b6;;;;;;
301e49aead21f07a1cb33b316407ebcf;;;;;;
d696f25f9224b76bde24598f1a9a3631;;;;;;
3f33955efb599bacd7dab4a0f98d13df;;;;;;
3678ec15365de31288b20c25b6a968cd;;;;;;
5a56886ccf129e800e0e6d2ec859b551;;;;;;
8679587efeef85dc0f3c31196a5049ef;;;;;;
8872bd7d835aa198288627f5645c2fbe;;;;;;
ee8ba4caae828e3d14acb6b88adb4f18;;;;;;
fdbc0627a5d44f691297a74b6bf8208a;;;;;;
9d28e82dccda723e354bfa2dd83af3d7;;;;;;
82dedb21ef652b24f377fb3a299f388e;;;;;;
7e4a6a227536bcfa42f3a4f17c542278;;;;;;
2e779e12e7d95ffba0d8bbaeb1fe590c;;;;;;
4b03707f68da9d11a47aa284ffc24a9a;;;;;;
63041badb7c37d4fe9ed94c7c4aa1560;;;;;;
56b8877e2de4bede0c7cf4882528c79d;;;;;;
30ceca7fb1e86eb31c75c4c810cd9a42;;;;;;
4559e1edd1e73339b5ad80e74327fea6;;;;;;
286ac0be4252e41943669f133e80aeb1;;;;;;
9bf957058a87eb0da3d5d69a7f7ab4c3;;;;;;
fe569b08fbc133f996e1e59887a05056;;;;;;
793a05278650068fa18a311b17f88b37;;;;;;
f2104c74e299102fc07fe55748526261;;;;;;
adf8af62d1cd2770950a38007b940fb4;;;;;;
2e0d1ff6c62255e4ba4a195a75178a9f;;;;;;
b8c3b47ed3282c1c62c2ba511d316239;;;;;;
7f1c28491b9571a4c9044627891ee54d;;;;;;
227da0d2af34c754351ff20599709cc1;;;;;;
3483248c56209315018d67022d3e3579;;;;;;
ee9ed2ba99c2318ee2578f63be5d10b2;;;;;;
b0c9640af6f6893139b8ba1ef94fd36b;;;;;;
2f030a4fffef44c0259ecc4a7e4f96b4;;;;;;
83dc0b2b7f6b7b8119e214c2b58b3873;;;;;;
81f1572798a15be50725bc4c8f83575b;;;;;;
cc8d6d48dd536c2375c258e445b2e46f;;;;;;
2cb6cfcb9cce250b3ba3f4fab653d9ab;;;;;;
3203868605d8b7bfd18330ce8ce97098;;;;;;
05eaa7e8679f377b727bc40e303bc2cc;;;;;;
f6dc052dbe6730f8746a1dbe850bf6a9;;;;;;
1b196896fc96536fd04fd0ce5e91b316;;;;;;
97c12a17a3603c9b01fffcc0b208d931;;;;;;
02fe2385bd323580d669ede9704fd02e;;;;;;
9cd233ee0256ea42a48b0ff95abc4644;;;;;;
58c0c70a647db809d0ba62575a0b5a91;;;;;;
1542e9d217632cf245960aea31d4b80e;;;;;;
aa41b63af4e1683b3977742360ba8d10;;;;;;
9291493f2b7d585a59340a09dceef449;;;;;;
9fcb47f11e590edd1eb0951043b965a0;;;;;;
39aef9910f24951064c305288a3f91eb;;;;;;
f471672618fbdb422229dfadf2422634;;;;;;
fcd98221311af43f6823fc2982af8909;;;;;;
559c3da8460d640b9a5196b9219d1199;;;;;;
77b494f75b293e7618950fdd7aeb2d79;;;;;;
ef5840d061b2c99a7de3969ee4c5fe86;;;;;;
55752dbb52c6b91a8cc22f7a30a9752e;;;;;;
920e23005f30eea12d15722a0b6003c3;;;;;;
81d70c97b6c602d5c7f34fa4b4edf420;;;;;;
6791eaa531795985e791ee8926be8e16;;;;;;
56773cc22ca69441137304e9658fc0b9;;;;;;
916edb18042c5aa11f897c5fe9ef39aa;;;;;;
95dbbb63213b61ba7d04f1a95807989a;;;;;;
e416e57b1c70dccbb9f131f6d5f88a7b;;;;;;
fff5bc7dd13b466643017da0428b637e;;;;;;
d2d6847eb1a114b52b70ec7ead4eeb8c;;;;;;
e544a2324b0bbdb8a3e0516e9ef20af9;;;;;;
2590ed3b85933fa0ce25543b48e9db49;;;;;;
d1293456a576248005a3623ec3879778;;;;;;
9c05638587118b56ffba40840ae3a8a1;;;;;;
0849a0aa4cc0be478c50892c31b0ae12;;;;;;
37428dad8ecc8fce7a176c40595aa6af;;;;;;
d15949c608c491e1703fd1e34d05119c;;;;;;
a5281ffb22be212e55b41e17a60e0bdf;;;;;;
e37dd80dd7d30f9325d90c163f6a7643;;;;;;
92b809f307ee6046fbcb8cb5377a9126;;;;;;
e4aea3bb87b25c75eb237e76f2b8792e;;;;;;
3d87231f747db4b62fe21e0c7b932ee5;;;;;;
dcea1b4034b26f03d42a6b4ca9eb1dd9;;;;;;
dcaf8383be83876f24ccbf42337758a5;;;;;;
88b65fca6e4fb7b1038db04f55cd015d;;;;;;
18c4893364d33fd6ee30da7a17b21620;;;;;;
69508d930e002a0b79ce374e53dbb298;;;;;;
41d32e7a37a6643cc6ef4a61fe4ae331;;;;;;
ef5b2b13720ff3d4185679453efb3790;;;;;;
02bdda3d020a40c056828fe58f33af50;;;;;;
b26120ab216c4440a2346be2233d5e26;;;;;;
840916d13ac947c2c4ba39e959062717;;;;;;
66fd5ac9c61384cc3cdde94c9564fe82;;;;;;
ded0fae540951dc6b9dbbefdb43acaea;;;;;;
413505d0a0be2b74f5b6a28e0694a98b;;;;;;
f94f50bed93063fa83cd67f8ed3cf7ff;;;;;;
ec47b9c40f2fc3cc6aafc81e459086d9;;;;;;
47002b6f8283de73315106d33fdf35e7;;;;;;
077ff78d21422be02398fa3106e04f5d;;;;;;
013203075d3ba23177b77d8a67844da5;;;;;;
1235622d1d6c8597593e46d7b5035033;;;;;;
9718b3fcd0f61a19ea1f3be93ae5a914;;;;;;
cf732d6fec5356e8a5ceaf4cb9e3aca5;;;;;;
4aa0ac9aa2e6ac8bee22e920ad44937a;;;;;;
d6ef1a38666bbf6c4d45eea0a465e1a4;;;;;;
c3731cc1947c67108460873019230f99;;;;;;
2d1e102e8f53673066cb88bddc5c6b42;;;;;;
4dc570f6524da7bef45fa68024995432;;;;;;
9f37a75f8ca8297bde8df4b150056af9;;;;;;
6cc0938fb55d5c7753727d45c9a8db0b;;;;;;
28ae19088ba06b28e807b55751efdc8a;;;;;;
ed84681c99b028207e0d435fba67930b;;;;;;
53d1d62c2f0b4bb19bb1a5c04106f1b7;;;;;;
28d3250f349db950c3af18878f5f241d;;;;;;
7cffbc3768da6924a32a6737bf97445d;;;;;;
b14ebacbf044bfdfc98123bd5b61d2ed;;;;;;
b3156d7ba42f6b8d89fc6d856d1408f4;;;;;;
64fd7e40dd20e7ad7384c78104c0b05a;;;;;;
1f340ff5c2af1182ce15086ea190d944;;;;;;
037616b2584e1abc37aec54c9d756d90;;;;;;
4e4ee08550c5f940eec17377adbc9ea1;;;;;;
705f7e5a4ac20e3390e544ef458653f1;;;;;;
df48a16da56b8bc7e54d52dd5f23188a;;;;;;
4a53a23b37e01310bdd4e1ebbb6469f6;;;;;;
f5ee85498f72b26b0ca62c71c7b4f772;;;;;;
3e12a24595e422d9079f1dfbba03529e;;;;;;
79e658b2b9bbfe5e2a883c2a71c74b50;;;;;;
1fee39a90f9c989ef866f393db7ab630;;;;;;
acc001e442f0c8a3a9b29a3e6990d789;;;;;;
3c53c934b825cd2bba3e9a31655468c7;;;;;;
584d9826af2de4e97eb0f3fc211a3e7c;;;;;;
cd858b5faf3b1f59c462b0983e39b893;;;;;;
bbee25faa7162da15ded1657b293404a;;;;;;
8f5f9f976c0174c5decb945252f5f827;;;;;;
6e3b3db8ef37afcf725f8c70e96c4356;;;;;;
5bb8fda78a0d23439e3409de5ff4d8e3;;;;;;
f7e0aa11e0bba774b2e543c50f6978d9;;;;;;
c5da436592c845f1beade4e620dd1421;;;;;;
8014642781c9e77832f208f3c0958b36;;;;;;
4f25993050e81db8e6034f85849fad7b;;;;;;
624dbfb7dac255adf81bec822195e1b2;;;;;;
86f83e7f8c3d2180c7bb0a8147d67163;;;;;;
79b44a36f94279636ce387a16d6a05af;;;;;;
1e0931b07c057bdc31210fab91ea1416;;;;;;
1289c17ec94cfa822c510be600fbc600;;;;;;
6e4db314d7537fed99170f800a774ff6;;;;;;
ccc4c745d33aa5596a846835af6e3115;;;;;;
dedef61572142ba9b0874f1a68970b14;;;;;;
b8ea1880187cf763d50c2ef564e7359f;;;;;;
d3da4545e5e64e6cfb8f329ae770227e;;;;;;
445d9e22c37c8b23009476caf2c89a85;;;;;;
80dfaadc1003199712972f4f3d33e4f5;;;;;;
6e0771b4c3ca44e1f5578534fecaa0c3;;;;;;
7e26402db18052d9415d9b7bea8e60e2;;;;;;
4abc2cc5bfa7cdbf78bd81a5bac2302c;;;;;;
a9e4f8c7f1282d5a7e781bcb457bc627;;;;;;
d91a7f5f6aea7bc69a431c1cfca743d7;;;;;;
73b9602795039e98fa7cde4b080e3414;;;;;;
ef67caeba7e061fd2ac6a2a96405be89;;;;;;
4d2dc585a60a6ff3d26b39f0f92104ac;;;;;;
d8b297f78d723569fd50969564aa2314;;;;;;
c1d00e4a19b254ff416e4e3f3de8ca42;;;;;;
bb9de3d668e9315da2696b1864536437;;;;;;
b8b08b52da64f76475df8bc5c8245e75;;;;;;
ad7769769053b3c4fd06bfb5a4699eff;;;;;;
c3826cc7a189e7e3d0d000b6e61cf971;;;;;;
b25d7bfbc1ecc9fd1e5241cf9da69487;;;;;;
44df42020065a586df358b17f084b8c2;;;;;;
2ad299f6bcc33b976fc96433684b3a47;;;;;;
6a6ce5e7de8b435ed7a5debd76de687f;;;;;;
0521f75587ea671450eb54911dcd5df8;;;;;;
c7e116882bff99589fcfc54719101616;;;;;;
dce61adb21d3645e6c598a9205d26ab6;;;;;;
08e06bee40d88833c96342c6bcd34a81;;;;;;
15dd950bcc91ec0781ff6e94d27eb2e8;;;;;;
513b3de628fd0aa0c7b50052e47daecf;;;;;;
452a10858b899adee3169b7a94ee81cb;;;;;;
71c8a21b7823512b658ff3fe64df97d4;;;;;;
3109bca61b0a54a710f09810586596f3;;;;;;
3ec3bdf2e0e3adacaee157450dedc178;;;;;;
bc9467e698df1287ed04bb97780705b5;;;;;;
1c5ced3358122d3b10791e963c73b479;;;;;;
3b64f075a0e3f01a3a618725cd593ce6;;;;;;
263e7bd4bb04b21ee3837da2fb4b11cc;;;;;;
006718ff7473037fb654e3388f65fc9b;;;;;;
9b4b717c780e80a682980417c5fefa26;;;;;;
ebe685441e77935488eb349af83f1f02;;;;;;
df0bb36af50cc10bb2b01cf0d4fd1c23;;;;;;
81a245745fc1303e5a434315d216c1ed;;;;;;
97dad14b59ceea77cf4413b6707a2a46;;;;;;
cdfae3634f15e6001283945db8ef8486;;;;;;
4951cba444bc7a9e9f571e5aaf713a90;;;;;;
687fee2cc9f1d387700f5f61802b1487;;;;;;
9a7645a685c2aac45d4043b986218351;;;;;;
093f3b50e99d982086f141d591698205;;;;;;
b12bddb42485511a2ecd1603fd58384e;;;;;;
8ee83ac613070052f81c4893afb4eb11;;;;;;
1c6b44484ad95e296918c63eb8beaf8d;;;;;;
90ff5e3a08bed407e74ca8b3c294ba88;;;;;;
c33c65c0d78f280a422f9f60d8438c93;;;;;;
4553737caa743ead28b906c4098e480c;;;;;;
8168f60bb2e00d879cf2f93811918e8f;;;;;;
7ab19b045ded1c69f466e664da7979a1;;;;;;
7a9ba359965b69a7d7151d3dae4d3e36;;;;;;
0aa91311e4958d5057d78618d1c98b59;;;;;;
d717071cf558d557c7b7ae3719ebc1d4;;;;;;
30be3a6a4fd4bbf28f8cce246ec6948c;;;;;;
339661fcff4f81b9d6eacdbc1ee512ff;;;;;;
dfe63431dd12b28327e4c0fa770a01d6;;;;;;
d3f5beb505558a18e918be04b2964968;;;;;;
39e03eb9a33c36dabe12987c966d44e1;;;;;;
a494f4107124f0b51903c0fbc025288d;;;;;;
9ee683de65c53814862c33c7b3bcffa1;;;;;;
9eed9942269d7f087329e536360c41d3;;;;;;
917cb72454ba53f80f878dddb9a5404d;;;;;;
efdd1c471917b306f861b1ed248dc13d;;;;;;
14ada598dfcf04b51db280a82940e0d3;;;;;;
6a48524580ee6724095417d572c45d9a;;;;;;
092fe3cf8719cb9a43d0476dddf042e7;;;;;;
b02b5d57300aa7121cd6241e7859f2f1;;;;;;
981036a3b281899de545a9bfe5192672;;;;;;
ff1150dd7657c9b72c0140ac6853d6f6;;;;;;
ea44bddadfe737d261f2fc76cfdb16c1;;;;;;
9864e4b1806af1b4256789cf20a932f6;;;;;;
f035142f0454fd6969ceb196c271a67b;;;;;;
c374e6b3a53640ae60a7f7c840d23869;;;;;;
a13421501dedd85acce7ff2ec6b6cc30;;;;;;
176cb6217d0ab7fa8170a8c8dd2632a4;;;;;;
b3d4be8d6bd0015c3c7ab61ee1f69f8d;;;;;;
27f2f0fae16097a7a6b2d3cf22dffb25;;;;;;
73ad8f19c86bc90ec6f414762f55d99b;;;;;;
f8cb31c443eda14c3d1cefcbe0265f78;;;;;;
969dbbefa0440d6abc81e49751fe825a;;;;;;
624a827fc2964a47fee322f80f6a345d;;;;;;
c67af558cfe82652b7ca02f75b083a3d;;;;;;
42b4535570ce7a03f1c41d9cf372a4c0;;;;;;
f55020614ca47d7fa3e3967d1fbb959c;;;;;;
620403487bc64c910e7b7796ca3d6dae;;;;;;
bf59e5d2b0a7e7cfab9f342dee7093f2;;;;;;
52cfede758656799b01e3e5cb2baa26e;;;;;;
dd8be2ccf47f5e99750a489e3bbadd66;;;;;;
0e2ed2471bf0d443130c888ecd66ee10;;;;;;
ee4064e8d00766ad145fc9e8e7040e34;;;;;;
6f40ff8cc1dc258e1962425fed0349a9;;;;;;
8127ef9671dd8c25a1279514977c7207;;;;;;
a19e08df161984df67b653903f154f2f;;;;;;
9916516f299d53c9bc686853cab57245;;;;;;
2d596dd9d6409fe52c71e98046f64731;;;;;;
0a214bf27b8b096530480cbf06c6fd37;;;;;;
b22cd30988931714e6a38b5be8b3955e;;;;;;
2645b932ef9a8fabad11c87af1200c53;;;;;;
739724289852cf88dd01077b9fdabcf0;;;;;;
d3187e18ca4ac8015b9401f426db71b0;;;;;;
0b3b7b482d871c1ab58bbf4cad0a02ac;;;;;;
c7f3dbd73be785f71d8a1fd871ca7048;;;;;;
304b9e973f00f24f937b73adfb600013;;;;;;
030a543298ac6a46d4e02035fbef803f;;;;;;
61e0720757c61005216bf0cdd52be310;;;;;;
3f51bfab705d849cbcf907c16c5f394d;;;;;;
e15c6d533fbc339ba03e25f4504ce383;;;;;;
e9c6bfdcb3488f10d0a56e4e4a378003;;;;;;
a3104f93bbd3462e7422380a70222396;;;;;;
99e9b74c80317e5be0c104a5200e3174;;;;;;
676a738b9a55a29635b6476c5dfa3837;;;;;;
ac4c008063c4989db8c64746d73e3373;;;;;;
2ef4d6db3474e959aff5fc9f729a63d4;;;;;;
5fd826eb3ed95bd13ddc36292196970b;;;;;;
393b5a067c270cdd12754b69dd2e690d;;;;;;
d2a81694e4f2bd08dc02b794f1b90769;;;;;;
5548dbf9b271775e47d5e5ddf77e8f18;;;;;;
7911858b5483c6e10c23a67680f1f4a3;;;;;;
68d22831106222524d2e156f44cc4778;;;;;;
3d825b57f3f1e7ce91e71fd01ab441d8;;;;;;
164680376df4b7209668ce3104fc3fea;;;;;;
ae6b436b4d763ecf8fa3309c979519c7;;;;;;
5dc80f36db4f7541c9b31c87cb9fe3a2;;;;;;
6b839ba4c49bbb767514c7f2909f2813;;;;;;
b848eb550e718a1d44bcc0d377ecd5d8;;;;;;
c6ad4d63ceedbdb49b78506ad90a4059;;;;;;
11b1010ac3478a3b1b061cc737bec90a;;;;;;
839fd6dad88b7d3c5720b02edbf4e08e;;;;;;
92014bc0fe2c5991e04840ad2c69e186;;;;;;
ac2257517e11647f970651a9e620eee2;;;;;;
5b7df46cce46627f5d775978c47b5af5;;;;;;
c9d202f401017a40637a098ebccd94e6;;;;;;
c02cf04e3b538dc9696e6dc4b84f1f70;;;;;;
be79549b61abafe2a63c0a321b2138f2;;;;;;
867651ba62998c8859312ffca6a87447;;;;;;
64e25a4796cdcad62b2d093d2eec3191;;;;;;
d024d9898863bc78c234818c5dad85da;;;;;;
6a84d904be0b16c8305084cad3f194c5;;;;;;
ad8ea8c95116425a94e95a981d196f8a;;;;;;
77ad8e93c14d0b0cff36e5eae37f652a;;;;;;
9a11946a79a78f09b33ff532478f2980;;;;;;
5d18020a21aa2068deba3de0c3856f84;;;;;;
8e2808dfb289a682bc1f1fcb95f75e4a;;;;;;
84bcbe35eb597296bc45ebbf9b50b31a;;;;;;
e96e892b1d3958cdc5ef14601cf3b53b;;;;;;
d715ad773e64fc330df27186397d0bfe;;;;;;
72c024975aee486db8fa11104bc31065;;;;;;
9fc1da295de4cbdee54b64064d1e19ec;;;;;;
ede1e4131592fdb942733dfa08616bb7;;;;;;
0ad0e2319fc54d3abc2fc620b3139f29;;;;;;
29673d01fe68a6fc5b7a128ae9f364ec;;;;;;
6de7d0c487479bed091da34de7df4662;;;;;;
136f40906cf100afae4e47fe6dc72865;;;;;;
8b0dbcb79c3ea6694575fc2044852601;;;;;;
3920762aaa3f7f497f92abd163856ab6;;;;;;
50e035fe3296eb6b618128df65173c6e;;;;;;
63fe02f2fdd5446cc01593c273c5631b;;;;;;
667dcac0376c167a54ab0d9ef9de8f01;;;;;;
4d0e59cbdaa5335403d3014a8a34991a;;;;;;
2e5330d93e04fcda088ae3600ed32c0e;;;;;;
6689074b91a8721ede29b23f9de235c3;;;;;;
bc5d5f33aa02dc48c328bdb2d573d6d3;;;;;;
489c0455c695adba547d8b1d460adfbf;;;;;;
ef7ac17e4990cfac6e55696e31fed7e3;;;;;;
da872fd6350e8921748e37d5e2cfeef6;;;;;;
558f96788d4dd31ff2c70abe2b488c27;;;;;;
6552c5919b7836f418138714fb4dcf81;;;;;;
c624ceb8149e4ada228daad02e3ce961;;;;;;
b38eabaae54740afb7264e65e6380485;;;;;;
6783d09b21a9239b836b6aa8ecd59505;;;;;;
14ada5049bef500b9f39dba067c11088;;;;;;
9ff9184ce8409400cb7e202a3c588323;;;;;;
6fb3a757e96a330b4648460cd6fbd3cb;;;;;;
c35050b81f4f956a56b751a6f1257845;;;;;;
8857bb3cffec6ef4028946c95518d162;;;;;;
bdc8691a4275b3d4214215482b7d4c5a;;;;;;
f702725d09ccb0fd820579e968c3bf27;;;;;;
7292756fc43b9f4ff914433d536cbafe;;;;;;
e7c827317832a399e600cadd0d5785f6;;;;;;
33a2f28f16f5460dac37f4712e0fc12d;;;;;;
0e15c214aba09491b2d53ae9e9188dc3;;;;;;
a749b63f112c1396d9dd5e4c72711236;;;;;;
3d03a80755aaddd599f73c29d6210b1e;;;;;;
47826b5a3058c472b12c8c51cf3ae812;;;;;;
e79f78caaa4aa794b44b356fdd05497c;;;;;;
5978719cdedbd23ce00cfa4a41e2076a;;;;;;
a96d2972af644b3e0daa9e0085d4ede5;;;;;;
8ba77780578f2ae0980df068dcd7c90a;;;;;;
b0b719bd46b39a288f75eabd576fbc46;;;;;;
d691feadc5cd3f256d9e9d0eaddd8c90;;;;;;
a22a56218c38eb98f57533f1ba9e03b0;;;;;;
c7e7475680b0032f9926bc50f316163e;;;;;;
d69d75f75367c17b61db1ad9ab25c063;;;;;;
37ac5a45e5581c2c6ae267495c4d3af0;;;;;;
5ef147f29576653c412af00e12ed199c;;;;;;
8bbb26a5b118ba556779fa1d36d37709;;;;;;
a21c76c569449d08742a670b33522e12;;;;;;
f782c4af0032b673bdd43be8f0579ef1;;;;;;
0f5984896c152ed43d258504ea78fe7d;;;;;;
dbd88afc2a6cfd7528daeaf08fba3725;;;;;;
ea00b18e7a51bd42e949c800c4e40d06;;;;;;
d936885ec2301f1baec4ebed8c142877;;;;;;
e0793ce9a185fc63ec7e5cd948bc4197;;;;;;
a4f27f1dff9ac03f190e955545771df4;;;;;;
4864ac33a053125f4db30360fe03e98c;;;;;;
9b12f98aff42940c782f2cefeffda6be;;;;;;
a40d567ef96d304b14f5f41e783cb9c9;;;;;;
c413a7c2bb1005bf193067454a44404a;;;;;;
1212d04b04797892300be8c27f4e79fb;;;;;;
c7d521980983467ae758a2cc7df68441;;;;;;
01ec630f8fbaef12213cb7fdc5e84dcc;;;;;;
ee30a014d4274c25e380d80c12def12a;;;;;;
ff0fca2970f1289e5d53d3f73803ff9d;;;;;;
693fd29a1033a744941b23b8758eac02;;;;;;
bc3329cd0e58286a6fd0cb1f2c4169ed;;;;;;
93f59adcd834668945fa5487c8b66ab3;;;;;;
f032e88bac61719006efbf93c780c4c3;;;;;;
d5fcb4e2b5300f5320d2a56e3d8bc272;;;;;;
5a4ec7ec694ffe6683d0885d523269f4;;;;;;
bb58491531e3e7cf221aee93d023fca7;;;;;;
3402319fdab7ed8838f8466d550e657f;;;;;;
fa4fa6a540221bfafe00a082fba2a5c0;;;;;;
de345a18f309c88244bd161dee8a6482;;;;;;
ba4e9a5334f838e762a0179d214e66a5;;;;;;
b5ea5eb1c1e8016e8cce58c017940b9a;;;;;;
c40b51749bd518e6f2960dbca7674a6d;;;;;;
7ea4660c245a27a002fad6308bd49607;;;;;;
e70b63ab199818ded455e86b9fc32f4f;;;;;;
1b1e753397288f1647b359bd819ce608;;;;;;
2e9f1ce3604550a277972d4be73ca82d;;;;;;
0c29cc4ceda5dc3deed0cf05a33d2536;;;;;;
f0cbead0fde90d8d8ff5b476d48b4f95;;;;;;
085a0c4dfd3818137170068e42f41b4e;;;;;;
d84b4a5d1b5bb58ca1a2d6f2bb1647cb;;;;;;
3025c31499b247d576d65ff0912ff5e7;;;;;;
31dd110da2bfa847ccd7ee9b50c7d201;;;;;;
bd6280592d9a95c0c9dac4d7d6cb8475;;;;;;
1590020e27c196c5c902834738a0bdf9;;;;;;
6a524c3597feb16c8ed4c45d26cda37b;;;;;;
fc49eba32c763b208ed1f39c589ef679;;;;;;
373f39217cf22e38253adf84e5f7735a;;;;;;
5dd85c32d6a7f5cee20eddd660a47628;;;;;;
b04b8fbba5627c8233a9c0a99c76404d;;;;;;
824c2866d336ba9f80a5d8cb03894f48;;;;;;
5ef18a725a4c9604cff21d557e5696d8;;;;;;
04c0d2d467426bf2137072e28e9f599d;;;;;;
5d5774d939ecc9e338a4e591f100fbeb;;;;;;
fe8a974109530b7549fb8df934b429e1;;;;;;
6501b116e1c1d1f88e3733ca1a8b3ee2;;;;;;
b73b42af44bdbe63bc7e97333c1b8715;;;;;;
0d40f8e455cca7d66fb51afa0ed2fc78;;;;;;
79139a944a23255756ff1afa4572a847;;;;;;
5491dcc8f60429b4fcca8ffcbf4a2b1b;;;;;;
687a9fc3cb7dd137a80b786e4fb9630b;;;;;;
d2afcf9425d91eb9acd5e68a9dc2614c;;;;;;
ec5d282803cd94fc6da79f3080a9ae5c;;;;;;
2cd63925edc02d75f66d04f4f4b7779a;;;;;;
40161f78bde274b1a1d5ef8c493a194c;;;;;;
0624407accb433c53c45eefec3ce9987;;;;;;
849d93775f863737f1d2686a2adc5c86;;;;;;
ccf24bcad3ee43f13d4fc0af234d3e97;;;;;;
2d28d31472b319a791fc88015525909d;;;;;;
ea5b01833d29c50b22283f810500f330;;;;;;
96048e1396cbf1e7700061a6be9b08f1;;;;;;
49473c1ccdb55de483ed6996493f3c8a;;;;;;
410cfb3a271577ca524c13baba185bae;;;;;;
98099014bc5950f76caadede2c4d8517;;;;;;
a3c419fc0c567b72a9d600c39700a135;;;;;;
5c88455471078e016948cbdd33e7dbbf;;;;;;
6db5bc222945e4134500dd6e9a2726a5;;;;;;
134c42cbd2200aa6638dfc2c6962cec8;;;;;;
276bf225c2bc128199a104f24c214a31;;;;;;
886212cbdc8e26621c3f9e27c1e2be9e;;;;;;
98b873c42eb9133997267525483fc10b;;;;;;
0dc173ca8fe38af98218f63bdd898acc;;;;;;
288155efae03ae91057c054633c83c9a;;;;;;
92648a5560a5e017b7fdeb5d4ca95745;;;;;;
85916293f93e45b93b73ee0653c88033;;;;;;
2dfcc3fe079c8e1255e77b7be2a83d0c;;;;;;
92d8cf80feb42da8524aaa66c74804f5;;;;;;
2d5a4d73e970189880f6c70db531188e;;;;;;
f50f583c9c6f19286caa9698ffe7b478;;;;;;
48e7e15c4f236fd15204e00481ebcda6;;;;;;
2176526768f2edbdfe3a369e70206ba6;;;;;;
339e7538fd96de777cd6f283fa2d1862;;;;;;
8436426246acf2c26099713db818b34e;;;;;;
3676e8c0ffe17b106ece6f50c12b4d05;;;;;;
b9947c3519f4567f94a70e6bef7a4b29;;;;;;
27e461a92358b22e932f849d3371c0bb;;;;;;
80a532717b59ac8486e3013f531daf58;;;;;;
723631841e1e6244fe86a2b52a2b5856;;;;;;
09d1004085840fb21407b2bc4391449c;;;;;;
6fe8eafd3e8d925bad6751201dd184a1;;;;;;
e67024245d193e86e914ee4954e5ed30;;;;;;
ce37949dda8ff17c29c75445ff8de3c6;;;;;;
2413875bb6196fd8666a263638add3fe;;;;;;
bf15f5714ae757a1cdd5b30498ea780e;;;;;;
518a80cfe0412dc424f4d3959f3930d5;;;;;;
f5cea866219c0888aa1f200fa6886f37;;;;;;
755d49d5f249796434d7c5e2d5cd9250;;;;;;
fbfdd907dfe177ad909c066ff117781b;;;;;;
3a354c912fd722871bf0caf5baf161b7;;;;;;
dfab0a207082d9c4d942d547cd0f10fa;;;;;;
255aaa7e0a65ff0036ce3d8776cc6bbd;;;;;;
1fa094d25213db6554fd765bbc1505d9;;;;;;
62d8469a801961a10bfd55e6340f3ecb;;;;;;
3bea9696450f280ea0de2e59876d8df7;;;;;;
fbb34e42ff61be2d21091dafaeeba157;;;;;;
9e8d2d1cdc59e795e94d8e8ac216f78d;;;;;;
b45591deafb341a0e6628361cefe1ea4;;;;;;
717c10e0b59ba334e1c2cca767beda8d;;;;;;
e749523fa74ff11d147a01bc14395a2f;;;;;;
e083e69f51df02ee80793195dc3642bd;;;;;;
21e6f256f04435828ae73166a8abae60;;;;;;
5ecadb550d637293c875f3f0dcee1cbf;;;;;;
df18d7efa0b6aa6c757fa6668ad5b35a;;;;;;
c591fe9498430a5722a4bd1eb627b055;;;;;;
c34746a20ee53fd2be8f419d88732643;;;;;;
18c7d716ee7ebaabf3e8b9664b595519;;;;;;
fdfedd3710d15aa6d1630666c7e921a0;;;;;;
df2edb798fb6a3550bab3b75fe14ce1f;;;;;;
3ae8032c8ab88d988f61b7bd9d86a937;;;;;;
70675a2a40d42f2bc43ce2829dbf0272;;;;;;
41eed060ddae1067d32f007e05fd7a1d;;;;;;
cd68e8d851b94b85c4336c5fc9cb1929;;;;;;
b4e52cd0ba5cb9f0de8600e2455aa59e;;;;;;
c81078c19c64f2f966feb6cb19890abf;;;;;;
abf928c1aca7911e1188718aaae03829;;;;;;
906bbb30a4693cf5294b4c172ee75da1;;;;;;
6eb4325d8c3dd451069f89c59c6fbadb;;;;;;
fef3c27ae3398acf4fcf3b5e34c37303;;;;;;
23206411dfe5295982e2ba79b03c34cd;;;;;;
b1a9b91a05ed802481c9665be6536c03;;;;;;
e05ba5fe03a761f0984d67cd2579d6b8;;;;;;
61d5dcf41fdab3641cf43c6fb0375160;;;;;;
3cd75d91afb38fae36b7a3ce5ef53a16;;;;;;
1db6118a8d5a424daa96bcd962973ce3;;;;;;
7bde5702f6e35b2078c59ae950e339d5;;;;;;
2ed88959c2025a09b7cfa10bd2b2e39e;;;;;;
9bf8d1a64e532b059da6d020d20a216f;;;;;;
d3cfbd01c26a6fcaf88301039c3fc93c;;;;;;
6be1353e306db21340acb9daee169808;;;;;;
323b910403b9f21abd52590a9a57c516;;;;;;
5a8a7c925267df60523aa91e7d71a346;;;;;;
ddf3a4811423859e3269869ced2c88d0;;;;;;
24b5c5072aa7ba9403d752cf2451e30a;;;;;;
47f6ae610ede3a3c75603e7fc83b0f78;;;;;;
71b220ed4d620e889cc41ba560c38847;;;;;;
d8cc5c240dab5eb3d340b92be7b71967;;;;;;
cf8fac5c33e22b09c6a38f023cf4cae9;;;;;;
4e6ad346221d0776517e896fa933778d;;;;;;
51781f05e83201852a20e1fa806b384c;;;;;;
3518cc3f64629cc0db6a56c3bc72260b;;;;;;
031015f1f2391dce7817f5a463bacc53;;;;;;
14b436c48eb5e9700963b8eb02e81c9d;;;;;;
9187a70d9308c2abc2b79332597dcb09;;;;;;
fefa81d35a6cd81e2650125285614f7a;;;;;;
51c6510c276d76c9dd5d61cde2220554;;;;;;
1822e5f2546cedcee0863ac6a57cab8b;;;;;;
a389f04122755a84bb69bd9907892cf3;;;;;;
2423803b2975f3f8a5cd14904e58cfb9;;;;;;
0aca4f387d3a1534eb8c9865cb7e2a6b;;;;;;
f4fad9cd1aa825a724aafa495b4a6f35;;;;;;
c4259101d88995b7012baf1b8a6aea8b;;;;;;
9ea45fafb65e158c479b2d92c976c4ef;;;;;;
4073853f939737777ffce33e26081be2;;;;;;
73900a664f4c20ef64680e2ade28fa98;;;;;;
f2aacfffd7bcda815309415129be9b30;;;;;;
1eab35e3e038ab948aad160fe0f24a03;;;;;;
f632e10abe28032f351bef1048fc03d5;;;;;;
a8d8d2e3ac076eb33322fd94f173daf3;;;;;;
57d26bc147e05daf415880648040f202;;;;;;
771be0f9cd12ae149199427094ced1ba;;;;;;
f4b615bf2b154bb0f7383362fdb357eb;;;;;;
7ccdad8637584d42039724f9cc4349c9;;;;;;
a0f8fccb8dd23cbd79a9c4fb72264028;;;;;;
056b2544a04b978658d10ca028cd5cb4;;;;;;
d80ee122869b311531e57ce4917a490b;;;;;;
26eda55456145c28bf792646f58403b7;;;;;;
c47686a214af6e28624c5db3bc150a78;;;;;;
c6afc7b36ea35ce5c6e5f6683aabebba;;;;;;
63c5f71ed085a6f5e1d7c1550ba4a44a;;;;;;
72c70091d70b39bc293e534625bd1e87;;;;;;
0b1e1ef03f23614bcd42ae691607295d;;;;;;
72babcde94bfc725f404c212a1c76cfc;;;;;;
62e5639cbb21abbbc0bbaac82dd8f375;;;;;;
72e1963c43108ae0a2ecda074a3e6b43;;;;;;
4ed16f74765d923823ee7e863e398a7e;;;;;;
93c186bff2c7ce74abde04f56985fb83;;;;;;
5592539c015ef4bdc3e5eb60b9a811a2;;;;;;
58ba06c2bc939712ac07731341902bcc;;;;;;
798842deccfbaa3560ed54db8fcc88fe;;;;;;
c0d1cfe6094d1801c007e3416d9f5063;;;;;;
9962e9c55aa7686ae4714d01511abaa0;;;;;;
ff1cbfb37e994a7bfcce3cddf3c08791;;;;;;
8d7323e16f1ffa27ba6b340f6884a50d;;;;;;
c8c3ee49c0b2d5a6e79684bbdaa48e98;;;;;;
7abec06702dc4eb965100054d5b15cb0;;;;;;
ab2ca575ee848c8b5de8fb7d4b396cc0;;;;;;
dc20c7ae34f1930874684d6a220777e2;;;;;;
5415e1bf4a08adcdbae50853443cdf21;;;;;;
89b92819de8d689b6a9858ad8701553e;;;;;;
f4cb2d276ec7dd1e78be1ca858434cb1;;;;;;
50853038f59e210e36b3f48db0899831;;;;;;
b5e5241585f1c11767dcd8de254871c5;;;;;;
cf304bba036d27df4f3abefca1ce3269;;;;;;
c56869b4eba3a067833e5c27eebd99e4;;;;;;
b8862135781e3eca8e2c9c11de34b4d3;;;;;;
9afcabf454becf4698ca46ef92e62c68;;;;;;
1d2c12be8f8222b7bee3ea32d3cdb6a4;;;;;;
86e5563e4a8870e60e54665f238ac85e;;;;;;
099e30b1356055ac318f20da634a2c36;;;;;;
54ddd6861e4199f9842189be756a587e;;;;;;
6112cfb06cccd2171f216cb8e975b49d;;;;;;
7ad9e4186c7437d5b0a7c48b09192905;;;;;;
1e1b4441df1e8d154c18e38107dac9d8;;;;;;
27c74ee5081dcc73be2332d473a15657;;;;;;
8cb40e5ccea45c34a590c9b512424e94;;;;;;
e66e8adbd0eba7ef32848a7177a460c1;;;;;;
ce9b60f494744932b07be1d093cceba4;;;;;;
e2f25de9ab806ea26fe9e7dab9975c5d;;;;;;
6f56c2dc76512a818c43fe54d6a135cb;;;;;;
be6782bed416bf3b11d75e2cf9dade15;;;;;;
2442d7be5475eb75cd03f64154386b4e;;;;;;
d166c75b3f4e0daeafddfd3e353e3de1;;;;;;
3fd03f0757b9bd11fc1d02c875b49edd;;;;;;
a27fba8da35f45fb260906680fde19f3;;;;;;
b7e547d0619b85504c4f8351ac89dc93;;;;;;
0db4abf360e9757b0544a249ca6fbb64;;;;;;
348ed3de1d138159d858ebece9f42bce;;;;;;
9221c227989daebc7c325507d085f1be;;;;;;
0bc28aa5eecc5df4f37976133748f536;;;;;;
1e1945f4d088568b04987fdd49f58f1d;;;;;;
d84f7aa9b62a7c197ef0ebffc8ad802c;;;;;;
c62d7d8b8b9810e76a9c0108eb1e7229;;;;;;
40518fad429fb724c749a971a1aed826;;;;;;
9327b9806d488627c2e963b9a750d249;;;;;;
eb9228a3cc995a3ddf445d155add7edc;;;;;;
8005a8e09f056b7e4f206026631f3735;;;;;;
835338e1791d4b2ed6caf0ad6e6e294a;;;;;;
6cf9bbd7ca1cd63993ff105feb858445;;;;;;
be10127b7a49d0807ff9706d67ce088a;;;;;;
152f7411b1c1d16eadab55c78dea026f;;;;;;
926d16c90a038e87d35e321933f21974;;;;;;
5617f03e23b61d1b9ca4bdeed0a9fd70;;;;;;
752fdc63eef4fe32f090faa8a2ddbbcb;;;;;;
a13c58e49679f3ffa6e8e0f225b5abfe;;;;;;
f574e75b4dada02a008d23f3e83aeeb3;;;;;;
3544c683ef835b59271f483aad0b9162;;;;;;
0692e25612db52f1cece5701280ad5f7;;;;;;
dddf090b198b8e688f036bef297ba149;;;;;;
861a9fcf315470e4df843fdc37e69acd;;;;;;
7a79664fba414240e8b59397670a2533;;;;;;
c90cf824952277bcf25707c1b56cf59f;;;;;;
db06017d3241bf4e0c7e3a9c627a11d3;;;;;;
126501356eb68b91b8d2114b332837cf;;;;;;
334eee616a65721043b2bc104fd9ac95;;;;;;
60019814620360dfb0a7e90c109a2279;;;;;;
e89fee83dd17ee2ee9170e7a9527f724;;;;;;
2e9d653c81fe0662f832aafdb475d819;;;;;;
156796be690ba191746bea4e79d97b7a;;;;;;
362b6a0517c06f5dc624f42491f7834b;;;;;;
614f80c6759b32b265c28789390f50bf;;;;;;
1275ebe51751164737f68711f634b8b1;;;;;;
df36fd2c6ecd1207d5f409d46d8b1115;;;;;;
59d5f383da901d187631580fa3909acb;;;;;;
52455394baee00844d7350cec67ee0ee;;;;;;
7427210888ac25463c44727fe3e1b42d;;;;;;
f9929ee577e356e03f41501fab6c34e6;;;;;;
76f85961a13dd1aeb164d0e9ba16011b;;;;;;
57185fcbee18da6d6c2e9056a127a050;;;;;;
f3ac69491a941f6306179cf512ff9cd0;;;;;;
eac9b7944b7cb2d3be7313cba139c7f1;;;;;;
95659943aa2af0395d87cad8b333c020;;;;;;
2f7ffce850940fa19a5d2cbe40da46fe;;;;;;
38bcf9f2a143d670f8c676e32bf77ff4;;;;;;
1a6c6448ddfacb7f44e7ab7b78564b1d;;;;;;
51cd4eaee4901de66e77356542875553;;;;;;
6588e3306ee43fda59d8c7a90b27d0ac;;;;;;
44197752a717361c46c9d64c16ec9ceb;;;;;;
e43e815ac628b46ac7d0b8e881d4db2f;;;;;;
8e267508a6634ea00b6589837a5b75a4;;;;;;
0cefb0c57dba62521afe3992d43d93b8;;;;;;
ec0fe15d25c61cf831e95c5e71ac3ffe;;;;;;
3cb788dc92750ef03e58be832acac512;;;;;;
d5340812b1ae9bf83dbca44d8fa723df;;;;;;
5972cbf8b97dd531155ddac48879d3d5;;;;;;
0169a5cf4fb90dc5da319eb412c5f45d;;;;;;
c0f3f8ff561b77541c42c25b1360c7aa;;;;;;
32b5f4e9740d3577623005c02f8a064f;;;;;;
37da158ffccce86e8de308ba09ecc12f;;;;;;
4ed0a8efba7e38654cd22e75fd89d005;;;;;;
1a3791e45c7046d3d2f341a23b0505d4;;;;;;
b188f2d5bd0d53777cfee0efcef04cc8;;;;;;
67399d5e1e29610506bd11002c120183;;;;;;
1eb5b380d76210868bc7c799b536b654;;;;;;
69154f23bd9e0f983a2d20c302d84e58;;;;;;
ac59fa7d4f75560f8cf4eafd3f7e673a;;;;;;
b17f183715eb825b6cb3b50db2091580;;;;;;
a979f6849438f02bcf3354331a7b3ae8;;;;;;
9c6cb73f2ae35e5b53b16639f4d415cc;;;;;;
e165e3e9adf470338b2ba64692ef1bff;;;;;;
255931cc9b2593d05e20f1da57781085;;;;;;
33ff8a2e2725aeca99a8aa163d56324c;;;;;;
1a25e2e854939f1d40430071495b3a0b;;;;;;
23fc1aec6045720a4113669b5cb9996a;;;;;;
a1f45911db47ebab095bda1362bd59ab;;;;;;
76d7898ad4d75b10cc85716dc489232f;;;;;;
c268e6efb2d81958bfb0ff17c77d5bc0;;;;;;
24c3a7957bd8f9bcd4941ffb1093de09;;;;;;
9d5d5b5a19112cc274c4541af32e9150;;;;;;
26f2730d25e78a0d997de7e6889bb92e;;;;;;
d5617333859a2b326468c155b5020f87;;;;;;
0d704fdb0b3996b296a92b991a2e8ef5;;;;;;
5ef5723633b10def7c2dae613a428fac;;;;;;
4db3cb903f9bf2740935016c6f910e47;;;;;;
92cb29ae58ceb6fe609a385dda42dae4;;;;;;
08a28c2099e256c9a8f0c34e968350c3;;;;;;
e415036218a233e7617b9e2952c30ad7;;;;;;
ea17ba80ae2337e5c08878a513e28fc3;;;;;;
f83be256e169803d29087bad8e07a132;;;;;;
4f940cecb8dba4daea67893d4be74643;;;;;;
6dd386d78c1e4b2b6fffe213a90b7e9b;;;;;;
20875b0d837c3cfa965d47227bfc5b41;;;;;;
f73ae0691452fabafa109cc8bd816053;;;;;;
cf93eb9b302a299b2eba035b53e58e5c;;;;;;
bfb61b0e4fcec1d3d03aa41b9baa959d;;;;;;
66d0080fb4fd96f77db6e022e3808e67;;;;;;
a99aefd1f01b3e922ce2f7c9615e2e82;;;;;;
561b805dd8f63967f13ebc447fedbc46;;;;;;
c951738083474519d766f2dbd5141262;;;;;;
ad24769cbc86000f4c34bc8200430b13;;;;;;
4016e857eb88718a7fc11c2bb8b3b16d;;;;;;
75e65dbe6ca03d32bd0b2970b1ca0b19;;;;;;
3ebd43ad61e6a678b288d255217c0f7c;;;;;;
49cf085df507bf0f510e56539acdef5e;;;;;;
a20341b49d20c0264ba15402fe8bbd19;;;;;;
91caebfd23e66aae40069793c4d264dd;;;;;;
7f97f1967a8674edaecf1d4c4e3b0023;;;;;;
fbaff31a5780e998a00d09e308dc2d8b;;;;;;
0518bc8ba5698155e028a1692c4f5547;;;;;;
5120492023f22a51364d2cad1c198f85;;;;;;
98e4ce5c473092d281c4076bc2188a67;;;;;;
e5f6aaace8b17c221d5eed0816b07446;;;;;;
5b11615905f21a17ad7e05f3ae8d17d2;;;;;;
af8190936b3497340e4f734c0b31d612;;;;;;
7523a69e30fe80b2068996a1cddc4933;;;;;;
726d38fc69623b347d9b158445854da5;;;;;;
a36d87eae2982c8a4c988e4e453cb741;;;;;;
624e8cef37f699f3f80385d2f4c8baa0;;;;;;
3f617d5fed9f4bb8981d2bdb7db334b4;;;;;;
6d4c45454e284fec8713dcf9505c586f;;;;;;
a0484c2175e472c704f51d39516b8c4f;;;;;;
487edafa52f91798e529ca814cd5d496;;;;;;
dc5bbfdce5d70fce34e08698fdecde4d;;;;;;
fb54701e48e3e5e2744ff5687d8e0fb6;;;;;;
9e2b55b06de28d44489cd4f306dd5ef1;;;;;;
b155454c460fdee1889f376eb5c0e510;;;;;;
2ae4e4dc33f4a61589c89377d473fadb;;;;;;
d81010d5eedeb5e7fa3cc8c58404810b;;;;;;
91f40e7ffa4b2bad20b1dd3879b872ad;;;;;;
989982b32ed63d88f8d5c2188c88f667;;;;;;
1b5af223ce2ee3614e7d13baddee6235;;;;;;
07707d3d7ba3392252180faad72d16aa;;;;;;
a3b451f7336a2bd39050f2bae15b630a;;;;;;
113a0986dcd2887c0ad01b435df98eba;;;;;;
4601ffd7c9af5c17326a859109ebe31a;;;;;;
62401a0b28d68cdb5c62089d5bc76021;;;;;;
cff4e34c48ebab93771a8ad7f7439ed5;;;;;;
ea51b2f23563576b6a7558d9601bdcc1;;;;;;
a555719ba502532e054aa22e74761d0b;;;;;;
091e8ad247d5423d4e3377446575e284;;;;;;
2f8f59e0dec142a573b65ac9254ef965;;;;;;
d4742b239cdd7654c24ba4821c5e9273;;;;;;
c130ef8e7e9aaa005694552c77bcfc50;;;;;;
1803ec0a1b2cdcdf2537837158412e3e;;;;;;
fb48ecc584f81fd346fbdcdae69fdc3c;;;;;;
fa4c43f2ca34a8b50fc9d93100abb2fc;;;;;;
9338d612ac7e6f6fb17ecd9ec14c4963;;;;;;
ebeade1d61979cdf1a086b92bda9eac8;;;;;;
590c739763de1f31243472278da99601;;;;;;
af8bb6bf7af688a29895a1d04303fe77;;;;;;
11633667f2f4be0075ba9e8736b20f7b;;;;;;
1a4c1e8896d8206ac3b928f3a9758623;;;;;;
a03493aba52658f59c6a3e4bd5129d0c;;;;;;
a11b30be5b6f21497e5fe9caba378a54;;;;;;
a4e4f576c8185c6563e663cef325cbc8;;;;;;
9c985556b25cc92f5edc8b67bf0d32c7;;;;;;
3b8c997dcefb539f704af642b2c26c13;;;;;;
a1e46923b45cf2cf6ed0a23a1a9480a5;;;;;;
1115e72b9fe4ea92960ee9cd586bc6f1;;;;;;
941c5809d2d6baad40880077a2a2d7a9;;;;;;
643f1ac0d448e9e7479f6abfa8147a22;;;;;;
c50bad9ab7990b817d0c8e7565b96a77;;;;;;
97ee35c12e5a6bf2d676365973ca7678;;;;;;
ebf354c8270ebcf339b72477e165bb6e;;;;;;
0eea30f80abfd489cc48d1e31c9967c6;;;;;;
1b868148f5282c2fb3b39a04de85dfc1;;;;;;
c15cc87185a3d9e2d55687bfdd6cdab6;;;;;;
09b4b13c799db07d7bb31a03b24993fe;;;;;;
c60c4a7f60aacf47197342db02c93409;;;;;;
75907a24dd2bdb9fb639b66b91445618;;;;;;
013c1cc42d8bfecb9f4b0d21384f1afc;;;;;;
8d58d27d8fc08d537fd5e776a3052cae;;;;;;
b8401dcc71e268549687d2910ebca666;;;;;;
b4553afe3ce935eb5c74b26aa101ed0b;;;;;;
a12df5bddb834fc98d093fdf03be27aa;;;;;;
7f68f65b329b432039e3a9226e335ef9;;;;;;
ae35287d05a3c098c0dcb9d6269d71ae;;;;;;
011cfdbe75768e462b21fcb8cab4a0c9;;;;;;
b752179f1a24c786da9f169eb2daef8e;;;;;;
4d22d29a2518610b7bec0998c37b6c8f;;;;;;
28fac033fba19e974210fd81830ddd16;;;;;;
40f3727d524a5bce9c4f0164b3578bce;;;;;;
2229c038b2ec39093776fa5d3050ad07;;;;;;
f4b6b79a4bdd53d5fe67d039432e8b59;;;;;;
67c17bd8e573056052c5054d314499ef;;;;;;
ba34352f56ae8e9575b20865cd49ede1;;;;;;
ab5df39cddde4074438e81a33cfeea26;;;;;;
a65141379610c1df8b51298b3485a199;;;;;;
bebaf79f240c3ac7b7bb59d44c343994;;;;;;
a2b38cf2cf98388530be7641d53b0a79;;;;;;
e0cf9e452fde6e990be3290829384ee2;;;;;;
fb854da1982b503b564dc6631b95d6f8;;;;;;
f68a4915db9c210dca6ba161a9f6b09d;;;;;;
6a2e231f93ac9f8b04d1bb964dd695dd;;;;;;
03e1d9812461f6ec4bab06a323f91d78;;;;;;
878390044fa7daff5ebfb3997e88aef8;;;;;;
39e397be1fff8284e49e97a3ef1d318d;;;;;;
369a084cc943334933f9be24ef5adada;;;;;;
7925d8179620a8bc9c679fbe6bfac8b2;;;;;;
09d1d3bb5bdf5c0c00f14a7bdf61279e;;;;;;
adb841c470570cf69d93d04b2c906764;;;;;;
bfc1257272262769c75827f8e99df818;;;;;;
eba2c374ba03a5af39064ee966cf1e18;;;;;;
98433f52b50d67f7eaa57d18425c8038;;;;;;
094add9e735cbb2c93e92f0d9811ed4b;;;;;;
147958429d1325275cbc1f236f041a80;;;;;;
62ba3c38ddd4ec9cbc676ade7fdfbed2;;;;;;
5e8d6b79f430128451b5fc152fb4dca1;;;;;;
11dab41e80cf4066778ab82927bb6af9;;;;;;
908d0e7af13df54c199a9579fe0565da;;;;;;
9e7b438effef578042044f40fc946428;;;;;;
f112b79707fc9ea47daac97ed24382b0;;;;;;
f55b89d8664a4a4b71eaf0e6be8e68b3;;;;;;
b3563ce034a56e33f82988924ce546b0;;;;;;
51f5b84f5127df386995c16932de68e2;;;;;;
23a1e0baf88a39c1776fae4a37af197a;;;;;;
0feee7365de0749edeb462f780f15685;;;;;;
60a4952c820ebc0732e8a9a7b52f82c0;;;;;;
662b047a9c212d0f1c8c7330c9e4377e;;;;;;
8c508676a670fad74121d0c153e2e954;;;;;;
81c761d5a86a9c4be19b19e79375ccf1;;;;;;
6ae200f3645deac544e257bdab0bce94;;;;;;
184d342996b0f2783619f46403d7b170;;;;;;
650dd26b8f4ab26c8f1d81017d3a2ef0;;;;;;
c8238b1d3910f151bda0363f5e75609a;;;;;;
fc095a8e5b5c87f0cf74fc1b4f5ca954;;;;;;
fc23f3621744b8ecd90bac1bb07d7bb5;;;;;;
5c7087fc5384ff61ca0f4d17c02ff35a;;;;;;
7cdfb5eef17cf4cb866080e191e07427;;;;;;
5680a3bac4a6c61b33db5348977e9936;;;;;;
ac5452ce158c4eeb8ed37209775e982f;;;;;;
42b3ecbee6b7d6f4ff1604ac7e78ade6;;;;;;
47849781c213e2ed76bb0faa2e84681e;;;;;;
aca764c4077320e0f77d06e588b524e5;;;;;;
1a5336ad74c42a1d6a11f7e5f5a80b88;;;;;;
e3672687aa1ca40cb38e8934cb5c9020;;;;;;
1df9acb0d0326eb7baa26b9cfbb8ff12;;;;;;
2172a35d3ff074e26665c0f8e60e65c3;;;;;;
aa1da9c1e4bc32475597292fbb49a08a;;;;;;
727cd6c0365600d15109dea5e314e5af;;;;;;
e8f0d798cd778ddddcd65cd66234a085;;;;;;
1ff07c443e200e347c96af48f437a791;;;;;;
13e7395dbc199456cb8a7a4f80e69821;;;;;;
9720201c9e5620246e0e2db89935ae59;;;;;;
13398440534e8b15530fcb1fc94fb6c7;;;;;;
dd5bf7d92e2f820ee4cb3fa53cf85d29;;;;;;
d3dd5dcdbbb6c9a648699b954b07a17f;;;;;;
8866d878ca4dcb624b2bbbc9e84caaeb;;;;;;
e7454d379a75297b5c5cd6657d8ad6cd;;;;;;
e4a0aa402160e7d515d5b1ecc2be5fb7;;;;;;
d149680a4315e2e11096810f0dfba917;;;;;;
bfdd6bfdb5c2707b6be099dbdd13f274;;;;;;
179189549afae9e553eebd871554b923;;;;;;
7eec642be3b1964f97e6f935833d20af;;;;;;
6cf0f59bac4542723b6e87c4b8b1fc9a;;;;;;
a51c8c53897ac69d35d535ec6ea6d76a;;;;;;
6c7b41fab97ab7284dd137ce41c2a620;;;;;;
fdc0ddc0027091c32814243289d16f57;;;;;;
2248af366af37ba46980442474d91f19;;;;;;
a8ace41e7d0eab693e4153d8511bbeac;;;;;;
2d26cc124e2037abaeeb350251be16d0;;;;;;
f98ac8958ff4ba3cdf6dd749d11f01d9;;;;;;
c4bcc65e8695a7bee1dddf7fe99bf9cf;;;;;;
0a396bcf12141abec013fd212be743b6;;;;;;
d1a7ea1d2b9cf288c160a462fb2ef736;;;;;;
04d1b0f0e7668e569a6947e8c2b06600;;;;;;
912af912f7aed337982ccf95bac46c81;;;;;;
a1eeade6b2c06f82502bfaacaa7b712d;;;;;;
b045a4ca698841263985f677c3a0bedd;;;;;;
d58bb823598c94b08100ba1bbf6e512d;;;;;;
18a59590b76bb04ae375a7dc4ab5f8e1;;;;;;
5d9472e32f20c5d00ecebb4d51a54aa4;;;;;;
c687e4ad374ee379da5d7343a2f7b468;;;;;;
45ec840b50a8de871b9efccca2e3881c;;;;;;
22413b1e0dfc58a9c70c4b62851fe344;;;;;;
95950c3b0db8762b67a8651b9a85b121;;;;;;
126034c90eb08dacb5c22696c79c3336;;;;;;
0bf899a0644dc769e1b85a6c0b64e222;;;;;;
233698c8778214c5175e425b87dd4762;;;;;;
90e9dae415d8c8f393137939dda01274;;;;;;
ff68f0467429317688271603b77a6271;;;;;;
db03bbb903a9c9de3780dfc21136f2fd;;;;;;
4ff41ee028aeb87c828b291b45cab8b3;;;;;;
4cf0bb7a58b11d0d3ad3170eea4b0b5f;;;;;;
b436d7bfceb0c00184bbc567fc8ce946;;;;;;
bb5c9f896a22c1cbef5d6aacfcadeb51;;;;;;
e01918bec7682dfe5594a198fc27fe5c;;;;;;
3e02d522b24af352aacdb6e1e665b3e5;;;;;;
87a89b88cc5568eb16e273b093b7de32;;;;;;
3105651a862604e5fb523f5507ceee7b;;;;;;
27a6c56b5d9eaf26b4e0fe28eb653d06;;;;;;
c79fdaf82e982e41083ef5208cf8ea66;;;;;;
143403351d1b40f92a5f8a35eee5c8cf;;;;;;
99bae42a845f06e1ca88b1906c20e28c;;;;;;
068279f0d64d1fece919c55745cd5331;;;;;;
bd0cd287ee9645d0b4a47f07671dd986;;;;;;
89f7454bafe4abc5cf382bdbdf759d77;;;;;;
ca9746505bcd83b3f72ecb87dc8f2567;;;;;;
b6b68a4780b64dafa566c725c8af7f5c;;;;;;
6e60c288e284d8db5bdd75878afd412d;;;;;;
42623e6ff4e1341e4a29629f9e5bd457;;;;;;
3d101e4cbaf0a8e638cdb3ff4b2f5311;;;;;;
2851b18fb68ec315e69c835cc6dc6055;;;;;;
04fb9f3d72fea81d28a737ac349dccc8;;;;;;
69e435bd9101b4c3e3613b61d7bfa95f;;;;;;
3fb24bac8659113fa408aabbfd6c7638;;;;;;
125de9a528736a9a2716dea51cdb946c;;;;;;
ae589d77da0669a85c7f4745931b92d6;;;;;;
169bd10f7285a8227aee8b29919bcd19;;;;;;
5461f009016567d4c1242ca69fa9885f;;;;;;
5fae13dbcb06d450a9442c4c91ba87e6;;;;;;
6c3006899d165c2f826204c0df41f131;;;;;;
0177b91057ad636c553b53345dab365a;;;;;;
3420b8b7ab54f39328455cbcf8cbe024;;;;;;
779e12169c32f29f326c77f3c9ee20b2;;;;;;
da89f2c02bacd9460266221431a08f93;;;;;;
93da73e9208d7c45bd3eb50af48bb4eb;;;;;;
d69b69fb6c2c25c9338ab1072e307465;;;;;;
5cddcf5cf9f07f9614bffc79ed8ee685;;;;;;
2f4a7087f0b078f70b627a48ee3c92db;;;;;;
2208fc78b33daf6ae41090e54edfa0a3;;;;;;
868de4d0d7cdbb40cc12765c4ba4ed7c;;;;;;
1863639da3325a208526694d60d6a259;;;;;;
6d54b32ec73c3f8745480f55938e5469;;;;;;
290f28c31ae8dad1283e91b668df19ec;;;;;;
6419759cd0b55b6f07ead2abf62b73c8;;;;;;
03c6f616109fb7c8f2cb084bb2de4cf6;;;;;;
76d94267232de38becb2c2650a66cff1;;;;;;
cf8655ddfe9d9ddbfe15a47fe049706e;;;;;;
66461a33a8963f88a21054d3981b2e80;;;;;;
b3d3f2b7090fed1d0647ae24c9bdc5cc;;;;;;
cbc77b9626a9158d1ebd8c7fb06e79ee;;;;;;
03cf6eec1b561e00134b74d7000d6dd8;;;;;;
88e48f074d115125659ba94dc6604738;;;;;;
ad421c26a04d13662e21c6c82718e795;;;;;;
29a9ee0b8ab3981ac796352acb7e19e4;;;;;;
b814c73e6a3ab0586649106c07abeefe;;;;;;
1d2089e210e6ef68f462cafebe97f759;;;;;;
547e1b9996369f72af8949684130b31d;;;;;;
73dd0c45084e3f60b5f508c5b8cc81ec;;;;;;
9bbfb26ab2e4624004f954aa2be837fd;;;;;;
a72868ea90e2a3bd6b2c843412436ed3;;;;;;
7e3162a16fb2f3b4c96394b97bdbcbca;;;;;;
e703880fff0d4013f208f210edf8ccaf;;;;;;
b0a2fbeca8cf472779a24ee6d46871ad;;;;;;
69aa412c49fc52d9487dcebb1e6166c8;;;;;;
570f1b9ede82bf02ea87d928485e1764;;;;;;
5a6c758fc148467ed72491b7f86289df;;;;;;
0ae7cb57ebaa0c5ec7ed73450b48cd79;;;;;;
6a832fd58259de03940eb56d083a55be;;;;;;
3f23bd6491de4412a0c035bf289ce9fe;;;;;;
0d33ba2cbfc96859da1e707aeadd6377;;;;;;
7dfc64113d96dc44b7fd1f71a5b195ba;;;;;;
932d89d45d3a07f3e89cc115833a8a79;;;;;;
5b5c37ec711d7d52f0b1f93a669af71c;;;;;;
825a5f8557368a0722e70de1ac012fb1;;;;;;
6db902e0a2d5b8991d5928b01578d7ac;;;;;;
b321887e78e279571193c6f4f3ebeb86;;;;;;
8c7b002df1913a2916a5427ddfd1e4fb;;;;;;
c4bb8dc94356fc65b36789710aecc28f;;;;;;
4186f61d46bc3e6453264fe68620913e;;;;;;
a9912413a4584f96ae907d1c9f54b419;;;;;;
5af4b87d81e1bf0dd19eb62c1dde44c4;;;;;;
b05b4be2397ba6bcad6f3dc46578eae6;;;;;;
a266d08de9779d3ee18ed762bc13bb61;;;;;;
0042429ad67012794b6b1290df33f7a5;;;;;;
6e52e7eb7338a183c98e1e3d796ff5c7;;;;;;
b0953ce80cfb59b657f9bfbf2559adef;;;;;;
68ee46bbf11a7aacf09932e1fbfe7bdf;;;;;;
d288f67678968a3c82e1152b03a4f85c;;;;;;
e46e19153625d51022465c65a7b139fd;;;;;;
a17bf58a4bc368d29423505ea633d676;;;;;;
2a8fcf956693176ab3ccaa9da9474b76;;;;;;
42694bc0ba89cab8b784ce328cc6b5c1;;;;;;
d2cd9fc6d2afe3241f8e64f70c929260;;;;;;
9015be09a917724e4bfcb66a2761f6c9;;;;;;
cfc2601e10a7683d592655332641e155;;;;;;
020b3e6b34f3aca56ef2337c72ce058d;;;;;;
12197a0b0d70fde9c00af8bd79a73255;;;;;;
7676407bda4081c89ba032e9e7e0fbd1;;;;;;
3a7a6b75cfc99e7df4a37098622542e6;;;;;;
0d6896cba177d641dcf332238fd8c9a0;;;;;;
2affc9b1b4fe916bec4d7fc0349fa1f7;;;;;;
ff07a2025803869ec9493cc93eaff683;;;;;;
2e7b17e90b25414bb76b70bfcadedf82;;;;;;
e0b1d443c32b6b1b2228357d505876ca;;;;;;
3ccf81764b1378bcc76a267326423713;;;;;;
0c022fad058f271b78bb13ff3a876f13;;;;;;
298a9597c92a79a430bbda74bc64f221;;;;;;
2ac1a47a5e689db0a73305486e217f09;;;;;;
cb9c88d31ce76bb7967a8ae78fe20be9;;;;;;
f4e95fbc94b3c7be78db95687d47d0e9;;;;;;
1d6f34bc10e5c137eb083ea8cf1e474d;;;;;;
5e82887e67a205bf4d036ea8c5841133;;;;;;
e8c2d598ce829e3dcfb983e53a966aff;;;;;;
bdb1d5e9a9cb25a15e57617d8e72fa84;;;;;;
28055b0f09b1344f99400b9de59482f2;;;;;;
035c24b6c5a38468fe7c18045c4be837;;;;;;
f64150de1963212434953571ebd43dd4;;;;;;
87f552cd399989ec6464f7e46ed804ca;;;;;;
ab20355ccde43566541771d4626a9467;;;;;;
aedd660843e36540dfd7833899c26cd9;;;;;;
601a3bacf9961abcb95482a3fb6e2bcf;;;;;;
8e665139199b79a31b89129799a09226;;;;;;
7930d3353a0d2f483f4dad865cd6b817;;;;;;
278b4aed3e1f1102cfd459c9f832ec9f;;;;;;
6ac2d8d98ea90a8da4ae69b6fb6eff7a;;;;;;
0c6662ea632059fd80c2871108812d83;;;;;;
3ac89dcdf3e5b6e15c731b16897fe81a;;;;;;
a14cf28b705d2c0283f240e40d223763;;;;;;
8d8699e2e6026ea250aacf479063e9b2;;;;;;
4faacdfc9d3f9e414c020114de5ebc51;;;;;;
a24f6a7bff300aa8d717ec70f70f8cef;;;;;;
62347ddd7a0e0966d15ddd6717e1ae50;;;;;;
58ff5c451d6db09fb823b913dd16aa50;;;;;;
334b800c5397decfedeee2e695679f60;;;;;;
fa42243fb8260ed8c8007215d137697e;;;;;;
3c655dfe1c714d9582c6bb8960ef13cb;;;;;;
edec25c80dba668fc8bbed65bdffded5;;;;;;
f4819bc13b65c6c52530ffc4830566d9;;;;;;
624eb3606079dab94961dadbe34cf110;;;;;;
c461667966912a68c8c23c7bbfdae6ef;;;;;;
2362f619ff16c67a40f90df3019330bf;;;;;;
753e265e24392e9b87b3a2fd40e8a9ee;;;;;;
fb36bf6cf104e7a235de6792643e6884;;;;;;
cc79c0969903c096a76d60e44f29e022;;;;;;
d861822ac73d738d68db65a607fbb56b;;;;;;
efd71fef471f6b855b96a6cfc2326040;;;;;;
e57144f524fa75ad81609f729cf52a7a;;;;;;
667cc68166f81c33edb5ef088da3fdbe;;;;;;
ddfd5cc7199e0209b6a7119127a26e05;;;;;;
d71432c1bf075c3d074e3bbd257e04f6;;;;;;
01de5f57e4a9168933c6b54dc72a8358;;;;;;
707a50303ff5abd5609b8b9c06daa87e;;;;;;
e8dc72e382dc0dec79d22c755f83e275;;;;;;
273ad49b45204d125957c27283264f94;;;;;;
7edc056664688c2403ca815d6ee66e3c;;;;;;
3f4b53d5be728e1776c807b27c27279d;;;;;;
bffcc9f499e42cc3d97ac05df4d7fca0;;;;;;
c12b17d7b25e2255adcfacd394b0400a;;;;;;
b59a36ff77d6d491a3151cab83e8bec9;;;;;;
1bab007ff03e8dcadeb23f9301c5dcd5;;;;;;
4fdc503026e4e6288fcf22093ae9e4e7;;;;;;
3ef6c5d181f09ba8cf2a6c8df91f9ee6;;;;;;
50605c4aaf0dadb793c8ad4ef0ed8829;;;;;;
a7a66d3642fd61b9578ed3b781325274;;;;;;
5374adb2716af1e672e0c50f0f33dafe;;;;;;
3dbf310fec28106ccd475fc3f244dfe2;;;;;;
9b7e3ad63a391ccb969368674df85107;;;;;;
662fd450f73450655a1e26210b83b712;;;;;;
4ea422aaa2b4335c77e997e5f37a8b70;;;;;;
ce4583fb85193ce486c481d9c70dc1ff;;;;;;
b5142bbe97667d47055da45ce9e2db94;;;;;;
40b1369da15b86f0bbf7e5e3f56fb7a0;;;;;;
7af3b5ffc849f528a272912625ab3066;;;;;;
26cc6850304645fb0dfba01570fecd96;;;;;;
3adfbef8492fa46cc6fdadb0687e2dae;;;;;;
ab31ccf2ef663c5e2c39adfb36c95b62;;;;;;
1966b98a9acee40824e1731b1002f1b0;;;;;;
496aed7c31246bae2151922b0d976d6d;;;;;;
7789ddf2d41018009a621e4616764794;;;;;;
96df260e8c0824073e6e121afa281288;;;;;;
ddb7a79823bc4c008b30a71435ad92e6;;;;;;
77d29aa67bb7d236ed468ffcec08c739;;;;;;
6a30d703f06984d3e65497ed10dd93de;;;;;;
ca8f18d2145e808fabeceb6d2fcfb714;;;;;;
47d8cc8f6a1236a981f65a69f6ea4752;;;;;;
691121f5f771ad6db6d0e0cb905bc51f;;;;;;
6959a11479d3d3e13e9d5d821d9a1177;;;;;;
bba6c1a1b5745345badbee1761d253cc;;;;;;
800eb45a93d03930eefe0c3fad42f8b8;;;;;;
43083cf8c3cdba335ed8cfbaf3797a0a;;;;;;
50a0bc27599eaba18fea812c5b19fd48;;;;;;
4bd4a4d40b014650813ae982d2c6c37e;;;;;;
423839f2ef2c6a9584763f8a643e56c7;;;;;;
d6f6f5e56169fd7b5da72215589058e7;;;;;;
ce59e1124da17512667e4bf9db49d2c3;;;;;;
6d32fc9ae9dc05cefdd63d7f7bbf0634;;;;;;
c02f52ad0e05c56438e8b9d190620060;;;;;;
482cdad224afdba8df8f2ce04c63b4bc;;;;;;
c5b2f205159ae3c9f446bb9ef6c43986;;;;;;
cc38398358dbeec1528277a3f46e3a3e;;;;;;
99d6583b4f4f0f491e84f12b8613c4d0;;;;;;
cc08c8cdeca1e01ed0a7cca055b552c1;;;;;;
00f19d87312432fd5aaac4ceba0e0be0;;;;;;
22bb65931e591ea7889ffce540ec10d4;;;;;;
ddcdcb68c2b6ac253ff8722acad1b64c;;;;;;
06ec6d61f8c2c3ccbfb38509fc8ed460;;;;;;
f41e8b262325b381ee3fd0c384575645;;;;;;
298f4991ac06c5f5665ccad9e24222a6;;;;;;
814fe560860a167f5e0043c7f4eace20;;;;;;
dc75477cfcb6318ab69ce31981a4b8c4;;;;;;
2fa391a0752a08f014c2d389b37e0688;;;;;;
d569c11516c9cb9e166588df43a79435;;;;;;
c5d988a0e68722e339e41f4aa6018d0a;;;;;;
40577a357d462d70c485eca238b6ac93;;;;;;
31085a8a3bf9b6f1274331d8f7ce05a6;;;;;;
94eb3c79e2f4005a196d7e84347dc824;;;;;;
998ec25edc56870d4107ee94374a2d46;;;;;;
4461a8c7b4078e877ec5365cc11ec024;;;;;;
a1f2b9937f1a51650a7bfcf95fcbec0c;;;;;;
02ebde33a9b6839a9795ef555225a1e7;;;;;;
e8697d41b9cd53cfa264e38f52d38192;;;;;;
e8912d5c59820312c8464f2dc6fc8c87;;;;;;
f51811c0172ebe210a2c912bcf3cb3f1;;;;;;
fb19870726be39578daf68bb346ceb35;;;;;;
0d45b4b74df3045d16262c67ceb3ab65;;;;;;
b9dfa012ceb8c88c19e4444b0ba5701b;;;;;;
b0fd851711921496e25f840ad025d29d;;;;;;
b70882af6d51377c282969bca8fcf691;;;;;;
16f61e3163b05009e626a24b6e838ed6;;;;;;
093155919548d8a3de087eb6442b9744;;;;;;
186b871958bbb13f9bec5af6911fed13;;;;;;
2b41651de8ad2f34c0e78db39d0cb4da;;;;;;
d74351825b12683276a2bff9b4edd314;;;;;;
ab6e124161ccd96f7e726d5faefc59e3;;;;;;
eb4725977f0c3183239c2a04f7cf1e49;;;;;;
f83a45854c7caaa9877ad67d4231f904;;;;;;
70f43c50cb56876b7f2557de3935257e;;;;;;
4702d0d2a3658863fbaa0f59db6ef3c1;;;;;;
e53bcbf34e02a018d3842acf4c16d637;;;;;;
fb91aae717c70f448f6a7c5b226feec8;;;;;;
6da8da049348951a156b60acf95f2734;;;;;;
ab0a0d837687e573c8a4c780f6a31401;;;;;;
f9420be94e8b942f1e5d87f669112d1d;;;;;;
4b64c60d5c4e92d9dee4cf94155d2e79;;;;;;
7a017f5308011ea1632c9aea2a8fcfea;;;;;;
0d826b3a9ea166d29dc47cc5a0817d5b;;;;;;
0997801da8dc2aad750ee89a934bbd70;;;;;;
ace864e670cd5ab2c8e27871b33ed11b;;;;;;
04e3a71de28f37096072c585373ca235;;;;;;
7ed58fd9a88092ad4f2081269098aed2;;;;;;
6858bfedc80110454a0b31367925e106;;;;;;
69fcaf490e08a828118fc78826a6be58;;;;;;
2f4058fa47baf2ade1d52bc4cc4dcdcc;;;;;;
9167afdcead5c0d2b626e8169ba5900f;;;;;;
fb088e8de1f99fcb25b08608b0d3a9f7;;;;;;
5c25eea9390cc1e8ed1889ad41fa5c14;;;;;;
88a8e3906394410133d0baeba9068d86;;;;;;
5f2712214388850042a525679b0f2034;;;;;;
b477287f5f45b11ab393911411e307bb;;;;;;
266c6f6e2c597a81643a506ff026d4b4;;;;;;
67caae61daab05d1c5cbb0750a161e88;;;;;;
d466167a0b3a0e469e35861fbedb509e;;;;;;
4ea7d63492394293f85dde2bad3d2ac8;;;;;;
df6ebde4878d5fe4f61a520adcb8e8be;;;;;;
36e814d7b9a816a849226de7f4f66be1;;;;;;
b5184b144385029e374796876b9365da;;;;;;
d5b339231f1e839fc2b3cb73abe0c62d;;;;;;
9c8902319003a72421436ee304d463ca;;;;;;
e3b8fbc46b4a4676cffc177161f93ae8;;;;;;
c35ea873870393892f8f69b399b1a483;;;;;;
0afb5039bf7d684efe1da1ba502208a7;;;;;;
679b859a95f51908c99cf9792f645a78;;;;;;
5a698e9b54e86bf967c5de6c7dbe66b1;;;;;;
ab289c97267f0dc8f299a97235586208;;;;;;
40a2f68d66ec4ee23f08f271a2c32f96;;;;;;
a4fa37311ab024ab175285a47f407f4e;;;;;;
0c40970979e564691bceff89bbdecdff;;;;;;
4c81fb0c19f883510b475324752309b7;;;;;;
77163eb58aa42e27d9faa644a393dd13;;;;;;
101c206df82e4318837726a1e34f955e;;;;;;
f78b1c41ec21ed0e1317bea70f46c093;;;;;;
23d351ae07930778d19962a783dabad0;;;;;;
7055a5e02fbb208b9d0ae8ff7e5a6e76;;;;;;
4f5fbfca1218f4c191c58c4b4f541082;;;;;;
f875701d28c4d6a1a29cc803be1993d0;;;;;;
4520912c1b1081389238909b0df287e5;;;;;;
2776c1b33b8ca34a0f09f861ccac27b8;;;;;;
6d49641fdf25479ca0a9f353c06bd8e1;;;;;;
4d6d22c77348eb0cfbebd551f450f44a;;;;;;
176380fbdc7bb4636123b1fd483d6554;;;;;;
8cbc6759a1724ac2809b7512b9dc1e4d;;;;;;
db32db838360a879d6e29815236432f7;;;;;;
22a2e1b4bc085f539d16ad0837536a4c;;;;;;
e56176f33cd65497f0c6b3ceb16b0416;;;;;;
678615b5b25892be7d983b08a1f919a7;;;;;;
91c07760215b423d95cc3a5e38b06da0;;;;;;
bd35540894f24bc79e4a484c16744470;;;;;;
0947e7ec372e0a7dfb5dc1c98f9a169f;;;;;;
a29f2f19d736c7c2b297156d6275f83c;;;;;;
575b611adb2477d68c7b77f7551f023c;;;;;;
405fe770596813aa502e797d476d3f7e;;;;;;
0ce4502212297399881f9832936d4de9;;;;;;
25a254cf82737d21023608d4822cf913;;;;;;
58dc958c2098d8a10a025c3fbbf2b514;;;;;;
81be4f412fec07fab7bb5bd0f9cf9300;;;;;;
8071d4a7963308d662eedcbbe675dc06;;;;;;
7ac2ddf4f26bdbe1b7276ca5d2e478bb;;;;;;
806e361e23346c09d779624b8cb68dc6;;;;;;
44c223f5357a30a7e333b77b34b7749d;;;;;;
92fdb7e42d899faffcdfa1394753e865;;;;;;
232f2435444eec68eb0cc96b3b78bac4;;;;;;
872306276a88da93570254446d3220da;;;;;;
47aeedf1131f9dc0aa37f7a879a20ae3;;;;;;
d2ae3ae9e9cec9ff500973c28f7d1238;;;;;;
5855cde45cbf6bd15e24b1ee35981542;;;;;;
6e9424e009263eb25130b74b2ab03331;;;;;;
591977a6ef51c28c83988720bdf27afc;;;;;;
d5f92bd9e5ab5e20cfa2eaf4bf05e237;;;;;;
d4764e4190670a58e0ffeb9b0dacf43b;;;;;;
77af44f29f19660995587fbddcf79c65;;;;;;
7dc53d8b32f7fc42d7bbda467de75f7d;;;;;;
242bfe92fcd59037aa414cc8eaa61bc3;;;;;;
e2bca3dbdf57a7c29f9f9f0f6229edf1;;;;;;
6816d3786c76252bce728b19afff49a3;;;;;;
e5f2bd9d878a09c81abb400a19f4ae1c;;;;;;
2abcc35f5b8b19b1dab76085123bb782;;;;;;
bc67ea33c72743b50648e104edf901c8;;;;;;
1584c78894c15a58f87fd6f6bc0b7767;;;;;;
145d2221e5fcc1050a54c5c494c28224;;;;;;
0d9e8f56c905f7bb8a60f60021623fd9;;;;;;
1cabdac1d8dffc3ec2e76ecad3d7d9a3;;;;;;
4e4d1ee715326961e45a18a551bec8f7;;;;;;
94dd7bcdbedfbfc334608c833fbf0dab;;;;;;
9368ecacdcf64ce86f6d16ee1d60b976;;;;;;
c8874a45085cf0818d0d26ca68a2d66a;;;;;;
78b1700fabc4310333ff3fcf3823f886;;;;;;
509104a9571e2cc3867a1ed8ef33a181;;;;;;
e251aebae708da96a2699f1e09e3242b;;;;;;
81a6a1e7613ca4572c3fad5c35b425eb;;;;;;
4fe7aaf03ee5a06067ae93b65ae3ee66;;;;;;
10e9aaec34ad598461680a82b6eeb650;;;;;;
da0f4319efc6f668e08ffc747575d87d;;;;;;
3d8166c7edf8d21186ffed531312c62d;;;;;;
a74720808aaec6fa52b0f76f58e92ad8;;;;;;
85eb3882f0f25384be2d95a44408a6cd;;;;;;
6798b74a4f3e47534e64f3624feba6f4;;;;;;
663c3751aa47bb77e3cbbd1113ad38ea;;;;;;
847507a60189ba13c3910c5db613a3a0;;;;;;
b23849f29157ddf0e7b6821b6ae374ca;;;;;;
7093f5fd197650b97a2eee660217701b;;;;;;
590ef6d8524745d97511ce839e0364ad;;;;;;
7093aa2bade156fdf75e4ff061e8ce5b;;;;;;
6c018ca18fef26b88812d20b5ed8539a;;;;;;
2d4c98e9751063889da24c4416a1775c;;;;;;
13fe055a76b47fce77cadbc96ec33d66;;;;;;
dbb4693f4a981ecd89ebf75482e9b679;;;;;;
17003962799fee6bb65ff0853d6439b9;;;;;;
b476774d9b4649adf99800c3affdb877;;;;;;
d4b20e133e845d4d2ce9de6b8e71815e;;;;;;
9bf700fbf5adca139e90b41ae967b3e7;;;;;;
4df091eb8cb54f27f0434da19b409a36;;;;;;
15a023916c08606d54d85f89d591ebbe;;;;;;
a01325f8ac5988cd27cdaac3118452a6;;;;;;
4d4c953f3a454853ca63c18038ce2c15;;;;;;
4496fa20fea26abf9446c81075b4f725;;;;;;
580333978c8a3560e9b255b3fb80d657;;;;;;
bbbc2c3111af6974604d66d55e71b2a1;;;;;;
ecd3f90aae46bb5988ab5eb236a180cc;;;;;;
750e2e72cd6a41fed78f9b36badeb165;;;;;;
b97c7ab1c1244562ad6b4ada924d34ef;;;;;;
708c935dd23ec15a3c3601218e6a3dc1;;;;;;
e4000a1e34b6c03380011a32f8e68746;;;;;;
051fa6c0e691019b8df49660f0aea130;;;;;;
73854fc14901b7f705735895e14ff62b;;;;;;
533bdb25d4b4226b48d627a5d5761b04;;;;;;
d42747f6ce251644e5049eedc9af7c20;;;;;;
fe7f4911d78b9cc885971d50475ef403;;;;;;
54b2d23486cf764ede1db3f65f122d17;;;;;;
635ad35eda84d3ec1ebf1ed3241fd543;;;;;;
71cdf98eb4fd3bdc0b591e69dadd3010;;;;;;
3804f461e9e5b9718b2ecb5df9a4b6ee;;;;;;
dff9799d16a60abea6a811f070208520;;;;;;
1e06b1abe075d3d47ac522385e2a8364;;;;;;
a744a6b2c7ebaef4d86c50caecce04f9;;;;;;
13b6cdf61778f792756ec4e1afd86c1a;;;;;;
74a115402bd3b4a0f315dba1380d9bf5;;;;;;
0d462e01346db0de20bd5d82051dbfe2;;;;;;
ac6feeac8c10202d202ca55fe9e15fa1;;;;;;
9c906c9621a031e354f9cd595be62635;;;;;;
5eb83e8b37b5859ace4974e1b7c93b38;;;;;;
041446fb23091316b7080fcf3edf6fb1;;;;;;
ae0ae498090f522dc96aa2f8890b7431;;;;;;
348405b6b90a4495a3d0c38f612918ca;;;;;;
2a491b8f114fda1e96195d8fd77e7fd9;;;;;;
52fdce536d783b88c5710d9d741a2715;;;;;;
003b4ccf4204a1ac5a33012771b0b09a;;;;;;
066648c09b26d37a3124bd93e5c85154;;;;;;
ff7aa56fde01c72685a828b3ce814bb3;;;;;;
304041a2f4c26f25e1ceb942eaadaaaa;;;;;;
c7b116134a011aaad06b7d2071cdb684;;;;;;
1ca0f13dd3538b73793b91c9abd24b69;;;;;;
4b5240a88cc9efbb8c00052905be4968;;;;;;
46a38bf893473962c536cade50de53d0;;;;;;
8dd51c0c5d7a5d25afb508d10f82faf4;;;;;;
df3a9f8b2552ab7d1d395293e0efbb7d;;;;;;
766597cc020f728a8d30cd77a3e5d816;;;;;;
d37509fbab32a3bf1e22a2559069b957;;;;;;
beb91b54588bb643037b7a1fdcc602e3;;;;;;
c47621db5e42c1e63ebba7211335fd12;;;;;;
03e42739176107b20907a4eb79062b18;;;;;;
511698dac3ff492700fa32a1dda3530f;;;;;;
c7ced4263a2cfacc04960aaa7a7edda2;;;;;;
3286f450f573f3950a9dd8a885b06221;;;;;;
648bda72a31961a05a2258e5f5b14297;;;;;;
4a7a5c7ef1ec43a37782567dce1fc98a;;;;;;
8244187a3b4360728797b92099fb132d;;;;;;
53cd3b2dcbb1e42f08587521ebb05993;;;;;;
e83659a7d5e12c84800af6463007d5d9;;;;;;
1465a752b8a116bbe09a7526e1d5464f;;;;;;
128c5d20652a7ee66f6e5b2d56a51cc0;;;;;;
75f135a8f266fa6d09426871d7a3a9ec;;;;;;
d71ce8245a5853c91ec6ed1e5caa7a0c;;;;;;
ff25fdac59c3f57539d8fd8c3f9f5d50;;;;;;
30a7a8fc4ccd007bd9480dcad0940909;;;;;;
14877bdd3ae20bceed50f23a4c67eb44;;;;;;
1cf2173bbdbf9717e58585225ad3b6ce;;;;;;
08b2e431bc6943133afa8d59e29cd5b8;;;;;;
2076fae96689834275d1886fa9c39161;;;;;;
f5f4893ac95579a605434d503c3c694c;;;;;;
7f43a2dec659b7d4e4d058ef0e3ad94f;;;;;;
d98993af0218288e298a7413bf5a924f;;;;;;
bcbe55049b69f578ad0a0da24f0c25e6;;;;;;
419ca4553ccba9f0b341b89d5a13a8f9;;;;;;
e0a75b105684e81ae235852faca64ceb;;;;;;
bcfbe6c5229882125d2dd88f6ef5d7ca;;;;;;
d8d1c375c53ce71957288e1c6eb0a564;;;;;;
810c5e0e6c414b8cc9c694213893f157;;;;;;
f8a7473c9dff15cc8e58caad8ede4a32;;;;;;
8bbe21862b5485c1ea2602c5c4166f2c;;;;;;
48ceab6af0cdd93f1a65b7c278bfdf2f;;;;;;
e773fe079518c11d502f771ac70ba800;;;;;;
43ba70696148454e3b74e7ee07fab5a4;;;;;;
70e3623a6c2596c5b2ec87fefa8a93e5;;;;;;
26a4e69d65e6cd2da78efe92168b3672;;;;;;
abba38747f655648ac1f8a1c0791b65c;;;;;;
c4fd9e6240a621b6e0c0a25b52071c29;;;;;;
248b62bd52379c53df2d9f675d8fb0c6;;;;;;
72b3442483ebf20e09227cab5dcfb5df;;;;;;
6ee95c04dd79a199811939a68c3374c3;;;;;;
494d81a2a76746c0765496e5ee2e91ad;;;;;;
5ec333b083e21b76d3c3ffe4ddec3275;;;;;;
8a03bacfb6a070ac0bb575ba24414423;;;;;;
ebc7c4fea34832ec3ba729557e8a91d8;;;;;;
6db82317ca0d4cb120d7e50fe3855d23;;;;;;
356ba2f28d80b9675aa43cabdf6e9381;;;;;;
00072583715cc9f1a773f1043d4ff485;;;;;;
33b1c8c3953365ed3c5ed28162410f2e;;;;;;
5936ab986ce8ebb41abff1702d0492a9;;;;;;
8a82cce22c2cde8eabb45b4ba36317ab;;;;;;
bfabc02b78dda58fc9848557f5104edb;;;;;;
98feaffdac2a0707ff528f9be4d8a2d1;;;;;;
fc4c126449fe72b32f0cca5728d997e7;;;;;;
a7f0b3630191604b80b1bbd62127b5e9;;;;;;
14032d21a8d892749f14805f67a64008;;;;;;
676134c790d9199777f913ce2b77ccb3;;;;;;
4b8647eb7c9910fc8885cdb69176fb9b;;;;;;
7aead5e6705b10fb96359474baafca3e;;;;;;
e61ee1785362d8064d5d57cba3d405af;;;;;;
045167eb3cc91f0a1639c6e25436b07b;;;;;;
47d0b1727d6e613174b72b3121570c9d;;;;;;
6a5eaaf5fdd74933f1289966e06426db;;;;;;
3bc7866edbacaa9bd12730bc63fabf1c;;;;;;
bf6bdf50f037c7c5397e3458fdedd103;;;;;;
c7f2f5f5a5b2c414977da71bf3e136ae;;;;;;
5d398a80e2a26d0f66bb6f0d826e17ea;;;;;;
bb26bbed62156429ed9f7a4df2c20585;;;;;;
4f890465ca2adfc002d515c406ecb70d;;;;;;
10e9bc16478073def2680f62e39c8f87;;;;;;
c924b1581fcd1c186729d63fe165656c;;;;;;
4519695e7305f291d4fad144af377ebb;;;;;;
3133b81f4e0b85f0857e54296a267c29;;;;;;
8c9334cc53a7623d0ab9cf05846edbab;;;;;;
548233ec0b3ad5de792348ec4fb5b277;;;;;;
d4b2a1551914b3bd1ac3151a32b7980b;;;;;;
e4a1720c96689bd11cd462141cc2fc13;;;;;;
3ac3ec89fd370ae42bf4328ab5b0ed77;;;;;;
08c69c682efe71135b0c05a890d291f0;;;;;;
81bdb13d5289641151fe2b351de06c6a;;;;;;
a4ebe7eead57d781ad72f78133c80621;;;;;;
83879ebae0c2af72d891ace14ec16a59;;;;;;
0c3c18a2a6f3da25857c6a9fc72529e0;;;;;;
e7b4c276720abed8ed343a83d3bb00cf;;;;;;
a593b2c604256193b418c195ce5e3f08;;;;;;
4a4ababc619a07a0ea52afa3c685f947;;;;;;
ac4f37748d984c4bd2e966d40754eb40;;;;;;
7ce1ec899eb8bba0e7152bb7083af919;;;;;;
a2e399a426a3ea38e687ebd4749e3698;;;;;;
aa7105a7efd9e745057096479ed70940;;;;;;
128dbf90ce3d4b3d8becd1b07501cd79;;;;;;
71586247994ae5fc1850362086b74652;;;;;;
18adfc7247e57836d03d1ea7458c97fa;;;;;;
bda70774f819a6ad2a09d1ceed76e761;;;;;;
2a7f8a1e01b4d0853f9e83f80c78e228;;;;;;
2d058802cfe640c3fafd705f65c30bab;;;;;;
8f23f9e7ecbbeeebdffc0a099e9eda84;;;;;;
595568869812cd1ef647076cc62a1109;;;;;;
e6e46fff421ee44dca6d22ee3abc3e20;;;;;;
f3906d0b107675619108c353ce1908d6;;;;;;
88ec67e4060a14c47adb9ed4b288870a;;;;;;
fa2a9e82aa0b7400fa39611e9a7d00fb;;;;;;
c7fcea57febd70bcc712327d543f8ba5;;;;;;
2a08ddd979cc36b8bf2b943a8e62548f;;;;;;
3dcba66d77ae2546df8474bee1d56c41;;;;;;
7e3685d4d2be565d6cd96461c2957dbe;;;;;;
14638bc65faec1ce088f3a25664a355b;;;;;;
ae0aad878df4dfcf8f7f558a6ea65698;;;;;;
c497cf52f8db55855329c10f0afaf831;;;;;;
502239de1763e5052f1675e02450df1a;;;;;;
668e9134a31dcf2f079c7b30d41df371;;;;;;
b7fddbdf55701190fd665b99d30a0252;;;;;;
f20119f77e6ca3eaf2a26c1f78cbf14f;;;;;;
1b1f5946c33f5dddfcc33a1f240bd559;;;;;;
739c6a032d6403855eaf6ce76567fc55;;;;;;
6dd5c9df1176ca45580e6179c0070d90;;;;;;
b9f99a62f429b40248818f667fa15b5b;;;;;;
a9bc9860d647cffc86f9ff18887fb3d8;;;;;;
d7f1e0f3a04839c722c01faced7d10ff;;;;;;
cccc9515d798e700894f9dc1c64b0e13;;;;;;
3fc5c232f9f375df92b59aa27f6c33a5;;;;;;
471aff210c2236163722b6f08f9f9a01;;;;;;
31d297bcdcd262d4bfc723686ceabfaa;;;;;;
445f42cdb9b66c3d0e1f3335e104fb0a;;;;;;
8c89fc5c3a0db415db820b81c07f8e57;;;;;;
ab20c3d845fbeda351bd9dd0d7e57a34;;;;;;
b4b54621a606aa83e3ba98cd82ff8ec9;;;;;;
a9c5898b26b36d6be7475fd53bb9a52b;;;;;;
c1411c33b61fa2b0f299abdaec225739;;;;;;
e1f504cd375a6b2e1e20af213e1dbab7;;;;;;
c87e38ba94a789a926840322913e966f;;;;;;
db4a45ffe30041cc436d9c4522d2323e;;;;;;
d78bcee6842cac9c3aee536a26cc577a;;;;;;
de7544fe100b801a5cba40b641e71e4e;;;;;;
df1a904e28fc416c6b11784d5a25834c;;;;;;
ca21c230aac8b4ce6a577ad2169cb846;;;;;;
1ca3287e045de29dcd16c98a9ca651d7;;;;;;
77e7cef73e3321eb2274dba1a38473bb;;;;;;
1c68466eabaa4f461726085f661e8989;;;;;;
53b76d81dbf91179008885fb98467916;;;;;;
61c3230f97cfb52a9ded9ce4ba1026e3;;;;;;
b1b8dfcdc888c690e8c795c06c79d5c9;;;;;;
c19c9be668ce596174caba65e6e99c3b;;;;;;
5b237238e2976a851e558ec9894904f8;;;;;;
326faa93edd2b3a253b6bf5a5f89f1ff;;;;;;
9f477f299e0cac058e791b60e604a8b9;;;;;;
a0f501b1f0bcefc4a776b1f864f40f99;;;;;;
09a9f4b07801fdb6adb7d8fc24c71a1c;;;;;;
497140d2a37120e3be0b947346f3d5c9;;;;;;
7ba0aa8fc511acc6ea8b5c77383d0023;;;;;;
a7035d4aaa5eeb701a6a09c4a2f0cf81;;;;;;
9778a18aafeb36e32fd69656f0bb08f9;;;;;;
84cb6abcefa150f10b3e13f1b6ed3a4a;;;;;;
02f2c9de1882f598df93b82bfe2d5594;;;;;;
29e045c3ba59591e1149a0cab022f83b;;;;;;
bfed7a1bdcbe50ec88d951ce0dc68568;;;;;;
03a439224dbcba8df3619ee2c735c68a;;;;;;
f3fddbd1b50603aeafe187d34fc52e36;;;;;;
e3b22ee728c4c8ea3fe9e1f2503015c0;;;;;;
990936e6d4a66d2db46a7631723117da;;;;;;
f4491d4d21d79d295d0bc416ac139351;;;;;;
34b590e1bea6e5985086233f14feb754;;;;;;
eebdd18c311361d03fd5f93bf47a1cf7;;;;;;
34a3eb9a071c5d976aff8fbc594cfe75;;;;;;
c53c4000295fe269fe55178d615d8bc4;;;;;;
16e8c1f6a81b59c6da920057226da269;;;;;;
a8cc56cbc64fe22822765635af78311f;;;;;;
766bc5ead129afd3696ef36b5049211d;;;;;;
d1a9cc4e7236114b9fcf837571358cf6;;;;;;
dff7aa2361955d4e82dac70847912a37;;;;;;
b673c9e22b9f24bd8ae8e593bd6bb7f3;;;;;;
e6c3f38f0c6cad13a0fbe0350668d74b;;;;;;
5c7630c62bfdd57e5c35cd9e20042781;;;;;;
5aa677343e9fbcefdf251f595b8c4a39;;;;;;
88c5c1d6fa4b57f3ca3b28b83d1c6c34;;;;;;
00d753ccac0b12af871b3664c4e50255;;;;;;
7a7d492a6911a6a2e8730949004a4ff5;;;;;;
079a374a6e08d3707e47fe06b39c9e16;;;;;;
cddda11720ea68f8115649cf25053b81;;;;;;
eaa1599aa3afcd65c39e02340fd2aa9c;;;;;;
0e02bb2adf0c0746ffc19c36083440a9;;;;;;
e06219164e183ccd563cfc953c2b675a;;;;;;
9011e66b9248823971aad93c12104df2;;;;;;
15e4fb4885a524ef55903ff502318998;;;;;;
98234e2beb30b038f9544878d8fb6e56;;;;;;
2e7b00c94d4590c8e9bb6c615a57845f;;;;;;
ff92c906a0338c7e019ad454da72eacc;;;;;;
6237180118124fb89c79c7deeac19c51;;;;;;
3a663b820f93be2b1294e0e4d8c861a1;;;;;;
153c3cf67c33e93235e7557e9928878a;;;;;;
eacb358be739269e8cc089b8bf7e79a8;;;;;;
0a7b2bca788a39f7d7ffe8a8971e7631;;;;;;
56316008f5f9db349cb9b55998d75849;;;;;;
f4894a1ae0cb174214c1a12cf8fb3324;;;;;;
393c7469c3fe9545c274e5899bcb4870;;;;;;
33e043090fab06cc041b19f24006fc03;;;;;;
3864d3eee306dd34e7efd64cbbaa74d4;;;;;;
84fa0a0afbf83946640ed6968c01ffbe;;;;;;
60697e959ff8d976a20dd6cb5cb77ac3;;;;;;
d27024ca4a94ff69bad655951c4a500e;;;;;;
1f9792df6fbb0d2d449032c3188bf898;;;;;;
8fb5c3460fe8b597faa2a134d321e3b4;;;;;;
8e01f355faba4c82d1de8004c2901b68;;;;;;
e6d210af2b8fe162f33d95ff4f0420a1;;;;;;
0d7b8a4f32571aa003a3b4be6feba8c0;;;;;;
bd7f1d49c2c19399c3b07e13ae605ce2;;;;;;
de32fafb0b5e4d7696da9332519b6698;;;;;;
c0e2ae848ceba8dc3b4b35e2c2fe6543;;;;;;
18d2d01364e871282e8731ed8857cb54;;;;;;
65d812a0e7c03ece5196a8626b12c4a8;;;;;;
8dab612e13ac6ce27b8c89a8775f198f;;;;;;
f2fc101aea7f3f2cf3ee872a0f72e3ce;;;;;;
fd0e61c79b2fae24b2fdce11ab146cab;;;;;;
4b0b5de978b0aad8e8f2b8203307d762;;;;;;
428002210a202475451132d61e910ee6;;;;;;
4d004bb82d31493acb26b674cbd58f55;;;;;;
6865229c6b161269fab928dc2d0b6147;;;;;;
863aa066ba9e68eb5c4c0d4ca45797d6;;;;;;
7d6d8da763e4d07283ed9bd51698c68d;;;;;;
bb82ce77f865327748d0952b7338a169;;;;;;
9b57462e374ca7ffa17a81bf30682186;;;;;;
0f5ccbe7aedfd6a94c91e704661468fb;;;;;;
f1bd73491ec6b73ca63d053e147b5259;;;;;;
4d62c93fc6903a87a63703c785e0348e;;;;;;
12fe91af0d1f8f18ca7fa7e78d3bc221;;;;;;
55026ff9c222024f446e4906fd757ac1;;;;;;
14cab89f88e19f6359a75f9d0b2a0238;;;;;;
793e1eb9523e3db939fa5e7a7fd41919;;;;;;
e03651f60acc061d23d3e041108ebce7;;;;;;
bb24e124ae3b4bdd37c5a0487e6dacd6;;;;;;
52d45f1f94479a0d9f683824764df991;;;;;;
6f539b8574721330415f69b7f02d30f4;;;;;;
aa61a7a9ab32eb31c1c7bdae7d8a21b2;;;;;;
29a684cb76486c2444f1df230db3192d;;;;;;
d66e72fa0c03977c92a3edf30197b4e9;;;;;;
f98c4aeb9c80b3a52028eb683a5d639f;;;;;;
c4ab548da1dfa0b2f041af076306bdb9;;;;;;
fa43997f19690c9ef6431a37b1ec6298;;;;;;
a58b74bd243cd99677c58903c7be92a4;;;;;;
cfde5d5a22b24e1f8249598b662b6c1f;;;;;;
697ea865c6ee77f997cb59bfd7b1d18b;;;;;;
f7c518e5fa3f39e948445eaebe763bad;;;;;;
3104bd58cb410108a296c2962b12e63f;;;;;;
9423e8bb456393fa212865c5c288b5ec;;;;;;
b3213767ddc8e1d586a7220fcd1c20c0;;;;;;
8dd4f4ea340f044a8008e868442e17f9;;;;;;
a42a12ee49928fbf60b545115f8a65eb;;;;;;
5c325c250d9175781621f8bd7932c3df;;;;;;
84dbbb39bae8c1b4b18612723f56c8cb;;;;;;
0fde189433e036c89fc9fc13e40e0226;;;;;;
4022fd7ce89ff1f65aac8b0dab6e3c0c;;;;;;
5451ee9251b5f81cbe74ff84be0dada0;;;;;;
db096aa2ff91517aaeb1bde0f70cc9db;;;;;;
59c1741303a26cacef62721a1ace2f92;;;;;;
0ca3b60ec349fbe5af707b83420e978d;;;;;;
240bf42ceebe24ff6ea48b0b73db0944;;;;;;
1c36c85fbd3f8e1b861bb0f6413040ab;;;;;;
ec37ac403e27dcf6f51072d4a5299abb;;;;;;
dbc19c5cc3f0115013ac59143fbe7e3b;;;;;;
52c33df758a04c570728688df005b146;;;;;;
d552f7f1b6310dfb656a810b49d444f1;;;;;;
38344931006d06ef2502f077c757bfee;;;;;;
61417038719d57c83146530b5e1371c8;;;;;;
d44dc31c55397ca327716227abe3587f;;;;;;
e4c153ede5705ac64e28571f75f04f54;;;;;;
e891b53145b478382ca52b5100d505e1;;;;;;
ad151a759cc3dd0c7ed83d1a4e1f0434;;;;;;
43e937dbdd7b5ab398d6800ffb5f02e6;;;;;;
8f76dfc72f6a07820a6d1401f6dcd1c1;;;;;;
f41b3b906f2865e5c8b183b4c4ef09dd;;;;;;
c7bd6739e263c9000b7a8019754c4367;;;;;;
1a675137a74badafb2c81908dc01e297;;;;;;
4a237d10a700de86225237e609185f3d;;;;;;
3a030d90b3c4f6cf02b2ea792173d64a;;;;;;
b9572dbc9017fdc92c130a68642d0b2f;;;;;;
8e8a0b351a48f25c0062a44a357455f8;;;;;;
364e104387b38a07307db69c4547b486;;;;;;
ce089dc5a6040ec5d3cd2386ef945227;;;;;;
21c1e74d427d36f0d96dc103a6340b8c;;;;;;
ed3c27caaf66008846a9aaa9d78b58cb;;;;;;
446fe62cf9aef25fb2c90986eac05478;;;;;;
de48b4ccf4eae70d0301768a0af5d811;;;;;;
a9effce4a3b06340859b68b024cf7fd2;;;;;;
eb30ace962dfe907d509f351df11f70a;;;;;;
002be5f95360b4f145017d3c4a67e492;;;;;;
588d9e371a243535a048e77b316fce6f;;;;;;
7266e87d8f6e53ff2582e4e2256bf524;;;;;;
ed48aa31d25e2907ede5a9075c783ff8;;;;;;
096e30429dff90d60e2e36d546d82656;;;;;;
10d79dcd02f6ae74250afe6342ea7662;;;;;;
1c9523a5212fc2e438f87e80902361e7;;;;;;
52751c5334351c1af41c03fab8ffc0ff;;;;;;
0a104c37f9fedc5b8dd7b1ce0cc992d0;;;;;;
e3c030c74113320b25546d8a01664c4b;;;;;;
917b8237332213c03e85a0f1b544d1ad;;;;;;
966e7bd485be63e29942ad4b9fc29be4;;;;;;
6cf933f4a6c43ec1b7c66514d0697a46;;;;;;
4f611175be0978e8a6c9c3dfb29ef708;;;;;;
0e59e5bf689091fac3d9f9f6f5fe7719;;;;;;
ff70d36e4a2a328ab53f96da8cf5bf0c;;;;;;
8a8c475675e9b7c25704396f8ac48b47;;;;;;
e38595ef68f95c680833fd7b876a1c5c;;;;;;
322229f7baeac312aff176035297fbb7;;;;;;
ee51e38d883e4bb372d3438f54bf2424;;;;;;
3fccf559892fc5dd4aa70348b4782ff6;;;;;;
7015ac9fa5ebd9a381e2406f1c8640ba;;;;;;
5d16afc77a902ae304881a3f508fc56b;;;;;;
7487508a68967249a9bd7d06ba83e174;;;;;;
3caf3f598002a0431cf1acaab077e033;;;;;;
76cfa218a33f68855db384d7c28d1a3b;;;;;;
2ca07c80b00dd4407e8b8d315807c8b8;;;;;;
bc6fa929a4bf1ec51ab124368c81a284;;;;;;
cef63e0f306be3549ca32d7ef7396bfe;;;;;;
2be17ef34d3e577cb0f3a6ee688cddbb;;;;;;
115aebafd700f10bb4ec6b5088f33123;;;;;;
733b159904d558f15097d8ec74d36356;;;;;;
134fcbfae2e148e14e9195ec0f0e3e2a;;;;;;
49277a0252c0af3bb035f5a239da6d33;;;;;;
ce90b08b5ee9f847baf9cbe2c0e79d98;;;;;;
e8415ebd69a839b4594654b0205eb697;;;;;;
6ee34db6b51d8f76c56610619d8a185d;;;;;;
cf863fd19c68a7ead1e39097c7a7b2c2;;;;;;
3d21f04aa8b03ac66fabc61c59c87ffc;;;;;;
89bd8bf67e8cbe4342b2fa42da2d2cc2;;;;;;
bb55521b390034840ac1f341c5e907ce;;;;;;
3fbb4dadd38cf437d52c6ce35c7dc24b;;;;;;
d53be4edd1c09b41577869be06080c95;;;;;;
96afbc6395056837e27a6b5563286faa;;;;;;
74f4cadcd9159fbf853aa74c916dd1f6;;;;;;
df8aeea04ade5f01c0cf09b9671cc495;;;;;;
975ce71ab564e21e85c2cc5c9d0f236e;;;;;;
4c5e04ac578e6e070aa0168843e7c0c8;;;;;;
cf82a97df00ae40cc3a15815198b6b7c;;;;;;
d4a86240056a1aacf651443fd7f7cafd;;;;;;
d8d5a96064716e711125181db056eb38;;;;;;
d727e60607ee4ea9d02e6764dca8adcf;;;;;;
2c3cb3d3ebad698873462ef1308ae789;;;;;;
c6f152eba7fe13eca43389d5f6c60d03;;;;;;
10b33bc70fa6c930c8d08e7452c7959e;;;;;;
4259bcd426b023ae9660044ce6356e98;;;;;;
6794b8f7659f9053ef0cdd42bfb28899;;;;;;
2849aaa6456f6a84b7535d8362ba8b39;;;;;;
1899f2b9ff930db4aa480b8f83b5e60d;;;;;;
ab7d52a82edb6b6d0ab15351787bc194;;;;;;
3994fdf286c0c64ac1badd0aacc85c13;;;;;;
5db91b8287ec08204b5fc4eb1ab4a4c4;;;;;;
45a679c2df7b0cb2a6704b6a58d5d27a;;;;;;
81b22cfbf59b638421fd1718862adb09;;;;;;
a9ef87f56e099bd56be7622a22534430;;;;;;
329d67e08da27332bfadf47879c4745c;;;;;;
14ec740a3621f314d88f1284c8ca71d0;;;;;;
b5513440554a9bf0c579d8f684a05cb4;;;;;;
b347035ea7aa3b206a88bc32fcd9623e;;;;;;
7f520b87fb7e8f3c0c08444b16bff2ca;;;;;;
4477b538f39e3e15e695fe854e11c46b;;;;;;
212ca68d58682a12024ecbb210aef368;;;;;;
b82bf86f8c73e449a79a3a7953c722fc;;;;;;
36e2999c8a8a3e67125862d97169ce22;;;;;;
89741869cee8e38a52ad6f77c1f32c7a;;;;;;
50df247617c9ee5b1aab80b6cca41a2a;;;;;;
e4af0921705bf1c6b95e4b40f1c4db87;;;;;;
5e2464a7886bed31cd933a1aa126c6ab;;;;;;
0b16f7deecf5876283d8046b19be33de;;;;;;
2a72ddf3980164f3fbdad686cf5f40f3;;;;;;
7a788346f43c5705da9a7e423d7a2040;;;;;;
498dfee342d96fa79b21366a82996bb6;;;;;;
0e2d63c80c8adee3e414a45e1ab9718a;;;;;;
51fb5865b2350e079946e50a1b5d5502;;;;;;
db942b026deab38463fa1dd91d62d5bb;;;;;;
7f5420282f0acafcadaf65be6c8ada0d;;;;;;
62e1348b5426d9869378c165bce9d93f;;;;;;
8f6b2e087481d4a07984a4c309fd5396;;;;;;
0e90f2f07fff086eae6d7b1fb1359a6b;;;;;;
4a5c8e4d1eaf3eab0431bb87b95e0f69;;;;;;
8f885079e3af59d54d0d0dcbe8cc954f;;;;;;
5867ee8795ece3591d7630b82d688fc2;;;;;;
490bebe18c7948261ad2ee0c98e9b758;;;;;;
ebd4be46bc5f93e85c1f37310ed6d127;;;;;;
0920d42a02585fcbea3ab7bfd1dd2861;;;;;;
362a69aabf6bd3f26203f4e67c1fb359;;;;;;
3988ef6a94b43a4815b8ae0dd9282ae0;;;;;;
4723fda6414c027045ddf989b887ecfa;;;;;;
ecda85b90fabd4cf7fc942d2e3498ecf;;;;;;
c1f98032d18fa883734decd47af25aa8;;;;;;
3179851bbe87bf4bb2f9ad420f3e8dd4;;;;;;
eff43e1b78ffe91f4f4bb6bc2de0f9b9;;;;;;
1da3e06e4933c2cba4c0cdbfc10f8cf1;;;;;;
85f9f79719d7d49de07efb6114469317;;;;;;
37918332260f00f6c1b523e291f5a9e1;;;;;;
d5514de2ce22380ff5149f615ebe6e19;;;;;;
7ecacd64f900231becd2dc0345d7865d;;;;;;
3efb6e7208d00572c26fc5baf0e1ec69;;;;;;
6d45a219bce77d52879cb896cba919e8;;;;;;
f63ef5858d940b9c11e0608ba28f8bbc;;;;;;
0b4a2a7f3834841de34ccd8f275d68a9;;;;;;
0c83308f6e8d3add38f027ed0642bb6d;;;;;;
79f5153a947d30b196f9978661c31a9f;;;;;;
bdc230cb453aec523a1ebe2e799af99b;;;;;;
b5b5e891bff5b2c969e10eb33e5801b7;;;;;;
d8347043fdcba3a0b1ce90e70f2b812f;;;;;;
5988eef68289d9714659846ae9ef4848;;;;;;
a8205ac6b653838ac96eae0793f76e28;;;;;;
0fae69d7d923497821138b1ae1e1fbac;;;;;;
0e465ff671211077148e4ea533fc92db;;;;;;
54c252039c7521691997108a09331b4b;;;;;;
d5a7c9ce0b4755013223e6e2a98b3c9a;;;;;;
1069ba417075bbd0e500f77382503e01;;;;;;
144c4147a36244c2fe3e115327180ff2;;;;;;
0ac9ad23dacc3e765d3974db765277ca;;;;;;
271e15a72b12e9521a3c2a97f37ee90a;;;;;;
567d28a0b5fd60c4f094cc16c17c78e3;;;;;;
8bcdcf543525ba2030474b9c2ffe2d58;;;;;;
f06bb7d66827cacff1ddc5f678151ee3;;;;;;
c151536b9fa54092bea7ab2d2dd065aa;;;;;;
067e302547028136f7d2017e3b8235b2;;;;;;
ca6bea2f388c5260979034946148572b;;;;;;
626b2ee2d1a2f6c69c1933f5245993a3;;;;;;
c9d65a1f7931efc8046657180a95b5f7;;;;;;
856e1d73aeb5ba1a91825003c8c0e66a;;;;;;
bc9d6e38af870cd84224acecbb6fbc3a;;;;;;
8bba84682b0d6cf4ec0737b314570ca7;;;;;;
bab08d7beb4562d8d86fecc1242e0723;;;;;;
4226be9f9879a54af2d95aee9b3088bc;;;;;;
31d51067d7681500e7d8eb129ef9a82f;;;;;;
e651f8a23b9fd4d8e749bba655597719;;;;;;
ed89971b7fefd8fb9bccdf15d8ff7b5b;;;;;;
c7d679b2165867aa67125d38559b140a;;;;;;
0c362367ffea4e3f73ce8288005cf29c;;;;;;
f1c183d118c33d3285d38e4faeb9b009;;;;;;
20f95c5432de154414d3f1b76e117616;;;;;;
4c1448bab149cb95922665e18c00cae8;;;;;;
601a09db746061496c5d3df8456c8725;;;;;;
2f45162f4771b65b638ee5aeb5882e28;;;;;;
2a32f3904312c457a695e8b8b1f5fbb3;;;;;;
118f1634c0ca152a6cda8daa0fa23f8b;;;;;;
571612cd68625070577143e80be75d87;;;;;;
317d47ca5b1ddd469d4b03cb600b1b1a;;;;;;
ccfdc5c5bc8301d7be50d766ae764b88;;;;;;
9bc00df390d9e0938dcff181965e251c;;;;;;
4b7f7d9084cf95c021e5681e24a5ff27;;;;;;
26c24a0d9f501c92304e36d0ca1e55eb;;;;;;
39ef6974a8df08fab5c78a96625b66ee;;;;;;
a35dd7fad2941edfa901a0bbe540a9ef;;;;;;
e6479e493402cb6c61695a8b54b436ef;;;;;;
12488036a6a3ca0ab85339fa4f259942;;;;;;
7fb2cdfab49757d83a029ea80512938d;;;;;;
ca06c1093f506a15d6adff161cc35906;;;;;;
ec52799ce65ce09e57aabaf8a6132a1b;;;;;;
107a89adbce6fd92b908cb4ac1426c52;;;;;;
448c1ee0daf89c5023f4f67769b32be4;;;;;;
c9fe06c6cfd39cf9edb8819267cafe19;;;;;;
eb1236d7c6be50ab55e465f3aa816bf5;;;;;;
7cc9a99f349192d7601ae2cee70aaf1a;;;;;;
bae53647fe584be92d547affafd1c501;;;;;;
729a2055f6ff3db25b5152583f1255ec;;;;;;
f85f176dd7c27f4d3da3ead2eaa3d8c4;;;;;;
b8ca47b1211f019e3cea5f0f38e35ac8;;;;;;
98ada654ba865ff4a7936cfe9bda7532;;;;;;
9eb27e72231e17adba82a3d2cdc40f67;;;;;;
f22d4f804d50c7a6e4f9a73759bb80b1;;;;;;
8a0173b5179dd0428b5d651b218b0fea;;;;;;
12ef084afa9a099cd8f64c09839444e9;;;;;;
e1d45904ec1a4d6de63f92189ae6e473;;;;;;
1384148f6cd852e16ca4df7c9c9d3b66;;;;;;
c5639d62bfcb18d71d33c8a0b67ad9cd;;;;;;
6cce7839c081b700b1c2d3d1d85312e2;;;;;;
21956862b83211eecc54f3fe1a8675b6;;;;;;
970280b5e256687739691f4efb776f82;;;;;;
96e8bb45143b8b8182eb3dc4c4b55d80;;;;;;
ebea3a981bd4c133954d01bc1f99d529;;;;;;
b1157bfe7c1536ee894f272489360f8e;;;;;;
37fc0c9b27104dab00b3e4c920efcb32;;;;;;
d80a5f7db275f047fd0241cc02dd5eb2;;;;;;
0e369ce6e59cc43c903ca82256830337;;;;;;
3f86cda744a1c507475708c542dd580b;;;;;;
f119dfeac9f4605230fa45450638b2d5;;;;;;
7dfb3e50898937ca354babbedd2d6aae;;;;;;
ac15c656f99fd3b5bb60c96bf36c6af8;;;;;;
907aa1f170c82a3266e0a61c60101a1b;;;;;;
8e9f52c3c73323e8c2b0b431d412a9c7;;;;;;
bf3f3a24ca95392623075d31f81a038f;;;;;;
48010b141f95ebda5c2b5a95f8826e42;;;;;;
bdec547a213c17224d2cbbf495b400ee;;;;;;
924ef25a9d3e50d2b799cab1f25438d3;;;;;;
cdb79930000361a065210db49a82ea74;;;;;;
8e9c601fcb30fb87ddb64e32ed50d80c;;;;;;
b1ffcfd52b5ed97c22d39714e03af349;;;;;;
c9ccfe12c5470ae4e2a965295f704656;;;;;;
da664348b7c2098757c480015066527a;;;;;;
5f5aacb8c62eed2e2386af76c33900a7;;;;;;
7b5a99a80695ec2f6a0026e85c3e635e;;;;;;
60045b430d1be043e026277d820650e0;;;;;;
4819378cc0a4a957d6211fc35eda6421;;;;;;
dba1012fe671056ccd5f945ef19e064b;;;;;;
25763112cad92231c475ee2cb248931e;;;;;;
ad044a3a976ca0ff5bc8a723c87ac2c0;;;;;;
53310d3eb228ce98a8d559c8339d9db0;;;;;;
001ff8644a279bdb25d2631b0ead6d5a;;;;;;
e235e3b5e6390b0825ca99a51869be8f;;;;;;
56cdc39f5416418f5af0672195cbc8a0;;;;;;
fb2736547dc8d071527fe944933400e0;;;;;;
3d372ae036bebd8b1d97ebc8a72ce24d;;;;;;
dee396ccfed2cfd3ee5a44e23baa02dc;;;;;;
3148945bcf01590ff1a7d293d9d597ea;;;;;;
ce979b35087fc9cbb8511408c6e6fb58;;;;;;
d4aa357e0b1e2d3be27d252d31d51b0d;;;;;;
d455617e448079a457d05c1dd47a8ceb;;;;;;
4a4120f739bf9ac1c77391305c32bf5c;;;;;;
978eb09cf40c350df1693d01fd0bac7f;;;;;;
10db8ed7b3e4f2566cc7c8fae30e0df2;;;;;;
ba61ae1eabb976b6431b54eec36ac495;;;;;;
0c60599e348f550906bae9781959240f;;;;;;
c7427b680911d00e329fc72d0c5cb08c;;;;;;
49207b3cfd4049310458c355e741e25f;;;;;;
558851a4153cb0d845cbb20dea0643fe;;;;;;
c0f4e2e4d061014a1e7fc5c5231b9871;;;;;;
3c07ee78c9c87927b25784871577f6f5;;;;;;
7b75b781459fbcb2de359e325c72bb12;;;;;;
f140e42b2fca0c56817acfcc1bdd8cbc;;;;;;
fc87933fad01290ef31b2b17d58f378e;;;;;;
e41829925719dbb6210e2d24e3fffbff;;;;;;
1827225bf87f84fc72f98ca1a9d70f66;;;;;;
6450f0baffdf512a5883a72fd086a19a;;;;;;
c4826d285f777ffc248b345c63a3b83b;;;;;;
c055493d5eddfe9c2b7bad8b6bd8e71c;;;;;;
4fc12460528c6a15e886d5cb9c707f4d;;;;;;
b5d0a8e3b2cea0e6097adc53a0416697;;;;;;
53753c76aaa8bd9f965460102f275b12;;;;;;
8019ae2ac10f22464de514a66a482034;;;;;;
81409dc647a4621ffec9d1f806aaed24;;;;;;
79807d632858d2a3dad3836b17495003;;;;;;
31ac864c05d365b76afbeb7cd824b63a;;;;;;
ef49ec56a30b6d161b90bd581385b9fc;;;;;;
47f257ac4e549085a763f1a7a6fa8bdf;;;;;;
233b51d44b688eabd79dbf8c217d0c86;;;;;;
7e3dc4dab6d971e626c8a9dbc5dc4474;;;;;;
6c73371b90f7c12b3cbfb6c4bd7446cc;;;;;;
0630351cbf10bc3bde2ca455b1e03979;;;;;;
5c19e616a3dac7e5e42a6a1b9a15f76c;;;;;;
02a2e0a8b787c075696de5df1a93e6f4;;;;;;
33f9daf6bcc88f924e7ee286733e00c3;;;;;;
915444a12ab9b28688041c8936a444da;;;;;;
d0329fd0a7665fefce0cc37eb2940c21;;;;;;
1ea04da3e501be6b278cfda94de82466;;;;;;
650b98c715e7a03f97115545565e781a;;;;;;
f89c3a5ebbaef20167dcdaa56824d309;;;;;;
12be389091c6ba1f58b6b757c94a3d3f;;;;;;
bf74ed4f17858aa28fa04dc97b7459ee;;;;;;
afe71396f353a63285e6e2daf73f3646;;;;;;
5b1c04494389e2b17d7c36b2c6b4f680;;;;;;
052e2a4b925818d167963b5c49755373;;;;;;
a58b24e61fe9fceda915654824286d0d;;;;;;
cc9e800736c321c5900a42382e48746f;;;;;;
42fc8c9f0af109df1770d62ed3fa2e32;;;;;;
56aaacab1ec899558c078ef840280e2f;;;;;;
882101823c47ca2844d7ff4ed0bc3e9e;;;;;;
e4282db856032ebdf8f52ef80be33632;;;;;;
eece994838c421059bfd415df3020012;;;;;;
adbae536cc771765b3e23465136b7c91;;;;;;
b8fa027fe7e79d197b29a973622d1346;;;;;;
2b0e437f836c0ced23f34928392e0805;;;;;;
629914f544700c1fcb2e4f99520eda14;;;;;;
1d7ec8919099b04e7933a513b22ba59e;;;;;;
9b82630040ababd8db02e85a8d6a0a29;;;;;;
2f39e35b3f22ee3a001c7a27756b818a;;;;;;
69039ab7ddac9f33cb23484cbf54e9e9;;;;;;
25ec293d74032fd7ed6d12ed85ae3bd5;;;;;;
464d2b13222285ed6061172ee6083926;;;;;;
8d5b93836a9bb3fdb64150a16224499d;;;;;;
883bb8c3496ac38aa98a49ff36d79969;;;;;;
37b27db304dcd872d1f75ce8f81fc2bb;;;;;;
fcef78b5b281f2e51a2fb559c658e450;;;;;;
065b27d1057408314cef68243283944c;;;;;;
28d9346e86dee7e5b824588678030dd7;;;;;;
14567b5fc08b039ec851477c28da6598;;;;;;
c29567f03c35750b1005495ca8b101c5;;;;;;
cc1cb1d56e02c18c234e947c6324f2ba;;;;;;
9f14f72801d2355b8512dc43b2e7bc24;;;;;;
a57244d5a8af24d3814a3bb9674f546c;;;;;;
ace08eb626267792b602cd74a9427aff;;;;;;
444f9b0d898406caa98e4e321a39e3d1;;;;;;
d62a5ba5d323f1d038c2185fe933fd59;;;;;;
d349d78e3079c9760b14571e5d645349;;;;;;
ac5051e4994ed4e4ec50770bee9eb57f;;;;;;
04eecc85c9dd8d0eb5b178ae3713db62;;;;;;
e7b6bb3b43f79caaa7580bb2af1b96e8;;;;;;
98fb1f3895003240c53d84253edb8a84;;;;;;
97154d64fd795923322a21e8276a854d;;;;;;
3d14ba5ca3ba50f51e897a5ce55cebbd;;;;;;
eb8bde1e35050bef6829e95d26f3148d;;;;;;
f582d943c41feeb5f2a03254831a7a2c;;;;;;
fcd99d70e3205e657ba1fdc1cce54d64;;;;;;
7085d608907e861a629abae850e08f66;;;;;;
69da6f070476a98264a372eccb45b875;;;;;;
58eab2746cfbe0470770da6630b18567;;;;;;
2087f12be9f72c9ddab660aaa863244b;;;;;;
e47dcae721c30234d8f9fdf75d329580;;;;;;
0cb05a2d7c91942329d6849469bca5c5;;;;;;
1e5cc97a6dc628b3b08556808c7ee050;;;;;;
7cc5450a685e9b5aa275e85d66d59bad;;;;;;
c4f6d80364a243700d5bba5ad637e0f4;;;;;;
85e2fec84f30d4eed73ec319619b4d9f;;;;;;
01eb67bb744b0c7ee7021e168699e773;;;;;;
747d1c5e054c0aacfdd19e4ce774f351;;;;;;
0a4b0bbf1682849e35ffb65f7f2567d0;;;;;;
62fd8abb71032ded1bef6de9ea02862f;;;;;;
12a2f3c79fa50a38dd8a8ef9865fa010;;;;;;
08db451ee54561d278f9b0c98da04755;;;;;;
233aec0dc5c271595487b70f0a837fc8;;;;;;
12f2a2a2b042a8cd8970c8459a22521e;;;;;;
c345db2cfeaee74933df52de10ef67bc;;;;;;
8652d790e9c96ed085735a3c95640345;;;;;;
ac29874bf68ac056793332996e4efa68;;;;;;
9c6abc66bf95ead72a2f04684d219327;;;;;;
b6a93e5f2b36a58f72a01a03a7d83c1b;;;;;;
b651b8e09c81555d9be6eb4b14616c23;;;;;;
99a24969b756cbfd8796749e96847830;;;;;;
e7db76878758a2fa386a8b708a1d4c3e;;;;;;
f44c274cbc30d52a834a4afd23b1d677;;;;;;
153361ada1a26b17ce7fe72512701893;;;;;;
b1a0b1e8835d0581174bc82b4ee3a3ef;;;;;;
c52844612b07b9e186c8d854dd4c9780;;;;;;
d7bec4ff1d0f42f0101440576f553102;;;;;;
f8ff7c21a6ee155cc3d3e277d3279b8e;;;;;;
d9606f86cdbcda88c2ecee23995ff413;;;;;;
fac1e703942e70520bf626585a9a667a;;;;;;
9ca4b99eac1c56b61cc1ace191129d8a;;;;;;
a552cd2cd2042b6fb776aa4971701aaa;;;;;;
ee98d9653f4085ee62ae881b16936b3c;;;;;;
89470d10627c78c7d081e6674d2412d6;;;;;;
9b695e49f4bb2df9c39d0457809ea753;;;;;;
53dc80cde14ba4255d08de63e6900f03;;;;;;
1ae9574741bb93a1a235083b81ab1549;;;;;;
51eacdb9315e949f598e9db8ce8cf0ef;;;;;;
3d28c2f28653150a034160ba5098b167;;;;;;
860c06e9e30ef6da7a35525cf5a90fa8;;;;;;
382832555144b121eea1080b5806c297;;;;;;
c8a0dd91df5cdfe4e6ca5e19699d7617;;;;;;
7a67de244256b22b7b6696842c81baef;;;;;;
bc0a14fbf3fc9288d79c362ff89d42bd;;;;;;
2fa0768a48cdf7af49c3a9e6bfd43d6c;;;;;;
983b1b4f356151a7f342d2213420a530;;;;;;
aab470bf46c018c7025067ad1400a473;;;;;;
854ba30f0308ba3b36a0315e1deb29bd;;;;;;
b2d100ed3cecf4f7f5d240cc615e2ce9;;;;;;
70a6c5009e5a694f66d856941933b124;;;;;;
b6674edef80d6c380bb808596546cf7e;;;;;;
5db2cd74ba0c7cea2ab62356b9388d4f;;;;;;
1d6f0a5c66edfed560a19e05257f5a4d;;;;;;
24278352e6cdf78f2d51d98a97b2d5dc;;;;;;
920004945b75ca4049421247b7f07954;;;;;;
7360daa528b63131037fa59150a1a83a;;;;;;
cd9fe98f5ceee58b95deda3fc8ba4545;;;;;;
32f2e0416a832e803c20f9fd589f8d18;;;;;;
028a6d46a16447e957d140f9faade8f4;;;;;;
98b142f9a8167fd1611222244a77a53e;;;;;;
5ac3d811dccfc0130efaf588e41fea2c;;;;;;
d27a95749b333c9437d26e3c752aa4e5;;;;;;
9ef2179e0a49a578bc661241df6797d5;;;;;;
b092756b7336590d60f32be1631ac048;;;;;;
998d2f54023ef9499ef943eb7d33cc27;;;;;;
4d0070e89013a7c50f421949e81acb68;;;;;;
50be5521e605dd55b67884018c77bebc;;;;;;
46d33cb027ff369dd46acecb71c8c1c3;;;;;;
5255125b83f52216645d283ee68c6953;;;;;;
cf769d8bc43836ea98aa8bc5fca48c2f;;;;;;
cb03524fbfaf175f4dda9e64747c175f;;;;;;
6e2b3a326e32506cb2b0f0c9065db600;;;;;;
d670d13c6125bed559fb940dc6e82a31;;;;;;
9860e4abd74e29c6dd9337be708569f3;;;;;;
eff2f31306dfd5bcd219af089ba21f5c;;;;;;
f48d77c80e11b76890dda5ef72a5656a;;;;;;
e34621eca8cbba64a798cb4319742b2f;;;;;;
f247315d2d4425db81aa78b7dc7a2d34;;;;;;
61255cede8bf770722cb39ebfe291c42;;;;;;
6dd35b12055975e6a85f49cafdac00a4;;;;;;
2a51f2363496d240c3c2086fa4906263;;;;;;
9c25f381190d40b50baa6354e27a2ff6;;;;;;
d902e260e37753815972266080cbb921;;;;;;
4e470679b26309191039be268591b800;;;;;;
106310c86b95f9303b139b07b8619da0;;;;;;
42b799e40e3889f1471076194334a0c4;;;;;;
3356b8d0ec37e4ee104f7a0b70b9d405;;;;;;
6c262ddfd6238e53340627d89035d15c;;;;;;
0b202b0bab58df82b4764fda7408d5dc;;;;;;
f355c943519fa6ffa4527f513dc8fa25;;;;;;
f1c286d6b44998fba4279e1c2f351d70;;;;;;
7fe8efeb287fbd7bf7336fbc91ecf1d3;;;;;;
366aae7f97df3bf4baebac2c5221b765;;;;;;
f3599732be3a176be69e7dee2d501498;;;;;;
49d9d10275689f3249ff8f207b8c7db4;;;;;;
7809a4aca14a88aed2e18a2c12bacf76;;;;;;
b0bed9973e2ecdc8ad1346b5b27fc235;;;;;;
2b81864386529ea3e85183a7ab71ad48;;;;;;
b22b05a364cc0eaf88785094977b4127;;;;;;
ebc3723b7c435844c74b7284cfbed665;;;;;;
24f011fc4c2f98384568dbabb0a62850;;;;;;
395cad2602e3569b56942516e3a9c59a;;;;;;
8957519c2eeec62789b4f8d0a39442b4;;;;;;
453556c51a419369ce2821b5b3a8b4ce;;;;;;
95e883425654867e2287c4918e11eff5;;;;;;
b827951c2baba9ab1a8fbd0f0eb0db79;;;;;;
f592219323818cd63ad92fb96bbfd766;;;;;;
c9bca3ec9f505f822fdafb428ce22679;;;;;;
6d6896521fd051f60d52b6c3f319c1af;;;;;;
37cb26b6acef4ecd8854e3813463c119;;;;;;
4128e22c268113aef755f1f6b2c17113;;;;;;
d1efd1af52df17d8d007495460eb90f1;;;;;;
f79a0bce116e1a9d58af2df337d7eea6;;;;;;
743036f32f1924e2867c7e14e78679df;;;;;;
d81079dd6cf3365cc03bfaa26ff6b6ff;;;;;;
9795743cfdfee25fc938e30abaa70980;;;;;;
6ed981f43ef72376a7908d0867842b48;;;;;;
276c5d807081e90c14364329b0354b0d;;;;;;
bb1d04dcda0cf4e4a215a9e545ca5db9;;;;;;
1ab0ba52316a7a3bc8dad917202ef69f;;;;;;
739a1b9450a60828dc717e59f3183614;;;;;;
2837ee3e96129d6b0daf7df988cfba5a;;;;;;
43a2ddc7d3c9c3679e78987019e6bd4e;;;;;;
c67949146ad11f497799709fca53cf72;;;;;;
5aca793f48a7b47540e6a54589d6d682;;;;;;
53ac67cb88a45c42a0aaa4ade2a32eb3;;;;;;
a9437762524c16e419143988d8f6b410;;;;;;
be011135bebc8fd91c5d01b4f2a62c95;;;;;;
c87a1fee35a68dc5d6289b003f75bef9;;;;;;
ab9177cbf8953cc1d8df81040ec22c2b;;;;;;
42a60cfcfdd5ec032f120396f7c9ec63;;;;;;
7f99699016712dfb7f440650751b1a08;;;;;;
a69b33f6d8f201ed60184b3fa9ebeccd;;;;;;
0ed1e5519cef111eb3be82943bca184a;;;;;;
dc0798a90517f367ed7688a77abf3058;;;;;;
742732943bdd2825a8485c9a7e8be2f0;;;;;;
b6a40d41f5bb42f114c5fa73d2e952f0;;;;;;
bb964a89c002e79511e66147e37b180b;;;;;;
80bb9fc699f822395cc80090038e6712;;;;;;
5a09f2d47639ac83a00d467a7f86b322;;;;;;
25d197957d747e977d610eec1bde1ee9;;;;;;
822970d67eb79fe7c00d4799739b5551;;;;;;
bded854756c27ae44ace9ad63600cda7;;;;;;
7ab5aa914132cfeab63bf85e8cc36bbd;;;;;;
4c2a64579fe3dde1713c413d75837c4e;;;;;;
dafdda0a6dd7f5f21012ea54eeb0c2f1;;;;;;
8cec64d23d6e94ff0b2e1050e303b9f4;;;;;;
40de6cd8fc33bc0233361cd3ab38d2e5;;;;;;
ae6171b008b0471033dce1a6ef0eeac6;;;;;;
c80d716b4e05decc62ee9f6931979b49;;;;;;
3d42f6a69f31d84e1c7f46f9832da0f7;;;;;;
7f388b5330e3e9e3c03b41af533fb65d;;;;;;
d936b58025edcf847501f9673a270316;;;;;;
b26dff5fcb3df51971ab618f9a1eca36;;;;;;
7e63843471f735f6e3e4891fa60cd28d;;;;;;
d42fdc6f89187851c105403b4947e6c2;;;;;;
4034e4707507b8aea3785dcc9bebe318;;;;;;
dc2dab9435f47240d6298b6ae0aecb12;;;;;;
c3ae03dcfbe9f20b56657d2940419860;;;;;;
a6172677670ab2897b44074d81d3720f;;;;;;
e902ee1e968bdd8367a72eea2d2e82d5;;;;;;
3cb356010c7943b99c6fb4e576b7b4a5;;;;;;
0d70ce0635b4f3f7a7e456a541356473;;;;;;
40bc7c736be6781eeb5d89a8b2f2c2d3;;;;;;
8de1673cf9bd505ee6bd1120035a429d;;;;;;
cf1ebb3ebfb78e145f389e40ecd8ea40;;;;;;
636e4c1c9de5832cb194a33734b8dcc3;;;;;;
9400f1994fbc3d4dc2f7ab72cee3a890;;;;;;
7beefea02f482b24b9944bdc71461ad1;;;;;;
34cbf71421c46919d78d15c2ad68fcd9;;;;;;
0a2f31c430bcdfff03d55d85cd444ffc;;;;;;
8cf28a436ed4e207746f79aaac727122;;;;;;
ca6244bfac3872647f74f46b2e30e5b4;;;;;;
6daeb9b3f5fb59c056612c21d64bc009;;;;;;
8b8b4359c22bd560c74e3000fc68d639;;;;;;
b3c8ae4ea7b84d72e986da4beed4e441;;;;;;
a451d0e308c002430b5573be23e19883;;;;;;
6065f65065795407b0113e4634604602;;;;;;
45a9907645115e225fadb16ebc8c40c4;;;;;;
13125d2a2e2d73380a1535518955caaf;;;;;;
303180678277714e4c2e8b2a721ae3c3;;;;;;
21e583f8febcb2bb38bc8bc47d5917d2;;;;;;
0be40b4a3471374ad951e94cfac3f833;;;;;;
e159b857e44b94cf87200d7700ff75db;;;;;;
e2b95cafcace3436ca3489e58aa91cd0;;;;;;
20a90edd072ad9447404a442fef1e6dd;;;;;;
a49ee261fd8c953f91a4dab0f711636f;;;;;;
2cf105a7ddf899d5af13f6db9aa8b4ea;;;;;;
afba7d62d1c113c4e6015d1c4eccd464;;;;;;
1bc8fbd5c277ad4c41c6e71618202b12;;;;;;
53e713ebb41b8200efaeebbbdde15638;;;;;;
8875fb109e69ff04fb438c84ce0e0834;;;;;;
a365824d15a49cf2b16a6b04ad6eb73c;;;;;;
5752c45a669503b62f075c9ffb303270;;;;;;
ab6a400a339f74d2c0dc534ea2f71731;;;;;;
0da0eb25f55bee1c477043a74d7b4271;;;;;;
6c0d520e3326ee5e2dfb711c6ea134f3;;;;;;
a84b0769e2c434f1cfacac0b125821e9;;;;;;
39e07f25d08ff5898a9efc4c510214f6;;;;;;
e5f15718c4ed606c22dc91abe48dc938;;;;;;
5e16a36faf57d5962e4a1a1e74085135;;;;;;
cd2f0f3936790e374f8fec6588a27554;;;;;;
90038abafa4002349c3e781cd6184737;;;;;;
d75d6605a03c52520f7a7860cefe4498;;;;;;
e613b9ea40b91b8a65be1f3888ee472d;;;;;;
77737bea38a288ddfc5692cc34399384;;;;;;
95c7ca93105ba648f548520e347d7ea1;;;;;;
f6e77f8100b619759fb3cccea554745d;;;;;;
52727a720964b464a18bfb1ef40cc02c;;;;;;
4e99a2379ac2d3495d919d287527baed;;;;;;
6a7c005ddaac49a19c4a7c1d057901f6;;;;;;
6a7b9721414ab2c5d899d505b982b4fe;;;;;;
768bb4d7379961a243cb6a963bcb361c;;;;;;
6df08744390cd50e73bebc7afbc48036;;;;;;
c268f176672d1d83decdcdbbae68b661;;;;;;
a4999988d133bef8c5d30edbcc3827f0;;;;;;
d6a99d6f40c8fbce32575c2131af9556;;;;;;
cfe91cf6739f5f663f711d64ddc7436b;;;;;;
336a7217ba5aac25a66b5acd16ddf08b;;;;;;
9a1e4ca7cb045646ea98a5aec102c1a7;;;;;;
8c45128389aab3b3d784d190731be3ce;;;;;;
60b2a0c2555e99fd26cdc95035d6e695;;;;;;
316b8507f788f56bc730eb717ae6dd16;;;;;;
2146ee49296da963cdbc06a68e5392ac;;;;;;
6414a589970e43abfad9c60b69230bc7;;;;;;
8e865a8e503e90213b977024518b1ce3;;;;;;
28ed7b3a94bdd77f7be6267b0af6724b;;;;;;
ee9da2d453694d4976e0bbf512d61087;;;;;;
6ff6ebce211e2bfb156e1992fdf08ca8;;;;;;
21e066d551fa24962dc7f330f6f42a61;;;;;;
2d8b8a68bba8dad2402f36e44ea9c766;;;;;;
81600fcdbf2930f8a077d683ed6f4fcd;;;;;;
2b4bb9b1ad8b347f7b447db6882031f6;;;;;;
177fba8d3b5e219523ce50338643e9af;;;;;;
8a5a6a2a8754a9862425c9686096e651;;;;;;
73f706786a9808782ef7db92d1592e2b;;;;;;
9ac104fd32c0fcd82111efc0bcd0a1be;;;;;;
2fc50e0d34e0b52ceb7ce23acae81587;;;;;;
c3ee2f7e241ffcf41993dfd2932b41d2;;;;;;
f247ba0fdc0280bd636f04d4ad61261d;;;;;;
c26323a4429a5e2fd48a0a32b65e119a;;;;;;
4e31c7dd85f31e82f399c21ddc837f29;;;;;;
2abe68592371e17193c2691acb9cb6ab;;;;;;
735a7b21a01f60d4b115e191836d0966;;;;;;
a631f399c8951582467eb50027fe43ef;;;;;;
64e235941a617635d26484b15001b107;;;;;;
5eb68d1716f2da44931ca46b42201919;;;;;;
1672e9010929a4862dc778d44490534a;;;;;;
7717d0b18b3c4fa852e4d89b11e31725;;;;;;
848193e23f46e0a0d0d3f27fe3b417ac;;;;;;
b43ee15805c244ff1ae53b2afa4ed654;;;;;;
50c7780a775aa83f816243fe3d6a7cd8;;;;;;
f52c2233ffd1531844af8e527935a382;;;;;;
9132848b315b14dbcb775379eba7c828;;;;;;
f1c12e97b02ab4a329f887355606fb17;;;;;;
72819af511029d328e6d3bce83d6e128;;;;;;
c6fdba7304be1bfa4b38e63741417662;;;;;;
52a0f1aabe489e4796245670bbfd57c5;;;;;;
cab4797f37757968a0512aff33ed514b;;;;;;
dd9ecffea977b3fc6c4a2e98cc00a2c2;;;;;;
587718849f20dde8e3a0c5a3844814b6;;;;;;
5b1771a081e7f4579a67ffb4ced3ffd2;;;;;;
66fec255f1fd8bfddf82a7d04b9d89f5;;;;;;
35a63ec1bd6778324a8fbe50b148be28;;;;;;
14660a6492588a24a139e77f48b7f9a5;;;;;;
1ea1d72c7b7fb6a73e1c8eef38d25cf4;;;;;;
f71288f3f88d0d751f59c5feefebeca6;;;;;;
dc1e887727fe6c5aad0f134134091cda;;;;;;
83e1669e1ac21fdf57dd89f079000a30;;;;;;
ff3bd18d677efc39be6a31164fc322dc;;;;;;
5a55fd7e449f1bd41256bcb73a519df2;;;;;;
02f7aa44c8a1fccd50eb815ecd366385;;;;;;
2a13511de6a5952d32773788fd37bbac;;;;;;
c946c4c0c9556099cb776c9238d0644a;;;;;;
64332fd3eddb5a87e61f4bf9ccd4dbbb;;;;;;
7aa9d69fad7f2bf412c0182f83a286fd;;;;;;
aaf4dbd7174867c4f61264f61f75d770;;;;;;
e95741e1fc11cda3f044b605778605df;;;;;;
59bbde5088e621ae739625ca6890e975;;;;;;
f9ab04d43c6e5eef08100337972f2125;;;;;;
997c2b2fa2cb4969049f6cf84a8e96e9;;;;;;
503fe8aca9c2065ebbd54cb42fb0122a;;;;;;
5ace52643df58f1b1cf3717d076234e4;;;;;;
830cade79a19ad600594f01b4cf08398;;;;;;
35b3b7e5aae59d2f8c514d38a8b426f8;;;;;;
3d22ce13d321c4a3ed79d0d0c3a5ebe5;;;;;;
220a6f325c360aacda9d1307f3c5b011;;;;;;
46f8042abb2e191278a28459e87d3847;;;;;;
4e92f16ab7f0b9e45c6bf96915c7313a;;;;;;
16bda4180edfe696d60826dc15737048;;;;;;
34538b059f0dbcc5ba8776794850f682;;;;;;
ce4070a3c460fe8cf1c66ae99d1e02ba;;;;;;
c9f401039d5f3f0aea8190858b465e5e;;;;;;
c5774165fab1100381ed558a24d0adeb;;;;;;
b5ef6cb22378c3c8cf3d928ca15fb66b;;;;;;
a240095d977cd3787b4f798837d9b719;;;;;;
dd2cab446b743d4354776a0843ad727c;;;;;;
5a56ac7f5fddbf6377faa0945a798e5a;;;;;;
beac28f142421a9027405a079dd5ae39;;;;;;
795a88938bc497148f12901cfe2cee86;;;;;;
d4acc64daa1fc5fd78ee8821f4f5cab6;;;;;;
e2c8600f0a097b10f0f7943d89a474cd;;;;;;
6905e76b7db84161ff3d6184b41e2cb0;;;;;;
6cef6308943e952b6945b004c2d0cd02;;;;;;
41a746f400dfabab4fae9818db8a5b5e;;;;;;
17f06b41902bf83db6c325fca021ab4c;;;;;;
4f60f14a836c7cfcc9a17f723931c514;;;;;;
5c71e9063f8834e60804850d32f1f3a1;;;;;;
35d4cef0c7b9ce79ca547db3b6c256f5;;;;;;
23aaa4dfe06c8cbb068ea51ebc3f9c37;;;;;;
8aacc0781fe62369eb281a69d9a73d44;;;;;;
2784411dd6999516fac8c998242f14e5;;;;;;
4d1a97dd44cc8a102579423d5452d7a4;;;;;;
e8e4af61ffb820687404a3904b34ab7e;;;;;;
21c659f39a27bbd1669cebcf28895595;;;;;;
de785393f41aafd1ae636167e0a198af;;;;;;
7a9cda8f16b9d2bfeae52dd3f37e16b8;;;;;;
4636704648440be0768d94aeda8ba00d;;;;;;
af8c108df2739e8c658ffd0d3c15c157;;;;;;
75a4de8c3f573489e764bb38a6c26472;;;;;;
320c2f20384210a6fa6e6187a32a2779;;;;;;
6be62692c232de799bb84c20f85eb643;;;;;;
0742b7e5ccdaeb98745dc09cac983502;;;;;;
c19b3fbdbb3de520a343221db00eb8ab;;;;;;
161649598a7480dd1ad763b5e5120b79;;;;;;
f6d17eaafd1a9ea4d4a6462e320502c7;;;;;;
79563350d8e71cae871f5fe7cdc1d138;;;;;;
d81d8f458a3d3e72563d3b1ed2d30b27;;;;;;
596e2b49fc82fedf1b7fc895fabff4ff;;;;;;
b755f6a7255be6fab1aaec4cb9baee2a;;;;;;
e2ce738fb4d720af972487d526eb3f81;;;;;;
999e88f2f45e7814bbcfdfe0a90733c8;;;;;;
d396f7c4bd94b850d097d0db241b0341;;;;;;
cf669664c7ec491087dd033688b3e9d7;;;;;;
b6fbe444bbfcd4f7e82462ee9a98c99e;;;;;;
443b38b1a43f7ece367efe2d0674948c;;;;;;
5fb6f4a6ec9e706eb23de28cc69e7000;;;;;;
db1d33c3efa720a44d5d8329cdc4514c;;;;;;
9d989ef37c4d0499124fb79512fbbc43;;;;;;
524a68c7b6912c820a6491b683ed8111;;;;;;
19bf571bfda11eca8f034be93ba3fda4;;;;;;
b410d1bd8f29ed592954558591cc6ad4;;;;;;
8e5b77ef5331b52de7f6b58bd7498723;;;;;;
0e261231f9cd4ce31a3deb1fe43a01ce;;;;;;
d1e0dcd4563be8919aa165686a927ee9;;;;;;
8f83f7dc1038e2c650662922abde83a7;;;;;;
b575eb33aed8ee836ffacbbdd2002c46;;;;;;
4e5e1f3ec6b27a421dfb8feeedd6693f;;;;;;
e438df330aa553e9b576ef206f30a210;;;;;;
9eb973cdc81bd19e92b117d78ba32225;;;;;;
c6c6ae85637b619b1e5b65868a36d96f;;;;;;
fe5538e8cd5c62ccea9e31517e260b64;;;;;;
164f0d560ed7b9dc664bb5e2e5fa724a;;;;;;
466751e85e9e7362b90dc78efec2af06;;;;;;
e297449bcfa71f70ac6833cf5a83a1dd;;;;;;
7334483fb8465e9c8686a78bc239e4f2;;;;;;
5488543e2ecf1219407aa53826aee6f3;;;;;;
267f16b47ba867e8728e2639bc1f150e;;;;;;
ec6f640693392f50aac6fe8ff8d1faf9;;;;;;
eb1b46cc3ecd6c498f109ae0cb77371d;;;;;;
14d971e4ff0d27d955a32aa52dbf982b;;;;;;
d41fd4f322426b96be8fa848e9556178;;;;;;
45c8f14b56dd11e6e38029d169f0762c;;;;;;
6c1d803a11deaf6132ecf522cdfc720c;;;;;;
76aa2ad73f9067c0b0816922206b9eab;;;;;;
5f21816b617e9fa03b8476196a9c196d;;;;;;
df62acf747721fa8910b66d85eafadd2;;;;;;
101fdcd8c4e2b5efb9e44871b79b1073;;;;;;
04576e9d80ecb8cc294c8eb98299294a;;;;;;
2fd95cbd8f324514fbf0b90bc44ae1c1;;;;;;
293a64783a871d856066b5a416cf872e;;;;;;
47b343b5e7b547e086f1d04858145235;;;;;;
30f66398977ed059ad23c8fb62dcee3a;;;;;;
8a05489aca1d55074940afb5efa92a34;;;;;;
4c2dfb1220fc9d67c0a9cb04765f2895;;;;;;
2fc7edce31d549224d4b30dda72c83b4;;;;;;
08202494d5231c88f7620aa42c03e91c;;;;;;
3e6f11355607dadb7d2447ceb5d9d89c;;;;;;
a1e62e5eea9f0d7a723fa00d57fb38d0;;;;;;
bc56b964f0dfefadfdc9d7d18e3cc9b3;;;;;;
92ec4d99464038b275a3faebebcca520;;;;;;
f62de925c5f0658d0197b9020efdcaaa;;;;;;
5951d6c0035bcc6332d90abde19ed95b;;;;;;
28e2398d3bfe578afe3a342a85e51f81;;;;;;
1b4e3c8e1906cc34b7452e7f8f3ea430;;;;;;
dc770e9e10d91b9d894501615551733f;;;;;;
aa4ef139f241b057e9500d052c9259c6;;;;;;
f9947b1da98fbc72fc6d1d6ca807d373;;;;;;
d83d5ac9a9735bda839665e5f8e1e355;;;;;;
53abcc7f78ec4b7cf7c71f0b05c20a44;;;;;;
cc157bc7a047839d4d9d6d9ae89a0209;;;;;;
383dd74562be4687df5eca70acee11e6;;;;;;
931628e3b45c5e393624bb2280d8d6db;;;;;;
a0f310ff63662960068d06512f38660b;;;;;;
c6422f30faffa7d9874153184441dca1;;;;;;
b6172a2a00f7289895b989c50d408c4f;;;;;;
4edd02e7eb1a2f7281cb5bc96a451ff8;;;;;;
6faae8f0700e144e62bd0853d0adb6cc;;;;;;
3c935707a13479f14f27a85fc522a9e0;;;;;;
8400b45c69b42c6530b12172301089b2;;;;;;
5a39e3f1aa6fd97be6a92c903823e252;;;;;;
0585a2ff568125c212da2b80d7282158;;;;;;
0886dcb22abc449fd14cc798cd173571;;;;;;
67eb91a175b5fb073b46a72ac8c00f38;;;;;;
f640dad95196ca872149b5ba5e648b7e;;;;;;
565789405f499b5524dfd5ec80f236e6;;;;;;
f2dd391224af004c03fb0288c2ad98cc;;;;;;
ed25b4689451b9415283eed74d92ed9c;;;;;;
615732071297de7d8fcfe0ba1815710e;;;;;;
1ef24dba19178c9bacdfa3a746f71433;;;;;;
7bf42a7754a1fa1021e34424c49f432d;;;;;;
98b5f5267e06cd86013c4613e39b05b5;;;;;;
51b59c9f50b58c5469f9ad544a3c2698;;;;;;
c0fabe30ae71b0542258df6e164d9542;;;;;;
f58bd08155a04c20d12bb10d66fb3559;;;;;;
83de77baf610dd1eb971ec7cd824406c;;;;;;
2ef50fd1b4cfae7071d3372dd673a724;;;;;;
259cf1dd9af84c781b2a9b05f38d7c1e;;;;;;
b59de6ff674672939791bf5d6cade7c7;;;;;;
d5cf9ea1d7ddfb6b3caa4cde4a2eb22c;;;;;;
e27b93da0353575d4e97857818b6b3b2;;;;;;
0d7e04e3ff79621bd80e61f21aa8405c;;;;;;
f3878443b87f49e5c0339c2427fe9261;;;;;;
5f028ffb310a22554470ecb96b88e4f1;;;;;;
0364fa38b1e69bf1a09319240e7cd8e0;;;;;;
ed0c0c2590f52ce0953a7b384dc44853;;;;;;
ff8e4dc48534ed16aa65389375450bc0;;;;;;
7af49244023cd715eb0a5905dc1f866b;;;;;;
c33594259834710e480feb9a61a610fa;;;;;;
1dd2c48c8e12d1d58c724ce71c620900;;;;;;
cc4086e8ece38873b1c568793ed2eaf6;;;;;;
86d222b41c9e4c764c5de8a817281c82;;;;;;
0e5be7e34dc815219be857d50d75aad2;;;;;;
dce97a2e3dad92959e89f7398a3aae5d;;;;;;
56bf63d5c8a0a0314b77374ab4e82671;;;;;;
c5aeff5812db13a78f4937c54b987496;;;;;;
47bd184e8f1623fa276b72f76517f0c0;;;;;;
098764d47271c1d8f28fab5bd41686ca;;;;;;
86fa411dbba07c624ba66563220df0f3;;;;;;
5a8c01e1f6cf477301d3723e0cda0fe2;;;;;;
76282db558e39f44972c8917cebcfdd4;;;;;;
c2792f170bc8b96ffd762930c12bd24f;;;;;;
ed1f8e9b5abc5bd355e60651fba6ac0f;;;;;;
1b552d2f8eb909f52d156330c6ee0a31;;;;;;
a890e2b6ee5e539cd44a17fe237f7027;;;;;;
65ea4e05aa1f087cc003826ed2a869cc;;;;;;
e44267bb67a699f89579976047bfd42d;;;;;;
f30c781b22384b8f8125f9c83273e191;;;;;;
a11c4364e9430812ab2b865cf3ed3d74;;;;;;
3e2b0ee7b348dc48d7989bb883a68e1e;;;;;;
ab2a24857c5eb33cc1e859931824ced5;;;;;;
f5eafc8888c257ab4982944e04f57dff;;;;;;
1351fc3b57ba7cf739c876dbfbe9112c;;;;;;
9c8ef5f166123317b0c59b68d1e1de4d;;;;;;
76a21289c00c01bcfbaa260b5f7cc26f;;;;;;
b96cb572d30167f2f43856814bdf8ec0;;;;;;
b64f5058d198f1d226d533626d575c36;;;;;;
75ce03bc32e0ca9c14427b0643b54da5;;;;;;
8a86dd5fd7d2ee8d5f2e4a0a5176a141;;;;;;
266d7fa7c97ee16c71959ec27f7808e3;;;;;;
5caf8db1dbee343958b44008fa6a7513;;;;;;
98abd3ea7d1148fb6e787a5855b76cd9;;;;;;
39e75d850c950d72e38aee076592f86b;;;;;;
623203ace620cd2131c8dfe70876708f;;;;;;
f1bbc38529d61d902f7e2c5d1935b68e;;;;;;
4b4b923c4dcd92ac90691bcd3c1e87fe;;;;;;
83d3ca328db0225652aad8aaf080f42a;;;;;;
986917bb756d3c69b59928a238fe8f8b;;;;;;
3ac8990442da3ed676e530fb3af3b08a;;;;;;
763f336da3e5ec124c66a6a3645eb146;;;;;;
40d1ee10f62de8f2bbc690dfb76656bd;;;;;;
53a2c8b6ae625843325ca9c735f04893;;;;;;
8f882985fa73592d49af9806aaee992a;;;;;;
bc2dfbdab124850872cfb5a67d091da1;;;;;;
e4046f035b89b6bc3775b4b48597eda7;;;;;;
07afd66cdaeb280dff84bd52f7a93940;;;;;;
89fa5a98a2356d6cb40d53c33b450262;;;;;;
5f083b5909a6efaad50ed3c320130e41;;;;;;
70c2052fd29bc5fa0e88bc68f6117da2;;;;;;
9ba1ef59b1128d1c560dfa570b951550;;;;;;
f8fe70fe34bf6817995c115284c32ee5;;;;;;
152dff7a37266ab2eb09f347ffac94a7;;;;;;
455d78b07b2ade60fc307dffc51b6009;;;;;;
18f3346fbc2e67466cfd243448be71e9;;;;;;
693890261b0b6ac9b372175401859205;;;;;;
5fd66ff91fac29d052eb8185abb3f4d9;;;;;;
0378e09d5f6443e6f1af6e2057ee88c4;;;;;;
12169312fc2103a038543095512e8242;;;;;;
56cda91ced2063a5ecbdd59a0022fc31;;;;;;
5687188439f53d12fa93b682b405b72c;;;;;;
0d5cd8b3c2a430f317a2acc710fee98e;;;;;;
7a2884d9443d6a2742dd2e5e513aeb74;;;;;;
e13f53665d52b408e6b1a90d70724865;;;;;;
a43fc4d194f2510413342489ccbc618b;;;;;;
49229d40c1d860e8c05bb0b7b6d0a3c8;;;;;;
d7c043d3ffa4912da310c20bc04ca7a7;;;;;;
07c4f739b88086e42d26ed44bdbbb353;;;;;;
15279175126d3f6a7f9bf10635bc721b;;;;;;
f9877a740c6ebfa807974598fe70a8da;;;;;;
90690a24aae7df86fd09dc7c3ae184eb;;;;;;
cd221afeb4470cebd1128c8285d5b8d6;;;;;;
78c8648b0fb65160f8f2ae33874eb348;;;;;;
8e90f100b1178f6e066157de7c725097;;;;;;
572ff24c48b7014a4e28a54b5f4f2644;;;;;;
23eaf43da4183367d05d1da362dfc945;;;;;;
41eb27633b80af7ccbc9c2256e4db911;;;;;;
f6824f8e9e867c156beb4f08d6f2080b;;;;;;
cd2307459aad4446ae0107fca1c6d97c;;;;;;
a77cbe28b18345e61af9a2a445d9931a;;;;;;
1279a2f67b911f0e1c307fa0bdbba058;;;;;;
451bfb15ea09609a34064b7e4e47a786;;;;;;
c29a941542f2106bb0a951353af2cf55;;;;;;
eacd9d30e78a79e17c4bee7057884c84;;;;;;
7f1fb9388fb41c36a0ebc4ff0be902ca;;;;;;
938379d33e41b68daa918ba7b281ed8c;;;;;;
b5078469d24d639f8f0eb0d9c89e97b7;;;;;;
708ffec8d7370bd43772ae531e96e07d;;;;;;
0bb5952305a07f029b192971d6623ed9;;;;;;
eefb8e42fb3833ea64c374d7367239b4;;;;;;
e0889a84d2117064605b88c75fd9f42b;;;;;;
ca0acdb265e05ef354aa55468b0ce1c5;;;;;;
7e2f0df205a49eaa8bd4ca337a8cf3ce;;;;;;
2adb3c4f57da2ded6314df3c288d97c0;;;;;;
41609033d88e3d9a86c0d7ad33fdac70;;;;;;
f12ae1af1a5fc12f01c1ae8e96be670e;;;;;;
d1ceb30bdc451c680dc678b498b914aa;;;;;;
fd7b7634283673368337353e80972dc7;;;;;;
4cbb071b201a5a6d69619340889b661b;;;;;;
ae18b38eceb64f91ba7beb10fcbe408b;;;;;;
5a224b28194c2ff1b79c039f4206f4fc;;;;;;
b66c1ebe2f45d430425f8fe1c5113ffe;;;;;;
0e7a5980f930a6b6fec560383310b72c;;;;;;
eb35ac94621397d5aac4e602697995c2;;;;;;
d68af31892b1d81e86963cd739f3e622;;;;;;
c709821598b54dd48de134b8eed92e35;;;;;;
ae1eaf997c460d4488aaebe43158be9c;;;;;;
044e16e0a2ce109a18d7550425137dfb;;;;;;
194427f24f8446d691deb600c9de2a1e;;;;;;
4db41c723560bd7e2b578bc9c697c1c0;;;;;;
01c6cab371e16e049d519b6872664fb7;;;;;;
f7f9a36806a9c27bcaba5c3dec34d3c6;;;;;;
afcecc59da99a0fea6a1e272684d600d;;;;;;
5a0e170b88cd727d8b8dcffdaf104858;;;;;;
8cb5a495092d1daf1c7b0aaaff7a37f6;;;;;;
9e05036706086af275ab5d4d2dee0fef;;;;;;
a5ca32575ac93b18d479fc76513db0b4;;;;;;
5013f06541939c1404eb03741d84ac39;;;;;;
6a6cacc1750026f3c706d36d8cbd0255;;;;;;
6328e356fcdd8aaecf3825e3507faa1c;;;;;;
d847057920f70afa35afb0901b18d295;;;;;;
e91176b596c39f431e61170f25fc0e06;;;;;;
b34c0e9d31426fae38c707478b628296;;;;;;
14e04466c49d459d1da38c403ec1ef7f;;;;;;
9a0b7272bde28198d952c009fdb89d63;;;;;;
4a91faedf30f3a53bcf287db8b599005;;;;;;
641baae426b86d9f03fa5ac835eca896;;;;;;
6b8f7c7fec4c5579a769c86b3dc4d559;;;;;;
95b39db964d5d50e7e26a51032a7d021;;;;;;
2935f68a8b28c0ad3adc83d63f30df26;;;;;;
dbafec1f63a08202e06d73475316369a;;;;;;
a31b6c14d9bb45e0af4dba9d26ccc307;;;;;;
cd5775f30f00b58c6010aa26be07b118;;;;;;
f6ee91d33235bb7a2a8a1eacc49a8684;;;;;;
867f8be84d765fd3c66755dcb782caff;;;;;;
5f8e3b44b10e950dd422fc003a625407;;;;;;
cfc8b23f88a9d46621ec76e4f9db1bfa;;;;;;
bbf6a494da765ac20b9bdd582a50b24a;;;;;;
640bf3887b56a8b3ed3fe8d7c6a68fab;;;;;;
96b408535479032791e7426879825f67;;;;;;
17b79e7614f188725c90d9221bcbe06f;;;;;;
8ea56baab5d10dfcab4dd7a67374c7ed;;;;;;
2d9f0b62eefb2371af98cd79ae23706f;;;;;;
38d32b5b6a1f5bd741b6ff61186eb7fe;;;;;;
0d59099f06e5bad90cd880646ca3f3cf;;;;;;
03c7d192679298ac564642e48631b011;;;;;;
0dbcd40a863d568db97750653850fd55;;;;;;
28563f98f1e9d536456ac70ad8c0eef2;;;;;;
a65f0e7082c42eeb6658883573a40847;;;;;;
836f5ac068caee5286eed992e7a7cb1b;;;;;;
40115a38c2652ebc02c097b19f5bc22a;;;;;;
3ca42640a5582b85898ce7af3cc564cb;;;;;;
48d182682dbe3f9f47b4411941585755;;;;;;
0e31ef360e961475d3d62df1314cdfcd;;;;;;
0b5032f248e560d2472f529678615423;;;;;;
bb4e80db94e0e2fd18b7a106444c3691;;;;;;
520717e7970a84be99465e2570c0cf27;;;;;;
3b9ef20c93518f5593fda5e7f175f123;;;;;;
be67d26676878841d01e1d42c37a3120;;;;;;
905d7b400093c67a939ea3e4c2535e29;;;;;;
84cbdf8318bb7da716de315a1835ae37;;;;;;
f9a86dda5b74259a3fa5c904d35813e5;;;;;;
1a29ee95d3caa9193437c007f20c1b77;;;;;;
1d877968d442d01e30452a93cfb18328;;;;;;
25e44e74055bdb0a42aeba5708a6c410;;;;;;
02904bd03880618be35db01edbcdc17a;;;;;;
c0d3ac455bcbc32f1bfd246ce8d95111;;;;;;
6b4b7c85adb5200395f51c2f9bdcfc09;;;;;;
69f5681a942a6a1f09be488c44d6fb86;;;;;;
329ce7f3e3a7aa60cb500d0f92a217a7;;;;;;
ac05007d7ee798a31d3b0a9a5ca9d77a;;;;;;
64d8cace3f813b66f35f9a545c6607a0;;;;;;
856dc54f1721eff339195dbf546abb81;;;;;;
822fd8a06fe74445495abc1ec942082a;;;;;;
a9df62dc3c4ea3e99b30f40d86630a74;;;;;;
90a85c7ecb86bd32de0ca9862df48bfd;;;;;;
568b53ec2b38404c65497fcd5d2e8467;;;;;;
91f0717d6aff83eefe44763e43126c8c;;;;;;
ecdaba17bc68b818fd3f6df0ac43502c;;;;;;
66d78ae0c49dfe91eb803cfcf43fc4fa;;;;;;
5d26785e25f70a28ea07d947ea95939c;;;;;;
5456b4824edfb7bc06a16073ce06fd13;;;;;;
dc96a8c19e5d6378c4008f30a96af4c2;;;;;;
e5dba67833991caf64c8510d040cfd68;;;;;;
09c652ee4229396833e94508d1936216;;;;;;
9ff24e0275386132af9496954705a0b8;;;;;;
174cf09ae10762c8b7ca35772c95e028;;;;;;
4fe923d3091158f47d036f84da95ed0e;;;;;;
388e568d37763cf76db355fa8a3e14a5;;;;;;
1609e197cd3a48a7417449dc9e97048c;;;;;;
dbebc5dfbbde50f3ebc9aa0448d672af;;;;;;
1263fcfd1418fd7394063452e1adff24;;;;;;
1560cde74a777258a6bb04158a5cf53a;;;;;;
5971824f836f82f337c9fb38164c12b8;;;;;;
468d1baf676555465425e968efaeb811;;;;;;
e6f27b2fc075e7286190d242cdb34f83;;;;;;
638a57062d68fc0c3b1ac1a847b0a93f;;;;;;
f4ed107d1f094be12c97ff1231e0efe6;;;;;;
8d9e49ef499c0d9b46afcc26d3964fed;;;;;;
fbd3794b0637a314dfc9e25984bb4be7;;;;;;
667a0264236a0f8e5829738547bb71d0;;;;;;
79856dfae42824d8387bd15052018eb6;;;;;;
702d05d93432e2763af39eb3a5030b8f;;;;;;
e19d38b8c64ed09f7075be78f2de2937;;;;;;
b593e25bad0518dcad39012d0a38f95b;;;;;;
af503d226f90bd68c4dc8c6b1ee0e944;;;;;;
801ce45d591f5be3495e20e5fb947184;;;;;;
aa58ef414f94601381f7995402cd604f;;;;;;
a868c96af38722c0ca9a2c7e2dc8d567;;;;;;
1820166832ab9e62bc0e7c453754d588;;;;;;
7efbfa70a6ce726caff20461c2ceecb6;;;;;;
313676db85e1a8fc04423eac0ecb181d;;;;;;
8a7ed8288ee899c9e4209c6dd337e89f;;;;;;
331b88b45b0427809faadc4b6f3c9b0f;;;;;;
30aa826544b9124a447864de785def9f;;;;;;
7deca47f8bd5442095dd55c91d9b418b;;;;;;
ded147ffc8682f52b195d438aa96639a;;;;;;
b086528fff1ca07a6582bf9cc4ba859a;;;;;;
5a3d44be595ccb703ee3d8a35e9f1a4e;;;;;;
cd66e102d851764f0825c9a43f0ec369;;;;;;
15378eb63281ff618908fee45d99bac7;;;;;;
53daec97146a748b100d1ac9b85c11e3;;;;;;
548ecfba46790b11e8cb50da918fcf27;;;;;;
f21e5773232916a7547d9b1c801b9fb1;;;;;;
4fe9b16ceea7547e26d950a1373e813c;;;;;;
b2355d59308e7f6a8587ddc86b29b47c;;;;;;
457c275fe41893a147db9012973f8bf3;;;;;;
0994586a5a85bbf8cc095eb85dd174d1;;;;;;
ae8ecd8dd2d076ff2999677d78588126;;;;;;
e9e28c180aef2d35452ad801b51c1aae;;;;;;
0b9d393b2cfc219ec6ab33246d84b84a;;;;;;
0dd8d79859a5ace0290f7327106e5af9;;;;;;
2b652ce686c8b12f284fb1cba4dac553;;;;;;
e3117d82be3399d1f6fe2ae11fd85e5c;;;;;;
c43e2cca76be5af79de44cb23f8a953b;;;;;;
dcbd86ea499763fbe219ec9189066620;;;;;;
3f83f62d69267861013f6bfefc7c361d;;;;;;
bef0671f3685aebb30c1eb024827a2c2;;;;;;
e86d3961dd1b2f4e337f44f86bbad189;;;;;;
3469fd2c645578deecda2f9146f595d1;;;;;;
e0b30166943811bd062d85abc7a6493e;;;;;;
c5be2a233eeda74c4fea05d6c5573626;;;;;;
28b6416c814dedf8b10baff4cc987d64;;;;;;
71045f11d5d21b1dd3eb761fee1ef89b;;;;;;
f1e8b13fbed34026c21973394d3d4d4c;;;;;;
c644b098f8346f755da960da1d62c94b;;;;;;
65ca9458578f501a366dd15bb207d69e;;;;;;
d05e138ff5357aec0bc989e755df54d4;;;;;;
f2bc048ead9b87288b178c6e47b2f4b6;;;;;;
8bdfabf59b1322661f17fbdf7b1e1bc6;;;;;;
9a128ffa338902da2269c8b46d8da051;;;;;;
2a464d72b57281a51bfb3f92bf2b784e;;;;;;
05d4db471536e327ea9ce2813125dd38;;;;;;
9519a4ca77a2e1a36046193e47197756;;;;;;
ee2d5285e625d5c36e9ba2fb653a3ddf;;;;;;
4d5eb43567e2140deeb1ceafb801dd57;;;;;;
9c4ca59d5f3e78d36219621afcdb4f9c;;;;;;
3aa3f62164232f2346c4622a861dfef4;;;;;;
49b945a182fba94a4c6a7254d40af94d;;;;;;
7c130c5d6e84235e9c2f85c51c524027;;;;;;
831a2ac43fbffe1fe76e16ceb346d653;;;;;;
d64b5d1d0445e1984398a5e6db95f9b7;;;;;;
5f821bbe0234d929d2cac4f8e6e9334a;;;;;;
601d6a925e46296af4c3480b38d7a3a0;;;;;;
a14547cec8bcc0e3e76f864461f3efd4;;;;;;
da46aee400e368ef6c6adb6eda2d5cc1;;;;;;
dc848eba7a486b1b8de264db47f90f12;;;;;;
c573b968c6b0be7c26a2f01df39b5b68;;;;;;
602d52ac3d3c078ba2c62c4172fa236f;;;;;;
7ebfd3c88d9d62874f662a34b32b98cb;;;;;;
d2fcb906379b86c8e71bdafec7364642;;;;;;
328ad1cca6c9d78954144d8ab85be9e9;;;;;;
b342d8104bd71724d14f83d7c9b0737b;;;;;;
abb1fdc9a5c3ed68653065c53d5b9e00;;;;;;
b56b11a3ea97af71b70078fc719a7e3c;;;;;;
f13dbd80d09664ee31b7ac905cbafcb9;;;;;;
d143c1a1c967f60c7a11162807ce4205;;;;;;
fc759c9c8667f42fde14ca9423c33bdd;;;;;;
5b81e5549223c5a59adf5f6078c59929;;;;;;
5172944b9c9edff7d0d48e6372eec5cc;;;;;;
98699672d982f9b8738ccfa377adde42;;;;;;
223cd4ae4de675b254b5ffd8aa196749;;;;;;
ab3e59a86b95639fdca2a00d2bd5149e;;;;;;
a8e85dd20b971b602b8ffda21571ccac;;;;;;
1ee84ba43345d582ade91c85c947d47c;;;;;;
5f7ae82174683f55cfe953b28518f50b;;;;;;
ea8e46d56220fc46c2f781f91db5e4ef;;;;;;
398011add5a5a041cbec2dfac35e5263;;;;;;
899c491d55d869e5770cad2783957869;;;;;;
2984670a74ccab9a6ea80120cd378445;;;;;;
8552c9ca809d6a0339ab2647bbb39945;;;;;;
1aac5eabad9769b871aed0bc784861a1;;;;;;
fc23c542dcc7b14345466cddb98262d1;;;;;;
6f495363d012583d69330acbca3748ae;;;;;;
38026563bbe5eda4e82ce2844d5498fc;;;;;;
4bdbbc946253ab4d09f65eeef549bd90;;;;;;
10413cc51dfa5d1b02af84a3e85a6fba;;;;;;
ec284d6f51e3c9f12c9cf0a3cf2027f9;;;;;;
67cc6f1082ec6fc344bb6e419992a080;;;;;;
785e0d2c7bf9cd5cbc5c96b94ba3905b;;;;;;
de211cad78ecc6373ea877d0d893bb14;;;;;;
360cfbd83bc808109a6722aff0a3ef91;;;;;;
873a9cb5d9d356c847a4871830c95825;;;;;;
813fbc244b198fd04ef0a845e3fd39e3;;;;;;
bbde41a5a77affc5379d174c15e54b81;;;;;;
b75ec35734992eb53136e0adb6474b85;;;;;;
fa1c2b68b61e3a0eae69a3ac850cb68e;;;;;;
b40d8018f7cfa6bcdc7713d71585b058;;;;;;
a0248eb9bdf514ca13d8068594ed228c;;;;;;
aaa0b286be81b9d41285e5ae8fbfe988;;;;;;
a0ae7814cee88d04b515e06d906c229c;;;;;;
dbfca2411bdac3b065a4185837dc3496;;;;;;
e2b6ef9a29710d80abe875776209bff4;;;;;;
6d6039d2e50ea26f8dd942005db6b1f9;;;;;;
6b9a36ea2cb66e7e9d0c92944fe05002;;;;;;
506924ac420b9edc6a35d62fa59735fe;;;;;;
b36d16907951f103e4220fd7bb3f189d;;;;;;
0c1469ef89dc64476a80c16447529a66;;;;;;
a9da4b38d826eac9a321aa1b5758b2e1;;;;;;
a17a09bfffcb39da987a534c84a24ffe;;;;;;
9cf1f01a72bd4478b19e204a5cfcdf0f;;;;;;
5e0db5c179237a76c697b0d881176d95;;;;;;
c0137b9e8cd81ef6efee725e2358e36b;;;;;;
6d6befbb7042d9b68ba827d77701d231;;;;;;
29a0cf8ae6a89136ed211a2d3fe4f4eb;;;;;;
37185253e953796e952053a3157a14ce;;;;;;
2a8bcf49b89195a539716dcc27844d05;;;;;;
b542120ff9d1dd36947c1c780c3f5242;;;;;;
bb2fa4dde74dfe9efe0b2c7a492386cb;;;;;;
3661522a3ef94342bed55c63c4e0e4c7;;;;;;
0e2082d5f2126f0bf823594c225fec7f;;;;;;
93e8ea2fe2428fe3c10061cb5d14d802;;;;;;
6bc5053222899b0ece0993122509b2b7;;;;;;
4060eb5af1656beeb92604d1ffa378e6;;;;;;
9ab613eb4f2074574f13b01b4169ac4c;;;;;;
95d166ad75010d18e75c7b5a7c65379e;;;;;;
775b1e37c9fd1beb02d2862ed8d7773f;;;;;;
e1f7c6becbbd530c0d50444e0d5723bb;;;;;;
04a94b097bfed11a16f1573e2c1fb378;;;;;;
70e64f864e16a3279562f92386bb914b;;;;;;
5e79c01b57cab4f2ca308e9bf4381b9f;;;;;;
a9db8b4fd276057022e6d0e54642f07c;;;;;;
d5f609194fec4b4223087351d11951bf;;;;;;
c699e43ac8487b936df36ffc3cca2f99;;;;;;
a880ec0618056a8232b6df458af36513;;;;;;
016b13143894a3a374ac24072a4916b8;;;;;;
14119e40e8cfc5c03d46f252a6cb759c;;;;;;
f4ce5f4deb5c9fd8f5bc402e45bbdeae;;;;;;
909ef8ccbdfcc9af5ffd5859d1c781ac;;;;;;
1d9fefe0b3526e9325943e3a13d19993;;;;;;
bd409a29c3b7df3892c6f3b489459d15;;;;;;
6b1078f1a364909143bdedcf8ebed39b;;;;;;
5cc97b2763522155caa86951342932a3;;;;;;
427516fa4029cea7448d338b5674955f;;;;;;
b6c78f08bc2f2104a01caa1cfaecd207;;;;;;
13cba2843ce7df4a2c09b3ab737a5a2d;;;;;;
86a3978187447ce79c0093d1d7fd9763;;;;;;
a00476a6de430f2a9a8f79a9687436af;;;;;;
86127ff6e7fedc1e5c6f325e88295b5e;;;;;;
fcb315d30387436fc5e77ce1c015d31f;;;;;;
4e916d17f3098adee2842450217d4d4a;;;;;;
405a6b9f7ae2668c10f0419157606989;;;;;;
4c0d44b2a990a23dfd712bc6a4880d89;;;;;;
06363221e472469b4b424f311f55390f;;;;;;
d90ddd6539c193857ba392151d2e969b;;;;;;
2f3b3d2aaa0d0389d39c65b014855709;;;;;;
cf56f0c1764b4b4f14868239b2482cd2;;;;;;
e4b8cf8bab21625dc51b9d23ab467f7d;;;;;;
c681c0173e30e57aca914c3d09c99aaf;;;;;;
3925bb94943e789ad08faf7e0542f7bb;;;;;;
92c8f0bf6d862185849ab138f037134f;;;;;;
ab1a0b9a9ef984403e5288f6f53a1472;;;;;;
c29b7a27f01777c735d595da3f7ec4f5;;;;;;
f7fdc1f5f4f970f79bff031bb10905f4;;;;;;
5b56eb5d8eef18c953b870bc99a09378;;;;;;
67c09a07363df1f750b6e2e36e395e1b;;;;;;
62bbabdba1c027e4c811a4e54321c7c2;;;;;;
8acc851e52a5fec2debd316b135ce328;;;;;;
21ca1709b5aef8d1ec9863c7f84a61b2;;;;;;
4c8c7c95770e91f2b05d839236d69cd5;;;;;;
97eefede9bae6cff5b656f0a778d668e;;;;;;
2696496ae30910fa45ec97db093697c4;;;;;;
911b86b95727faf9abde88f88f0043bb;;;;;;
3a2681188c248c6d69d6990cdead4b85;;;;;;
24939b3fb7ce58da9b84363ab3d3ea81;;;;;;
3db29087a4c27fdc25d014c3e5eb4581;;;;;;
c74c2167d3b82c7dd8c5ba485b932084;;;;;;
25baa69e40825327334f7a8999d88e27;;;;;;
54e0c04d7000a28f3981a2de1e3e5dce;;;;;;
d300e6f90ce5345389495fe135dd8273;;;;;;
69afc76ecbc83fa997bcf45beeeabaa3;;;;;;
eafe211bbc8bb643c77385c660100c45;;;;;;
e1271b3ae289a69e9f160fe1737d8a85;;;;;;
592af65e34db1920035fdc3f7cceab80;;;;;;
b411f0a818e4f667e21227bb1bc15a5a;;;;;;
5627c3b7d050c67668b8217935ec14e4;;;;;;
a79b50069bc42a1645fd7baa643bc4ed;;;;;;
f8bd0fc4ffca27fb33256290069d6d20;;;;;;
ef5f46f0444b0ca19ff2746aa3aa5013;;;;;;
3cfc5dd67183b76186ac7ee8e9b848bc;;;;;;
b6d1d83e006f13c3894f1246d1c3568f;;;;;;
0cbb0a1fe2de001e41a7b28752fe3583;;;;;;
7c54ef0ec6569ee4a06daa67a61eaa98;;;;;;
deedab3647aa3da47b391f3974f0d3af;;;;;;
4b49fb5456f1368828237c7daa1a8eb5;;;;;;
ce68e40adde60c88cdf76476a447875a;;;;;;
e6f333f1f07eb47548ee785751419817;;;;;;
adde4e10701b60ab95895c2d18a74171;;;;;;
79e11c9b54762b7094995d0361c7fee8;;;;;;
3d3621628218c3d1b49238f5226bf3bd;;;;;;
d959dd7beaefdb3884a075e92e3631ba;;;;;;
da5ee5c2c94ef6e1add1367147de620f;;;;;;
c4cbb7db828ba9ac523c1b815162e6da;;;;;;
2de12104ae56a93cde06cb352a7f37ed;;;;;;
406f5c4caac62e9892eaf6ee894a6665;;;;;;
a222925ecef6dcb59d8f04fe2dcf4dbd;;;;;;
325714a2b3a9b9b861d9d840e1bb3b43;;;;;;
843623422efdac0359e004606d2f1faf;;;;;;
7072d5d38b8d51b105dd53570f8d6a82;;;;;;
b561bcb8d4244c75c4db03cd4741220a;;;;;;
fcd37e7c723bdf7a58bf4fb7e480256c;;;;;;
6307c42c92d7fab105de15b88725193b;;;;;;
af71b4de5cfeaeef891e7fa543bd336b;;;;;;
19cadf9959349c77922f5e8ee3b37a19;;;;;;
88509e177bf17487dbcb0357523d721c;;;;;;
dd8e0af5f07be2a661409a9cfd05b748;;;;;;
b52a0502b066bb2624d130c7b51b6ef8;;;;;;
ad2994b67f082546447ce30a08d982d2;;;;;;
7dd0ed4f1f689d8218a82ebfec013bf5;;;;;;
c2ef17f14d1a158d3e8e7a3183f18d89;;;;;;
bbb065bde9afd6403585fd99df0f7138;;;;;;
d694411a23bfdb63245a70f093dd2ace;;;;;;
f8e8f2e9ae5701466306003a495e1b67;;;;;;
8800d8e3171bfa73550d4e9b19b3d827;;;;;;
626fb942e54cda03bdfe0e62624b2952;;;;;;
09a640b63d24571a415c8b687f9a18db;;;;;;
5f0a7a67a5e1930f5bee0ac324f30197;;;;;;
91b9989cc7a140d3fbeca272c5625338;;;;;;
365e3f4f9f2d64c4aaf884dddb5e21f7;;;;;;
8cc330094c365dd53f8348c0ed8a4918;;;;;;
53797b5dc3cc8e2a9d6eaf91027b199e;;;;;;
8e088908dfc745421333d93082de83e8;;;;;;
4fff52c6c454588d4c2cbc937bf2bd07;;;;;;
36eadba90d34b30090bd936c342c80aa;;;;;;
13d3fdc059a4474c4c5480657e590f6c;;;;;;
28103cb16c00d35324861b5ea890fea9;;;;;;
4b8a76713d6a1f81bd90609acbc25f5a;;;;;;
2312454fc33ec4d9e55bac007690f73a;;;;;;
0ff2ceacfce164d4c61f993083b70a55;;;;;;
21a2fa361abaf5a85ebb9ab976076fe5;;;;;;
4d70eb70169906683735cde17f187bde;;;;;;
04909e4660b8b68ec3094a2edb70d530;;;;;;
f0cc027b98dbe4a74416eb83b4c596e4;;;;;;
35872b0be0145cf56c03ed1de9def78f;;;;;;
3a093a9ec947574d02a61da8ddfaa608;;;;;;
04f4d50aa55253c410e31da4bff19000;;;;;;
378dfb016bd00ea95fd4f16e367210cc;;;;;;
14d9e78af4bb72cc3cf64d940efb7193;;;;;;
2b07f417cbb2a8dbf0c560151709c5b4;;;;;;
acd41af78360fdf07f0944d2a9fd6b49;;;;;;
e77154e726b4efd4767e6c3c92d061de;;;;;;
026255be71a84ddc5202f8d61afc1d23;;;;;;
b5823220cbdbb3bb8295b94b48a4e8ca;;;;;;
8949cee24f94fdc0d6f1959f31fbc234;;;;;;
13815aad916a3f4f461107db6ecfc653;;;;;;
02855ca6c2169accf9517991b8a5697a;;;;;;
1a7d527533d1f7ed428b41e7603063c8;;;;;;
53f52e79d5a959afa90164dab7f068df;;;;;;
ec391aab2da4e0add482e6d9c265c69d;;;;;;
25effb283cb74abc46f1c466e4cb00c1;;;;;;
336198b9deeadeb6f5328c049e303ad4;;;;;;
bb6f25dcddafcde7284c6b22267b5df5;;;;;;
ab73218eae51092603ddc6c7075e4fb7;;;;;;
8887275b969cfacdf4ef67daf01675e4;;;;;;
bf87a8fe00ae0ec495906ac65c4b1dc0;;;;;;
036332acf16e3de804556c1325e7446e;;;;;;
4b60c5f7a937b7c81ba6e4dadbdc3da4;;;;;;
aede9ff6a7ca37b112e0ec3a0ee6028d;;;;;;
a8399ab5ef0c273d24249d0a0f47aeea;;;;;;
17fe3b0e705cdc59e7fdb34e5c51c5a9;;;;;;
35b8a235b01a13c98be3bd6d3bd66917;;;;;;
11e484710ad09a8380644808bedd9e87;;;;;;
07825aa2c7d328d300ae993de9c3ccf7;;;;;;
e0d9aee639fa14b9807f7cbfa5dcda5b;;;;;;
d3264c5bdc79b7be374404d9e65cb163;;;;;;
f2414f11d40df0d1711c2309ce6a2caf;;;;;;
56196792fe6a79f64d4b16d0f3dca2cb;;;;;;
35b870ff99b0487fad181adfca9bc0ef;;;;;;
c1d1ec706e872aa4ca4dcb28d0f42458;;;;;;
810e152ace15033f2680a92a4cff30c8;;;;;;
97812906194481effee5f0e9a45aa18c;;;;;;
930236a07fd7079644a93aead3c413d9;;;;;;
de496b736e140b9d873e616db916ebd5;;;;;;
bc25f45b2b4a3ed0bb8c658d5fe81a46;;;;;;
3927f56263c2e3b2edfc70924975d7a1;;;;;;
18d5f0b64efe29cc54e14cae92003e38;;;;;;
b4fc4cf4c151f88714ff00fc84a4a38c;;;;;;
edccb27fae2bd8d217d251c4afefdef0;;;;;;
58b6ad40f77b69e019d0cd345f7336d4;;;;;;
d02867c39cb6094bf56741dfd8f8d22d;;;;;;
abbe412eea91741bcd1aaeba8a6abd54;;;;;;
f86389bc23f26530ff9648df777ad1ec;;;;;;
e76773a294e64e7e1629ae8279bc70bb;;;;;;
78350cb67dd9e069730f2fd510e3ec8f;;;;;;
cf6ea8312fe1db97296cbc5b7d089886;;;;;;
9dc3773f835f8b6169f22076ea68308c;;;;;;
43b97ec3ed8eb341bfc9f06a2c9e5514;;;;;;
8bb2159a411ba6e626313f492e2b98df;;;;;;
494acb073d9bed4284f506db042085bf;;;;;;
f6aa63f28510d73e380b8da9fe78eaa8;;;;;;
a52c1b8e4a91eca6050de03d18baa135;;;;;;
f78d94bab1b9d0149df35ee1e5545804;;;;;;
7ac8c2544a546f2db895c3c5143e42da;;;;;;
b9cc01c741cb548fa7e3bbf560e50c3a;;;;;;
68ca8dba76bcebc92aaa96855eacda3b;;;;;;
38f5ac9d6fce325bb98b508f6633fb57;;;;;;
90f8725c7c1b56dfc8c3ee380adf5ea8;;;;;;
bc9367d692b87088de7c82501c8ca83d;;;;;;
7f8d50f74d7fc12e8ec8aac74ced2c1d;;;;;;
b77ddc496116810abcfdb91e3799c634;;;;;;
53b49dff11899d083fe0150a24619486;;;;;;
c37cfc6c3110f9617b19c6493312142d;;;;;;
4382b087f3e0d4bf92928eb439cae554;;;;;;
3bf705bfec18790e96c508f867e2596d;;;;;;
a1bfe9e60c24cb5d68849acc1eb0e3f8;;;;;;
9aeea4c4b9db4aaee3891849b4ac6f01;;;;;;
603a272f7796bcdd551c501354248470;;;;;;
bbb899f859913530a477f9fecf299769;;;;;;
23eee6e3a9652d54c4a2fc693df68a82;;;;;;
facce56a4ff8cd015b3165f579a1bcd1;;;;;;
ce9f122448e278043978d0d196fe2413;;;;;;
48e69401b7994f95940e2d75b0d3c8ff;;;;;;
d3347045373240fd3913d77b9a346b87;;;;;;
b91ec3020acdfa1afeebd751144c67d5;;;;;;
f4525878368d197caad3abbf63350a35;;;;;;
6363ada2031c2418549b04f665c3c206;;;;;;
f125df291699cb22be19708a95559d70;;;;;;
685c5378530a3509e97746b5cc3cd83b;;;;;;
f6c1ffe4bfdb16d13906c27029e71796;;;;;;
13b33112c72a67e3e6303d822dccea9f;;;;;;
cdd4a9b0b7131c2890490c954a7c8c67;;;;;;
883fd743cbca793b32bfb732970dc75e;;;;;;
15dad6c944405ae5f4a7a172be6c6e4c;;;;;;
2b30c397f5792b756dea514aaac082cc;;;;;;
e1dc63754a27b64f1cbc60d49b8a4809;;;;;;
528711d2676fde7c526f699068f01ed6;;;;;;
878040c9f801efde067c6400f0e95445;;;;;;
35081b87ed7d8d7fc5da3af523f56569;;;;;;
6ff3b1d3c1147b6cd2850b740b96e826;;;;;;
427aa15b93e0c3b1a982eb2fb068c830;;;;;;
46248b7a12991b761c49d9c3070d850c;;;;;;
8eb4dc503104bf9257e7abcd852e4092;;;;;;
fb8a10d3c54f14622f065d0271a64a7e;;;;;;
a06acee8bddf4f3188fd569872947e39;;;;;;
d71b3e30bdd5a26c11533445ab78ce03;;;;;;
80de9e06c4f344539bdb05722abcbda8;;;;;;
87fbc8835dc7af11d436e4943272c18b;;;;;;
2b308205058a0b50aee5b2694140eef3;;;;;;
28453b78fde7fbd2f223f4227827a25a;;;;;;
816168e3d052baf171e6fe7f6a9be95e;;;;;;
0e31989291b9f30372f57ebead7b3098;;;;;;
7b70b87a5e52ee427a7e3d9bc4050732;;;;;;
546a77d0ae38fa66fea49573f2ae50b5;;;;;;
b5ebe46e5e0d910497901b7e7ad3bc9e;;;;;;
a462fce7ebbd85238ee90f021487b8d0;;;;;;
0072b4245c8bd03fd455a770ed3e8f42;;;;;;
ca8a9f67284ef81d2f255d7bb249f301;;;;;;
9d810b937fbd763f06a129e9eb6ce69e;;;;;;
14055bcb150c87231308571053f36b19;;;;;;
ee9bf52e9c3ede1a1f84f93ad5ccfdf0;;;;;;
d22f03575870003d0cb4e21754cb71a9;;;;;;
8d31a94e7c2322dda93a02cbb8e2934f;;;;;;
b0b4dedbfc36346c27a54536f487d519;;;;;;
3c8ea93f098ae92f453ed68bc99f00dd;;;;;;
0dbf9975fbecc0b2bb4624cf8de50ad5;;;;;;
cd53ef03b55a0f19f5c506db7dc0e86c;;;;;;
c6de915555076922b1575537d9696644;;;;;;
3241a15373cf0980e745c2bca2a2d0d2;;;;;;
abd30c59e6f8c888e160c45ca8b764e5;;;;;;
726f6606785976bb9b29d7873186b873;;;;;;
5da4026bd126aaaaa8515194eea2894e;;;;;;
1875e72d27e65ecf67eeda5bd5333e83;;;;;;
efa308391e57b1081d62bd55e6267598;;;;;;
1a032284a032928d4bd9cb41d0cd91d2;;;;;;
1c4a7a8f21a8137333f36c401f60b3ea;;;;;;
880e2b21efd88368ac78f0ff665f8958;;;;;;
73017155aac85d5a76a0705e4c97c457;;;;;;
54278fe7d76aeb243d464185009c7f1d;;;;;;
1cf0a621fc5d5d9d50fa217f7d24f276;;;;;;
8ad8e439dd1ba27a3fa1810019a0a63e;;;;;;
cabeb8c9ff9b2c385d291f5adf97d010;;;;;;
bc58e4d961e93c26bae22d2b54b733bc;;;;;;
6bd6246535fd8c787eeb573f5537457c;;;;;;
7b85d93c3776af1cc7f06025f1637c1d;;;;;;
4bda9d9e950f0d9355dda1a39c46cd4f;;;;;;
d24ada6b78d17fcecd52a20f07b8ba19;;;;;;
c4188c71691cf275b0008af2f9f80b53;;;;;;
da37d9814b279ea613abe854c7167aa7;;;;;;
b873c58464a79711111b31559f8542e7;;;;;;
f415609a67a07112d18e61de719575f7;;;;;;
81c352667b0f1d749e7c111924d8d89c;;;;;;
a2a73a4edd08c9c3b8dd1ec88566d101;;;;;;
76b7261d4adcbf2e6e5d0ab938516b6d;;;;;;
71727c7e8dff6b8b4c9fc09357aacf74;;;;;;
c5330370c66dbe1ce38347057e0dc3bd;;;;;;
2a3daa7455de3b1198fab0391117266e;;;;;;
5b0785ec0d4ee7d6ea57cd994aa36608;;;;;;
641fec507ba17611e1154be0be044bf4;;;;;;
a635fc087f0f5d7ea44b3fd2e55c3ab2;;;;;;
0627ba35c12c62399f2bad1c4c0c9d5a;;;;;;
256960cf1b8f28c2a9510f2c0599b8a5;;;;;;
f6727e33e7fcd48f6cd2db96970eda69;;;;;;
b15ff2b7995310b64af13683e33c0ee1;;;;;;
765255dfeee967865748d30f167dac51;;;;;;
22e61dce1911b1183304437771be8ad0;;;;;;
7576a5163c28a9a1f607e478af2c629e;;;;;;
e6792f69dfd5fd0d5116c3b6f6102a86;;;;;;
0d9d7e9ab07e296460bdf4869aec979e;;;;;;
598f5a5ef28876bae5d83807f997a26b;;;;;;
0083294db07e91268e870b7d671bf7d8;;;;;;
1bd46c200eb5ea748507d74ef594f782;;;;;;
d463ba86c907d64e9a44c9e1120b5873;;;;;;
5f8a49738e398b6c9b4c38200080e538;;;;;;
45266ab4c0b6850825bbe02f64904ccf;;;;;;
5620b57101b1a5414d2bf7921dce2395;;;;;;
0831f47dcb3e984db4b30cf23cc28a49;;;;;;
412772250e26f709ae7206d1b11b1d22;;;;;;
9c7c602738e570f755965556a65477cc;;;;;;
f1a7f95d2e146826272c8060a3a7c2ac;;;;;;
a4c1bf0476e18318f38b189bab32a824;;;;;;
6df13d3f6ea9725ac3cb25592d1c4c3b;;;;;;
4acc8f476da7bb9735eb8a6ff1758ec0;;;;;;
4a6a700f5abee6b62f9ebb445329be52;;;;;;
0443ae162e90bc97e08a5cc475801a2c;;;;;;
2919a420784076f1bf04e75ba54bf013;;;;;;
6b5cf2301efc4fbaf977c3ea2e0ebd78;;;;;;
0e93014f313245a45af456ec7a740b6e;;;;;;
cd9a58aa207ffed1e1ba5113af5735bf;;;;;;
c47740f4079a30b06984902771e28778;;;;;;
5f44cd44967eb1062130ce4447f75358;;;;;;
4bfa206633f69244d734489fd63263b3;;;;;;
dd9e2efa69ff0d6eaf44789fec4d1ee5;;;;;;
ebfc40197d0c8ce59457d4fac822aa1d;;;;;;
e03516aa2f514a8a545318c11f13a1f7;;;;;;
2c96906b9f4b70e4e3ad8a16e8c787d2;;;;;;
aa9c36e3a76ce5e9c455c838f4638628;;;;;;
1bf2d147169907ac320abeac0ad07f07;;;;;;
ccf79948b5c091654cb40cf022673806;;;;;;
c0551e8928219b8e1706d5718eacc61f;;;;;;
bb4cfa389ed52aa6a7987e5a2d54ebe6;;;;;;
93d078ea17d94a787e0ec5761b1e8f73;;;;;;
73ba05ea8d2f622420ba77161ab37c18;;;;;;
b4a09766651c75116d10792376a10c53;;;;;;
c70de89720cd5f4caaaccf83af1367ce;;;;;;
7f2e460f31dc0379cb2a97753b261123;;;;;;
d98e987bebb1ec5de3421704f4c1eb37;;;;;;
b5e59dbefd32660807850203a46ec4b4;;;;;;
812de88c608597f5322585133d197c61;;;;;;
9125f57d2efd9664c2f978a33b379315;;;;;;
43275d880e185618a03daa152d757774;;;;;;
a797ef4730f75b058f7b016cd9564362;;;;;;
f95165c634bf2ffa2296a46c6ac28217;;;;;;
fef6327622385de773af0f1f3a9c811b;;;;;;
517f5c4b58ebfc85360deba1ddd677ae;;;;;;
1d89ea98aa9acca6876fb2a34cfa1319;;;;;;
14dbe31edecbde1b254614541c9069b5;;;;;;
59ed6860da23e857a558e62598d1b532;;;;;;
568f5d5921531a06c2478261c9adb782;;;;;;
1fd994458d3ef1238fe1c614886dc153;;;;;;
79cb6844ce2b64be2161e96c96102f92;;;;;;
c23cf82c9e9ed82310d5febd9fc6b40b;;;;;;
2e19780ed873b30c5c255bdb59d4efe2;;;;;;
26c51afdc5b2cc01588af32828d3df09;;;;;;
8054136aa22c4d9c0eec0d4c603137ec;;;;;;
3e73a8a5d991ba2c2a0d5bcf659003de;;;;;;
fe8cdb794d120c620227a2b0be970674;;;;;;
688a3500a2ce03a781f2cc7891282806;;;;;;
3b55834bfbd242135138a1a8b2f02db9;;;;;;
c5772d4ffcc081b0c79865168b0a4ea0;;;;;;
5eec0adbb579427de65ad92a87ec52c5;;;;;;
fc862815b52c6b80f794d04ae93d2202;;;;;;
f550e9a2484d062803ad1d2c6d631d0c;;;;;;
fc2de256ec57a5732d6d0b22701e7a10;;;;;;
7878fd7e2b5ea9fba1c899cb039cae5a;;;;;;
2c42595cda7dd7161b04356b10a564db;;;;;;
f7835e4d4689fb54073bb0cecb89b651;;;;;;
23d6be7de901a8caeedc13581c22a2d3;;;;;;
b5398fd13377c886d6c59b900fa53536;;;;;;
12214ab53db45a2e7d0e65e28255c6f7;;;;;;
f729326645f907b1ca67c196a93dd89c;;;;;;
dba27ef1fbfdd961d351b77d74fd2078;;;;;;
92d396648f8b27a8ca00768ebef8330e;;;;;;
28a17d6ab00f2c403f8457bffb43aa3b;;;;;;
e9336431556e2e14ec16a9e300a43844;;;;;;
9fea368ef94e3db2996c1f7566112dde;;;;;;
318130e8204525254ad9f23d1b0f6403;;;;;;
3344982480e5d87697a4f378e41ecd59;;;;;;
7e8cb1ab9bc56273db158ded8d5488a8;;;;;;
21be77f63c58a6223063b52af46a01ab;;;;;;
ff79f7dec5441eaaf57f90ee8a0353fc;;;;;;
abecf1aff86278491811ee77f6ec1d68;;;;;;
8ee018249f45e756ad91c47c50347b29;;;;;;
67675a7a13aec08bf742fef6d1d84ef2;;;;;;
8abe7282bf1a94996d5c474afee4b76f;;;;;;
643cf02e3fe56839e5737ddaf297140f;;;;;;
16a5d1772b7b614ddf185d94502698da;;;;;;
949e2a6532cdf976d0b3cea3fc700a97;;;;;;
32acee559ca2c3a82bd5e078285f272d;;;;;;
880d756dae29edfb349e359a65de733d;;;;;;
df6423c852ccd047bd114010099cbfc8;;;;;;
795159bb11e2848fe04e39b5ab05c727;;;;;;
8c74b5074d18726f47dcb56c722f1ed3;;;;;;
994df3f5fd6bda4ff4d138cca9cb177b;;;;;;
a9062ef187b57bf3096b58de2149999c;;;;;;
17ba76e07b19854c045c55bc03b36848;;;;;;
9cf6a7a2ea934572dda75bcf6002e291;;;;;;
fd2c0b0fd5daefe8a3b715a4608bd4eb;;;;;;
1d20883e71dd249bf8ca85c9872dc07a;;;;;;
d482a9b4e5f98853f82f271147cea0c4;;;;;;
7db202cd4b4c9c30019ff5380f733b87;;;;;;
aaed28e70323704602c087e60fede904;;;;;;
57d76c4d6f074c4e6b81ba00eea3610f;;;;;;
cad2ad05f3a6f6f58fabb992d59b61d5;;;;;;
a5386d2f27d9edcd40b46a406ff6c8b1;;;;;;
7d608689f5752ff67fc93cfbe9b58d24;;;;;;
0115f56d81353089b319987cf20c4a97;;;;;;
ec8902306137f60c330cab99ec45acad;;;;;;
3b3d54ef27ca09ae5259487583d7bdc3;;;;;;
49c646cdfa753660ab3d1d8af9884b44;;;;;;
c13e2f786dd5349d17c58f55345f6ca9;;;;;;
caa1864a68a0e58c14a03a64a5e56ef5;;;;;;
1180f75fc398aaa50ed8d02a0a659c20;;;;;;
19a897b3aa074e2c8a0b931911dbe110;;;;;;
2614e94a91193ee269c7f2c60cf5fe7a;;;;;;
c2c9189aebd2df2e32a8bbe930bf69e3;;;;;;
c39c9ed907f37ab35c92caefc7967547;;;;;;
364af1e61479295c5707a16c89a996e7;;;;;;
dd604f218c098156de82df48823b269a;;;;;;
0b2b8ae20daffa6d937766710ad2dba4;;;;;;
ecaa9c9f2efd4761f36c54aebb123acf;;;;;;
412aa9fac585bf75f14e0f24ae4c43d4;;;;;;
387e43292edd2af1170384ef7f23a9ae;;;;;;
7d9f6ad63be01e5bec5b63beef679372;;;;;;
06417a995410e069815787086f73ef07;;;;;;
d57358bed1fdd7bd1d4980530243a828;;;;;;
e14f32927405b54a1c934e5bb812b57c;;;;;;
3b3397f54663264725eb7679d1451159;;;;;;
d7f58e0b0893b256b1afad5d135791f6;;;;;;
34691980c70caff2de79649c67476053;;;;;;
e4e2a3268d1ff07866d30a257fa9435e;;;;;;
6867aa4b89391406bea09bd17ed4d94b;;;;;;
5f366a544af552dea14da0c688e779fb;;;;;;
86fcf7ebf3257d21da22233df4d31a90;;;;;;
8ed8449a006b90758ac50f96e987a060;;;;;;
f7b796e451cc291270b95ef39356641f;;;;;;
730c8f2d8d24f2abeca83c75d1363d0f;;;;;;
dbbb340958f782443a9655734fdefce0;;;;;;
5200b8c6bff2d0e73ab16bcf2ee8cc73;;;;;;
e9c7799eda58a3141f8d96c40acbe933;;;;;;
84d23e1f7f5e26a27030a4ebfd34979b;;;;;;
ac20e0746b0cfac03c29fee1f9a7f1b3;;;;;;
dffc680f5efbabe4ffc5c464fb089dda;;;;;;
6b2ef6b9dc4d6154bec6f8c40d446597;;;;;;
e4546c4b2c4d94e8f3fd6637680f11d2;;;;;;
faabd8d255c49e450809fdcd9e669c45;;;;;;
b0540aa864f26de40f7e9336e5713548;;;;;;
49dc0935c6732e519d02ca74b1d9b8ec;;;;;;
baef58292ee71a481f079e8a509b5628;;;;;;
a0d59d53a15ce664b09a26b8eb022155;;;;;;
73f723fc66504ee5c5adf4aca109b462;;;;;;
9b167c8f2a303f569d58f44d2deb8bb5;;;;;;
bf2a8139bf781564c547fd667de0dc47;;;;;;
0768485211c829cd961c382535dc0009;;;;;;
068fad5510be44cd4a2045f5f33861fb;;;;;;
6881d0681690c9d46a59ddd67d046293;;;;;;
fe71f941b1e485de16a5d3baf7887adb;;;;;;
7d081e7950bc8b70771ae25310e5816f;;;;;;
96c8eb42842c11e0d069ad606460867d;;;;;;
54d816af74775e19e92f52dd209fbfb5;;;;;;
1575b551e3426de9d9d567192f2ca8de;;;;;;
b18ac8dacd35ec84eb80dcc713c61005;;;;;;
00a7c1c64599c25d54232d3ce1a49144;;;;;;
24fccbd692cceecc6aa86c87d133e265;;;;;;
adeada1e1be76ba4f9a204109bcd0fd9;;;;;;
e4a36e739db7be2bd6f860c4715d0686;;;;;;
8d8e7b7f887ac67088ba8f528a05df5a;;;;;;
b1382a3a72e6f7a97e7e5c9fc5f8db31;;;;;;
2b2cd5716238369c003b7f4ff8cc031b;;;;;;
7056da031c8f15bb5b9edd771a7352e8;;;;;;
38b4bb7f45b4096386eceefb9ee9efbb;;;;;;
cb026e6496be68f8a8ba0a3e632c1aeb;;;;;;
fd763781d5bbb670ac8e13f523db7687;;;;;;
9fa011019c120028727535482e4d444f;;;;;;
be8bbc7e576c0b1ad3bb89aaab549b47;;;;;;
d4209c1318aba19f918f1c03f0eafc62;;;;;;
448585035d10edae8c4c90450384ac15;;;;;;
641cae06a9ce7ffd2dce88f19ce308a6;;;;;;
606aa6e2ba30c2c5eff9e76984875978;;;;;;
851f92b70e7fbeab92ac6ac31c15e362;;;;;;
9b7ae720d021203c4bbc3fe5b03b2d0f;;;;;;
427a73100106cb600c054fc86f1f8e4e;;;;;;
fc1a41da4e5ebfb2a800063986f5d812;;;;;;
f4dc9a3e81e0222a7290a182f4f0f7bc;;;;;;
c2091f49c8627e85fd6a55b6b6935f29;;;;;;
1637216dcf2801195aab75c7354f425f;;;;;;
b48d42f8577917177dd6a83484e2f524;;;;;;
5fe10fc62dc98ae0457cabd59dab49b6;;;;;;
1a0132b44054d76c2830c0942b69fb11;;;;;;
42c5e315c2a9a6ac9951bb1eb9f3361d;;;;;;
5317c916cd22eec1cbd27b1baf1ed164;;;;;;
8caa5a8942c232f4d5a06137bf313a89;;;;;;
450108e2a73c93462d5262f914a46ce6;;;;;;
4362d3cff070e206b0c9d4c2cea55fd8;;;;;;
95c25ac7f1b417f8b593881f015cd7a0;;;;;;
2f22a66ed89a3d871ccc4752913477a1;;;;;;
ef1f94f6a8ff8b0139e2868228bfbb33;;;;;;
6653a6dd3a939c2f2e86f183f1104cee;;;;;;
2516c1c1be206c84a20eeb1645464cf8;;;;;;
64ec4844df1dbe5c02aab10b5f56abfa;;;;;;
ae7d5bddc93ed30aacecf49b996ace90;;;;;;
fd5768aef3ffbce68d8c8ba2e818f9e8;;;;;;
c1c7b166b3e690e0218fb978c847f09b;;;;;;
193c03bb7b9f7cf8ef26242167df558b;;;;;;
c717d28e790052271a247d960b9e68b1;;;;;;
70adb103ee187c3b70f38cbaed4aa446;;;;;;
f6630a223736af508c8045d29e173ce5;;;;;;
cff186085938a2ea56834949b4231c29;;;;;;
2037f0b180f7ed5612cca84f96ad58a9;;;;;;
be223951aab62bebee51fc911b107f9f;;;;;;
e715d79559b6862468d9b6605da54793;;;;;;
d02ad0ac52e9767a9d9080ce4a7fff58;;;;;;
db0079d842cd1cd51c4bcd1e46b0c60c;;;;;;
b3857f5f47e9c56c22dc22a2d7ec5af1;;;;;;
c632b033604e06283a437769daa268e0;;;;;;
3c76d7ae2740ae4c992b11d0a42a77ec;;;;;;
6bf8e0c8c80b888d415ed481cec7a8df;;;;;;
6cc7d6ea38c15b696e65559aa61c85bc;;;;;;
9316f89d853e70c5ba652a4480e50ed9;;;;;;
75ec484ea83c2575662742cf0fe4c898;;;;;;
a074e105aeb707eeb5159e51bf344ae8;;;;;;
91d44a9d3105d549e20948460dd52cd3;;;;;;
c3259e4c8fe64847a9d06851628bc3cf;;;;;;
5146b196f9f48378d4621f407f75919d;;;;;;
374f88b67a7281a94bae8985dc432fbb;;;;;;
1e03b81e2c57e96db09e14681a00ae6f;;;;;;
360da9a58127fff7f33714057e4b0341;;;;;;
7b24c6912a9ec03b9e7724fb9ae2947c;;;;;;
6d74ef7faaece12ac55008358ea4eb76;;;;;;
624891122b76d83dfd27f70cfa486e50;;;;;;
f2bbf75ed5a55da40a324b42db612df5;;;;;;
95e162577f77e31324333c896191449f;;;;;;
e28f5a572da5e2429228d6c340b3a1bf;;;;;;
c933e1270d5b93e72ef97cf67e5dc60c;;;;;;
660149bb8f91c65877bcd159e2983c28;;;;;;
cf22f2a1d8baea43095c0cf2de97430d;;;;;;
233d7828e07b345f8fe932362f2902e5;;;;;;
e7ad264e8166e4821611a8f90f3eb797;;;;;;
01989163e50b09898fa35605af088e4d;;;;;;
41244af2fcfefcda83b85da988046811;;;;;;
a56cc56429b07dcc9b60a6778b88f717;;;;;;
72fba7d01fe1e800b0cfdbcf78fa95a4;;;;;;
d4049292aec29e550baec22c10959e96;;;;;;
6328d3b6d007adccdb2fd2ddade5edde;;;;;;
ef04ed77a5d360db815d41afe9b4de25;;;;;;
fb20772be466197810abd87585770664;;;;;;
c571085ccdd3a6924fdf68aa8f56678b;;;;;;
1a9be16030df0e6b8477373b921517cd;;;;;;
7e0bfd100784bbdd8c3accb1aa39aa7b;;;;;;
8b224785e50ea9d059f03c6d13567de3;;;;;;
c121aafbd9a64c55cc550d4829780160;;;;;;
6314c6c1dfe86034c485d5cadec49e92;;;;;;
0356f74db4dbc1dc45475fbbedc32400;;;;;;
5e3227aaa5bc2d9a9d793ef09c0d0ff7;;;;;;
9369240f33efc16de93bb523835d94b8;;;;;;
c88b69d1a1de43a76ff3fb3a53a8c015;;;;;;
6429630494d404cc784eb14998c4790a;;;;;;
36acab729dddca6517e6477baf3b3bb9;;;;;;
616600d6fee3258b5c0dcea173f56d45;;;;;;
66948075498254c419e0d9d2ace5830c;;;;;;
9cd274301cde71636aac3ebf97995a8e;;;;;;
b1d58a082e19a4e8fae8432d6ed8f4b6;;;;;;
815132a4ac579ac72c99d179bbc3eb5f;;;;;;
36d5b4263f45670b20402e30ed6780c9;;;;;;
03d42889c91964adb94743d1788eeef0;;;;;;
ca272485909fb0cb08537ae8f324f659;;;;;;
b9e4168c82c20100082b5f5cc3a08344;;;;;;
5454608a19748609374f83a6ac6dc071;;;;;;
24ce67af88176d855a71c2429d174d3c;;;;;;
ad8e65e62509f6763743053a91eb65f7;;;;;;
10725b517839376455a693a9b7f9a87c;;;;;;
4ecab54711af14ce4eabdcdc01398805;;;;;;
2c0671737c3313a00fd2067f5b03fb81;;;;;;
864d5df0e18696f4df2ce116f979a04d;;;;;;
a14ad24a4b681965a3a6b3fec4fa2240;;;;;;
fd2207b93829b812e4cd5a07502abb95;;;;;;
8d10fa4d1d6ab158a2c5358fa0db4b32;;;;;;
fbc31ae1e71c26720e5ac79707d0e3ed;;;;;;
b72b30f6b608b8ff1e72996cab167bbf;;;;;;
c58c166144e5c935dcc7b1b3dc800be7;;;;;;
08c7ac3be8be9e435e5a46b41a3f4e16;;;;;;
f6563b40bfe91f54eb3f06ea8c5970fe;;;;;;
5ef36be29f3ef28f8674b800bfd9a997;;;;;;
9163d55aeb6d186c92ffb08f2a2fa99d;;;;;;
494ce656878b0735c1779ad35191575b;;;;;;
acde268656496fa54e7dc67beeb009d1;;;;;;
9e169ed702678415938a36185791772d;;;;;;
7a6e6198fd1bb5a5ca5a5a34c9a2a630;;;;;;
4f1a480e588264546b8dbc51aab289b1;;;;;;
ca50fdefd5afe73bec369d51ca62fa8e;;;;;;
9461c3fe7f90ab53a456fc0707ec26fa;;;;;;
51b5354d2ca9c23ebb918cccefd9d12b;;;;;;
5c585f13b9e5a178643dbca25d7ae63d;;;;;;
6c2995c8325990cfe0b1e0c282ee8742;;;;;;
ef025f5e945efdd5b21af7817dba0253;;;;;;
97416be0ce2498ded7915c65d9fb8fd5;;;;;;
e302baabffb972fa3dbc86e0221a8bc8;;;;;;
28343c118dc7df4bc5c8306b7a98c8dc;;;;;;
5c92f0139b465da742029f5aca706106;;;;;;
26ca114983132f6bf0be363d76f92392;;;;;;
ecde213e16864880763e2d0cde5f76e1;;;;;;
e699eee0feefcf5b62b8d06868cb2e37;;;;;;
f046d5ae3006c72091ae413b47af2575;;;;;;
f2b41f04bfe423bc472c916acad36a7e;;;;;;
cb75b6ffe71a131840d944640844d7b4;;;;;;
7e5bde2669e07ce5104524d9d8b4567a;;;;;;
43c8fb5068456b8ce2c8ebac20451d3a;;;;;;
b6d2c57a4f26cb0d8da5035d4add2bc0;;;;;;
40df8ab35cf148205743066159b7950f;;;;;;
3d4cf8bf6b52cccf9a20ec0a10a90dcf;;;;;;
3594b138dabfad884047a4080c711085;;;;;;
d2500f35dd68896f2e0950c436915603;;;;;;
f86a826650a43ffa765f545b59a9d23a;;;;;;
b4a4b98d3c69577d2daac1458544d30a;;;;;;
b922194f0df313b182b443c72921d881;;;;;;
c610ebb9015b2a26416aa239f7fb33a2;;;;;;
0adfcabeb2127007a5586c8589456083;;;;;;
b5ec3461877631e8805bad3dc395d826;;;;;;
feac518d9942b3ddf791257e5f660e62;;;;;;
7daf0c49b4ef9942ab573e51dd2924d2;;;;;;
f23f5a82f6bac216042ab1d24ac88635;;;;;;
650f2558f6f561fe521ea4f5075e2080;;;;;;
c5b8e941f2ec64587ec5c0ab090d4c60;;;;;;
3735c9a804a87bed5762c6f70e313b90;;;;;;
e34a2c998ef5e6a5f446df0767e606ca;;;;;;
9c0bec6dda8b2f7206e02062d4fbd9f6;;;;;;
f216c86f2fb7f2f3efd9afdbc74bc8ae;;;;;;
c42e76dda6d94b3456e12eb0cce17a01;;;;;;
91172386999009899b990214c7982eac;;;;;;
7f2e91af32897369492ce9432073e9c8;;;;;;
81ffc23125770c430bc0a5b5d33a9ca2;;;;;;
86e004993b21cae06e6f7c76c1caa929;;;;;;
d3ec97c89d9b6569a116b85eac203f30;;;;;;
daff242e572d3467c747a2f10ecd3274;;;;;;
f6aa24d3095a05f2d6943fffc5fc1168;;;;;;
07e8c45f2e06163a6306d8353e3f31b3;;;;;;
4b7e1af2201f2d15130c1cda88e39a83;;;;;;
a4178739942a3c73ca485c84572a4233;;;;;;
139b28191898b2ad2c0ef43939f4d084;;;;;;
9d8ae207a5505ff7571b6e3559857c8b;;;;;;
a471c0b6b09bccc76424534885a347a0;;;;;;
ec756601f3e09ca543e3997cdcfaa293;;;;;;
4daf795a90681427ec95dc31098f8933;;;;;;
c4258672cd5611b9e0c7dfa7e6e25ec0;;;;;;
c636007631f526ca6a17cabc59a8eba8;;;;;;
aa2cea1e8e648f8b092b481b00035606;;;;;;
e57c3403ec34e3e270c2c3794e1889f8;;;;;;
3c24e035bf4b0121d33f828c89ec86b8;;;;;;
0935c31b670b427737b20e305ea03522;;;;;;
a36758c156b8fbbcda32cc9451284008;;;;;;
11f26c4e02067a1f5e43fd56d4b99782;;;;;;
4ad0bf39e13a8a81bbb68b9fff0f1f8c;;;;;;
072ad375f4e877d9cbaa7d5d22f16390;;;;;;
248c55d29081402240cbafc6719899f3;;;;;;
07b2241d920613d4e04013af11e8d9f5;;;;;;
1875fd5109daf238020c723f82bad4b0;;;;;;
b4623132989b9a666aade7597df4d639;;;;;;
c97b34b07bc33bebc07a505b83fc0f22;;;;;;
017e40b37b30097eeb3a2b776e8d91c4;;;;;;
8e3c1961872ba4960b0c06d733067f3d;;;;;;
d8542087c3261519aacd9b2be0399109;;;;;;
8d9bbba6c073cda46157d6d0e5efe75f;;;;;;
9de0fc37398a607b5eacbfbae2b3d831;;;;;;
6f9f82a3758a628998282e8f907aed5c;;;;;;
7e09c6f6dd21ed9b2046309a526bd7d1;;;;;;
96790880faedc4b09be29b7d1705941e;;;;;;
1a2350233e8df2267c31440d2f2571cc;;;;;;
a0d4e6fbfbe0b941d5037fa756a14247;;;;;;
72ae11b86054be18c0df09b9db4a13d0;;;;;;
dbca9679fca3e0d2cb08dbbbe2d5f470;;;;;;
fe82363e4c6b5fb85ca3e721670c70a2;;;;;;
3558d6d63561d831bf575d8624146913;;;;;;
c3abef82e0cea212407121020a9775a9;;;;;;
e13b61d68f05ec2feca4d8307801db53;;;;;;
b5d36ec066ac5edc9757835f28b1fbb1;;;;;;
b4247f44c7b0a55a3fd625d8d2888570;;;;;;
b22c92905b04c698c9fc6eabf40d52de;;;;;;
8822cf83f9fb70d8f17a176eff87033f;;;;;;
47f430d60dac9eb3f33b3fc18a7ef985;;;;;;
be3b6dc7f114c1ae069e91ef21e17a30;;;;;;
2c6653fa0bec9c1e068f0252a6a08e04;;;;;;
d70adc9559d41f7b1a212a216c1461fa;;;;;;
798dc0a4767b525c3f4f69a2b9b2af46;;;;;;
40ae8f6bef7d5e007399631324dfac0c;;;;;;
94888ca8caba49bbe0795f0f0d38107a;;;;;;
d820ed4eee2c1f42689c7d18cf5aff56;;;;;;
5746f2fd05f979a16c8cfd6cee1dea8a;;;;;;
85d8a0c1cf372ac35979dad4beb96cde;;;;;;
0cb78119adaaf1fbea037893bcdd59ea;;;;;;
babe20e8ac8201b00d7abc132599c882;;;;;;
99ca7e3568223fc595325242eedad85b;;;;;;
8704cc307fa66dddd685621a126649a5;;;;;;
6684dc8a2b323c8cd997cab4571f76b6;;;;;;
d96a02eeed6eae2b069fc37c73256c6a;;;;;;
b9a755d33874e200cba8574b32891ef7;;;;;;
204fe504a2063beb70c153e396f66018;;;;;;
5d503d42909c5c0d6fea9e42aa63ab01;;;;;;
927721f9d520d4e002db91bc84418932;;;;;;
fa365e0476fc2c25638ec11427db60c9;;;;;;
321f6c7408218085ef142a3a88bf2d00;;;;;;
15be480cef3f0e4d92437f10659c45a3;;;;;;
201e48d0bb8bab12399a6db45b7eee13;;;;;;
bad58b55bc99a6cbbe5c82c4f8af5647;;;;;;
9a07e7289d205bae295c7b265f16c074;;;;;;
06d02a29cadbc2c4127557d0c7d57b67;;;;;;
d97c7ecd4957fbc1ac4b2f70de2110b1;;;;;;
c7928bb9844b028e317a6d7afcb3ffc3;;;;;;
4dbd7fdd43bf9aac6000ee10166207f6;;;;;;
e1a353e62d24949e7e26edf412daca0a;;;;;;
d8bf16c1f3a1962825ff94ed1303a813;;;;;;
5ddb5b1134eefb60632c50111c89aea6;;;;;;
103cc98790080a3b81d66819a83585b1;;;;;;
db06b85dd4522268acb43eed536b8e3e;;;;;;
b3b0cd0c6f85d930dc4f1463ab732c34;;;;;;
905deb9b6b56f96522f50d2ed78db9db;;;;;;
29f3128272f99c9e1c150dbbff0d38f1;;;;;;
f2aa172de768204285e3a1dc7329766f;;;;;;
3c3f875fd2621f8585e94e3782fabf1f;;;;;;
abfbf4d3a99d5204d36e9588176370b4;;;;;;
d39ce30bcd53e05d57f84195529994f1;;;;;;
df8e6ffa5cac88fd13ff3a0bd873fd02;;;;;;
2a90334d334137b6ab3172c84cdb9760;;;;;;
17c7612b27ba6494e72e9c85196c17bc;;;;;;
76d241a35ad71e9b14985fb4f1f2cec6;;;;;;
9546d5d38e35ce530d116458f546e652;;;;;;
f4e5f34493991818234d29ff6e8bac37;;;;;;
f071089c93f6c22af612bd3597aba457;;;;;;
c17110edf66f936bd73fbd6abdb9eb52;;;;;;
3d4aadf2e2d725a5512031e11efc1c9d;;;;;;
be79a43b54757619d0930d26d3a607e6;;;;;;
7c87550f36488f6c9b6be330b908cbd7;;;;;;
a400ffd9fdac09a68d2841f0d48167b6;;;;;;
158d07423961880297e71b0dba8017bb;;;;;;
24957cf020dd92d20605bd29682e14c7;;;;;;
6378600734a66ad86192006b93ecc294;;;;;;
4f0b77fcfd64cfcfb0eaa88272e65021;;;;;;
0643b1d348debeb99275fc21b4bf2a9b;;;;;;
8263776eb3bf787ed8c7e9edbe4731e2;;;;;;
074a0a6e5a19a89b5d23cad8fa922a80;;;;;;
41524b6729c6a6ef4017cec0258888da;;;;;;
ca712a8071e751c353259584eb7c7329;;;;;;
faa6a3e654c9a5f25b431bf26ea56aa2;;;;;;
6fcabe12a934c720688beadbc9f90f2d;;;;;;
39cf0951861255d689b4833dcbb3fa59;;;;;;
2aa009090cd2fe3e949c002276e21fed;;;;;;
0a14bf653b93d45d043db525b43a07c0;;;;;;
19a5c2b1e8a809fa5b6c09b7db732b68;;;;;;
511968347de961447da40bece59388cd;;;;;;
170e85e861b87af5221b54562a228211;;;;;;
f75790edf1bdbc0df416cb64ef3f8f91;;;;;;
3892fa9d30846832be7a897455afe6a4;;;;;;
cad2c814841bddf368dafdc756994136;;;;;;
7721d6117ab4cd90bc410eed53db761d;;;;;;
36922a0e090172acb18709b58fab24a6;;;;;;
aec473bec6ec51e2d9d0faf1f3a3b424;;;;;;
7a2b3144490498efd93be23d826e7973;;;;;;
a849d1b84cff1d170d9eab2a6c2cb463;;;;;;
644c4729fb55ed4fb97ed67bb165aece;;;;;;
8556526ed1f3885a831779bedaa1b21b;;;;;;
44674e53e9b77cc49322b8db93a07a9f;;;;;;
a9934da264bd77cf0758bb78c5357e7b;;;;;;
824b1b8fc50ec815e1a1519dc49ec885;;;;;;
6f81b56fc469b04de4b0e1a468b59344;;;;;;
09effeac862235e3ecfe1b83e2150600;;;;;;
458fe0817c4203894e0118a3f9b2804a;;;;;;
5b75377366eb24fe58d78ce0f524b268;;;;;;
d864a12e3ef360236446476670f1deca;;;;;;
a5de4b52bf8343e87ef2b7d0d8741382;;;;;;
24c7707935c14327c180e23a95ff3850;;;;;;
1b5221e916c6a5449a2a667af61b548e;;;;;;
0aeaf7e9948c9339ba05a37099b5b864;;;;;;
44c10d555d9401043a50f1d478baad62;;;;;;
ed1c56424f54d27917c4d90c20cfa470;;;;;;
434e09f5398dd9d6f033864ad166b563;;;;;;
a56b764cdeabe44c91610d7127835cea;;;;;;
7cc8b5c2f723506c1bd5ee6bfce24634;;;;;;
e2aca212b431941eebb30ffc16930526;;;;;;
f496945933ab623a794107997390aabe;;;;;;
c0d274cec1bf19b73298ddb14d0ab1f0;;;;;;
154bfc946c1639f865c69c8d80c9633e;;;;;;
4584c647b2b1f82762de2507084ccd1b;;;;;;
360f637cf58b398e7beae9d66d7dcc20;;;;;;
f8d53080d351a9c3107f0682a897142b;;;;;;
4707c2ad9b86691410c4fabcb29147c4;;;;;;
45a73405c976ab8d3c26e0448ae558c5;;;;;;
0cf4cc52dbfcaca04c9bbdbe93bd06de;;;;;;
f21d52299ee821a49e76c47ee58f7535;;;;;;
16e1033bc385576bfacf88743021eaef;;;;;;
42a18f7c422eaffb1514523a91abce20;;;;;;
f2795ec7a26b00a96915b8f5b2ea0bfe;;;;;;
e4bcd4f90a794c5ef65110024956dfaf;;;;;;
6d267671ad864e110e5e2b1b18b4c92b;;;;;;
19c8f1b65f27795d4e03fa4ba676c7e8;;;;;;
c5f952ead54c1fd87d5f1c0b957ec2cd;;;;;;
e00a9b7dbbd67b59a288fd42b6e3241e;;;;;;
6c820c5f2c07485c513d7303e534ba6f;;;;;;
c2356b42e5455e654d760dec2ef827c4;;;;;;
4826847c51c4976be7789efdad3b2a06;;;;;;
dd159c5ff2231eb8f0bafe3a2ecd7dba;;;;;;
a9b069e9c2bae420665e26a9f9174624;;;;;;
04159dbb555fbd79571a2cc34978f96e;;;;;;
7e126465eae184d4bb1bf5a538619442;;;;;;
d8a0fc837f9b0630e16fffc1f13ee7c3;;;;;;
89bf98d07961ef2bdbdb88fb289b9838;;;;;;
b7c6b737fe70710f6b1419307a2d96c9;;;;;;
467113f1c6598040b38cb560a7460066;;;;;;
0f72e0fed36bf36304b916ffd2264339;;;;;;
da540af84f9c9dd2e033ec620ab67774;;;;;;
70b5375bae2356b9ff92b2ad31692425;;;;;;
abee9872d6f1c1062a00b2fa7da4fa26;;;;;;
3a6ab5b01bed46ba2d1a4b36af96930e;;;;;;
a859670e481e831298662ec16b95aaa6;;;;;;
2286a8522a8d5539c1008322dde9bfb9;;;;;;
323caa435f4cecc985d74761342bd7ec;;;;;;
e13ae3c00472ea9dd544e5c895c87142;;;;;;
34ce9e2776ca2e3b1b67bc8af417dee5;;;;;;
9533215c931e8da4bd511c6318d36446;;;;;;
04ae7ce2f70976dae7d05ecf33cfcec1;;;;;;
108f82e22d54e7b564b9e9a1e176a159;;;;;;
a72cb4cf35b92e643ffe66c67b05b501;;;;;;
6828680f2e097b895556351503828eab;;;;;;
c3e8342c4bbc5ccf1bd7e0f2e5e0b4e8;;;;;;
5c153e794ae09849f2bbf1ea4cc2ec9d;;;;;;
352f93be5bfc4770b7b62846f0f03c20;;;;;;
b3907b89ec6abe8db48551ee43e969ec;;;;;;
be2cf10cd1f59d4ae2c9b2acb5c47a4d;;;;;;
c42a1a914dae2233bfe0608e6414a813;;;;;;
26c5d551fe66f57c4d71cff9182953cb;;;;;;
011f9a62101fd2acf2db34fc10877ecc;;;;;;
e110f505a37019d0dab821f89d5caf68;;;;;;
bfaf19a8a81fa70c5e0d8d609ea7ef71;;;;;;
3d92f119ee364b55b35476224c02c7ed;;;;;;
b0976ff9b046bfb27f2d4318fc74e07e;;;;;;
a5434cb16f27b1bac4c1f71e4aada39f;;;;;;
8c78cfd11be258b1ba55f7670b67f86d;;;;;;
f84cb36a252990ba67b493362fe01ad8;;;;;;
f25a432593c19099ed4d3add844371e8;;;;;;
f82a1d1656e4201d56dcaaa2340d09a8;;;;;;
a2f167d0116dabf49ccd8f302fa8ccf4;;;;;;
511cc50f93a67cf93fac8b8ea3b8aa63;;;;;;
603b0dc509e09ae60cc6bda0aabd2b7f;;;;;;
a6fb0a276a000e5ff8beb93c10902edb;;;;;;
f9b4bed94672649cb377f580dc6a1554;;;;;;
67d1cb4182117d3e04e04c9c2c2aead6;;;;;;
8d130490a68524943d6d1b8506594a1a;;;;;;
57b5fd36400ac815b2f96a42da5dcef4;;;;;;
231de23f9f5fe196e464cd172e32731e;;;;;;
1e6a080773d20bf4655afe4cb8d42666;;;;;;
db83bfe35137d4dd81dd9cd9d12a34e8;;;;;;
4a10b3aa26e6c412721d11758347586a;;;;;;
0869d9b2b872d2a19fbdb58e1f16af06;;;;;;
ab3ba134a9e410fae795014a7fbb0aa0;;;;;;
e2187da05d22af1749128c086b3322df;;;;;;
4a819aaa895e48ef1ada9462851c2631;;;;;;
a1f6f4def8e5cf75b899feb36b585e97;;;;;;
35a0cb51dc6d25a450bda44c7555cbf4;;;;;;
3918ef0aa38710c00120aff917a80518;;;;;;
f9270181dbd6aec350e6d1bfc7be3a41;;;;;;
378fd067dbf6421ea70d8e4030f17fa5;;;;;;
73ddeda54e0d58639de0dbf3b83e2cd8;;;;;;
f9d3d489b64c2a77fa0faf797172176c;;;;;;
3729e5aa659c087f847cde3a4434b1e8;;;;;;
fdcfdc259aa49d95bbeff7e06a15cc1b;;;;;;
88097c87e3661e22866cfc4765b47a9a;;;;;;
a1404193a38fc47f0893405cbf754b13;;;;;;
a40a9cc5953e8a57273f876452236ce5;;;;;;
3b3501a6f5d259b498722d93381fc3fa;;;;;;
d95b21688e8d30ea2f48716ea3f1f6be;;;;;;
ab30b3741c92aa365681970ea5383f4f;;;;;;
d75137ed29715720ceb5f93e2556066a;;;;;;
06a2cd2252b190064ed559feffadb58e;;;;;;
fce0937fcf251e53052f188f13a5fb07;;;;;;
b6088c070703ba6ce3f9ab951ed0d94a;;;;;;
3849eebe3909727976d44579f9f0de0c;;;;;;
be56c2e3d6e91e72ae48d956dfe5968d;;;;;;
6f724d4710979178b5626988673deb5c;;;;;;
08584f01e036a801fdebe329f169d81b;;;;;;
0585e37166d0c21323402dc631d2480a;;;;;;
a38de02daca8c3976c54012c5c2fc031;;;;;;
60e107d0f1addcd28cc336e349da6aab;;;;;;
e4671b09bc90fd6b30973aa71b4e1537;;;;;;
5d8bc85771ba08e3fe44dca62d9befd9;;;;;;
339fe24641af74d532d07fde62deacc1;;;;;;
b6b8d070f30a6c20052e96dfdab0ead6;;;;;;
0a1b4f6e967f8c1cbd3eb964900530ef;;;;;;
21850cd0ce0c35b10f9c1f6a66f9b92a;;;;;;
3240c97aa85cd2ee4dcf95534ea4ccb2;;;;;;
b7061c414a55cf7d4dd7db4d076cf010;;;;;;
7f01f1f12165450cdb4002dec1260b78;;;;;;
557e8fe296157727e1af4ece5ef436cc;;;;;;
edc28ec24495ce352ea4dd838ae197aa;;;;;;
f3177bac94fb4c8389b5404e6cf80ebd;;;;;;
5dee6e5987b24d171aa745c5190e8e98;;;;;;
2cab06610d24c4232ae9662de037805f;;;;;;
608ad3cc9da99349d3de11ed4ff64f1e;;;;;;
2880aff8a6a0a84a10b25f5a60a3fc21;;;;;;
45fce6f30fb8461516f8e872fe467491;;;;;;
1872e19a871dbabd29d4f4367f34cc6e;;;;;;
034bd820622ab14c5f85046fd17b7a9b;;;;;;
0b28dbac2b42618ec8c9164123875460;;;;;;
51a0f51152226e971aeef48252fddac7;;;;;;
8ae487fb5a91c6f2abbbaef1cb2b4445;;;;;;
dec9cbed054ab96b480a558e202b4cf7;;;;;;
280f1f1bde2540dbc135571da80e6912;;;;;;
dfa3f7fb95db1347091d242090f99346;;;;;;
6914cf5e71a490befab6895f6204a305;;;;;;
16d16cf68a8873615a82fd3d5da214dc;;;;;;
b152fbca6a1c7cae91c4877dde641653;;;;;;
0a2b0258f85028c9da805089ef550526;;;;;;
1725c5594b1bfab57b4b87d180e582b5;;;;;;
6e2d43ac17b52016deccf4e51434a56f;;;;;;
a6acdd9c1f552add48cb661255bdeb1b;;;;;;
45a9f94e1a86cf0a9448e5581cd27f0f;;;;;;
2bd7b24eebfcc34ca8a8f52a2df8dd45;;;;;;
5ba834670c04f992b61bb19f4342ca56;;;;;;
23bdb614a8339cc52e6549af4302d7aa;;;;;;
b1a88f4301e8f1d3975b9eb8776d7013;;;;;;
a672f9660714a66294549598c5bd29cc;;;;;;
9387e2a4baf72623e8f625e2c3f6962f;;;;;;
e87fee98c8c6f46e37419130c68b73fd;;;;;;
3276be776c0ddd6409cbf8948c8cd574;;;;;;
0f46c27a0098da1944198971359e7bd5;;;;;;
5c91fea1358d846874ea81c94b59bfc0;;;;;;
50ca1331750b7250a3f5e4e3e191038c;;;;;;
f062e4f568b045f7f4259b87f106c4f8;;;;;;
11b2a3e8f8f85e912f7b2ce61672902e;;;;;;
4fb293027f2e1f90c86b79558939ef08;;;;;;
216f34514b12e231d3de3c1d0f8edc3c;;;;;;
6dbd5ea8ad96f02de4b97c32383890a8;;;;;;
ced6477abca1ab0b50d2c0b4ce9d9fc0;;;;;;
042374be23d2ce22f46e8b805f654d82;;;;;;
1de6bbb53de3fd45da95052caee6f0ba;;;;;;
3e13157a8daa0506c739bbf2596e25dd;;;;;;
ec9fff686ac4878ea11a138cbac2dd71;;;;;;
a00afffe6bf3b3de1716e6317b411948;;;;;;
84443b86d4435dad76a9beeb804f1169;;;;;;
d590fb48a21cd6d99cabe1d1b4187e6e;;;;;;
2d8df2204347255d373cef909a761a4c;;;;;;
8dbff3b41fc7554f5a0253c8ad6db9ed;;;;;;
c26594dc922a9ace0fde6b0e54351ac0;;;;;;
7a4975a8214b343bef5635b7170bfa4b;;;;;;
2294e531a4e0aab86f20986e6d213c6d;;;;;;
41f1b44744afcbf007800b469c1b8fea;;;;;;
2abec2fc9d725be6acb186cbaf8ebd1b;;;;;;
e6840071782f8c4fde33c9d21b41bda6;;;;;;
395af6b19555e2bda73ee077c65f1188;;;;;;
7f4d7b8a5bc6185e574a6d9e24411c84;;;;;;
c3cf09747d1380c34eeff1184126ed2b;;;;;;
20100809a59722a718eec1873f54c066;;;;;;
26bb12da807490059b690bd69af208b1;;;;;;
bf25eaf588d91a4820193ed44a2e3b21;;;;;;
8f26f11d5f242108e34cf14f11e23682;;;;;;
1073e9d475e66937e60cddc6798eaa75;;;;;;
bb84259ceaf986e00793cf41d32b4f6c;;;;;;
e1d748bcf3261533a399216da7cc3c20;;;;;;
84ed7a90185c9475dc9fc118d7bb6f36;;;;;;
fccb418c428f6c182edf6311966fa09d;;;;;;
fc8b0b330c6b6d2237d69e3579bc5a96;;;;;;
bef01dd944e2d76a0f8a306b953639b9;;;;;;
ac0ae784f15e7a1da009ba6005d57c1d;;;;;;
9f8ece45572849ae49f579c20ac59b3f;;;;;;
8390ff60c253729877a28c7d69875168;;;;;;
62f076f552a60897e04aa2b02f3ace8f;;;;;;
e751b594a2b53b9f835fcbc37fe82dd6;;;;;;
61b95bf38a84e95dc76cb85dbd3a104f;;;;;;
0971fab032daad10786ed6292705cb9a;;;;;;
f78c1aa21e4f80025c657ceef4676662;;;;;;
af5e6c00317347656198248c6f4c5b57;;;;;;
0427cab6150d7088722bb51c04a7c44e;;;;;;
f41129fc07d0c5c13c768c39f9f864c4;;;;;;
94f24705ce8bd9ad922067a9065889a1;;;;;;
08ad9129f0a45ddfa85469cd2cfff95e;;;;;;
dfc5220ef4ed61c827cb1d4ac5ccb96e;;;;;;
fee862532730f400127c85f8feac9569;;;;;;
6c723f06cf19cd2657d7442f1e3c4761;;;;;;
8af6c6ac56fbd81c13ef2eca6acbdc8c;;;;;;
359562b0fd7905d3590dafa8f211881e;;;;;;
30f748e028a75ed26094954024626fbe;;;;;;
ad0cef51aea8fa66ef8a747c25c7e3e9;;;;;;
8f1371edbc179b405b3df23f9b5f6ad7;;;;;;
9b891c57b790eb5ea3384e9aaffcc206;;;;;;
480e141c4230ea130b2c71ded88ebf3f;;;;;;
66d7f46ad929c20cdda5662dc02a9f3b;;;;;;
85e9128309a70d81a2ddb905c1a52260;;;;;;
b4ace8b38d2d7b0a6527be2fca82e34e;;;;;;
69fb815df0d67af950f598a4c0c882aa;;;;;;
962f6769d144e61ec853fa87682386fa;;;;;;
9458000454aba7df2838c354f8283a2c;;;;;;
99d23a5c862e2f94f96adc766db35cc3;;;;;;
e6f33c8f69a654f0ddc5d0bd8bdefb83;;;;;;
aa9e28945aa4ae096e2decc81797d37b;;;;;;
577f17f5ef2e4a041ab0d2dca0d4aaba;;;;;;
173de68039ce1f0a3a047288d697e442;;;;;;
fe3c110a701818631a6f52bda0e30668;;;;;;
9e911d5891cc611cac1d4422f135a385;;;;;;
52d5a78dcb4942b8b27b19bf722537c1;;;;;;
a60359d7ff323e6a22abe8f58d747c0c;;;;;;
2ad5c410dce17bb8c128c4a3f16b3ada;;;;;;
3fabad87d73f5c725aea21a9990c545f;;;;;;
4bdd4d6ac1cffb111799612743c66322;;;;;;
056a145226061f5640a8dd6260120207;;;;;;
ad20af88ac64cc6dcfc9fa5292be5670;;;;;;
b4eaf588d2d65a2e85e113e7931bd35f;;;;;;
4be57b0281097ea4db13d40326601c31;;;;;;
a0c70334be5298ffa5ad755ed6a93a1f;;;;;;
fea05e0258a7a13a14e156329e31fbd5;;;;;;
cc1e6033e4b8dc05365492ae06536a44;;;;;;
86df8310fae04cdb1ba10865ad9692ee;;;;;;
2e522f0b87525e31325664f6319ba6be;;;;;;
27043d469e75dd01fa91dc109092d113;;;;;;
082bbf0c3edc67ce2a47546b3145e6be;;;;;;
c214d38ff97b0f977a1dfebde2dc2b70;;;;;;
31842bcbb918e9a48c6ca04e00255b0d;;;;;;
bedc31e1b2b5965cd46209cafdbe5bcd;;;;;;
e53017e669031eb0f7efef42fa01d7ed;;;;;;
7fc01f512dbbff47e56e1b7c5ce32039;;;;;;
21693e3599aaec89d1b5c39d7ae575db;;;;;;
27798596a230e627eb1e17b109bfc4d0;;;;;;
5d2418880d7da0a75a671567f656e245;;;;;;
587c6661f51880e4c71b7f50a623f6c7;;;;;;
cbea11032c01a794715d91f977453027;;;;;;
8f556a8508e9692d2eabba9d48df2996;;;;;;
a866941d68a4971d2351b918b5ea13c7;;;;;;
ec3f73ea4bab08bfa71ff9f8b35875fc;;;;;;
af2dcdd300fcbc435b5a831bf7800967;;;;;;
0af7829db9412b4c0a572801e6fff229;;;;;;
5bc3cf5d5dd51adf4d2ba2cd1a96cce7;;;;;;
8c29de47f89882cd5f450d9da1dd64e2;;;;;;
7d8570c96bf9f13e5dd1b02966036ff7;;;;;;
b56c67c7c360da9f98aecbf0dab854ca;;;;;;
2d35de53daed1b0d7d60015cf9c2a4a8;;;;;;
185db339f5839b646701a4449a87a1ea;;;;;;
0e21f262d7e8608f749840ab538a8665;;;;;;
472abeb98cdd3de4305733fe55ef8e23;;;;;;
90446e3a8c5cc8b85ee709ae16a5a0ee;;;;;;
1f12e8572118fb5b28414b20975d2a0d;;;;;;
eeb945bbb3d9e859a798abbd4b3b7f5d;;;;;;
6a9f3d39ec09ca1df1bc505fb684d0de;;;;;;
96e026732cc19f3676da034c41a0f82b;;;;;;
94315a38fbcb7b88cf6f54102b58b1bd;;;;;;
dc903e5e8a8be80aa5ef18cf7d61638e;;;;;;
85750bddc915938fda25f606ce16df68;;;;;;
041671bd46bccfaa864e787a3320a732;;;;;;
7d90e7405f063c85b5eabeb940c91672;;;;;;
43d05faae6eb8a9591f0e86b1ff46577;;;;;;
c0e7fc4926b4ebb865b2532a2eb91b15;;;;;;
b3371327dc5b78ba1c40f4df5c64093e;;;;;;
61bb31c9cb1f1ac962c0e7ce08aac29e;;;;;;
1d2c5528c54e4c59eff0d78546117462;;;;;;
f096cfe34587c948cb83e911eb4bd1e8;;;;;;
10d74b72dafbd06d35d87c8a869cc12d;;;;;;
354ea51033281428b156bf89839efcee;;;;;;
af86dab1a152652984d76a3f6b2da5de;;;;;;
8943c38d2cbed69e0d403b5da0dfed3b;;;;;;
06b246f5ce753f3575843b35f062a18d;;;;;;
e261ad437bc120ced8ba983da6d75f65;;;;;;
c133511ab48806bf404d0f8f44e4d50b;;;;;;
1d00cc4c1eaa8f20190ef1402bf3a49f;;;;;;
74d23b4580ae105f80821d7144234b64;;;;;;
bbf725dada3d77281de0a80fa9f1e927;;;;;;
3def162b6d78065c0f77cb11f6131db0;;;;;;
3f3809147d653098d77a81c995e79f54;;;;;;
97579f574cd343727cdc970af7bf4625;;;;;;
e02572b13186c3bdeab4acddeae0b1be;;;;;;
6664986d61df5e8739d53a7bf37c5ac1;;;;;;
a426bcd0f668b8741e1990a6fa4214b5;;;;;;
0bb0a4ad170ccb3c63f0f1c0c1e2b2fa;;;;;;
ab9aab638aed569219d0efded502568f;;;;;;
36d8544c8cf096d5b7978671afa30773;;;;;;
6c1e21e255ff03c575b91b0e46bae639;;;;;;
75753e5ba209e6012e4cdde09adf771b;;;;;;
d2d66b8171961c633dff12e998226088;;;;;;
a1738f53a17bc81bbbdadcbd46007375;;;;;;
0b14b1832b654e60beb12de3ae047233;;;;;;
f88c3bf37e4e3a117e9467c5e7025c29;;;;;;
783be94f00287e97a6e656f1d86f5171;;;;;;
ee8c85d8af709a39a175ec4f45fa8038;;;;;;
288969465293396ac232a44250889c68;;;;;;
8a0d028dd90fe03e574233f669fa1a1c;;;;;;
6f0e1029520670a3075bef901d30274a;;;;;;
e20cedd99829fbaf477d51a125881496;;;;;;
5f07f2a0a5ab2a0a4a9e7467c2a07b0a;;;;;;
24a4248a7db1863f93bcab4bd89ee5c5;;;;;;
e706b78300e68c689240a76c4252b29f;;;;;;
6c00638b3099b384a6ebb63e01871270;;;;;;
fee3417ffcadf4193ff52776d34d3bd4;;;;;;
3a0e055f8b3727d60419649d48fc039d;;;;;;
9d018ef0b3512d4f4acf3e6a313296f7;;;;;;
732d7584ece79fced4a2ce302b70decd;;;;;;
162673b3bb995589b5e71ec5301ad48a;;;;;;
15332456e4b17de758046b162ef0ba7a;;;;;;
a7c7013ee2afdf15c46dd895f3df63b6;;;;;;
236c99bfc27689ed683a04061313d902;;;;;;
bf4e0f0600635e79a83607253bce75e2;;;;;;
0f62f823f7fdc92cfb2b4b5eb37710b0;;;;;;
678fcbeae5175fda6dd3d78b80cd6032;;;;;;
3f0395b8244d612a16f69bfc8ce91063;;;;;;
ffec8984aedb82ca7ad706deca89d186;;;;;;
7ad39710fd0b2e9198c325c4515be3db;;;;;;
85ed86117d4789de931eec01543c1e5d;;;;;;
1917956c227a86b16aeffb7532faa998;;;;;;
e3b6a6ab0abd57275bd99834538099aa;;;;;;
189666b51994bb0cc96ab4ac0127f162;;;;;;
8b3b301181593b3970a465174ab67bee;;;;;;
b7164fcf317f68fd38b5864001f1d76d;;;;;;
bb03ebf6ba372488ffb566b527718a76;;;;;;
102b50513d78f8d79a8589fcfff878bb;;;;;;
51b766519003dc00e2dc94e2b5577908;;;;;;
565943f783827d26f63073ba3e5cd939;;;;;;
09b79678b1872858ad4c80218e2b951c;;;;;;
29050f7f263aeca1b335fe0d26aa9e7d;;;;;;
064ff5123e0499a9cafb0a8123b2217b;;;;;;
d0456a0da0d20038d5e822209bcb8dbc;;;;;;
d777dda7ee158f2d3932ee783b9b8c67;;;;;;
b5f1109738ce8450ccb92181db576035;;;;;;
c938b32a5e7a71fef5025d3529b2adbb;;;;;;
3779c83b451e6f185ee8dacd4e715c6c;;;;;;
7ec9f69d8caecb3a75bb386397fb9d4d;;;;;;
36d76e6b8a6c1ac15ede6a911f5b9511;;;;;;
a70b1cb4ee28e4f2d949f104c0f85d89;;;;;;
a7d09b9d8bd928cbf3609d8ed1a67e09;;;;;;
76fabf8a1a52c67d37fcabb518d7193c;;;;;;
b12189fd8ef33defb9ffaa3b537340d3;;;;;;
8ef7d5986328a6beb6a32b09b8cb3116;;;;;;
8aba77eba6d56c7dcdc8b7258c1ccc16;;;;;;
23cdf876913ae11f0e46d4c924a96461;;;;;;
db3e61ec90f8a85214b094db6841b049;;;;;;
5a52d4c0a31066a6f1d76cae2d8ffc65;;;;;;
bf330619bc7b179c1b46ad5c1793392f;;;;;;
261d8edc994b2b1280c326bad898a8f7;;;;;;
4470416c3e7b22c9fbe7537aaead8583;;;;;;
aa56c6f02672822a6beb35d50bce6749;;;;;;
175c86224287d1b67a65d84eaada3989;;;;;;
aa019fc255731a8fc48d3714056b97fb;;;;;;
24dca7e5e9a0530af9587ecb6e0ea36c;;;;;;
b7f170a2540805bbd259f3b9a87a4adc;;;;;;
8b0c0c03d4069c09722c81ad31743b2f;;;;;;
13fdf0b1378ef8f5f9c5cc7272e13e14;;;;;;
4fb2e0bc8f25c63832eee4b37fb9e4bf;;;;;;
0972d4df0f758cc0326df39d20f39996;;;;;;
8dce0988182c3689cae26f69acaa2258;;;;;;
fa9b42a69042695adcb619389e703982;;;;;;
aa71f2a6608957f49fc19c3e0c56f7d1;;;;;;
1bebccb464c175d84103c3b99a451795;;;;;;
4bb3d5a4eabe97e6b425432903d54cb8;;;;;;
92979fb9de00d2177bbb9ed975dae38d;;;;;;
0e0ac47bf1e0d44307dc9a50d12f69c1;;;;;;
bb536d17f660673bfd7f2c15c63c2056;;;;;;
225a5e0d43453eda60e201cb3db87469;;;;;;
7094e89fe1c4c10edfb098e5906a570a;;;;;;
69dfff10765ef56696ef7754c5661914;;;;;;
9681689f38813f1b344957b73f71e812;;;;;;
3915e5ed0c7e1642507594fea877bd15;;;;;;
ee9b5a93bbd0397af46a84b929632fbd;;;;;;
1fd08d3a1542c60cf4cf5d1e3c0a79b3;;;;;;
721d5a6eeefcb9d25eea259b32befd61;;;;;;
ec978041958c4d2b1b51e495abc0e2ce;;;;;;
146b0f2c695d64844371738e88ae3170;;;;;;
d35874155419c8749e5f388c6bd664a3;;;;;;
81b006a623fd7ee3d55461e48249a0ed;;;;;;
114344a4a4f0248bb84566f3dd35279a;;;;;;
e6cc57cfcf879e5cc8d9085c3ca5fded;;;;;;
d45db34b5893653fc15018bd96cf2274;;;;;;
c733962329529a8f91f572eca8368894;;;;;;
3eb6e43a026572e86d277268cadc1ecf;;;;;;
402e5be76882029f10a3db47c59d7998;;;;;;
bcea90d4cb92579ee9c095efb8ba3f23;;;;;;
7e592a584d15096e0b39802c7089f9d1;;;;;;
b9e8011d5571dab30173aa81803a8aca;;;;;;
b7178a09cd59d7e672667d214fcb68ed;;;;;;
48d365b1c42de52bf1235a931f021d39;;;;;;
9f6092e43fb41bad39399e3e5bb9688c;;;;;;
7beade0053d045cd11b0d5cbd0fc48c8;;;;;;
f552012a132098b9289e44b327b15e9a;;;;;;
0a71da5928d2aa11ca93dde8d1980e42;;;;;;
b0dfddbe19bf94308a251f77b3230b66;;;;;;
50eae3078950e46e972b1a679953dc34;;;;;;
26db6c1722af623419106e2659dae61e;;;;;;
ce92ecfe608da62680eb2065017887df;;;;;;
f031d182e7c374efd1b610fccf244d15;;;;;;
1598ff9e671ff1b3872fed26be2071cc;;;;;;
29a085bbf54d2c7324624848534282a2;;;;;;
a1853a1b83142b84f4167e5bf75068e3;;;;;;
19bd04b9e380ae5444314eeaf57540a5;;;;;;
dc091eb07cc104f486494222d91dc7b9;;;;;;
51f594f4f88e2a1c923eee18e1d1e134;;;;;;
88a18336c5213ac92d887def85b44b7b;;;;;;
64e23d356a7262a4003f9ffa4ccf0a55;;;;;;
4745ec91d2b7b3e7f03b9324d9f4e59b;;;;;;
91852eaed238a1ee6b067b33e965dcff;;;;;;
fdf64e682efd856536edc3491c34c31e;;;;;;
805d7b2ca39480fa786df3183cba9541;;;;;;
911a98c921dd14da65d9700a6aeaddfe;;;;;;
6de313026abd42f44b04abe8699a404d;;;;;;
bb8d13b1e0bbfb03e68735a08f021c7e;;;;;;
2ee05d786980860907a04c5f9de323df;;;;;;
ba68b23c412446f00052611cad2881ee;;;;;;
ac9fffd519a2148be25a8470da72eb75;;;;;;
4d889de4f0e5a09939ce07bb2bbffab0;;;;;;
08b8ac5efaae981b97557b0bb49a82d9;;;;;;
a09062b4dab647c690e7acd587ae086a;;;;;;
370693f7dd5d03336d1f8fce6e128b42;;;;;;
3f587bc52a4d32bcf7c2fdb72356f659;;;;;;
1c8872c99f83d06efafcf1c074e68c14;;;;;;
ed758ccb1ab033693a361acd02e6b7c9;;;;;;
3daa244d80cc03b04767e9681e82e699;;;;;;
514ac6238a51b4450ad7d233d6524f1f;;;;;;
d5bc6d3a2c73cbef8d8f4dad021d867c;;;;;;
b8b25ecb4abdcb22092f5a4f353f87ab;;;;;;
fed81a4a3d3378ceeb4560956a663ba6;;;;;;
de7e46232c9ba189fe53758c0bcc106b;;;;;;
f487ce0e289d8f7f54626d0eb5bce1c1;;;;;;
1198a023ee7e570ff2d17d49ecddea4a;;;;;;
1a4c70e63c140144c86ef6e8e71805f7;;;;;;
6a84062c5dad6ebd277613242e3ffe82;;;;;;
c83bdc1586e4c0597049a2c9b83854ce;;;;;;
f777333b670c9e3908d30a4f9b015279;;;;;;
359a0ca2be2046d4c3bfd0c665f9aace;;;;;;
8ce447c1e82a7238df5f92924dd2e421;;;;;;
23ffdac97b501c9ecd5a9282a35b104f;;;;;;
dfdf78f75c137e74c8e37b87b5872c04;;;;;;
4cd11024bb0d6522ccd01045e46928a0;;;;;;
3bcd75b41eed9f08ba7e996f9c8988ce;;;;;;
b95e773cbf11ce6ef227d878bddfda3c;;;;;;
b2732365713bc210f753b9b976fc00f2;;;;;;
906c5468da9026ff847b1e6d8424be92;;;;;;
dc3d6be297f57c1048f326933c98a348;;;;;;
b4c9acbf005a41d610b7c7569433edab;;;;;;
8a5069af01a02bf65b389b10bd7d5682;;;;;;
bc3d88cae8da34511b2f00187dd28cd7;;;;;;
4a7930ef2732f6d3a355545d777dbeea;;;;;;
2430f32d9a23908ab8f337157002c485;;;;;;
39bccde2f35e79051faeb3d71c56355d;;;;;;
96793a5f43fddcb2a36b082a9e771771;;;;;;
b81b4a5fe3d45c6fc9ed1759152a2eae;;;;;;
4c0c6a24c182a83bda13c6d0cf50ff18;;;;;;
6961689456a737b989180c3b8be44a4e;;;;;;
cf273c9889e00e8fec0de192088efaf9;;;;;;
fc7c5b08f8b9c6871595a83addec6abe;;;;;;
ccecdf4af4ddf3bcc73baced632f069d;;;;;;
d71c0a88e29dfd927c08e5e63e53c5dc;;;;;;
a02266cbe012a4a665fd1257c5b00e95;;;;;;
90e4a8978081036a4bcfbbe068cb94ec;;;;;;
bcc4306b383f26d17eaa7a2c042a5e2a;;;;;;
a4e6c5df4d0870119d896c7704d7b3ee;;;;;;
40706e931da618df9dbe7cde461a3eb3;;;;;;
a35d11d8fb68cb2383cb50afc19192fe;;;;;;
41293cf0727994127f35ff8ff2b68007;;;;;;
142387674d11e5a5a9fc5f04770bd15d;;;;;;
1ced50016767c8f369d9de3afad14445;;;;;;
83afaac3564d94b54733c405f7cf8b87;;;;;;
5005361a5c9e9c014fe684914e5c94d1;;;;;;
cfb16d40943a75cc93bcde074f1a8a23;;;;;;
caf97b36b0e7b2494d485fc2229ebd7d;;;;;;
f6f7fcdd32800a198451aaa4f1f607dd;;;;;;
92e696ca1f81ae851888463ccdc24ea5;;;;;;
60e34a49fc7081e6201313fd15bd910d;;;;;;
6688131a8ece09313c214a2ef89bf6f4;;;;;;
2e755a81c083d8a8466ba434bab21592;;;;;;
85b28c4f8db0be26da1b92d1593c3900;;;;;;
ad4151926564e1023cd8a81dffa868fb;;;;;;
2e20e4c60ca7d8bcb5897fe741e121c3;;;;;;
c08c5e6e197a982be6ab7208326758be;;;;;;
430ed8092a7e2967cfb69c2014b30932;;;;;;
de153e8d38d5a5826eca958f4ea01e93;;;;;;
7523c7d767372dab1542a6385cd6e3a9;;;;;;
5c3a6ce0be5c84def594a77fed20c4e6;;;;;;
7414f05c0bfe599cfe12eecce45326d2;;;;;;
c25e2285bb0e12e363e4d42a053bb817;;;;;;
39ec5830c10af3df8a7c2263c96e3743;;;;;;
74b6e8ba58302b924ae65384bdfb3d8e;;;;;;
8e8bc37db06aeb30c672c13e1fa57cd5;;;;;;
7b3ceffa406d9d62ecb897e5aca62e4d;;;;;;
9828a97b7f580f9748cb2483dfa101a8;;;;;;
edc8fb9a7b4f68003dfb75dce2db860a;;;;;;
045075694febf11fbfe2f17ecfb08c7e;;;;;;
d5c5af46315a47d87139d650de6592e4;;;;;;
d37b482ccd7e548982ca89fb80fe49dc;;;;;;
0a41c11557aa9864d51491f3103d3206;;;;;;
b51433e635642fd96035e5609b644658;;;;;;
e55474710d18a1366289eb04e65d3b3c;;;;;;
761ac1fc1ed8d2a93e3369104ee6d259;;;;;;
4ba6f6cdd296fb7facf5fabbf4be085f;;;;;;
1587f97a1dbbe4801f93518d8664e7ba;;;;;;
8188afea40bb381841dfdfcccadb08a1;;;;;;
8fc8dc30b96de42172a44dfb1b79cc59;;;;;;
7bdf7e482f22317b5bda57e2d443bce5;;;;;;
e23a3acf914062b3f56368851954cf43;;;;;;
4024a19ec63145e8290c89b507c25ace;;;;;;
1c80b142b208fda6ca71042323ed45bc;;;;;;
2e1c818e946c057ac0ef39be797a47b9;;;;;;
fbd9c5f2da14b0b5516603e7efd81a83;;;;;;
4d5bfd08cdab41a1fa72dd5b053234e4;;;;;;
45a5b522ad9bda80c75a0d4fbd503f5c;;;;;;
9fe732a0d167a09bdebb3295cf426ebe;;;;;;
6e61a5c13deea70d5a2f43d481d1f338;;;;;;
e2b6030bdb1cc3a693cf26ae74818464;;;;;;
729e75928e4f9d37b4d9b0dcb1c50d47;;;;;;
10d94ca656fcb548e620588245c1acdc;;;;;;
ecb58a85f35633a03b3eb27e5a9f7de9;;;;;;
a1c0da891f82cea471493cc1f2b2fa8b;;;;;;
626d2f5bc09269a2659d2ca69089a168;;;;;;
598e280f2aa29bffb8cf25064dacc951;;;;;;
140a274eea4457eb41a83e7ef87a5392;;;;;;
18816616dba52547b7fdf1dc58b1d8b2;;;;;;
1bc6c97d8ea8ce1c12e35ec8cf71ca40;;;;;;
e3669fca776d732681d5fe21cc7f0dda;;;;;;
0d4accc0d171c4af4b1152462a7973cc;;;;;;
f4b357f581b1b086a2dc9f7c81dfe677;;;;;;
48f0136848ab77ed3d97fc18d371ced7;;;;;;
25a7f9c90097ca35f6a7c08b5cefebec;;;;;;
9464dac684f6bf01871a0c4b20c83b64;;;;;;
cf5a92e791460dfd2a09f8f6487406d0;;;;;;
ca393e07bc78c75b36f4ce0ea455b6d9;;;;;;
ec97a3c8af0d5009a86ad6687cd6f591;;;;;;
28687165cc55e9bfff276bae73c65a1b;;;;;;
79764e82958164019d4c0fdc42cd9c95;;;;;;
06b37757d13e40cd910f2336a6206804;;;;;;
af67d05a4495eca4ae52af6165c11258;;;;;;
c18ea1812f1a3fa08365992cb4aa31e8;;;;;;
0e9d7db64ddb0e025ecd345000790c3f;;;;;;
25708acc32957cb7e0b90c05f728ee29;;;;;;
1ecb10f4d65e5c9077cfb5a02bf9dd94;;;;;;
8039c1cddda70167e626f9754a838c69;;;;;;
6238700833e032d4967adc11c3a6025f;;;;;;
714f0474b76147365bc200a97bfaf080;;;;;;
1e8e14cf681e041bfc025001f63de347;;;;;;
b9835cb87f108294025d72c8d0973621;;;;;;
1235cec9efba1b44c58b31b30d881322;;;;;;
8c5872115c1f1df635d9b70a376ab527;;;;;;
e10de3b66e5b63fac7a65265c320a204;;;;;;
b0909fa4717b71164d6f920ee1c8795c;;;;;;
0d1d29f495fa96bab312679f1ff21db6;;;;;;
5c2319053100bfe525b9c490d83e9d5e;;;;;;
493eb0fe316796d86a5fc8304d961bd5;;;;;;
31c05ab3b081ac7710f5bbabdf2f9334;;;;;;
a8a4654a7dc93b9693c899302703de37;;;;;;
f6879c6a96d56c7109b37b2a5d3ff679;;;;;;
8f1d251f992649342b39d120761dba9e;;;;;;
9f03d3e6a94e2ed50810d0d1619fe3d3;;;;;;
c8cd1731db1ba598d673e902c85b8302;;;;;;
9ff0dffbf12e796e96504c8254237958;;;;;;
5262afa6a85fa1524a0ba40e1c244b82;;;;;;
d309d1e6f6e1e3728015758d197499b6;;;;;;
59295651351ee2196aeda44b7e14aafa;;;;;;
8647e24be06cc830153b817669c8c227;;;;;;
fbaa0b5e77549906be87683895cc63ea;;;;;;
807aaa4eb0332d8e14eaf4aef9539154;;;;;;
706c299c45acfce5ded719f59dbba41e;;;;;;
52aa16f8ec878d001d5605f69278f9de;;;;;;
78580b7426d29c8f66729373638ee730;;;;;;
ebed653bf030fa47b29370e95a6773b6;;;;;;
3274b2f4fff3da401108c602531a27d0;;;;;;
390cefb1166695cd76552f5063943f73;;;;;;
bdf9ddbf08fdd41059679b7131def751;;;;;;
3da5010a953b7179b1d331e60230c7fa;;;;;;
1691c83c3d69dc7a2824d9a85efc9483;;;;;;
c97bd4b40d419ab8af21be93079758ea;;;;;;
70e3e30c43237075289a02843d40d038;;;;;;
f60989882356eab1e1b06257f9acb8be;;;;;;
dc3d3d5f7219616e686b91d3a05b7e69;;;;;;
d516b292d34dea2f57a6fade8b2ff5eb;;;;;;
a4b3da3e9ece3b96517d25d73ccf12cd;;;;;;
27a1b453d27aef14f7b14399e884dff5;;;;;;
baf0100f25359afd01716c7f8b147517;;;;;;
6e4b8ce7de464985ff2ff521c4acdd74;;;;;;
634528130f35245860a99e6c979f5d4e;;;;;;
2d1574b24c27ee493ab415964ae013dd;;;;;;
698ea383fe95dd824d7aa043d3f5b18b;;;;;;
c9618468ed954442e460f09994eb2476;;;;;;
6faba6520d63d01b98e3ec1594238f0a;;;;;;
3dcd9a093923a4f84400e4b239a8f9db;;;;;;
3aa67824eac0279cee24f94459dc6d98;;;;;;
22c887dc1aead1531f96369c1fcced09;;;;;;
1e1d0f4cba324ffa7edfca5947b656be;;;;;;
a5ff4b12323d5ba160be3c4572f18bcb;;;;;;
e5e49e67895cc0f59dc4b45f2ca08f8c;;;;;;
a89d4ef0937312ac4fab690e05b0a65b;;;;;;
c88df3194d6f214165497022e961b485;;;;;;
bb37b26c719b4c387b2f5389ebbbe6d2;;;;;;
a2b33e2e3936c5ad1bfbccbcb1fc649b;;;;;;
b69bf9aa6d4a665b7e7204ac2a9314d5;;;;;;
6a83801764e1ab02253f27214f7bf990;;;;;;
4d7a1675a4bf4677dfe909f004997408;;;;;;
4112487787b5fdb1eee31b8fe72021ab;;;;;;
d7c766dadcd2aa11b3ed3f4a007ce87e;;;;;;
59f09f5265d81f47ab743651ec792623;;;;;;
069f95eb7b536926705e1659ae4ab135;;;;;;
1e91cedd990fc5e7dc97c0dc76c1a983;;;;;;
63920c04ff8738d9b85594954809af68;;;;;;
02885492f19fdea2581e1c13e6aae1ef;;;;;;
2079a1b32788fe0add50b848834259be;;;;;;
48a893b2634e22754fe8d89551668e40;;;;;;
27ca1ee746de7af82d29a76be4d86f20;;;;;;
69e9ee99a0f4f8c6913df8ec0f7a2ff6;;;;;;
a4e15300b77d48589e6a9500307a81ab;;;;;;
07243aada38555b4f807ce61c44d37af;;;;;;
4e5a4781205bf9ef01d3a06ede01af2e;;;;;;
e6a4154e9cc788b162beea0e7aa0ef41;;;;;;
80a627bc66fdfe2ee52ebcaadc1087c6;;;;;;
3f7cca45d24052a2f13a5ee7375f84e3;;;;;;
49d6e3626a19e91fa8c4b0a2d49a5fda;;;;;;
dd27ea00cc97d32849511d76d3723a2c;;;;;;
731e6db165e99e6db5c42b191189661f;;;;;;
e0b2a964342a521ed2defe9f18d236ef;;;;;;
8e021cd470c487ff5f60af05cdd12c0e;;;;;;
428565b735918d9fa49b77cc2c41cc0a;;;;;;
f02f0ec15622b0c39733f559110fe87b;;;;;;
d8d0f3df3236356ab8f10bfdb63aa057;;;;;;
8760829f03b890a42de5e2d912bacb48;;;;;;
07eca6885737a34b1fd4330dbe1da39a;;;;;;
c8e89bbadca556afd0cb170c4a9f275a;;;;;;
9b673c80c6ebf3c3d31ff8727ab4bf15;;;;;;
e96ce34a663dd7872f6de9ef1a771f22;;;;;;
cfc73228c14999d287d9a2d319080c7b;;;;;;
527111b12d67abf713e88392cad233bb;;;;;;
f7b65b4fb8f61ee7ea248a505312245a;;;;;;
ad9d6afe46c8110aa37784b1d27c6909;;;;;;
6b7dbcf1801f4410d16f56480cf73456;;;;;;
5c3f35a9b6c1122b8347c0c32e142819;;;;;;
7dc59e265a9f1ffff56fbb4ad5f89786;;;;;;
087e9c319b87ed3df984b25893e79467;;;;;;
21ee857a6914526228fb48c87834d085;;;;;;
e8213abeb6e5b8546f6e1565fbe2e036;;;;;;
457cfee51a5d827ff2ac7247be178180;;;;;;
decf36b2e483a7ee3763dc4ef87c8805;;;;;;
5d8738e01c61d42b2c1d7b1703169a4a;;;;;;
a56c120180bb83259eb13ffe507af7e5;;;;;;
111ffb61959d77429c1ca987f5494687;;;;;;
4525abfc999ef94befe950b07b624ee1;;;;;;
6500d6fc4f615f4c7dab08d46f6054f2;;;;;;
3b64b2f54c93b136c3dcdcbd8693a75c;;;;;;
d51fc3850dec6bff894f933d8b3a7954;;;;;;
c42847957640e6914a0b2e329fba8b90;;;;;;
779ce5c8be17091dc1e6112de29e32d6;;;;;;
d0f51574316d74bf2ea3a945e913a6c9;;;;;;
e4ab3f4157c235e590acca99fc00dbe1;;;;;;
08cd4aed50fbb6297299214a27799c37;;;;;;
99976efe1c386128bbe3ca8c3deebd31;;;;;;
e8bbe8615da13b1c64880bafef794bd0;;;;;;
4f0bec20fe6ab4f7f2cd2420afa74b74;;;;;;
daba45a7e56c3e593202eed8e709af2c;;;;;;
80f2eb6c0159fbe66cee4ca2eba39769;;;;;;
e17e48fe51e60b6396b45b7ecd2c539b;;;;;;
a50614159cdf65721fad35ada2f2c0ad;;;;;;
eabc29c3ab5133f7a5984146fc89c0f3;;;;;;
30e32a34668fcbd3453ccf37719836aa;;;;;;
19d189b6968e3889472e36d91d20170a;;;;;;
1729801d2e4d320e789183a02f4fdde9;;;;;;
20101b531ac12dd404bc3b6945a64e17;;;;;;
02cb27c7ce0cbea38b76bc98e9c54b93;;;;;;
17890b6116688c6cfdaf13e447777153;;;;;;
e98438332b723154af9f84af795a4df4;;;;;;
511d556c43d2791f45f7e747a10f4d08;;;;;;
01b815cfebe5b08fdce5cf902e7090b9;;;;;;
88703532e902a5dc142a31417f167b06;;;;;;
d167ff154e22a56f911fdab23d6a1cb0;;;;;;
7778a7a18bb1b9743173280408c8ae0d;;;;;;
f5e08ecdfebb0f2e162af9b15bdd1132;;;;;;
c6c2f1a426117097f5395e9a06b9a3b4;;;;;;
21de092c663bb69dfa8a73185337873e;;;;;;
e8e4cdffc6bfbd87bfe6b8db527a39c8;;;;;;
3fecb0cb21f9792d61705a085e03951d;;;;;;
b76f93ea2b8cd6a1ee056f77bc499289;;;;;;
21475fe5867775ee82882cb40df3a78a;;;;;;
87f75c1027e9624dad2d2b551ab6c646;;;;;;
84055950625f2a726fba4fed962245a1;;;;;;
9a120801b52939f41195f135610beaa3;;;;;;
b854a2f655e97b255bbaa45f292c7ed1;;;;;;
33fa0aed9fadf713256760b8ce380dc0;;;;;;
90410c456712d1aceca32a12b35baa3a;;;;;;
88a863653d776a4f226332f54ff7f77e;;;;;;
6ffb1d50e93f70fded9e7e4dede6e735;;;;;;
21acbad74b83574d105deb8f1263df39;;;;;;
743a63d2b74c59b5a96f5fa446fd197d;;;;;;
0b6da1df8e697f9cdb9efa4ce3237f09;;;;;;
857aaa1ea14a7a3518da91bee82ca007;;;;;;
971df9a6940e64c594818b440129bdfc;;;;;;
6038b07611617af26f09f62c736e8766;;;;;;
03de501ec150ce1fbc40ac8929c803fb;;;;;;
9efd6bfc60320b536e4537b25b954fc8;;;;;;
f747a7146e2d6bf0dfdf90a4388d3289;;;;;;
e7942ee1c72e7fccf6a1d7f4e12df2bf;;;;;;
660b85f5566dc019bf98a4954eeec178;;;;;;
3b4b964e8199a572b9a6fd4ac5db7a62;;;;;;
361253fc860bb6c4e7a1a49fde21a6b9;;;;;;
f754e709b15d9821b7827a4185646f8f;;;;;;
0091847a8c21a1d77290d15ea3e968fe;;;;;;
59b50e17177b08430a3d4a8413036eab;;;;;;
21b640742a9da9e368f9c2d0e68bbe17;;;;;;
37af21f5b15184b7b82485c9d23e28fa;;;;;;
309813e57063096fa57c50aabcfcc273;;;;;;
55765356dc439c261e48930d13c88552;;;;;;
b0df8aacca45659c2f860ed4b26c2d95;;;;;;
03ed9823e3a380f5765c7f7c63e49a0d;;;;;;
0c20273f4e88965347be312cb5ccf4d1;;;;;;
cac484bdae1e64664d941f5b532627a2;;;;;;
375bf09b7f93f03aed167ee85987b516;;;;;;
9654718e1d8e5de288fd9ed39acdac43;;;;;;
98f73ad6b1d254217baddfaf39e99c17;;;;;;
c07e4dc2d1bb014f7f1e1eec51101270;;;;;;
861ba11d77c174b024edbc9b3304b39f;;;;;;
0083532fc3d8489bc67f927220964361;;;;;;
4d3e7b2a2c0b8f0ed7a2cadbef600831;;;;;;
ffbf9112f439e16e9ab19fc697644ab5;;;;;;
a4d84433c8d6ccb4b49000e6ba925196;;;;;;
75758f4283ac62270779e49ee93fef49;;;;;;
842f62a32294ec72883520d6556194a4;;;;;;
26de6a9e7a4dd96e63cf4f099c9be8bc;;;;;;
da124acb20ce1dbdf20186d1dcfd3c66;;;;;;
8002d48b73dc6e488723f73f70849ceb;;;;;;
97bde43031f7eb64083fd8da9fa6ffa3;;;;;;
99dfe3022c2d2b6160134f0122e555b4;;;;;;
e651c35e71929e34af692bc303b70479;;;;;;
a13a0911a9a2408a71e07d5ef26e6978;;;;;;
85ff880e54593b6022b191f14c127970;;;;;;
58a6845477af2b639f119c3383a98a18;;;;;;
d881dc92d31efa9d05f16bfbf9d7e4e6;;;;;;
9b450f7abca8ad8fd9218082fcc132ec;;;;;;
be2ef16acb338908d66281284cc29a9e;;;;;;
0819f63f8dc74a3444287443830fd76d;;;;;;
1b7470920030e5669dd0e94339ee43af;;;;;;
011c0aa292eca48e2a030b5dfa7e2435;;;;;;
61f1e1d8866aa51ed229d427232db182;;;;;;
a246d8c24517547c934b880acdefbf47;;;;;;
8f01c29a1dbdc68ecf92940757643162;;;;;;
fafab979ae159e0b82ac80b0c8277895;;;;;;
9f77be18e613be4c40b36f7aa8c2ceb1;;;;;;
cd29df2aff31904bc6204e42fc5a9a08;;;;;;
888d23125fe4b01d79dd4afa338db06c;;;;;;
1ba704f3f9ee8b9833ccf862cc92e0b8;;;;;;
e6aef1635d311feeafe8354deb40b706;;;;;;
8fb113472175c2868f54e23989e653a5;;;;;;
6f8b777c8aad923dd4ca99b61ae4e892;;;;;;
7173c05a31073e36aa4469ce81ad0dd8;;;;;;
5108f99f34b6c720cdee43b39ad0df8d;;;;;;
bfa44cf138b5b47a303bb88964e079ac;;;;;;
474dd5cf69bab4fc05f6cb6a0816b38e;;;;;;
0ce6e072e27173eb48aad12413b16c4c;;;;;;
bb229656899ed27c9ee0901a7ad803df;;;;;;
c380f9e577361cba637abc0da7e7dcc1;;;;;;
08004ac55f4c1732eb2040386de2c3ae;;;;;;
02ae40143dc77f08f84a96f257c3928b;;;;;;
06f06697dc644bc3e1bbe0cac9aa61f2;;;;;;
2cc6608d0671767dc27e7c8abf9d982e;;;;;;
e17564fdc63d013dfc228b61dd1517a9;;;;;;
3829c9ee180171f348950129b080958e;;;;;;
7343623f8258565c66a9e79ee6589e16;;;;;;
2f6aa614dbbd4b87af34332c781ccf56;;;;;;
d3eee90197a2845c240af06b34186e28;;;;;;
d929846b884d9ca18f9594f4624d5674;;;;;;
327afb0946f0b36373156606ef4aa5c0;;;;;;
9b5634ebe74339e010382ef4febf3dac;;;;;;
98aff350ba9eb564baabf71fac83012d;;;;;;
c86916e3d5e3d9cde4b93e29466414ea;;;;;;
03a26d2a7bbf0b65faae85296a775d62;;;;;;
155604b718fe53ebbfd5629a56bf29a8;;;;;;
4ada63cddf64bbee0a4e25e02d4dad3e;;;;;;
2f9f63b3fd356dcb16b02d24a9d82daa;;;;;;
3872270ea7c4b546303991283bcaa960;;;;;;
6d34459dcf43090dd22a65fe1ad85da3;;;;;;
3d112c46e6119c7c40815a50d02fdc9e;;;;;;
5e11b9a940bfed5d0bac7d39e9c2fb7a;;;;;;
077773a09e52d4185f90ab4f71e61d15;;;;;;
b780a570b0e8214e261cff4b5480a231;;;;;;
4fb269caf73006485f2447f811d4ef54;;;;;;
e87ff09e0869a8a4bcd7c4c3a3aa21e0;;;;;;
4acd04073033379720412aeb0e1e8043;;;;;;
1f3a4e6d40ec1f7a0097e19b2a1c319f;;;;;;
25d5341573c943aa75ee471ce853b124;;;;;;
f3ca9712a88fc31008f76d6c6aed2514;;;;;;
55823f775c39a3206da5caaf9f9072d5;;;;;;
508b8e3ed1096cd1edad856031ec6d6a;;;;;;
d174123f2e2649f1eb480b2d4912ed4b;;;;;;
d77e54a7f5c6ff6cd87168ac3790f789;;;;;;
24a468784e7861083d0aa7b22c56bae0;;;;;;
f2a78f9f94ef26057f737273f409d394;;;;;;
0558f104380afad9a06d3d4786f3c03d;;;;;;
6ad8e0500e2b938b27f713be3903f122;;;;;;
0c6f71f6ddf5fa8f1388ae2a191076ec;;;;;;
b157a09a87a41be8bfea83e1a41f084d;;;;;;
ede1efdee8245112c8c4176bd05679b3;;;;;;
0375e5b405cb382499bb08c5d77f60d1;;;;;;
b40eabf066e056736a488f48d73b686f;;;;;;
5516603fe80c1449e364b899315a82a8;;;;;;
36491e8e83690544ea13c05db5e527f1;;;;;;
d9031598ce1cdc2b8fd0d4446cad8ef5;;;;;;
ea8215c230fed7ed4bf38884b0a97ce9;;;;;;
6ec624271ef573498601627f29720d9b;;;;;;
dcb5b02c193e73e6862a2939d742f9d5;;;;;;
f7ad7719590146b0a0aaebf46ffa7b19;;;;;;
0600371f83aa50cdeab38bb226f60603;;;;;;
8d9ec078be93f2334164f766927909b2;;;;;;
9fbd33372f613f8fb91449a6a189f01b;;;;;;
64c3836c46102e44836feabd3b9acdc7;;;;;;
e303a965427ebe08fdbbda313211759f;;;;;;
53ad128a7659ff7f776dbbf95142df50;;;;;;
06c2d9de7266d179fa79c179e9a1e5a1;;;;;;
8f4800f82beae9e88c348d0b9539372d;;;;;;
2a1466e1559768564ce075d63ea42129;;;;;;
34d4851653e4c4fe448ff2c50b1db363;;;;;;
5782c8eba56fda2c58d6782c0285aea7;;;;;;
bb603cc30012ce0c40c42f597d4f8658;;;;;;
f127af40933cdfa70b5110c5c2d39b8b;;;;;;
651259120d58da20b2c5c29422b0dd33;;;;;;
c18b83515a60bdbe1895fcbc999131e9;;;;;;
121aa328d693b2526cd46229003fd8b1;;;;;;
e64a0a63d392b65ddddd971d6bb87c96;;;;;;
164091066701c044f5f82388f142abee;;;;;;
9fedf8e8bc5fcf06e94cf717115e6faa;;;;;;
aee12e00aedc0326849f36465ca95de8;;;;;;
b01a54307e4560bbbadafc073e13ec33;;;;;;
1f1afc81eca3cb66fbb6e7dfa8850fc5;;;;;;
738af2ce2846da160d17bfbed797004d;;;;;;
3eae69e52d1d556e1fb3195bcfcf1002;;;;;;
21dbb03775c8c5b931e2c3ca11170e2f;;;;;;
e85b59ab551ff18ee6df0df44fe00fe1;;;;;;
5b5f024525f5e37c6800a5a5d4298d65;;;;;;
d110055a613795d9df023b9f35c9450a;;;;;;
31d329232da495e04da404f90f274dbf;;;;;;
ecfaeb608a2172a6491a5cc2d47ed74b;;;;;;
cc64d96998c9fabf4a8799d34a68d902;;;;;;
435af505666fc4b7eee575bfbb1bf2e8;;;;;;
18d5e07291b7313cdbfdc2fa2f3fd6e0;;;;;;
42f04116425e65ef4004ae561e441d9e;;;;;;
4929a65dca390f572d3fba1edf907c2c;;;;;;
efef4780a944c09d09f7e6636be8010b;;;;;;
ea4279ee5543e58080cc008fd7f1e919;;;;;;
4f301e57efbfd99f4bedb9fa370ff1cc;;;;;;
1eaacc6468ec1cbeaf0f53a042970319;;;;;;
567bda5496ff4d6b600c0856f3febcaf;;;;;;
6b32293458d3d3a320cfcc9d641c45bd;;;;;;
ea8b1c91d3c55f3eadd4e3cbbe7701df;;;;;;
9272ecb719ffaa72db2308bb9e8ad16e;;;;;;
17690ae9a1b192b181be74b82d14a677;;;;;;
5a96bc553b27835869bf3a5acfbae838;;;;;;
b67bbee569fc96c6923464fa80c9892a;;;;;;
842d6e6dadcf99f9e5766e47542905a6;;;;;;
0c7ab7de49fe1dd4704bef5e75f1b864;;;;;;
a9414373287b8a445f53f5788e0d2217;;;;;;
3b7ece8fb9dd3f05452096dbdd19ad8c;;;;;;
fc449c6762d59c30eb210b4dc697bd09;;;;;;
f2bc2c0c7756f6671249e39de13fa50f;;;;;;
3fa4feebb68d7ffb09167a781d9bdaf7;;;;;;
1028a4e42efe14db5e34c5e33d4857ca;;;;;;
97d52f6843dd5c56da0f66526d566632;;;;;;
1d5d8eb13dca683072b289e2324a1638;;;;;;
e0bca286c53a5caf9d535c4b9bdd1bf4;;;;;;
4c5b8353460f8dc65d0c887ab633544b;;;;;;
d1998016de79ded1d236de285568d38c;;;;;;
c631f8d1203ab2d8a813aefb15820613;;;;;;
9a1dcbe014ec76fac8036248866b0838;;;;;;
58be927ad9de02cdf9e48a92e83191e5;;;;;;
aab43e1809f15609b30688e278c80f71;;;;;;
f05915790a457d66780627f6532cb3b0;;;;;;
4e3ac121c4e1564139a5f8752478d87f;;;;;;
4074763995c483649a15c9003b46881f;;;;;;
18d3cf3a5927a378805d8ef5f5f701c9;;;;;;
781c8fd4b85112589a36ccf5bffc1e74;;;;;;
bd8cf0d190c6c83b31815e231c80aa00;;;;;;
329715fe22432b37a1066813610947e9;;;;;;
2ed24597ad04501af8ea80a616e6a28d;;;;;;
a79733769b06b022443b39307abd32f1;;;;;;
19ca7c2e3681243a9da50409369bb1e3;;;;;;
2fd9a936a4600c172647f267cc3a0c88;;;;;;
2f5e0210030463c608e13482e30a72f7;;;;;;
ff975f64747f9fc433e73fc25c7e8cd5;;;;;;
b0e7641c12273942d20bc8d0a2949ae6;;;;;;
aaf0eda78fc5c683488372ef56112f7d;;;;;;
4c9382889f258a9d3b7e0307b7da9a09;;;;;;
36fc092c11b22ca0caf9fe72c0aab271;;;;;;
72472f9b8571b03e23f40542939eb67a;;;;;;
7a99efac0b79f233531fc735a4beb5ff;;;;;;
32b49b88829dd7e175e8f0a56fd51883;;;;;;
d3db641cf124bdb2dcfc7efed84fc78c;;;;;;
9deac1652ad38d608b2e7785a8411832;;;;;;
6451f56b5022c5620959e58ef74488e7;;;;;;
76064b296fb9833bdf3da9023f4635f4;;;;;;
c6f1acd2cb338adaec01c0cdaedb46a8;;;;;;
433523cdbc9c5076e01ec8597ac7499d;;;;;;
5da7b8030c98ddf283d87d822c7f3a22;;;;;;
b3f32ae47b0c55223e7e492f9cc968be;;;;;;
0135f8932388ced2f313bd9211014a51;;;;;;
f2cf579d0f7cbae74e7c0daac40864f3;;;;;;
f83cc07aace76db594854875b05d7aeb;;;;;;
8b15c72f3122a6565ff4f6d2cb9b77f8;;;;;;
1505a3e1137888e506d70b63c973cfab;;;;;;
c8435cbdb10a6996febdb27d397733e3;;;;;;
be907c2f889254d554ba856b3f02c393;;;;;;
54fae47eae0d842e1e46e3b536def835;;;;;;
1f326494aeae458ba2e434a0dfd8aae8;;;;;;
df1e8b55286d23a34fd668652226d91e;;;;;;
db45945bd9479c033273d06de9b726cc;;;;;;
22ca58a23feaa7a1ad47a1327b2dd751;;;;;;
94c27ea3e079517aa7766a8dc0bf505d;;;;;;
8523793c6a0a98cd249a2c529ae5cf6a;;;;;;
3c152d03d688cdf63e6fa0ba3c602880;;;;;;
509e9363d51b71c4fe81d452177016bb;;;;;;
fe179282d1a6c59136fffe0d3facc840;;;;;;
ab9aae420af251404a3d3581c8194b35;;;;;;
641fee7e58f4385e9685183c7926fbd1;;;;;;
233a044f77f3972e67ddd245588a99a0;;;;;;
efc6163e386c36946bd791d5a0d1ab02;;;;;;
0cf21d4e5a8e1f204c0af69ef36ee2ba;;;;;;
b2600f345ceac94a05f4d230ddf1f899;;;;;;
7ddecde29fd431bc70065e1ecfa7305e;;;;;;
1c2fa8df387b4a4199f76bb40fd355ff;;;;;;
102a9b2de9272f8f0f98771853662242;;;;;;
3e9097185a5ed5b61373b54a8549755e;;;;;;
d4fe01f49105f2b01cfe364de4166287;;;;;;
d62d8008ebb00f2bf87b9cb9fc38aa86;;;;;;
d9272830ee7a0f09994706ecf5e74b28;;;;;;
01cdf2d3ebd0af9072423e093f4f2087;;;;;;
f79a4c34dc3007031d398c9b30c1f1ea;;;;;;
76f35c934b42b77aec070e74c9ba8026;;;;;;
695753d5215a980177e3da1b59935702;;;;;;
eccc333309f229911a3224232303b221;;;;;;
1d9d3e211c77f31fdb8248b7a7e9f6ef;;;;;;
e7e948c4f8804a5eeb7102c0dde453b5;;;;;;
b6c225dbbe6e060c118f0a9925dd8285;;;;;;
d4dd0da612e8f2568b95e4f3a873107a;;;;;;
a1a764b8c7502cc906aacfa021db6d3a;;;;;;
79bcaaa34fecf743566e823708c1deb0;;;;;;
5178ad3d993314c68261fbad13dd3aa9;;;;;;
5048c9e82413b877d1490b41febf82d1;;;;;;
27bfe40b9420adfa47d352c54c1ddfa8;;;;;;
c3d68969b0c609fa1dd4a11ce9f37cfa;;;;;;
0a80f0da784f3fbdbec7d0aa86f3587b;;;;;;
b567fe15e9e86c1dc61dcaac859ada8d;;;;;;
54cc4750de4c8a8bedd19662204627e3;;;;;;
275eec2da466b9c78ea9d7a650deae1d;;;;;;
c3035639ad8353e8001fca38e87c7fdf;;;;;;
67dca0775edf27975b4505cfde045c83;;;;;;
71f7e35ee3f0cd6464990318ad81cfe7;;;;;;
127879e68d4f6e7c70fd6364f85d465c;;;;;;
6f68459ddd2ddc1151c4615032cc82be;;;;;;
3dbf40638199be05788333276ed0790b;;;;;;
7f7c5d0dcded0eaa8417ef161a3f4192;;;;;;
478a01eb0e9d8069b034e7a85dd2803e;;;;;;
9dbe2c53ae04d123de505992eed03b4e;;;;;;
357dc30fb85f114cc487b0f8be2ff2b7;;;;;;
7d847899e00680018b6eb46158e9f5b8;;;;;;
74522c1488f86a801c24b5299e9dc5f1;;;;;;
830b6d0865e457fa71e156600ca621a9;;;;;;
d2fdd4c8a569718b59c362b300c2de01;;;;;;
c5d997583bb4ddb26d776146eb062333;;;;;;
ed8d6e79b9e4ef724ff8875985946675;;;;;;
c1a48aa1d0138b6d158a36ea88dd7c75;;;;;;
db5d2919f96a91fc3dbbdba5553a7915;;;;;;
d57eaf296d014cf768b90f45cfa9a5a8;;;;;;
71d68a8d8034751f72d747b665a0fc9f;;;;;;
00eb5408d9708e5c36ae8a40d0f9a03c;;;;;;
d801dd0c828c8cb5e217e9b513952005;;;;;;
bfb6a45229d04a7a8dc2cbe8be72d0aa;;;;;;
96275894ecc4ebd956bdf386ec1e7103;;;;;;
b6d3ace4ae451499f38112b550ef23ee;;;;;;
e4dcfed1382944aeeb6a125c53d5c817;;;;;;
aab5c4092d31372bba7f23422b9b821d;;;;;;
85aab68fed1cd2022386af0bffaed988;;;;;;
8380f0c3117fa8878e459f2f7ac4b928;;;;;;
3c351a24327379136419734dbfa21d2e;;;;;;
1d25ccc9578d408ad2ed681dc6a889e1;;;;;;
45769313cf3e6f3ee8ba252d9f803c04;;;;;;
858c0bf28e67135488bdd9dbb2495e76;;;;;;
c5648d01c31761749eea54227032a83a;;;;;;
3ba9f4159b8427b7a79440e323ff846a;;;;;;
7ae44c0e3d376f59dae3b1aca23894e3;;;;;;
24a4c5a09480348af1b0e4f22efd82f1;;;;;;
f5629fd91353d0c30710aa5320df3f1a;;;;;;
524cbf80e76bf2a2bdf9f7e27bf3bc25;;;;;;
51a70b31c51bda1bb39aa10ed3f23021;;;;;;
e3fcf180035c1b641b6819ab4d2a2fcf;;;;;;
b2158857bb0319622179155b22dcd524;;;;;;
c197cecf6647405551412c9e908964dd;;;;;;
b5a394786980c08914c76d8b91b8eaa3;;;;;;
cbc43baeb2ae342fe9fa6d263604fe57;;;;;;
36eff6f906d4a5abbbd0014c19a03fb0;;;;;;
216b64c1f451dd8ce09d2da9e7493f37;;;;;;
77fc4aa73f8df7451d4de865e8d5383f;;;;;;
263719603e31d59aeda840d606516ad6;;;;;;
685d73327a99457d27fa9760ad1d5097;;;;;;
5c4d53b345fa196304d3aa114ce0c406;;;;;;
cefa3631c4402e9e8767ca0da9f5efbb;;;;;;
5128ce86c69bd228e379d34b3cf9fd3c;;;;;;
47801c064cb39f48327ae9d923fc96cf;;;;;;
1ba708b9f7b16afa4f9eac5bd127c21f;;;;;;
feff47dee2ae1c2e334db5992d4f1ab1;;;;;;
43a296ffdc6b5b0a4c81882d07040398;;;;;;
a8780e68ab91ef75c0e2470c7429a204;;;;;;
ef3508fbd926bdcf280ac7b0f5e57222;;;;;;
effe438fcaf68c9ee3aeefc0f3adeae6;;;;;;
de09009afb515ea8adfe5a49e19b9b83;;;;;;
cbe62c9eb8dd3b15547a0765d68a4816;;;;;;
f68290261b645de01046bbe24cdba864;;;;;;
6cdcd12d58dd2ec9d5b31656d45ec9bf;;;;;;
28f7b048220362cf2ead4210d6d3c743;;;;;;
eea67b2343b5c132b164195c6ae2f140;;;;;;
f39d84445faf8578c63c8c9f038349ab;;;;;;
fa6fc5fd55c6c091b554cabac466e00b;;;;;;
012a81351bfb469707cd0373c6dc965d;;;;;;
cfd8acc4b2f268f020f0f6ec3378e346;;;;;;
8f7be7ce7835e09c595bd3dac7f04913;;;;;;
e1f06f30e0970a782460e4b9b42c17cb;;;;;;
89a22f7d32ddc06c2a0846e28b2e3049;;;;;;
f62385d297661c94adea8cc96a37a412;;;;;;
bf4396bb5c6fd3f1652f9621960c8292;;;;;;
56a8776b259d1e9c3362ea9686446e8e;;;;;;
5c598062c8fa3d732e2636e2b1ecc6fe;;;;;;
985ba7d679ada66d513722d01a959977;;;;;;
f14f9f59df024b5dee2d9d50606dc937;;;;;;
dc592f8901da343f45e1d2513f82e261;;;;;;
2b20a0ecf1a1b17067b849b63c3d27c2;;;;;;
46dd887c5628b2f0d13576ab302d0df7;;;;;;
5444d4beb4d108157ae7e6aa91012dba;;;;;;
b8f66e06cdd976268dc6f23af0bb55f5;;;;;;
e1230a66cf290f394a54c83c248c0b3c;;;;;;
2200945b5beea02ef479304ca7c8964c;;;;;;
7aed94dbef054b3eaead7e087279c6f5;;;;;;
86821c9e149ffb71260efc7271634fbf;;;;;;
2a0024e802817c55abf9030ee67560c2;;;;;;
67acbe5eca5ac30dd11ba21b6608b7c4;;;;;;
e3ec26ef35a4d0917c8200f160f4861f;;;;;;
571105bfc7911b84187599395f9d89dd;;;;;;
f34093bd585325e396e469e1516c9141;;;;;;
2df2da8c4bc1888cb41af2a2c1d3de7c;;;;;;
9ead87ecc4d0a0d19b831b57a5dcf589;;;;;;
ea92058da0f7c6f3c721d363a1ca802e;;;;;;
69b5c1ce287930c2f3c6327b1557fc19;;;;;;
a0795834f97e2a91854c2aa4533b1f6d;;;;;;
ad9c461f41549c003322aac0c5b15c4c;;;;;;
b7b645e02af576a326c42ceed1afe32b;;;;;;
96d3242559118a24cb11d30695d6c130;;;;;;
4199d4a6fbf5a0eb3449de02366a8bae;;;;;;
11ba7b95cf831a32b157ff6480193fa9;;;;;;
35a8f3659e09761f4a89f69f2172f1d6;;;;;;
15ee633d07aa69c3ebbc31c5d13cc813;;;;;;
4dab21591a156747eccf2c110b228553;;;;;;
bfecb8041c3f855831acb955f7b8f6c4;;;;;;
bc8871f664e03f6a0f3dfad3e9b340f1;;;;;;
c8b6515dbbc7ac394a257623bd8662e9;;;;;;
f82499855ac4a470d829b14e01aebcc2;;;;;;
fda5588e6fc86a46ab75bd81b9bbd3f7;;;;;;
d64e31a79d50f45bec1e6fad2cb0cd76;;;;;;
04684279b9ff635ff54b38ab23f31031;;;;;;
706e116fce4b45953de204e91ada5b8a;;;;;;
5414e2a1af344950ca713e0a3b86cf9d;;;;;;
be9270f0e6ca55ca0d6ca2e5ecebbcf5;;;;;;
2afbcd8b2f5c8bd04644fbc2c8ec75cd;;;;;;
c7525d561587f0bd5f24636784498f32;;;;;;
53cb48076258307f04bc1de7674ec4d1;;;;;;
8840f5630bc751ce66faae0c1da0b767;;;;;;
0f8567f5a6891b670e3047bd8816ec66;;;;;;
91860b0d1848dff78b1fd9f345909338;;;;;;
3de1ce3428e895d18c55dc84e9459f80;;;;;;
67d7038c039762d55294b01f71003cb1;;;;;;
3240138efac74bd35312579d3319d93c;;;;;;
da9dc5edf1ce61b3ae12b816fdbeb484;;;;;;
b1bc2224c9825fd0b603134d77a14567;;;;;;
6de69b51b8c1d91d943d916a1de1631e;;;;;;
a2d7303356581fb43f747d4dc098225d;;;;;;
9055a12a4d28188f2227a314f6827a99;;;;;;
53bd840c11d053e05842b7bd5831aed0;;;;;;
185a15c0a4339912d7f494c683810ed0;;;;;;
403ed804bc566bad824bee70297dc632;;;;;;
17b5e67caf7e52b9cea795a9335afcff;;;;;;
7b9217d95e15a75b4b26131d3660ff92;;;;;;
290865c0f98dfbdf0edccfcdec165cdd;;;;;;
21a7cf7f2f507538421c0cc32e3f347b;;;;;;
cd76cd4cb1ea51fa135739d90b19e178;;;;;;
b9535a70f6e0dd6367a4ad781fe4b9e4;;;;;;
870b27cda81ff0aa18779e71fa947ab8;;;;;;
b933e544f73c4a757d5b4374ea38af64;;;;;;
4f1eede4eae577c9ef625b36949b9f2a;;;;;;
d2bc89a7be171ca56ee8fcaa71bb6642;;;;;;
5f06d3cc8515e40ab539b46d7f5ff336;;;;;;
49f3573f53569af52c97bfae3f0d9268;;;;;;
dbfac7fd7d31faefa6a50ccfc4635c2a;;;;;;
c9e839c0cb63450706daaa667d6b4638;;;;;;
c0f30769e193e1ce867f9666a5135953;;;;;;
59e23409eb132ffc8d9d436252a9108e;;;;;;
358cb017cb88044fc38ffdc3129b32b4;;;;;;
3260f01dc881cab9fe7f75e7de77afe9;;;;;;
5abd76635c4d3208d449e98db51ff66c;;;;;;
461967f3f8c544759a47ed06598db716;;;;;;
9a984184ca4ab9c50b0f48e6cfebdc46;;;;;;
d67b639c6e4e9c77a37cd47b48529a30;;;;;;
fc178e13eee61d5364d72d9d673941de;;;;;;
03ba32cda3e018df0167f445274a2c1c;;;;;;
091a062d9b876151a9fcb10674e1121a;;;;;;
0ce8495926ee22145956e3d3ccd8afa5;;;;;;
995aee538c33643bb84cb02259f1d9f8;;;;;;
53e33974e8b1d5643dab9a5781c3ff64;;;;;;
cc869fcaba6066733d28e848368b443b;;;;;;
847cfc99cfce54b9584b19dcf9dc7676;;;;;;
62400c58522068a484cdbe12577737cc;;;;;;
aad3c04859f610082e1e091eaaecfd75;;;;;;
9db2fa070b3758883602e194c9687cef;;;;;;
9bb2f80baf2858f6085fac8788ae1abe;;;;;;
4fced4a7d5bbd57c4748d750e8feb8ce;;;;;;
601fe4b7133c47485bc50918689153af;;;;;;
9958ca484e64a9e7e442bad495f9e288;;;;;;
b1c8a4d8fc66d1ab563801f23bd6b1ec;;;;;;
c110cdec4ff24d689eba9c1e1e8d4cac;;;;;;
5fbc55959f60adc87f4d04b492e6269d;;;;;;
180fe739c3124323b31109ea8864d723;;;;;;
f35a4488e8dae119f4b7a972e0a13eac;;;;;;
6f615c24870bdb52de053af47a938231;;;;;;
b2e9a48cd89720aa538e6a31c420860c;;;;;;
b7bec32a6c87ba0b9f55ac8b5b302ba6;;;;;;
899b3d2d1056dbaa7cde514663de76a9;;;;;;
3ea79aec10015d934e4413d1b487da65;;;;;;
cc5522c113e92a351c1e2b535186c3fa;;;;;;
063b65bf185212fb40f332b9cc754ce1;;;;;;
964b69be0ce2d2fa503dd8696e328c60;;;;;;
f02ff18562c017a7a5ef538c8cfd1b4e;;;;;;
ab91d8b08834888154071b1f599d4b6d;;;;;;
4a203f1b8144288313bc430ba9c703ca;;;;;;
5a18e596e1ef52ba4cc009b9503df049;;;;;;
a58fdef8e4654cb11864505131ac48e2;;;;;;
e64c32397e503111a24dda17ab0036dd;;;;;;
b0983757013628890960b1166d1976ea;;;;;;
f56e553fbfc2077d91a037163bd57988;;;;;;
68f75e65b62d71cb29e0d6662bfabfec;;;;;;
733da220e472d3056ad9ad267f6440b0;;;;;;
15023547c76ba7734277b4c807390a45;;;;;;
305d12c7baf2015fc46dcaf822f57700;;;;;;
a6328c528af9144a4230885242c9ab97;;;;;;
f5d0a781edf6c941f8faca7b6e1780ac;;;;;;
dc08d1089ceebb31100c528d4d94361b;;;;;;
eba36fcaba5710ad4fb34b4aeac9f0fd;;;;;;
19fc8fbb9236c60e2acf18dcbc02e6c3;;;;;;
be83e362e6c43b4ef7362c410cfcdb35;;;;;;
f4836edac27793d549aabcedc8b63920;;;;;;
8dcffb2fe8f6dc3adb22723cd93d39d1;;;;;;
bf4aec16aa27864505d4ef2411a82680;;;;;;
90420c694aa63dce14f8857a9a541a00;;;;;;
23a304d8bdee933b24a4622bbb9f4885;;;;;;
ac40d5e950630ce674a4fb7894af713c;;;;;;
5a6105b7a14e20c15da44119992325b8;;;;;;
3fb72b85b34e5afb4c2ebfc065fa98ea;;;;;;
fdf6a6ea4bc6fcba396949b0bf827cf7;;;;;;
e21370679f067b38abb1ed2c70c68d56;;;;;;
f23626ee3428a47c8d887f4641943728;;;;;;
f260a11923bc48c3b4855ad6b2f54b0c;;;;;;
ccbd59b993ddddfdf1b47594192894df;;;;;;
63709779c7b840f01a3cdf1e3eec7c17;;;;;;
ecd416c454f62bdc35ae538ee0ec730f;;;;;;
80d631483459062975161502b360eb2c;;;;;;
0c7ba04b4d45850d73f0e81c92e136b6;;;;;;
6a8422359191f6a3d5c6ad07ea3d0e63;;;;;;
11c70e4311ccf2de4cabd30b0f55dbfb;;;;;;
4da2c201ae01c0f0424c3ed7c4feec9e;;;;;;
f956774822d69c1453053e2636936234;;;;;;
206b43b1850f6ec7dcf26d5f7d71ca6c;;;;;;
928bfe6947a9bf734c7bb080ec85279e;;;;;;
57cdc508bc5974a51dfdbf28bdf906db;;;;;;
f328fcd2c30d1ba1b5eab98fab8e49f7;;;;;;
f3785e5b743ae53b7e72a97595a6274b;;;;;;
e9afc43214e35146f5644aef1fc6db1c;;;;;;
7a5038f851e3ae484fc630ae1eaf1c31;;;;;;
44a406f3b2868f0c60b46a1fd827c451;;;;;;
ce084ce7ae887941ef4831af71168b40;;;;;;
3d66d9c695862c745a381e7578b0adaf;;;;;;
12edf8146135386990b87797eed5c25f;;;;;;
7f5ce98a65dfe8135c27a1bb7bf457b9;;;;;;
958e3c1af51365c993b11ad8a7c770af;;;;;;
61f396577e72074e3403c0535f78754c;;;;;;
b8d5bfc1588f11cd9c717a7a5c1f8a3f;;;;;;
2161a25a56f60cc52f1a1734a1533236;;;;;;
884978a14c52cf4e7222807a9877f62a;;;;;;
127240a5750b0c6c91eca4975428afd7;;;;;;
4527cb8011843f398d07962129b94b5c;;;;;;
d469dfd4e8c38691440de85bb21c6218;;;;;;
b53dd879f73927dae0e1729f9859b115;;;;;;
36fad8bbfb6dcc91f7ffb90f6b28cff2;;;;;;
ad64c2de4197afde2bb9470e50165d85;;;;;;
a2a903599ed7d3cd6608f778786828d1;;;;;;
c3b8d629f1722a8a0365a988c781c011;;;;;;
4f725aa12c98c6aa802c0a70556b1df0;;;;;;
f1bcff39821a8d460c25f7798735060d;;;;;;
c25c35801ecea9249cd89c11957860b9;;;;;;
644dd590b372988e017fa91672592153;;;;;;
7c1db28ff234f316a525c853e83b91ae;;;;;;
d9566d3009be88a9a0418c239a51ea7c;;;;;;
5648cc312d8d0f4b3704280bbd135a97;;;;;;
8f49497d2839d4b542ca36ec55022f6d;;;;;;
e41dd1acfab04326f414f3c41ce4c0d4;;;;;;
3bb9174f26309f002fdbcf19533b5828;;;;;;
1b49988f6cff488d2f2795eec99c149d;;;;;;
af4d7c7202bec8a0c797e410190c0ae2;;;;;;
8fbb1628f1c7298064c3303efe93baee;;;;;;
8bbba5089d3919d719a89a9c784a78c9;;;;;;
ff6c384721c6a727780bfc388bf97a2e;;;;;;
ce35e453a9ff0527a4e4d9bb6821b6f5;;;;;;
2cd9b32e6b463b8afb0dba88572eba9c;;;;;;
5454b95e24bd7cca922890e9a8af0623;;;;;;
dfd1c689e3a190ff590ef19b43f36e72;;;;;;
d82365658e712297216f2d1d381e8a59;;;;;;
f98e13ca4eeae040b5ce71710cab714d;;;;;;
237883a44c436c5da785515b4cb785c5;;;;;;
7264e926050c8fabd938796b00075e67;;;;;;
e0c2f67a4e9459d18df5aadcc9760d0a;;;;;;
713611f057f0c1c0b7bb48f702149024;;;;;;
cf55058a52246a3907bb83eb9e57c904;;;;;;
ae6042e014a797e6fa4e5ac65627d9e7;;;;;;
74f87ceb03b7c946d9c3fd1bab9fe121;;;;;;
01237ce0450b9b34c4d9916ac20db838;;;;;;
37fda4f28b2b9150b32721cc935ad7e7;;;;;;
1b6448c79d4088c7876b491e16addc4a;;;;;;
ad1904bf4945c39c9cb9f8d962dfb2de;;;;;;
acd49fee695a45c32b2988d146970841;;;;;;
357b07f9147c0693230ec7859aff9390;;;;;;
a34dde354084e37ea17150ca7b9bc42e;;;;;;
af8b5b8747c86a21e8e90be0f848ee15;;;;;;
cb624a96f8456afd8b27f47901375eb3;;;;;;
881fa86e2e945363c1c9236dfd3f234f;;;;;;
33196ffa4699a09f9c80b9c7b54d59d4;;;;;;
fdd2d6a70dadaafd0add0f696bef0ae2;;;;;;
e5f638c1826104bfdc37d08092d4d136;;;;;;
7470a8e19989f1ed47f163b86d261685;;;;;;
3a55c6c0863a7060c8f9fae8f74dc835;;;;;;
cf06199641e0de42b8bb2fcdf4de486d;;;;;;
34ac360c029690202d45684873b98b6a;;;;;;
706b8993ccb903094c75dc827bf0cb3e;;;;;;
2b950be9a1ac8cee82f5dbef8561c8de;;;;;;
de114de9cc1c9588107307075686912f;;;;;;
d3c8a95a814d52c07c1b587465cab3c6;;;;;;
809199919626f3abd00933110579b96c;;;;;;
fafbde39a81da2abc146f77679eab159;;;;;;
dbb1a21090ebdb357ce275dfc2e8f0f2;;;;;;
e07ff0c973390ff544dc6cbbcad2fca3;;;;;;
08a77fdd49da9ac3c57acefe6c3d5778;;;;;;
e0249b12f5f686dc1b6094ebab9b3d95;;;;;;
aada54f7eb44635b1cbeaaf185b18dce;;;;;;
3bf021022043e2c2e244a72f82db7136;;;;;;
600b369a915026e9a445992c14e049c8;;;;;;
7fe575b73eab8ab60fcd785321ae430c;;;;;;
658a625f937da6980f447ca1888af7ba;;;;;;
522f97c63f64d703396f10e41e4dee31;;;;;;
3b455a45e2cf1858380c0d515ecad4b3;;;;;;
42dc8b70dfc1dcf63a4cd52f5198581c;;;;;;
b07d165c424361c4f3955f3b8438092d;;;;;;
b5fa4313d4bee752de4dd93d75fe0065;;;;;;
af5d70308069c3d6af81a3724dd1d39b;;;;;;
f42bdc2c3b9e3d90191de1ea9adc83e7;;;;;;
c916d7a4b9dc470375cb1816e0b4b3a7;;;;;;
99310155ff223f5df44515b0ae101326;;;;;;
eb5826de28a719facbba39ae33ee60eb;;;;;;
2a91fb3d1a5091157b8ef6efbe7c6c6f;;;;;;
ce2b5ca1bcc6addf4b6f9364d82be51f;;;;;;
124c366c256e19fafdd744cb5819b6df;;;;;;
c580bb1dbf42733dc30645b64fe6901d;;;;;;
423b51be97ad282cda2b630d8faf421a;;;;;;
405a90dfe7b6069dce2f57bfd43bc793;;;;;;
1c9a5febdaf256c787441aa469f978a2;;;;;;
826e36a47430cf9c28decf2577c34d69;;;;;;
f2c533fdadcfb951c924c207aeecc66f;;;;;;
e7d96e17a075343fa5af8fbf782ca008;;;;;;
952eb6be0f0f09ee8dcf7051e79317be;;;;;;
b95d23eb0ea9d61057bc8113c6fd114b;;;;;;
d53303c2eb66720e7733a24b148e5c1b;;;;;;
d68542a4c5d581a453d741eb87bba9ef;;;;;;
1dfcaf9b0e0d7b5e946f1b75ec9f6fd0;;;;;;
9f7c9f1101fc5dae373f2b35ffa1c73f;;;;;;
6e795440bc11d5e6d9cddfefab53bac5;;;;;;
dcfbd03b1af9460e9bd7447d84ac4cde;;;;;;
36686237239972922a20574749b6eb0b;;;;;;
efb08d12426236e73563ceb5f75696d4;;;;;;
89478572f2c7d5742e08a44cda92409f;;;;;;
2bf151b8c127ee48670b1f125c967c00;;;;;;
e33075e57f7b5ef17ba22ffb0daa9d94;;;;;;
abf32d7b483136589ec1ebee9461e436;;;;;;
45e94de5bfff26433394c658732513ec;;;;;;
063883c9e00ae2ff25b7a26c62d310c4;;;;;;
4e4d6599e85739b50c99eaf98c80dd2e;;;;;;
e77e29495c5c81d6cc7e7b3c7d5a18a8;;;;;;
6bb6b17dba697e5d77335dd55cb6f570;;;;;;
6bbf4651ff6c60ab9291be7b720dd221;;;;;;
428d22bcef8caed92e6ab88526612489;;;;;;
4ac06a557408489fb337747917797ff4;;;;;;
73d168a53e87ac2bd358374c3255875d;;;;;;
a87525d311db609a309d886af01777d5;;;;;;
e56ac29a561856c17fbb37feec4b9203;;;;;;
a35c00c14e5c5b464e5ff7c45b78f7c7;;;;;;
f76fc6533f81ba869903f9dbd6517b3b;;;;;;
3b5305f476d769d7fabbb7dd7da150ae;;;;;;
122b4079c95bba2348095d67fba3d8ca;;;;;;
8ee30e505bb8b0b5928c5813beca51c2;;;;;;
da51704ccc806a6690adfb5aa67e4c30;;;;;;
3e302fcf523d14d91acd9422dd08e6fc;;;;;;
1c704bd57740234cf61b005813454b45;;;;;;
2305f9a8861363338aa9b4937d88a2ac;;;;;;
46325a8cc8c8004aaf69d835f146a471;;;;;;
65e672d676f223d9e173cfcce6288e23;;;;;;
a127a7f1665fd73012dcef8786fd2a9f;;;;;;
2f8bc89487ea73ae17763059909e06ae;;;;;;
2cb1b1df7d6c859e122baeae1f86645d;;;;;;
f31289fd9a9382791e9f10a4ae0571ef;;;;;;
5fba80049de202b59a37f1c345d522be;;;;;;
3a4e5e43635fba0109cb648270526133;;;;;;
53ee21aaf0dd6915c198f7f4b078f90b;;;;;;
550107ed75c10d2ecb4bd50d5261f16a;;;;;;
b39636747488b5f6d732258a90e41337;;;;;;
dee75c08342ab6644ac98a64e4e58c25;;;;;;
03458e90243ba2c2d9dc8c466d03026b;;;;;;
428dd79c54ea08351aa3830ddd6abd71;;;;;;
49a10d6af706e7741d6ebf4515d0c4e4;;;;;;
b9f43e352f252f0e8e0e54bf5acd2ec8;;;;;;
2d5f55baacbda832912a5841f947c701;;;;;;
8fad370057d76f0c327ab75a42f85226;;;;;;
448efda82f3882e2ad3d9e7ce7207baa;;;;;;
340e50994fdccd07516dae2a9645615e;;;;;;
12abb0d8a3c8927950d56e650733b5d9;;;;;;
cf5f1605c6a12950b22afffa82ad0a8e;;;;;;
e10fb4be17cfc516f5dd9fadddd72dcf;;;;;;
6340d17a1b428d02d32fa83aa9ce9fdb;;;;;;
4a82717ad353508537872985d8d38cf4;;;;;;
1d2404f899a82328f90801d3108b00c3;;;;;;
6a2def74487d09910541aee9cadbd255;;;;;;
cd9539bf8ece47e8e1b3f8238cc47fab;;;;;;
3ad330961189b522bb15b50657cca09b;;;;;;
f7b4b0c922cd61c7656de6df16bd031a;;;;;;
ac21d19b37c4896cc73896be7424c7f3;;;;;;
c44347fd167c3524d6c815c2a69f7440;;;;;;
8e2e9c628a4687cd0a83be4699562eb1;;;;;;
7443bb6ff786c567fe344f572b14919a;;;;;;
2337b998a198acc6679547e39094dcd0;;;;;;
8ea3912f299bee841c3233b0a4d756ef;;;;;;
1ade624e42beb72ee4774da260156e30;;;;;;
91f0429f1fae8f97b1e685c315d307c9;;;;;;
2d118ffacd71e03f42348d916eb0a305;;;;;;
77c7f82e33c32daed84e0dc538747cf4;;;;;;
f72a713118d92cb24ecd0472c1630d54;;;;;;
0ddfda0bbbbdb6c9fc9261335c2b9a84;;;;;;
5d48d67ec794cd6b4dc2439c5f2649c2;;;;;;
5cf293d129fab4ad0174cf8a2cc08169;;;;;;
6a34e8829a237b120de05eae22939f80;;;;;;
296c42d2db8581c702cb3ea7f6638c17;;;;;;
d31a0032dba43aacac8fa728662e1a81;;;;;;
11a9e79fde004dd4984960fce3e2b549;;;;;;
c3983b05fbcd96a47538d3cb0cc199a7;;;;;;
40b296945160719538e57dbc8ba92c49;;;;;;
e2a668bcd8167b17d7bf595d0108ecf5;;;;;;
eb6f5bbfbda7bd23cee4e1e640d88345;;;;;;
fb606342acc88a5c722cd80c01788fba;;;;;;
cfd48f80f25928e2871b4f18b1e26b33;;;;;;
35db3bc149985ffe313f42f13d996b07;;;;;;
b3f61980f11354d926f3d519fe26c5b1;;;;;;
f4b06a0c4a461256e3c7b1de6974174a;;;;;;
ae11f258c3753047161b5fd2c0213485;;;;;;
4ea5b5c53e22a3e754d67d36addba042;;;;;;
b8fc312c98efabfbd404207bf4215f1f;;;;;;
6fc786f035e9ddfaa5a64e6b6414d910;;;;;;
48e81a450fe5a84f4d99a5c0e07c493c;;;;;;
7faaf0b670ba8d443f154cc944980902;;;;;;
61ee4e4a512f5193411abd31d55dc922;;;;;;
149d5b85a25afb3e928d0c34f24728a0;;;;;;
e4110dd93fe4aaa8155173eaa21f92e4;;;;;;
16f37e4f38883eaf5bf3caaabdd33454;;;;;;
7aab46c27834bc89017df20a07e4f3ea;;;;;;
eaf8f87edac2da1d8eef8c7b0ea129c9;;;;;;
8ef6ee717b99e3c4e3c5a59846431bc0;;;;;;
bfdcb6bc54385bf6a5fb1b1946a8472c;;;;;;
c975c7c994a9b48dd3bbb7a8d82597e5;;;;;;
0a574613ead37532366bcc5235fa508e;;;;;;
f34a4da1e195801bfdd6eab8dded8ae0;;;;;;
783cc21e2f0ccf6f2a642d35206def75;;;;;;
cb3db8e13793c1d5ee070e6caacbe622;;;;;;
f9a98bc3c84e003645bdff669800ba82;;;;;;
3b0369d5ef33af167f3905bc72dc825f;;;;;;
8aa15d622f4df9d67514215525b0704c;;;;;;
f098463d9998ad593dd8eb6cc00b0c0e;;;;;;
187cdb42ee28be1a7e2a2a65953018e7;;;;;;
8ce8a13a22c6db59d205071562ec3316;;;;;;
d50fb9d203f6106bc26730589db49bf7;;;;;;
88560548ffc3818372eb64e1814aeb35;;;;;;
c32053a15dfb571c24079cccec5ac8db;;;;;;
fd70db0c55cfa5bc458e91752cc534bc;;;;;;
bda6963a7168ea05193c8863f4deb646;;;;;;
50e172aa7ff20b25c0ea5209f8c17302;;;;;;
d0566cf9db61754e0d667b01d94f9454;;;;;;
6c2c76a592151eb18616de7f291ad1d5;;;;;;
c16ef7e7a59125e561e0e74b40e3a6d2;;;;;;
aef61ac817b89f5f727f0e3a92b18d47;;;;;;
04772c81c547439483ffa219df67f014;;;;;;
b85be6db98af151d05be7840b0294bff;;;;;;
e2e2f692d6319afd293895f247bec89b;;;;;;
fe916986290d6900fb16c66b63de14c6;;;;;;
44b24c8b1c438e741cc74b54ff11ff0f;;;;;;
da1a42202ec7e77d7519015d0fe548b4;;;;;;
f83e13538bb9aa55b2cf9433265d6875;;;;;;
686882189d5dd6427cf2af6565028124;;;;;;
7cecfc9129ca27cd5649cacfd942ad79;;;;;;
ace21e0723ae9efab61b1d5183fb59c8;;;;;;
8ccd715e357029009ae45d322cbe3818;;;;;;
3fb377d6e429b7458d58a399880ece6d;;;;;;
8cf614189d1e9ac44c0931149590c3a9;;;;;;
db78c90787dec4b80fcef24c60dd1b19;;;;;;
65a673c5ff0050d30f001b359ecc5424;;;;;;
93f2c5c36bf4e7d7a32248606072db0b;;;;;;
3f7b02aebec589bf2429eaad7e0de4b2;;;;;;
d1f206cb318dd0db84a82916714411e0;;;;;;
57938ef5c674c49f116e9677b88a916a;;;;;;
3a22d552cd1d2b585ca03ebdf678e246;;;;;;
ed8ccc24b0cd6a6bf692e10317ecbf80;;;;;;
acd038d7d7b574269f054a61b40c2ff3;;;;;;
c3730823cfbe03a4c0a9d50c9f2a926f;;;;;;
7b58cba54a01518a31dff4cb405f2b16;;;;;;
1b4013e7cb4e4d67b6047c840d5c76cc;;;;;;
27b604023bd315a318f0531ef55fee9b;;;;;;
20a64aa48d884e3cf9c6674cbd784761;;;;;;
e7b0628f9d42d24ee52d2acba62a7acc;;;;;;
3044758b805bb541346990f2c32e7e52;;;;;;
84dd62c32abfaf43947d651e3c9a22c4;;;;;;
ea91f6228d2d64d8b6b50986aed57337;;;;;;
b4d90be28166e5b36e27b57ee2c944aa;;;;;;
74edb35f10aed3a854d395091e8d028d;;;;;;
7ebcc00ff6cb4a329503f6dd4ef24ba1;;;;;;
7eec4d2eb35ac5b6ef093e7cb9c085ca;;;;;;
da530f86ec1510d7fdcd7fae00065488;;;;;;
701e759b8e999ae25022dc6fa358b411;;;;;;
edf33f091a376629e9ba2469bf1371f9;;;;;;
99f9e04241af60101039ed425b668104;;;;;;
6c28b4e7d05e7faead90bfc16648bc65;;;;;;
ca8ac791f97caf38bceb601e259602b1;;;;;;
daf8ddf3155d2891cb7784d34e65610d;;;;;;
f48ac4a03e917832c4142c6d817bfb85;;;;;;
28ba50456321a5a3ccd551ec0eb7edb3;;;;;;
f02e0c77f02d1caa0e00ed187a0d0e41;;;;;;
d041351a6a45217d11976a0f3f4a382f;;;;;;
30f1494e0c25f02c5ad46ca001615d27;;;;;;
eab5d20f863b4b12868caaedde3499aa;;;;;;
a7dfed99b263028dec7632b5b7a33b45;;;;;;
30f6ac0cd7a1ec375f9706b8fc0ebf60;;;;;;
458662a6fc1e0c862974d44e0b74b7a2;;;;;;
10707dc657254474d2d57241d1e433fc;;;;;;
a508fe3796a84a4696ce5bc591a7a4c7;;;;;;
1e1e29f8c549fab61acb1fd582cd30d1;;;;;;
2b725effd530e6c43ee4f62ccc28b52c;;;;;;
91a8ffa2230d243c47a193f1bd3b4336;;;;;;
1d1b072d0c83385326ddb1a73f148ea7;;;;;;
b2c6d38f02e960bd452a35de6f1282e0;;;;;;
5f8486442436518f916458798cc87337;;;;;;
6b7d9516f03f67bebe44776b32b26550;;;;;;
21f1118bdf024da18d8394d1595b1557;;;;;;
eb3364780d61c023080651379cc1c45f;;;;;;
cd79382f0a5e2956d72960a131ee74ed;;;;;;
28fd584556dfb6b5d27337ac24dd8a81;;;;;;
1f67861343d1fbc13e2336a348e60729;;;;;;
5ce5b0aebc416612531db01cc4a7926c;;;;;;
f0b26989abe2586c8f8188b35f858a61;;;;;;
b72769dfd3cd1dc31a4dfdb365ed94e7;;;;;;
44666b7c2ea64c132fb08993c84d935e;;;;;;
e48b617a3d721a11b172d81bab535719;;;;;;
8eff0615a80d1dde793a87fd0e9c0324;;;;;;
736e1ad306d95bdae480b93d77746bd2;;;;;;
2732f6d4d99ac9625e3ea03f611f9878;;;;;;
0cbe524445d1b537409afc50a41cbf77;;;;;;
7e440fcf05e18aacf590a67a8fb9410d;;;;;;
e097018671ee71dddd58eccb4d4865df;;;;;;
e33830efd85c551f67672b8746247082;;;;;;
56bf804adbeb9ae98649508edc711a9d;;;;;;
31630c582db0b23f5831aee6704e4e58;;;;;;
c117c4d4a0ccdfc3be42f0d0a1635383;;;;;;
9b1a19ef34890b1c4ba417a7fc916973;;;;;;
d6846040f45a5f2211cecd4200fd02f7;;;;;;
9c6c8423c1eab035da136a78ab51e048;;;;;;
9243d7d6106e2d96c7ab582e00573767;;;;;;
315ff9d8c6d5c3e1ab3f345a9adca132;;;;;;
494efb28414bf4c384f765e72754a80f;;;;;;
8738c41986c67be229adf49cf2220dc1;;;;;;
d5421b2de2fc85a7c815008d21823840;;;;;;
b4bfeec144f35f89baef9915db164deb;;;;;;
2360770c8445827dde366b60b91c5fe3;;;;;;
074e8a976f3ef11cb8239db8076aa870;;;;;;
1e2e7bab22491bb851c45ae01604eebe;;;;;;
966094dcd0c9459453d9a9e553a82648;;;;;;
1b1005d1b66c754895b5cf5966a20729;;;;;;
ed2926d7fe7421f076f49c1ffb031e7d;;;;;;
604eb6f01842e4002f14b6e9e2c2d30c;;;;;;
3c0c4d3b072bf1411b414502a41e4000;;;;;;
a73246089351c868256655f2cf8bf349;;;;;;
3bd2f69148abce82393c748a88241487;;;;;;
4c504401b2ff335aead2482298731146;;;;;;
10fbf7f768e2866e67db594125038c0b;;;;;;
9498492fa6afc78513bf06671fdebb80;;;;;;
d31bf43aa5dba3733d6f1123028984bb;;;;;;
417b955821ba0a6d0aa84271891b1b8a;;;;;;
86a66edffd72e785f1e14d41fd210e5c;;;;;;
bd878a7fb32b4ebea7268e1d80d20cfc;;;;;;
5f58824afcc96eff010300e5fb736548;;;;;;
4e0fc40f668116134ebce111934ebc9f;;;;;;
eccbbd90ee9ce015711d04b0dd372424;;;;;;
71af2f6e7dff69536c4c97a62940be0b;;;;;;
a776628f0aa6156ea3dde2f238f5785f;;;;;;
3809dbec5728511e7db59e69a07407d5;;;;;;
da5eac33236d68aac70cc3a34ebb4cf9;;;;;;
3605e3c12ad99c6768b4784f15293b14;;;;;;
ea771e157542690d57c420078de74da3;;;;;;
6872bed9393ca0d5179f544102ff7e10;;;;;;
ca5dc6205b412777abd51657a486bca8;;;;;;
dcd4c56cbfb00eb840636ebf962a9987;;;;;;
314e0c6c0fa714ae4c471c73de65c269;;;;;;
de229f6d6aba10e71b6e34b666e78fcb;;;;;;
742cf3ba456972a099bb3aeb3a895c14;;;;;;
3dd12a10cb00954d7ec88d0fc969aec6;;;;;;
39c103eda6a571b753d1d4247dc14703;;;;;;
786b006e2bc78ebeadc13b80d48f22bf;;;;;;
33a5854fbe971c0b046bd9629e875fc7;;;;;;
59427665e0a6940ad241f7b9adf97bdc;;;;;;
d90c65ea2583f8653867e8385a2e669f;;;;;;
949f56470070ca41b780dded1968f64b;;;;;;
a696712459b6c3ae798c0ed78acb651b;;;;;;
9f3ccf0c4a251b11a11ce44c65e7ad2b;;;;;;
c4dfe1a58893dc286cdfe47c4eab9b01;;;;;;
8564a4691f1ed81f78c019202813ac76;;;;;;
36178f3ec4c672ba1abd285cf9adf3b4;;;;;;
79568858948a19d99259f9aef0b57c38;;;;;;
73b9b201f42452175beac0ba83693c64;;;;;;
b8c22ae96d969466d56bd3cabd5d606f;;;;;;
50a368988dca15171051adb015feff75;;;;;;
a23c5f0d9e52b8868d7afa388ca7f7fc;;;;;;
8687b1512e65f410567270a0ef3f72ba;;;;;;
786501c1fc0c9b6ad86c2a5cd2725433;;;;;;
089c245a038d4d26c32dd7a791ac9524;;;;;;
3ff44fbb4f0132c06a2a2154694b7b2e;;;;;;
fe9abc0cf2d4bf653a0453b81f191032;;;;;;
43bcf737c30512daec8685c62a88edd0;;;;;;
28524e5f0fdabaabbb86ecb9b88eed74;;;;;;
2f89ad8c01b24a037b1c1025c946072a;;;;;;
b6d1797f57a1978cd8cfe9c3866e71fb;;;;;;
7bf7092e437a6493c1735c3e5a6a5c1f;;;;;;
018ef23e551f506ea82bd4f4abe501cf;;;;;;
cb895f598df5eedf13c4910d21531960;;;;;;
f5f2796ccf8f93e6fa675173a3a814e2;;;;;;
ac343d112642e346ec52b8c921cdb5f5;;;;;;
705981e6fb7c76726e1c0fdcb715e084;;;;;;
b3c0f456ebffb6dff1cfe56d1f41ddae;;;;;;
237595048a0a0a69b055c5e165b081d3;;;;;;
873fc20e482097a3341ebf74a3ff5f19;;;;;;
3eb850c0ed181464c4a3035592defe5d;;;;;;
a96ef82643de171e1abdaeef152e13a7;;;;;;
a1f12e23c4c5a74b2babc141634c4349;;;;;;
1e3fb614b8b7fa99e2579fad417f1fe5;;;;;;
d8e11baae353d724c7be2fb0e19be5b1;;;;;;
7a26df33df678ac7f48b58834b9f4732;;;;;;
1efde299024c4d5684ec29416f742b39;;;;;;
f55b85a308e92fd191c186039eeefa92;;;;;;
eb47ec0059dd68b9636464bf1cd30323;;;;;;
1b8a98d3f746d35895c4e9c079a53f45;;;;;;
d237ada62142b0c3a39cbff9ef361320;;;;;;
3dcb333efd4e46a5ce24b10d1c0a9915;;;;;;
060d8f0a49c87d448c9fe3e9d621ff0c;;;;;;
1aba821917154ac4b1ca4ef0bc818464;;;;;;
31bfcdf33c290b99864e00b171fe202b;;;;;;
62a4bc31f284a7f85bc3b628ab89ce0c;;;;;;
8e5029e89a9e30de43d2abf65758b133;;;;;;
a7b3a47c516fcafaa53a7c485e4c62b8;;;;;;
0490a41bd43a172298574cf0adc8da9b;;;;;;
9fbac5927c67794009ad3782599ef479;;;;;;
79944b4bf9d68cad0e27308f3907c639;;;;;;
6677a57efdc0a9f9ace0bfdd354d1959;;;;;;
cd9ed0a05f377d269d23e005509f01a9;;;;;;
0267fec8cc5b92efa6f6d65f96048f05;;;;;;
bcdd46c5d27cdef12bd480d21df98d8f;;;;;;
044a177e83332a5bf1a2ac1a83e1a06c;;;;;;
c6f39360a93bc50e53954643506478a3;;;;;;
2ebc347fca5552de17d5c9cffb565d42;;;;;;
c890d85992c3f3773f4b7dfe9116dd88;;;;;;
e4aeda5dda4668950fab8652e5c2e022;;;;;;
abe48a29b6d757c079d90890f37a2a70;;;;;;
8b952800423832fc97119aafa5145641;;;;;;
7db40c6f947b5b5b8141368fdce19a63;;;;;;
8a0c9e7d5d779b9e7170ded6cfc718a4;;;;;;
dc041fbf36d7559e862c81baafd0b501;;;;;;
50363214b3b242742063c6f707cc2e56;;;;;;
9e6d1043d9c676814fa57e27694dccd0;;;;;;
ded5d6ec4d307172bfaf19da522fe384;;;;;;
1a92537c6b6a485bf2043b2a80c5e978;;;;;;
9406fbacc1f03c73319f20df68924b53;;;;;;
9e59f527bf17ca86758e796805655481;;;;;;
6fa900a0715c8c60ab5b5cb208518280;;;;;;
bc955ff9c925dd9aebc3cc42e97095e3;;;;;;
41324833b700628bb0374969174db7d3;;;;;;
2b679fdfa7f86fba445bd4c19b024fd0;;;;;;
f4afa7d8aa2308715b90c4021391b186;;;;;;
dd7bfc006e5c696b92eb4314dd59d5ee;;;;;;
503469961aad12309c9d8db8ce7a421d;;;;;;
65584eac81560eee90cc50059d9348a9;;;;;;
c71d7ce081107c68fe01c249ec70bd74;;;;;;
f32bea677860fa4e055a09868b4f48e1;;;;;;
645aac330ba5ebd87811b7af2722cdfb;;;;;;
dc6f272ac69c589e2220be0e8890bab2;;;;;;
33966e33a3cbefe720b5387fb73118af;;;;;;
656964bae0f79515b95567bcf6dcf1c1;;;;;;
8f32ecc6041fb080f18ffb16d9ed39a6;;;;;;
7094c8aee2a003aa56bda0f44eb17440;;;;;;
1d356d7ffa6218f3b9bc44ee68d33839;;;;;;
d534926a1129522f5528461ac2ce7103;;;;;;
74e3d56aae17e15ce5fc77c99c1e047d;;;;;;
8addccb3684e543b363470d41337e7aa;;;;;;
de231f0181c698d5212d64c47709e005;;;;;;
535a653291df4af60298603ba4c49038;;;;;;
148679ea3a7b723c8198aceb98c4c27f;;;;;;
b631162e9c469393eff33028177d33ed;;;;;;
54fa9d789e2411f662f75be7868601e7;;;;;;
8cf64f06c16fdede6e451e3971d8ac6d;;;;;;
5dd29306397caba6aa70243ea96d7dda;;;;;;
554c368b8a530e5fe3d06c4161f072a8;;;;;;
d76e492674bf072b8de5ee97ddfb34b2;;;;;;
e3e46e4f7710c2e57a80251a950cdafe;;;;;;
4497b30e887ef919b8e6e8e2408b7c04;;;;;;
ef293d539d97c2b4595a7568a308bd77;;;;;;
138809f18ee92ab00a1bb1dbf46528ea;;;;;;
1e933bffffd34734a926f0e9b0584359;;;;;;
982c12962fdc4a7e0af2d85ff0104f9f;;;;;;
0b53dd5dd62acc0df6931325c50feeff;;;;;;
425066f2d8fb75d90c31bd3ae91b9336;;;;;;
3500552e9c76ac9264459e471b985a23;;;;;;
2a10c519726e0cda8bd5ac6e0294cdf2;;;;;;
ff1d2169935f53a2cbcc807aa0d005ac;;;;;;
c34643bb0adda32107bcdc2f6da121d5;;;;;;
d6fb425ea067daf342c106c18e812a38;;;;;;
2a4ed5cdb09299c0bd4853c876344f5b;;;;;;
c8d051f961f9ae5ab57cdf03177b551a;;;;;;
68b2c1879368f5d34e53ee797686c852;;;;;;
6817026e84a550f9ccf6a938cd3ecea9;;;;;;
f1ebb916399c0f1de173ae741599f7c2;;;;;;
61a3794505d300039fede69e5e1ea5bd;;;;;;
5d37d25fb9405c5767e3f5c42d5abd30;;;;;;
afdb1b8c029791b75769bf938eb3d14b;;;;;;
438b82110d9204c0868df01f016490c7;;;;;;
cb47abda7817f2f630084fe7b3926332;;;;;;
69d11227817cc2fa0cb2a3957bfe0e3c;;;;;;
a29d45d368f04ac9032bef36f546a777;;;;;;
08bbecffac8bf6a1a7a8ebf91d833b20;;;;;;
1c36158eab6920167777dd8cbacd42ac;;;;;;
e7ca6c370082a0ff61c34d1c195886dc;;;;;;
82cf52793ac83893e3580d5311584549;;;;;;
39a26fd0b0fce211b0f6680f72803581;;;;;;
13c5e22baf1db5141168a9c50d17e03c;;;;;;
d042225896d5985de7495650a9e0939b;;;;;;
55584007e116927dc786b1a7e727142d;;;;;;
04a02290e858a8aff7455148fd349e3c;;;;;;
3f0958ba3dad5aad61d1f24f8320efbb;;;;;;
ccfc65b9659e87ed136340c91c8fbf3d;;;;;;
ce6a1be0bea09cc6cf46aa1ed5405a4f;;;;;;
881dbb93a9b209dce6baddc22b98fd4b;;;;;;
9ac6e006d1a3b2714629f1148df3520f;;;;;;
7b12903f6083e3d672fc5d4f2f6866a1;;;;;;
d26d02d0b677cef15e06fdb5f1f391ac;;;;;;
4dd5c667aa6545f6bff9a165ff8d13dc;;;;;;
55ce4db1abf4ce1b457d0315c30daf5b;;;;;;
4b934cc55ccdfebd283299ace38af394;;;;;;
5efe5e87748657b403efe0c2f1bace31;;;;;;
33f28598a16d2b950950a5c4c439d1c8;;;;;;
695499cf45c192b5bd87054b658c3698;;;;;;
830243a6369b6b13fe2da8850b2a6eda;;;;;;
a1c9ef7de3ddfa2aeda17d1baa87738c;;;;;;
a020e889a61b43543b0beb0888ed11d6;;;;;;
4a660bc48dadc52369f7da8ed788540a;;;;;;
075d0911253cf6c241bd2da82d015924;;;;;;
20414117749ca6ad13d61800d32725aa;;;;;;
53bc1b01d9419e75b3296e77868d6aa9;;;;;;
23cb376a0cedff2f9a45f336f204a129;;;;;;
3117ab0a44fc18c05991ccc90642230e;;;;;;
d581e0779bb27e6e8d7ba6dd4b914afb;;;;;;
b5e92016ffff62df6c9c8e97ba645b2b;;;;;;
bd052df32b80a058147b4ba6ca439ef5;;;;;;
661a2b351671a7803e3770bfcf69a842;;;;;;
7b93bdd69f1262ea3aad5fd772d48635;;;;;;
35c5a054f03556ee3c0b0343d8be7d39;;;;;;
036952d97d2f251933d2ca863a2d2b96;;;;;;
0556587b4394dc6ee51c70fcb9ab931b;;;;;;
4bcfba9d70b9a4b43382fad0246dbcd4;;;;;;
76850b1c8854635e5c6f237948f95013;;;;;;
fd1c91e67456cd26e13b3fefe446af0e;;;;;;
84c1505da0f4862382d07a9dc0c8d6a8;;;;;;
30a99164888b49da6f04b9f94b28c75a;;;;;;
ee60d039fff5800becbd7c790a1a51e4;;;;;;
348e11d56b013609c598a1275a98c080;;;;;;
9647e2759fc1b10c04d43638b2a3c38a;;;;;;
c9319de8b9ea4854f9035d6774223c3d;;;;;;
f400bdc01050cdf768a68da0caeda1fb;;;;;;
0fabf7f3ebbcd6f7adb8c0f8a74b4abe;;;;;;
faefba986568f23c82b5699807932fe9;;;;;;
5b5be032d538284f668662badaf89c48;;;;;;
ea062d04e427638c90d8a3cc3ac272d0;;;;;;
7d6296b74210216bf177746095722a55;;;;;;
f6edb91cca80c61ddc16317e77aa719a;;;;;;
0b1d0802997d3210cdd9f324311ccdff;;;;;;
4284f93774b6cfd6bc79c4cad9441594;;;;;;
76c36e2d22a26d228be19407934314f0;;;;;;
311028c152ae28da0b09ff3c61ca7f2b;;;;;;
0e411a2361e2bcd69cc906ab6daf5626;;;;;;
8ac34db02fa51a8fe58134396565cdac;;;;;;
a6a2905fad40c0ce8ed8858514292233;;;;;;
2658ddf55e734715776ee00ac9d154de;;;;;;
242e06b0f4c305cded9f717d09af32be;;;;;;
a874fced4db542ad531511a36f675cc6;;;;;;
d32de86e893e8c360f94f92e276a9482;;;;;;
4e31015d39e9ca860daab732c52242ae;;;;;;
ab6a5cc035f870ad3183e64ae58f08a2;;;;;;
9fba6b118fba6a744ead9c40a5ff15c2;;;;;;
476096d2ea4721766dafa1cf8e988057;;;;;;
8e3fc701498a106b9f59f4f3682eaf4f;;;;;;
a8c15a362f2ae7519e8bede306085bc6;;;;;;
0eb9e849f7d5027b775f1b5e6776f638;;;;;;
ebcc1e58d0686c7a5b3b4b861386ae3b;;;;;;
3ccab2145cc9ab144b71dcfa28e18fdd;;;;;;
0121d217aefce8127a08427546985cd4;;;;;;
6dbff1751e581da0ea55b0c52408b00a;;;;;;
b2ae51523b3c4cdceb9007d2033af1ee;;;;;;
35e587450ea14b3af0884fbe8e392ef0;;;;;;
5cced78103b26fe2ec99b37caf30fc7a;;;;;;
897ce116a88191a27f902afe2597f1e9;;;;;;
ccef9ebfcdfdd046f0fb4778b701c9c1;;;;;;
ee7484cb8e3a09132f79684aaac2bcfa;;;;;;
ad02d69fb826f855941c3d3aa747bf2b;;;;;;
2e1e09cffc6f59c6efa3c2bf65e4a16d;;;;;;
0638741b7d7f72fddc80aa33dabc5277;;;;;;
638b6960b216ecef7e3911ec2fb31a23;;;;;;
af2357bf14046eaf3a42ce18f3fb1baa;;;;;;
acc93afa4c4fba345f7180ff5d49e2a1;;;;;;
b14d66271682518468681d8a410b9e24;;;;;;
6b17dbf7c8fedcd2b22e0ea3285e729c;;;;;;
9b098463295c82804779b8dbc1366517;;;;;;
5595daff96367551820f5cad0a2ea6ac;;;;;;
ccbf6a8866f708cb0bae99e7c9a5f956;;;;;;
b7513fff305d17ef24fb522e068c4b87;;;;;;
96bf2a00bad28b2a7ea875e4daa1e409;;;;;;
53f48bdad8f6c6f4b406e5d0ad30404b;;;;;;
9f039d2be9a9c0c2425799e7f6c963e4;;;;;;
d99c1e97053bee82e6c467a0a7d3d36f;;;;;;
0e0fe7ab25a122a9b3b441fdb150618f;;;;;;
919ea9198618d0b8a632543ab78eb9fd;;;;;;
d3024f8f90607fdc9f1d86528b185857;;;;;;
45c79d7424e395976bdd9545f52065f8;;;;;;
942441703e82ae94beb27b4fd931cf5a;;;;;;
b2cbf829f726a602fa897da3f6e6bdf3;;;;;;
bc04082518e81968074234731fd4480a;;;;;;
780a223bbc11d0791ec9a3b8a78586e1;;;;;;
ea119fcd07cdda644a5265121aa68124;;;;;;
f8908d4050da2f8d63a0028b51e11af8;;;;;;
6180ba4298d34cba932b0d10939dd645;;;;;;
aac397dbca24a976b3f1297f032fddeb;;;;;;
8e6c0c117450370ff2736dd968b3585f;;;;;;
927ff0a8ab3ea7d865fd3430f279537d;;;;;;
220b2be90c96416e0a04aa92a69cf888;;;;;;
8bd4a7efc8dc0409f168e147eabc1dbc;;;;;;
d6462f77d688e081b1ca5387124654bb;;;;;;
7ebcbfb2f8ee17ff88c1ba406bc0c5fa;;;;;;
71ae5801b7c92961fe71f4f126e43ef6;;;;;;
d5d4b2404ccce3ee7ff3466750646fc1;;;;;;
b130e560bafa1499792f0c1dd216f756;;;;;;
74b3cfd10459b707eaf5ab19e83a5f52;;;;;;
bb4debac8a135ccfbf234e435fb37e58;;;;;;
0e2e17c096c7346fc3202d537e18da01;;;;;;
7ce238ddda2fcafadf76638a6d772f18;;;;;;
242b56ad2878fda7c750c1543c87d67b;;;;;;
795391a76b561ce68c1f54cac4f246bc;;;;;;
ca67badab0ab48a68baa677858494ba7;;;;;;
ce6319dc2e8adbc8e53d1753348c72ed;;;;;;
ba107e40533c59fcb1fa2a61ad92c8d0;;;;;;
fe256c9456cdc5abf98acb624219ed14;;;;;;
cb036c081985f2c80030a6664a5715fc;;;;;;
6905610997baf671b0072e58b501842e;;;;;;
fbd7224fc8d821e08bef424669093a2e;;;;;;
f20fb6b8967b85ee76657e4bd4d03e5d;;;;;;
0b2412e3ec7a7ba5686049dd753ff13c;;;;;;
aac89a6e55cb2cf59e99c77ba9825c66;;;;;;
a7d82c659c0c04258bbf0180692f914e;;;;;;
aefc9ebe988f6208681cfd5cda74ea24;;;;;;
421582fb68e6d959644494ea67279791;;;;;;
e3b487d1c16acabbf75ed5629e5e88fb;;;;;;
cede7ffb7da0b08c367cf16b898aeaea;;;;;;
f15bf2f49a089ede56af897e8b33b318;;;;;;
5e1b80068878b6aecd387c506878bed7;;;;;;
facbc8f254ea71f975659104c29c7af8;;;;;;
fc9e2161abb1cb1e945b183a6cd4facf;;;;;;
77e5395cd98bd8506c3659ed146945ea;;;;;;
7c532d7402cce57633a139495542ec23;;;;;;
3a4bc8fbf4e70cb041b94d1459ec93bd;;;;;;
7f14fbf95e828e1f06bbb9ef9f551895;;;;;;
eabc006cf18a65826b50101296d00526;;;;;;
c02d7fd9882b6ba215c0c09302ab8c38;;;;;;
b84daa57aa7ebd8f91681f561fe38a66;;;;;;
ce4273a02bd09c52056814677a652c0b;;;;;;
f1ac5a084d7d8fb8a54408be87fe49d2;;;;;;
efea2e656189fce6ec346fc1fe31fb22;;;;;;
e0d10dd4536f472f534da279d019a9ad;;;;;;
6aa650028342ceeff3b3b9455c515c23;;;;;;
3d53d096d5d6346195a80cb7f12877d0;;;;;;
d427ca01aa6a119826f9f95d2671f30b;;;;;;
82977e27ff3684318f8604f1bb54a5cd;;;;;;
3fd39a3e1b15d79c515b0613a341ffee;;;;;;
3477540c2be4163de1726beddba955b2;;;;;;
8e60de223612e09369ac0dbbca9cfea7;;;;;;
b64cdb30f0626b967fe4a26ff394b506;;;;;;
5b3d2e82c1a9f81e4e362e63fa47a81b;;;;;;
9494f45aebe82919260ea81f0637aea5;;;;;;
3ea0c73c5a5740586e2bbd17c71eb078;;;;;;
030308b4a7e2eef913a8206282feb4e8;;;;;;
def7afb2f0f56af90d90671cc255d9c0;;;;;;
53426ffc5ef58ba23b78426c55fb9431;;;;;;
9c5778812aefa5cc858486adab91511c;;;;;;
a2018108ffc0970e87510eefed52fb47;;;;;;
dfc4edd005f9106f984b129a3469c7c8;;;;;;
44194bf8ce164613ad20936712a4157d;;;;;;
c9d47ef8ce23832042cc66fb954d80c9;;;;;;
5fc86b781b2cc6081f10aa30527a1686;;;;;;
2cb0a6ed2bae4d7e566cccd76bfbadf1;;;;;;
49b298442454eb03ddef881ebd54fdc1;;;;;;
a5ad2577e5ddb58aac84e87ade5cf406;;;;;;
f906227439b0cbaf90d658dbac286696;;;;;;
7d386eabda5633254ff3553a31996c56;;;;;;
a68278888096c0a83ac78aa4cfa91d59;;;;;;
d28c4c972f2c9a4e10ff393e201d8a7d;;;;;;
2bf6d93d71fc1301bc6c14f58e5457b3;;;;;;
c03decef78f95c1e65613a121a2a9904;;;;;;
d85ae6abb2293a98f60435b439bc33bb;;;;;;
287d61169cc1ac2f3fdba3dca64146bd;;;;;;
7ebbe3116f3932b0477ab62ef23ff3a3;;;;;;
7e65f69cad82c282d045d8214ac095b3;;;;;;
366a739ca981d947dfd3597d4f927a2a;;;;;;
ca92a0be721c8a29b9de857d59036b1d;;;;;;
57409f804a9d2ff09eaf06ef4c5af9b7;;;;;;
98501da6ade25f1efb90628650eb698a;;;;;;
4c416c1983db65fe4f088eb0c9efc2f8;;;;;;
6f8fca07a86ec77e6854b6b4e2ef474d;;;;;;
13357c17dc4fe548e4ae4933499c8780;;;;;;
461f5feb4fec01cb698d28cb4ed53d68;;;;;;
5e0d2f4260a4cf3391421c47ab810232;;;;;;
b7b2827cbe0a476e4a5bc82a20b60273;;;;;;
fa75367f949a3d86a965afef1bfdd586;;;;;;
4eb82082a6eba72abfac8db9f99fbf52;;;;;;
53915c2a47faa12830d4ebb57586dfc7;;;;;;
a1c1d8e26b6782ae803f0c7d1eb30ee5;;;;;;
8c4d93390134e7d4a27d06ec0a115b42;;;;;;
9de17107e795bf600e7a80de50f9a939;;;;;;
a400c0d61d15af5d12befc8cf247dd7d;;;;;;
4f969c6a279688f6cec40a9779eb3af8;;;;;;
a85b04a6d32fc0d5aee16d58bed9b920;;;;;;
3e606e80e907fda2a3cb4cf34d421808;;;;;;
557bcda9c1a9e86c9df8f1e1f156286c;;;;;;
4fdc3f1fe33702abfc5f90d1ae4b94be;;;;;;
e2c7047e7cafc56e32c4950e5703ae64;;;;;;
d891f86ffd94712bc11a7625bccef67c;;;;;;
6bf2f59d976085e7ada8529422435a2e;;;;;;
3903999bbb9cf633e575784d7e526f4d;;;;;;
0d2c8160e357b83c7c27ea25cb982c2a;;;;;;
42f16c55112d4c91f8dced300ed6d382;;;;;;
7dd0a9de69daa6b93a3e0126aa9f9bba;;;;;;
f3dd2a79f28ca545cc122b0ea9b473d3;;;;;;
268cd367112a6fef154f26e64c754db3;;;;;;
7a812622713284a09b467698c7eb56da;;;;;;
85eb4e4580390a24da29bfe7049c9bcc;;;;;;
ef432aef64577999e864012782b185e2;;;;;;
d5445450b0fd0420a91633372b071b35;;;;;;
8a398b65515e2239d93edbd71052a681;;;;;;
38e113371da88d1db8580fe9828c88ff;;;;;;
55073f9c4ea3f7149f241eeb61f40c5d;;;;;;
313962ffaea7af5577c06df856bb11d2;;;;;;
922602e367a822758c397081b28c3e49;;;;;;
dc064e661b8b2d8f86b0cf8a1ab3a6b2;;;;;;
8387568ed2348615eb290ea96724c842;;;;;;
942e2bd332c494110a1fb4affc2b35a5;;;;;;
8e2ad1aa06e9975af8ff326dc687f16a;;;;;;
66110430f603a0a3d875a5a42d715950;;;;;;
e4f7e6e02386c89dca758d251af06769;;;;;;
0186b8abfac44cd3b33ef9a5a3247f23;;;;;;
1d06dda830591b4d34069cd66b19db5c;;;;;;
99291e60366b304e84547cfb737c7678;;;;;;
8a82248952165d7c69316f628e408b8a;;;;;;
81e51107f357e0cddf0ac43b9676900e;;;;;;
d31aa3d596c2be6de77ee7ac8412a672;;;;;;
7c9cf498cea2ba9674b7a8202acbcf09;;;;;;
d519332b59145c4d5bfa162ca5f8a534;;;;;;
dfd7b94315d605e22d343051285442a8;;;;;;
6cb00e80d21808eb12ac1c4a2d63118f;;;;;;
ef5b287db6a8afbca051c39aefb51815;;;;;;
6485ea083b05ea8233d48f62598a286b;;;;;;
71d9b7a53c393fb3d0255251192509cc;;;;;;
56fbc54790ba18a78b9e0239d86d003b;;;;;;
60e4380b41532881088f477b2f8a42de;;;;;;
9cffd457d81cd5a51a2e01563721e3c0;;;;;;
89cd67e8c77edbc198f34ea28b0f4d98;;;;;;
2c32de51b63ae50a08739b8d4e207736;;;;;;
e395be38fa5b9ccff521f89fac7fafe2;;;;;;
e29165a21616c54b35ea51df94e74df5;;;;;;
7fa0525c8489d0d34f714f27905c7018;;;;;;
18632c431f311c7345f460dc37310a57;;;;;;
00e0640acad471419c0b0d9f2cd4a105;;;;;;
861383c4c2b18ab180501c03a6dd57c8;;;;;;
b048be10635a2e74d76d40e7501420f1;;;;;;
aef179fc682cc434ae28ae3f5591ec77;;;;;;
0453e8aa90889f538f10d87817e829c4;;;;;;
bcf362eefc85db33abcf9ddf22cda6bc;;;;;;
83b30da4dd8a0c5d8a24889edf5400a5;;;;;;
d72816900130487cb3132b0559843e17;;;;;;
de5d5e1b54dc758a81030168f2ee59fe;;;;;;
cf8cabc64c5d5dd62242a0f47bb2684a;;;;;;
fc8cb64885186939509679616ef3c754;;;;;;
5f24187f9aafae1edc47d3f11e9695f6;;;;;;
98d92080c1a113b9a00bcfbcb55fefad;;;;;;
553e40da129ed118307fe25dfec1dbc4;;;;;;
9eb0a9b02fee3ef8bf833c82c3c4d147;;;;;;
409d0144247aea6f9a0c7a1de439879d;;;;;;
f76d11dafcf49ca63f73559836128e15;;;;;;
5e04da1f270fb58ecadf23bfcd1f933c;;;;;;
516c8f77eda45fe86119ad6b83799c97;;;;;;
50a63570a69cca5c79d5e42ee1a0b479;;;;;;
a26b308fb25ef26cdc43c8553571fbf2;;;;;;
188adf0564b60ff8cada1bf3e38167a1;;;;;;
4194ccf595a9ca3f54748c31997eebbb;;;;;;
3e16cdfe7ac2ac2f31f25aff4cc5d643;;;;;;
19c47fe28806eb52110e2649aeb4cb3e;;;;;;
7e80f56ff8536a572210caf8d2de50e9;;;;;;
9a07ce84b57859df599ee28d868f7c8f;;;;;;
c125adf74e5cbbc024ce2d3974f1050c;;;;;;
5371d5e34dd65962238b63cf970ec6c0;;;;;;
767b162fa1fbf9195a80919c415cce55;;;;;;
e825021f411ae42de5ce20877bd56fab;;;;;;
60dc44b26972770c9a26c8ab2927e625;;;;;;
c0c6e67b4174e496f29d86525c9ee3d5;;;;;;
28f786adcb00171e5e04ee701c173208;;;;;;
85ab4c9a1b651a4ee97ce23b9db6fafe;;;;;;
5f223d020b81570d8d2694a42cb8f64b;;;;;;
1ea188917e61cc5c8e8b41bbafe91d55;;;;;;
262803e0bfbdc1ffd4644e237de6a56a;;;;;;
b0012033885dadf56d7e5846f0f1003e;;;;;;
80206b38f50dcbf84be6fb49366de0c4;;;;;;
c822837da26950860c061f9dce21858b;;;;;;
e99736a9bb8896aec5066c3f741b4861;;;;;;
84e2e1699cb496b9d084bbfefade585f;;;;;;
5783626c7fc849069ff63624748e7334;;;;;;
a3e51e757a28a8b3e35f191dcd202183;;;;;;
c5ee9f2663cdbd308a07525cea149036;;;;;;
8cb82ff874af1e1f4c79a577b8693cf5;;;;;;
dfde9ada55c1de12864dc4a57c1eb641;;;;;;
6183e23205b65e2fe2affb84308580d2;;;;;;
f14c75fd30dca3260fc5d8874f954eb4;;;;;;
9ebde29d161afdb8561b0c20c9346ff5;;;;;;
cb15f1c86971afd9093ecbc26e559d8a;;;;;;
5e6945b9e0c3dc77f46e0711a3813a2a;;;;;;
1bb3c41e1f9e708eb715eef6936c555b;;;;;;
ffbd9b30a91ba2e53363b18f304b87f8;;;;;;
e192c5daeeaa09c29085381104eff323;;;;;;
ea190dff1354d5dc302e499af14c96f7;;;;;;
69acc0551c502b5b72f2168f425e6120;;;;;;
ce95bd3ccef32a7d78bf6f1692541300;;;;;;
307ba4572c82a3a6c873abf7ef18ca76;;;;;;
83937f8e8ee3d43d965f99a2b87e66b9;;;;;;
354b70fe3f47b4d5741ec30656d2c12e;;;;;;
eb7d4b3e896d1d584bb9b04fb49afc92;;;;;;
825c5d3c0fc4b004fa6ae25afea5f9c6;;;;;;
9d43c609a2050055c1308012b186382d;;;;;;
38c33047409e099d4d401ebae07c8609;;;;;;
218c7eeb1a8834a57b277677affcb68d;;;;;;
1d2e4950b48aef1c6a6c77e936740af0;;;;;;
67d3f2b7fafcb1dcb29d61891fdbcf2e;;;;;;
9d3824dce37ddeab6a8114bc2a0be4cb;;;;;;
ea44026f2ae067b654979efd1d4d188b;;;;;;
2b1957517fe2113d6ba965f14b453b71;;;;;;
8efbd7f721409b3ccadcf21ab3c276a8;;;;;;
748e59aa39c12c65eae9d977deec53e1;;;;;;
1c9a38a30624685fe8cc3750d7555d2e;;;;;;
5029569344714d74c6d4dafdb5f31234;;;;;;
2ff813b60b94f92d5b47468c1dab987c;;;;;;
cd53a4c3031312094bceed74b837f763;;;;;;
3d3b967d6dc5e3ed726b67a6a5e878db;;;;;;
1291e99b1c90d7cdd1ab090633621baa;;;;;;
4543a9b88d3556577dce3f07e0fd4b40;;;;;;
2fa23fd5e68be1ba012779b282b7a66d;;;;;;
96282b47d41b30c2240799a242653221;;;;;;
554e5062f711f439ea30799516c4d5dc;;;;;;
e09f6131d396e42307701ded076d57f6;;;;;;
aa745827ca3eb23db6461e323ff7d0f6;;;;;;
e13395d9e8fbf34c8e0cb4f86ac05bce;;;;;;
2e95f7aa14e386476b39042e3de27a6e;;;;;;
077cfae6182c34f8630478e6d6b46f36;;;;;;
40787a412c364b1fd4cb2f59c0ec3da3;;;;;;
bbaae1e4a00728b97713a52abd721fe3;;;;;;
6d1067395cc9436f942bcded32256355;;;;;;
0dd7055b9923030b95a556f8b0c2f39e;;;;;;
a80b63c0902e0aa5ed8e44144b5b5a33;;;;;;
f8ee4da2b1cba7f83458e490c635c395;;;;;;
37ae035163267c7a301841938a4f2671;;;;;;
bcb08e414eddb24fccfe30c647c2045d;;;;;;
d9fd531441622a5d7fd0ef9904fcba2e;;;;;;
431e3a4439d3614f8ab1b0272513a9f9;;;;;;
d90c624f5e40816da44678b4a0a19fdf;;;;;;
29a52935291e23a3a27eb607fd22602a;;;;;;
6e6b096c600d2518003bfc58013195e5;;;;;;
3430089145a6a555f827707d73a33b1f;;;;;;
f9b7b05f941863327d2a48bbb0edd144;;;;;;
c98ebf808b55479a4dda94948b82f4c9;;;;;;
abb38049c496f545f7d6fd98a03821f5;;;;;;
ad1437a2e84989ba45e80cf125fa96e9;;;;;;
b4f28b382c4ecc90c101dbfe380087da;;;;;;
ca41e4f2acd90ea1d16e903551ba7cf4;;;;;;
910483f8d7b2e2d9a681653e48892d45;;;;;;
57437aedac73bb3b2942844787337698;;;;;;
679ef4138918886a22aa45d3df54c0ef;;;;;;
fef84c0f88bc9d5594cbc84abd01e86d;;;;;;
2de700f41e5345346221ca3b4b3b77f5;;;;;;
d87ba630f1d629857b9ffb7b9fae2ee7;;;;;;
3a392dd55ee091881812794b28b95ce6;;;;;;
90424af67b9f3b9df2d4c581542acbe2;;;;;;
b35c0da6103f48bedb0d9b229e9b1dad;;;;;;
da6e0c1f67509d4db0da1a953dda13c7;;;;;;
a777e0cecec89a6592eb02c564736c17;;;;;;
236bd9154bcda55956762442e14027e6;;;;;;
83da902c5df57f63cfecfdd6c0d97e52;;;;;;
b790a4ab880f2dce1f1d1ebacebdeec6;;;;;;
f4f3d7a69911e1a14b6651f6dcf067bf;;;;;;
1075f86f9f7694fef5834a8ff29f14b8;;;;;;
a4d08643275ad93cf637fe39a454c255;;;;;;
a4fa1e3ca7b1bc1e2a1e1a60953dd577;;;;;;
c99751c2b5c6bb09ef8f09c88f13a07d;;;;;;
16b2f39a4793041dadcc7bf05bc7ba23;;;;;;
4af9b6655df1259f20614323be9e8d43;;;;;;
c9a1aeb53880a58324156c59456c0f37;;;;;;
91ef0ffb9358893912ec6c7ec942a169;;;;;;
b45484089dfef532edc6c7b93c17a9c0;;;;;;
ea7a55000baf6051ff47e525c975bbbe;;;;;;
095cc86d19c9fc31bf2164f51616ffad;;;;;;
606588a358dc684d72aab555c7509aea;;;;;;
9e6e3d369492497413a64ff210a7a6ef;;;;;;
06a4288a88e3de4088cf9859f16fbc82;;;;;;
af5dc21f811577bf2d05a3922fdb0cf8;;;;;;
c3f74e9f9d885b157308d5860bb5a49b;;;;;;
eb7159223249aaba2676718f5cadf8a8;;;;;;
0ea4ca2c762d51a66e23661e9df99f94;;;;;;
73e39e5f0dfdebb66657afbdadac9da3;;;;;;
f1a8259ebd5bcca4fb8852ce11b444b2;;;;;;
d9174977f8ceb624a1eebd6edfc6b5d2;;;;;;
6eb28e7237fba8887f614cbb848b493f;;;;;;
4ec8cf43ce832d273dca660dd76b8072;;;;;;
d109ac8b46b36feab4ad0a4e175c7f6d;;;;;;
6ce9014b576563c26bfa324c976f4712;;;;;;
7f132dcaf6d70d9623bce477564e617d;;;;;;
47f55c5dfdabf9cdc89a8f7d713ac6df;;;;;;
236b1b93ae614c48982f24127ac93af7;;;;;;
bde3f70c08c46fd47cefa8c5d95210de;;;;;;
b0f77c29d452903d42d6f2595acbdffb;;;;;;
52ca0d80b31911ee1d27855b2d04319c;;;;;;
3c76a9f19a64fc7108926a5bd2c7872f;;;;;;
784d2506988f2647f03072e8e57545ee;;;;;;
b4ecc81ed753b49b9bba49fdc7e7b0b5;;;;;;
0f5c4462eb4fa4e61a4107df09a7b787;;;;;;
47f76a72e06853e2145e7f94a814ecc6;;;;;;
b6d8d879ba6b4306bb59d0892fcf821d;;;;;;
8212106fc7fab0554ac3c1e62c0f4ecc;;;;;;
4cf454a3ac44d7cb7151fb79c9dfb7cd;;;;;;
358c6aa1bcdc3012a6a7821d0654cc0b;;;;;;
b7bd837fe359ed75099e5370c2d77560;;;;;;
98788a6936c15bc31dc22e8481a169fd;;;;;;
21ecd582be640e796305cced70a836d0;;;;;;
0ba015c8260467bad30f3f57b8a18752;;;;;;
7d63a5307b63170ec37aea4d33704482;;;;;;
aac1ffad29295da9181d10f6cc008380;;;;;;
10d856bb86fd68861619a6e1c0b54b79;;;;;;
62d8c08eaffff7a713a7dfdc978b0909;;;;;;
b6e1c29bceecc69caad031b7e75f071f;;;;;;
4df11c3d2ac2c1d0780640fcfbb94db0;;;;;;
7b80a35fdf538e16c2ad69c68cdd4d5c;;;;;;
4e61379293bdf69ff83ccc20e5f87e2c;;;;;;
fc8db21c6cbf3c34c795a8db1a8cc8c4;;;;;;
67f55b0a066d5859702de85014f3f0f5;;;;;;
6d57a5aa952733376a17c623c4b8d9ab;;;;;;
4f6ce6b9847fb4755b84041625e439e7;;;;;;
0f5b71b9ffb1c6a991761d1ca2d51e71;;;;;;
28e56ae94403fe0b08845114b9a94103;;;;;;
08422bc2cca8e06d6b44ac8216862297;;;;;;
f5fb5848bcf401a2d3f28c959a8ec179;;;;;;
356a4ad8171eb87f88dd66d1ca2f4fdf;;;;;;
19122d076d53c5ba53a0e1efb68db23e;;;;;;
408f5a9078099cf6da9bfa17ac42d5d0;;;;;;
98379c62cc6bf0c60a94b6e0a009670e;;;;;;
f334ddd18a2362a4bf470196cf93336a;;;;;;
5db2077ba5ce2fbefe8bec4a277e8f96;;;;;;
4e0f8b7ccc4148d0db9e0a3bcf47f9ee;;;;;;
0e03b83b9e2987d12fa145fd847de0f3;;;;;;
1602870afd3918f6495f489586977290;;;;;;
b181c3f5249daae5388b4ae9fe7fee2a;;;;;;
ed9ddcb8e1c3a6afd7b717e1f373b7bc;;;;;;
f026c169991e9a1d22031f03b9b74992;;;;;;
24c6f9256f0f8fb90439016c4360af82;;;;;;
a5c3bb6cbb04ce191a72dd45d9c2a41e;;;;;;
3cec39b60bd669aad2a119c29e2df429;;;;;;
76cb37b6074a321d0a31aea495654017;;;;;;
367afaaa33420cd7eaaca82353d19877;;;;;;
39b3b95ad98a1143e8c752cb66a1ec5f;;;;;;
49b215e4367dc8c90f68d0d5b288796a;;;;;;
e8bbea79fcf0711139b45eea45b9c943;;;;;;
35dfbca4b681da8de6aa27299dd97f5a;;;;;;
af5f16b3c436dedc167dc77edff3fde4;;;;;;
4d545fbd8c1725ba9375e8266cc3e3a1;;;;;;
ddae86a4357b46979c08582e98464346;;;;;;
ecb37f86dead506c02ad5bb654f93b6d;;;;;;
8d0936d5bcd812ffb382d652b38d31eb;;;;;;
543b94e68cf577abc3d3e4a60c1e4bb8;;;;;;
fd73c807a62e4f9a234e5f29779499e9;;;;;;
e94375ec6d2ec862c1e6252bb1b9a2bf;;;;;;
839b49f19e904fb1b2c863a183c41985;;;;;;
4d36f18db0ed5f88be7831ea33b45490;;;;;;
cc1c4f7de2c1eb3bb96d66bf955668f0;;;;;;
c4933c088cc5dbb91c7aed01ddd3fbb1;;;;;;
33b9af7c9a7a38497bbd5bd0061c1757;;;;;;
920faa620f4f2e3c25dae4218e3803c9;;;;;;
09d02d8da6a7daf0d44a094c8eafbd0e;;;;;;
fe1082ac7811228ad169a0e30699dc9e;;;;;;
ccba8aec684b20d2600e96347f53f94e;;;;;;
d19ac310b6787c84273eaaf38e276619;;;;;;
9feb7a32053a0a1e9f274e918dc70b61;;;;;;
749416ceaafe4efa61b701095a34b359;;;;;;
5ff6ae52fda86ab953b5ca47148acb23;;;;;;
261e047cf61965d1d5240cbde942d322;;;;;;
84b20d5dbafd6e243059c8b86e714c63;;;;;;
e78f71d6e182996b729c5701b721a2d1;;;;;;
3da3df7810bc42e131ae62003c1a37fe;;;;;;
2c7d1d4e6d472e7b7e1111c64090e25d;;;;;;
bc8b4290c8312db6756780e71c3fd925;;;;;;
268cf1cbed11592d6f36c281f71ad4e1;;;;;;
00a8f80d01887e16a0843b481640e751;;;;;;
26c1bdd7c938063cccd051b6350531b0;;;;;;
4bba81b740a9371bb17c487a52ff8ddb;;;;;;
e5bda4469721ae2c07ea6a829ba3cf2c;;;;;;
3dab1ae4ee391b6aefb663d1cf8ccff2;;;;;;
42cff941c098969c55721b9a7b778db5;;;;;;
8b410d05e9294a37ff2f9959ca404c17;;;;;;
12d2eb316ee3f3dd3ffbdb9386121522;;;;;;
d55d1b0dd295e2306690ed2e6de1cfc2;;;;;;
226986cda530bea46d50a3f1d81b0803;;;;;;
3dbf7e180d84d4ba0e7686f9431edd07;;;;;;
735459e7d91301dd875e49ee3af3ee46;;;;;;
b1d0133e6cbaee228e310035d8464b06;;;;;;
cbfb5062d3cfa18ca1d0cea9409a337b;;;;;;
600b967d033920b413b320ef29331149;;;;;;
fa0de79c42248f82c1222a6308e17cff;;;;;;
2b14dd716354ad3b2b929bf2934a87ef;;;;;;
84bd14b94ed8956b9a34c229234b70e4;;;;;;
9fc66a6780bf071e4e634250f3b7b417;;;;;;
db08330395f67fd8ea83d6b2fc632acd;;;;;;
bd9616562d8b7d83f09a35c0f35e48cc;;;;;;
ec4b075af33977ae603de503d6061faf;;;;;;
7a9de78c85d1451f63784277f2577098;;;;;;
a0b8f86516b9c145a5fcf2cdc261de30;;;;;;
ad80f40b7c3f806ecbccc3b8a4aef559;;;;;;
30cb4060a946fc2354144eefd2fdb04f;;;;;;
09871959cbf8586d42a01556decfa7d9;;;;;;
2f1cf279bdedb2888df2bc92ccf52a5d;;;;;;
abd1f27667dd937bff7e3ba1914125bb;;;;;;
a3d244aedf4cb3863e2348cf01ea51fe;;;;;;
c4f7cc7e7a3a15df7ae89af8b8a50236;;;;;;
a8b0d017e739eae2bcdfa828995c58ba;;;;;;
1e292da59d70191ffc644476c0a663f9;;;;;;
5d1ca6e7e67768ed0b797ef1e27fb361;;;;;;
61232f31f263c313e09b7af228b63310;;;;;;
300883509588620e2f105f8658567a8d;;;;;;
986c6498be67a9899b271a72cf9aa9d9;;;;;;
2dbf5de5d34217c7e09993efb82fe10a;;;;;;
7456f41dc795fe05477535f1c1edef2b;;;;;;
7c33198c55786c9e5253ac7985cc63da;;;;;;
0e44fe28d2eb7d80567b36294938e2d5;;;;;;
491965fee47f191f4b4e86f1cedc9089;;;;;;
7c11d21373d47022d56efdb95919b4d1;;;;;;
8bd8a298a349dbfd3d3a9f65d580a62a;;;;;;
f94f0079cb19bb124defe345e3d22747;;;;;;
9d89601a81f5a77d68ab2cef6fcf9ec8;;;;;;
2ffddd44e67ea67b88a6aebab7c652fa;;;;;;
468b2d2269cd4decbd9035bc51ba77d6;;;;;;
3ab1a27df4ef0e32dabcf52b2d613654;;;;;;
5e9324f5bb3b02f0a26e304be7e35e24;;;;;;
99f8001052a616ac47b24bf92dfd874b;;;;;;
265cc5a53c894e036d3c9f6999d7386e;;;;;;
6f4890ef55eaf6e9744293dbf10dfd3a;;;;;;
39e249a2542a3e70da48de2a266ac036;;;;;;
3ae82af7070efe571828552fbbe9cee9;;;;;;
fef75e66e6118289ebb268047a0964bf;;;;;;
eac90cb3651e1fe3bf8da2e7f6d2a48a;;;;;;
ca75b6d6ddfcf81b42d206686f4d88f6;;;;;;
22e0300e533d62596f19c257169724cc;;;;;;
800e3b598247f7a059b3d7550dc889e2;;;;;;
4ee8e40db2d450352ea97f4467a2baf7;;;;;;
18ae3ea51ae9731f52d7bdd63fed8ff3;;;;;;
0ac7d20dc678425ffae3795cdad551d8;;;;;;
4af07ec462ec05616adb3e161a75fc49;;;;;;
1c53f3ca777a0536d0e6a1732f0faead;;;;;;
db77170593bdd7bfe7df48d7aad6556b;;;;;;
ecf4dfe9e3994f7a32841fd845cab971;;;;;;
7f6b6f4b29723f553fca72779817583d;;;;;;
8d91eb8886378214c84d31ca7a6fa452;;;;;;
b310de414e626be9c4892270a601e075;;;;;;
95399a5549bba868348bf3aac508033d;;;;;;
ba6302ba943b59f4a5b52cfed32c6e04;;;;;;
932a2974a673db0f854984301630488c;;;;;;
7da9c2b6f8709ef1d2fb50ba8d86ec0f;;;;;;
476d2b05ebeeece8a2be6766c822eb53;;;;;;
b1f04f049b0ec39737f1e9d0eb651dde;;;;;;
fa827091a8162ef32220591d10a863f9;;;;;;
62bf711fe9ff268b388587d2fd23e0ff;;;;;;
78fecbb774e7f7eb3e2e96b57181d7fa;;;;;;
ee92dc69216fecd7fec2f0a19a93608d;;;;;;
a96b739768ec15825989dc64f0c6f93f;;;;;;
03a3a1eff2a802c05229e04897bb8e6e;;;;;;
6a38c9442f88459fb97a16aa6b881ea0;;;;;;
87059bc308bc55f0ca32bbf9085e206b;;;;;;
4f3cc4313f4f45b5268e111496cd7224;;;;;;
222c3c0cac204bb9f7d9844136fab3a0;;;;;;
581d0c92a4cc964f55eb2909adb2e553;;;;;;
16147055acbfe5f91081dcb1f92eed29;;;;;;
bd6950230df2330850828ff347360906;;;;;;
b08780453cf70ee6b89e41183f1e8337;;;;;;
9f8487bd23b41d90a2f5af4d9f315112;;;;;;
ceb5cd646999ccfd2eae1577335a1daf;;;;;;
1f91093c7aa10c098bf3b8ab16e650f2;;;;;;
b2d6fa9c2bea09ccadbe5249cc9318ac;;;;;;
7aa859d72c214fee4805fd12c5eb08f8;;;;;;
30545f2d4e1754cf82be7c6e1e2c7918;;;;;;
2fa59bc2d6a59b986407b105feb5c12d;;;;;;
fd240c3fe25d8690f0cb5a8640586b64;;;;;;
33465e94b1fe936400bb4720b4814363;;;;;;
d7052798a376ae2dc3dc3f1a641318bc;;;;;;
59c76fcf92fa7b9aa9cc9b789401fe7b;;;;;;
eeab2c4ae6eb7555c162db32a9660b39;;;;;;
e7adbeee2bc3da67696415ba96a983de;;;;;;
4b6d3ee312778dcfe12ae77cf146164e;;;;;;
0519e898e3593ff454bf931e2bc1248e;;;;;;
6445bbc2d266351d110951d8841ffebe;;;;;;
732502241da5ff1ca025ead0166750e0;;;;;;
6a63809e242ff863f976da479c614518;;;;;;
13c95a62d80a9b30adb551917ac0ce1e;;;;;;
954ef68c91935a3ab77de02a8b122ca5;;;;;;
3582e3b4dcd51896ee2e3199218389f8;;;;;;
acd6b98e6854c587241668b9bfc16b62;;;;;;
6bdac50bf772fea6897ef687cb8711e4;;;;;;
5fa9a07d9a0c3262184eedf1f3ff5bfe;;;;;;
0076543c3b3f73285f5322aaf3ba04bc;;;;;;
91c4bd9c885f7075ad76c55542c27188;;;;;;
de7ec404e1fa63b321c479fdee09dd29;;;;;;
66fe34797cda9b0eaff27a0d1da88887;;;;;;
670c1b04d74c86c3ac2dd6f5f853e0f6;;;;;;
075e1593b8c295e4d8d04cd93a4a48eb;;;;;;
af5fd92a1742562f7537d6140a5d170a;;;;;;
92e2bd7454e6bc04e17e089823b51921;;;;;;
5057ebe74fe4c6286f0b1245462bcc3a;;;;;;
1cb5446d7b7624e0beafc3159928c87f;;;;;;
0ce31d2cf0c44265825becdd1e427b60;;;;;;
9de1405cd859ee9bb0b0b111e64eff31;;;;;;
5b32240c454b655432c2a9756c5c500a;;;;;;
958237cabbcba96fbb63ea6e4da44cdd;;;;;;
e25256811ed6955334bdd6d3332a44cf;;;;;;
70f58e6487b0a10a25c8d21ad52125d0;;;;;;
850392c33187e6e3d790f87f5c07ba05;;;;;;
1363ae646d2db3c033807aa4fa3c645b;;;;;;
ee0b7fe35fb2a098a8dd61c2820db1d4;;;;;;
c253df77058bf7897b1b671efd081c1c;;;;;;
b4ea0e8211fd6015e7a93bbb35649a06;;;;;;
b0c3574d6b906276869319dd0ab2f4b7;;;;;;
21ad1c9fc52af336ab72c843513f7c82;;;;;;
8a2367f091b0422775d0471ed5198fef;;;;;;
699b723cc35d5805266f97172179b0a9;;;;;;
b8d23617f13fb21482ad2611eeb56ca9;;;;;;
78c7dee79b446e8c1608b7fd772775e3;;;;;;
65ed5b47f2704295e64b72cc5058a1ee;;;;;;
11626ca49f56eb8e5326299cc493d1af;;;;;;
37c6280cf0ae60ff2e684bf9660931fe;;;;;;
8e8a3b4491f330077be97d834091261d;;;;;;
e3a706124982f7c840476344d0a318d2;;;;;;
4b30cb88030ab0c03126b580116ac963;;;;;;
ee5a9dd18e7f7daa6544c4f753e2ef3f;;;;;;
8e144c88c36c6cd284834430b7d54fed;;;;;;
52ab014e04d35e5c2cbfe7a8e90eee33;;;;;;
97d58d038b1195dfad9b5f3c6480ed0a;;;;;;
27fe25c36d5af8b3895d29b336c16968;;;;;;
130f4f4e0855fde32f369cbbc4512213;;;;;;
a0480baf19c7220bc57a37446e373e47;;;;;;
a3b2184443aeb3937e4ab4646d732c00;;;;;;
99b553e30e81052c69168e3377fbb83f;;;;;;
05d2993f431e35e7f0fcd1f4d9ec46c8;;;;;;
98b027d87b421ffa1c51a7ff8ee7216b;;;;;;
fe0e6f8e13e54198f6a22e33eb612bbd;;;;;;
78f621a317a118c70810850d59b26353;;;;;;
db7db1c8c44acf29799ce1ffb30ce502;;;;;;
7b29a787e63183717b02fd6f60deae45;;;;;;
45f2df73c8ebb93561bdf758a947e5f9;;;;;;
86c6091d911c55ae170ffa1296fdcb1b;;;;;;
ddcf7ea7e34b91e9c00f1860dc1a0c8c;;;;;;
4d9724419deed22f96e5d16e9974b282;;;;;;
beef56b3efe334bdc5cded56a1706342;;;;;;
a39c67a66e40cc94c390e7fcab8d3b62;;;;;;
e4c877b322cdf05bae833b3585e21d47;;;;;;
0292ee6dffbcbaab9cb6860d24d56d29;;;;;;
f05a4b73bf7981a3909437ff988e08bf;;;;;;
4de573cb3e158005b7c699a4f1d9a4c5;;;;;;
fe4fa06c04429ab16918ca8e9b7425f3;;;;;;
cf226f385e2613d06713c110f7b2de11;;;;;;
717f21995ffd396c76cbc51f725f81ba;;;;;;
9b750bf16f441ba9efd7684146f6227e;;;;;;
cb8be6b642f1f6466727c766ae364587;;;;;;
307c78d5bdc5deee1445fe751a3a591b;;;;;;
6692498d7c7bdf89b2519ca1844dc192;;;;;;
34a6639f4366ff77fd11b2b21d7c6297;;;;;;
eb54471f1a85a8ca94ffa657d4ca97af;;;;;;
2246f490f72a456eb050bc638e6a2748;;;;;;
4e8b95cb66327c4c6a91badfe3144331;;;;;;
34207ebf337ae7ed108a11770f00a7df;;;;;;
9a83fb0ccb1efb84db573f973e2007f9;;;;;;
d8218002f9f4cf5487ba8ad2ec315907;;;;;;
45a9d40215d42810bef63b1edab90441;;;;;;
aaa3d34bb53103d4c86d7841e6696029;;;;;;
146c86916ba8a30424afea3859627d3c;;;;;;
a3f92f30cd32103ddc2929f7d7690b6b;;;;;;
4e81bf852b9f7f24330ae8f29b7f79df;;;;;;
51e18454b8c0210255d6994fe503a457;;;;;;
328a261b3025538c49821ab5a3c4eb4e;;;;;;
fadb7b64b9fdb52b37e4005946c21239;;;;;;
2101b6946426eb0673e65b7378e8c298;;;;;;
0dc75882c7c47f076f49090b1a56d440;;;;;;
b582df92bd6be2eb12d41b528e0e15c6;;;;;;
8088a59ccd0f5ab3954eb7f6f0e8ffd7;;;;;;
ad6a5575037a487a606714d7d30db59b;;;;;;
f19c554c949ec018eabb24b3263328d9;;;;;;
d47be7b4999080540ce33b2abfe1029c;;;;;;
bf5f8663444d33f23025209da6b5f660;;;;;;
79415d0c8cc231930a4eff6022a7bdfb;;;;;;
4569b3eb3fa79fb56eca24e52808b4a4;;;;;;
09db47cf070324a620d090b73f351899;;;;;;
c8cf0c80204797fab56d3f3e3360d8f9;;;;;;
f964da70992707611372c91dcaa3d9be;;;;;;
78cc0537c4c1593690864c7a0cced7da;;;;;;
7656521983e8f46bc0d5560815f78242;;;;;;
d826eb312dcbcbaed14cc1bd682353b7;;;;;;
db4a0c6e4a06735aa5e122a752f8b6df;;;;;;
8656ab04916b822324d3b38eff59525c;;;;;;
ee912df07c166cb0cd07576843e94d4d;;;;;;
2cfce450e4d0c173ad1d93e2b603204b;;;;;;
b01d97929704f3a3e48e4685eb39baa9;;;;;;
df5150430dd85e2bec922a1d5f3b0f85;;;;;;
c1c2600a773ef104080c8173c671add9;;;;;;
96f8fc6edd27b9fc2f5727c86b7001cc;;;;;;
c34fa543017f32268a17985a244a7150;;;;;;
1c4801e49a648ee120c120315313b2ca;;;;;;
dec87d9e37585cc9d94f14b62ef6981a;;;;;;
4e84d09fa61278f0b5c8f9d42fd6d292;;;;;;
d935dcb74883180ec62615207adf3260;;;;;;
1d6e0d3e60707d67fa06177dddad5bdf;;;;;;
5fef1d5e6940aa92f64c17068e5dad9b;;;;;;
4ad6fb9a0a8253a8d41b5ccd7dbbb70c;;;;;;
3c8b67d030f652265d74aa9797241b14;;;;;;
555c172bff451fb61840b00ecb33158e;;;;;;
d9146edb53a6562b587a0c3d7210c521;;;;;;
2ebc8911bcdf7405786ab9f557a8d121;;;;;;
74018cee1d59da04f1acaa0e90eecd24;;;;;;
6d963773110bbd8c1045b1755e51f8f3;;;;;;
b3e7ec6461274fb97c9a07aa7429af2d;;;;;;
35dead242ea755decb6070b97c2c1a32;;;;;;
2283be8be71917f257d091877671fb89;;;;;;
6a0154379e235be4a214edaae890bf65;;;;;;
29b666a83b51f1d0195976f74e610dd5;;;;;;
b09305139e1269f1732edf52582b6a5b;;;;;;
62f19243e00fff3d0ce08861bd87fee0;;;;;;
426635fc326661783cbcb346df92a746;;;;;;
6eabe318c1688f75dd9b2e99d052b6f6;;;;;;
96d52d1b0d05084ba5e8fdd2c993df0a;;;;;;
44a348fcf933dd394cff98de60f2d48a;;;;;;
d1cdada7b5cf8ff9e52825193fe7517f;;;;;;
57d7874938ce1908812b00eaaaa83292;;;;;;
4c5a90641f288ab0da63b260cdbd7e04;;;;;;
2ec2b3effa3ab48467d3d96a0a9cc0f7;;;;;;
44e1a0556d2f421c4fca9c59a8661413;;;;;;
928930cf541b7eada59dfab16537c1c3;;;;;;
7e20a636fe310fa4f291ac1dcc806d93;;;;;;
2c1edeeb78304bc9a6aeddf577733a8e;;;;;;
c6d7ae33fd05645c21be34c739440c6f;;;;;;
1c619c3bbce23f8005857062184badef;;;;;;
89c22ab2d46ce841068b333dc5e90f55;;;;;;
6c4524c890b2f95bab0076e5e739fecb;;;;;;
f802dcd19cea1eec212b76c99cd15b98;;;;;;
133de4e62d380f3755cea6dcd0e3ffdb;;;;;;
8b4ee3df3c1e9aeaf0724fb72907b5e3;;;;;;
c40d28c061f49ff7d46115413a924442;;;;;;
eb23d918621d8292abe12305b4a005fc;;;;;;
6cdaa505e645739a4313abdcddf21dc8;;;;;;
7982387b05350fd96857644356bfba9c;;;;;;
adf37cb45ce38b4066dd2661dbd5b6d7;;;;;;
dc1b9d919cf646ecbc7eee34d3d178f3;;;;;;
9d34a06f3c57ecf72a3fc751be0469d8;;;;;;
f3ac99d660c342728c8eae1476cdf609;;;;;;
7f3c7b982adc2a89e2a9ec0dc803dce9;;;;;;
2c1899ed06f0fce363c1f0251aed6e35;;;;;;
2cae7a93979851d7b7cca7d71f57b88a;;;;;;
0154c0ac557d148621e89e2bed8ffa88;;;;;;
662ef7b8aa0fd60ed06f96557f164416;;;;;;
5dabea8aac60dba60db3be701a8e3132;;;;;;
1aee39e5661de8c4a6749c4de0384638;;;;;;
b78dee17701116c056f2ace82334a4f8;;;;;;
572b7fc83782f30f2b8b5d933299317b;;;;;;
e36793f9ce8f1006e7c1bebd89cc2c63;;;;;;
9c2b7c492954c88d9bf917d16edfd258;;;;;;
f54db84370f078e92c2da2dc7c5594cb;;;;;;
3e60779f288f80b36bf6d9aafd3ffee2;;;;;;
b43aadd6c2733eb7e18d527fe6630302;;;;;;
a13fc3b2ef7aea0309da96084fd507bf;;;;;;
d552aa92ac9f2e05eda295db6008e34b;;;;;;
5543d050e9deb687172b273ce809040d;;;;;;
e08c192761eb297bfcc1685b7ffa43d4;;;;;;
de37882cca475aba1dda273e2f0afe13;;;;;;
9a1a0b65a5babd0d5d27e704c5248ad0;;;;;;
275afac3aeed0899055f609633fb040f;;;;;;
cd232233b542f7a8dbb0589fb8bae729;;;;;;
8ec0c0342b95e22f9ec5f158477016bd;;;;;;
27787f6a2ca334aa1dff923a8bb326bd;;;;;;
af1fb778d7f2c26009f5647316b26653;;;;;;
667ca75b06bd883551498b75afec0a75;;;;;;
25853d573d935684430982c2f9078cf4;;;;;;
698435ec35b6b71a7aadaf3e7065f7f4;;;;;;
6383f8ffd0d90fa3a950f2db8e960aa3;;;;;;
5ec0bf3de42cc510c8d8558fef85509f;;;;;;
73fcfdfd69a27c6ff8546c2ab76185e4;;;;;;
e683bb92dd1a3b4d0a874909cbf06258;;;;;;
e446401d2d7f35b3bd17a8895bf29af1;;;;;;
239b50430e39d085f960bb1e417bd277;;;;;;
4b834a652c46659f57fb61afaf359490;;;;;;
2e9a5e157bda53a51431139592a86dd4;;;;;;
7f8095cf69cfc7377b9630273d337f5c;;;;;;
aa94536657ca6e6acf9ed7b711172ada;;;;;;
0bbad1c56aebbd7b15ac29f945fa4200;;;;;;
41b2d4289b6337171941cb1122e0595b;;;;;;
77667b90c422c917bb8b4c67f6aeb873;;;;;;
e5819d4e2c909529c6c0d8376d3acd68;;;;;;
5a81d34e10d84ef19270a41db750d6b3;;;;;;
d9919b33b22931d0e2e3757532307d68;;;;;;
afcdbd7eeaa5842f8f97e5af3a61a133;;;;;;
025bd8a0717f570c0e09e2fc7d25de79;;;;;;
dab0ec72189aa9dd73d0bd70ddb8dd41;;;;;;
cc52181218bcb4676d0e51854430d417;;;;;;
d670100684acc6a6ba36195528de678d;;;;;;
9d6fea560e5feb87168ee6c06ee6bb37;;;;;;
e9eb1e223c1a90df75fa74e0c98e4296;;;;;;
ecb5bac992bd1aaa34ceb935872ccfa2;;;;;;
4aa7f2a92e5ddd1e5296fc5bec50ef4d;;;;;;
85a85a09342a21a4dcc6426418a5b133;;;;;;
7500b4f8595d33c7cb10c863543b94b4;;;;;;
4e27434921773a7dbdd5b66a47ddfac8;;;;;;
f68dd0260ec7e82047c13aee314cd0aa;;;;;;
6e4ebd0834a5c97c75aed7e3d2a3381e;;;;;;
899204e5818b81da5a4813adfc1b9375;;;;;;
ad07b6a954d57b4f96cd6bbb33258c15;;;;;;
d2356cf781ad5b4827bec366d53f5d0d;;;;;;
b6fde5a19356ebf638eb15a0e8215b42;;;;;;
06aa648788ee44e15a9ed677a6c615f9;;;;;;
aa8b5874f99fc5f80d88a2a2c6b4fc7b;;;;;;
cd3471dd6bff6343133ff5d271e70f52;;;;;;
5acc998d835093b154fcaa6913de7a82;;;;;;
6c79f1ea3ed40ee18d58cac9d0fe180d;;;;;;
85390107d9f342eef05011b0d31ed5b0;;;;;;
2cab002879e23b2b790baf6841c613c9;;;;;;
4a059b3efca070b2929c1316469bbbdd;;;;;;
36b334089eff52e28c575505012b26ec;;;;;;
5790060c9d85b82cab270f101b550380;;;;;;
91de33642803bbefd5f2ba93e9ff5754;;;;;;
d753e496a7e0e7c1a1d32748b923e807;;;;;;
095c76beda4fdf43964a7cd30c0e8539;;;;;;
9da97f2b21ae5ddbba70b9412bf75331;;;;;;
8d9869693cb0759a21085486666d8762;;;;;;
23940058531e080889bcc82a39ac86a4;;;;;;
c8024672e35f72824144866c786596be;;;;;;
aebb52fc096ba647303f8365556379c7;;;;;;
b50669dd0f057989944ebe82d861ffc1;;;;;;
d5f6382d8be4939b63d66bb208eca0a6;;;;;;
2bf4cc95f597aa9afce0d1d9b7d623cf;;;;;;
3ad474587133b05307a8d6d38bd966b5;;;;;;
ce2eaa1198d44b007f6722421c728b0e;;;;;;
416d4857d56bcc5b63d0f1076de90b48;;;;;;
ea7d3cb4cecf217a9991b199a17b567d;;;;;;
189cb7b1e205ca1c01e395aab6e33803;;;;;;
bb8537eed17e41fb8f53827de98d76bf;;;;;;
f0dd76a9884f9085171e575fa8e42896;;;;;;
dc0a207a7627161ef8b54e52927b94a6;;;;;;
ee3a810daf31444a2011777679796168;;;;;;
d7a28fefbd123072be81d95ce83619f9;;;;;;
d6f5bb16ba4063c93d44460ef5066617;;;;;;
17d91493632ba94ad12249b24546a4a2;;;;;;
b1b137518b501eb5e9a3d618fadac073;;;;;;
d7f8ad4fbce910428fa726da3c2c6e04;;;;;;
a88e13d5aad3e06a488e2b0eac57e208;;;;;;
55f8654791dbe9a76e2bb12c425bed8d;;;;;;
3eff6321b1785a206626bc3cd49c15d4;;;;;;
454eeed016d41461c47be929e04e2069;;;;;;
d24bee59600b6382c7070952ccb4b385;;;;;;
5d693c7d5b0ddaa03709ed0f8a6217d4;;;;;;
1064434c6fee0a9bae75b593202e743b;;;;;;
1317891d9806999e103cadeb3db10556;;;;;;
23386ed09d9572a50e9d242f78d539b4;;;;;;
517e49c8ea4838a8e27194d2c53692a5;;;;;;
0f1d17e56c0df89d2120cc4265595bca;;;;;;
70c883b56d735ed61606b725b9f7de04;;;;;;
d6a76df01ae4ed0a6170bd73f19739f0;;;;;;
c0ba4fec9044347a86d312ddd1c7acef;;;;;;
03eb263c295d1e5eb83e357323304bbd;;;;;;
43f50ed731ebdebd6ca3d5ae39ff34e7;;;;;;
7570b01a53a865ab8d5a73a681df91a2;;;;;;
192fb87b26ea11a467fe18c8cf59aa39;;;;;;
d9559a78c631bb042f9e31e62f7df15e;;;;;;
79773397a697688a2e9535bcdbf75026;;;;;;
782ebf2e7b863ca98071c06cdff9340c;;;;;;
bd8601f0888d8848e1d9d0faabc0521d;;;;;;
da901847223bd0d73598d3729a736402;;;;;;
94d303488191dbb994e6693deb951898;;;;;;
6aab0e3af03b3c0a1298994d232df076;;;;;;
d3b8faa72cdd304b0ca31fe90019c3e7;;;;;;
e1ff0dab7d3f76c94ada95eed0670134;;;;;;
a00e3a6c2a78bb1f208f216e1ec6e471;;;;;;
223b94f141e7940f9441cec852bef4ab;;;;;;
35d2bdc7e1f529b7d7b517c1d48f7011;;;;;;
1d71987957b408edfe6caabac557c584;;;;;;
2b5b261facbab98894427bef1eab9c52;;;;;;
d80fef01194eeed564d4ab9f421dc52b;;;;;;
9447736c6f1fef38afa580e2f62cf0c5;;;;;;
5fd911260acb6069ceb495c7837cbf7c;;;;;;
e01e5eecb05d1ffbd2af6752301a176a;;;;;;
6649f5a08a3bc3b9d48f2e2feb73c7f3;;;;;;
a2eeb32f62783bd746d85c21a3e8e865;;;;;;
d7f92cf76cdc3cac481be6cd5ef7f64e;;;;;;
be6a35a7f8518329906386819b891ec9;;;;;;
76d6f8d11e242bff3330cbf3d61af566;;;;;;
4d8e499c1dd5931e6ea0027003d6d1b2;;;;;;
91e878c38c5a13bfbdd4cb255ebecfc3;;;;;;
a5820ea890ed5f7ed21c79d644956498;;;;;;
3be5f11a273c571ccea3d1d7fa4435f8;;;;;;
b45d664c982256db9d909e4ec868f555;;;;;;
b4b24be5cb7ac6156c74922e6dc52c35;;;;;;
40ca432658e3edcc5ec0852dcd87bcbd;;;;;;
4f31dcc8d2ccf3aac717ad933dc2fb4a;;;;;;
fbd56bf8818624ba5dae056a34e64b11;;;;;;
b00c1f1b99ee17abca9e18439677bdfd;;;;;;
6b6da933b4fcb8f10b1264754519f8db;;;;;;
55ddcdb7294f699b51b36c8b869960d9;;;;;;
107806169da3f69d8c2c72f09da8af1a;;;;;;
5cc4cafcf1375ec60f452d55ed8c898c;;;;;;
85fde7805357580b41c65844cfbef81b;;;;;;
a746a711cf85c65adfec4065ccac0976;;;;;;
8fd9430fafde081d5374c42a7336ad95;;;;;;
c36fdfe15a3d2ff94b27c5d6b4b30213;;;;;;
1b270adec5078648d54d43728aa5b094;;;;;;
1b6a3519520cbc65d592be616c669a88;;;;;;
48125fb65a7d08d4400244557f21ce4b;;;;;;
5a8e524ea31bec53cc4598b2b6dc6f16;;;;;;
a31b41d46321ba0ce5ca5eb87b3d5faa;;;;;;
3134cc2892b8b44a1769243b5cfbaa74;;;;;;
6a938608d39a8129cf573a0582c9157a;;;;;;
950a6968a8d11d66425f9c13c2c6a795;;;;;;
20d2e1948eb642b05c90336a6e9dd194;;;;;;
dc9b241ea1fcb6f5e3322582d81d6096;;;;;;
ef1f53499bcc1624384833097b844503;;;;;;
1d5e1c5ee0b94dc3f230edd4bcbfa200;;;;;;
115fab2b89fc3bfe1bb65753085e9580;;;;;;
128e2c33ad95ec24fe2d7e15b42faf11;;;;;;
66e996c59a71711280e56bf41fc10cce;;;;;;
45984fb32c0757cc045e4caa669708da;;;;;;
ac9f3d0a43357dab54712955a92cf44d;;;;;;
d6cfecbe32409610e6396a05970a1eb5;;;;;;
bcbe47e176ff81d536b95f9ff605932d;;;;;;
813467f5dff78a49bcd27ee05a496d18;;;;;;
826abda41f5db3f61a82033ec8a787ef;;;;;;
c56eb49554442b23ebf81f00e037d32f;;;;;;
9131863cd8a27b7125ecd746dc5ccbc2;;;;;;
965b04ff8e83def548bd4cfccde0e0f8;;;;;;
54adc888f8e4745b63c7af21749849e8;;;;;;
21a62e29c1af90fad7f3e9f830368b15;;;;;;
0f3626e28a353d1722cad64402d66085;;;;;;
6aadcca5dd9a36703335072dacad3d9e;;;;;;
32ffae2e8329208237a49649976310cd;;;;;;
033043b019835813e516d8bf563e8d57;;;;;;
ceada2713287895f6c643b583aa1732e;;;;;;
64ea3fa9836de72824614522139b55fe;;;;;;
71def863150afa3a6b24ba6420107f3e;;;;;;
a3501b68f60bf74f9f6d308f279eeb7f;;;;;;
ef2fc7d9537044b258774ef2af285f3b;;;;;;
494c8e6aa38a48e22c10e03dc7eb8eb2;;;;;;
4cea7a2c75befaf19c454ebba0071fc1;;;;;;
56eba0ba00b0e40fc5865363a958dc7a;;;;;;
26a881e0b7acc99fbbe483bced093327;;;;;;
139f373c4d678463c3ff2d95da69ba22;;;;;;
29a76056cc21496f69a3668ec12771f9;;;;;;
83da0085d6536c0386863c92c51650a0;;;;;;
4745e98cdd41a9a7c760826dcaaf6c9b;;;;;;
88767deac51d30f996e49147d59085c3;;;;;;
24c93bbe799456facc8e10312bcc0cb5;;;;;;
7b7570428e3156d987537ae13740e9ec;;;;;;
7d8e9e4b96de49dc7d904cd1697fb675;;;;;;
9acb273ff3cfdaf43b0d639e97e7134c;;;;;;
168dcc0757b12c92aa71e257935cdf84;;;;;;
899ad9d3f019fc4dbae858e59671790f;;;;;;
dd2641df5f40d6b309a26d405c44fa8d;;;;;;
c69bda0428f3aa05cd463915746b07ca;;;;;;
a7d0e8cdb6f7722dd9403f713f16fb2b;;;;;;
318e2e3db013422664a8b2731c98e0ee;;;;;;
fc18505c2b52c4bb590ee69f2c890fdd;;;;;;
bc00b0a6e6230d8b0916e3e54e0cd608;;;;;;
2a8be5551b87f907888ca151c4e714b7;;;;;;
5b86c342051e7b8674af9a42f9eacb91;;;;;;
41c987ed72a3605b484285a4fe270cee;;;;;;
ef3a6dc7f63585e41eef029fe67fa726;;;;;;
066f6c8117b82e15cf37449c726311b0;;;;;;
bc7a61c53522c077dab2f78aaf256f3b;;;;;;
44730d764f0747cbba1bd27b09e280df;;;;;;
20faab63d5527106b2a2d5812afa524e;;;;;;
39579ff102fb55cbd073dde388576ccb;;;;;;
169da11998bfc9a512637300495a3763;;;;;;
8e464a60a56d2a777f04d4f2a5bb5837;;;;;;
26d000f52dc211310be78c52db459569;;;;;;
df89145167b57a110b2f791ae0713953;;;;;;
ef065c4c1d4555342ab59efa037a8dab;;;;;;
c909a34653e3835e40fbda0a521b5402;;;;;;
44e3f822924f220351d50e25765a4c2c;;;;;;
f4aaca113a7dfd85a70e36661687ea2f;;;;;;
1a51390012fc44a5a2250adc043175af;;;;;;
17d203ad36f88f8bdfccdf6a535d2a66;;;;;;
55431dd3c9f6cd3d4492b5d2a1c9e3ed;;;;;;
2b7841d2b42d378e87d590d005b4095e;;;;;;
185b6c647caab5a78c5738f5b1d17169;;;;;;
f2467363b728c57447b4edcc118bd1f9;;;;;;
856ba9520a103b0cc3baba7c217ac82f;;;;;;
7733a36f85ba0875ced1e8c6fb53a7a8;;;;;;
b0e6b78aeacf4f34cea43d9ff29f8c20;;;;;;
7d07550546ab5145afce63d46b43736e;;;;;;
03f1555f63f46b22d2667035099aebe2;;;;;;
fa5c74177c14852b582655f19ec02617;;;;;;
717ad32ac22e6b4cbc5731b28408afc8;;;;;;
26b625325206e4d3a76217d2f953303c;;;;;;
e4198d7a1ede0c8ed6608f04760879a4;;;;;;
6df2e68738f8b753c4476283d95ebae6;;;;;;
47b51723869e9bfbdcf08b9014b71764;;;;;;
fa37ae4c0edd16cca3b6f3807153df3e;;;;;;
e8cee8efdf9d97070f081b7ea19df227;;;;;;
0b84b99a911ba726abf05251a2ded16a;;;;;;
4c8023e088f83ea6426e00e9c94df3bf;;;;;;
832d258519fc5c92e59e7b83beec6be5;;;;;;
b7d3e2e48de8f85ea53da186048e9259;;;;;;
c9222a51ace742de15b62454f7bab8d0;;;;;;
456094afb6ece2657b32b27d090b36bc;;;;;;
dcd09ef7d6f8df8b8013a0d0e1ffdf27;;;;;;
026df20de038492ef0a8b66f1c6ab52b;;;;;;
dcf2d3bad0c181848f0fd0c98dce70e4;;;;;;
d7b08b85ee390f2539df150257d0e5b4;;;;;;
aeb7a91fda0332a4d845709fb893a3b9;;;;;;
466452909cd7b1e12b3c0e12ba2342a2;;;;;;
5e6ac40f6be5e971659edf7dc4b723c4;;;;;;
12a937ffed430aeef32196aad064d461;;;;;;
d438e2330b01280586cd7d6093ac5ed9;;;;;;
49a761d6389ae781a61e5e837910a4aa;;;;;;
e645f3865a6ac74bb820aa0a2fc88681;;;;;;
ee1587f89d4f63611fd47310302da06c;;;;;;
6602e9e8966553262a88de0fcae478f4;;;;;;
658fbc0938fd826f0c5aa9ef3af6caeb;;;;;;
cfc8326b8ceb4767ef9963e6970d8dd6;;;;;;
96dc431902c1a1bc09594e506497b250;;;;;;
45a9634299cef607afc91c553f5aa1b3;;;;;;
7a0e01de48f292950ee5a1fecf6def85;;;;;;
971b46fdc863f0be83d147cf8b20a0ce;;;;;;
95043f42d3a1c20c260e60e6e298d7f6;;;;;;
854bf76ee2418a4891e5e760979ec979;;;;;;
d9d6631236bfb3611198df878ff91cea;;;;;;
41a88c57bc51da87fdd7e31ecdefd899;;;;;;
b87d967b79b541c28c302b22372e4ccf;;;;;;
aa77c64cfa890fb1d340e5be1dfa4468;;;;;;
f87c5fea2e91798123987b669a9b0778;;;;;;
56289bf7307ea7411d95e864e1791eec;;;;;;
b2ae8421063531337b0072f4bdda33ac;;;;;;
9caad063b4dce8bbc2a1874fce0ccf2c;;;;;;
513fede4d99b09b45d7a3209d2271397;;;;;;
53bf262bceade254790c9d01ea7fbce7;;;;;;
3c149f93fe691e0a9ecfeb2f0864a9fa;;;;;;
ba0fb6d91a6d3eb2ca0051201cea82b4;;;;;;
a395d88c7473c6459f356bc03c6eb0d8;;;;;;
8b73d798a57efb988a94ddd96907b514;;;;;;
c0a982cb179d6c0f68c0fb8606165782;;;;;;
496988e2f324dad6ce04507173ab3070;;;;;;
16a80b7b62234ff37dc5f8bf44c83b79;;;;;;
44519e39e58e5dcc2a01f8019ca2f598;;;;;;
42233f5c0c3d3674a4924bba368469a4;;;;;;
ba0b8e538aff241c3bb923cc5b5cd510;;;;;;
7a55369f47ef73228719592c0a2d24b3;;;;;;
f490d63f9db8a48bed78a2132f2df403;;;;;;
e6fb9191ca14e5067d80d3bd6ba547e4;;;;;;
627926757ca2253533eb10f68741f9af;;;;;;
7109339816f7280f11d4f1d46bd65b4a;;;;;;
ba8ba7696017c0aa93cfb45033ebc03e;;;;;;
5fd081185c1929eb60142ec5ad77fde9;;;;;;
218e3c062acda9110133eadb771e16e4;;;;;;
491f09d344526b2a1abe064dc1890d4b;;;;;;
66b7f4b4a42a7fe862225e18e1f18f0d;;;;;;
086a782574c2bab4bdb6cf5c545440cf;;;;;;
679fa5d5ccdae30eb33fd4cf6ba9165a;;;;;;
7585eeb7dd942aa62a9dfac166ebfc62;;;;;;
eb0fd0a3127543ad8d5ab2d5b29fcc48;;;;;;
de98c5593fb29d24c1c4d836bf3598f3;;;;;;
8334fc781de202dc467dec75ffdad966;;;;;;
2a61ac5aaa891649b6d6d8a16fe7011a;;;;;;
99381994ebef911d8af911a9ed50b22f;;;;;;
1196a341a36280792a3c38a28837365b;;;;;;
7a50d6d6d03f9c186204a9adf875212b;;;;;;
510cca31db3330aa476f151625b77599;;;;;;
be39efe79ffad25f1847eef98ace18ab;;;;;;
0cf76ba3e1bf70b54c8899721aa58277;;;;;;
ea58de6a0ea8cfbef94de84228cce265;;;;;;
97a0645bc760873d157b89ae7dc6e768;;;;;;
6c38df2f826564b7bee38854132bed40;;;;;;
9fac9e787b95938e9bcfa9d3b6fac58a;;;;;;
21773e47a87b7a2a87598adcb50f66cc;;;;;;
93ae232a55ab6e4518e266d23b547420;;;;;;
0c5038b2bcb053a877dd454301da8282;;;;;;
1e768492f47dfce7c96f386bab81c39f;;;;;;
0e2a9045af0d9abdd8cd09cc071c5d11;;;;;;
4e7d7b8cc46fe0a5dea6457769cacce2;;;;;;
8bc73c0282db7fb1b407d4ea2a6a03f5;;;;;;
4f693ab1e8f4e4dcfc0e458b787204d5;;;;;;
609757dd75f0cea5f7525c76ec118b00;;;;;;
81679e48bd14d87a916df012f2667512;;;;;;
b1986cfdec3631f5d9bc93d83e71f432;;;;;;
a78ca413c095bc2cd7ca95c70b9dc37a;;;;;;
77574ff1f65b51c4b9161b6e28f8fcd3;;;;;;
28ae510ebcaeab90c2eebccd33a4281d;;;;;;
67fd668a7f411e8fd2826af8c60df2be;;;;;;
ec289660a651f51f056d9a3f6e9fd7f3;;;;;;
38a78b4b099023bcb07f46e82285c71c;;;;;;
15704490c365d69b29db28865721aab1;;;;;;
aedb348c00f7484d177b6a96f22c3005;;;;;;
eb942be83554753e068441109d6f1247;;;;;;
99a122999b738ef2217dc154808112a3;;;;;;
980877f7a5a8ea24dae5ab8ef07203f6;;;;;;
be03272f82d4fa1e12a91edca19ae2fd;;;;;;
2aa08500e6fd635231ccc66efe86dd00;;;;;;
a835b4475fe6bd132a882948cdd964a8;;;;;;
4572728ecce6db4147c7a442733fe45a;;;;;;
f54a3f8f0c8650a9ae5759512a3b208b;;;;;;
b24d8369bad575f0f4763b8bf8b8b7c6;;;;;;
c575fddfb5881b7b397b43554aee6ed0;;;;;;
48967d34760c83d427352078c11414c8;;;;;;
a22465de43a85e1eaf4eee4f6b8379a6;;;;;;
ecdfdb11fdef1d53f3df7532fbc3962a;;;;;;
b6e5b066ccd1ea1cbd45c3509987a70b;;;;;;
112af86b8d6b0e4798381922d9a8f8d8;;;;;;
10a325ec6a315b892570fe6a66027808;;;;;;
4cb9ce8d761c71f2621ee1304cb1cdd1;;;;;;
a19defe3dcf32562c5af46951106054b;;;;;;
2e06170144327e0cb4caa2b92bf2ba52;;;;;;
b04b50ff83f212a87fbffcb50a0207ad;;;;;;
44fe3b737a881a5659b8daf1115300e2;;;;;;
c4f63235bc410c903e45ff1c06a40a26;;;;;;
a0318db8fb81c84fe9d08ea60ef8551c;;;;;;
ade4996327baf1cc1681e8d01261f543;;;;;;
1380c9d9f18be9614d1a3015b5adbd2a;;;;;;
22743b272456c0cd95716b3c9aa0a89f;;;;;;
e0c2ffa9b115752aeaadc348a94eb776;;;;;;
732834755d6e9d216bbceb8599793921;;;;;;
d00aab8374eed7562761dd34ce5b4cc6;;;;;;
2a60026eb4b5c82f6147ddfb7a2a3694;;;;;;
5804aa3e190b39392312e33d8a99b2c9;;;;;;
39a7d38c62ce8cc334b5716db47445e0;;;;;;
0902ed40356734a2b3fe81da088f07f8;;;;;;
eca7a2e2b6f4d35c2c09744090c9fcb4;;;;;;
ca2b60837e6d11a21af2d11b2c730deb;;;;;;
396649dd5b495ac4c32f57084ecdf6d3;;;;;;
572b8e48e2553f039990fbc83e35c149;;;;;;
830955a74eb828c92d01033da806bde2;;;;;;
4f7b6b30b42239c1c65495bc1b5edef1;;;;;;
a47b979ca2eccdab09a3261e051be161;;;;;;
3325c096858e763a5bef431f014f44e4;;;;;;
8b1c063703efc3f33a868506db61679a;;;;;;
ce6f4b5fde5ed7c7e652baca4cadeeef;;;;;;
96a6d02a8824aed5ccea286caad4097b;;;;;;
34ae9335627098b753b8aa5ebe363dec;;;;;;
7b8dab7835fac076f0c798305acf5b0e;;;;;;
15c10a7cb79fdb38532d24025a5d056a;;;;;;
a6ac087c228d4c7b9d87249cf26f7cd6;;;;;;
73850185b030710195027b2fc3ef434a;;;;;;
36bb94b9218485fef09e7111f9364003;;;;;;
51a0b6cfd5e0e97bd1531ef6289ec10e;;;;;;
da2d4b7142d51929d8af579290c9c458;;;;;;
6886e9d5c0a0b5274bf20e4e1a643081;;;;;;
5efb2571fc217c6b92d4c20a4f1ed65c;;;;;;
73f7257986f04c98a2c46b8376c2fd45;;;;;;
df71d25681f530ea11c5145859f9097c;;;;;;
adab0349701371e03b56bae33fb7e29e;;;;;;
50c1618603e3e4dbdab5a28b99e6defd;;;;;;
40d6815c37e607e01c4018e5e3634542;;;;;;
70beff8f00f3cc151e5f2ce067c0ddda;;;;;;
e5a8ed31586bca1dd99ba27fecc2b9aa;;;;;;
b6f68aa98f97d5ea5285adaee2fe15ab;;;;;;
521f8bbfd2fb8224db054eea6dbc2d31;;;;;;
90a5fab8d6164e5ea7e6a549def1b549;;;;;;
f5ebc9aaa68f2eeb0b94becbf15cf3e3;;;;;;
12a7bddf994706d0fdad12a1cbb8a899;;;;;;
514396d8645c485be1b3da2a74c2bc67;;;;;;
db9731c5c0566ef2aa9b867bfcdff47d;;;;;;
8b0efbdf0baccf9f2f0dd32f9fe437f8;;;;;;
4436f6fc83ab39b21056433983ae1a05;;;;;;
32286244bb412820cf0f788bbf4fc758;;;;;;
e524f929348725e764f07ecb1ba8bd2c;;;;;;
8a437b06189869a9c1b84431c5c24b47;;;;;;
12ea1277af43b84f875349cd120d62e2;;;;;;
945936bf2aca8928914ac983aed3b810;;;;;;
f98cc68d067d4d7ddf192e35272cde04;;;;;;
488fce1d6ad9223b3d082016452636bd;;;;;;
00a3bcff2b718e9ae0b728dcabaae9c2;;;;;;
e10a86240dd55de10c6275e81fdf5372;;;;;;
f0cd2fa291d1a5a39f2b1bf03196152b;;;;;;
c5e0fa22df30293a8abfdb3517936530;;;;;;
8cb0c824905b0571117ce7a16d74fe3e;;;;;;
aaecf092a2e2f4ff5ef842024273df8d;;;;;;
58e51ce891c870f0a8217eefa95d246b;;;;;;
6b2a7a2b355699f3ebeefb9cb83ec9f5;;;;;;
d9051548d9f9ad083c6317709d2506d2;;;;;;
9dd7d60f8a473674fa8993183687acb6;;;;;;
0974a14b8fdb8529b006e555740edfe4;;;;;;
282f6553658ab0ffb739a10073a87101;;;;;;
defa74ccd5236c45e5f939d0ba103507;;;;;;
0550fb669193f013fdb627273d046bb3;;;;;;
d15ad81dfd4279ff236c30fb521ada42;;;;;;
ae66f966d059ec20578b845bd5a5c298;;;;;;
d9ac31d0688b100ad0c6f123441ad7b6;;;;;;
29f2ceecebe709fa9351ff92fd8ea5cf;;;;;;
4360818ad66f201368bc4fdc0d2f769b;;;;;;
50e430ff2d3d47bafe836d28ca620c28;;;;;;
b796d48e91dd4686b6c1379f95422b6a;;;;;;
df81e3d7509587510822492a4044de68;;;;;;
be628c5ce6c1040c824a1cea84542c6b;;;;;;
77824550e692aa132a76a8e09d7c5119;;;;;;
e8e8ef0a7eb83566c4a8ca482d837662;;;;;;
7b0545b26230b6ed365fcfda15aba5b0;;;;;;
7201182caaf8c8b75128865390e7fa9c;;;;;;
f07a3dba2e2c0e9eaef603030f7160ac;;;;;;
5a6a4cf7c744b3a4e04dc45668b97fe4;;;;;;
f8d4d54427be78446371276c521728dd;;;;;;
5abd173fbab78e01efe404a83b68c463;;;;;;
59f522f2e67ab00384f861da4acfdab6;;;;;;
81a743a480534aceff098ed929d9abf2;;;;;;
5957e8757b51fcb4c2b379790f3260eb;;;;;;
9389f97594414714c905e36af4019721;;;;;;
08e99c7da4d712b342b7bc382ca132f2;;;;;;
6b63f949dd87e8c192a1261ff08abfa9;;;;;;
1ecffb4ccdaf6e9d54a2a884e17b676f;;;;;;
55028e92fae684edf1792e3eb01ae62c;;;;;;
3e300d46691d36c362c7ef2b1ff75997;;;;;;
3858078ca41aa8c96a2cfab164f00788;;;;;;
7dd96cc813fede47021303a807d01710;;;;;;
8dc897bc98ad77e45f9ad27e2ef473bb;;;;;;
13cc4f57a202210a228e9f505b4ff098;;;;;;
43776458f8e7e97a2fcd402cef25a7ee;;;;;;
87bfa9b1d372e782df040d7e1af444b2;;;;;;
487af566d976349c8caa14571a90220d;;;;;;
31c1a0da1858770b6ce21497d9b36a32;;;;;;
49e45e9cd0823b4af0f536174eb15d11;;;;;;
00ef49c07dabead1ad4450939839b6ce;;;;;;
b6347e921111ffbad16202160d3abfac;;;;;;
7e6187bf6f116107c0751da98151343e;;;;;;
399e4b1e8d31fc09978a2c22cb90fd7c;;;;;;
bad4be2e8c2030dc3ebdb0a53dafe809;;;;;;
012c177a2464dbb3cb31badc25a1c2ab;;;;;;
8b3c58067f2d13871226f11470ebac4b;;;;;;
5be135ab6950b27903b21092d9bb9aa7;;;;;;
b08256e46c2d547240f0ab812f1f3576;;;;;;
5fb7bdad88f70dbd569e3b038180c570;;;;;;
8a833293d0ca621f751871b84fc4c729;;;;;;
09737ccde9e9d0ea2da5811bf3daed49;;;;;;
394137e674b30b929e9d0565ec82e773;;;;;;
39e931a3e685e9b144168221b1f24c9d;;;;;;
41722cd050be9d1a5c404109d1f6102c;;;;;;
cc1a4ac41c526c8a0204c61ce9f68809;;;;;;
982ff6aa9bc4a9019249d112ea0caf67;;;;;;
a40c58df88c676ed42be2701b4968a42;;;;;;
2a0e60e8cc6539a0af9436173ca42eec;;;;;;
17eac513a54656bfcd65bdebea03362b;;;;;;
21fc3cd7e14d99f3c2a9e70f1ab4e92e;;;;;;
3a9f354f134ec90877a0bfe7cabaf1fe;;;;;;
8d5fe3e0949213d490804910a48a0786;;;;;;
aacb42017dd2abe6bdb612d4fb2c2537;;;;;;
264b11a320196725c940669c18c0b88c;;;;;;
2f7dd3168ee18e10b03681fbfcc5fd56;;;;;;
06d8b1c2d1b3516e14bd8e0439e162d0;;;;;;
fd5e5524e9bcc57ace732334d1e13c06;;;;;;
d8dc42ed26fd4b29b052f49d03d29fef;;;;;;
e691933b77c675a0714f5f58e76bb428;;;;;;
734c618a334791e200f0de46dd07ff30;;;;;;
b1e19efff4b41f1f8a1cb4b5c3f77367;;;;;;
e4576858ff56e0aef9d873105edb0388;;;;;;
2a3677b7bf402004f1712a316cdc52e7;;;;;;
43e5dbf5e5fe63060d1ab130ad790bde;;;;;;
c37062e0400d2bbded260ce0aaf949d6;;;;;;
2ab1d31da54787d9e702ec8d04a74559;;;;;;
3ec6c6d45c04bf569e52a14de69b63ad;;;;;;
6cc2cc34acda833a81b396e6926ad863;;;;;;
28324a986057ac4d6da9c72b161f12c9;;;;;;
f0bb3782ff3c4330e85b9d565aab9a6b;;;;;;
a2fe3bb602a16f29dfa9636ca0593f01;;;;;;
eb70aec2aeb7dcdbfec26e9a198a6421;;;;;;
dfae146ad3aa6f0291aa90c2fa1250b5;;;;;;
bcfd5f1d3deb1f6caf85f092a4c04a49;;;;;;
9838840c8b3af8dc877be9cd73fc7b70;;;;;;
db6566b4a09f86bcb0cfdc2ee70e2a1d;;;;;;
2f90fcd0b0b3098609e2465a33ec7261;;;;;;
5a03b5a9dd3c8bd75b6f8405ec8939fe;;;;;;
939e7cfc687131048d3a7adc8a12443f;;;;;;
487810390976fb41d516362b0b0d90c5;;;;;;
024de95299f5524586d1ec319f953132;;;;;;
e1246713dea49a29e125e2c6d6ddb7b7;;;;;;
af3a987534dbb4db0b6c39946209f9fe;;;;;;
bb4f6c8bc529c260ce6f73f2997c447c;;;;;;
94717e934ecf34078030f5b8108c5959;;;;;;
84ac9d26fdb2dcfe140effb16a733cf9;;;;;;
2ea12d0550472961f645770e2aa42166;;;;;;
bf49beedc683a191a8dfb744ce744c6f;;;;;;
331f3cc6eada3a340b764e266cf9a582;;;;;;
d21c38db5cc6631ef644a771fe870e42;;;;;;
7231b49268e192a407509111993f7aff;;;;;;
da8236bdb6b37abe125be6b2eb5b7974;;;;;;
cb2d804d10827e0902d2f1ebee623180;;;;;;
6ba812efa119941d1ddf1411bbb4d934;;;;;;
ae00de96f2782dd2610eca1f748f5a99;;;;;;
d8569b5b72740139a81e75b8f542f287;;;;;;
40b2b37b7688cab3478f3aa67d8f423a;;;;;;
982347f6d9e2a0c96c30c04e14826fcf;;;;;;
c7fe1353b22381d680b18c0ca664d4bc;;;;;;
9d963729588e27bb92a4a8f2f669bd64;;;;;;
658f386591b3a859ae429eea7cdb3999;;;;;;
e3b37d239615ff21ca081e0e23f8ccab;;;;;;
e1ce3133845d4408e6741dc67e676d63;;;;;;
3e9b0855bfabe503840e1f5d6562fd68;;;;;;
60aba1e7d79cc07854a01ae3dabf67cf;;;;;;
4fda631a7a2fb4cce7f7e75b81dbba2f;;;;;;
d10c619c24ec99499f57222731eb8013;;;;;;
1570bf3bb6f88221894cb2a1df1031f3;;;;;;
b522628afee122ab4d09012f5b437084;;;;;;
7e5b590391517cc4e02bec9ec3df1516;;;;;;
f76d101ec77abca911571e8d6bb48bd8;;;;;;
db824ccbba7eb5fda83df4f15139948d;;;;;;
f1722a233a65385e4a1324a2678145a0;;;;;;
c7e79b4eff6a4beb947daa0b9b2dd65d;;;;;;
e04123389b802958130d3e96d60bed46;;;;;;
1d8bd27372323c2918faf6abd01e93b4;;;;;;
db69448822e003df56098340526fee85;;;;;;
9cccb29cd2c1b33024876ec9a8266510;;;;;;
4373c65d30bafedfaa8f00cf87aefc61;;;;;;
f18d841985f89c51990ebabff08d9fd7;;;;;;
65f27f0566459c73b78e045575129a41;;;;;;
124a39d3972b4e66e0611d446b70265d;;;;;;
f120fc0a7e3ed58fa224e9936696f013;;;;;;
3cdee888af9705d9496f2dcc9dde5d58;;;;;;
a2d7a105902d39383ab9e73f6bef0ff4;;;;;;
77374c7cda98eb215ef17ad7d17656d4;;;;;;
bfd9047aa61a113119893c912555d3cf;;;;;;
bb764a64514b6130977daf375a231d08;;;;;;
55b38a3db6f7181bbe50367e784a14e3;;;;;;
f9d2c81e60544dfd4fd7a53bef0616ca;;;;;;
05aa7037f9de5b761c56c3b90a439e34;;;;;;
1b22ff90e0b09943640d1db51ab30ec4;;;;;;
4ccbc499ecc865d5e5604608a58028f1;;;;;;
25914da208cc4429aa5d50fa2c753e67;;;;;;
ed9abdbe0871ac09b4f7a23bc221172b;;;;;;
0727d710e6101cd2ec5c110aab7f0930;;;;;;
ae45f4c013f607c8977d61aab5befc3a;;;;;;
ab0016959b13167fbdca6bd4d375bb84;;;;;;
49ec1d9d83ad2ce4e854c396f67f07c4;;;;;;
d851de48c8973b25735a07887402e687;;;;;;
87f39d99817c1bd93634211c603dc488;;;;;;
c5f39cf3a247d7563e260a26392f4b9f;;;;;;
ab5a361bc7ab1f75d9c82cde6d451638;;;;;;
d36c1f74eb2e92c0c0f859dfc714d8f8;;;;;;
51217579df15f2f0af40d53f1d9b108a;;;;;;
6694cc2cc65d2c66c65d3e683e6800ce;;;;;;
e2d2ca26a91c0409260e132759d0c01a;;;;;;
a09c75a5f955fea12fba61c99afe9ce6;;;;;;
4542fad881052ca4fd231fbacd230c5d;;;;;;
26f8e9fb2cab427f0f87d80b2688194a;;;;;;
8910d82289f34e00e345f68a9118d3a9;;;;;;
c99bb4e37b659a78ab096c616dc0cdd5;;;;;;
e20568777fdf64d4bf789dc139b1c55c;;;;;;
d1f264f7164f9da73347e1fd3c3aa6de;;;;;;
3614e98cca4594f0fdb17f3746490205;;;;;;
25a8b62a3e90295dd7e9244dd0ad0e1f;;;;;;
d7bbaa3389602c0e6800262f1850e0a0;;;;;;
15a0a2885a1e116462db71ad5c2a0b52;;;;;;
cb0ca5bedcad9c672a0903ae76de2711;;;;;;
d4667922c3d4d971dc5ce37c46572263;;;;;;
05081348aa66003b74c3dfb1e336927f;;;;;;
c210b18510e762625d423c614b7690f8;;;;;;
0d0100dce2d534e08fa4cdda9e2bc5ef;;;;;;
e98804511997079daf9800e2a9d24d86;;;;;;
6983cc79edb598989f929a5b646fc1a6;;;;;;
def69e30f9c85c8919ab75e2e30189e3;;;;;;
a19087677e3c97aeaa2a00c646be3f33;;;;;;
8c30c2bfad32bcdb70cfdb9c28cd0dab;;;;;;
e45a624f7c9468e5b08342388f4cd2ba;;;;;;
2518c2c48e2b8aec366105de50074806;;;;;;
8be610374d9a575fe11f6aa0eb88a9b0;;;;;;
547faffa2d1c7b76b5107b76bfaf92bf;;;;;;
14451ba54b4fa12d9370222baba00e67;;;;;;
dd1a3bf41659ce22e10d412894468614;;;;;;
ded8c1591a223c1f534d9ffdfff0f767;;;;;;
3babbb98da4e6a84268f1e49a226808d;;;;;;
17424fc602883ba7e9bc2cc80bd8ddd4;;;;;;
2c96e00d8c290cd470ae1ab8d7089355;;;;;;
e3d9ced65525fd0aca3169b102280f08;;;;;;
7dd66e5b4354730caca9cc9ce7c5f0e7;;;;;;
b0ae0619d127d098c91e3ac789e3fdb2;;;;;;
66b821d5c0825f4e16a68baa8ec1a748;;;;;;
8614a3ed87ba41f50f284a6448b4f7b1;;;;;;
0822a67038e7318ba59ed81e47d8b8b2;;;;;;
f87f590b249e141d5aee0e689937ca58;;;;;;
6b51f0e8d42dd3751e031313141a35dc;;;;;;
6bee18ac79ccef7689314febdd0a05a4;;;;;;
96a7b40db8cbae40ae874db8d9a1fd34;;;;;;
8761c2abb0b6b6b29ffb9a879c35c2ea;;;;;;
03a107872526829e4a0deb8be3997f06;;;;;;
9e6ccf26d8bf148d08e9a498d4b1df94;;;;;;
b8cfb9046e4378b69c2c0570123c8a1f;;;;;;
8ee828c84ef7f0641b33e2c1957d3500;;;;;;
0b6fc39596135775c32650b0d4ab8ffa;;;;;;
6f90fef8a49560e56f28953467fe172b;;;;;;
602139f8316357afde0ac62bab9963d8;;;;;;
27a5016663cd697f5119fe8f2044f374;;;;;;
ccbb2274355e0684fb00bb9822072860;;;;;;
07e998ded0e34a3f08ba2d08d4ebd546;;;;;;
2b8e5d3895dc36420c457971fd4503b8;;;;;;
ff7985e80fbaf24e1403d89d136795fc;;;;;;
40ae94d2b5111eac483a299a0d9e1017;;;;;;
7831863910ec050b393135c6b0f89848;;;;;;
ea5ae0ec6401b623f5dec1c7e58cc45d;;;;;;
ebc3e7e465b8607fddffa1c381e286c1;;;;;;
ff449408fb95c30c11de2ba2ab205bb4;;;;;;
22c600a8e61790785084c274793b43a4;;;;;;
22474bbe94a68eeaae86324926df0952;;;;;;
9cd498017cce15d0b0ceaef3eaf5bf62;;;;;;
bd16409d7441ed52da025b9a7c4c7311;;;;;;
238bfd28780e6ad9075b8a50d26e5d75;;;;;;
ed0204e6930fbcbc7cbabc9a872e1742;;;;;;
62fb3bc20e4118794dd65235795ee6bd;;;;;;
c1360fae4316dab710589cf1ce0204e8;;;;;;
fc3eed9afe82ffabfe90dd72099937b2;;;;;;
412bbb8e8b69d04bf58b8c70ceb20847;;;;;;
ef095c6d441c2259f92d11e2bc7f8d40;;;;;;
1459e77116e794bc9124773230d59c55;;;;;;
36294b7235094de5801477d09631b89f;;;;;;
5ff6a7d21dc919cb7c5db76bccce527f;;;;;;
658ca41344e712d238439b694da522d1;;;;;;
774950e878a30a38305a77ea3fda0643;;;;;;
94805b3f9faca44f3af8cf912e09c4b2;;;;;;
a19de15a0fc6be31766d366af140e31d;;;;;;
a715785f88a2f21a68ed829d2f4844e4;;;;;;
ef02c45b8cc7144549f2ed050f88a0d5;;;;;;
d06eabc462477ca2fd36525eef3e5abe;;;;;;
deb13a106b93dd0afe46c9c743b4c6af;;;;;;
8a97448bad06ce2b4e96d5b6f9dba15d;;;;;;
4e28230374bff0a57d2e5d536d99ab92;;;;;;
1439800ee1fe9cdcde84a2c85ef48156;;;;;;
c4bd185539482cf1810b4bda343281a3;;;;;;
71d50a440c18ad773a334f1669ac533c;;;;;;
5af618e51855916c9f966a465b391192;;;;;;
765bcd886f54554b316531fe5dddf5c2;;;;;;
fc4de6f50ff5e50cd43cf731322c9a6f;;;;;;
4af8e46a2b9c21bf352f607f8d47ed7d;;;;;;
54c6f7005c75e20e579aea7d17dc95a0;;;;;;
9030955dbcb530e1b6e5decfe1424374;;;;;;
c778082b33669f9a57a9eefcebd75cf9;;;;;;
c9c6d4c84878b9485a67b7a9aa1e77db;;;;;;
7e24a33db9f2e7a2a7a8fd090cad0899;;;;;;
a67b307ebd42d91261eed6c9c37bdbc3;;;;;;
29f3dcd53185014a7b44d0a3e954a248;;;;;;
4ef01fc101d4e89b8bf70fa17a13c602;;;;;;
e669999d65d2ad39b91dea9d2c053976;;;;;;
81c75bef8aa6aa1987af80615efffdc8;;;;;;
46dac6650a856c624bc0b9840197b8db;;;;;;
cd268ab8b39026586fb244bfb89f2848;;;;;;
ff880483b9e3d2b3fdb9077342bb83f1;;;;;;
6bfd70fffefe955d4f04376d2e21ab54;;;;;;
98c823e4cc0807e027da07993d7affa2;;;;;;
7cf403a33275e49edf4004d467614b53;;;;;;
0deb1d3b243ffcb0a0b9b3cb52c5837e;;;;;;
f9fcd6d66f95476cb77e79bf67db4967;;;;;;
8f6eb0956d6e3f3050440e8365b9a846;;;;;;
28ecfc6f5666d955bdb8eeacaf477caa;;;;;;
6da118d5f309596d04f527c6efc9f601;;;;;;
e694430f2393ee52ef6ecf3149dc6673;;;;;;
6856f276875d7ab943988e2fb7764e27;;;;;;
0618feff753e9a46eefd5a2359d1fe01;;;;;;
083a93785417717840c4a8862342a262;;;;;;
0658812e1f09e53ac4d42242173a94f2;;;;;;
7343a0e1ca184e2f57515fcd25dcb15e;;;;;;
3978f590faa62e4310244173081818cd;;;;;;
cc81f7b39ed7e931cc9b01ef0bfcda7e;;;;;;
0c2ee5ac97996cdfd417b68e2fd887b6;;;;;;
d81c488e8d3279f16cc44644030310a8;;;;;;
a0baae85b7b451e49fb498ab60b711ad;;;;;;
ac68a9e1eb405894b66f2e8972fc88f3;;;;;;
8017d804c1ed56d5d38662e0d31ff0cb;;;;;;
a1103676c994dba80affeaa152d4e2ac;;;;;;
ecf10bb269ea68641d52b8a7a3cda036;;;;;;
7462f5783f300ed91ce2e0f3373a153b;;;;;;
d9d476c712354e517184435bdbe6c958;;;;;;
af41d59a49693306bdd5f05a1c14710c;;;;;;
29baba9d963f70baaf0522a42e8d7ec5;;;;;;
d4c25f4e822a36f261a50c18171a8ade;;;;;;
7665dd83ac0fbcc96bb3d2246f725a80;;;;;;
18ca130c5436965ba01a3f75974f4a18;;;;;;
5323243eea31ec7fd211880f76517318;;;;;;
6e4fb051d4ab2645a6a950cad025b587;;;;;;
4d3c6bcb183a1da04f89691d3760d740;;;;;;
ab9d003b00c7fe45b1f8a8a1c2d117a1;;;;;;
9e24112e98fd6f3c325a5f92cc9242e5;;;;;;
ad7a7f196130ea64906d573ed89ab165;;;;;;
390400cf7af2b7843e159d102b411500;;;;;;
4a80f51e89679d82874ec50fbc9667c7;;;;;;
604d4f2d7d5dc4f03e0504cd28a93f5a;;;;;;
e74c34d185987d6467bf0c0077ca23a9;;;;;;
c3ade7b1c0f2054a77a44559f4ddc83d;;;;;;
95a7c8c361c603e3008d2c15cb6a3f5f;;;;;;
d9211f76c4b6f5cff8fee79a5432e0bc;;;;;;
6d4b3c2141176c0dc72e8d2fd27f1f94;;;;;;
de3ba83f1567fcbe97a3d812fe80bd58;;;;;;
dbd901c1d055c41ca9e640de5b2c6723;;;;;;
cd4bd47c7d8495bf0eb8f7ab7aecfd6e;;;;;;
43f5586c6e5ef8ffc980ebc9eb33af48;;;;;;
18ce77f80db97ebf1391509eee4875ad;;;;;;
d4a075dd827a9d61b4f6448fb0c191a7;;;;;;
2332abe48fad0800a02430e0866570ee;;;;;;
e6a0fdb13c195b833681354f731967a9;;;;;;
8f733becee6bad331cd59190b146cad4;;;;;;
bdb1ab962699935dffaca6c5dd05e0ba;;;;;;
fd2c054ae5bd40b93542703c91109388;;;;;;
c1709b792661725e5e41d56def0c10d5;;;;;;
c1efdf279f1a3bde5d9f012c3acf9ac0;;;;;;
45a312ec16e3a86347cb9ead03d5b96a;;;;;;
22b6b3f1fca687819073d703e30cef25;;;;;;
11966964ef77059c7ea0556f5c066be4;;;;;;
4988b0439d89744a08af11ed8763aae7;;;;;;
ff76e76b008ac71b12bdf8df62f2d39b;;;;;;
fd91004b848308e0fc078e562b1f9849;;;;;;
3f63fdaf82ae63c8650ccf8fafee7e2f;;;;;;
e376bbd8fe25887c2adbbcb8c4a331db;;;;;;
7c5a6b299ea90d96684e6c718f3ef425;;;;;;
c95f82373be6f9ff7700403f27cb95a9;;;;;;
4bfecad5209b4dbb90d78344d8b75aa3;;;;;;
f27d0d8a4b90097e5c727a7373442c53;;;;;;
c7e419fc9f594300defeaafe091de13e;;;;;;
412b4014a302f4b5be73cc4ffa134615;;;;;;
564dfc6f5e25fad68f554666657c4a0e;;;;;;
a1aece2797b2f9941626a2f12ccb1a07;;;;;;
6075335141e2899bb18cc35e6d63ce25;;;;;;
bcba3d6e3c0b9692d763fe99a495f9c9;;;;;;
cfeec65f38ac11aad6690290f3bdd1e7;;;;;;
1aa191a15cbbfe5eece7d6b06df77be1;;;;;;
562e9ab14551f35168b377f042a50546;;;;;;
6bb9a0e97e90580300d443650785e80a;;;;;;
37cbaa2c2d474807158d8641ded6b76d;;;;;;
bd2f8002149014d2fe974facabfe84c5;;;;;;
99cdb1946eb4be83fe0cbb35d88c29c1;;;;;;
c6c7ba7da08004fcdc893c3a609f34a2;;;;;;
70eb6fab75fa39832abba332d2e615a9;;;;;;
19f2b2b3901edf75c98d7001e1de2934;;;;;;
04268a43da341d069136913ec498f69f;;;;;;
332c778acca3000c0d8ee30357acdbfe;;;;;;
1a9b0e865374071def85fa06db5ca3db;;;;;;
a1bc6949d039d451a70f7e0f31a89539;;;;;;
fcfec868e8f349b598d771f63e80316f;;;;;;
fb9845c066e56dda951dab125061d241;;;;;;
483b085061598c2a9e0c4647fc70c28f;;;;;;
e547ee8a11a513362ff29d33217f53ae;;;;;;
f9cdbd8ffad18b49363ed84e73055aa5;;;;;;
90ffbd7755c0d108dcb52ea5a3e0a42a;;;;;;
d2ddef41c19ce767be761fa006d9eb05;;;;;;
d6b2e87657f22b5649229cb6ece7d0d2;;;;;;
410d9d3a5eedb4881d74143ad4755a94;;;;;;
c00ef2bf458339e7f32b9d5b211e862c;;;;;;
9f0f24003fe752c5184831761cb6ab41;;;;;;
f537749ef0bec90ae79e0ce096c51eb4;;;;;;
8af9f9e671d570a40b3ae0e2124c55e4;;;;;;
9524ec21a4aa1c0da3ac977deded5edf;;;;;;
713ab85e492109e7a366ccf4842a1c40;;;;;;
e296c4128eed23d81196c443b56d032c;;;;;;
f05a0109e7616385d9347e3335b98320;;;;;;
33954affc2aff58d0eba7fa3e2899dc4;;;;;;
64e7fca59c79a884a0bdba171a72a2cb;;;;;;
30d2483642d689d703bd892a31fd43a1;;;;;;
df321949af20a6e7af33e564d8a2e075;;;;;;
93b2f543c5ed80c39a065b9c41532723;;;;;;
8967d258d620e598f3cc9cb45a38e1a1;;;;;;
65257a50d8c0056a3f5ac88496159f63;;;;;;
77974213fe2f49d1d60dd306708a492d;;;;;;
7db483a6d9e6bef036ea833bbe806e79;;;;;;
9b8da2960e8949b82a29cb3b9bf5f504;;;;;;
685e2d05221f8392c6058f7c78693339;;;;;;
a78fd892223f13a343b23c3f8a1f17b4;;;;;;
c7846bcdaab5ff9b6b6bb26f81c65cf9;;;;;;
b79d2d6811a18e75592e431c0edb3725;;;;;;
6869edf608e10681ccf4bfdf5f449f2d;;;;;;
3a5cfea71631458f704845d626896eab;;;;;;
4ba7c756620784404767f8e654f9c72d;;;;;;
0b4674fcd3e4f7d2de1453c4a997d873;;;;;;
c88ea2c0916b41fc60e2124305d12649;;;;;;
2d01142afd31542fd22a77eee00d8c86;;;;;;
3f4463cb9af009350e882be34873e2dc;;;;;;
8c1d649fcb34821bc07c18275b50da7a;;;;;;
575584958d38c3599e202871b3ce4f2a;;;;;;
0e523764d23a2d9fe06081858939df2d;;;;;;
8c8d386d98e9f353247522bcb814b3d2;;;;;;
5f93bf103100bed025a684b15404b0e4;;;;;;
21604cc636f084fd95c0591aa5a685fa;;;;;;
49be1527be4d75a96bf27bf648661b19;;;;;;
ae9cbba760a49417da07e3f55711c06a;;;;;;
854d455c247a66303b63782058dcf00b;;;;;;
639bc5a5128f0ac9863436c2ee1c455a;;;;;;
fbdd11c34a55b2e6fd57c35090f43e67;;;;;;
db2e1bffcd6abddb9cc034dcb5b9505f;;;;;;
6436021db1b211e0fab236c70457097a;;;;;;
55d4441da6cf764f2f9114c11a4cedf0;;;;;;
118ca73264cbd9d224e1916b7a265c05;;;;;;
886519fb4990dc9f1d362e73cdc13a04;;;;;;
7f4a628ef5a314bb0db5c69db9e7c7c3;;;;;;
1cd5b8ad6b3919c4803490087d9d7562;;;;;;
b0a48f8f1257cf54ddc83ae52fd8590f;;;;;;
27cead9edfb0697745fb31f9bf84b9f4;;;;;;
0233e708e4837fe7ed4cf22a112fd85b;;;;;;
74d9fcac8c6e37f867cac2594db4bb96;;;;;;
2fe5d0a54773f3034d8d262c5049655a;;;;;;
c35a8b436f387223e47a28246fe3a8ab;;;;;;
2bee7a348f30c3ec8cf4354bb610157a;;;;;;
04a1e13db3bb268d45f477d0b8424f9a;;;;;;
401f27e74d9cc7985dcbf7e79640efe5;;;;;;
139153eb6e4ee2c6929ff15a61475fe4;;;;;;
2863fa772b5873b4d947683a4f4dde35;;;;;;
6a458945619574d852d7338e2075075d;;;;;;
00c8ae35c40a7084e7f6f05a68a0f958;;;;;;
50effbeb43132e6c9866933e750bb66a;;;;;;
a452a06b960d27f2e967fad14a03f472;;;;;;
2975ec8b378a0a735e67217f5a6d77db;;;;;;
d743465bc273b7287b0bafafab82ba3b;;;;;;
b9a2ba6de6c043c90a0c1bb21b816a62;;;;;;
b08b5a2af88bf0729cff1313a5a1c269;;;;;;
eddffa9ee1324131045327c4e7fee27f;;;;;;
9140ed986ea629ccae4862bb1cf0397c;;;;;;
b4679b64bfa39501d4a4c375c5f9e033;;;;;;
0c94deca91ed0d89b594dd8217cd1003;;;;;;
85a5fd737f99093e498080bef632f8bd;;;;;;
ac2774282186bdec363856cf9965dc61;;;;;;
0629b3d48c67beb58400c810fccef98c;;;;;;
16ebef7881b0886418b99747e7bd1364;;;;;;
8168343902ece97ab9944103f9630aa1;;;;;;
28650cf4071cb2c8ab2b14603dae6c39;;;;;;
9824a503aace60b9edb311e2932093af;;;;;;
175960c671e3788f9ac8a9c1991ef06d;;;;;;
c2c36e85aa13dec886bb5fb9a2180bff;;;;;;
aa8d458b8502b7c5ff7a493a2e64f4b4;;;;;;
b9dcd06530d8e22ca0afd5c89d6528c7;;;;;;
81d33a2b0041d549c27aedaebcd7d106;;;;;;
f509e3615f1e958b08713a719af3dbe3;;;;;;
415cc670b1010b8bc612a6d1ee1903a6;;;;;;
d45e1ac3898e851ddb413b3640efac8e;;;;;;
4afb9086bea6c4b860597bde1436b488;;;;;;
9659c1e0ac0d4b7a0845c8c9e899e78c;;;;;;
5b8d3fdbfd3f5c4fbfe82e97fdbc51dc;;;;;;
68d9eca99c05fe966a81b7696d0715ec;;;;;;
ce24543d0930abb361503c4ca781f280;;;;;;
b7de8ee1685e2370202c69ee287303cf;;;;;;
c84f4cdf0d951ce139a0f53077d2caef;;;;;;
f17ce1a961f76e7c45c198e3c3749ee8;;;;;;
f439e76ad4af00f2bb009d0b90407230;;;;;;
bcd21e8046fb50f72b432a329c77f66e;;;;;;
4d9c7e606f089443edfd2c295a9b3f19;;;;;;
6b74f9a3f652e5a73f040fed540cb837;;;;;;
7e7fdd51e2ce2768c4e4261e701e9ff1;;;;;;
322dd8b3c21dc7970d2ba8fcd982d8d1;;;;;;
4f162baef7c9e70aebc8ced0a4196cfa;;;;;;
5569bc13e07893493e802f824fb0163c;;;;;;
2a316006c45e0ed97d94dbf293705bb3;;;;;;
643337692ce33d2d731c9a8cc3d5ee00;;;;;;
df3d6787182d77a737fbac6fca658a44;;;;;;
fdf452e7d2ac7d618f7cf06d087952fe;;;;;;
88b03bf23d8d22c74b759af066f4b8fa;;;;;;
2af9983ef48d57230e25317e0bba61d5;;;;;;
e2225b3dd6a8b73a6af921b256fd0da2;;;;;;
6f69366a7a342566c19bba9bd146de69;;;;;;
53f22888d1e5802e79ff1d1c1220ce5e;;;;;;
4324d6b1bad64d1d81dd3831ca24ff02;;;;;;
651d5398d23b08627ce7992de0203e24;;;;;;
289534fe62413f6d34806f76062b74f8;;;;;;
777e3c499ab5ab5b1d29f210393d8d59;;;;;;
817b8275e91df01471d2b5dc5d5341e1;;;;;;
a67d5f920f2cad4aea3f2d27c76e7e7f;;;;;;
67d9f24ea58bfd7c76a79bc2ddf0031d;;;;;;
a924f5319fcf9be189b0ef085776f468;;;;;;
6b7f3909e866a57513b67aed8fc9b09c;;;;;;
c18b7883b145a192392412c0449f2ce7;;;;;;
b9da3a1644eee5bcf1201cceb13619df;;;;;;
de0024298f33a5bd639afa54c4c16b58;;;;;;
5e9bd0370d25eda0423cc9f3fb250d0e;;;;;;
8cec7e7576f2760ea984905bcf41d7e6;;;;;;
e02818faf4f039c473bd4f1123a6dabd;;;;;;
321fa082af9433579da1ea593d04ba72;;;;;;
335383ee93febe34342dfe17dcadc58e;;;;;;
e03ef90d23837c343b72f54d0bcb2279;;;;;;
33e97baf309f74afcf24425e1f6ca3d1;;;;;;
2eff4f30e652137ad2586bea689e2c79;;;;;;
fa7b01506ab4fc9817dcd0e3158548af;;;;;;
e1138cd25542c171a6e8c05f4140a695;;;;;;
84e6d5dd3806bf7a280bcf17a482ebcb;;;;;;
8b5046f8767b2f814fbb7c3aea9e0528;;;;;;
49b883cd96a5fc3d382e301f981684b3;;;;;;
51b3d7256c7b6704241e4cf03e930e53;;;;;;
823acd1ebe3bb5ee18a5d220865d4b3a;;;;;;
f4730c170b11611a02a897370d60d073;;;;;;
955fa2c6987129c6e0b4a8ad4a908a9e;;;;;;
710a954a9b8b6b79e821666253ec7a5e;;;;;;
7b408a95a5b82b90bde0bbe43db6681c;;;;;;
31c79e6077b5e90e266869303f550e89;;;;;;
489892d2ea2076d1624b85b9d6730c8a;;;;;;
9ca6d58c4ee6edfdbdb20b64c870f4a2;;;;;;
ebf637ae3cb001fb2505ad9235e084f8;;;;;;
a0e203f822017b4d6072d376f9e3a9e2;;;;;;
644f5724f057bfbaa6dd16ffe7294127;;;;;;
6c111089e141061c8fcb071dbafab3c6;;;;;;
393fa7c7136325b076d265e447a5042c;;;;;;
209ed990bc8022968dff27045a9206df;;;;;;
f121087b97c5cc2b97d34670da1d015a;;;;;;
403412fa7017a99d316d4719b7ca0cf2;;;;;;
1d713763793bb3cb3e8036ee76637edc;;;;;;
7459630bc5abba55b60614af05c0d3ef;;;;;;
1ff1dcf1b36210fbeb98e7fc1d212c2b;;;;;;
4bb66f5f8c62a0f7286e0fa515099dbd;;;;;;
6e3b09893c9437b3e9a47f4e318383c9;;;;;;
d87e8dfda0747bbc8c7e5aeabcaf8c1d;;;;;;
187df32a8e625d7b07b726de9c2d8156;;;;;;
8107d694a69e324d1698f8b021583767;;;;;;
aa483c5c909d68fdab350b0c5ddef7ad;;;;;;
4b51762fe403d33da89f4ebbb97739bf;;;;;;
150628dc277be78ccd23c2ed68020128;;;;;;
2fde32d39fe067a7df37636b4a5dbf37;;;;;;
c385eddeb6739245dc21b32613fc90dc;;;;;;
94d3681c84142ae7656e890f66b814a5;;;;;;
8045d6d513947f02f94474c559daf8ed;;;;;;
b6def4167b85d61e3f472c8c7145b80e;;;;;;
5aa190a7f710087d28c166ffba3c9815;;;;;;
41e010afd961865e6c73d1c1d004289c;;;;;;
dde5d3d3fd7295c2717c3c7863e089e7;;;;;;
21cca24cefae5244c7a59868ab2cb0a1;;;;;;
7c998db7eead3ed506fed6056c9330f1;;;;;;
983e15657a05bd2ac3ee5defced4f269;;;;;;
e7daf5fa5adb0b6411dff9dfb3be25f4;;;;;;
64dfe21b6d26ec5903fd3d586337dce1;;;;;;
6f12c7fe8ff8382f4baeaabb65333866;;;;;;
54b0b29df7acbce05a8c8ab778daa52e;;;;;;
cc6695025ef33396936abce136db6986;;;;;;
dbda2b1769fad0c24e5234ff865bfd4c;;;;;;
4b5cef832750525e9d511fe9f07c5e37;;;;;;
164cc23c3b088344d3290c9f83191f55;;;;;;
0dad3728c3b13b5c75975e856a74d0a4;;;;;;
2174f863772436d061b1e32a2c4efe0c;;;;;;
bd17fcd5669de159e98fc9a9ead24855;;;;;;
6c8afac8cb81811e9767ef77f11a294d;;;;;;
4474f78bf31471d338242754556adaad;;;;;;
52dd4f1cbe05d7e00cab19aa73280198;;;;;;
eee7bcd15960af0b551f536a7740d847;;;;;;
7bc0a6188ea16fa80d1914faab63e641;;;;;;
0414b5567fdcb77ae4d0bf56a0398477;;;;;;
ca39c1a21e1fb41f27d2c2dbcc3e9cbf;;;;;;
c59dc95b3e8c45583fbc4fc226c18ddc;;;;;;
0edeb8f6e9a5df7ae8a53f21815133c8;;;;;;
1af04de8c5d87862a31d1f00cc35bada;;;;;;
9edef8ca29e7d648d318a3f3c89b5b67;;;;;;
10f03204c721e42bfdf158b7649c75b8;;;;;;
7d03cbd891c422f48564ea1097221a4b;;;;;;
f3ed288575108d695e6a39758ae8cc3b;;;;;;
c6f49bb5a6fb1735886781228ebf48f5;;;;;;
45d994440283809ccac19b6922d5e837;;;;;;
573f5c98da2bb0a188912d3ed68d96d0;;;;;;
3cb649e308a76598372613561f86a2fb;;;;;;
c63f6492d91377cdb761d427e8afd54c;;;;;;
d7126ffbd6566a50a2bdac91c63df345;;;;;;
f68207edbbc21d3649103335686c28b0;;;;;;
61edf48a559dd57d0d87dff1a79135cc;;;;;;
6f74e1d9976d3b7a4fcc0fc0661c8adb;;;;;;
2f336450a59ff3e63652e64a2b226fa2;;;;;;
c732f6b7da3a86bc919168247a167f02;;;;;;
33273802215827ca41bc723ab80927dd;;;;;;
a6ca4fba7b65b553cf0948484786721e;;;;;;
4b05fe1e14f8562a1692f8ca7614be67;;;;;;
b27e66034d933717837d960150431bc4;;;;;;
fbe5f915401131f509b9c21e9e26126b;;;;;;
cfcaee6e8fba43d3f8b9ca4ab3dc175e;;;;;;
0f5cf19cc92614d15567ae897cab82d1;;;;;;
8079e1853c5f506ab9fe19603acb7479;;;;;;
b953685ccb04466574f7b4f499faa7ce;;;;;;
d37724477addeed42930d969b0cc6d4d;;;;;;
4cadc52f896f3adf9f0a22adab9aba94;;;;;;
493ea523a36dfda90c8bc8db767e41b8;;;;;;
9e9a98fb63ceac3a8fc8a8dccc0a25fc;;;;;;
6aff538229234aff37159a4451aa2b00;;;;;;
6a629e5cd5cc35ffba987b750d4a3bb5;;;;;;
1add56530ad5a9da793dce3b89555fc1;;;;;;
766870869d28e90d1a3753cf7aec4088;;;;;;
3bde5f9935ab66803c453421bfd2c5fb;;;;;;
6be3a0463a6b1974d26a402d5c6eee4f;;;;;;
c201bccc6d3d3841d0bae41bf423725e;;;;;;
d142c34ceb1a60415c606de26af8e5de;;;;;;
27d13a7b25ce585144ba87508a65d10e;;;;;;
909f882c17a5f87bf9c879f6b93e1987;;;;;;
3fd38a0b1c1f860564a877bddd3c691b;;;;;;
0fef112dff6fdfd626e5dd197a9677fb;;;;;;
a77f02b5efe0a82bffb83f316858b9ef;;;;;;
9de8830f28b64b966deff8b6a3cd7fa9;;;;;;
538ba40e83e453dd7be218e6bc0029f9;;;;;;
9f00f7cb021b7946809da03f9a4f4aad;;;;;;
55e725940d176d3ecbf256c3e32df918;;;;;;
98a8682f2bafc65c1caba320a32c2210;;;;;;
a650b3b3fe9271040211e8c5afaa07c4;;;;;;
ac4a9fbee98793ee336c74cdfe0d73f9;;;;;;
de2257ce896d3f914b804c7e797fe313;;;;;;
99f70b91edd3cc52e63a277d15beeeef;;;;;;
6d6316c84e245bee7e5df3121922ae62;;;;;;
04e331c07685c5480072881d681ccc75;;;;;;
0017a5eece3cefb655a2520e4fbc82b6;;;;;;
d7f3fbba5922f7b8ec00a448fb7ec3cc;;;;;;
dded2fdf1f7c101da1b787c9fef3a665;;;;;;
de2287cd979d7294dfe5c0940435a3cb;;;;;;
2aca180a5b6bbff289e68b4ad4ad8577;;;;;;
d874075c1505833d26196c4d442d78eb;;;;;;
2f489a49f7bde7b7f8a4b203061aca6d;;;;;;
b15e526a27b229741ac4d672ff074f11;;;;;;
543a9cc5daaf1b2f6a58538fed1bf65c;;;;;;
16805cf043bb5e3008440a6be9826042;;;;;;
14f2eec9ea019ef76bd6d3ebd236e570;;;;;;
647b3caac5b2d192b4b809c18fade7d7;;;;;;
d473925e4f30c80e020196b3d9dd1454;;;;;;
5f7b424e012b3cef1803555c154a7812;;;;;;
2ef987f86bf17085ccd609cd03ff5c6d;;;;;;
f957381c3ce39b72177abca650b02967;;;;;;
728677dd973f635107b62a0563c05de4;;;;;;
c1ac832fa92bf6c0c1927f39cd4c9277;;;;;;
9533ddc9ac35ed6b0c2ac4b89b5fd548;;;;;;
65064d327785c6f4b50d0b5b5563b8b4;;;;;;
45bde2d9ef38eccc57f42f942ec68439;;;;;;
15bd84841f96c0c9469513a64d0ac3a7;;;;;;
a39a8176bf1912b9c35c881303c2d908;;;;;;
d5d3aa82cad8ac5cb7ec13673b6fbb15;;;;;;
d61bde4047e0af5d7fa4e8cb4ef13a68;;;;;;
918e83b10e845b612a36b455ffa37110;;;;;;
f6813f66ca103d3d7a3c9da4a912877c;;;;;;
64f11d5b314207f8d52b3c72cddfa416;;;;;;
6f269e68ad05401186342606390a110f;;;;;;
35db4a377e360995159e14f78fdd08ac;;;;;;
2bbb1085310b7a39981943f6eae3403d;;;;;;
3d2c2b3bb24090429f372e810a9283fb;;;;;;
8055bd0223223a8536c72b88e5a6cad5;;;;;;
981e844553c185106e614a8f411942bb;;;;;;
fc30989f69dc706708adecf9325f3cb0;;;;;;
349b1cc5269e39fd9e4bd9d7d3da03e7;;;;;;
9a3cd1de8aa89cffd17cf7bf2ea62aec;;;;;;
bbdae2db99a8c533bf824606127f8742;;;;;;
5ae84ad829ae63b9760a385d3751610a;;;;;;
9e65ac7d2e130792dea3ca02da2a75d7;;;;;;
1cfabdd21a294a96fb826e2ae16e087d;;;;;;
19c207377f0a30997a8d22a35d144751;;;;;;
003eefcabb1cd713753009457d8e3450;;;;;;
561110062247ef87f11e8e86f52d66c8;;;;;;
94e215c92b2904c5512301e2ca5e013e;;;;;;
ff98f057d73dd5b6ab242c7848c237b0;;;;;;
d48632df8f4d04984b5054831aa65a60;;;;;;
1ee1b10419b16c6553741b6b45f04175;;;;;;
b8fe3579fdcbd1de08acfdd69f0ec9b8;;;;;;
e180b3bbfc26e9e56851a06c5daaf759;;;;;;
9e3ebb6946845c8d46adc9a36d22f2ba;;;;;;
8947317db1acfe5ee76a7ca97150d5dd;;;;;;
51f7a91f4bb82d0d3071211595094d74;;;;;;
6aeb026af13c303e504750a21d87e8da;;;;;;
2257d314305014f41587ef272aa7c831;;;;;;
30941a94b0bf31ee6c4cf12bdd9fbe98;;;;;;
3974489df6a448509246e4d47ec53901;;;;;;
7de0fc44fd57a286d8fa9118655652dc;;;;;;
d4a65f430cdb5bf6319d7efe8bf50e6a;;;;;;
330310fb671f1be230f4012e55a61562;;;;;;
d074b015b7680d2eb2f14a23ec33f833;;;;;;
584191ffde79fad65b1386e9e60d6b8b;;;;;;
c1c87ed28d873d06025a95309c262fb6;;;;;;
907e9475043df08d4e1e0264dec86dd5;;;;;;
40e5fbe090aef1df4b984d1af06d8437;;;;;;
808c3e6c29fd2f381099ad593e946cdb;;;;;;
c216f89435089f6316c400931fe6bed9;;;;;;
1d4643fde331d783bf07a91deb6eec89;;;;;;
8eeba313aae46e1de75397ebfad4c01c;;;;;;
3878023012905395c9bf881ab5728adb;;;;;;
148ae01be14d3efb0e782070ea73748e;;;;;;
e0450ee0a8618d5c6d900a07c4a7c946;;;;;;
a991c218759d8cd18d3319cdfd4cc8f7;;;;;;
3e4c81d3fad84484fe68c8f2e7e23e57;;;;;;
d09d60e5590e92d51f26d4277fd3ebab;;;;;;
956b3ab03796b62708bd11fe6f6255d2;;;;;;
5ca06d4513504aff95471601b679d7a5;;;;;;
0dff27681882279e6774947824618a77;;;;;;
8b6c8a55e0ed2db1fa36c2369a679826;;;;;;
204928d182d7481ebf560858802519e9;;;;;;
68914390fe9a6ddf8b47f364cf198906;;;;;;
f153cc11515df1c1c0ceb8f4c256793c;;;;;;
dc2c41fc240787bf67ed7e03783a716b;;;;;;
b4e88d4f784b66d1d8803a4e19e6ec49;;;;;;
f36e50ed9259a0a499f904b4d04da065;;;;;;
018c87c47a112af9a9dcca9da9e30dc2;;;;;;
5bed0bae1f164570315a54ba7924ea61;;;;;;
df9da3c5053dd28d28be3a887b0580a8;;;;;;
9023d04aa1343e2746f2ed75f48e8326;;;;;;
7628c0e273a899f7f9906a4defc30cbd;;;;;;
bc690678ac650c789fa35758479eb89f;;;;;;
c3e9d9abd169cbf5c83e44624d23fecf;;;;;;
b84606910fb87ec10957934c9a6f8409;;;;;;
90727dbe1ace633e89d9f62ad6361d81;;;;;;
c965924891b15642589e02aeea9b3aa2;;;;;;
010580f01360931636a6ee18f8cfa08b;;;;;;
9b9ac24a6057fd0c8e74b05ea23d83d1;;;;;;
9929b1c525d1f775ffe6f060680c03a8;;;;;;
528bf03efdf1d3cda9f39a0a81ab87f7;;;;;;
6d998e94640b3299941b4acd1728ad7d;;;;;;
4dafe50224b11cf57e1c23816e838d63;;;;;;
bba89bbaf50eeb4bb12d354ef29edfe8;;;;;;
e3208d49deda8239b593c30a90319ba5;;;;;;
900ba296fd54b6673fa31f2288abab6c;;;;;;
cbf0718ac621741056eb7edc493c83a4;;;;;;
7e5d6d2957e7b4432fe9360511fb097a;;;;;;
3b3f04960d67368e0584180d70021ed5;;;;;;
a4d1002f2f5559a508446d3c70d7458a;;;;;;
7db9fc02c50672b73a810fe05091af3a;;;;;;
3247ffd7173dc3fb3c55213d95243d00;;;;;;
0ecdbab038a88cd76dfd758149e1dad6;;;;;;
e6d2a290cad2232cfa217e0e5c3fb858;;;;;;
6a7ba0bc77193f82a1f69effab422cd0;;;;;;
1cadfc1ce34367bcb57fde348abe3563;;;;;;
0786c28f9498e62cc5d9ffbf5ff68070;;;;;;
798d9211b867bc3c5c46b1d730c00ac5;;;;;;
ec9b1d1b9732f435bee025d6a0b49dfb;;;;;;
e2c685992d4c6f16b290f1d83bf2c6dd;;;;;;
c3cdb7f5bdba3cbed1ce346543b7f7f8;;;;;;
b2de7e0a9db66ec6f90a9b9ed84642dc;;;;;;
c4a601d3c16ec0a85c083fe1df0b67ee;;;;;;
3fd6a2fc7cb12a6da914c7766ae439c8;;;;;;
c5f3242ccc31ac5c8a35ef7e7960af6b;;;;;;
a11dfac65d0d591ab36f7cc02bf08d91;;;;;;
c4125fcb9ca0c6a521ba4f53efc51b4f;;;;;;
468e029cd28628a51cd3887ba915b167;;;;;;
09b8a1377fd97271104ec21b9b9d0e69;;;;;;
0a54c548b6ead71f10b5066188042f9b;;;;;;
513aaab400129e384c23eb0e00d5fb7d;;;;;;
7b45a0ea52906114c7b1dc6092338569;;;;;;
2a151d5fd756dff249b64a8137b44e25;;;;;;
faa2a35d5126ba90e2019e07af0eed94;;;;;;
1dfdfa2d3afffd9ab3df0928bbf3e43a;;;;;;
909c82d2b3d1500a14fbe88f4503727b;;;;;;
b9ca02449d58e9ae3bcd6c4ac8de1f23;;;;;;
3c9ef3a2b9371239ee5dcddb3b5fac54;;;;;;
09bf41c0eed55e4af79f959a6580d60f;;;;;;
3fb66e2a2dcd3bdf73c65867aad9ad6d;;;;;;
5cdc77f02031f1b64adb2a4a76ae158e;;;;;;
d98a774a213d2d0a8d3c39519717e355;;;;;;
9d5f743a2b5355cfae5e036c6baa1c77;;;;;;
3ad76b630859e481a7e22f6385380c0f;;;;;;
28d8b58f5e1c84be8b2aaefd72e01526;;;;;;
fc8832d5d53c791312a695bd3f56d08e;;;;;;
15c80ae863ff777510ddbc47f776e814;;;;;;
685de45ce04a29733b1a5d80123d719f;;;;;;
914b729c3e383300cc88e54559e9bcd0;;;;;;
5358f38cb1506009a76e1706b63b1272;;;;;;
27509ae3fbfcefb11bb20aaaa55c9e0b;;;;;;
0cf76a28fff371687d9c4f222a340452;;;;;;
d069d87ab43b69356fc96a72acd722b5;;;;;;
7b79295e6e60da96bb07087cfc21a4d6;;;;;;
dbc5a5a323cdb6828c98392b3c96fe3a;;;;;;
3024b473428dabf52142d7d2bdac3ff0;;;;;;
78e4c7cfa0cf27104fe40bedf4f63b43;;;;;;
35d0e0c616a7b2204db0fb8ce2add38d;;;;;;
a65f567a50831c1c5831c5f88d8f8aec;;;;;;
2eaf1a42fbf1f499a1cf539e9e6b3d51;;;;;;
89207d2f7feccdb3bc843029aa606d08;;;;;;
30391758ebe73a6f137227c698618a56;;;;;;
ca63844aaaeb6bf6177dd01ebf80b505;;;;;;
9c887e246c6347c89cea6e9a934caec5;;;;;;
2265dbf73e2dee6b898186bbf603bb2c;;;;;;
24ef4c2075ae272bc71da5d78cd52857;;;;;;
b616953d6be9d52251c4852cb7f92c80;;;;;;
bd93fcde6a24f0b3b589ba7944ac057f;;;;;;
95a4c403b554efa2cc85e05849028432;;;;;;
3ec725661dd1946a27c3e3de13e55604;;;;;;
21cac4e26de156d6cda3fc27dc2f42b1;;;;;;
7b231970bd1901e434158c74dfa97550;;;;;;
4f6f49053ac7e7fa5613d786c167e8b5;;;;;;
f2dd6cae709a5bc2cb1beee123e796a7;;;;;;
3f8475c71d94d547cba4bd0e16f362b4;;;;;;
0c1d04e803e5d74af83651e1697589f6;;;;;;
0e3c05a8b1cd720bff01b1b7592536e8;;;;;;
82c57f253366f108926cfcece7305ddc;;;;;;
46310b28ddf97e0d610321b79cf59b6a;;;;;;
140355e83f62656513504c718b45fd0a;;;;;;
bfbc9d5919a8ff1844cbb4f109ec9465;;;;;;
24027ba22aaf496bebca0f9d378a7a08;;;;;;
bbb03f5619b5728f130c21257fb3e1ca;;;;;;
76c58cf3acdedef904b9f50cace22cdb;;;;;;
9cee6666fdcfc9e9a6e1a9745d537b31;;;;;;
47ac87302792d9d692ddda2098dc0f69;;;;;;
9ae02d739314e4013ae060df167bf4ff;;;;;;
6d1197ffbc13d37236e6ff14fd8d05cd;;;;;;
51904c4ac6cc3be82ee17fa1cf3d63ca;;;;;;
1a1ddadd286f39e855299a5b62aa1981;;;;;;
7418f6479ed541eb303ddec65f45c5be;;;;;;
4b4bfb9f121d2bd5408f1ee8d4c255c7;;;;;;
f73a93ac881dd68ec4f46ce291cddf30;;;;;;
f7604a314d8ae2dc2c70a243c5559f31;;;;;;
27b7b9d0d563de7cf34970c17cfb0e37;;;;;;
2727098b8f3e5ac8232195c3a4eac4e5;;;;;;
f325a7747968e106373fff2ffa47e5a9;;;;;;
db399a521634a7d6084aa76e167aa3bc;;;;;;
d2adbf76eebb75c0888ba9b378f39fce;;;;;;
43a964ea1fa609b848bddebd227bd803;;;;;;
8a63d4c5d6c0b6da9ba2fed7e8a6bee9;;;;;;
10b99f38cb047af74fe9851124ddf64e;;;;;;
a79eba00fabd514d7ef29dd003572362;;;;;;
20fd7fb8a714b40259d26e3ee2ac009c;;;;;;
f7035cc28ac72db6fa7b9e795bfbfada;;;;;;
87541b210b72a33527f5fe9582443a00;;;;;;
012b3c4726da18fadf5ff01900060c83;;;;;;
934dae592d7dadec58aa7bc80d09e3b6;;;;;;
9cc93583c5b8067391e4af38fa270aa2;;;;;;
74584083659ac79306bbd6899ef46a1e;;;;;;
358932de6083ecdaa9014550758c4811;;;;;;
a358a8d20bac8e1605325d407f943eb7;;;;;;
5cf4f8d2feab43fa9bf73a85b638854e;;;;;;
7b073c6166eae9ddac228eff1160b3f5;;;;;;
3910ae54e6b852e5a07353b997676b89;;;;;;
05aaec44bec19554fdd67f691fbb6334;;;;;;
a3773a212aa99e01cec7a886537cb519;;;;;;
c25125e5b448871f583fa6ddc57f7215;;;;;;
2c44d2d130fb7fe3254de6e0cf95329a;;;;;;
0e552c15a479d6e4d04e6324b5018e97;;;;;;
ef37211dd49ea15b103bc9c4c1e3fec1;;;;;;
2018613dc8ea59dad47531beb2f62e92;;;;;;
8573d264509f8e618a2d2ba2e7eecf4e;;;;;;
2c21f5134ece99d210091c50e5b46209;;;;;;
caaf07ef28e1e9e4497c3c689836c491;;;;;;
3d587f93adc733447f8cd0e91de40e4d;;;;;;
ec37543f2e49693c296af5afbcddf390;;;;;;
114bf5d42e8823df121ea257f94b06cf;;;;;;
827e9391ccf5fa301f53ff47866cd910;;;;;;
a63ff3e5210196024d49593fe0091262;;;;;;
d871e6770dcc927f7c734a374b401760;;;;;;
68dc97b46d750813fec64017ac67869c;;;;;;
80b348774da12bbaf5515e5030453eed;;;;;;
bcf8d41ca6c99b517e23e2a7a393a352;;;;;;
d0d4472515194458928025889467f714;;;;;;
8d38ce15f8d9a6c061dc5afcab2007ce;;;;;;
6f608063f3545d0866a37b3d249fc8b0;;;;;;
48982740990dce6adfc8847b89db550b;;;;;;
f89586e9776d1bb42a13bd63c678a552;;;;;;
fe5f2ee280bc953fe01f041b83339429;;;;;;
457cc4bdf8c0a38c6bc13750f84cea30;;;;;;
c378fa035345840b47240fe28c5bae81;;;;;;
1ff9eca0ad3d6d8144ac943a0ab54ba5;;;;;;
ec85336b5d5badf6d9b845440662be14;;;;;;
4b238a195d9d39d26c75883aead62e3b;;;;;;
f6a14c4a31801be84eaad1b04342d196;;;;;;
26178a167b0b107ab74a9fee5ea2e793;;;;;;
020a6a2fa53d202d91f1fc65cd1b91f7;;;;;;
40ebaabde96dfaa4390952e9f9ffbe69;;;;;;
667c9ed5bd4d1e842b6e57c6b8b5bb05;;;;;;
541c070878d7492d83266dacefa58bcd;;;;;;
d069906d3ebb0cc4f5c881b1749f4ea5;;;;;;
b8dd0592f34b0728a8aaae60f8bc8371;;;;;;
3c892f6f01f31e863762af56dd4071e1;;;;;;
6c7f06cdbbc3da85e26b21660084aee4;;;;;;
ede888f37daafe18459b0e9b7893dc54;;;;;;
d8c1ea6ed27c59d07706c9bf019d04ff;;;;;;
c49df2e48ddcd26aed374393999f1396;;;;;;
c133fa3559dfbf8551577b831189fc6b;;;;;;
abd0c0f63a59f77ef965a4a1a8433931;;;;;;
4ae0891aacac251d6d23d1818678bb4b;;;;;;
14059077a8eac2e8ad397ae8a5b0541f;;;;;;
92592587ec90e844e5cd736ad9694d7d;;;;;;
a29b80075cb6a23dfebc10b6237a3b06;;;;;;
229b3e25a9b2a48abbef60754345ac24;;;;;;
c29e56b62e958db4ea4aa5a5b5a159bd;;;;;;
63593c0bc8fe0796b3f34f213ecd51ed;;;;;;
6daccad48016008e1cee17d31e88da89;;;;;;
f43b412931a55ca12ab73a7128b3fced;;;;;;
f234008a39bb1f2f1294f52a5d7e1e92;;;;;;
2f89c9fabd4e1dfd4344d578aa081b67;;;;;;
26438f235395872cb5d754994ab9986c;;;;;;
c121d69c9ad8c29a56608d92fec94294;;;;;;
7c88647b8a8ae425da6ede0bd558d7ea;;;;;;
90f27057f6e2d81bac664aa5b938d47f;;;;;;
8f40cd030b1608f8693443e7dbfd2da2;;;;;;
efbdbca809b281af1d9962bf9626c53c;;;;;;
7196ca75486a4b4f5b286094d2b32254;;;;;;
ea8ad053e4ca885cacb9388cda6c051b;;;;;;
8fea7fc47d5cdcfe95a97c9e50d8f5f5;;;;;;
8f08fb00d2361f290108fee378a36be3;;;;;;
55890ffabee3c7e6c6ba1527c2f798f6;;;;;;
56c10ec8cbfe496e8ae132c244f96591;;;;;;
d1db19fd10ec7a250ddccb358e4cd824;;;;;;
0c3d335a281eac948e05b76a196a183b;;;;;;
a4ca1f24ee8a94206b7c40b693961dda;;;;;;
9e1fec52168394dab990005b4e460561;;;;;;
907ba0819d7153eff88fa2890ccb89db;;;;;;
b21b471617805a6e4a0c4428462ff168;;;;;;
7cbb6f8d6c29fb653949947113c789de;;;;;;
7c4b1af3ae64e1c489c089304d8c75ba;;;;;;
431480617b8650eb33a1b54b9a973ac1;;;;;;
a1a4f9709eaa8e9cdf3547956dd802cb;;;;;;
5d70219af413ada20e1cc70e392f9ea9;;;;;;
d42f10a4c2a853aa8336d3cbba80759f;;;;;;
8f24525a8e50c45fac902befc47035c9;;;;;;
9093088e49242e111882b435c36ba66b;;;;;;
95ec4e88bb6bde9d4c10d81175a0d7b2;;;;;;
a779779589d14b2e920e0c569c084fc6;;;;;;
6d99b0720b25e6ed9fe2f7c58895c37a;;;;;;
d2e99e90eb16061166235ddd39173e42;;;;;;
d64fcafdecd11f9f9c9e0da4b5fa429d;;;;;;
8df894569ec311782d7987cddf24e323;;;;;;
313f73e44be078bb84debfab86558c49;;;;;;
74a2d724d42e76107b3e1bb3e0bcf5ca;;;;;;
84fdf54a504809644bd7ccc3c5a3935b;;;;;;
93bd0fff074df9aa5d4dea14c880c7aa;;;;;;
ea57cfad83ad8615dadc867ef375f9c1;;;;;;
2aac22c1ab1bb00ec444e6056b27cac6;;;;;;
90ecf540f3f62801beb41c78f55f1009;;;;;;
8dc94315156c2b13dd25e9ad996a8a01;;;;;;
2154f11af011279f64744a4d16f05cee;;;;;;
00a7684c758d62aacdb4287d1af09356;;;;;;
d8e51abd6d2e63e5186367137d64d3a9;;;;;;
4bc332474deeddc702bbabc6c6cae4a3;;;;;;
23be910151a28616d8b920d3f56da42f;;;;;;
5bc7c9056685f6bfae21b3387de51f71;;;;;;
84722107dbda4e79a7ac5987ebdfc546;;;;;;
351ac40f87a6d6e4b298f35c3d4db965;;;;;;
fd899e875cd8971f18453699673c07c2;;;;;;
a04ed1222e61e0288a7e5de71c3660b5;;;;;;
98d112f9718fffe5fec7e0a9c5beb015;;;;;;
269c61d3ead6e90f1b3b3bf2048bb5cd;;;;;;
35a7695f4801c284eb48681cc54c0eff;;;;;;
89281e888fa13c571f089cf499fd0b86;;;;;;
fbcfcc92dc48311d4c19757ef120d10d;;;;;;
a29bb9c01b5f1e007c8bd34f3503b7f6;;;;;;
7f72a0b1c9e07ec285d2d34fb4e11a04;;;;;;
13382b5c8e9e1ac577c1d2565d37fdb5;;;;;;
38680e71a1694c1b29ede5b23f002fb9;;;;;;
c93fc0577f29e551bdc3573fff70d4df;;;;;;
6e8bec2b4442978c80fea4de7992aa9b;;;;;;
1c3f13aeb41ba631cabf7e9d065c83da;;;;;;
eb8623cd7574a9c59f96b3abe5facd9e;;;;;;
5f606b23b12767d8ca66183575e50e74;;;;;;
42259a46254a485e7809cae5dbc09509;;;;;;
ce6653ead8e895c37105a341d2153e73;;;;;;
0a5935709db77e35271768a111e8ffc0;;;;;;
3f9ed9b2afdc4d180688c8ac3024664c;;;;;;
f401784dee004a0ceee9ace236eddbb5;;;;;;
ba37eeb366e4bc55c0f3884842968ddf;;;;;;
02074b2aeafea9cfd0e88803cc43affe;;;;;;
3a93b8032a10843f9fbdbbe7e3e11df7;;;;;;
c3f480a120d03ab2628a5f6a91829bce;;;;;;
453e1635f95f9973e5ed4d2ba6c206ae;;;;;;
61297c32440b0aebe4bf016c4dbfff5c;;;;;;
9c831afaf21877dd594d3dabb3732f54;;;;;;
7e1a494d660f03bfe413a2c8698e218d;;;;;;
4a1d159db87e2ccdfe8f6fbf34878686;;;;;;
a7129b52e89f3c07a6682bf4b757a8fa;;;;;;
cb1f280e40324004b3216ff059946500;;;;;;
91d491a69aff563cf6102fcdd55efc7d;;;;;;
d86c873b5f915772c928c7be7e7afcc7;;;;;;
b03424bbc7ef60f737763376591e1b3e;;;;;;
870d205dac54f830dea3eb6bd54812dc;;;;;;
cf658649473fdffec5842454ab123821;;;;;;
159ec59cbdeee69c091d495b8e68e39b;;;;;;
3e59ac8bc6a4ce8c288539c7103d7c2e;;;;;;
de4aa7ce34f6f196fcfb918a4a41073c;;;;;;
2d635cb0210f7d2af20f5cb33c26a090;;;;;;
7cceb28d36068c196e85b35c400299ac;;;;;;
6b9dd8b78456472819e90cd7818db8ea;;;;;;
c269b2f246510798457c5ff9c0d8b3cc;;;;;;
901dbcb3dc1068b63eb6eb18ca0cb620;;;;;;
6541d24d5f8f9097a6279e7a67b99196;;;;;;
ceddaefe0bbe34aa41028b13b7bdda45;;;;;;
ba1b6fd08658a07adc3619382a6f3a50;;;;;;
b4c0b2af3b85f9231acdb223e7598bc4;;;;;;
e416f6aba52f9ef7bb327fb97b04909b;;;;;;
1d36a0b561a5edbb30395c201768da5f;;;;;;
4813068e2b10106017a4d57708c3ed2a;;;;;;
10a654531c356461e15608ad317c485e;;;;;;
de48c373df6c12d0b76ab0c83b7cb7a6;;;;;;
bcaadf9c6faebb32e4fa33cabf4c4cb8;;;;;;
f85f0d28511f81ee3f5f5ad28b91a4e6;;;;;;
1779c4a0707b7dd474cdecd1d4dd729f;;;;;;
b545cea494c83c060a72cc4e353da4ea;;;;;;
167ecfb16254477549e13e599d505871;;;;;;
2c0b63beb69a42de098c4bfa8c497ea2;;;;;;
7c4cdd9c7aa3c619c5cb97e2b96f9c0d;;;;;;
f93aee513c15bb3c3ca5c5b2f2907b0e;;;;;;
d5c0edf023ebfd8d964036df804c38f0;;;;;;
817b956de8414016b723b0198dd4ab4e;;;;;;
d1e1ad599bfa52692ed936b918bae0fb;;;;;;
b52f5ee6c73d919e80dbdfa9a5de58d8;;;;;;
1496584273913e828881c8ce2ea2dee9;;;;;;
a4bd53601f372a61cb07bef49ced0c60;;;;;;
2be38ae64817f9cf5d06155bf2f30181;;;;;;
044900bc60da68a409ff9abb9a8b2112;;;;;;
91092fccf2ddfc494552a904f7894f99;;;;;;
2289e51d2942bd87cf5068d935901adb;;;;;;
cc65f3d594184746d43d49be398c1c7c;;;;;;
28476f7880aaf3c6d84384e2fdf5ad97;;;;;;
51266e7c214ef885d019536b9d5c951c;;;;;;
838ffd21358d22e7a5cf8f1ab1ebecea;;;;;;
fea41914d10f395d7bcc671ba113aad2;;;;;;
afc57dced2a065aae469924d9e3a695e;;;;;;
d19c15b2865a67fd1b9ec231668aa2c2;;;;;;
449fa5b3df3de5fb5e33840482f4fcbd;;;;;;
7a3284d64dd0024173b09addfe8d4640;;;;;;
9076410be738f462e1c63bc7aec68876;;;;;;
fbc3e9ffc77b3fb8a447db0566b367af;;;;;;
bdeb7d801a8a0184dd8200874a7da312;;;;;;
01a48cb5a75ec6cd83c4e97a1c021c80;;;;;;
f91855eb727d5dd2d32c403e55cd9ba4;;;;;;
f550db2bb05be925ba16ebfb12d4e8b1;;;;;;
9613977bd02d25a7a6e1e0291e59915e;;;;;;
6d8103f0ae3481627fd1f1149f01bb33;;;;;;
81b360800527d53bff6611fd3ffe6896;;;;;;
d1ca9f6b70cc85dc75624aa8ded7e9a5;;;;;;
3fe1c318e874598bcabd1d0ed85fe4f4;;;;;;
cb1e9fa9b3fb0e6ba1a11c04a59eaaa3;;;;;;
23767aed7e77a59c2b1acf63e83b665c;;;;;;
d75f72182b15e36835021f8b22a04e07;;;;;;
8b5af77a61293f8bf81cede2755ca39e;;;;;;
ea260c18d751910496b08f79149595b7;;;;;;
97b5fde5a8c5a0ad67e035cdd5f16707;;;;;;
89b8247f9b08c8c063a7659d94f434ef;;;;;;
d03441389584a622696792e0edc2dc3a;;;;;;
e661110abca0e2be0ec121b153966d38;;;;;;
2c85f83763b802f163b734a950ebfd59;;;;;;
9c63be4845fff79fbe4e3a5fcc6781f2;;;;;;
e8b0f6dd02eb0010b10fca92035ca557;;;;;;
8f94c3313b7a20e05635e3a92888ce5f;;;;;;
e13076204c8916f23e1ebb399a7a6041;;;;;;
79a3d0028f33fbce64f667778bda3312;;;;;;
4e523c16996539d945a0c836543f5fb5;;;;;;
41ae0602760542261d743e80537c68ac;;;;;;
4cdd6c94da0742e57a8685f17c5fca21;;;;;;
6e82a8059860cf21d6e44afee4b8c6f8;;;;;;
ef3e2df0213ccdd7f95e19a858218b87;;;;;;
4f268d1ed1d8a8ebb3a169b5d357c960;;;;;;
06b95cd3db35c424bd3374c9dd7d4af3;;;;;;
6785b82c273b0ef52fe31f507218a34f;;;;;;
7af90bc19b1ea5909cea1daad5d90ae9;;;;;;
bc69ba276f120b9d9d1313f2a1bdfdb6;;;;;;
3487ec332ca1863a6fa3aa46313854c1;;;;;;
62f79e01c43f15d876b5422294a2d775;;;;;;
e3235038cc4fffb181a7a896a9cb5990;;;;;;
1f16b6ddea1ffbdcccde9d056ac6e25b;;;;;;
fac08b915bf6b0f6512108d97cb248ed;;;;;;
0bd5d3f20897693d4311994d4b121a47;;;;;;
fe53a970094453bcffe54e08b5e761dd;;;;;;
fddbf2e297225d9d481a5d98754579e6;;;;;;
68d78f14ae412340d61e7d3551b5f198;;;;;;
8bf55b0c4b814d31e1a19720c1c0b199;;;;;;
cd77e490dd564cae6ecc57754870a8b5;;;;;;
4bdf613546ca354950e7f0098f6baccd;;;;;;
2ddcea033b438156bf5170902b751435;;;;;;
f28514baed2d61fa76cf0ea057b58a3d;;;;;;
151428cead03ac821decf0c608ac84a9;;;;;;
33e463ed231bc4abba58ae350b00e377;;;;;;
5ce7ad5d8ce26112fdde859b9b67166f;;;;;;
f9941b4e287ca72a5b73c5c2f25ff3bf;;;;;;
da478df304d3d35123e2d8d8a88dc940;;;;;;
ebf48f446a0155bfbbdfeafe4f8d5656;;;;;;
656a34b127678c5a4caf0dbbb37747b0;;;;;;
a270ecc04ef88ab8623803a4a1ab3363;;;;;;
6cd0f452d4b01bf1f2d7d8dd924ff44c;;;;;;
6b3c82fc63ee93a107ea5c7b4c43a5dd;;;;;;
cc91a0ffe7c68691ec00845491517603;;;;;;
9c829cfd5b1e5db9ad2a6d54cdb54256;;;;;;
6dd7bc38bd573220760d030fb61c6d3b;;;;;;
406c6eb0498e51f96a2d9887c63484ed;;;;;;
857a45171a7d041c65c68a4a2a420840;;;;;;
bf6dd23fe1199dff351e150f04f2513c;;;;;;
4924a6dd13e1036a8c6938cd62a0a457;;;;;;
e769411b1b704971af3f6118cec9d774;;;;;;
c9737297a0e958f0857fe3aab1980f11;;;;;;
bfe459011e5dfdca1d192fb2ff69e39f;;;;;;
6b0018b4bc918bd5d923f35d5ba67ed6;;;;;;
33c3375ac4db820ee6d0542682ef2468;;;;;;
358ebd481010b9d9420dce8cb0eb04bd;;;;;;
7f2881419738e864dfdfce5e88f835c3;;;;;;
5b7f423dcb1b6c21967f895cac83b63f;;;;;;
77f8d9f95a7c1df946d8f3c8b54db9bc;;;;;;
f6810280cdb1ef4cfe9b18088198ab64;;;;;;
f5a75a2ac513a4af66f83b5f9cdb3dde;;;;;;
03f92dd21fe544f8057cd744e2f6f2e3;;;;;;
530770730f6ed942cbe74e6577e647bc;;;;;;
cea5e58bfe5d3f5364928cecbf22523b;;;;;;
9494ba6666a75aaf6b7301ea2610e359;;;;;;
62db6b16e9671e32ffc49f6db32fa852;;;;;;
f0a64df4a6ff4a341cf72f501028a274;;;;;;
1e3345f76c110ba159dd3128e4d19064;;;;;;
2eb9ccec1a17fc58492f9c5a621d98c6;;;;;;
5f45d9bd88b7c49b6b57d7fd88c27c65;;;;;;
bfca6eb8401641c68a359784ee5f689d;;;;;;
449294b3c7d1e9c87e10e7bdd448d00c;;;;;;
ec81d4bb83a6c78f3275eb57d741c8fe;;;;;;
b346406e22c5c1e0d77cecc1ded5c6a2;;;;;;
d2f014a58b7cdd9137e835a0988847fe;;;;;;
9cc3d2d1d13ebf30a521feaf377bf76f;;;;;;
73546e18c679afda007084cb88058afb;;;;;;
05d5897461129124eeb2a048d96ec96c;;;;;;
057cc2c1a65f529ce57109eadcdcff67;;;;;;
78d66e36afea36e2d750ca1f0c3b66e1;;;;;;
d50d282ffe7a057013e61719882bd5a6;;;;;;
9fc2841dc13cf2444e5e9d0aa26b278d;;;;;;
c88bae08678ba3d02badd9c0534139ca;;;;;;
c68b8132b2f0bf355314ddafb586c01e;;;;;;
58f86e35b48c6ccd6cdb3a04064dade9;;;;;;
6de9cc943805a5b1c330b130122e5379;;;;;;
7f8f7545eb34b2d8cb119ea804850dd9;;;;;;
1864108d8508e986a2901e0b398192e1;;;;;;
2d6951b7b6566eea7b458c4a9cb097f4;;;;;;
a05bb5e456491eb867e875a57a3a3793;;;;;;
42359295024c677cbbec21a519053942;;;;;;
08cdb67326ecaa7b475f6481bd68bf96;;;;;;
55858503f599a201a95fa6113115da5d;;;;;;
1c0a1154fd30bd9e3b2e1370a18c9136;;;;;;
e03377b6d836ee65505a960aee4d66e5;;;;;;
183d4a56df141e2b3911a7d7e2c10edf;;;;;;
3e7a7464cbd12f9e3407cba0675c3ec7;;;;;;
98576ad0b59c13076e8879a4c0d67596;;;;;;
406d32f4dfdf8361e747729febf78e62;;;;;;
f2c46da3e615ae3473242c1051fbe851;;;;;;
74da238a21a197de25630680d1ce5fa0;;;;;;
7798f51b30fa50ca76b882eeee06104d;;;;;;
ae0f05731cb5cf796a7e87bd75bb3ddd;;;;;;
1fa2566cf1a1f730875d38460bf9d2da;;;;;;
ff43ebcaa12e22b3216de568996bfa6e;;;;;;
263cff0418f14c8fa176dc736d8ab94c;;;;;;
a811750fec98a167c4c65cb800eb01f1;;;;;;
f821ae2f22c1b5d7f1a0ba7e36c146b6;;;;;;
ab2ef06c4fee66b09450cc6069a5dcf2;;;;;;
83796306d41b96c27f3a7a016b3748cb;;;;;;
0f917a46a01def99201e6c1ad8eb8804;;;;;;
ea56bc9a0d76f420a1b94d777e2246b1;;;;;;
d84421987cdf614656e0dde8f8727101;;;;;;
103e509eb860ab68df27d77860cc815a;;;;;;
a83b35e0a73012261bcfacac0b12c48b;;;;;;
ad5c012729f14dad026adbb965a6bdc3;;;;;;
0accfeafe4860e0835f5b5477263146d;;;;;;
4308e26cc1badc90eabca145b9c02454;;;;;;
18a52fc91e7e7da5649c29810a866b42;;;;;;
ae8b75ca2fcdcd21fdff771dd637fc76;;;;;;
1d1a1f7de82f809ee12e6fa54a08bfe1;;;;;;
088c48d447a595d726a9fbd5b7a0da86;;;;;;
6df3da0f443c62dc4cac8ad24c5515cb;;;;;;
dc3380bda79800775b6e1a5c7f37ea8d;;;;;;
6e63c564bbdae97d0ad03e2dab9b876b;;;;;;
7fe1dbdc494f8f0a46cf8e2c2228610d;;;;;;
32a41c905e1b935f828d029d27b5d783;;;;;;
94e4cd61ec8ebea31c4a8116c7bb9381;;;;;;
50da7c1f862b6ab02ee038a049750a7c;;;;;;
7f0253cbb84cfa4b1b4725dcfa70578e;;;;;;
02c46d352235f330d9cd7c774ab41f80;;;;;;
47f02a8c8093afae9dea9e0ad74fe60e;;;;;;
d75c0ace50565b441ff23fe804bc80fb;;;;;;
3ebde700d43a5024d7f13df5ae021375;;;;;;
c84d3e39984bc2ff657117713f9916b6;;;;;;
eaced8a7e57b930bc7277afa5d4f2abf;;;;;;
1cad6627003de16045241115478caf67;;;;;;
775d6521e7cc739c09214e32b277d965;;;;;;
6f1fb79faa5b7c0ba70c238fead21189;;;;;;
9a49ad2f5f571f7a515225c99f7a0ab7;;;;;;
bd456d26cc2d7f51f0f12ef5ee8ed384;;;;;;
a19003382adef403bb16870c4740a755;;;;;;
6b5a65668219bfb44ccb425d90d804bc;;;;;;
39560bbd246b805ee2e73d805ad20a92;;;;;;
88f2110be7ecbe9af35fb5a2abd70745;;;;;;
fb147e24522ce00e8a0b1d53af2d5f6b;;;;;;
f828952ac061e5a073de7809c687f2e5;;;;;;
03f48af747538183947514e2cfd60f64;;;;;;
27ce1da86e8dd3c6e72a2762edb608c9;;;;;;
6332452b7cee20a80fa2a2097735ea2a;;;;;;
757116b6c75b24fcae702a5285b7eb00;;;;;;
474e565e07e115c191aa89169be67564;;;;;;
b3d6c92f768ea3d83868f3e9af8a4f1b;;;;;;
f6a4a3cb36d364e280cf21726d2ffc75;;;;;;
125497eafb2644fbce3f286e54cd2c0b;;;;;;
0eb434c4c21f9d815dc4ccc7a7a5b495;;;;;;
33485265d6816748f8c5844f41e26d49;;;;;;
d03ee9f8909b7c69f934e3cabf31b1f3;;;;;;
f0ee304a2809814083f7b123a527537a;;;;;;
683f1658a3ffd290f087fb567eae398a;;;;;;
1d6cd31ba40395e9315bba3e1d2bcdb9;;;;;;
ff62e8b42d093af961672dcaa026f890;;;;;;
3d5d301e5fe967a030c5d4fddd519213;;;;;;
ab5e116ee5e3e3d70596872cdf49acf4;;;;;;
98f142adabee5a2e1ea4bbe1df375419;;;;;;
c02ec4f6750800b40788f59516eab204;;;;;;
1039cfdc080c40e967285a7cb4c08c1b;;;;;;
eecc33190cb7caab0a4ae20c75fa3485;;;;;;
2f87c507e7078c25ac6f4eec02dacb70;;;;;;
b48bdd068612abc71b6ef308b84db252;;;;;;
fd91cb9d1c783ff597fd339be40853d2;;;;;;
2c26231dbd729f5f9c80d529e9f376c3;;;;;;
7649fce6e67f75d99914ecf0f237507a;;;;;;
4a10361c1a07e88297ad38e9bef8c056;;;;;;
c70687e851a363b940081d5bae24e691;;;;;;
4f4b83801105eada13791ad23fb9c52a;;;;;;
2401c2ccc6885711669988879eb11282;;;;;;
e61033a4504c662613796bb170476ff4;;;;;;
3930a7e684c95e4c9a70e2053160d433;;;;;;
c40f9a9fbe5c65c6b5f1de20b79eefe9;;;;;;
5767e91d8483a8a6c0e71e872b097101;;;;;;
affcbcd3b7303a19706b9ed20ad1d3c8;;;;;;
b6f276a29cec726ac5ecd19f4c86655d;;;;;;
e1d863c05dc183475097ee00ed1fa966;;;;;;
7214712cf292ef10556b26bc00e8e8e3;;;;;;
3a56d30bf0e57e3e0def0e2329f7a70c;;;;;;
9e3001820e53d8b4b8891cc7de2f8640;;;;;;
784f3ebad8049205eafd5ba1b2a15c0a;;;;;;
d6327037536ccc0ef3c667c692629a8a;;;;;;
538f36104e770f1ab84fc175da6a099d;;;;;;
a1ea67de7ff37565cf58896c66443004;;;;;;
dab80722212a5db45eef1700b7efeb84;;;;;;
b254bcfbeaa9e0668b2e0daed9f73f4f;;;;;;
b6b08a213f88897f5123950d41ac3332;;;;;;
f9cb2525dd12b1f8cbff984bda20b935;;;;;;
b19ef684ea89d49586712551f2c62666;;;;;;
b4f677a0ecfb275c9bf0e6c422f88cb1;;;;;;
107a0ddc20a987d9ca3a1078f51f04de;;;;;;
b45073f83461ba5aba7cbec24de2a514;;;;;;
bd9079095e3e0d9fdf01f4480edfa30b;;;;;;
4ebcc219e282a7c42f4eb7f9dd792568;;;;;;
92d235bac8bdf270e3e851b7e9463b88;;;;;;
c683c6db620fc6994e87823cf03f2624;;;;;;
d5afb195ee7458ecff5b6fd0be76c484;;;;;;
5ee9e5582e64d77a50591f6018e2eef2;;;;;;
2b64f86f497072baad5909b4b0ced9dd;;;;;;
c4913120d640c7ebdb22c0da0676135f;;;;;;
b756f0f8acd05d3c2b8025337d6d9a21;;;;;;
e82c34b6df849965871300eca70842df;;;;;;
1de102d14be98e7f17d610a833f5bc4c;;;;;;
eb8cc3f7f525798c013bcc268d2f4248;;;;;;
718ec0569be881392f493a2367a6e3e7;;;;;;
94cfa094095e079b5093c60b4d1164a4;;;;;;
a80381a6debe79628c4efd0758134cdd;;;;;;
5d06ba3198115ec39d1460c89bd7c8e7;;;;;;
7d971f6c5f226d062d4c78557bc1a869;;;;;;
6f90df26ab82a25d5f4e4bbae52ea725;;;;;;
d7905a25e629bf9f4fda3c2bde133fd4;;;;;;
3b5c338001dec13569ed5107aaa74da1;;;;;;
be17affd52c746448c27ecb32b3d36f3;;;;;;
45cf9f45979382d484764dfdff79eb97;;;;;;
2863efb819001bbecb1233614206ce71;;;;;;
5826bb3f89b7416d0bebd27c53098490;;;;;;
738e26161a7674030ea98453d97330a8;;;;;;
e03e5a09fa941c1b2bac0bfcd29ef40d;;;;;;
c1d83aa2e5f832e4c0d4654c28c04fbd;;;;;;
6ac268df979bc8abcd4da27d8f8d6a1f;;;;;;
009f676fb553d97e47c850aae716fb23;;;;;;
ac76bcb7ba4018368721cee4f900e899;;;;;;
2b685e245cd5c1faf0976a7585a1f62a;;;;;;
948b47a5cfa4280ad5c94fb78bee7aac;;;;;;
e8b5d7e624bedd7b6df6142e7f7f165b;;;;;;
154b9badbcafc3be6089e55bc313641d;;;;;;
3933809b2441eca6f822035ebc69c0cf;;;;;;
9e03b58804606283a431adafd5f25114;;;;;;
cfe1dfa40db215c83e9833bb6444c7d4;;;;;;
84b0181c99dcf924ecc7eb80d3e433dd;;;;;;
a3ed545c56aedddb5130e6aa0bc3ceb2;;;;;;
e499dc46ec89ceaae1a031c4a8aa05c1;;;;;;
2bf8b8b7371cfb6cba21b75c0fd5be35;;;;;;
0360d1d19524e7d7d994f10e19674fe5;;;;;;
67ce37f151fa4e942106596bbc86efcd;;;;;;
94e762cb38a8cad079fb138721b6f51f;;;;;;
b89069d77c7085bba2a8eeba4bc7239c;;;;;;
dca405a9fafefa19c9a8bf6aa4ab2308;;;;;;
a1cded5ecd81d4b49371e0e1ba79254d;;;;;;
4aa18129933c2adcbb3f8f99c826eef1;;;;;;
955e3a2c723cdfe84287351ae0a6c1f3;;;;;;
c35262a4661caf5a0400dfe9f0abad6e;;;;;;
9d213e0a1413b58d7046a6eb71ab29b6;;;;;;
d639335004fbd2a686e47c416deb2add;;;;;;
03b12a5b4eefde0e1a28a06500d14612;;;;;;
9a52f80da191c3e74a6a36c264499aea;;;;;;
8bc0dbe85ca9d4d7bb8f5deac4f73fda;;;;;;
2375d49c34518cc8e0d3968cf8c169c5;;;;;;
855d2bb085398a7131d2baf95dd3e78f;;;;;;
ccd8d26c87445cba23f956c5aa1ab9d3;;;;;;
8a673685580b16bec650a886e7ab8c57;;;;;;
4a49a5923dcf9798365c8fc6a822f6d4;;;;;;
1e9915fb8bffb1d527edb8b6308c7874;;;;;;
b206fb8163e1634cdbdab43322c69bbd;;;;;;
b09efbae155ed450cdf40c0727946864;;;;;;
48ebfdb8d3403c9dc56e43d6b492a01d;;;;;;
fe242a0f621495040df9b6d4a6c5d79c;;;;;;
dd9aef175ed03ca30a96213bffcdc030;;;;;;
d96d8650f75ab46a4b996a0504a702d4;;;;;;
049cadd148a8584770b291337c1ba8ff;;;;;;
030e006ddf77005ebdca84f578b3b93d;;;;;;
616d3ecafec4c6f82dd7e3d753c77e5e;;;;;;
f781d2e18de356fae2c85484f38ddbff;;;;;;
441060cffc91db99f87740a7ac8ed40c;;;;;;
d501c98fd44f9517b66817109c917ad8;;;;;;
0a8d3295b91b465b0524734d2f3b760f;;;;;;
6553c00f2fcbd154b0affda18b760b33;;;;;;
d2930d08faf1ac564bb8c3ac2b0ad963;;;;;;
9dcddad2871411ff8e03589d65291e6d;;;;;;
c6125e507fb39dae274457f51614dab5;;;;;;
34848fca4803a0d916293fec662905b5;;;;;;
be6fb0ca5326e69bd51096bf87472281;;;;;;
263fa74eb665f473332c70343aac6eca;;;;;;
77c65e9e9f49cd37c0416062f05a52ac;;;;;;
4fe442438da409638026258de6479e6a;;;;;;
1806fba78c678d2809a2a22402579294;;;;;;
fdbc11b373e5a7d70d537d863b109a06;;;;;;
bb69e26cf6f486d292887915e24facb1;;;;;;
936da212d27a81467c96a1b5ee3a99aa;;;;;;
6d5438d68152c5d62a5582df8f8da3c6;;;;;;
0a697a3d47bfe9b1650d55d9204e3622;;;;;;
a1fe436733945d96cc556bce2fd62500;;;;;;
7530d7f19d91302448a6b64778924d62;;;;;;
7d9c8a5fca9fcbc7f4b934d6a9a675b9;;;;;;
33d6a95da15d854f49d3b01ea4530826;;;;;;
a0f24e2fe7cb8f22f375c17b16818d02;;;;;;
57a5abddb4b936737a0ccc21f32f56e4;;;;;;
1759b6e348ef3ff118022066da912a06;;;;;;
6bcfc4482ec1bf48729e6b76b5e32c43;;;;;;
a2cf625030b1cb53f597a3e00616fc08;;;;;;
43d8b2bd780f314799fc1b304cdec4d8;;;;;;
da4abb91468823e6e336d0ec15eb9956;;;;;;
26f78a2d405f0b9321d46293ec839f9a;;;;;;
65ec393f3be6519c2d5d28faf528454c;;;;;;
6dea96e4deb7eb4a7b76ac45d1d3b412;;;;;;
9cfcc269f55595ce0ddb7ad39fdb2bc7;;;;;;
c02c87580d42997830894abfe346c267;;;;;;
34b729d6c13064f927fb51049f030c46;;;;;;
701b8a8e354d5ab77d9c6f68c11e63b8;;;;;;
ae3acd09fab7ff4710c3b7dad6ac82f0;;;;;;
dccb119b80a0ee9e2a888d899528715e;;;;;;
c791ad438cd07e74b69e02bfdb295503;;;;;;
1e371f56e5389c139ba1c132f25b2c52;;;;;;
dd62c516f4f38549d548c4abca3e9334;;;;;;
5967372b3325ce7b3e10cb3cb4157395;;;;;;
eb1c522e6947615b4bef41846a6d3329;;;;;;
e2ec179a5fcba412f15d0d8757235938;;;;;;
1088d74f2f4e67462408705cf581c378;;;;;;
b82c4b4c70e049aed018a27af35e381e;;;;;;
64fcb7171e190f37020c9d7499003329;;;;;;
89f2c98f8215c6615ceebeba7e53fd30;;;;;;
cb261877b309ff04d62c2dbf24eb2efb;;;;;;
442f0a4fa22fa3f5545389837d723b6d;;;;;;
f64f1002fca7b021e008b8764210d1bf;;;;;;
22ab0b8cac08e0a75ecba334059cf30d;;;;;;
3558d8db72b6bd5719c3da14404691ee;;;;;;
854beba186abcf20bfc13baea19c3fec;;;;;;
8377616dbfab0b9e990a7531d57b9d7d;;;;;;
0ffca8801a8074c17a485be5f7b0b3d4;;;;;;
c1f9ef792299126eed2d517d20932982;;;;;;
5f8c4db4853e0b8d8fd01eefdddb2f10;;;;;;
dc8618d7e30d049900263ed5c299cb47;;;;;;
a406edd6b85a7ab7fa00f604954b7f62;;;;;;
4ef0421e8040d467c52baacb08957b6b;;;;;;
565579b797f37fd3c39adc8d1ae1d354;;;;;;
b2af6d1e8b7550a10ed501ca363a6dbf;;;;;;
9cd71c8cf8d97c538044c321a52d318e;;;;;;
f463728848d706a8ad108e312e82deab;;;;;;
19e196828b1ffa90f315005373f85ae8;;;;;;
1307e2cf05891398a5a034ed22ef97ab;;;;;;
e1eef3b1e099f43ca61b7f6c69d4976a;;;;;;
5b0344bb27fc304b652ec4971f357799;;;;;;
7b7f4f50e2916a1672a14291abb786eb;;;;;;
04a8db0a526b8e12407ef7742f35b156;;;;;;
ba28ac618134b69aaffdae5b1024e593;;;;;;
77319cbe27c167850468627c133cb7ed;;;;;;
6a053dc72e76eb36e0a67edf3eb61639;;;;;;
e86cc4b0cd3fb15428d14e7a23aaeb60;;;;;;
fd210687f833e202e17698230b734fc9;;;;;;
f6144126b45c4366eb509e77a90c5382;;;;;;
4dc1f0b1457f7a14e41caf8302b972f7;;;;;;
9d7ae4e6f3f744c45e91322dabe421e2;;;;;;
820e8e201146278eb7d567c7b8d036fd;;;;;;
b09794f9129c30a82f6478dbd9ed3646;;;;;;
7fc575a16f56b81b146266240b6b3622;;;;;;
7b51d9a64a7a6ca724effb3f28c112a8;;;;;;
7f3f990c694b7182f008045e036a97d8;;;;;;
38874a515114b348409a104a5d737fc9;;;;;;
056fffbe2f7f109bece038fab8f3d88b;;;;;;
b99997f8e51bf04b29b78a49080623b9;;;;;;
8c9c48299ecbdcb5e236b9ad80ccf55e;;;;;;
458b2473dbfbd9487b600b57d7e147ed;;;;;;
46388c73fd0311e23ebf803c4efd17d5;;;;;;
03e806c41341f5aa941269bf62a5afa1;;;;;;
8f28e5af9fd280c43b4cb34c96fb307c;;;;;;
ce3f5cb3008dacd6b2b565e92fff4725;;;;;;
ddc53ceb0b2f5761181d40bbe173f1f6;;;;;;
c44fb825a9bbd1048a5b040869e40988;;;;;;
ab6d28908d86a59fde7f7169726a954e;;;;;;
6a20025ca543de282323fe778105a85c;;;;;;
55d52097eba8a76679284ff8def618e5;;;;;;
7606b7615515190c80e141da1c2acfb8;;;;;;
8dc4b90a6e53a577fa2f3bfc24eff2ab;;;;;;
2a897f7525e16e32b0a319f9379993ac;;;;;;
7f897a41a65fa42f85699c6339ebe25b;;;;;;
cecd36d9b173296f7ee8b63f73a1bed2;;;;;;
62e8ae41b0510d72738556e2fe82c3bc;;;;;;
349dbf1059df5cca2c3cb7e1edca9486;;;;;;
161c0273f7c4ff2fad67689e19c6df36;;;;;;
b3eee2fc536df79f63904222acf8e432;;;;;;
dda925e89aa91ba794f547ef661c9d8c;;;;;;
e6a7299a8897665d765db62e0efe268c;;;;;;
805498e3d07871a69b4aed58c61eb82c;;;;;;
9471f208f2b6532f1e5ed809203b1f90;;;;;;
6dbd1d8def34ee41c4eef9b8d475c21d;;;;;;
3dcd756bd91536dd2123b9b3a8319114;;;;;;
cb941cbc1b99c4a27cc95751463290ee;;;;;;
66799e6c27eb067d9c6e90e25d2b86b2;;;;;;
fac99854822d4b1cb2c5e7f2828093c2;;;;;;
36969e178dfde608fc0b0dcb6df99ee7;;;;;;
38716d269791e63d42a69e9e37c52cb5;;;;;;
7e2447ad1488b684ce531f1edb0600f3;;;;;;
b7864a0ab03331a25546535a76d95b46;;;;;;
a14d40d9cdef6773fdd7ff7a84500514;;;;;;
997c5e18fdd27473b0419d732de60a06;;;;;;
9b4f3af409f045a754072b4f7065365c;;;;;;
fcb1880649514173530c447150e319b7;;;;;;
1e28ee0ce0d32a104cf8fe16b78d34e8;;;;;;
d133b8f303e06a08d16298dac2307fe6;;;;;;
3b389b6d4a35213bcefa8e358add6cf5;;;;;;
ae8bd9caa2f0495960abadb58ff6c222;;;;;;
861a1895552cd4cea0f9cf2215886135;;;;;;
a51a3e47bb237df8b471074f444de086;;;;;;
4c6e59e91737a11699ca774d6fbe5f38;;;;;;
17c62fd194b19ab15bf234d259fa4cc4;;;;;;
df433a520e37e075aa26f93900b3998c;;;;;;
c4f76679bd78d1da170431312aee936f;;;;;;
d4955dca5df10517beb65688346b8a33;;;;;;
4a3e1551a7d612803606a0b31ac5dcc4;;;;;;
d98a03be0fb49baa13e067b128cccc69;;;;;;
67a39e3afd952986ea643044e4223f3a;;;;;;
36565f98edd77ff8ed0b570e4f2a37cd;;;;;;
833aeb6fff7bb321114f7d2b7e1ece60;;;;;;
7373114e98f38f25af4e634f1ed94e9c;;;;;;
9df3dcde2707bbf05b76a77313e62fb4;;;;;;
cf013a0372e8f8cb4ebc5edf07941bd2;;;;;;
9183292dc9304f5872d44111edc31f12;;;;;;
44de09171b4b0f83e679ce865c629e41;;;;;;
9453cbdc9df5d3fec11fd325c8be40f1;;;;;;
e81a9a920f796e685106eaacf86d853e;;;;;;
079d33263ec67ebb56e6133da084e812;;;;;;
60c098a17b78c5a2c4626e6494a4ee2a;;;;;;
31c1d59f5353acd9f1bb755abb22b002;;;;;;
2ce21622349298e813c99d4cc11b7ffd;;;;;;
5d092fed175a831eb04864535fcaf897;;;;;;
cb0b732406ed8a213ab9de09c31e368b;;;;;;
f18b4cc4f69a26ad048119bb013d3c53;;;;;;
2d11cfc268a5970776e72dfea494f6d9;;;;;;
29c4c8765dbb0eaa891e84d213d875e9;;;;;;
86e8e4236d0d5d4e6226e53ce2c3db9d;;;;;;
c42441cfe03cca3896a51a1e03e1718e;;;;;;
8f9185e92ee7c4bb6f504384c0d26fdd;;;;;;
bffc64c87535f2263f7b5d086a2ef9d8;;;;;;
e840ec4ff7157a6ef187fbef234f04bf;;;;;;
99ad8c9c6efc2c742d636ccd3d322fc2;;;;;;
0f89dfc357774377d208836e8807ff0b;;;;;;
2362dc4753ad787e357263e190fde84f;;;;;;
05707175d787a729e9579f474ade46f0;;;;;;
ce53130824538b20efc3def88055b0b9;;;;;;
35e1e64df674726300cfff343bd119d8;;;;;;
ea2baf904e080812fa6a440558df1abc;;;;;;
036613a963a2fee79a35d8df3427ef76;;;;;;
5679396e96e66d779038e898931936c4;;;;;;
0028f3739e7a2db0faac5751c92673c3;;;;;;
af29a4e0741e6fca345347a2d4c77025;;;;;;
1196e58dfcccd3c3011c0374b86057ab;;;;;;
71bd52c21e82777f6f6d6a02a08bf6e9;;;;;;
c6fa350a03a93eafc5cf595d344fc62d;;;;;;
0ed30fd30e3efb7df1ef3a7175113207;;;;;;
ca1fb3202b90c5ce28d8c62ebbf63548;;;;;;
012f34588c23bbe94b45119123676853;;;;;;
7b214b83b5203431da7b9b260106f56b;;;;;;
f2ff67e656af99e04ccfd25acd6036d7;;;;;;
bca09b94139c885fee615662c047583a;;;;;;
b5b8c1039fb65b336100502bd0cf1e81;;;;;;
62b27e45c01a10f89a7b6ddfb3734688;;;;;;
095c3e288c884615b3ae21ac603595a9;;;;;;
e02829cf73c40de9583d85d914b5808d;;;;;;
fdfdd1a7be27ad030cf4ee367308cf55;;;;;;
adcd0adbeba66fad58dc54d12b2ffe13;;;;;;
92868277012a8e04b36deb6da3f1c886;;;;;;
39a87f945edf60dd3266c539bdfd6f3d;;;;;;
a6ae7b53be6edc0e0350620c91b8eed7;;;;;;
c193855f8b73756e49b1e7422caad880;;;;;;
44b80cc964dd23d2cefe555e1b010f94;;;;;;
eaa0ef19055b42b6dea3285ffe11f6af;;;;;;
2c6a0ec15a64a92bff965ede57e77c1b;;;;;;
e3de81ecd826af14cb63271cc8ad041f;;;;;;
b39de870288a3b9b5b2aaaefec64954b;;;;;;
fd31aafe7686b4bc9aa13f534eb7f581;;;;;;
b59c2b736796931af38c2f3a11eae59d;;;;;;
b675b24b4f37682ff3e20d797f760939;;;;;;
41f2025af0bbf884e294863827ddbb87;;;;;;
09e68ed55a8d2382a129aabc04ca44af;;;;;;
f6552b2ba9e9f51eeee5d4c0e7665dc4;;;;;;
878454beff7a22bed5f6deeb046a02c2;;;;;;
ccb5912a2b427d60e0a5fe717772adc9;;;;;;
d681dfdaee583231e59f7e08165855e4;;;;;;
102306403c148429acf04203917bad89;;;;;;
7882df9c41b6afccde56177f7e450670;;;;;;
25029ea2b64d9197c2a322fedb58e2ad;;;;;;
d4117e676a071c57ca78f8a3f75e007a;;;;;;
2a71107aac01cce18dfc3f2d240a538f;;;;;;
f05d7709b8ba421c12ceb6bc5faa8701;;;;;;
f85fc4cd0b897b7c297905af6bce4360;;;;;;
b7771a2b68d9ce7f03394899b9c21681;;;;;;
f4d2265ea3c54e41ab9e173982cdf510;;;;;;
555766d5f0cb70fc2ce1ae8ef4de28d1;;;;;;
24273378ba98aa9949dcb886effdb5d4;;;;;;
0552b9ef3396610717d60d7684417ed3;;;;;;
16113b35d81a88d1d8ea941edaa1fdf7;;;;;;
024b9b3cd1a4c3fa990f95774b87145a;;;;;;
b709e30af2d9850974d040eb0ec2cc17;;;;;;
74bff082cbb2799f5e0a443bf4000d5c;;;;;;
626ec04cee7493388e61845ad890a422;;;;;;
77b8d34c4b795ddffd0ea44a7326e7f4;;;;;;
4f95c1b1fdd9d247f6df76a80dfd921a;;;;;;
6f64b5bf73ef6434429e22d79cf68cce;;;;;;
243df47a93e89a6550c521889cb7ad3c;;;;;;
80dd5a96afa5cf0aa3407627eae843d9;;;;;;
afa7c8694d2d5bbad897e679ce829ebe;;;;;;
536d5197a8ce0f94c1950416ddc7681e;;;;;;
8c427dc828b51612e6a9262946b21b87;;;;;;
8ec62eb277c65548928a1a9c7fb3f574;;;;;;
d2ec7b7e640ef7bd8d10dd7f5beb7725;;;;;;
890f018dcdaa6934e8e633505429fad4;;;;;;
6494e89366647e66d2e775d33e1dfe0d;;;;;;
8e58bcb74e80823b7606abe852b91d8d;;;;;;
2fc5433915a1ba527581db0b96f352b0;;;;;;
2fbf16a843cd903bf23b9f42221212cc;;;;;;
cffd147ffeda3a0cc174916db3c44d09;;;;;;
bfcf32292ce6ce54b660806d2367a4a4;;;;;;
3294395d58fea2c8dc460341450c03a5;;;;;;
43b601b67fddec6d1f7cdb5f9512366b;;;;;;
0de365c0877fd772839e60eb39d60c43;;;;;;
5311381416a55de669b2730247aa5100;;;;;;
490682b74a06600b91873e932766664a;;;;;;
b31cc2f08d8db20314770ac0e0b1bc76;;;;;;
c58b1e1526d7fa54a78582d3957b9d71;;;;;;
56014e4f03fafbfab1e2a519cd5229a4;;;;;;
f8577dee1fb1ae67c0830cbe8350d5c1;;;;;;
cfd1425e50038684919cd0c7db7bacf3;;;;;;
16b46e2202e3ba211a7f428d3eda2948;;;;;;
91587518e23f11c7ba0f139b63123d34;;;;;;
97fc1323079cd98d41af2ddc048776ea;;;;;;
16da2630f000d41138aaf85558382f17;;;;;;
af69629bc158efe0348f59334ae48919;;;;;;
134191d7af522e78430b04c7549d9387;;;;;;
4e1ab1e33b7ebb52383d8698808e4315;;;;;;
cd960312e7f8e73f447669401cc39396;;;;;;
1d4fbf12398aa7e562ffb5c6847ed9b1;;;;;;
05366ea41d0816f1c569b22739f4595d;;;;;;
a8b39267c6342482254b16b776dd8d10;;;;;;
a3c4d91ca2cf63193dba12c2eb23d152;;;;;;
51fb35e7af58be4c791cbbb6c374c6c9;;;;;;
73a67743c4f81a53baa3b5d22fc628ad;;;;;;
94a30c91fec4a0c6b6959936f6bbe7a5;;;;;;
5f2dd44e2fd1bd5338b59486d6705b06;;;;;;
8d62222ca6b4c38107b445067deb9abd;;;;;;
49f9c76b243e7fa9f62cc2d179659915;;;;;;
6df35859ef8a6d1c26dcccae97852932;;;;;;
2c7530d29e5cc9ddee415d147690bc6b;;;;;;
6603c288095011989bfcc47a017ac4ad;;;;;;
bd3fb13dd064c6964c07058a7aa85c82;;;;;;
09153a245f04974dc35b0b108809c542;;;;;;
335efedf65ab6a431b74c233b0e13257;;;;;;
1ee94306052905bb9e06b8345294bc23;;;;;;
331a994e4cf3f39cbcc397b39aa260ae;;;;;;
6c54b1816f07406eb9e792d9c4d72cf1;;;;;;
0449c27a90af0e9f2af86f4e0a524e72;;;;;;
4e960409fa2249b33a8798b46431c47e;;;;;;
ab7945a86c3546fc74db71a26bdb3bc3;;;;;;
1e045a942dd7792ecb7c49062202342e;;;;;;
5c0a9ca60a858771c249534b4c3ddebf;;;;;;
0b3a01f0264be988f15ef0cee96669fe;;;;;;
bccc738079f632ac1308312ee00fbdd7;;;;;;
bc97297d3c9477ccb75d8d0e271f90f7;;;;;;
9ef868a00283f016c121cf7a2568147c;;;;;;
520e96a087186f51a0b657295a75883f;;;;;;
25402a1eec252d96d2f6a3cfc85d7cba;;;;;;
52285df55443f455cfdcfa74f638e37b;;;;;;
444caca54a932291c1644379670dd715;;;;;;
9abe621046b572c7ca9e7f6be0794409;;;;;;
82b7a8c8d90ee1299c49fd87624dc57a;;;;;;
5d7c0398a0367f44f6146e660208bf21;;;;;;
db94a18748943c5393462c49a2b42e02;;;;;;
930673964c20e8adaa82f92221d47e18;;;;;;
a8bf874396d687549847787ce6f380b7;;;;;;
5f9350e6a23176ea3a9e6d3b43250ef7;;;;;;
2573086dca2f1a0e738c0dc4a966821e;;;;;;
33fd0fd12645b86d61ac33660733987d;;;;;;
1d9884f21e805216f1ba9cd98225783d;;;;;;
ce1934449e49d88e6c9fc5f428c6c13d;;;;;;
bdf63f54089fa8d1f4422a939de1ab46;;;;;;
6c7656f2ae4537ea64f3234f268394d5;;;;;;
8d21355dae9925f403f0d0d2665293fe;;;;;;
819c05c700ec3e49983d949a7da1106f;;;;;;
df5299f30a05cd00adb0e9947ce93f73;;;;;;
6dcefb77b0eac15f592e416ccd1450fd;;;;;;
e8c480800905c69151f2d0dd1d5d94f5;;;;;;
5679647f397de0eeed2d85753404ed40;;;;;;
0e3f5245af9cc8d50aa13555c3766fd9;;;;;;
d147313e93d0f5b964454084fdb29b2f;;;;;;
f908cf51a475fcd94e32bf629cac6071;;;;;;
a75c65826fd502899c9c2ed8266c5714;;;;;;
aaebd53e84806cdf22a045c0e23484f6;;;;;;
eb338e5648b2a479c407eb705d108670;;;;;;
1648b34bd14e2743966520949b8febd1;;;;;;
7bbf59b7d0a8bad626b59e793e5dfa17;;;;;;
7c767cdf1899326f4334060e8397a8bc;;;;;;
5480bb4ca88d81bb4e33ace55ff0aca6;;;;;;
6b0d02bfe1ebfd1cb0a414226dc19d21;;;;;;
7aaef240920231f84ff037c27ccc29e1;;;;;;
ce66fc4cd3a736d6697404040c00b9fa;;;;;;
b3f14eceea0bd62ccac44bdf58bf4fcb;;;;;;
b87fcb27c1e3b553f686c8604f9f5534;;;;;;
fc5eab570227fd01b2e206e0f5a48f48;;;;;;
1875d655d03359e3fea962c259bad13f;;;;;;
cc67e3a9d46a3b381774b822b2c29867;;;;;;
2d07d66b168a3d0915dd57991e6c9144;;;;;;
a2f8da3f60ff3caf696272f16aa98a4a;;;;;;
852314deb27742b251cf8d2f22e65de3;;;;;;
cf52f9583217fc618ceb3004435b7278;;;;;;
c12782ca0852a99cbc4105ef060c0705;;;;;;
17ea3e535ad1cf87ffe6da08e2b41c09;;;;;;
ebab380fc405edaf8c88b5b70fafa210;;;;;;
2e87743f4712e3fbcbb5e4f199282682;;;;;;
cf6838eea184e658921e73728d6b5357;;;;;;
43cd87ea13756714fdb381db0d276fd4;;;;;;
b8b64fcf79caf422986b612caae7dc03;;;;;;
bbda3b5abdaf83685b48ba3a2dd15e6e;;;;;;
0d1bf053aaf7741fa2f731dc8d9612a4;;;;;;
6ce4eab2b345bde4969db533ccd215c9;;;;;;
24e9e2476fc987b4b4244cdf35e0757b;;;;;;
517f76caea00207e742b27dea494ef42;;;;;;
d79f45d8ede061b2cbaf127eb6889a3a;;;;;;
7620e3173ae12b40330bb2c56edc85b5;;;;;;
b2e7ac2555cb0408c86e8ad1183327e8;;;;;;
3811a85250c2b84a2f362fd323869774;;;;;;
fc76e8c7f9b08894bbe20351f6a5e051;;;;;;
09bdfafaf56569077d27342747d4ce2b;;;;;;
79d83830c148670e8f73b9bc2a76405f;;;;;;
02ec60b87a810f9ecbb46097eaa4e9d1;;;;;;
bbd4a4fe13726dd4c506b91ccb039709;;;;;;
2aaff954489a4b9bef17be10d2f83ec8;;;;;;
5e0e3e027247202c2dd6e68f6cd1fd1b;;;;;;
c0568f861caa89fba339db326f85f0fc;;;;;;
7425e8ad15cf79926b5ba175c06d94ae;;;;;;
98a0b1d69585e04088378ee8022c9ca6;;;;;;
f231bd45a718ef08eee3f5285b37aa32;;;;;;
035472455660ca36ff3dbf39f34469d8;;;;;;
89d258183c3a1de331de68b5b24ec1c2;;;;;;
2c4532c1b0e8550d346b5ab441024df9;;;;;;
29ce66c866fc29de08792765974061d2;;;;;;
c876ec647473d495817e3cc0ed4d9889;;;;;;
98632c23b8b7e75c7fb535eccdede799;;;;;;
cacd4212befb4d0a6a1e951ea24cc72e;;;;;;
82fc319839fbe682a4438b1332504318;;;;;;
b42c364065720d41876aeae3d151f9c1;;;;;;
af1ddae0c537ef253e9b9b36a688cb6d;;;;;;
94883bc3b68e38ce3f062d50b73c7bff;;;;;;
4de9ff5bf41aaba6eda0772e74898909;;;;;;
110bc8fe1e8d162b4dc8b74e1d9daf1c;;;;;;
e4e34b752725b5275972ccf320e24ca7;;;;;;
cb5598d11f829d75db28ee040b425a87;;;;;;
e72c8d2fc6b9b6d45ab64f6590ceba71;;;;;;
56561c5832a5c358e77624fe8320f2d7;;;;;;
b1e248bc894c60f71fba65820f69e103;;;;;;
87d5a8a48ad38744521f732050a02009;;;;;;
37123643340ec4a6531603bff703b3e4;;;;;;
41b0a6ac6a34c4300538ca17214e0304;;;;;;
b80427ac4f00967e4b051383a9b1cda2;;;;;;
6052e0f737d36640ec5eeefe128c593f;;;;;;
64125187eb0f63a369b1e09acbd9c4cf;;;;;;
0cde694f1069f681c2acccdcbfd8187a;;;;;;
07c61fbcb7cf735af6c79e60fc73df22;;;;;;
71d3ad159a3deee978bc3fcc40ccd7fa;;;;;;
4246d05cc0ee2ce4beed9ed357812f75;;;;;;
e7ff522cd7fb7bc9948c8a3aac56ca9b;;;;;;
3a7da959053161d2f08a0abfce84303b;;;;;;
e056308bf6b56b1c8e33b7c465251c08;;;;;;
fbac0d6d09978a189e880759fcfb5273;;;;;;
0b34eba489bc3b543c156b9bb33a67cd;;;;;;
994ed371290bec401cd2c4f5af03a452;;;;;;
0c960494feaeb22f6e0b2af666ce2e1b;;;;;;
a5220a7b5299abc59e8c7b0cbb84020e;;;;;;
f8a6b5ed32538d707d6f253925c49900;;;;;;
64a473691fab0cc7488d71b4c424bec3;;;;;;
ec680b5f447d672123b3e457308e667b;;;;;;
66a06e8460242e295f3384c84b705205;;;;;;
bf32bb559a3087b20b314bb7a4379b8d;;;;;;
3862071c034a828aa1969e774b3f9732;;;;;;
45046d57a1e88a8a38d20a2ab67b7df0;;;;;;
9e7236b93b7780515e910dd5c1251082;;;;;;
089cf5e2cb24132fe624507143854a7e;;;;;;
e241f89b495da5bcb69ffd7115a45d3e;;;;;;
b508d27aba2ea2c9de8dc5abc3d43621;;;;;;
da7cb3ccfd1491ed43d179ccc7e0ced6;;;;;;
0550698b55456688cf89e051339bc3db;;;;;;
ac714aaecfb018e8f0d0f5b40f23875e;;;;;;
00360fe832e6031a90dfb50b0e678d56;;;;;;
0ca8409ec4d221ce7114cac2ecf64e88;;;;;;
95bd1adb6259816cadc4ba91fe4ef904;;;;;;
7dbd4498c9cb684dc3693f3ea0527b07;;;;;;
8a81ce392fbe59461d9b732213340d6a;;;;;;
5fd06bdea602c543523e7d31912f3d9c;;;;;;
89d835198cb0018dd23079a3cbb88a21;;;;;;
8d670abf86dc8854a1c61b1776083b98;;;;;;
b1183f3ddb5d357d24443475ce79ef47;;;;;;
da17e331de6cce96fa615a18c0119d64;;;;;;
97b11e93d3605ca64697acdf7406d76c;;;;;;
efc303b0ff6a056308671b781fa6519d;;;;;;
8ed17cf9197fb0fc9377714d73685c3e;;;;;;
e46ef197ea50656faf048a62bea52327;;;;;;
b71d77ac02df4fca5852f9528fed6906;;;;;;
4dacfee8d1c08461b384de84a32166ae;;;;;;
b4d512ed9dc1d568c14d2f67456741ea;;;;;;
ef9e3d4e6f6e7801817611255b3c2c36;;;;;;
5cff0724cf4791922287cb2b46c3e845;;;;;;
87bfc23235e8d14f704094abd9ef46f5;;;;;;
bdecef4e7a22f193bb2e9cf3b40159a8;;;;;;
8636a2e51d9ad1964cc08032aaf8a2c8;;;;;;
ea4756ef24ac5b4146488119308140b0;;;;;;
e1220fa6a0bfa33139dbe2e792449b24;;;;;;
2a84dad28932ab6b642059c579f5ad54;;;;;;
7befd49364c65e5504ad290d3cd2e41c;;;;;;
d2f32b805937b44de0a6ee60fb9572ec;;;;;;
7221e62f1cca3f4c5b7c2014ac210395;;;;;;
f97150e3253f6294f9d4b5b7adea5fd3;;;;;;
1ed8f3740b5f89eeafa34b2dd34e6337;;;;;;
25278913510a08d10bac76b7bba02c72;;;;;;
a3569264178c38201f43f895d1284f51;;;;;;
29747b77b4f1a6c63363b75e9f925c29;;;;;;
ca9a1a527778ac330caaa104b511f764;;;;;;
2a2fb8678578fe05756925af42d83379;;;;;;
d876af9fc1b22a567c98e9e9d6830428;;;;;;
1fd6e67af896f4b0dc641ffcfbfce694;;;;;;
391af9734afc47d6fb62d4c30f81b6a9;;;;;;
975e2d8f65599f002554fa3b982f1872;;;;;;
28a38acd16896fc3646d4ee5848314f2;;;;;;
4650f48b82cbc3a5dc9fc614c6869f8b;;;;;;
cbe1e295d5e1c9f8da5015af55a582d4;;;;;;
7a6c0ae8bc0cad3320bd0daed5d243d4;;;;;;
404a31ef6727b8bbc510e9cad351ec79;;;;;;
36fcd24e223623cb80a82bb6ec54753b;;;;;;
cacabeec1c29785a7c380e17744d4eb8;;;;;;
764f7eb3e1d56294c39a32dc0c06e87e;;;;;;
ea0dd3f0ca21d0566b76591ba59c88df;;;;;;
3761c6f1ce8de7bbc31928b124c2f8c1;;;;;;
452114f84616996b92c7eb85885fba32;;;;;;
366ab61e73c40bcf711ab75e94b1e169;;;;;;
04645346e6f92e858b1e5c053bad0bfc;;;;;;
881821159eec48a98b618dd3696a8b46;;;;;;
e1295032a5ccfb8a4ed3555f14e8a6fb;;;;;;
22dc3582add92429cd793aadac19d79b;;;;;;
164d6b4218af1a3afb16c5048de77c2b;;;;;;
38069b377b0b8b357c90fb6af95cbe00;;;;;;
65748abf6da8e49ee9226e7278e54450;;;;;;
0740553a160dc9d4a588acb0a6faa568;;;;;;
3b7e0ddc04d28002cea3c963a498fad6;;;;;;
e612cf34bc8384e0038d5ab50aa0a755;;;;;;
f19464898411f44ef5cba0946c45033d;;;;;;
4d96b3eeb73265562de9b67ba943cb25;;;;;;
3d7fae3678c7e7adcb5327c592627a38;;;;;;
4e25f9473d8ed773306d4bb5eef3e411;;;;;;
f0a4f0952108e77302d96076a235ce82;;;;;;
2ea67685c6209329198bc0a2404f1748;;;;;;
8c9a091e8a14eb7600c65aafc2f387c5;;;;;;
824e898b15a6a11920e86930d44634cd;;;;;;
6a2dec7207c0a89859d11de3b91509fc;;;;;;
c5960854939f3cdcbe2cb754587cdb65;;;;;;
d8f73d3708396a150d27899fdb082d7e;;;;;;
bd922c19143cbe06fd2ce548a294f6a6;;;;;;
00397e8835c88bcfc1bf612c0720a2c8;;;;;;
86cc60a781bd8384147811ea86e21bc5;;;;;;
7289054d7486e38ae7584f58f18bb044;;;;;;
5b5526680d9fb4a3f04b3787b2461119;;;;;;
3125f7996578d7a6eceff4cd54a21df3;;;;;;
aee6a9cc4425e928b0b3b23ea100ee9d;;;;;;
d1919fb34da7a1763b14a0ca77341401;;;;;;
ab4fbd822b6bcb1d437a304a7779e252;;;;;;
7d545f5229f4b6e7fe9ced5b9129c85a;;;;;;
f8c6e152dca195ec5f23915242a4dbfe;;;;;;
32a1a1f2791481dc33dd149120d47169;;;;;;
425fb7c650c9f50dd3f3f43412cafb73;;;;;;
2fdb86d2904b9e9a6af3d16c5ad839ce;;;;;;
84f6f2ba9257fb3c33766dee6c19259b;;;;;;
d5c0071e2de0603f4c9bb67b0c3ac3f2;;;;;;
d332e7935cb966b2c498eee7aa950c5f;;;;;;
ab480aa8f4e3bd82a9f85a4a7d7d1b34;;;;;;
4a9c1dc2b99b627a9962f7abdabbb598;;;;;;
dfe8530787c642167634e6f4531dfb85;;;;;;
bea40906fa5feb0e3dd75ed5c092bac6;;;;;;
050831fcef85323666bff10683e737b4;;;;;;
0eda4617214681e30b0862b7e7abc381;;;;;;
1bc4fc0f3f7451706e389f539405f917;;;;;;
380da1c630745ab34e0482ecf159c1a0;;;;;;
3c03ba614ff52645e9e0dc3546c0be0a;;;;;;
24b6ec02d8d90e7566bdb430ba168f04;;;;;;
03482c0cee93b95da736d0531c819051;;;;;;
3a480ad2df739cdbd2fc41c6e2bcf52c;;;;;;
e36133b16d4cc803c86e78e9fbd5bf6d;;;;;;
7cce2aab27a8be4ade517cd508ce9ec3;;;;;;
f0f4beb42166c493653d56abac57b861;;;;;;
4c5c60bb2c228f2af1513e94164e99e5;;;;;;
79772085eef850b082d82beda96c64e3;;;;;;
9df3963b27ee7c5c4cfc8e2429073fc2;;;;;;
a01f4815c16d5f7133e985714ce37972;;;;;;
ba620f6d2b491ed10d40775aed184da5;;;;;;
cd9ab28382c62ee035a1feedd524641b;;;;;;
635c0257de52a4a56af2c5e6c9f1aeb6;;;;;;
cfc5dc9b006d68915eb8cc54fcc34160;;;;;;
44c0b0e0fb9fa298886bfdbd0b5e8825;;;;;;
67137282309aa4afc2e8288a04e71122;;;;;;
f2edad1074eeb33a6a533524d7e433a2;;;;;;
a54858c6a30e28cf5a24545534cc71bb;;;;;;
0f560e4618befdc9c4f5156709460e9b;;;;;;
1f1731699b9accc2aa07dc890ae17e49;;;;;;
01db02fbc512aa8a062c096cf465a893;;;;;;
87303b8925ac4969e5817d714768128f;;;;;;
6651ee93507e7ba5d811e1f2205d8548;;;;;;
3c9c7571bbd15a4405a989b02522334f;;;;;;
ade6d6d7ccff5c9bec08bcd5327d2350;;;;;;
af59764ca6e5775476bb8d3644af4041;;;;;;
ec49ba14b97d230bfb3a0c6e70b1512c;;;;;;
5a0114f28eddce83bf9dc98f031cb393;;;;;;
7352548e2c71b5b162dd46a104341ae5;;;;;;
e4f740ef3e0330ed4e6f1465a4d97be3;;;;;;
6fed723c09af13ed15c9a411c982b99b;;;;;;
10ef243b3fc57b7166fe2ca11dc19309;;;;;;
3cc8e140b3543dfd9d40f6e187793a4e;;;;;;
d9a263a501797545bcb72aed8dc878a3;;;;;;
cc3b6e3be269801e07d29ff25d506672;;;;;;
55047ec07a7501a44784828c2609c324;;;;;;
cd8cf5e31da76b86e5d489a065b0c3f8;;;;;;
78fd985c153a213a9e9ebc5943d8cb55;;;;;;
f082334f4b09732b10348300ad9a19de;;;;;;
497fe33e562a24d47dc34a9cc0fdcfc3;;;;;;
a36899af77ae21aeed6bf6e08745e4d1;;;;;;
d1d30864a1e4cda67051c9c5987d27d4;;;;;;
7a295abc74960c10fa852f430c819ae7;;;;;;
44f60e863a98b046c70fea3486c300f2;;;;;;
ab87803d692b8363c0d70a9f188e032a;;;;;;
99729c8ce7a66a0296e48eabc0935fe1;;;;;;
edf05775df36d2e5650b01fd6c0bee22;;;;;;
397d84ad6fe49dd36c4754db3ce513ce;;;;;;
7376ffc8593b03fea986eef8ed6d4462;;;;;;
cc01e0483023026601375e5d9c51cae7;;;;;;
77ff8654e104c8d474bf6758aaa8a80b;;;;;;
71f773af031a91e043fd9ff739d1b728;;;;;;
cebec40674f47fa69f2780c5410ee04f;;;;;;
4d0d718e74f5d2aabb5798c3353d9cd5;;;;;;
1ada1fce83c7b55ec27b6d3680832aa8;;;;;;
9f2500aa3cf285d70f6f421e368ebfc7;;;;;;
2fca02a7121c281094917aa0fff2bb4c;;;;;;
fa3b113019b1a60298937baa9396062c;;;;;;
850760ee169ffdb1f1ca15613dbcad91;;;;;;
b12e489dab815c4c6efbdf6382751ddd;;;;;;
11821441501572f2651b51dc15e1fa12;;;;;;
f9d355242b2716446e66aed521f9719d;;;;;;
cb230132ebb1eb8b0a5b16c0fe27bc99;;;;;;
043485a94635a02525c67740bbbc4e3a;;;;;;
1288aadef3c62048854095491f512c52;;;;;;
38f240c294d9bebd09f985dab959c2cf;;;;;;
e065af571201efaa7efe0ea769d82438;;;;;;
943ffc85dbe47c56e915f29d389492f0;;;;;;
496ffb6cbe56b52f24ab065c211d9b5a;;;;;;
f15125dd37937cccd41ed4d4013b856f;;;;;;
79c8023c81f405c6a1b520029bcc0844;;;;;;
eb62b2289c75eb5486f2e6126934335c;;;;;;
ff77fca9809c5f102b4ad0c74f66da20;;;;;;
8bb2a720a8186a0fef3cc7a636faa891;;;;;;
0aec27c13544f10413b31aaa58ae783d;;;;;;
02ef693b081fc10eb97e2b3930cf206c;;;;;;
25cd0e3c562ccc6ba3f599f9c520ca18;;;;;;
270845ee2a416897e7c4aedbe8f2531b;;;;;;
240f386bb064d5141be584bf6649df3f;;;;;;
1572c72a5a937d7d113d3470b832d00f;;;;;;
f30c5a8f3b95b9b6564c1acc0ced657d;;;;;;
c25d194b481e511e9e4b90c81bb9dec5;;;;;;
8b8b40e3553e73d08046474f109c1588;;;;;;
79ddfd0d101620ac8db4d7ece7e194d8;;;;;;
52a6e93977bbc2911ae6f3e2f018040f;;;;;;
c23e66a2e243e15aed72f9d1fa2c64b7;;;;;;
1cb580d09302d549a7dd8e1f1e97f039;;;;;;
c7fd145161d47a9e5466dea943fad52a;;;;;;
dfdcd02d92d34afaee8866563fb22fb6;;;;;;
ea631c1c693b6463586d062e6442032a;;;;;;
cef6fac756d8b0482961a1b64d0537d7;;;;;;
e4955eba8fe550aac6e7bc5da3f5dc4e;;;;;;
925bea5363b8921328af23a1663b6f84;;;;;;
4c25f61285b378639384ec955d73d1cb;;;;;;
138329019458f789644ca8c3ecafdd5c;;;;;;
439664c56abb4159e241c8ab0a53ee32;;;;;;
d3cfc29e34b5aa60f642897fe91c830a;;;;;;
7af9c14d3af855270705d11e769a8c24;;;;;;
134a984d6b2ad3e18cbac8dd86c8f21e;;;;;;
6f1122f2733dbedd9309cfc09c84649b;;;;;;
ac0af89580ddba7969b5d43c700bda74;;;;;;
a3ee58b4a42c811089ab716d7411d7a8;;;;;;
a74a941b7d1b65ca4b1dc3ca103af351;;;;;;
54aedac773957d19294fbf4782ef3ceb;;;;;;
6a15e8fd283fc0af4b2ff1454ed4efa9;;;;;;
113e77372411732efb2ca1826a45046e;;;;;;
7c2926188afd293a43b7ea066299bbb6;;;;;;
76ab8f8ca6dad843e795fc4210f794d7;;;;;;
24b3555732d09b0cbb0853590f160b3c;;;;;;
9fd64278492c741ef53b61db4e675888;;;;;;
55af8a0283652d56afa7e5c5de91bf5a;;;;;;
0d7bed1b8918e36221aa4b76d7bb404a;;;;;;
a1a85e80a462daf3551168bd6137053f;;;;;;
1f14d6c4c2df317c6e5ee1d34c0c8fab;;;;;;
42cc41f649ddccb83403e2c93bd0a793;;;;;;
c0b95bfec8c284ad3266cb93592b4957;;;;;;
9a8e183e46ace834c795b21b7bea3301;;;;;;
01c6995405b6fa21651462471d67e19c;;;;;;
4fcb87867bdec52ba4e58a6f52743a73;;;;;;
8837d7cec8b221f4e047197223360417;;;;;;
a0b03e605e59f6592deca50790f7f3bd;;;;;;
d53e73f7df613b5594ac889ccbce7206;;;;;;
cff027fbdc40a4af8fb9105fa0d56a35;;;;;;
9a5551bc49fc81d03a2635944528bb81;;;;;;
42c493ad91e9f6c18084638c61b6335f;;;;;;
be9f1579f14ad218aa2900066c6ad673;;;;;;
da246266fd48cf69cd0bf0ca21e45c8a;;;;;;
e06371fe2e27827db9bf8fbbecdda539;;;;;;
eda69a3f5d6055fe718170fc432ae1fe;;;;;;
f1008d14b23e5c342efdec1884c929c9;;;;;;
6ec20128a54c645d07ec7baed4f93ea9;;;;;;
3ca5ba26c75be142e6c070b1145d20dc;;;;;;
72103ba42b4c3cacca1428113c9d684c;;;;;;
7835ae15aa883fc310170b596cf5c90f;;;;;;
54bfccba7858ee876d49d7c5759d03c1;;;;;;
8865c32730b1e32cc78f66318f8de736;;;;;;
3794824cd5b5547e0eeb3badec8f326e;;;;;;
0910d737bc146d9acb062188c1cd3e0c;;;;;;
3777620730f06c174541fc88c76cc74c;;;;;;
d91ead43188904efadd14a3e664bbbd1;;;;;;
a1137667df6a8f7b239aa287d4d88448;;;;;;
f0421c61b1aeb1686e6ed3e2de019f1f;;;;;;
8720fe2b74d72a0f93228c2ee12bd8a9;;;;;;
04100b150151fb846e3950ca9b3f7034;;;;;;
16cb3c44267da25095fcd53ad5860195;;;;;;
410b43d4ee365eee06446d0ac9f12527;;;;;;
367ff33e599dd1ccc33f702fa43a66ba;;;;;;
e2efc0c6e26078c319d11986c8b3e324;;;;;;
8c6b06e1770f4b1035627fa1506574fe;;;;;;
865ea1dc72c2561bbdef860137792a2e;;;;;;
e6a8be9f0c2b201a0b0ba547b6c4de4b;;;;;;
54bc5f8f82650d6be7ee7f537ba679af;;;;;;
057ef6c607402daf2b9a71590feb0984;;;;;;
056d9ee16dda0fe1a4adca66e2cfccfe;;;;;;
158ac5de19b1046738da9ee3a310d404;;;;;;
9903edbf404fbbbfa775c8f03aabb444;;;;;;
50187aa76795f897fb746a22a08482da;;;;;;
8e5216328b963c8d2f92216578ab4599;;;;;;
415b96fada91d5e788293779a0dfa85f;;;;;;
f7998d94ce1c24e7fcf9f590cbcfb157;;;;;;
92fe6c9085a5adafc44c863091d8f6a6;;;;;;
e125913fd88f466e0185c88f0c4eb4b2;;;;;;
0cdd6d30725c0d99c204a88694fa969e;;;;;;
5c504e31e8da1a2fd6c14daeba3e2f45;;;;;;
bb8661bf74c99e2d0f217fd19f47bc0b;;;;;;
2e44bed9a4ca7b2ad92370b35fdea3c2;;;;;;
a819ed8fb5828807ed0f0dc8ef51fb65;;;;;;
cfe65e28690c8df5e923e6f213947fcf;;;;;;
e2d345dc6e79b504ad6779ddda069469;;;;;;
36649c1b9889db015acfa82cf00f8d30;;;;;;
fc0c8620dcd02e667492a03082b9605f;;;;;;
65a2f70715341197cafdb1f801e76bd5;;;;;;
e882b0fe210f1d7d901f76bd5e588d06;;;;;;
2cfd397d33624e0090900aca3cb9ed2c;;;;;;
3fe819ae676c59237960e614a2055b15;;;;;;
310ccacfe8df7ad4445dd5b7049bd93d;;;;;;
0d46c7dc9579bee98acee123a1584c49;;;;;;
200d0ca424823ffed5bc3e9aef6040b9;;;;;;
ba79b10a22752148fc097ddc52ec38c1;;;;;;
2a3672d22304aabefedef50d976b695d;;;;;;
5804d8000fba2cdf88157d5824a6c8ab;;;;;;
cb87f7132d67e267d48c3dafc0e9caa0;;;;;;
90efb2f6e5add6ac26999ffd439817b8;;;;;;
13410e713ab684e3a4c36a78c3700702;;;;;;
12d95ed1fc7092e35fc1600ce7b62a94;;;;;;
d3f6c7e76d278f7bc79ba973d8b4cea8;;;;;;
6b9eef5db07861da9591121095ae1b4c;;;;;;
20514ed87c57d7772d30565075ca7db2;;;;;;
76e0a441fb677fd85c8f2dd1c5ffc16e;;;;;;
c2b415f89e4500df3d483837df3a8e66;;;;;;
74e46ef094fb8a3fcb76e913f85e9fba;;;;;;
551d2e9042ba3662cff9c7dee16432da;;;;;;
662e15594d2d426d801a98fba662fa9f;;;;;;
b36f030076bea8fa8faf2e572c37280d;;;;;;
a003a1c1615abb47745a134613bf39c4;;;;;;
9a2ec06cef219b04bb396fd388abcb9b;;;;;;
46597427ee7b3a1db0ce03272d7269cd;;;;;;
70d51bcfa3aa4c51fc65a7fdda39df3b;;;;;;
1ce8c859b8f054ceeb5053d4924fceb9;;;;;;
d5bf7c31b409a2982817e991a4438a72;;;;;;
c19165f077475a984bf4809b287fd01b;;;;;;
541ac92b8806008641a196bac926a37b;;;;;;
a54e1c2b6452218b87fe5bdaae951979;;;;;;
e7025665f646d038d33c2489950e2f09;;;;;;
b878ac4a59c8ebce6ffeafe7040c1c28;;;;;;
8f2f93808a210554bbfc9047e02a9566;;;;;;
9f1968a49b9cba0f6852d379ce525f74;;;;;;
5448f8037788e5ab2afb9a033fa4dd35;;;;;;
9c37f446e2c8ff7ca229e6273552bc06;;;;;;
01cf49e88a16ae0e0299252d8faee8cd;;;;;;
2af17e0150d30d4ff48db00fab02fb9f;;;;;;
b8cd57fa7193dbd9c4d72ffe41da83a7;;;;;;
f7e8f3434f3b45b027feb2f286f9c7e0;;;;;;
197feb09e80d9afc24b9cf654de09ad1;;;;;;
ce7b8247c28f42b90579856c92d4ae42;;;;;;
831b62207b9c6c842a5a6bd0e4f7609b;;;;;;
a25d3438f22e2d07137f68c3a2efc2d4;;;;;;
ffa148c7e4d778ccf0aa5a82df3d2155;;;;;;
902f0485fbdd8ecaa166ff311b346abc;;;;;;
09b5df5e0e05868049aab81c9c6a5ed4;;;;;;
0dda4753629ea734ad25586891b612b9;;;;;;
afec8c3d6bfc184e3fc6bbb547468fae;;;;;;
691f0fcf446c35e885184f333e727bd3;;;;;;
8d1a91a795847e979b26130cddd03370;;;;;;
7437b2dcb181b64569503fcf3d2b78fb;;;;;;
1f557330de29ee28dd6fdc730caf4f46;;;;;;
65b5dc5291f814e450159b2831e23808;;;;;;
d59456fc37df3fca76ab9a6add56eee6;;;;;;
9c563ed1c6220560be761a492c571035;;;;;;
33f15c2bebf56f5c095f834fe16b80ee;;;;;;
16ea1f982f25528955034ba051c8cd49;;;;;;
ccdaf15adf18da61f658803b1ee8c06d;;;;;;
457777d525d460e2b04a376091a966b7;;;;;;
73db112b6ffc7a089477550dbff873f8;;;;;;
437db99a4b47cf8f38d2cf67cd4242c2;;;;;;
0123135c692996149518aaf131653aee;;;;;;
dd547e76bb53873520ffc931b44740b0;;;;;;
a7d21ab9a03088ce33eb4e3b70d61454;;;;;;
e58cbd54ca8ffe1ccd07502756e3fdeb;;;;;;
6b73cc595dcd20d076e89a27b068b522;;;;;;
f4a6532c41cdb17851aee0fad9d17278;;;;;;
c3b0ebbcd46fc4290b24bb7f3a244c24;;;;;;
9d2bf8a14e7f395c0de22047e61fadfd;;;;;;
961ef4e259d86e75feee4cadf50b77d4;;;;;;
8c7f493b7de081dc14e42fc577afe69d;;;;;;
d9c10e98b8c970aa04f969592f94818b;;;;;;
16dc95b89ba833fe2792c9980160587d;;;;;;
5f20f8cb9e5b7e5f62762edc3c9e220c;;;;;;
2092ed91d313a7f37ed1d250af96dd53;;;;;;
d955cce67a28bde0c0c8998c1d4efa29;;;;;;
0559af1cbac453d1661c210cbf1a7169;;;;;;
86e1b4e006dc41c7c2076b6744cf2452;;;;;;
6463870d4ea8d0e6aa8bfc9ee8c2a171;;;;;;
bf599ec1672abaf1bd65444d5b651278;;;;;;
2ccb202d0c5223377e9f5bc4e7f6cb91;;;;;;
b5048e9bb277962a6c1b3c506a843206;;;;;;
7cdf7c5cd75f9aeb9b605098234704cd;;;;;;
d34063b6c8a6cd321da4a58d164b9779;;;;;;
b44d2d8ad4c53da35d543dfff0273187;;;;;;
c136c4336aec9c33a44ed9ea397236e8;;;;;;
5f4eed0d323f028b947611b31f26681a;;;;;;
b787b19207ccb860056e949ec52f4b99;;;;;;
72755bf81213260d6472795d0cf0a587;;;;;;
322eded12d534df44de4bd85836b03fc;;;;;;
e73399cb2c4d25ff7527471390d033f7;;;;;;
9db3038e1f9508e17226e1289ab28a87;;;;;;
164a43b57acd24bc98161bb430260bc8;;;;;;
96646b6870950400a2db4d63037c1006;;;;;;
b2e596dc0642e340d3637d9c9e777b67;;;;;;
6de5b02ded697e522aa7a9abad2b8abb;;;;;;
bdd062dc68f99250dc037749b11f9ed5;;;;;;
97c95910112e919b7232fb182984708b;;;;;;
b70cb8a51da0a4da99929673d8fbcbc4;;;;;;
5f278d1c2f77be92c734f1d32db06300;;;;;;
25216db1963dd3bfbd0f81dc9a01afc7;;;;;;
495634dd50d567ce522cb4ff91d25157;;;;;;
abdcf5828ee52667a59fdec37cc5d077;;;;;;
b9a6f1206dc786674db67ee15ed70a80;;;;;;
6db8f69512bc04d03962c672161ff914;;;;;;
ce0f14b0b3ff51134946807c72850be0;;;;;;
2179334162033eb875936f6047e193e4;;;;;;
9bb6d3a5dd6690201379f3efa95871d6;;;;;;
26ddda48c54596958507595ba61ea47c;;;;;;
c44b62e4b0dff4264d0c86d7b3288b54;;;;;;
0f2430684f936e7cc73e88d9888f7a16;;;;;;
332447c634f00efaed58ae052839d76e;;;;;;
dc9fae54f75da6d4a4f2e44cf8c81b70;;;;;;
d50a67fdcb6fd50fa4cdd9047674b02c;;;;;;
4d1d92bda2410f0de8594cef2d779e86;;;;;;
f2f783db5bb60029f6e49711f082a398;;;;;;
8e1213f4322551494f1a2284ad7b81ab;;;;;;
d297fb4f0288dadac653d351d7c3cc97;;;;;;
4da93e5c42664780dfda0ffdc0a06c68;;;;;;
0bf9e8615d7e61d698ce8d2478402429;;;;;;
9cbcfaeebfe4eeaf443d75564fa10216;;;;;;
4cd7bd1f73ade9670516c4878f8dd0ad;;;;;;
2f7b4419fc41687cf439cea0c9fb9e27;;;;;;
e1c89c3f3c5d7592ceef3b1b73d8fa9b;;;;;;
47e725471053c47610e2b282b14b04c4;;;;;;
e1176924a8b7ffa1e2c99cd8a6fa9e54;;;;;;
e73909d97295824ff4d20b0d2a221256;;;;;;
bc774c87ab784e3a9f9cc40026ccf5c6;;;;;;
cf1078b7009db571ad5a31027a4ceb7e;;;;;;
20ef2ab8e976de8f1771093b635be1f9;;;;;;
18ff9a55e837c4b69802ee0037ebfe2f;;;;;;
80f97d7d1374fc0c543f32c93846d865;;;;;;
9aee22d81f5d46682c145b2c8d1d9af3;;;;;;
75f0d0ea3d46d5ee3ac4ed8606100bba;;;;;;
e6c263dc867e3b2f360f62f00fa1cb72;;;;;;
b1314e8a9d3332bfc0a478fd718d0465;;;;;;
37204eaa21ce87d307af12e672a3bdce;;;;;;
07394482ff5531cfdefa17d7991be0e5;;;;;;
453c2072fc2c222746a6fcef69259778;;;;;;
c1eb8b7ecc335319c3473e4bb47daeee;;;;;;
49515028e2995795e6c4f90f5e5efe91;;;;;;
c59e0af0c2ee0e0f5601e97ddd694e7a;;;;;;
1e4812b6436da392c6f8143355c4299e;;;;;;
17ff6bed99b8fcaa25e668b074578774;;;;;;
9ce83b334c877ae9a72a781e2f2d9768;;;;;;
8ea5be547350c89f773ba62c244e0458;;;;;;
46612c7e9315116cb3e82f4d33ecc9ce;;;;;;
37334eb93780459d4778215b90442d11;;;;;;
64cc4c8bcef9e410706c13800962adb2;;;;;;
c505a5eae031e6d6032f571fbcc47561;;;;;;
339d660e9a0973103ebb5f7759c7fc94;;;;;;
664ff82c45e605f5696e9c8da870ad48;;;;;;
becbc904a2d0a5ec7f65827bb8e12139;;;;;;
80000227d426cd7cad5cd208e16c86d4;;;;;;
09324524834e774125a121b7cc6b56b8;;;;;;
9e36e5246600b2cc0e0473c6cc28c0da;;;;;;
1fb2c9c479f3fdd50542662a32ef584b;;;;;;
c27a053bf4713e5104607453357ce5c5;;;;;;
6d38a70b5e34d511b15d9b53433b4b94;;;;;;
c2a86aeb8da7ec5c2c5a6e1ba7e74b39;;;;;;
8d9573b96192a5eba7f91bbb7cd6fc46;;;;;;
c583060b93a53d4a67c33cedd5ed3886;;;;;;
01f2a43df1818cf605d1a7423d434b59;;;;;;
dc52fff8b4fae65620b3cb53bcf73df2;;;;;;
e502d0e5dc4bd78eb6ea3e3d419ce714;;;;;;
6d865e1ca3564603d4de7dbd0f17713e;;;;;;
20269b19fade3df4eacbc9766a07008e;;;;;;
ff51b211f3a66e6aad364bb525740294;;;;;;
ad600c4be3619137d75485252fcf35b4;;;;;;
26cf830e510de10a089a9da9cb054afb;;;;;;
f85d1e535ab5be220d1031e5b357573d;;;;;;
6f8a1ab2e59c232ea7fe77f694312c81;;;;;;
012d1039e77dc7af866c5eccfa812bf6;;;;;;
d904cc09c9f743a3076900f00d8f3733;;;;;;
aec6484cb7e2fa9ffd7aaa89753ea1e4;;;;;;
7b2d85d49803785779e904947de6f777;;;;;;
d62edf23b83609770aa8cf21eeaba375;;;;;;
b90f52dd323a6da4716be00cc1c0f44d;;;;;;
110352a0374dcc42afc760841c20a8b3;;;;;;
ae78ebc66385b6883816d694df3c2da7;;;;;;
809028d3e7e818dee641fa2b0884e4db;;;;;;
c9e21fed45937b36c9e81e7441783e2b;;;;;;
d493b6722a7949437fe9a2ca9a8d371f;;;;;;
6db1b1d56854c2c945336b324f89a8a9;;;;;;
671425ed48226b80a955b0362ccbfa7e;;;;;;
8b202d32eebfedef906d32611994533e;;;;;;
55da67c9207c975e5df269bd6dbb6657;;;;;;
2f3717506c908cb6679fa7fd6817c561;;;;;;
1d52f077d45cc800af2c367e3a5971c4;;;;;;
5a27b448d125347df642d78c52edb11d;;;;;;
785ee5616ec7fd3e8dbfe4ba0877fe35;;;;;;
8a04571acd7953bcf70e35f0bf2db512;;;;;;
73a50ebf708b50867505956ea4bfae95;;;;;;
3e44f7969a6d31a5dffee75faef7df8c;;;;;;
dd2721f3ba6273f4ea71e3a1ed0d4b48;;;;;;
edbfdc0c699aea29d730ee98fb258dfe;;;;;;
9683b5696554fb4c60a8b5a32aaa3f2e;;;;;;
3293dbf2a4becc7ea5a8032ba2303368;;;;;;
59ef69eb16fd54ffe16c565975984b4e;;;;;;
f91bae7699b9acd7d6e4960388b25509;;;;;;
5434794d46fa30de5d214f49e110d756;;;;;;
5b5a3bca52a3087296292ea47e1f4653;;;;;;
936a0cba88827691c974c9ca80ac130b;;;;;;
b9f636bae7eb8e782c2c1751f9dda399;;;;;;
6785e5cb836b77d8dad06643851fa5e0;;;;;;
5420e60253065a2432d50483dd6ed690;;;;;;
806d5a9a1b916fa9b8065be2356652d3;;;;;;
776f885bc441778766372fc5ab9a91dd;;;;;;
181e51cdb114c7f763e6f6c22d179ecc;;;;;;
a1089b2b6ba7ab41e6237ac8290109b3;;;;;;
d2785cb71f354e39702f14db8a613947;;;;;;
fcc632b5fbb30bbb98e630cc0d2e619d;;;;;;
6a41a7e2e5ab042605ed90c91c29238e;;;;;;
7a0220a8809659aa9af5548dc00c4c96;;;;;;
230f8baf238885d90c61dd21bbeab234;;;;;;
6853fefd33fdfc3db5583fad117755cd;;;;;;
3eba4d4a6cc07e1086881aa3cc3ddee8;;;;;;
2ad6020c0cf503fb2d820fbd179b1233;;;;;;
5d7abfe5f7e1b0f4585d34d966486aa3;;;;;;
4f0900cdf2def2266dfc322e31c90670;;;;;;
628d2bbd3934d5a54c046d70a34b3a39;;;;;;
41ba47f51a555cbdc540d432103325cd;;;;;;
d4dfe892246ca86cecccf08846cbabce;;;;;;
7bc79fe590738b65c131d511bd8eb571;;;;;;
54a2e1acfc588feab59cfffa2dd5d770;;;;;;
c1589ad746c2191061893eab0ac37c21;;;;;;
f655483f7bc5ad18f0ed93f9d75ced0a;;;;;;
a6fd104472e2e1009726d58ea4e151be;;;;;;
24728c967de7eab218fa8ab2a9b2b379;;;;;;
d5248176cf23efe5e7b39eef151c62ec;;;;;;
3a0f699abb86b26896c193e1439ebee3;;;;;;
69b71eaeb5929974f31b5e9943ce32a0;;;;;;
d4537a40e2313834853ea678b652941a;;;;;;
a0fa055f25ad02e65475d9f40f29fff0;;;;;;
4a604deae95f6e53ae1e42b78f1cdbb1;;;;;;
8131c84e18b6e0fda955259c5b8d73da;;;;;;
82c4756716e564862e5841527c9a590d;;;;;;
f5cffb8f9d6fe2abd19b265bc8db8694;;;;;;
88d1f00a0b4b8628b8c25a4f9163cb91;;;;;;
6a52f3623b9e599adbad9a93965d3901;;;;;;
252fa39fefb460d1cfc03e047195312e;;;;;;
d0836cb4683b4b503b1c3907c50b5543;;;;;;
f530f50a8cd9e2137658b8f01773a261;;;;;;
7f1d38383fb2ad954303bca13c086acf;;;;;;
8f214f3402002fb960fe3cd080a82cfd;;;;;;
3b4a325ad200b9104549266fd7897104;;;;;;
2af3a89caf64e7584d654762911060ac;;;;;;
65a20c19f768d7d4916b2d95a1837328;;;;;;
a9b87b2f980c486f027814e512cb3990;;;;;;
b55f028e8574d64b94eff6861dab44a2;;;;;;
6c5ab03d237eb30f2948051671c40fbb;;;;;;
0f4e2e7d5964a02b9007b47bf0d1bad6;;;;;;
c15334984626d74ccbecb865cadc0808;;;;;;
9ab1fcc1607dd9e1572350f34f25ed99;;;;;;
53ae67c400805836c3dfe54274e87584;;;;;;
2a3770e06949750b4fa4d62a9e80c184;;;;;;
fe2a21cdc751e8ef6f354efe835a864f;;;;;;
0072c8e74f31ac7d60d917ca72f0d0bf;;;;;;
7eb2176bfef8e4705b12c1cac4cd8694;;;;;;
cafaaf92732f0aec233ba181ce9e4cb5;;;;;;
e3f4ff9bca0cab7ed01df10cdc4ff399;;;;;;
00d7003871ce8f42181cc81ba642e904;;;;;;
22dea0ef5c1ffc913ed194b267cdb03d;;;;;;
362c7e14a926459801d419796f5d7316;;;;;;
97e6ead1a4043b3f98f3ee83fb253c1a;;;;;;
79e6b071322223ffae49700042b6ac59;;;;;;
135439b028f3c2d1f516f8892828a1cd;;;;;;
77890e9b1bdc42f0bc654abca18e16f5;;;;;;
ab25c9ac3b1a0599648eb8fb7ae99f83;;;;;;
bec1916c766ba4b004486f509374fc1c;;;;;;
a36a824262cb3fdfcaa252f91310e4ff;;;;;;
c6bddc682e48afb9c72da5f3929b1c86;;;;;;
4fa37816bf8e09a7a4bde95ffc3ded44;;;;;;
635de2ebbc6c58f49ea5c7c024752c66;;;;;;
7c50fe8583f620a2f641b3205b4eb058;;;;;;
0069f4145bd0bc54836369d09154fffe;;;;;;
9a2eea05af45e0bb2ab4d1c34372c829;;;;;;
54f59afbc678d5c2e5e4211a1b733996;;;;;;
84e605d73975bf83e04cab1cf56f74dc;;;;;;
9c439582a5de54153d80c752c5cdb9a4;;;;;;
5a80c5eb3f920468c5d790cc2f7f50b9;;;;;;
803f27ffe1b45763f2d668a4585fb6f1;;;;;;
c110eec1b510b340ba6de39af78b7a10;;;;;;
28ff0e8292cbcd0c65a5a6c9dc8d88fc;;;;;;
7d9f577e59c72b3d1d3301c2ed5c68ea;;;;;;
2a2b0d89bb32d2623c0a6bff38ad1611;;;;;;
f20f0d99baec928c229ed2a238090c40;;;;;;
02ead2030c6618904d2e318f13154aee;;;;;;
8f6a349efb534e6e939ed75388ca25c9;;;;;;
cc0f2032c3ea447d73b9d83af1ebfe74;;;;;;
200729199047cbd9aad96412a4aa8460;;;;;;
0fc27ede4bdf81482c0c07d3296ab7f8;;;;;;
045a65c2a844285eb88a58e93a834197;;;;;;
1b895581174a11554fe926b353f18b17;;;;;;
6b84e5961ab6dd589b7215743046715c;;;;;;
494c8ac63900a21d3d67b9f4c481593e;;;;;;
750444492ee688400b48f2c72737cfcd;;;;;;
b220bf4a806875df98e6724ef55793aa;;;;;;
693ef320e7d11fe7d764ef0ff6b90fa0;;;;;;
da2af6e06c58a6462f15fbbede8d73fa;;;;;;
c9362c152dcd7538b58bc5992437e26e;;;;;;
11c00821846b3447bd4ee2fe30af5be9;;;;;;
2a718570c2ee455e7656c84f843d443b;;;;;;
dd668a6dcbaf132c6539ea79ca76d1c9;;;;;;
a9a465360de3670f291729c00cd7c772;;;;;;
a08449beca036347e2ffb57236c77308;;;;;;
fb1d45e7f3645e6da6fdd1c153238570;;;;;;
b4812daceec6f1e9c4cb32be5f36b821;;;;;;
a8dee954a914cc1dd355c02c37a22601;;;;;;
1e5ebcb1006d68177087b6db350d970c;;;;;;
8bb1f4fff8f3dddbf974937e2c0745c5;;;;;;
5024f5f82947536adf2483af1ee9ed34;;;;;;
8c0a0f1f279b4b60c44e08354c22fb01;;;;;;
e616fbee13f94f0aada63d745bf16d14;;;;;;
5e438eed812db1d9b0943bb6b2bfcdb6;;;;;;
685ce8dd2c0842a24960783bb96f72c2;;;;;;
598b509a88c82a4e6fe3f51a2a7b5816;;;;;;
1424f15179ff1bc8baa5b971cac65acd;;;;;;
cece2f77443a77d4c930267da3a98ec1;;;;;;
03cf0bdbdcce04d8d5b53df0d2204b46;;;;;;
a6fd6a48d0dbd4a61ee70cd6916198be;;;;;;
8cd749427c89cb9315d524b2d20c6c2a;;;;;;
59a3a276307c8fd51eb17ebb8d01ef61;;;;;;
70af78d6e5123038193ebee49c641d8a;;;;;;
61fecbd60472fac97c2a847a88da75bf;;;;;;
170aca05f71426c0daa2172fee5d65ea;;;;;;
c10595a5a007c741e0c43322cd19e839;;;;;;
e81fdce9ab74b55163999d0e3390fb89;;;;;;
3a5c4bd58f7610003f7dc886a8c52ef2;;;;;;
29262bff64f66374c0aa3e46ea8b24bd;;;;;;
5b2cd8401d951d86fa6c2960f50e8dfd;;;;;;
e1a1cfeef7dfaec327c66c7e624cfada;;;;;;
7eb92c12b3504853ddb48bbb1a577587;;;;;;
234f9d5c53a7df18d646cfc71837c57e;;;;;;
a95ef5543fc5d01b5c381f39437ed29e;;;;;;
a13a6fc5791df5f4d1b310c4752281d4;;;;;;
e70bfa172071e3f559d867ccbe19877c;;;;;;
efcefc5689ec5e9ecfc15c5ffcb3f6e7;;;;;;
5fba0b20ea59a425ff226ad51203e02d;;;;;;
d7dfdf7ae3eef0bdeab0e5f337a6743f;;;;;;
fbeb46ed743ca2c3ecda73f263365391;;;;;;
b720e860de45ec9c841107444c070f7d;;;;;;
96e4c3d2b018e4c8033b612f51d2328f;;;;;;
867baec211d7c9a606f35c753888e45e;;;;;;
e1997e72f73b3a4de8dd91aca79aefe8;;;;;;
2a1c7baeedbe15fd5b3a4e68a59eaa9f;;;;;;
df43042bafcb66be1b2c2fea85b79319;;;;;;
86bdc45bc3c8079cfa15ed96335002d7;;;;;;
b38654cb2ac847c31800e9e43cb31fa7;;;;;;
2c9d42f020e56561d82aa33e5cd4d01e;;;;;;
d3571a180d9cc4e49446f78ca956af73;;;;;;
4e637678b72f652fc70a3d1ffb786e13;;;;;;
c30ba821a80e6f0696ae9e9ee157b49f;;;;;;
28bcf7ad28956dc191666cfac8baf3c7;;;;;;
89b54b29d564321282db56a4cf6cf102;;;;;;
0fa771041f6fa8010326a08f5c758f50;;;;;;
464f0ddc3a756bf2c26b1066616d85a7;;;;;;
eb0d35dc1506dd723fc319066eca7c99;;;;;;
fd376d66c7ffc5a2397302d597334b42;;;;;;
79cc5ee4cd0cdb8bdf957918077633a8;;;;;;
fdbb28945057e8626f685fffa9b88efa;;;;;;
ececa280ef606f9c6970a6d5c30d6d23;;;;;;
4fec093ae00b42f5484cd9f4bcc8e836;;;;;;
fe6764ad9d0c6435270fc707190db8af;;;;;;
4cc35f0cd8d219dd7b9864bf99780462;;;;;;
3f6881f3ca3d49c2abd2f2c601a88acd;;;;;;
0223c471d04268d3ed5d18aa6cfc7db9;;;;;;
a287fd5faea041624bf79cba08856961;;;;;;
d446f5e7c7572b1a740e476d1f4021b7;;;;;;
acbe8cc7a778c171ae7af7ffe3b2904c;;;;;;
30420e28c252463a1ab40f3a7bd417e5;;;;;;
6cab01fec420116a9c5dd47396a53f84;;;;;;
5366672e906d77b8f176998bd7fa489d;;;;;;
1c50d18bb7b01ae8e2fce6d5660c54f6;;;;;;
9ed0557cd08502ebf3fa871c9f5e857d;;;;;;
b633eba0718c271fe43d913f3161a4f3;;;;;;
686633c4dd60140e1c5471400d500414;;;;;;
ffecbec0d4734a0e3202e183aa752fbf;;;;;;
2a4910b179ec66c9defe6c1787c27b7c;;;;;;
d4af22dc791cc7e305c7c03422f9ea1b;;;;;;
b3d683c7da46863378ea1ccd759545d5;;;;;;
6c455b79ffa2b4003e3992c12e7ac6ca;;;;;;
992861b69540fb79633e2dbefe4b0d19;;;;;;
95e693682f556ed72afa3410df06a95d;;;;;;
6b286448e9ddb2c97bc2011f828fb407;;;;;;
dfff3a22f22cacf81a4c620d6364952e;;;;;;
8e3e96f5cfbad00f9a87d1ac8e5fa305;;;;;;
d205fa93c00d486b65fb7b54ec1505fd;;;;;;
b7cfa68c47b5950250a674ab56ce2612;;;;;;
b5754faf464d3ec397d286bcdeb5a296;;;;;;
96b94b9e64c670b9c2cadf0cbce095c7;;;;;;
b7b3778b1b33eaf4c51691503d6ff8b6;;;;;;
e9eaa70c71d9de5dbc679cfff15debf9;;;;;;
c1e8ebaa2ff5bab0878629346bdf45b7;;;;;;
03876fd603d516eb0ee7396822fc3d29;;;;;;
1d6f3b5e13e663001f092b05812cdcb8;;;;;;
f60fc523ef8145fbeab74a84c75df137;;;;;;
9020195cf0aea2759399dec55f513b14;;;;;;
10616ccae60ead6a2715c0d5d96b3902;;;;;;
cbf2484e1028ff602b1d67285dd70e81;;;;;;
8fa688abb0530c2640941c9d709cbfce;;;;;;
c2027da1f89e9c5cc0077e813c3673dd;;;;;;
ac07f008fb75e75dad52de4ace87de32;;;;;;
61377a4b47d9cc6288ca44bf9d9e311e;;;;;;
12cd54e65bf3a767aae83f2b17f516cb;;;;;;
5e5c1f59dd4922008fe0ad2cb5c01696;;;;;;
894a5bf2f50ec4a0cd77cdd2b11dadb5;;;;;;
f5be71b39023c6bd47754fa8b270b1b0;;;;;;
f7f3c9c84a8055344babab41e16c3015;;;;;;
f026751cf7c9177cca4a8fd582e4bf38;;;;;;
78c53dc25607f3a538bd1f7e6bbc91ef;;;;;;
0fb92603dbfd9b31e2a60651985dd256;;;;;;
064d5f58dfa29ed3a2922747ac737791;;;;;;
69ead9c47510fa9eed5edf00771e2f00;;;;;;
56157f4c31038ca94d740e75b4690f0b;;;;;;
a72665d71ec198372e59e5b40a3462ee;;;;;;
63aae33d24e2a15f4472768133004dcc;;;;;;
806909a36ffa03d919babdfe491721eb;;;;;;
f73dac1d30864727e68d1cbaeaf4fa74;;;;;;
4c43e5f34690da8c336651c25af71049;;;;;;
17dc829871b78ae8354cf55a8850b3c8;;;;;;
4c2f0a4295450743dc1c7debb7033986;;;;;;
f5f50f188444f9c2909f083bb4a24190;;;;;;
086f5395b4abd561a8726a85eaf7c6f6;;;;;;
686506391988948d156926f84f32e71b;;;;;;
5d7579ac70453e70e327453efdcd2ee9;;;;;;
343288a1c6b90dbe1610f3a1101e9391;;;;;;
38f8edb85bc185b8057e80744f0380a3;;;;;;
b0d5fba087e3489d36633f63a92f1c2c;;;;;;
0ae587a1d6873bbfc0b7b695c1480be2;;;;;;
4739ba7544248f5da6bd780e64aa9fff;;;;;;
4b2a1bebda71a1b109d13cf9196cd6db;;;;;;
46701f5a5862d2bf8922828b8937cf36;;;;;;
528307f44d897496e4b8fc88601f7181;;;;;;
c4b832c1bdd4ef4c2394ffa1429f6578;;;;;;
03b21b147d2dfd633c0e0952563b2f5c;;;;;;
4715122be757d505d0d0efa3a34bf216;;;;;;
b4cdad56504aaeddcac048a73d26312a;;;;;;
c6533dda82703e9e335a420f883cb1ac;;;;;;
89075a265d871fc936727ccef0ccf2ba;;;;;;
33bd2e8304792051420086b666bece62;;;;;;
324ae6eaa51c07a7af02db7f9bf3c569;;;;;;
43526921218b1ae052b6c8dc4ebce43a;;;;;;
972b848e9c0567df3d5f062b911305e4;;;;;;
5d88285eb65dd4700a139fec467d75da;;;;;;
c6464e086cd6854c5db6f23aef919d3b;;;;;;
d93b7a3eaf5d71f87b6825efe3875f77;;;;;;
00a974f2e3ae53d4477cd52a1772d07b;;;;;;
99253e82386e418b6d9eb510a0db84fa;;;;;;
120fe4a7d7ca0690d32b4714fec96836;;;;;;
32621b69bb6ad4d5be797c3a99183a17;;;;;;
b21dc30561e49fd7b639c0376ea993e6;;;;;;
8765483a19817a2175494741bd090e66;;;;;;
5e1a2063a17db966cd220b84ac2302d9;;;;;;
13dc840068e5026632f10de43962d457;;;;;;
5c89adafcbee73e7bb211e088712a4f4;;;;;;
be226c115b87e3a24cb8506494713d3a;;;;;;
84897fef78e07b280e0c18148e3ac3b3;;;;;;
1dfecd2e280526af9229914628c24f5e;;;;;;
12955d15508f57077fb62c564db14f5c;;;;;;
869e546b00f6ce9fdf8f4d7358c8d7a4;;;;;;
8c336924363d2568d9bb7350208b63d4;;;;;;
b55d670a15e82f28251ea73c7e9750a4;;;;;;
e7d306e9fac460610323992907ca07e8;;;;;;
51d7db5f85b6b730fe0c66c150e7a345;;;;;;
cd0c261c503fbd5d88e5b8b6642163f1;;;;;;
f74b371f972cd160812a15d2fd5ba07c;;;;;;
2df8d02f548857274aeb96e9252eb926;;;;;;
87b2fd7349d8efde28a35cd59b92c17b;;;;;;
ff5f7c8d697a15031fd057107623c8ac;;;;;;
a623fb65a9ba1c7203682b3481bc1084;;;;;;
0565b228990a9190ba07942625acf645;;;;;;
7f13b82ca7c5185d0d186921823147e4;;;;;;
50b2dbb0e86af925f5cfeff23122a1db;;;;;;
5155ca6846daab3a7c675420c9cac437;;;;;;
7c961b1b66af8537281285012303bf45;;;;;;
c41fd79a24d69cf89b58bb7b7b4c1c36;;;;;;
d8d25511faf046d6c0b76bd12ddbefac;;;;;;
d63eff6607e703b6ebff569638c00a72;;;;;;
5c55feef4b699890c302a8b4c72a9e92;;;;;;
00e33b222cf285a480fbfb719c216563;;;;;;
b5e9bfda58be0eaeedd5df1cf5975a00;;;;;;
afaf323282f0b4af639ed3c618b22ba6;;;;;;
9dc23e99d0ec5acb402637095be1f6d0;;;;;;
224e86cb5b502b2bfcecaf2ae6c6844a;;;;;;
36d6c6f380a5de8e9f942a23c3d6d45b;;;;;;
02f0bf4bced53d3a3c531d3085496ad8;;;;;;
63cc04a2c84299d5968360f4e7f7c162;;;;;;
fb7b5bd2bfdc781d8946a6e54d0e0abb;;;;;;
64701771fbe621652ad1e1e59bccf8c3;;;;;;
8bf729320234248ee28421023f8e9bbe;;;;;;
c2d504a082f1ce93056630f5867be0ff;;;;;;
78215db3e370162d6c04102a31c604ba;;;;;;
23182c55a5c37459bb0d6c4e05619f6c;;;;;;
1146fd8315704cfe782518c56cb37e12;;;;;;
f15fd66d1affe0465ddb11d902ac872b;;;;;;
22f11249073b7edd71cd64cca5f606c1;;;;;;
9ac87bdad7b9af38724a517bce0d5277;;;;;;
7810699e38f65cc9800c07bf2d5d03db;;;;;;
2536d0db229f2f880a84e057867b13e8;;;;;;
8c1ba3f1233cd1dde48ce27b14d3a64c;;;;;;
e40ff7e4a9425625e8ad3a482bdf3384;;;;;;
837661f72d5a045346dc5fa400226387;;;;;;
4c6105378047c3e005d244090e60e21f;;;;;;
8a2e77d802e59e7942e637288fe320b6;;;;;;
f562f9ce337f45facab90cb2c280dbb3;;;;;;
27fe2c25df94c911214c61556e2e21b6;;;;;;
50eef70cf0bc49fe0683f09c0b5d3af7;;;;;;
e8a84f98b45cb85e4ceac3aefe3e4c94;;;;;;
c76dfdb69be68402f3e8604cecd7cd2f;;;;;;
3fd7c47e527e60e0b02b357a23cbdeb8;;;;;;
cbc94adbf87679c50aa33c54c647fa87;;;;;;
98b78ea12211ddfa47b1f2606f8c5e15;;;;;;
389e2caeafba76ff8f8109e4531ddaf1;;;;;;
6292585a3082eaaa928ac4beba48f218;;;;;;
a9da1403d517842ae620af49f9b42907;;;;;;
3e0d7afc1f4824168ad42b0ebcbfb94c;;;;;;
1df059ba255ebd12a5d5cca2e1c5b99e;;;;;;
662f196f77c0420b5ab13b81f30981b2;;;;;;
dffd59e13a309603e5e35ddb73c24922;;;;;;
6c13157094113d70ced85314fbb2070b;;;;;;
aae967b353897b4d009776a8d03eda11;;;;;;
02a96dc14bcb1e359983e559614ce4b8;;;;;;
2fd5b4669805f2274b908061aad75ce5;;;;;;
c2e295fc5f7d812cd314fc52d5409c16;;;;;;
0b197983f35672eccdafa224c899804d;;;;;;
dbf98579806db07b46fdb033efc17d72;;;;;;
2f9c05f331134c2346bd48ccfaa875d2;;;;;;
59b3b8d345051ad0cf2ff46d97206da3;;;;;;
715f8ec4ecb99c8b31f80055f917628e;;;;;;
bae32ddc89a1e08c73eaa618f577dba3;;;;;;
2ac210195380e98b50254bc170a6df69;;;;;;
b5a114de71ae9d7779a4313df7bd7849;;;;;;
b364e6a31dcf3ecd21a0c554e6cfb7b1;;;;;;
0adc6a28932e1e1888fb88304648a313;;;;;;
d98cf0975688df01c63bbff94d1baf52;;;;;;
4f294c8959fcc075e67889e10d60c33f;;;;;;
26f2b4c5fe6f13ae420d73757f5814a0;;;;;;
f003223046ed11d54d14c827c478a0b9;;;;;;
c37ff77d3b47a8174846f7e62a9fdd0c;;;;;;
5f4390c781df581e8d15fc4cb49dee1e;;;;;;
d2d158ef00775c7e64f33bfc6dd7556a;;;;;;
5709a4efbb136f253e3eb9eabef2fcdc;;;;;;
dc9fca539fbe3a84a153cb09436b9dcd;;;;;;
683f0688a776ed9cb95d24e266957f10;;;;;;
dbc8a9bd5f512631bb99e720d747a1b2;;;;;;
e63f2e8e08be8acf3a0f09e911f3b8ff;;;;;;
89789170c4aa7758a813d5e00326693b;;;;;;
643692925e934439c52a551ff7c7bd4d;;;;;;
3217ab788a9102403172f3eaf204742a;;;;;;
b33f4a816ab7074d980efe163788e4fb;;;;;;
926f5e2e57123ce3d492ab08421c298f;;;;;;
4c5bc7792fe4f03fa68bffe524b1be37;;;;;;
d4ec9dd47ddf0af29951566890606299;;;;;;
d12889a46b2be20130534e0633f7e20a;;;;;;
8e4f543eb5b562caa713f94a08c2fefd;;;;;;
c17f9c5d012086d0c9738535b4f5498d;;;;;;
3f9a0913c46fc64f0d4cdd2c864706c5;;;;;;
d664df07dda89d456a85d6caf03552fb;;;;;;
4d96e2a794f33f6f1b875f6f4c60cc7f;;;;;;
1d0547bc25f8e7813e999ed051809581;;;;;;
01ba604b6b7e2689195776b489b50cf5;;;;;;
ddeba750cac9d2dc9d0fda5e6902bb45;;;;;;
bef14e63b849b61c9aa579760c179d8b;;;;;;
4a1e8b8f0ff01b13ff57101e18a7b56f;;;;;;
25e78a53a090858f3e49753fad08ce7e;;;;;;
36137a079d46658ab0235d96a2338957;;;;;;
b1b0674e7d49406ff70e2ec21a83e54c;;;;;;
91b4d6f69b1830d47024da00d73b6d4e;;;;;;
864d41bde7288b21269e0fb599125a54;;;;;;
43bd19926d0889f63e2ad7b3aaaad198;;;;;;
a1ce972ee3cc431363a9442c3ba90c38;;;;;;
59f71882029e12728cc8de4647f7ff14;;;;;;
9ca3721e4845fc42713375a5d62703a1;;;;;;
03b03d759c5a3ae7548d972bbb0e6ffc;;;;;;
1174ce9971111aa037a43dc86b70af71;;;;;;
ac019a4145de8a87aa6c1eed971e3681;;;;;;
a0eb8b7eae908403724a510455353a29;;;;;;
9c9a697c2be1f5212bf93468567a8348;;;;;;
5c5373aa8260ac18d0f5a5c451a84e8b;;;;;;
6d573495fea6ff41308c2dc05d00d344;;;;;;
e7c1bde8f1071812b603e161bdd63ac8;;;;;;
a6a3ddd18660faddcd61e02dcc820955;;;;;;
cf3fecdf0770d8785e4e167ca8e71823;;;;;;
874d99dd5c99bb5f67883eb05ecac5cc;;;;;;
476ff0d5eef6b8787b92d1e88fba332d;;;;;;
43ea04087a93e58ec11a5a3c1c822305;;;;;;
06319cfb4886c1df20d3492f7cec7ccd;;;;;;
194263ec215a2a9d169f969e6b801c75;;;;;;
7a21aa9f7c1f3c9140a2d4788c86cb77;;;;;;
197dc54539a8284b37cc292c1a23d6b6;;;;;;
98d4d028f070ac6362b7565833270368;;;;;;
974ee5f0145240d3421f70da685a4d07;;;;;;
3aace51250e2e6f7605f35f30b55d8ff;;;;;;
a5516da00c6010706a4db9a32b4bcf91;;;;;;
d7d1221ba4bc7d493fb36d8de0343935;;;;;;
ad91169ea65f05821307ab8b6a04cf4d;;;;;;
efe55930c4c994c50b32d744007a5850;;;;;;
ad7248dc77c3d6e116300152bb1d9a58;;;;;;
b6e25dd9b0866f7e39a89c32b4763712;;;;;;
ef1d3f6e9fe5a4ad4a58caadaaabaab5;;;;;;
8ee18434df2e0903efb59222ddf419c3;;;;;;
c8f3307237e09c92941f288ef7230d0d;;;;;;
800e634633c9f10590be52d2dbbe193a;;;;;;
be3131016d56818fff407d5ea3f56238;;;;;;
1ad8839d89856a842c23734caeb13ca2;;;;;;
ac78c992ce666a0f90a4fd3920f4fda7;;;;;;
8d52ec0fe5544a122f1ceb24b5f47dfa;;;;;;
76fc928dda70eeeeacf1f6ae4131ffd2;;;;;;
8bc23b9494782d8ac5ea1ae4d237c3be;;;;;;
4aa79eea6b896f0dfd9e5b86513b5f2e;;;;;;
9d035b682f21308ea68a992aa0b8fad6;;;;;;
37f6289ebc5c0e154a11c70d8a5262d3;;;;;;
a90e7edb1529d25b12622e8d1f0107ce;;;;;;
16924a32f8cedcf7b3764c68d78a738b;;;;;;
f4e33bb07dbe71acfd4d243130584962;;;;;;
c8fbb4d391bb63127c6dc26b03fae2ae;;;;;;
07955aea2c2b38e2afe58dd49faefc25;;;;;;
92ab1838c9d647609c535a7d2bc8d5e0;;;;;;
327b043744307127e12c079fcee7a9b1;;;;;;
dffdfbedda1fdaf9b64e14df69760d6c;;;;;;
d26337eebf4993a0fde7f3ff12b5ddde;;;;;;
f13e0fa5c209e50892ed3843920e0735;;;;;;
24759c9d1ebe7e04c3d9f9aae42ac43c;;;;;;
3f04edd8b1f68ed80668ef36a13ec8ee;;;;;;
c7d8714e065954cdc8628ea78fca3282;;;;;;
0705f557367827498dc4e3bc38808039;;;;;;
b55a7c4472e8e751986c4bad4bb068f9;;;;;;
688efd748b4c5c00ab90de6b0505ae5b;;;;;;
0405176d6ed86b3215e350e3ef279b0e;;;;;;
d6747823d816e81e944973769ae2d5ff;;;;;;
e085cc960050eaa67ff65dd9bc220d6c;;;;;;
18ae9f2f1dd361e1e3a7387b9496b99f;;;;;;
81e9f56f182dba596b35701db04e6989;;;;;;
ca01b742ef1d62023ad3da774f06d282;;;;;;
4ba47192cf22b5a11b398821e0b3a43d;;;;;;
a84dde9ec3bfe179acabbeef02820b7d;;;;;;
5428be92ba8d1b11c3ff549fc40a759a;;;;;;
771da30e40d9355fefc26a8d77c36ed9;;;;;;
2d20a2a3655e861920e0f6143ccf6a3e;;;;;;
b85aeca5af04e87ad1713f09e6f171d8;;;;;;
04083af8c44e13a92474a7beeb9a3e68;;;;;;
65b9751f408a212ee11ec0b1054f2769;;;;;;
ef45efb81bd1b4c6821fd8a0e0f61e50;;;;;;
84d489deb4b5d53ca1b1d328df8d1311;;;;;;
c2492d40a1b5bd0e0ffba649a7fa1a67;;;;;;
5320e6eadaeca57afe9a88dcab28c05b;;;;;;
b68290f1c701a12cd577fc4c54e55d0e;;;;;;
f078df0a8c9ba3d42afeb05e37128ce0;;;;;;
1f333a12cfdcafbe0eb73cf397e85523;;;;;;
4a5768018a03477f11970773613cff01;;;;;;
3faf5c78dd746426bd671b0f4f86edd5;;;;;;
e757107cbcba32b2e278614823b4666d;;;;;;
84417ea7f52643a96d7bff2a060e6800;;;;;;
fe8d9c134f10245aa2acd28c90b7e053;;;;;;
2593547b61dad9c3c19ad825a0e4b888;;;;;;
0ff9cd5294a2c88ac508245f273d9da4;;;;;;
ae392e777c526359440d34464c1717a5;;;;;;
6be8fff5a6c476c8fcb10d266df3acf7;;;;;;
755801585b5fdfccc4edff605138ced0;;;;;;
90b1390157c34f2f434e5cff11ac3fcf;;;;;;
6b90c94f6aaa98e98df45900870067e1;;;;;;
ecb2bfff2fae359d736954828c17a26a;;;;;;
5a886b8134d14f35604b7ac03b163ffb;;;;;;
2398de55bb8e90cc91f316cd429b7e73;;;;;;
f84bd626d0d8f98dbfc5a830efcbe991;;;;;;
ef45b366cc3f7d41df1e11c55f6b481f;;;;;;
c8453c52550199c0b3daefd8c29b1c30;;;;;;
b51c8b5a390519f5598276db3bd15937;;;;;;
ca0e311766a837a23a4340891f0f9402;;;;;;
cb044839c3854d6183a9449b84c7d328;;;;;;
5b2cedbb5ce0e689fc6464ffc6e5aafd;;;;;;
897d62df7b17d1df34948a49d935326a;;;;;;
7b66d0685a73229a56b6b03a8901cfa6;;;;;;
4bb76ef3acc95140f9e046700fb350c7;;;;;;
4b616cae52d810cad8c6a0ccc8457f79;;;;;;
2d9b6d21c57f0649e9ef732e0dcc8442;;;;;;
9eeb3dc76d42c2b1268f6bb926e6e3f5;;;;;;
191f6b72b9af909a6757be50a7d1c3d1;;;;;;
a548223553ae7223d10c3aa519a25807;;;;;;
b1a0a4f9de053ac87c165e9e93ffbceb;;;;;;
5c40b99a10853141507bf594edebd70f;;;;;;
49d894d0c75e62ba2d7eb8bfc50aa3b3;;;;;;
a61e9674cfbe4077a008cbefe8a7919c;;;;;;
dd1680b335e0a1b2d54c27212cc23d6c;;;;;;
c94a0f8f70cc4b911895062641ff0b45;;;;;;
9802475b96a00c7e074da55a8e7632bc;;;;;;
357bea26ce001a739432eb02063bf87a;;;;;;
03237364769944d5e391e81a794077ce;;;;;;
439bc744d180d802d87dec1f80a7f2fc;;;;;;
9ec0d873ad732a87938bca93d6733a7e;;;;;;
3444a20e4d741cec7c807096aa35fbab;;;;;;
b71089d3ff92516aad745222da51ed55;;;;;;
bb78fb4b4b100a8dfdf01f466812dd7e;;;;;;
23a9a37edd28a0c1d6aff607a62909e4;;;;;;
dba3924d9f77ef108a05db78b1d3314b;;;;;;
28337cb4321e37c62f6332fefb9d76f0;;;;;;
2964ce15af07513c86c4cf6c47550721;;;;;;
b8cc9304f0802bb0d62b0f42c4c73b1d;;;;;;
bb7117c5e49312ea9ee142977e37e6df;;;;;;
e88fe1c45e482fdc6b6f680397cf9fbc;;;;;;
53e7e2fd472f1dee30f9b5716b715d5d;;;;;;
4902b76c0e889ae2e167d11921486e17;;;;;;
f36f8fc04e70cfa9bec891c71af6ad7c;;;;;;
5cd1739ad9404b8e95c225ab12043cad;;;;;;
498b3b30a5de7a852fd68e2ca0f3709f;;;;;;
b8de4a88146f306f44b5b2b3280c765d;;;;;;
f498e01dc7dd6ee2121e9e5a7498d7ac;;;;;;
4950c071b0d3723225e5bcba68d11181;;;;;;
75514def5cc143ce9bd4730669bcb02c;;;;;;
8c97df2e8b5c9c750a7ab17b727b6080;;;;;;
04e5655e963ecbd68435bdf817fdf770;;;;;;
eb4b86ef68e5f9475e915137a32660be;;;;;;
56c18614a1ae10139dc4cdf131324726;;;;;;
423e5849c210dedb8195f2527bde3451;;;;;;
0f162da0384c4d60cb8b30fd4001acd9;;;;;;
7d552b7a4bc2c17f57054676015c2f7a;;;;;;
120a0e7c8fa190808a9c521b5bb40ceb;;;;;;
8eca308936140ceb7cb14e6d974316b5;;;;;;
f0b43d7ea1b716b06304c88cba3dd20f;;;;;;
d1494a563c93008fb80be06609a2605f;;;;;;
69d21ddef49ecac8215d008ae6161d9c;;;;;;
464525793000756f5488a0229db3d140;;;;;;
0b0444a7646448c1d740fa8772705a32;;;;;;
f7d68496fe4173c8afce469baa286135;;;;;;
8955b1ea66f711d3649c3d35492120a3;;;;;;
35d5164ea34fab85c26d8d7ffe1c2037;;;;;;
8867e3923bb7ef01c62b11f438b7e449;;;;;;
7f087db24de39a71e48e1d07582abf0d;;;;;;
ca7518db7f85d9ba53998691f35debae;;;;;;
6159c8b8f646789e57443e60bf410454;;;;;;
b8a75f043f198782359f646e844d9986;;;;;;
62e86a4414240051eb86362b30322e78;;;;;;
88ea69dc92005c1b610e2ef043787838;;;;;;
55d7697fa69e1c63dd20a3f519f99516;;;;;;
d6aa53abb4e1644acebd96b7f60573e8;;;;;;
c70a930b6fe808239e86f142d89862d8;;;;;;
332433952fe0b1b3cc9236ec744100db;;;;;;
e01eb8e8a98ac6f0f511c1c5d66d49f2;;;;;;
4e84524a5a0a485bd54830b7b6423a61;;;;;;
1eb80d1ed90911eed6253fbe9e63a143;;;;;;
b30ec798236a5f415101b9770dcc76bf;;;;;;
89263b5270339aab617824df432951ba;;;;;;
0d54af778ad049871cb638a36e709310;;;;;;
2b71e3e6e2674adf653274b9db40b7bd;;;;;;
234797b93627c72ec2bbc3fa952d5018;;;;;;
3b62e7b108d6ae317e4ca3c9830dc8f6;;;;;;
5258fc6197bdea9d2bab54d8fe34e38e;;;;;;
5f3a7bedff983d3d0865966b51a44989;;;;;;
e14c51513d06b01366f840fceb8e1d45;;;;;;
a0f36a485fbdef4710529111f13fa99a;;;;;;
54e367f63821a61b10182378adc555f8;;;;;;
b05be834a98c438acbe6bed15a4dc53a;;;;;;
99df39b87cf6bb0caaa8d0d9767bbcf4;;;;;;
6c305ebe5300c182f04ebe75fb2aec52;;;;;;
eecf60bde57e74403cdfd3c159cbee78;;;;;;
53b7a734e088d185dfb6c01effee4433;;;;;;
73b96e9bc28d8bf27ba381ea56392dad;;;;;;
851d7951a580f794fd5f2a57ede42843;;;;;;
aa667ee04b0588117c92e6db888283c4;;;;;;
9c5c3439f9e84488c7a3d425ffc3d839;;;;;;
d86414fd5fe51bbd18ff0ba611237bc7;;;;;;
e4cf8a477cdff70df70ff6a802d63aaa;;;;;;
44939a6f3c25ddf19cd8beb818d4d567;;;;;;
937c490acfcb71c39dc4cff7582bebbd;;;;;;
0b4fbb809539bca9a855cb87f69f7b4a;;;;;;
3bf0551b8077c86f1ea4b29658cf8b30;;;;;;
17c05a39e9d39ef9822864c7e2bed792;;;;;;
7fc118fc7b25abc3580c29629e2a81c8;;;;;;
a3ca8c50a7da8572988fc2b9743b1ac8;;;;;;
883f447648072a91823783747850b507;;;;;;
95ae55d7d8b19a5be62b0f706cb1ca0a;;;;;;
18278e72abbc6c6f0db0d04894e288f3;;;;;;
2b2ec6b30fcfd569a21a2fa30ad9b82e;;;;;;
2429d72a47067fb7700ab56550cc0dce;;;;;;
ac8d2c426be778bd6eaaa675ae8a7682;;;;;;
0847b2e62dd26a3418c00f896c44a662;;;;;;
289fa7ed97748cf30745e2c08d812caa;;;;;;
884118119b07ce0d8e0cc09db743e85c;;;;;;
ac870e08037f702602100fe8705ec292;;;;;;
41837476b14db9f2873990d30859e748;;;;;;
b5869fba9b25bf83bda707f6261f4b1e;;;;;;
c3f35ad7552c595ba52e39aa0ed17c1e;;;;;;
0f3d0064213b46d12be05ac563ae580f;;;;;;
1cb2877477c6e24a1abc65a7bcc54a6d;;;;;;
540c520148dc1c0ccec1988e6cc8a309;;;;;;
394bf3a5ffa16910e495546b4f3484a8;;;;;;
c1d21c99c24c69ef29bbc30e16d9c5f7;;;;;;
74a6a27aa5aab03da0c3b092f859c108;;;;;;
5036d48548403ab62ce1c3d3d4b38c22;;;;;;
72b2ee8a9a4d20a1e21dbef20cabd868;;;;;;
644c11dbee7d63e5432d34a19751faad;;;;;;
1280882b168a039af022f87370005125;;;;;;
ffe645364b458a1cababc7988259d121;;;;;;
97941876e0c7e50e1380063a7a2d7432;;;;;;
02badcb81aefc6df961aed97437c5f31;;;;;;
e1f4b7d80a3cdbdddb1a23ea206f7c04;;;;;;
3360182f5cea204af1f406f39e8a6c4d;;;;;;
695272fe12e5a0249c2fa7e1620966c8;;;;;;
4d4b53ac87ea8411df2016f7226457af;;;;;;
65bb102c6963a34134dba1cdf4eaf556;;;;;;
f9218dda957dcadebe088f13bd6b57d9;;;;;;
74a666c88641586686092faae13be7d7;;;;;;
609cca99cde045d1c111c18372eaccfa;;;;;;
d1d28f14744a91fc043347cc4025e431;;;;;;
b1850327ae0cb74fedebce268f186e7a;;;;;;
7081437b1b173b1e248f6889a1a28bd6;;;;;;
362974e0271696967f5cecfad2be2aa7;;;;;;
d3d3a359a9cc43056503b7bbdf1cd908;;;;;;
37de35cd659eeb711fcd6d830acb87d0;;;;;;
c70715d77f5a131261a17ee1a1a20757;;;;;;
53fdda698277738035ad4643070d4845;;;;;;
db710e67664c8656dd5496124b45bbf6;;;;;;
91f5b02c130c285dcb0f7852e1717eeb;;;;;;
34a6bf1c9e5decda08dfe09d4be88056;;;;;;
8c405a9a0287faf13baef4608265db36;;;;;;
4be4ec5269c89b8d349942865c9fe65b;;;;;;
4a489215645df0b38f8c5e96e0d5b600;;;;;;
cbd7028e915fe1ee2387e0802f155452;;;;;;
f8647ba22d5075a26480241e5c048a9c;;;;;;
e44b8de436c8a0af43b00513da1ad1e1;;;;;;
3361f925d73e9f14cd322f38ade05511;;;;;;
8dbe65d9e48f7f9e66b9a071aaae1551;;;;;;
bca1b5b7456e5d6f391d6038a427f4cb;;;;;;
c62b94fcbb19a03c2bed1e30d24d4989;;;;;;
53f5d7f58d281bfbfe38e2058feec3ce;;;;;;
20270ea622e04ea5f9bd2e0b3bee272d;;;;;;
624dfc7cac250731b3666102355972a1;;;;;;
6072f9c3e410873bb067ab5c2c41c162;;;;;;
491730f01251a10c5df4d0d9d0ead451;;;;;;
ab60c888ebe88cf9f84ce6be618de154;;;;;;
ec296aa199c94b8c6479f5ab3f175880;;;;;;
149c9224d64fd2bbc63ea04fd96797e0;;;;;;
98cd6aa5816f9280ec2e665a48c38b81;;;;;;
36ff08bb05aef8a9dd6f46b573ca7a8d;;;;;;
c6e889c6d9f64f2541dddff0655382c2;;;;;;
6c13edce89ad5fce86b854307c7e7213;;;;;;
ca4c38548da3fe19ad99904ffc060c4e;;;;;;
2af5162f7cbbadf16c56ff73fa6763b8;;;;;;
958c398e1297767ea2b63ae74d76af17;;;;;;
d8fce61dd0141a1c3440862193f019cd;;;;;;
b34ddafba9f788d3cd7f5b90e57496f1;;;;;;
26a822178d2e1578250ffd4a429a27b7;;;;;;
cfbad293ba3b83b39420773bfdb6cb9d;;;;;;
ab70fd1431e69b80ed97576d186e34da;;;;;;
4c06788e45191c870b594fd668cf8064;;;;;;
6fdb2b7f1db5311dc18013f558f36ba7;;;;;;
c5e171fb637c6d8d1fcd3661d4742467;;;;;;
9cec797d67c3d9cb7277a1192ccde6c9;;;;;;
413da824bb87e033fc79c4ecd4d7945f;;;;;;
7e807bb50414018808991348c427a306;;;;;;
689356a5ad275e3b94dd7d7bd3f85410;;;;;;
7337ed3a2e7185cae007ea4f19995830;;;;;;
d1cc705a521dc2df9443d1506c7e0c2c;;;;;;
3dc7a63fda4bc95a56208107a6da7ae2;;;;;;
d0e959df008ab743d64fe44074ebbcb0;;;;;;
3bef8e347fd387b21d837765ba11a84f;;;;;;
9018fd83bd195a2bc3048ae752d5316b;;;;;;
8c4a0b7e1a4b5dce51c01eba288e8c03;;;;;;
fd63545c75ffb7d5bef109f14396709e;;;;;;
8ca0684098d22d2c30ebe75559a3edc2;;;;;;
df60cdc458b1d8bd28975fb7a6aa2ad0;;;;;;
2cacaf4ddb23d612f8ad8e8792271e06;;;;;;
39537ec615841a73194e50c40bac4492;;;;;;
8dd4a80873a4194ab890d18841e7557d;;;;;;
795206ebf0de1cdee7e3177b16e954f1;;;;;;
cdf7d633eba261f186b6a77596623e2c;;;;;;
7b91fc108b267c3aad10634e19fca58c;;;;;;
9cc3bdc9773f71e640bfb9252e1bd12d;;;;;;
6c5ccb54f0aad9f0cdeceaaf43fc9d70;;;;;;
6e471b5232b812a29ce6e69c4b241805;;;;;;
00d7e5596c1b48c02193680dab655186;;;;;;
e9523916e7bc9106f5951b36495d7089;;;;;;
22615fa9b3e3bba357be6fac29e8e8f1;;;;;;
ac3e4347ff8e3118ac1652454bf5ac59;;;;;;
1517a4c7390d62f441476abe394e1d14;;;;;;
7fa869a47d2d52bf6c73a2131038334e;;;;;;
fc267be90e27bb39fa0ba98dfb8e89de;;;;;;
323e2600620ce451b2e8237300f92ae2;;;;;;
331572078a98ef83cca99365647744be;;;;;;
65d743a4a72e85e28b9581419d2107ff;;;;;;
16ccb0f79f49d2ff81ab09f41042e47e;;;;;;
bfbf8a9772ea09e23fc5ef94bc915b81;;;;;;
ba3a569efc957a1b1836dbabc634836a;;;;;;
e767b72babf2d4026b6de0ec6bcc87d7;;;;;;
04399f656fafa2ac481e0e4a201164b7;;;;;;
4ccc92562972bf11e39564adde6a93f3;;;;;;
56fbb96c820390732194292f0536201a;;;;;;
ac43dbbf62a4c0d595dba2676a5ea3cc;;;;;;
b472e58950390ecdcfff57f83ae9e82f;;;;;;
1b7ec29de859a45c068f2631296e8feb;;;;;;
02cca20e85332936e9188d08fd1ecf34;;;;;;
2083a8bbf4b7025173278e475723eb2f;;;;;;
0dec977caa27501ee2ca129bd8d82f21;;;;;;
e34fc0c6128b2907ff7de8f7f9f285fd;;;;;;
bb788ffb67e20325bd56aaccbce0cc57;;;;;;
6dc3f6e5f084187d47f9e6374895a65e;;;;;;
245718e2c9e33be22b7e72ff4ef9945c;;;;;;
28c1ea7b340cd8c88ac80b4c7ba12f75;;;;;;
3520ce76b0a675c078e5d6beca9bc83c;;;;;;
799a371d4ce56908c2d95aac1a43abcb;;;;;;
fbf9cd11d9fd47208c6d75c8b1f19c12;;;;;;
7d1799e0516dc8ef72f784673b816b92;;;;;;
89e397db9a4867640026e98a750a5726;;;;;;
366e84f624bed90201d7df63de990422;;;;;;
39e1dcbca3dc7f306b705e39712ca156;;;;;;
1a02d4fd29ee8745ebb3bd0dfa131be7;;;;;;
3c5da5c098928388513deceb0e7fffa1;;;;;;
233b1057b347fda270cb06a48e19dc1f;;;;;;
5c13c48f64df3b4bb5c61a4cfbb6b247;;;;;;
9034b242439feee7581ae82550fefd95;;;;;;
6456aef0d88fdee2003228b5c2ab48ba;;;;;;
e42763bd2a54d01ae3197531368f8da6;;;;;;
3ef1f8b2a9a87d924dddf82df40ea702;;;;;;
b3184cd9f33f09e9412d941fdafa97de;;;;;;
166b9ce6dec86e500bbe39d4d7a8a3e1;;;;;;
c085aa9d30c8b053c6e88bc897fba15f;;;;;;
ba3cd657cf350e1fe14d0d28e7e449c5;;;;;;
2e8f216b13413232e2bf5972cb73cedd;;;;;;
67218de313958fb1747d5b745c9d1c14;;;;;;
aa0822c4e96209508eb1eab2d9115f37;;;;;;
16e62e29207c35d7e8b3f9b4ebcc8701;;;;;;
821f68e8ff9f4b7f5add5b761598dcee;;;;;;
7207b4b4c9d30766a532c2748566df95;;;;;;
14190711931abc03f7faa956fcf0b3dd;;;;;;
80f73af7ec0bc0ac0a01255cab150ca3;;;;;;
e4cf64c21bbc479144883f8e65a689a6;;;;;;
e5d30846f0a722f3297b32097814ee1e;;;;;;
99b936612a89b6dd44158d29de9e0a35;;;;;;
73fb4afef8c6780570871b6f590fac9d;;;;;;
88fb91c94334751dc7536afd72d3e396;;;;;;
258c9f1570e3a17aec41da75ea0e9f2f;;;;;;
045f491d18f697f4527e53f8ca627976;;;;;;
ecc904a576b1b12d25a98eb93de2badb;;;;;;
abc10a9f1df49c09d6e839e071a905af;;;;;;
336b71beb0cae82f4ddffb04c83b3abc;;;;;;
60c7f8329f771b7fe25f7f19aed050fa;;;;;;
e9f5c2f60a550009ee1b7c45a870dbe1;;;;;;
809c7d3b47db0447cab9cf023456b570;;;;;;
bee80c2cc6d47119ce8d6e5deedde0c5;;;;;;
dd8d2d3d12d4cb33000fc42dde69f30b;;;;;;
a9716c4cdc2091f4e540382208be0734;;;;;;
b70db307c591b1063d7ef6d131a731f9;;;;;;
40ab9d0a88e2aec9558c213f1f395fd5;;;;;;
67bad113e31787635a8c0f69c4ad858f;;;;;;
6c7a71f3b85f4a35edb918c550a3ca87;;;;;;
8ecf505384226e824a4e77e2486b47af;;;;;;
c35956aa2a2a8814779dc04323dd6209;;;;;;
08e5b412d48e12a45bc05a77cf464547;;;;;;
ccdf57fa57b7cdc7a44b99f7109c4383;;;;;;
62c6b9d51bb8ba0cf019dd32de4816f8;;;;;;
5edfc2542d79eb6ce9b756825f6541ba;;;;;;
45363c3375d914941acd5e83828a350f;;;;;;
77fa94765950fc2efd712cba4bd448ea;;;;;;
1dd2700a8ed60dc5ad0c84d5b65bbce8;;;;;;
78712cdfd3df1db4264c781e533c3358;;;;;;
c328155be2994c1bbd16121e6ccd1544;;;;;;
8b532e6ae48378fdccffe1290b56ad6d;;;;;;
db12c5debf13cb913fe6d1076bad4a3a;;;;;;
1e53bcee487505558637075e8ad57320;;;;;;
b0cba5fec7e6f4cad14c47540deab54f;;;;;;
137e7790aef53c9df367bf0e9ee13ce4;;;;;;
d93ef63d18d4d52ade90f99b231bb9c1;;;;;;
8559cde29007ff7ff586cd0383cb1797;;;;;;
c24045aef60cd4b386bda164fc7b754d;;;;;;
4d0b9d05aecce83ecf9757381dac6cfe;;;;;;
ed67a91ebe388f87fa9d4149b2253b1e;;;;;;
7f38077997a3e45cae7c0089a5cf3209;;;;;;
4b5e3a16417655f3c95bec31a38ef3e3;;;;;;
b52b9e8a96aefdaf1e44cc89a24bc7c6;;;;;;
9ecda4bd69e5aac8e08507aeb1444fc6;;;;;;
a82cdaf149a02ad58861368194db3670;;;;;;
82de5a7e9efe3e0f2d56429fb07b792e;;;;;;
2db7174e7c23fdc8f23ee6b3b1169d22;;;;;;
373a36b39b5038e1956e075aa7b871ee;;;;;;
357fdb4c983c518bd42e99b7891f2030;;;;;;
34bc6a40e455d8ee651814930d3b0041;;;;;;
7d81b06a45eec09dfe1ca51021aa83be;;;;;;
0d1f3c74e0fdfd576b64e75194e52892;;;;;;
8978ca553d3f1930006c4c91132ca3ba;;;;;;
16690d807ef7cde8c76effdbbbcd294b;;;;;;
e04b272d283781da058fabe539e2ba9f;;;;;;
38fefe01584de83ae85eb8d9e0637f45;;;;;;
fb430e76f85e5014bc12be2861661d46;;;;;;
831a20ec52c1004ba0ac683181e04547;;;;;;
39eeaa817b135f68c190ddf076794b90;;;;;;
988827ae317be7076ae71ef6b02451a5;;;;;;
c1005735ca99ec39967c9e4ce1edee07;;;;;;
de81442c631a830e39928ba4046fc061;;;;;;
9573807f65690e57a221c5fcdafa18d1;;;;;;
0e591fc89b4f20abaed502f0e6084659;;;;;;
a0d2f971510ea0db3622db8833bb0c83;;;;;;
6b18f85e5eabb07f1f2563e9603cf76a;;;;;;
52cdd61f7d5bcf6ed3ac85e3c9469dde;;;;;;
9b4c94ceb1f92ae19e840e15a6eab538;;;;;;
67b8dd551df9c42886172d0bfafbaf09;;;;;;
cb323aaf1d86ca11b6657e9dc33705fb;;;;;;
aa8a531af9350e3f5c23819df004e5cd;;;;;;
1ae1ae000e5eb829807a76820c1d61ae;;;;;;
dab10a6733184fa3855e8e85218036bb;;;;;;
79ce0c020cf49bb5fb10f57a72eb92f1;;;;;;
56b6e4c70f23e061c6d36b7ac211d4b2;;;;;;
825a91dd92d11d3af4ac3f78c5ab3d8c;;;;;;
ab871ace968e1534b1a9b535a9baa854;;;;;;
907a69e39abdbfbc9476c6ea77d06906;;;;;;
57929bab0c3ab2aa346db3bb10b6d759;;;;;;
e6aee7221d288827df09c84332ae6b42;;;;;;
cdbf55fd25c38a333e187b46cd4120e9;;;;;;
eb49fee8cdfc40f54d5f1fb31e3168d8;;;;;;
f90330dd0e1c00bf1ba053274e6f7363;;;;;;
eba9e541b04860e45484802a2acc6cf1;;;;;;
ae5065a5ca81d1ffa83878d573844993;;;;;;
9f40a36d26bba963ac12e81f15494fc8;;;;;;
f2a8030374dd7f5f000027e80329b35b;;;;;;
7b6a7b0df83ee4aa3c6387d4f6f80320;;;;;;
67423e4233e6241423baa9aa789a7d7b;;;;;;
ce807be9512bca18c6bbbc9e11c13481;;;;;;
e54f6a11dfc2b054971e0306d3f979d1;;;;;;
78d4f4df58e429940fca41f3b60ad015;;;;;;
361cc59b5767f4e176fd600fe05917a1;;;;;;
796e8234ff9d6c06b17ddf0f62d742d0;;;;;;
7b5ae824e4c858bd27a0fc28b9d7963f;;;;;;
47dc0d817ef824f06e11f130c06a53d3;;;;;;
11a5e7fcd26f07b18c50dceb3d83a449;;;;;;
c29ab3fc1666d7cd1dbdc2022c5b94b5;;;;;;
a9ed755911cfea11da8c7e5ac2eb645e;;;;;;
e0c4fa422a3bb0db1caa146a0c0300d3;;;;;;
3b0495795804e15eda567f8d3827ff1f;;;;;;
12e12407de6cff2f6e177d0292d7373a;;;;;;
909b6b66e07cfa78c7112a25cef1fb1a;;;;;;
26ba3cff91fbdba25c95e2967abc1dda;;;;;;
47785e177a5937c13f3a14cbf89698e0;;;;;;
ae0400f10dcf5d390faca879d7401b00;;;;;;
39808c6711a7e8fe0ed7060f5709ae25;;;;;;
cf548c6f8202864a27111bb5760dc21d;;;;;;
1a92c77905e7d14b12d97065d107f95b;;;;;;
33ca97f849f547b33e441e753024cb99;;;;;;
28e270ad1d74e1c800cbf22b819bf0e5;;;;;;
1f24a4c6e13d6c71e77b1d526deb32cc;;;;;;
c12ec0ad90c593f732ded1556d679a3f;;;;;;
1c0b231ff656fd7cf5c236c03125fdcb;;;;;;
1f61b8f93648d60f098f838538863e65;;;;;;
c54b9631b1dddd8c140ffc8efa97f3c1;;;;;;
4e2f74bcddb646d2655a569ceb0a0e14;;;;;;
20b2d0d0ab4f5b8825fd687c6f52e01c;;;;;;
7ecdabd00366df6c02cc364bae273cec;;;;;;
b67fb75ff93a4db3feea858e82eb62be;;;;;;
bff4a9e52f5f0a3ba7cd2961ac4e0266;;;;;;
2c62b3eac9860c421120a3204fa582ca;;;;;;
0b76f7c3ad925f4a2c523ccd086ac5e8;;;;;;
5752fce2ad985786f42a0b0c33d9c7b2;;;;;;
25ee5ab3481ad4832c3e455d66a7a6bc;;;;;;
bc267edc78273c45526911a55f57f529;;;;;;
624ecfc081361ed595efe0fedd628031;;;;;;
64119e2a3269afdf24125b7a025d9645;;;;;;
4252e470847a0e51ed3d4c48a094b241;;;;;;
ecddc645e718d409063bebe204f16191;;;;;;
4dc2e2a367faea2d2fc9cba56bad0dc8;;;;;;
3797512b5967492c3be81b9638cd28d1;;;;;;
05c21728cdbe9fe953710fb834506345;;;;;;
56cfba3ae223b86ed4406d529fe5dcd1;;;;;;
2a1d3afda4a61776922b945733492cc9;;;;;;
71637c6df6e7c28cc1c4d8d3226ff315;;;;;;
35fc0fb3fabd6f99fb50c66c8a7f3144;;;;;;
46f2049cb853f0d1d3aa2d5f318879a3;;;;;;
0df8ab15dae2c2997864cfb82194ecc3;;;;;;
fbeecc792ccd49cb0d0ffdc4fb0f392a;;;;;;
c24bfa24d28be017b8f7f19ff9dad78b;;;;;;
d1354f167230d20689101f7f6cbaa4c1;;;;;;
42fe7220b8e7e9a39617823c6090064c;;;;;;
fe0e23b1c4b522c0e44ab48f82c44988;;;;;;
119259293063e73783448c549e76d1ff;;;;;;
7b4abf0c30b44c017822fe8021e3fe7a;;;;;;
3a8c2e6f718853a820c9222b1312a332;;;;;;
7dfc74b4b9d0d84f0e377ac1cb982929;;;;;;
465672a452617448b2e9255cc66795df;;;;;;
7c9faf94524d05d3439c1760babaa7c3;;;;;;
862d6c88245e99ac6064aa70eb5f7f39;;;;;;
ed0e434b2a5eb7a5b9c709167866ca99;;;;;;
991940841e72e101f0bba5e1e1b3e8eb;;;;;;
90d50cfa18df72ac9575a2f27ebc34f0;;;;;;
dcf83e033225745c8a8ffa3306334b09;;;;;;
07c1ad17543fbd5d9eb84410d2a10893;;;;;;
38e9fc3fbbe278225ae4a9f66a0218ca;;;;;;
9d2ae76c508d2e9b5387a7f50a949d75;;;;;;
a325f274d61fcada2dbd2c19224a4e2e;;;;;;
2bd722d4fa6bb9e43095566648808fd3;;;;;;
fd14a3129a70ad40835da1caa93ed628;;;;;;
3c774bef014fa2008a392ceaacf66a05;;;;;;
d2ab60e5c0d682ac45045cf552723dbc;;;;;;
0dd1b861ef28b51a097581bde4674421;;;;;;
4af63de37a0ad601930500a9c140efb1;;;;;;
f812155e812e70d74503fc78e2a65f1d;;;;;;
4dc40a32d44ab86dc544d85cb86d4f11;;;;;;
7c212ebb7568373bd375725c290c7580;;;;;;
e3cbe308ae8c1447fccf5d5c2b540124;;;;;;
7b3a993e01056977a1c493e225e5ae76;;;;;;
a1526293a2f6cb813f19af9917b50954;;;;;;
913b927a62cf8aeb8c4bd356fc57fc42;;;;;;
65e1cde9a3a6986e1461403391fb0cbb;;;;;;
c03008e9e456cc21f22594ffc1812c61;;;;;;
12439972abacd787398e86bbd59609d4;;;;;;
712baa84cb70f32e674ef3165272b85d;;;;;;
2edece9c21beeb3f1642f89608b600d1;;;;;;
e4c57994ecedf07186785d6515e4a0a6;;;;;;
95df54da4c748d5c18e44170ff0e4e71;;;;;;
fefb9d1e2e8c7f4f1aff906a7428ef12;;;;;;
cbdc07af3f1cfc74c64a0085c3827f0b;;;;;;
5c500bc41b712f9e2e4b3cfb7b495054;;;;;;
fa6c58707378c6bb6778803064407406;;;;;;
c483a6a4557299508e6af8c3e7041cbb;;;;;;
901b5026c5b93f6835efdc900799b1d5;;;;;;
568f341a01760255bc83c1d9610e79ca;;;;;;
29ddddbf6202f82baa91fe3b94a68559;;;;;;
9e9384df7dab441bf11ba8452cb14f5f;;;;;;
645e4025dd2c852798563fdbb4a1895f;;;;;;
ba02993e9ac369cc5d1a80425b6deaa5;;;;;;
d64b6f8747362a61d603cbaa46eda9e8;;;;;;
600dfa48b8c9d749885bb6246c6304bf;;;;;;
f76cf326ce621857389150c751b92d97;;;;;;
abff1a3979b5c4753a8ea8ba019fa722;;;;;;
fec46bbe06ef503152a3f5c11b793281;;;;;;
28b525ec2653f8490c1bfd30f66bd05d;;;;;;
62ee666fb998741bbba67cf76a732af9;;;;;;
aa537c47c9f6815b18eb793d3b9042d9;;;;;;
380d5493c8281af338d505750c836c8c;;;;;;
a3ed06cba848bea4a5e734079e585547;;;;;;
ae859c1546438087bb1838e09fab931e;;;;;;
4e47a661444c9910b0172913e7b8bdea;;;;;;
1f4433abec1dae5107d38c233e558aef;;;;;;
84b5404dfdf2ebed6a27ed7617fcaba2;;;;;;
3776dbd6cbe6a0acf821b73da55525d1;;;;;;
ffeb1461a5495768c718f3baf96e3155;;;;;;
999ca8e88d3c0d4f823610376e6a7f26;;;;;;
e1a4a32cb2ed8b5043bb4776eb012ea4;;;;;;
3004045265acff135853bd9bfae7cc35;;;;;;
7951c6aa53e91ef0c5a65390c1d20a6d;;;;;;
24acd1fb77304cd6d3a5adcfcc2cf3c7;;;;;;
5ed68104464a19064e68aed839636d59;;;;;;
9742bbede7c1349fabfb7949067a3d4d;;;;;;
c1cdcc4af2e1e09c742fc7b2f336e6a7;;;;;;
f54de5e857259b368b32c8d0f2066110;;;;;;
55029148bad5b32b0b9f608aafb42b5b;;;;;;
6e9e7e4ff9ee7389079c465c68efb693;;;;;;
a74b3d2479b9e0e1b9c5a970be3919b8;;;;;;
a30b09123bc89a5100204fdf68693dd4;;;;;;
c5c6514a076641b72dfa77b2501fe71f;;;;;;
23ddb8d0f949fbd2cfe1014b25148fb3;;;;;;
c31acd9466cc27a96463dfa9770deb76;;;;;;
005b9a6569b8fbe67153abef8aed0a54;;;;;;
a2299f009d4edc2334264a79125a9ebb;;;;;;
a73816c01a3eda67fd7132b4fde00b91;;;;;;
72152343bcc213b76bb8c2ba0ac5580d;;;;;;
d788a151070f2d68337ce16b6d87619c;;;;;;
1101db87be72d36fdfc39dc7cd641c89;;;;;;
214b79fd511897211b1bedd61040a847;;;;;;
75d687937c9bb785afd86ac1b1fea56b;;;;;;
1c64bcefb02a8143265b2067259e3859;;;;;;
7695ca818924ab813dc798628d7d81bb;;;;;;
0fb97ef837efcd3c5fe814fc8f3d85a5;;;;;;
fb74dc2407d0543a43fbe052b5357088;;;;;;
6fefa48460c520523fbe4798d1dfbc78;;;;;;
9c17fc59bf75fa3fd9941b9c19c1176c;;;;;;
84824e4fbf2a9373db4e6dd43548c1c1;;;;;;
0545ca08e69a07c07455d353088e8cd7;;;;;;
b2516ffdbe80904f7c9499d652a24aba;;;;;;
4134f039879bb81abce7e34b167246bc;;;;;;
8c26fed0fca3899d0bf1800e3c9317ae;;;;;;
16b500c7441ab91184bbb7008beb30df;;;;;;
9a04ad5705b3b4d436adcf4959991b83;;;;;;
fcc7cb589689a55b77b3b441946c12bc;;;;;;
9117e25849d368e8354a22b18223aaa2;;;;;;
aa63871ca1e4d3d7079c56c15f8dd827;;;;;;
edb834df4f88f5b2071a22450fb2fa47;;;;;;
448b1f38f8032a2efb0fe69a2218cd48;;;;;;
efbbd6fd4be7d027e8871c454db21531;;;;;;
c87940c8a2d4da4f8116aaa3114bcad6;;;;;;
1cce3c3901f53c3420f95b3a68d4937a;;;;;;
1eb649c428a85aa82a7f991f19118ac7;;;;;;
82ef5f635abba543918ccb71653507d3;;;;;;
f22619f355662864783fb81ff75f8ea1;;;;;;
8e5b4cc78f2a3268b1c0d5541a708c4f;;;;;;
b46c5e905630eac8fd62e4211051cee7;;;;;;
9b38999f8ee5bf62d691c7c5c70a8001;;;;;;
990e54f2886784bd40f2c5f79abdb5cc;;;;;;
77fd590bff467b1371ed36ece236d54b;;;;;;
473b63a2c7210e8e7bb271a58c827ccb;;;;;;
25d543c248efc14a82824b8867fd1373;;;;;;
2b11c6117e5a281acca5ae26df87e795;;;;;;
46fec2db2f2b36e5b2b7662cb4df21e6;;;;;;
ac31490a572e773952aafa25b356694c;;;;;;
d2f0245486bdc42509bd812d031926e9;;;;;;
d0a183f5bd1227e42c9944c6c6cbed0a;;;;;;
f787a1a935c965db2bcdb4cf2e508bc6;;;;;;
ef15da6558a0f4d9165a563b2ab85d61;;;;;;
25c6c4fd7a0c95a1972268454dcd4b56;;;;;;
39f1213c3a2479d3ca11cceae17dd77a;;;;;;
66813f6cbeda74e0b2e9d0792f72d7c3;;;;;;
ad0c3067210ce91797a55d30d3019172;;;;;;
a3342965f1e21badcf7bbd4d515b660a;;;;;;
8ca00235e088a71140d821a598fcd1cc;;;;;;
84058e21ec3db1a6ea01eb94c1e0708f;;;;;;
7ad5ab6990038561cc3b35a1877d1633;;;;;;
5efb8539f0a51343bb763a28badb6c27;;;;;;
77a975f0bcdb417003dc74b4fd15a8aa;;;;;;
f45b91e588268b0ad8e94a98fbca71b4;;;;;;
2943bc46eb6c96dce8c6029c9b32c474;;;;;;
6566df93f8026b685c96df501d461249;;;;;;
04c1f546816bb478c6d4ac761b898664;;;;;;
60041007267a5be81fd6d82507379d2a;;;;;;
b040f760f8aa602c29f2242a90059c76;;;;;;
b3b875e2b35cb02055e9e5ae84abef1d;;;;;;
5e4ccbb1c528409ec46d53db0bd3fb91;;;;;;
dca0b544857b3f71b0ef9cfa45316459;;;;;;
4ceeb20f772069a4b2bc71718c87fa54;;;;;;
e16600150a5c0db18d67248bcd8af43a;;;;;;
c3f76e33617dd0c58f9d509848f03495;;;;;;
16040d284027b41a7f81acf8c42e8c35;;;;;;
82d4bf4d306a9d6aaacc1ff1f23e8d3b;;;;;;
674af3900b15d8b6e863e453eedd5215;;;;;;
cdbaf113e4a7b79423fa9d3bfcdf5cb6;;;;;;
aca3b3397e7c94e1089b32edb5eb86bd;;;;;;
e7d0c6cc4f7d679dc3cd28a03e718a06;;;;;;
c9104b5637d9b75c496758ddb28336fd;;;;;;
e1375012c7a76a2ee075711f5d5b456b;;;;;;
f5a4e785d04cfbea21252a91769a5241;;;;;;
3085e82c83ed87c2879bc77105b10b73;;;;;;
9277a5d70b94b6c975b8ff911c31a402;;;;;;
8b120d40258ea64e563d9f3654b8ab86;;;;;;
e319da72362cf8bcba2aff02870fc4ed;;;;;;
77e12887b9dd64015a3536768f610e23;;;;;;
c2b217e598a516e281de038c1a2e2cce;;;;;;
d896d065b5799f3943210bb0f50fb667;;;;;;
8eb320b1e56c6700fc56bb2f2883ca34;;;;;;
e009bb23b5500359760aa17500c20b9c;;;;;;
fac92774494d6a208d89015b7f6722ee;;;;;;
d270131c5ec2b189d6b11e7a0ec562f9;;;;;;
1c5f1bec5586c65721f4c667f38c013a;;;;;;
20a94e26b60e8e1eb674c193134c3669;;;;;;
c7566160cce49d23c10f005945e2d32e;;;;;;
4706c7481f6bc45d7c564eef792924f6;;;;;;
62f73da4379527fb2296d90d84f3b00a;;;;;;
a311dc2a215f3508d095031b04b73713;;;;;;
e6f61616dc8153b6d8ddf48446efb263;;;;;;
4a67d3363c34e7e3680a8ec8efda6296;;;;;;
4261fa8d5e34b2e0401d0c1f1ddbcd3a;;;;;;
1743d51fb97c10c3c5f5cf9f1e2f58c5;;;;;;
96db662cbad0db09d59eefd81262c66f;;;;;;
79f0a6bf97dfc8ba03cfe9f792cc409b;;;;;;
a689c60c2a14046dd147828961e02246;;;;;;
c74ddc8838d755bfd0d6f817443a7606;;;;;;
91f476f2a3850aaf061512da42d6694d;;;;;;
c228ade3b233642679f369880093b908;;;;;;
b43022f612fdd109133d002f1d3ae785;;;;;;
df1503506235d39305e7012c7b9c1f2f;;;;;;
bf46ca42278629db3ca6f8cb0e0c8b82;;;;;;
ad491b34dce22033824d19d80c6916f9;;;;;;
665ae40c8f44c76e4326c56d8b293c48;;;;;;
422da0bc0bd0dc6c4ccca082726b4cc8;;;;;;
1357c09a4cf8d949367090577aa7bd69;;;;;;
830ac239d22ebcb1ff121fc846e4b404;;;;;;
e957c08bfb52ba61fb7b5a1f4cfdde1c;;;;;;
05a82415eaf6f200eb0c1046ac99377e;;;;;;
c2d0f8583752c66fe196f23738ae3102;;;;;;
b282dc168d0c2aab6bd3fe4f44c9f308;;;;;;
9088107557ac8a6a7d9c45586e65cba4;;;;;;
7d20a3c5a62c1726b5f060e50b7c6b69;;;;;;
8b5fbb4351fdbb3c8514c9c09e74cc92;;;;;;
95949cae715bdd2191320bc3901e3595;;;;;;
0a1ddb837f0e78145e04a163d4e46d0d;;;;;;
a9b2aeae6ede0e80e6839d2e98c0a410;;;;;;
d3e0962fb89fd2acf75e85757446e090;;;;;;
952aa284af4ed6ae9e0f142572f38da9;;;;;;
9b6552da094d9753798a1047aa5403bf;;;;;;
a2ec45d3e208992c318ad796a7b2b1ea;;;;;;
25f5bdd861e7047fde779a6a05ad9601;;;;;;
16f3bdce863bccedf18c4af3f6f1beda;;;;;;
dea09edf50be028c5890aeb408112516;;;;;;
8ce31bb7c31a044ea5f9eda1a933b108;;;;;;
d9f088041005615a0ec3309664cef2c6;;;;;;
e7ad9608abbbfaa788cbd4bff4fe13bd;;;;;;
72f90a9a19d09deb965cf3a3fc1e20f5;;;;;;
4553e461797d088fda19608895d63b3b;;;;;;
73bc394b9ca90530304deb2f8407fc00;;;;;;
49d32defb0a118440b662b7814a03986;;;;;;
7a86aaca9de435432cbf36922e0de738;;;;;;
24bd230ed91c1fba00d3082806e6713e;;;;;;
3560d8aeb1dbdfb7f502fca038710ae6;;;;;;
bc90f54569b4d1d9004a83c60a8fae53;;;;;;
f29511f1023e475a5ca66a60842b600d;;;;;;
85e372977161fc2091b087851a5ae2a8;;;;;;
7900ca52207d21ac12031463ce6685ae;;;;;;
279a6c80590e47e42596cf333cd520e4;;;;;;
dd74a1bb68789498f47e0752ac557431;;;;;;
c16beda1c36cd4926594683752d59563;;;;;;
f138aa5ad266e006a8ede66174a1e43b;;;;;;
3bd2c08c0ac7d5fabe17e1e73f4a28bb;;;;;;
c33d59779564cecf25ce0b36950ad45c;;;;;;
f31d8c67c9b92aaf6254685cdcd550ff;;;;;;
8d7a9cb19288c0b1cbf8e9cd7aa8736e;;;;;;
42b94f06b84c1963861bc86db3de0eae;;;;;;
66b5b426076b4e83291bbb9927b05fd2;;;;;;
60ed2ef7dd25fc497509e318fdf2b792;;;;;;
47d9139afdf08d5695aa3e62ddc3ccca;;;;;;
06bec8de9f6ba607b86afead3cf536aa;;;;;;
430c779cfa6c082a36eedc5042cd88eb;;;;;;
a670321522014a98e841664b84d23254;;;;;;
90693418fb1cbbd9dead1b27e074d482;;;;;;
991bf388decfa1cfe792c5f90d5c0bcd;;;;;;
28bec95ad35e4f5e093838e5686f7b7d;;;;;;
2784a34f89bf73e44adcfdbe0b67b2d3;;;;;;
dabd96ec5f833a8b8d4ec9844043b058;;;;;;
bd1c9a71bc98132d63eba1d749e84a21;;;;;;
c7baf249d764fc5899d8d61a1fd6317b;;;;;;
8ddc9c911c13226e310dcbe3a03d0c91;;;;;;
7615362bf8d379cda4ac7010bd9fa8dd;;;;;;
f6e557e351f774c016ad73460da202a7;;;;;;
d5c729b85745434b993a0b08f23b7f9c;;;;;;
f55a33f99231c2a78a57edd838b65afc;;;;;;
6117f53aa28309c3226abac3b1836d99;;;;;;
615dfb4bf717c8b4f08327930f668087;;;;;;
b619fec67c1dd38b7e80f04e6f8522ff;;;;;;
d89b6dce1854be01b3943732c34e30dc;;;;;;
0d2bdbae60169ce7d31bc0f94de96316;;;;;;
2be65be8ef686690c7cd353d121c0396;;;;;;
b3dbb8d08e487ed693a580b9e25432e2;;;;;;
fabe0d2b836492e0eb1b73c9082d9c41;;;;;;
3394e11e6ebe635401920c3bd075ffa6;;;;;;
8e67f59d334b3761dd8991d6a57c01cb;;;;;;
7b093a19d00ac9e9ad039db0b1c6b8d7;;;;;;
f9b63209bcc1898769de72fb2a58def1;;;;;;
6a250c0dca06b36d041c6f2a9f0fd9e5;;;;;;
a5591a9a9513516de658ae643d768926;;;;;;
d6aaaaa6d0566c04a129645fa00e2ea0;;;;;;
05f59d8e0777c5a0912aa7ee97788122;;;;;;
d9dbdb1925c51b1928a25331c9206f5b;;;;;;
5388223992ea9e99b700d36e99f8d3a2;;;;;;
ed7285dbe43c9a00bc81beca9db4f84e;;;;;;
c0a46817c807677e54097fecfced9a55;;;;;;
38d422e2ca4a797494db3777b05e092d;;;;;;
21ce0b4372e6448baa544e44fa3fd1b0;;;;;;
65820005bd6a8a12c6bd2f87607e3324;;;;;;
12b4f25df2c6e847a1c2f471b9ccd83b;;;;;;
90719333557dd030ff42f8fb2ba230fb;;;;;;
51f03ada25d5136fc69a5a1ea20b4736;;;;;;
bf2a842bd2f712dd1fef664efd62750b;;;;;;
bb9761dc20d3e98bf4aaf3d6af8f7d3e;;;;;;
7ae6fe0c0def53ac7c0d3e462351d718;;;;;;
965387ae4d8edddda06de53dafc5e536;;;;;;
0a381f00577bf831568ea5346b1c6b47;;;;;;
d1e3adcff1b45b3c0366dcc68ac2819d;;;;;;
b3441459a04ffd60b34fdef934e33c0b;;;;;;
f62cf0f2fc07aeaa8ee27e2f5de1a6c7;;;;;;
503d935c6644611886c1fc17a7307553;;;;;;
4688ccfd9b7e31c0f75426cd6173f45f;;;;;;
fc2fbc4bcc26ed4f5cd0540d6882cf8f;;;;;;
3ccec006c32b4b42764af697bceeb3dc;;;;;;
47aa2a82b09e8ce0b25bd1c80af5da5f;;;;;;
542a939a923b928ffd59082d1873a0b7;;;;;;
b9dc6a086459763032bcf6107f362c44;;;;;;
489539d2ae8dfc847e437faeecf1f94c;;;;;;
e33e16443c6a29700aa000db616ab642;;;;;;
cb57d5ec86b1dfe0cfdaca62e55eb1b4;;;;;;
9df6af43d607841e3791f6ad2f196d05;;;;;;
afe1dbf81ad565611396321442f54fdf;;;;;;
60d2ebdc2d825384914144e593ca1b56;;;;;;
8783e0f98e5bd173a484a782f834e623;;;;;;
a43ef759fc568ce672d0c98582663073;;;;;;
1235ecb166579ad14cfc6fb480ef39f3;;;;;;
ab915f39a32d98e5e0d53c8278b1da1c;;;;;;
7856fa262853b85f9b0cbd9f523a7eec;;;;;;
56d9e64df62cf1b25aad8e1e4f049416;;;;;;
3d8955357582675da251ac6ccd9119dc;;;;;;
2c28c309525ccdcd3e17b96ac2a7775b;;;;;;
498599ff0dd9058030316c7a69d4b6b1;;;;;;
f0727c57af464daca7baf99ea05d77ab;;;;;;
60ffdc6d0bb6f481fd9c3498ea444359;;;;;;
8f9de586a71e24372bffe0e77ea91e1b;;;;;;
6838897101b160e4dafadaf4fe6b194e;;;;;;
407e1f097d0af4f852acd0bb1c5cad7f;;;;;;
482d8c8065847f9b353b25ce24915661;;;;;;
f30d30545bdfa97c135c3ef993a49fed;;;;;;
cbc7b64ad710fb144e0c4abde47aa165;;;;;;
24f644bab7b83c1038df564eac57d401;;;;;;
4785e9e3cbd97a8c08104f2e481cbcc1;;;;;;
9a2aaabb9325b63ce24a4863b17eae3f;;;;;;
36735e6225a6d007178b46ff7c295d26;;;;;;
241c87dd00081743de81f463bc7ce200;;;;;;
7ca545b9211983d6389547f3dabf55aa;;;;;;
3d7bca28d36b9c09fb2eaad4695a36db;;;;;;
a58e77b989b1db3f7e18ad80dc691f2a;;;;;;
2cf9b7090372239b83d53e55e4f0b0b6;;;;;;
cd91dd17773283058d9c7134e45d15e4;;;;;;
7a2de0446317e5d8497d2a4bad7421de;;;;;;
60da935a95d40a470ee67194a040891a;;;;;;
7dba222073eb4d086a7c59f45b18c011;;;;;;
c9b6657b17aba5df9edfc489ce7c2a31;;;;;;
5af13dba1ee988ab637b1a0c257bb7e4;;;;;;
5a5fed4198b49fd3a9d9e07488cb1715;;;;;;
229cb308e1e23756202b206899738742;;;;;;
54207bb995b1525411e50a7e62c40866;;;;;;
7803312d886fe28f9d8fab8ea39698cc;;;;;;
386b58c0e974a9ea0987b9e502cc7a98;;;;;;
e4b0d874fcde99be4b42fb98c9c3d9b5;;;;;;
593b5df287d7c00a11262a0b7d0455e9;;;;;;
b0867bd511fa21cb59f1519c314a0990;;;;;;
3a131541316e1f0d18747924573232a5;;;;;;
404350eb8ef3e53ff3290bce6acf88cd;;;;;;
052249f8c97a19fbcdc73dbb09b92097;;;;;;
cfa5d88392bd2fd3c96017cb26338ab1;;;;;;
36056289061fcc82002e7ec9f7720cc4;;;;;;
49a08377b92ae0079e9dc1254cf4cba7;;;;;;
784aafe18941ffa9df76bba050d3bfed;;;;;;
e4626da5259cc39f1297bf474502d11b;;;;;;
fc23ea632b975ee17878cf32068ca4e2;;;;;;
b83dc2d5f48d127ed51b2e0e97e46048;;;;;;
5f79c4bfcabc075b6cb923586356268a;;;;;;
eef85580a9def13bcd9e6bad92b0ab02;;;;;;
6d7a01dd52fabf946415eb61607089c3;;;;;;
d35ffb4170976a2c449c6c819edc0036;;;;;;
76a48871be0b8e9c34cfc5502b38463f;;;;;;
c04ace95c460d558fef3cfca92736b54;;;;;;
fc0ee205c12881bd76366de60239f2d2;;;;;;
2f03c67c712ce24dfa95b85cd1a3eb30;;;;;;
112a52c97fc5ad131d61d419e73f700e;;;;;;
0e444406c11c1b2e2f7b50595f13af1e;;;;;;
37fc2be45310c6e29667bafad45601de;;;;;;
b9e5d8ff9b60793ebfe133fb4ee9182f;;;;;;
5788164ce7aeb9e927a22c7117ad2025;;;;;;
97d83d4d6eb51bc85a532bab10135b07;;;;;;
ce5ed9efe69696572aa70ba2c955e254;;;;;;
eca17cdf8436febc48da9a1e070a02b4;;;;;;
dd2e728ec9ac1153355339445e7c66e5;;;;;;
00644f2542b14522a1f8e879c01f318c;;;;;;
4bbef959a848db8f4a3825b6d8545c0e;;;;;;
1eea0e32220ccfe777ec85dae806a3a4;;;;;;
5316065498f4b1a6d25901c04a87879b;;;;;;
9715855d12c1e537f6ff5e13d17d503b;;;;;;
53616488c7a39cca4f3c97f7a603fb01;;;;;;
2bdcfd7d3d9fcca91078fff2c3799a56;;;;;;
fa9d04bcec50fc4ae6fb807883f84151;;;;;;
960a9fe9cca65809deeb1b863f47f04e;;;;;;
3685f8b1b19080266be0ed3771ce4551;;;;;;
c97986bbffddf79eb24a299d4eefa4d4;;;;;;
9c136ce15d886290ba985147aa34126e;;;;;;
a209b51f4c3f2577d9164a29635c1bce;;;;;;
3ecf42d63e45bfb954a47f6e40532224;;;;;;
b04574847fdbbdc576466568cb16d7f3;;;;;;
5070df0a94b38edc419f5bd395eb3f94;;;;;;
8a28f5478e31d0c1fe83bc72616ee6c6;;;;;;
582841e7714d880626122eef97bd4b25;;;;;;
68548352c8200e76bc8f55982cf8acbc;;;;;;
2acbfa4f3c4edac94d969af902a53c4e;;;;;;
df5d69283523dbf14958be51f6f70529;;;;;;
f202c2c52016ca9372e4ad5f95b1c248;;;;;;
a9894cea72631fa96cc8d5d601a19f2e;;;;;;
6d9c8382ebe21aa7aba68af7d136cf95;;;;;;
4d48f4741018c6a96e79ff6d619ee4c3;;;;;;
18197be44b23f0bc726de1ad1f227c77;;;;;;
f7263fdb9317c5501035ada38bfb9302;;;;;;
cbf7951f2cfdafd91549a377723c382c;;;;;;
562df2d8d9a0764a2fe5392f6187bf4e;;;;;;
8a943c742b317702c5f9aad23e54310e;;;;;;
d9e46ce770d7f1d944681f6533436477;;;;;;
02fec8a0c01dff409002b67acabf47fc;;;;;;
2b261944fc0621a175dbf9da1e538c4a;;;;;;
149ee6ebb3f11af384285cda5e71a8ba;;;;;;
f1323089d493015397a837a856012406;;;;;;
89587ee26953477fa2989d561969ff66;;;;;;
e9c263dec00367bfd31a2cb9d9c3fa27;;;;;;
d72f4b79104a393cfb78da55a802b148;;;;;;
1f5018a8ac6271accc142ea657414aa9;;;;;;
febe701c4176697ab10a7017aa30ad50;;;;;;
690f6883716d822e0c2274cdcc140f5c;;;;;;
4d3ee57077b6f7bb18c76bd802c290ec;;;;;;
795e231128e84636a37ba2811b1a9641;;;;;;
d4c6af0742c625c2f8261e48511c839e;;;;;;
d34b9fb4ba1ddddb26243b9b7c63b7a8;;;;;;
63eccca31478854c442ce2e806cd0967;;;;;;
c003f9dc0cfc8e823af324b36f0d8a9c;;;;;;
d7a69cb2f4769b547b1ad6f9b7e1121f;;;;;;
13cc01a35ead5dca1d2e913655ca9195;;;;;;
89303123609a58eef14fcce4b1a38dbd;;;;;;
330c47d5b4160a2e9194be505b80be97;;;;;;
e144152f81e4ce1269192d57def81b4b;;;;;;
0d8c18f9a0e1ec8dcb733df7aeb106ec;;;;;;
a127aeca8af4afb4aa458dbc2be0942e;;;;;;
4c35cfbc17ebf69079d3fc97c371f04a;;;;;;
0289096d46748390bb48d52690f59a42;;;;;;
683a97545d18bdff6ba00e4a7b1b4aae;;;;;;
65c25516e0f373452dadca913027faf0;;;;;;
934aeae6b7bee53ce139dde15881e2f4;;;;;;
27a45f83f27240cad378c49fa8698e13;;;;;;
d05d2d95ae2799474abf8869467a4fd2;;;;;;
276f0977abda288d91aabbadc4f59061;;;;;;
a839a71e8e2d24c50ea3a58cbe834d35;;;;;;
ee33d660669d0726f3a05867603f6dc8;;;;;;
2ac53017329aacb0326d224ed89c8dbd;;;;;;
6df02e1d1f5bc3501b275a17bf61da07;;;;;;
4bbb0a36df21c93795526a001bd03ded;;;;;;
aef10a2427051949f05b7544cb918485;;;;;;
2f2eff73589ad3e7db5bbcc9e1146c3a;;;;;;
725b8dcea742a1a0eca023f3f5cafc5c;;;;;;
410bb5c8efea010f82d220ba466170a2;;;;;;
71a893164507187fe1718a4c29b3a8dd;;;;;;
54c443d82afb7ee276647e0c3ec777f5;;;;;;
b72bb83b916a2b7f5fd0a67060f7ed34;;;;;;
473b176c4f1d46c91f2ae6433fd2ea99;;;;;;
27a562e977d573209ad12779a0294b27;;;;;;
39f64e4eef5a7562cbae0dd949f7d93b;;;;;;
bae475581abee73f881c855fd08fbfcd;;;;;;
9cbdadf085d1bd7f9a194e35639aa422;;;;;;
23118db688faf115b390b883a75ec68b;;;;;;
d18a3681fffc4bec0f7d0dec0209521d;;;;;;
28d662e4a0b1fd3b66311468079f4736;;;;;;
a882a0ef40dad22de249e84aedeb3703;;;;;;
777499ae59f0497b6d361bea8eecdf29;;;;;;
d0eedbc96ecd0dd3d24ed1d9454b8498;;;;;;
9342408969c6ae14b8f6942f9ae0a241;;;;;;
db0f6b546a97b0aabe427126e1e00566;;;;;;
9a9418519913a77bfc04a3298611c6b2;;;;;;
1f3b6f38b8c3ec4af78b3e5b9d161a5a;;;;;;
c5a67d3aa41e38b4e8a2fc370cff7503;;;;;;
39e5b813492cce4b924dd8d312e1a005;;;;;;
802ae4e967a131daf12e0dd2150b61eb;;;;;;
15e1d7715d33755b746107b1ecd9b575;;;;;;
57557adae582a2df58a7326abf00e108;;;;;;
238dc63a569e035e8ea006c0f722461d;;;;;;
3081469bd69259eafaa1d7b5af5af364;;;;;;
d14156e8989d111fd5b4fa1f97649cca;;;;;;
57bedae2e4165373435a9fd9e27191ff;;;;;;
34254f87f75c462a7ad7b1af32dbce2f;;;;;;
c17682f33dc88083c29bf18186c44215;;;;;;
44367469510f12ba46bd7586b061a2bf;;;;;;
2ad08391ee1f05e268de0b77e4d09661;;;;;;
776ea26ef972adca6438facf68cca090;;;;;;
563e49bcab487b803bc1060e2fda2706;;;;;;
03c93a41b9fa20ab0fe058359c3b0835;;;;;;
0530fd833c0e7d54acc0db08a7e6c446;;;;;;
383a97f7a26bca2d1435a068a317adac;;;;;;
f14cfb00f559f7f557e4fb19786f8452;;;;;;
6ee3ee724d8d7253b3eeac6613b4e6ce;;;;;;
a9024d9515e83b20e4279667b233a7ce;;;;;;
b09300d7ed4b502290ddcf75aab34a8f;;;;;;
afabb7dfca8e484a55d159a05cd9424e;;;;;;
bc1ac23b50bf9b5226c3e66b8851247c;;;;;;
04c8d73dc34651ebdcff05a1f401e075;;;;;;
df95109845e1ecfd3562947eff6d26b8;;;;;;
49fa768d94f3287b3b2102241cf46c08;;;;;;
4e1f409c2c6039f97f43bf62bfc9e9a8;;;;;;
bc15be03a4a706d10237d0d7e0ca39ee;;;;;;
aa514cd4d1904a52c809e738ab597e92;;;;;;
5688b424050d1a7c95cd3bdf1541ce98;;;;;;
584e51b3fe60196e2245cd5a9233e8d7;;;;;;
398d295d0baffbf6a1f13ee396f07e97;;;;;;
d058a1105f8719bed8fa783c2d175c9a;;;;;;
8ca6ea521b9cb1f3af174b849b5fac84;;;;;;
c349b57f555dfb7c6f7fd15d7d8040dc;;;;;;
f839a28df9f401d18c3f6a881d30ce79;;;;;;
22b12c9a1447cccefb8f7c90f2723f09;;;;;;
5ab267d42961ffe7f6e13fd7cb4306f2;;;;;;
6360b652aba24ce51d99ac1050de917c;;;;;;
ccfe11a337f72d453c9ea17feedb707e;;;;;;
77bd6c27c2c72b828440e0f44a9240ec;;;;;;
c835d329a418887bbd0e9de2bd3636d2;;;;;;
1f23692f0451a86d4621f8d1d9ceab56;;;;;;
d38070605bf6e63778f5265201406cf1;;;;;;
154fc8df8d98bf66760d94a55d418c27;;;;;;
663bc984ff116719db7d81fa85a8e1dd;;;;;;
75c180cf0bda32c681abe23885a54b2d;;;;;;
da2064b10ed1c89c793cbb51ecb34cdf;;;;;;
e5679df47d1a80aa4a60e99104e9e4ec;;;;;;
884abdb300ab103ef926adf2f9532f4a;;;;;;
a33397b03fcd49b935e04af73703c857;;;;;;
65dcb9c36acddaa10d697d87ce0065c8;;;;;;
275f9a1220a4dce62d87a11a4c2786db;;;;;;
e8650fb1061195be40e164ef8fa2030e;;;;;;
79e08fab3edf7395cde03be24151baa2;;;;;;
7d3fd64f6b0e52b1b298585db580a848;;;;;;
81b449058ed093407246896d58d89206;;;;;;
de1ffb5c6a64b40db0be9c8bbe6cd363;;;;;;
01b98538485b3ca51dd14c750c29da9f;;;;;;
205925b4a9cfc9d9dce83e0763f947c0;;;;;;
489645a76991b8b732d7229f2f7ce7e5;;;;;;
eec222167cefd4be27dd29c6bd70872f;;;;;;
d0722cb86d4f2624a168901e06c01eb7;;;;;;
49fa23d2bc43ad33b697d3d2d2866144;;;;;;
05ee73eafc350c50b97284f089cf11ee;;;;;;
c39ffbe770d0583498b3a8c8a7efab32;;;;;;
371c6534ee735a72859962dfc33779f9;;;;;;
c3006f57d32f232ca0155285f9f3ac29;;;;;;
1c085bee88e3e68843787aa1a1fe5a8b;;;;;;
506467f66b179f30a3f2238e58ff85a8;;;;;;
93dfc80166b9c7d2edb3f3a53c70e80b;;;;;;
36ba3fecd60e0b38369791bb42b6c9ec;;;;;;
0585f3cf45787237dc872e4db4c60a25;;;;;;
cf82e4c18d85d536c2e35526aed8fd66;;;;;;
4893a1434166c4758e75458d6e249738;;;;;;
3eae4237786264351d76ede366d0dbe4;;;;;;
ed274d23e997af1b940acc5eb876aa60;;;;;;
99c3cd6852f59a80e599b25f742171f8;;;;;;
d86fc5ac1b13ff19ce6bc80d8e8ec9d5;;;;;;
0ec43ef389d82db87595c074519353e6;;;;;;
0bebb9e6396c65d6603b1df2144167d8;;;;;;
036427a8ef18eb2b55d80e4ef42a2439;;;;;;
0ab336d708c8462b5a50e0df7605654b;;;;;;
08a70b05dacfaa09426726522b8d3f1b;;;;;;
7a2d9878a7a1df4e2ff7c843b3bee050;;;;;;
7de6f726dca73c0fa0be40e973f9a7b2;;;;;;
03b1e3bd5a30662796ef1da1b8539cf0;;;;;;
aba73cf2b4845aa46d383895673cca95;;;;;;
27ea1bc3eca687c09486de5eb1340a93;;;;;;
cbc8a9924f0356b7781da712829cfbcb;;;;;;
b34bc01a5f49cc1ad03060e2441c30ae;;;;;;
a428630cfcc2069237ff66ee7ac6b4c3;;;;;;
94dcc37cf0b09850f9f00aaa9ffb049e;;;;;;
1ae588565aad8016359c445f975e23a3;;;;;;
94a251de298e4155957dc668bec2de0d;;;;;;
561cd2a55be23530926241e93ac2302c;;;;;;
aa68edafac02f2a3c88097ad7449a979;;;;;;
c1a9b12a0c3c9d50bbd7fcd4012e257a;;;;;;
7755aeccab89e34c937cf05339166aae;;;;;;
8c33954ac490ba1df4da0177a3ca3dba;;;;;;
cfa2dda8525facc867df24a5674b762a;;;;;;
4966676942a64571084f30e5ac23f663;;;;;;
39942d249253456db8a0f160a64be77e;;;;;;
28d1d0edaeca8e6fc2a41d0b6bc29eb1;;;;;;
6336f58477d29b35a1a76ba99ec7d2a7;;;;;;
da3def3780bb8391204273bcd8b3c59c;;;;;;
bf4a27a31f61baaa4e9659e3e4896dbd;;;;;;
bd2b907d098ffd31693c91cdcda6c9e5;;;;;;
ed5841d848ef482e834d3a8f59386551;;;;;;
125c40d3859c171f196d098484825bd8;;;;;;
21bfcdc480e1994827c814b4309c5128;;;;;;
8390899c1f51f8f015b79020d16cc0f8;;;;;;
fc83ca4b6d172c8ad5f238c85f6f3142;;;;;;
ccf314a0f103bdc0b73454ba1fc447a7;;;;;;
94c351d9ded3f4ec2a1d05760b755df2;;;;;;
23de23590011fae7de70d91f3ba30b84;;;;;;
150a92b647de5aad2e44f7e2697997fe;;;;;;
93eea92e767d3a8a5b46deacf116e29c;;;;;;
93e2f7880557cf644a2f91fbe2e98edc;;;;;;
ba6828218969fe845e0720bb02eda25c;;;;;;
833af163ff2ad08875de425b4da37655;;;;;;
4a5ab24b4ecfa7bbcbecfb312da38237;;;;;;
c631524c2840f2a0cf910f4ce6cb4831;;;;;;
764dfab9233f1de9e6620b159ea6a810;;;;;;
42abf9c92a355b69ea7e6e5d917213bc;;;;;;
9d2446ac1850c7a9b80351aaf46ceb1d;;;;;;
92766e4c0522f6374a5661fcf3490f26;;;;;;
f4a854ed5f0ccfe6ccebdd702a5f94eb;;;;;;
95f461826359d5bab984fa724a3b3d36;;;;;;
0bfd2b425678232e8f18205c72168c22;;;;;;
e0340797213ba54dd257554d1f4d22bd;;;;;;
fd5848584a722aa1e2dd6376737e7635;;;;;;
c278b4b68265e8628bb7d75c9d63a0bf;;;;;;
4dba8079c247cfc0ce3118a5fd70f44e;;;;;;
b2092378c1aa7ed9d9729cdcd8d0eff5;;;;;;
e5fc1bea8bc2cd5e5d2eee6fee947b0b;;;;;;
c009eb2dbbffd42dea5e9412e660a758;;;;;;
1153e7aebd3e7b26eb4acbd438b3f9e6;;;;;;
278fe0e78dc3dcc869e12878d6396198;;;;;;
dce42a43f15c8493734ed05fa9600e7b;;;;;;
ec2eaefc5a12d3c082e4abfd186397c8;;;;;;
c2131bdd303549a2438719d0aa54e3ca;;;;;;
ac23bde8277c5f93ab109f6da4408803;;;;;;
b7f1d644e627b4acd17cd07bf89e0238;;;;;;
c81e66cfe7e3be72d3942ed6a3656433;;;;;;
23c76134f6d839f6f680fb36395e7a84;;;;;;
2ba8b585fbf17443fc34f33da87bcdac;;;;;;
cf8d07b716898d357e872d31bdcc8091;;;;;;
941266080eb958753d9a49d8fec1da34;;;;;;
99e9b978a0ecd3054cd5bf4679055cba;;;;;;
0c4dbfdbd7fc8aadb4149cda56540f25;;;;;;
ccef789bbb7559b3d9be4e6a35efe13e;;;;;;
d3a97b80881c62be65d20421ca69dbe2;;;;;;
b696d7b510d3169250d5916bfdbcc404;;;;;;
0f73e72c92969d0eddaf4ac0596ad87b;;;;;;
95551b77d2e59813876f7bdd7db4c530;;;;;;
058c9ec828ddc4b25af91c0047186c43;;;;;;
000925e451858a70fe99e7094ef828c9;;;;;;
27320fe9427648663f68d28ebdc8e36c;;;;;;
69ea1174bf650cfc072750ac26be0937;;;;;;
a80dfc8257fa068043ea4fe74df22d19;;;;;;
d9cbe2a7447d971d438f4acea25b90a3;;;;;;
46a1d12a559b2f7e6bd57ae5ec5fed2d;;;;;;
39955bc4f29868f48b8df78eceb41252;;;;;;
796e6ad0b64ea69c175221513e0c10d1;;;;;;
a50dcc1fc4fb419c37e8b9f3509608b5;;;;;;
6b330451761d9b2408d6670545251cdf;;;;;;
8ee6bb935c472d0fd87a5d48f6438e1d;;;;;;
eb95a83b019dcbd9a092fb80d527071a;;;;;;
aadb4768b2ce74a242941edcb45a2e6d;;;;;;
23fa5920d1bf9c84bf527011674f6c57;;;;;;
063a521e4879503c62f0fab6d54b3615;;;;;;
8e6b624e9be7f229a33af50978d14db8;;;;;;
0309120dc8ac7ef7ce600d0d0e211a14;;;;;;
51835f2d15e7bc09bd916c9b8059d665;;;;;;
eb12078090d8f46f9194464f26df235e;;;;;;
88335f901bc157b47bd85caffe8a785c;;;;;;
a44bf8c469f72891ee641f80108e524f;;;;;;
937987fdf26d17847830cac792cd8c16;;;;;;
5775c809f102e1e146226d7e2e5b0f9b;;;;;;
595da438538232af5ae46b35ed5e870e;;;;;;
26ce50e0273aaa2716e1ba326d8e827c;;;;;;
7f041b9857835b5e2b0925aa38e85d15;;;;;;
ee749b69801a82068268819c94927c36;;;;;;
2335000e936d4201a098a09906293eba;;;;;;
997c79f5964cfbcbb36d41e9002b5606;;;;;;
414dd0a57437ded8d4cf193a667bb13e;;;;;;
c354af3ee9e15c98ab220c979b7175f8;;;;;;
75a56aede073c0da49785d05f90b1c24;;;;;;
aa8f8741e633fa521662bd43f97f045f;;;;;;
314501b705686182551953dc65c9b690;;;;;;
64693ea1a9289d35f92fe29ee2421363;;;;;;
d5db4cbd7f1c9b0d5935f74d9428953b;;;;;;
aa82c57fe8f6eeea22d5f82232e0f204;;;;;;
93e58f06aa534fe7af5b086efe88bc92;;;;;;
37afb7fd7d7397db79a9cbffa6cddd3e;;;;;;
e23fa85ac0dbacd6202a72c106406109;;;;;;
23a7eb36254fbcc80859271e91806a03;;;;;;
b287c4047f8e3c3c8ac6cd04da3ad200;;;;;;
454be853b41f8e3c7e5dd941046b5c29;;;;;;
48167f777f74515b80b42d8b44ca647f;;;;;;
70356f3bbd7cb1159c1bc1c23639aae0;;;;;;
8f57fc979edf2ea5960fff8951b3054b;;;;;;
b242b4f3d86bf3b0a23356148178c17f;;;;;;
c5d307a5c7986874c3edb9dde1750ce8;;;;;;
773224924d3f9098c51b1c606bd8d735;;;;;;
5fb8bf058056c2f57e6629ba6746b1cb;;;;;;
5142a9d6a5c1fc997925074eee80b5b8;;;;;;
72452ac47b24c0bcd222f2ae6ebc3d3e;;;;;;
2fcfe01d195b32e7e60f74e6af2918f9;;;;;;
90841ac784fe66cf3849d42275b3d1b4;;;;;;
3e5f65b489154359142459f26136c801;;;;;;
3931f8375bf7760bd29585919a066f32;;;;;;
7da81e9a2a4ea956f77410e31908b1ee;;;;;;
4adddf0f77046a866fc23414b497699c;;;;;;
c4b8f20c0740a29a7231a57d89c7e6df;;;;;;
4a1188973579246cdda2065d9e3cfdc2;;;;;;
7f3639e9d7d65c789680ad81ce1b2c65;;;;;;
59605cbf3ce61b90b48eff80a7f92bc3;;;;;;
d38f7df18d5cbe050947ed442ec8d38c;;;;;;
746eaaecce8f7bca4444ee0328657bad;;;;;;
1429f879b2e4745bd4365ff29477c7c9;;;;;;
59a33ab0f794295f038d190d98f9587a;;;;;;
363e142f6087ec4497e07c1c4063b6a7;;;;;;
a2cc7e5a88b1268a2d80f81092997fdd;;;;;;
25a10c520dd8c43ede7e1e42fd87b6e5;;;;;;
5f702314560b9aa51bb2c864f91fc127;;;;;;
0b7f776e8de0702944c6bf3763e51838;;;;;;
76de532bb63663208547c187a503c14e;;;;;;
65410657bd926fdde7a60d11a6709311;;;;;;
693b50ac1522c5ac5051ad6063570170;;;;;;
084509382587b8d188634145f09e48ba;;;;;;
b5daa3132e3dcbd28260a1c2f335adc6;;;;;;
5ae6c801e08a68998336afb6eee7d2fc;;;;;;
59840f9324e28def01e96e0d3b90ed80;;;;;;
76406b81532aefa25b5cdb4caa18689f;;;;;;
e54d40e38af2dcfa25d145e0368196d3;;;;;;
86551b60991f087339406e251aebdf3f;;;;;;
e58c1a703225f645ed6e543523d1742a;;;;;;
cd1fd95170afc7a8ad63697c656bd37d;;;;;;
1cc006e331a5f22d7d7f91d0c3638350;;;;;;
c038cb6d680a85bbf936dbf1bf9d163d;;;;;;
b8c17144c4ad5884148d93f3a4e77109;;;;;;
cae49d88560e85e5296d0f09fa0be59c;;;;;;
fe40dac5141876752a07d1050d18313a;;;;;;
75b5775ca16863943d6a7764ed93e5e9;;;;;;
99a0964b40889d2eb8ba09329c870f54;;;;;;
19ea728b30991e8212ca86efbdeab010;;;;;;
860dd77262151066df31d36ef9ac2da2;;;;;;
99bcf6400737940e817db54f08a275ca;;;;;;
b34fde5c64b24032a87750f57be8bdaf;;;;;;
78713844272ec6d2b21e3eacb1cd44d1;;;;;;
dfdbcba1fa96deb5ec2f05ca916f8deb;;;;;;
e8356e8e4251625468a3ec855a146d8b;;;;;;
52307c7e9bb25f1d0698c46c53fb999d;;;;;;
f929493b8fc72fcde7d599271c533549;;;;;;
f096fa6e57092cb04f4691563062c0df;;;;;;
a5bf2ca205b9b2f8f5eff21cb2e22912;;;;;;
9a2fe6c9922120f0c2b65bf7010576b7;;;;;;
f740f9a9f1a3fe4996743301f7b94df5;;;;;;
b6ac55b5f9ec783fad7ed06b629ead29;;;;;;
c9fca377ceef41a7850feda88c276f1c;;;;;;
aca2e1aaf8fc28019e6efd9689315f1f;;;;;;
1082bb29153b34c83334eee6e3f3d055;;;;;;
374c67d3253c53ea71dee587e6fdf318;;;;;;
cf257231e06ced62d9c82a30716525d5;;;;;;
0ef433bc0c9fd98d8418e154cf336bca;;;;;;
4daa809cfa36ee85bd92dca1dd458b26;;;;;;
a03efcc8dddb716b8d829ced6f681711;;;;;;
4b1c6ad54ad720b53e16d2d454488e93;;;;;;
29f6f4e2f48732b77c18f27f00b44017;;;;;;
4c0f7ca293799b5d1a85b60fda9502ca;;;;;;
1763e106d01e21f306ef0b25cf078576;;;;;;
48703fe03e01f705d1612db6f6a6df4b;;;;;;
fc29641ace7db3f46b8a5de6986869a0;;;;;;
de2103f9c83d72891a136159079810ee;;;;;;
47e914ddfc7c834abeb5070605cd6f9b;;;;;;
f14703f65887e8b50703cb9b37a344ad;;;;;;
41d4d4af970a2be4eba3e9b9f5356666;;;;;;
4420993497fa6dd83a1a445ede2002f8;;;;;;
aac694d9e8f9b8eddbc76b5d364a19de;;;;;;
cb7e79f083631809e32b18c93f2d91cb;;;;;;
d47b547783c94dcc0961dbdd5501eb40;;;;;;
ee72f5c418a866ebff4a282a8666ee27;;;;;;
b44bf4a1804dc7139dd94b05119f08bc;;;;;;
59f4cabe41fcfa747f86f07cec7a1cea;;;;;;
cca062e71384a4fbf0ef7f96813b829f;;;;;;
575d764c532dc20a7dcaf557ab3c53d4;;;;;;
63f2a759a78b463c02e4c63ef3fc951b;;;;;;
12e7ec15b605b733ec9b7cc5a93cb1ef;;;;;;
cb14987517f98176a51e43f1b9bc6f4c;;;;;;
145a5f772eae9806076318aef013c42d;;;;;;
aed51d414b47bfe8cc30555bbea4d94a;;;;;;
7db721bcf70ac9090e85222d2fb24b98;;;;;;
8c110a912167e4e04e26d8c905eb5b56;;;;;;
909f8e830ebeab07f85a044d45888053;;;;;;
9a027e58eedfeaf4555d0bdad196b0bc;;;;;;
e4e45dd75a7790ce52268d05270d2e66;;;;;;
acd813cb0ebeb1b3a68b3041f15141da;;;;;;
452fc06036dc2f40cdfd8c9212aeee87;;;;;;
f76a2abcf8920f55185c5bdc2626092d;;;;;;
44ae1867824b96abbc9333aec96e545f;;;;;;
198fa091c4cfde77eabee62ddae2c991;;;;;;
19ebcd579d9dce4c52aebc3be71ef55d;;;;;;
5e6c3af607efb8e3d38905dc4bca7309;;;;;;
f892a9ff0c014edb87ee50b673fb7036;;;;;;
c3d5816fcf4f618dff8863c56e181452;;;;;;
e5588e8bba35a712fab5f414b5b7e2ad;;;;;;
3733e5996b20ed04735ebf29020ccf60;;;;;;
1960b85b9f9cf5d8867a514d6faef46a;;;;;;
d0453e27287bb3138586b87ff0662903;;;;;;
caef1f042596f9fccd6ce1addf0473f6;;;;;;
22a9310b7e41c2f03bec1c1dc033bff4;;;;;;
aba6b3c2ddeb346734c5c64328223282;;;;;;
b3074fa6a3cef9a9a72d74e32065488c;;;;;;
132afb817076e339b600296f16aedd51;;;;;;
300fb30ba6caf0b53b28dc75f90a25ce;;;;;;
397ffbced2d14811162a44dbb4f3b11f;;;;;;
5d2f69ae4788ad2ea58cb165f16bcc1b;;;;;;
8ef4b1f7dad8d17a5cd8c2a6db37caf3;;;;;;
308f65bb88581f374b3cf0602cc032fc;;;;;;
286d99b499931c4d87780a6d588a8845;;;;;;
761297d9d8b1ec62e5fb00f338febc1c;;;;;;
7387d4dfd40fe762f8aa02572a7382db;;;;;;
86fda364b80cd94eee16aa42606df1cc;;;;;;
4b7b451cfa64e20f69a0b5fab58dd338;;;;;;
15db9506495de41ad9d08c6e8b88fe2f;;;;;;
058cd071b53a65e0bdc434f954812f9f;;;;;;
4d294679d44b35297d5201424e440c01;;;;;;
61df22754a7c513f8abce823fffdfb8b;;;;;;
7d7c9871360836f3a4b2dd469392c67e;;;;;;
fc268a768ee9429aba8148bdd2d8d401;;;;;;
1e89189294302737d992db20f787994c;;;;;;
6daeb26750c41d9ff6594ebb3bfa0a6d;;;;;;
8841b974ca6fbb17860c7be571a5f0ab;;;;;;
dc1815758685db50288c3c3be076957f;;;;;;
194f3b795333d8086414bd205d0d662d;;;;;;
f9c5cf96ec4d1fa8a12bee371a92bab3;;;;;;
5737945ca2f5393f793d7f2c8f1578d0;;;;;;
51986e9b2bf492e30faa9891326ab66c;;;;;;
57fe729d1ebbfffeb8e32624e1afbd3d;;;;;;
78f2898f30176ec26d063db8ad282c88;;;;;;
7f43745988f775595d3578e19891be9d;;;;;;
f3a5c02bd7a62ee0b184184ac5af3d29;;;;;;
7287a5cd6ab55003cb3120f7f74f5023;;;;;;
a761390f1d01ac50cde8f2f41b368ae1;;;;;;
22cbe67d3e32034e49381df55cd19760;;;;;;
cf2023fa441a704d43105e7552b6c28e;;;;;;
576ba9ae9d1703033b4b4ad906b5627d;;;;;;
c75a965330001432e0819ffef036f5a6;;;;;;
db4fd7b2ebfaba953cd3ca6fa79ad599;;;;;;
82e820047430e12bf0dc495794b33f50;;;;;;
8045d5df4470509d8869e397dcadf150;;;;;;
f07739dbc9aee8a6edf54dcc2dc43731;;;;;;
dfe6967fb5bce63dcef26cef3db2b125;;;;;;
67c1311965ecbcb47bf938d8b46247a7;;;;;;
5e48e667774cfd65e87e928b80fb0947;;;;;;
b73f79f3123dd2e4c617cccb54882c9f;;;;;;
d47b7372fab657be6f91c409004a0ee4;;;;;;
03c2634b22091eff122df30f21712950;;;;;;
f10f53b1bab84c438a6e159e24e6bd38;;;;;;
dbdfab663b7b87bcc1b0e9737ad6b543;;;;;;
9f2f63d92870521bc4cb950b43088c00;;;;;;
08d0c267a99e2839f2bc8d2345acd65a;;;;;;
bc7fdd897e3e455d7d63c493b8b6bdbf;;;;;;
611da4e31042830b19b721667b93eba0;;;;;;
a03046b127a866e4806d2887badfb6b8;;;;;;
ba9af04d79b18fdf4f1ab55a8a9ecf25;;;;;;
dbfd1a201eb8320f0de621017d96517d;;;;;;
0e8850abc5f1805094af46da65ba61e7;;;;;;
d006989aa6ca7e7f4f0eb39997cc17b7;;;;;;
26f366a86071d7ce692d3654541abb5b;;;;;;
a83b50f546900b67fc6bf8da3f5f44f1;;;;;;
4574ba1b460d799441354e87847cc798;;;;;;
df5ff49b8deba37c72ac1f30826c961b;;;;;;
9adfed122808a816d9b40122b569ad3c;;;;;;
ed99036639170338fba616f455fb5adf;;;;;;
e1c97afe46f0732b957ad8f2e1d92a14;;;;;;
966b68da4011cae1c40458d807408824;;;;;;
4070f7e923aa726af57919d95a8e96bc;;;;;;
0be5f2ef5dccea9b82cf1f86c98d7308;;;;;;
ee8a993f343040ce73e68d986807b00f;;;;;;
b47b53ff6f2de5d540c8a8a834532846;;;;;;
4661e62ef32e6dc7f3abaf014f29c572;;;;;;
a3876a07a16f7ff0185c7b0c26222852;;;;;;
471323d0043a0616780f8e4aebbe51e0;;;;;;
0058f565fedf1cb5ea8622025800e55b;;;;;;
12d7202971366b50f232b21fb7b0b36f;;;;;;
565a96934178c725f948bad3bb4d0306;;;;;;
dd103eab84957a1aef896e2a50a62f44;;;;;;
679da5cc82b29e9d6486b6040694a43d;;;;;;
dee7537a9eb60ebe7a9f1ac2b3677b6a;;;;;;
77dc3844af3c38357672001a2357687c;;;;;;
6ca89181b38744f1b52177ab33b14fc1;;;;;;
90d3fc64e23bd96e4104a4ecf37cf8af;;;;;;
d958cffcfbe34e6b624a7668322d0984;;;;;;
4dfffca7bb0b3da5e53f8254635337ec;;;;;;
4cec6e23bde7cbbd81d11174c2b377eb;;;;;;
c87826ad5e602088336dc9538fbdeb2f;;;;;;
9d52802b79983fa27411774e7aaf0c38;;;;;;
03eb0544fc1510e41a4610175ea1a4c7;;;;;;
175b52e3f750052fc3b36c429038a152;;;;;;
f8b51de36111d61da10dfcd10e5a49ae;;;;;;
dedd69639792bc92c4411c6c2bf2697b;;;;;;
e78498a6ad2a3ed6ebb731b426422249;;;;;;
a8e2d87cf45bcd760bfa859cbfbf5ae5;;;;;;
d5d37671b7d7cfca9ffd38ed449b6e1b;;;;;;
fe5db2e14ca3ac59fb780496449a3afb;;;;;;
29bd3af0af419f5a8a5516284f8f0ac9;;;;;;
db0053c5539e3ab27662647f512ab1e3;;;;;;
993af5b93874b343edc08b0c7d5a494a;;;;;;
c6bb379f81e9fbe7037d8e0ec5f54023;;;;;;
149188c1d3ff2783610fb67f92618427;;;;;;
d6c414e3005908583ce95a7a73fb80af;;;;;;
c38768da0e6527d063a776aa99fe4c8c;;;;;;
f83a85e74ae9b094c0a3ea29e297e5d3;;;;;;
eb3f6d013c5608d616d47ffe41a02b80;;;;;;
d778584b6c3edd8ba22d743500bfeda7;;;;;;
66a9b8f2dfa82f9b79d78c60f9e5df04;;;;;;
b8ec24b5ab7dc16214865f8bdf508f3a;;;;;;
fb1ab893951d427cb344adb5a3e70891;;;;;;
14ef73535bde720e0f801882aa51fa7b;;;;;;
e51f4b3a036ac2e4832539bb3e1a62a6;;;;;;
d34342227f92780bdfe62d309c0a0d88;;;;;;
4f4c4b0c0df1019e8e012bfe152384c0;;;;;;
d3b78aecd634105fcab203b8a93b1557;;;;;;
acc97792aa499f0ea0f9d31f7f5f2728;;;;;;
6eec8e33009e8e81e0b30521cb89c851;;;;;;
eb819f5da9b920feaa738e094381fb15;;;;;;
74aadd1f4a51efee0dbe16c2afb97454;;;;;;
c3bb83582acfee3d1430c51347f2a8b5;;;;;;
7bd50e627c68c94a59828dd815f0f485;;;;;;
1536270a35b52f3a9197dd79866d05e2;;;;;;
2a6d089d3f345868d4d2b94fc16b7e35;;;;;;
a80fe245a481ec78d0c9bbb705c1314b;;;;;;
49f3628e599e11da5af20844f5a704ee;;;;;;
8f307fbf200a083fcf84e8eeb8e31186;;;;;;
53c0ca35ca3064f05a8d9fce33837bab;;;;;;
e322ad473928f8714c75add8f0c21967;;;;;;
cb5813db93f5f5075c99bb7df4db21f8;;;;;;
02d7884219dfcd8c53faef18595a0601;;;;;;
f5336dd6ba324e70f50cb50f22188261;;;;;;
6d2aee87d5a0dfbc7d65ea04c2c4b151;;;;;;
14c2701723c8dab7fcacfe40c9daef27;;;;;;
7ecfbb44ba0f9e84805407a189f03b77;;;;;;
057a692dc104a150e92db45ed32f3ca4;;;;;;
595f618b8fc7ad3c7da55f4a82c1f509;;;;;;
6f46e54f851e673d7760375176e16df4;;;;;;
5939151c0d6a0fcd416c234ea7384def;;;;;;
d10b891933c7c5a21289b828c18c59a7;;;;;;
8847e4f6574ffbe2953a6876ce4e9c2e;;;;;;
9eecc21b04c81dcbf5d9be2052241aa7;;;;;;
1ef469440779818666a360aa97fd9d26;;;;;;
0fbc669cd0f1f130e32462120dff3d7e;;;;;;
191b8cd526197f96913cd5b8b87848b5;;;;;;
90c36551032416cc845e174083d83fe4;;;;;;
5b61facb759ef2b6409986d52b102070;;;;;;
c609c8e13e994a18c86ea464e2ae8fc7;;;;;;
79d1157c31d9165b0e864eeec4c389f9;;;;;;
9ff795b7e6b19374bd63f888d8d3442f;;;;;;
31223d6c30ffc8ffc9b406ab2bf7efe5;;;;;;
03824a9947d8aa4b0ffc49c3303781f8;;;;;;
5185c1b248c007c17a00115b8be5c740;;;;;;
01253af338638bd8ca53752360e717b1;;;;;;
b4e456ad79ec02556720acbf4d534649;;;;;;
f280114ff79847e8c7d206b19e29a559;;;;;;
857b26cd6d2f5ca183650cd8fbb36ac4;;;;;;
1fae5f3648d7eba75467765f7552e53e;;;;;;
cff87de9c409e88af349e02969304e82;;;;;;
93b2e0e16efc0a71c5b91e024805d65f;;;;;;
5083a77b0364e0484edb4186ed8efef0;;;;;;
21c4793b762e51fd2f12855fa71bc1f2;;;;;;
a312bf426c57c31c9375b034cf0c1ea8;;;;;;
c05c2658047f07e1519c089075c1f335;;;;;;
d827d02f665cba5e7293e1c6dd7193ce;;;;;;
6dee55e43361bb32a23886d155e22b92;;;;;;
e8db0623de517582627a6820db4afe92;;;;;;
c377e85dced60663e1eacbfbaa023dbc;;;;;;
1815207ca46f2a4fa9d8f59b9fb40a2a;;;;;;
c319710511c59fbe6920a848b7d6a410;;;;;;
780a790357dd22519481a28b754f000b;;;;;;
c1bd02f7100e8c1f5cda1ed9675f7432;;;;;;
ea35abcf8881f4ddfc9d59a3e4b55184;;;;;;
8f884230ccccf13c6d19ed4221a2c476;;;;;;
73143135c8241785da6f5cf629f4f77f;;;;;;
b1bae4dce0f49af32616a0f58b3c0167;;;;;;
154da46751c5da6b7b493ee063c3f6ba;;;;;;
3afe41fb717673fc67862d80f167a3ba;;;;;;
b7a84ad0853ef58b731af90765d4d543;;;;;;
b5ebae28fec37174b53381917f945a7c;;;;;;
f974477ef38f34246833fa4fd4143c3d;;;;;;
42525ba86da0d43287c2b4c65285e247;;;;;;
faa66584287745d190365b23120413bd;;;;;;
bc6a561b6c3bf164f7b5c2794d9ed4a5;;;;;;
cabb351897f2f316b3b577d7a2f0bc1d;;;;;;
84c556a30dc9d0caf789abc452be6786;;;;;;
639bacd751cd614a122b4d4c7310148b;;;;;;
42720141d0667e17b88216dae488df0a;;;;;;
507c7ffec10360895e3006cdf8bd2f6b;;;;;;
86aa0fb4e1e25c33a087029d81c70ea4;;;;;;
3ab99df93f9d7254621dae9201d299c3;;;;;;
ef4c58d74d87db0220c1763f453ac7aa;;;;;;
e74c5a743b596f7341351c562f979ba9;;;;;;
791df4a348d8a12894b54700b09cac41;;;;;;
9b48718a52c2b304c2c952253dbd9bcd;;;;;;
255f85379f8f127abec3188136867cd1;;;;;;
3f71121c44b1b3addc6fa05bf1d79922;;;;;;
30cea33a5bc8d3f4c73688abf01bff2f;;;;;;
2b2144a42c16f91c60e4eb35790ba444;;;;;;
2086d4f3a71cec98b93891ce53932c3b;;;;;;
3888b06ec9778b77707c9888af6ff02a;;;;;;
3a0c742dd98f5a6b4492ff364622e769;;;;;;
1be45b8692c93bc7ccd0b5af5d7dc5e0;;;;;;
e8f6145df6dbd5b9880098a3b30f01f6;;;;;;
872f9938436bc05166935ef0b26f6106;;;;;;
f89e65219cd4b74ff459d64b30a30d1f;;;;;;
ed6c9ce4cb320a25fb4592ebf8fbbddc;;;;;;
f2af0f8ddf229f06e171d3be3718ce30;;;;;;
721cf70a7bdb0ad2a4e22938b5262f57;;;;;;
ca54d16d98a0bb92620fbfc8d13d58ca;;;;;;
87490d472f06d55c87c6c7b5692daff2;;;;;;
d53de003e1af98beb4afd291cdf98a0b;;;;;;
e869243f50d0841261c2b4ad3a72daf3;;;;;;
52085a017f88d857a26a6283d7c549bf;;;;;;
1dbbe7d66b3d314b7000611e6fbc39ef;;;;;;
b206fa7f2143b19511f366d5be88caeb;;;;;;
0abff88f61ca633c782c3416d0c6c9eb;;;;;;
0fa1cc69c1ba8211e54afe1fbede3c94;;;;;;
d03d56f9d1f3bb4ab01cca7d02fdd2f3;;;;;;
b83c0228e6f67eb6c945bc6c6a5d0c77;;;;;;
07fb158f50fb1de49c41801991fed322;;;;;;
99e300ada752c7e9f6cf4377e18816d9;;;;;;
0211ab084d1530a5170d2a10c9125d4c;;;;;;
23ad9fe572bdb7dca50d6633e1f72fe5;;;;;;
a297b47bbc4f5e88a6d44163c661fc3b;;;;;;
640f8dc2bf4b944656f8256ef0d3aa36;;;;;;
9ed85bd2bb2a57a15834b7858556aef4;;;;;;
d59cccd401f45b2813063d1a3a445eb8;;;;;;
38aa5f17274c0d2190e98aac8f12bedf;;;;;;
98c020d905b147ef87ac01925150e740;;;;;;
f837ede430f6c077c49194bbb77f6a37;;;;;;
0c901682f7fce58a7af74fc8e611966f;;;;;;
33c6d5fbf314453056ab85a35c59e500;;;;;;
0acbe5544018ca66974868a159df4f58;;;;;;
6a65637407b5a7328d4b71c73a764ad6;;;;;;
a3a86dc5f4efcdce66d4930d52cc94c8;;;;;;
96979ec1e90714bf407c4e56d99fc4fe;;;;;;
1e0815fe21b7cf937389a5feae66afc5;;;;;;
d7ae1523982929168e877f5b7cf2c72f;;;;;;
132448efc563448ee9560637237d5541;;;;;;
dab6660b7f47de3ddcef649059ffccb9;;;;;;
1494d78550027f6a17cef67bac610f37;;;;;;
ee578d3bedd91d0f51efb841aea30b75;;;;;;
e75fbcb786c8bc308ac55cb9debe4976;;;;;;
88c07fd0ffe975fad24a71bedbd66b8c;;;;;;
35d0792e535ee9c744871414a5446825;;;;;;
a7447fdf363250a43aff73ed2a10da77;;;;;;
e9447767bb5cce76f770fb4dc50bca27;;;;;;
92648a23945bbeba4d78b83767d89433;;;;;;
f8d9a1e861f6995b2d45432b0fd0d2b4;;;;;;
60c2ac3fe6e03b481c3fe876421ce7b7;;;;;;
7707578596a02355d34479aabca04882;;;;;;
6d3e1171fd82a3012142b67b818490a6;;;;;;
d0f8a7f55edce53b48c5ab369929a2a5;;;;;;
2c6de7e56e6240ed8603efe8cf3657ab;;;;;;
3633fd84ff831e156bb6adb0875f03d2;;;;;;
acd97149f6430849044fda2b6848d9cf;;;;;;
c1669eba8d2a93518ef84eacf676f030;;;;;;
aac821738881db0c293f1996a13ceca9;;;;;;
9431d8b16d439dbf7132be805fa2f900;;;;;;
85ccb3960938e1fa638ef083b28c9c78;;;;;;
d75277419744765e2d8c30815983b0e0;;;;;;
c9f9cf4504a14bf3ac19fada02264b54;;;;;;
f3713a28ed6e21b46c72c813ac389c54;;;;;;
082d841ef83cd6acfbc52caeaf03ae04;;;;;;
2546ce9a17c4f7b0f1f2802862d96449;;;;;;
ae6257cfcdbcbd0d388e636573b5ceb1;;;;;;
c2042199e983333853ad544476a01b8d;;;;;;
13e4733d5f838952b91fae50069ae048;;;;;;
aec7a6195b778533919976b833abd523;;;;;;
3a81bb3c2c6fee3088863e97bc41393c;;;;;;
8700efd7743cf4303f1a8afeca540827;;;;;;
da750156d7f1459f307a86e40dfd360f;;;;;;
3582006d0525c32c164bcd7d8fe74c22;;;;;;
26d4934272249fc051ffda3a8491ff64;;;;;;
f2ec6d9f2675508aaf68ca598f0c235a;;;;;;
6e51c9d5f4bc06c86f27d9aeffcc754d;;;;;;
37e9f8e009701f650156d000ea2f6baa;;;;;;
015e627588d02ad6657b0b88afd92662;;;;;;
015bf7e36b414399e32c21ee364ee013;;;;;;
28789c852fff23e88b00c943043ff392;;;;;;
e7995a6f1e8591f16cfa88e09c5d9fb9;;;;;;
b3939bd37c5a5042c490ad350b6491f8;;;;;;
2bc6ced03f1970f6cccfd973cf8adffb;;;;;;
02e766b860164339d905c2146f8b8fe8;;;;;;
a163b6ec23fffbfc76ab8b4779a3a2b0;;;;;;
ed3e266bb9a0baa8461d3ab6374669a8;;;;;;
8de1978e3d31f3b53bacc70cf4858f74;;;;;;
50b70f6a5a5422f4cf41b56244944287;;;;;;
d40372d552da30e3a5c112f31a14904b;;;;;;
ecabb6aec356d4ed17ee580775c77285;;;;;;
f0f31f94762da064e705390bb49a7992;;;;;;
d0966c43a1d544dbb05d60c50cf584b4;;;;;;
0c0fb19766eea43bb1a9f8058569f55b;;;;;;
1805ce12b1baba5f25a0d9ac3f6fa600;;;;;;
d9682e71a91b69dfbbd02a5d0739bab1;;;;;;
359582efa6e11fa24225459581f86eaa;;;;;;
a6fe5bed16488e8a7e4cefde212dca09;;;;;;
3147db7cf98ecdf6a51659ba6d28dab5;;;;;;
27775d303fa8a6a7cdb117b5ae46e429;;;;;;
3cbfaa821f67a4b40efaaf453d237778;;;;;;
98a171f0a25e3b4f55af78d2390c603d;;;;;;
a28e805276865e0e27b7c263bd5d162e;;;;;;
a42c12550ab3fd4fa0601d8f9a2f4dfb;;;;;;
372e0e55cb4d17f844ad8d9496ee44ef;;;;;;
1bea5796442a6b8f22094e2a0eef0c57;;;;;;
05eb26131a2ce86e8c57eb63b4891887;;;;;;
77c9d19412faac47e9d75db1453e95f2;;;;;;
d72b5a28d015230a2219a204c6a449f5;;;;;;
c8565aa510c0cdb9aeb3475974b1f5fd;;;;;;
0205c9c9a91c957e54dcf8edf44cf845;;;;;;
9077f05733fc4aa3c742105a261b1869;;;;;;
746560ad78f0711f020e141d05a2ca27;;;;;;
41af54fdf23311f887de8df159fd729d;;;;;;
58c5992ea4064debba397b2ea1da6787;;;;;;
fea15ae44bc991a75d7fc67d7fb6db19;;;;;;
963f45ed81036dda80132cd701274631;;;;;;
59ed05bc99258acc8a88080594da3b62;;;;;;
c8a14b4347b6a4ed4c45907cf2a9d9c0;;;;;;
3d786e1ce35aabd6707942ca12567332;;;;;;
cc77901cc48e712da0772f2dbfe3ee35;;;;;;
e144c50cafe666cedb1e2f8e93e60b37;;;;;;
2b2cad037d709d3aa425b8b30750ee1b;;;;;;
1099f5c8bcba0ef4aa9c3bb30c64977c;;;;;;
4e30f008d3a429c7b70dcf1a4625a98f;;;;;;
689e261c3293b40e7e900810170e9af9;;;;;;
cc4153552c043a0c6e2c2d62fcd58869;;;;;;
d5e70359f5d822df426f66af7655dfb4;;;;;;
344965c2746633c86b6c5006b765a13e;;;;;;
fe6713edc049aa7d2ec93e0e0ec8bd93;;;;;;
c036cd473b9ed233f487b0d17c736330;;;;;;
730d798cf47ef1a966bb4e17d0d5e5e6;;;;;;
8474dc1dc3409717f13ecb62aef6b3bc;;;;;;
aff12d2292758bfc8588bca7090e4c06;;;;;;
021bfd0db008987f530d82374141bb9b;;;;;;
851655e53e4c1327ae1210f167ba420a;;;;;;
897411f3ced6ff92dafdd2425d316a6b;;;;;;
3c3e9e6ca2f5078e51ac1698b87b7ab0;;;;;;
0fe381a1affbe45eb7bff81f11c0a56e;;;;;;
79686817da6657c67192456c95d04d2c;;;;;;
dd1adeddd4309b94e3b2048fd0817f50;;;;;;
d2f81d31727715fcddc43d70846969f7;;;;;;
836359221123f4de0f66bc80b49d8179;;;;;;
6b6104f6d08f8b7418e68a28edc072bb;;;;;;
c897becdbc64409072482ee8eba2fae4;;;;;;
c0c2d1d9e2bcd1df3a172518e9a78364;;;;;;
090c08683d5c42e7fddc1bdf08c61855;;;;;;
2fb768a2f3d51b651ba87cd085f61dd2;;;;;;
094de169e065e4aac92b9e835812749a;;;;;;
74bf3aeec0fb4e7e23dc169cb438696f;;;;;;
fe7ed30454acfddf5bbe7e0f40ee0e64;;;;;;
9bfeb22a05999408da67b2c11d6185ea;;;;;;
cdb65ee0ae8b2c47f54dd61db796a644;;;;;;
ab77a76047bdb29fcc0a1abf9a7486cd;;;;;;
4dcdb713f736a785a955f7e5ae4566e8;;;;;;
cbd3ab5e8976756cc44273809899b5e5;;;;;;
c6698f57e3d06f2627a3e06b71c2f118;;;;;;
213421b10ea6afbd89270db50d0fd83a;;;;;;
d80f82bb086fd67ec4a78af07e5cd2ce;;;;;;
9df3c18d83c772cb0a213092823de4b7;;;;;;
ea71b20a691d6079980347fe4a51cf54;;;;;;
ec5ba0d301bd0ba0b87b6dd66c2101f2;;;;;;
c5fccb6c0082f4a83e536c6ff643aaee;;;;;;
3a1ba01605c01ecaf4079be3a1e1ea0b;;;;;;
bc249af7780c8ab103d7294d6e84d6c0;;;;;;
65aa4e9e4b105e74a0eed165bd216288;;;;;;
ed87aebbdacc6ff41234f61bc4de56fd;;;;;;
e794e8bf1d0e86981e640ed5facaddb8;;;;;;
8d68dacfcd30524308ec421876a5df61;;;;;;
596b9a2b7cc5e9bd86bed504b5eea278;;;;;;
c568f26dd706b4f7d7e6159f0cf02ef5;;;;;;
688e2dfa4de51c45f1d2e5b76998f139;;;;;;
f43e397ef90e60a2c646cd92214d84c8;;;;;;
6deeafc2b786efc18ae4336f1df7238a;;;;;;
ed444963bf6b162690be6356c26207f2;;;;;;
58a8c9c3ca4a354c4a18ac212e96c66c;;;;;;
c8bd93e7699da4512d61500923d9f528;;;;;;
3dd1aae0a27edd51a0eeb4978ba879e4;;;;;;
763fa3bc4af4b4497516bfe4e5dab99f;;;;;;
53d7e803b6abaa7f6e3430633149c53c;;;;;;
8fb7b1cd91917fa303c880816485cda8;;;;;;
ff4b66f47b5a98a49c4175d17a368a47;;;;;;
4b5f59a5cd2cf0e177f570613b92a1b8;;;;;;
f8adb6c4a7dc77ab0264f9b087fcf531;;;;;;
15292383e7182257d037cd2371180d10;;;;;;
f552260be37b04551819e74e5c6626c7;;;;;;
8e388fb388463c882ae706c19fd6ac59;;;;;;
ab1ff668b3ed8c3d5baeee9402cb02e7;;;;;;
09b3e1939de3bbf3ec7d1ecc24516969;;;;;;
3a1c0e52f16dea4fea767282f1bfbadf;;;;;;
7f9f9fa8f79526d254b826dd99217cb2;;;;;;
bff8183aafa58bcc81b7114aa33b3766;;;;;;
7b7cf5b694131405759b9d0e50182fee;;;;;;
b90def7edd225714047c141a9a6ef748;;;;;;
3cdb5345ab4f5228d16d3568b0edc57b;;;;;;
419d8f1a70d5e3a15d88603973b4f221;;;;;;
e5c3e1b67f4f6cb37da2a70ff7fe8057;;;;;;
3900866b02febbdbab87bb2dad52a640;;;;;;
203d50d14a869bae973ca832da6a419e;;;;;;
cb4d4701b7c749406c0f4b14a15e5bd6;;;;;;
f81a0c8b5603e9e770a2fc2263ba9b2c;;;;;;
57b7fe7a0a15ffc7f91f402985aa0dd1;;;;;;
f2c6da0129b121d9870ee2f630b67863;;;;;;
d37c63f8a0b3084e527ad010b8d9f565;;;;;;
43b71983466a0bafa4d8677b0c7a198d;;;;;;
165526b40eab4eecee9bf98376eccbe4;;;;;;
514f0a60be9a0c45ac2d0bdea1e374a7;;;;;;
ed9700be0f195a9b78afedf3b3b4c06a;;;;;;
351f56ea044721a78e9e749a5ae7407a;;;;;;
b82b77762e90f30b9eb8a58f6eb9f6a5;;;;;;
6128747e42ccce6b19a03f9df7443385;;;;;;
b79b17edeffb1f2dc2e2cc5adb6fab7c;;;;;;
4edd7757d54585300b5a56a148a38241;;;;;;
705be43698a36c99f6639bac4349cc00;;;;;;
abc7c8c6767e8efcf5a3d7397ea21869;;;;;;
df1784b5e6b2a9cf907f44055fc74643;;;;;;
c0b2626be83f9be71ab7771124a923b6;;;;;;
b5d552b477af5d6fc97369daf2f137a1;;;;;;
e6ca10196042229c5459d2705991de94;;;;;;
9fccaac85dc00285af66dc6d03eddd0a;;;;;;
c0082b065e53625c56a00096d872061a;;;;;;
aa3fb4026cc419b5d538a02969707a12;;;;;;
053e5bababb5434232f5905b66d072f9;;;;;;
f58e0a930626b775a968f872b7c172c3;;;;;;
0e5607dc9573fb59d78324d74ab65bd8;;;;;;
2d89029b9977fdcf3f443a89d9b0b3b2;;;;;;
ed5dc12e1da06c9c0b5b1b26d57cf5c5;;;;;;
daafc75ef022b7c596276e18c850618d;;;;;;
8cb9fdbb772ab9a34feb8b07b87cb71a;;;;;;
8a34375024c46fa5ee4a811cd5979171;;;;;;
a6d9cfae5ad6bf697be930a10a9fb015;;;;;;
114b7611dd32bf49fad535bb2a2dde07;;;;;;
ba04d6411514aeb29043f83233ef0af5;;;;;;
77b50a8713c5617fac0d6fdfe65a2c53;;;;;;
0931fda5fc6504a82e6889bbc6c9a917;;;;;;
7dd3fa2f5f5adc1d31d80d569be34dd8;;;;;;
c4f5763bec3e0823532aec9a060e9980;;;;;;
1b14c53e4f2742542717e3052cf21a7e;;;;;;
a1e2ab9a2dd7b38b65eaf5680501044d;;;;;;
b6447e579a4e5952e414b76947db4c97;;;;;;
c8e6573a6b8e878e5edb219e5dc3a1f1;;;;;;
f9f6739e0c585e903eb2d3bf1e58ff6d;;;;;;
d8b9ff1406e46ebc9ae88bb45fb5972f;;;;;;
bc3c67aed9780f3dc651ccfb364deb78;;;;;;
9f1b49ffad15633a3beb172ae081ac11;;;;;;
b1320f054a5fa110f7b02bc8ef694095;;;;;;
d33f0dec2d93fd643206ebdabe5122ce;;;;;;
4130962e1b8a55a13ab71d92f85d62a9;;;;;;
f0c0b10dca90836b0578763af543187e;;;;;;
f320dcb3c482e2b34dc3e501a39a1ece;;;;;;
c5fb4805929e77fc60b18f0b40c732c2;;;;;;
1156661cad2875630456db99c20f6806;;;;;;
ee5734e80e3dde3b7f26e17abd135289;;;;;;
6647a285513893055fd84be46acd9605;;;;;;
6886400dc1db074991251456a863aacc;;;;;;
272da99ce8dfbb9327a6fdb797eafcb2;;;;;;
2fcbd6737a25d73d22c79f6faf12393d;;;;;;
693a10d5d28aef72330a09f1e9a5cc3c;;;;;;
8ca126498ec041e9a06ac7e792def852;;;;;;
1acda15f139c3186fcca7f57973bc175;;;;;;
9c0ef9d3168052210f00ee2de3cfa25a;;;;;;
b00577b650f53f4305c21461aa9a2a7d;;;;;;
304a88d2b9b607f6ec65ba11f8299455;;;;;;
1251ba9385c64eee57f0a187890ace49;;;;;;
f0b4166d8f835590d6cb907b3cbe3334;;;;;;
4b031a7a2d4b0f0d2de702a57a57bb53;;;;;;
1b29ecfe2288eaf08cbe5ee3e2e54cc9;;;;;;
03670e2a96437c6f4d559ac28157abb2;;;;;;
279e90b7e76d5ca55184bb1fcf246848;;;;;;
5b2abf0ee88fd05abcb34a46d45d442e;;;;;;
7f256a95932ff09803a2bac0690665cb;;;;;;
f574f7546c4c821e24750676167233fd;;;;;;
c4f5b751cebea4e3af6f8666415208ab;;;;;;
873af8bf0c77de0867c2fd060ead3a79;;;;;;
2f7d70b1b4f6dd34c8f2a1ee53c383e5;;;;;;
7f7d51c6011c772debd1bdb70adad262;;;;;;
b758ab1f8b27d7e4eebc8cf226a014be;;;;;;
36d2467212f1f68902d19e4f52155fa1;;;;;;
98ed456d4af75b581ada4ea442827f63;;;;;;
db21320e159970a9b56724c4543462dc;;;;;;
31155f8b19454f0b67ec088be2dab1e8;;;;;;
ac3019558768bdb0881270cad89e79f3;;;;;;
6a2336735df8b8cdb4d5cc955d4e0b6b;;;;;;
f4a070b9a4273f4f9cfb59488aaf05e2;;;;;;
1d7ea8ab4ce578ec513875fa93a5172b;;;;;;
0b6ad32ac77a60b664c119c216a5a2ba;;;;;;
1e4a32d268a391c8f04d790954e71d91;;;;;;
f1c8eebec1e86dc8be0c55668bd2f57e;;;;;;
e25f40be16c463c83af88899c891ffff;;;;;;
10cb52ec0a6bf8ce527c46215a3ff220;;;;;;
dac29e02eef8c7b401b7c56eeb4feb6e;;;;;;
9757548b908177314fdb6540e62e489b;;;;;;
28e4923a661f7354b0666a2c074931ad;;;;;;
489c1ab4d84f5f06b85194fef37295a8;;;;;;
119a8d435f321b6c2c42cec2024aa75e;;;;;;
1a78aaa3b1248d3d1372726dad5d81f4;;;;;;
3b9bc7e33b4b66b81f64776de0e29fb7;;;;;;
7d5db2a649fd98c3ae84321a57bea02e;;;;;;
d6dc9283d956b76651023b7c691e6e00;;;;;;
33dcdb0299c2a31d317c65306d35e8a1;;;;;;
3fb201efc50505fcc0692c4b56c3afd0;;;;;;
c7e7e0caff2074b9f5c4b4f0d3d3a0ed;;;;;;
4497b0a1167fb3a025fbf4b5f8339f0f;;;;;;
14cd6aad14236056015592dfcfb6ca19;;;;;;
01b0e3b2b1628567470210bfe17f827b;;;;;;
1ec5d37fe0ec2d30549e69428dd842a8;;;;;;
ee072e6d9ef724febd0bc82d13887cbf;;;;;;
b821690b48b0696f5c5219b6ca120b63;;;;;;
b13e09aaee3c62ffdc27da7644937024;;;;;;
f4baffc6ce6e4c061e07bba35015b716;;;;;;
d6e3b7cf6dde66d43a6cd75091224a57;;;;;;
f954008f8e942f20eb6f006e1018df4b;;;;;;
8e8efb9bcea2fa904dcda5464e444d3b;;;;;;
08cee6b9ca2155bf0f37b6993d0df6a3;;;;;;
627a7cf8ba46d11440cafe4b4b09e14d;;;;;;
4fa61cff0934193d6579ed0e2ace0268;;;;;;
d84939fccf0922975796ca0828b7f6b1;;;;;;
9c23d77f9d43a14d9d930e7f1839ce7d;;;;;;
392dafd6c85b009d89d520bd2bd1a8bf;;;;;;
8cfd434508e2493c6f86152e6ac7a6af;;;;;;
59df8764cb975197c513ed360d270163;;;;;;
e0489aa6299a24f6b78f5f958d1db1ed;;;;;;
e444f1a4909f405a933718e5ce3cee42;;;;;;
120fedee1c5782572152a6adcbe4cad9;;;;;;
76d4a3947e9c9de1bd264c3067382aa9;;;;;;
eb9d39f367cc4ee1a9b9441ee80efe5f;;;;;;
778eea8754fbbe208c3b7857ca9dc7d9;;;;;;
bc60102f06cb9621d9d3efbaf325c81f;;;;;;
5e543c109e7cd4403061dc9d176206ac;;;;;;
1c8c876cba9f00aa2d3fd5e1b2c6565f;;;;;;
77effa10374ea8c90af132bdf25a7c0a;;;;;;
12109bf01930824497139eeaa52092c8;;;;;;
71006b1dec89d4125153fb21574a2c6a;;;;;;
bdc32ebe7fc5da405b095c138bbfaa77;;;;;;
95f8464aad82957cc7f1093ccbf03e67;;;;;;
434604070b0396b8b2bac8d496c47bbe;;;;;;
b24b80dddf164a46f2cd90546e93b1de;;;;;;
3d45bb9ebebd861fe06fd7c024ddd8b3;;;;;;
14b56434b104844d87ac3b8dacb3322d;;;;;;
afdff34c1de87deadd748b5202862f94;;;;;;
7a9b0b6b6b6bb558dff6c532a66e7ec7;;;;;;
fa546ad568139dedc1ff6437f4a02177;;;;;;
8b03dec2cf4346031f2421228a3a9de5;;;;;;
0ba37e3d4924b8cc69f6350a81822789;;;;;;
62487162707a835c22ef2357e23a5278;;;;;;
2353fb186a1446ad9cfd5614da26c55e;;;;;;
ecb64a678ef591cf1f9fbab64f980e4c;;;;;;
e626abe2d5ad179bc9f6dec073314272;;;;;;
f3f7f444f5c6d666045ddc05fb70d7c0;;;;;;
73e8874e8f757f2580f76997a7cc96e2;;;;;;
d48173810280063d8bdb318b455f7b3c;;;;;;
3937961a4dda0f39e55dc44aa145224c;;;;;;
651096533b2a95dcae5325dddd474459;;;;;;
0cb6b011f30d51575044eeb7fbe4ed72;;;;;;
241f18b1bcf8528276f9010be6865235;;;;;;
051747a2cbce6cebd6c0f398a891b8ee;;;;;;
23fbf22efe44cd4034134ac0da851f78;;;;;;
c4522257b62c920ca244a43b0430b22e;;;;;;
0f480554f7477d38405ab0829528e3a6;;;;;;
45d37727f9456f4ba3bc96f83136aabf;;;;;;
fc1d952c0d52865bdd1c46a7ccfb3d87;;;;;;
e786871e0116cc2bbc97608765ea8a99;;;;;;
1e2621fed437545097c0051c869e1e1a;;;;;;
28e5e837bc5cdcd247de8120a03c0975;;;;;;
00663a5eb67aa4d5013c060ece58c00e;;;;;;
dd1bb809b450b4e61df43434eb2163b0;;;;;;
c9d82efc0db28a777f47a2c51fb19fec;;;;;;
8aa14da0fbc3ff447e6cbe7e5aedb6f0;;;;;;
e0fb23880e8637e771310189a248b62d;;;;;;
ead806f5507eafd3261ef3289180ea95;;;;;;
12fb3115c35045bbac12d18bae38a26b;;;;;;
d528c13b343202131ef7c1a5769bdfdb;;;;;;
f3a16d15d1a7a76316003b53592dc592;;;;;;
d6a6e856334e36f8570ca15830c5e866;;;;;;
f0894ca0ef4eecca985afe9109365c6d;;;;;;
39a8f2be92660e5462455651fca4f308;;;;;;
54cf05cfed351a83e7caaccf8dd2b4e8;;;;;;
e045985c49c06e174e02bc0f66afb8e8;;;;;;
a4cc387ba714406ca82b3d005916b9a5;;;;;;
2ceff8281a2150988baf6926ab09d2ca;;;;;;
82c611ec21ca5a42d852942aa8bf1176;;;;;;
26dc08d050cb9ad2cbce8714e5f84b42;;;;;;
78163d9d1159fd0d2abdee8cc80571fc;;;;;;
1ba0b6e3ec4bc652843d9a7a913ad4dc;;;;;;
af13568bf0087feefd30321f1a93066a;;;;;;
1ec547859e889fce053febe843b01c56;;;;;;
42e97c9188ba11de7357b696fd97f0db;;;;;;
5a220b2e47e417d9f506e6faa380e1c7;;;;;;
ee958965dafd7a0ab35079b07f8c3395;;;;;;
d53bca77537c25fd5c167fb26d1a7255;;;;;;
b758485533508c580491371f04cd296c;;;;;;
59bfd8a7017c527bc58d7276bdb2c6a8;;;;;;
fc4674503c3c04805b1d0b13eb25ac83;;;;;;
e7f4edfafadad9a1781551f657fb8255;;;;;;
ed2229474dc6f98ac7f597472227b711;;;;;;
42f720c6c9825b213d6e36e82082cfaf;;;;;;
8ee5891804b464014ebb43d6acd293e9;;;;;;
1fbfc128355d95f96f0578e0ccbd4245;;;;;;
14cf5e4799c5d89ee5f041caea629a0b;;;;;;
ee66b708eeb33856e06253aca0704447;;;;;;
708b28aef6963473441c833cd96e4330;;;;;;
4eb1f9e5a82e5854b435bccf6c8f48eb;;;;;;
0a956f89a916b60a68d09145e2b37e5b;;;;;;
252c44f45de357b1416118a56355ca5c;;;;;;
20c85231336fe444b807616be8a6a0cf;;;;;;
a5e3bfe8f2166e3abef1b622de8dd424;;;;;;
ad2c27cd31d287b134f52d84e065ee45;;;;;;
2c19d41eb0e1d3ac627c5d9bce634c8c;;;;;;
5f629eb3c1cd4a0ee6f36f9987b1b025;;;;;;
cda9f28048344df7fb4f1aecffaa8fdf;;;;;;
e348cd2201471fb5b6c02ead6e622732;;;;;;
8f2857c86fbc5f69fc9fabc9ab67b98c;;;;;;
93c5a94620ac751b530729353c6d61b1;;;;;;
0032bbb3adf0a8cafe37b5460b2ddd07;;;;;;
9d87489f6b470e53eced698d97d9f345;;;;;;
129c00f19af10451a862c3a2f2dc8dd8;;;;;;
bf195293bdecbc8643ca1b28c178ef8a;;;;;;
1f6a0ac891cdbf8969f7bdee36198b07;;;;;;
fdf0f25b22b856ff0843e37dbfffc758;;;;;;
243dfe2b0d68c3b54c7fa44762c31aa6;;;;;;
3780785f2d2af4534865f09c8ad19e26;;;;;;
75ca0b5f2e55d0fe15a956cf0367046f;;;;;;
639dbc03f67bf267de7f34a75ab63eee;;;;;;
a4d1d60f9aea5ad8c6e7ce1517f60167;;;;;;
870a7b156abf09c7bb7ad597ac4b4886;;;;;;
3ee57e546f8299bfe905ce6c0c5e6895;;;;;;
d2ab73d167910d98b1bebbc1ed039d46;;;;;;
02fe7bbf05611afcf5fd612405371208;;;;;;
6fbe158ec7ca3a3e74a610779b065bbf;;;;;;
dd3e4366685796e85a05bef51ed89431;;;;;;
9abded839cd086a8c3437cd23b5624ad;;;;;;
c1675ed7271dd08fb95f8fd7fc1883aa;;;;;;
b8be7c05e864e1b31be34c70c4800c13;;;;;;
62b93f96e8f9547d0b8e12e45e989f1f;;;;;;
97367582acd8c962fdff261c11ebfd49;;;;;;
7286ee792c5180c9e9ae8f1c4f0b7efa;;;;;;
bb38c5bebe6beba5710d1358134ee049;;;;;;
a308ed93c9febed02d3d9d6802c78cb1;;;;;;
436397c890df1fd516b5b9c69e5476b1;;;;;;
1632bc9b81b38a5d18eab2194a011163;;;;;;
3849653b72038c1e1d776b67c9526bcc;;;;;;
688dded7f63f5dc5c2f17953c632daa4;;;;;;
1121a8366918d807c4e867b21b4638ea;;;;;;
12ecf0f1c259cd9953ad0513c4749fa1;;;;;;
464a4e50f015a69b4db790599de402a5;;;;;;
ca54826cb856350c6e7f87e1778cabbc;;;;;;
6eb1c52d59ebfdff89153b34d48dd1fc;;;;;;
7f7758af83a0ab288179e8127c6ae139;;;;;;
941ecf3d80e6a9616907a0a825400272;;;;;;
e9409dec528b6a6fbbdb7434033b7eea;;;;;;
07744344e033009559d211c324dc08f9;;;;;;
e9087451362f475f072ec512e7c26fdb;;;;;;
de07b916e5c7c83e8ef6a2320fb319a6;;;;;;
e97c6b7b4fd3eb0204299aecea6ca43a;;;;;;
488a8a0c8cf5063e500c7f80484bd144;;;;;;
cbf4364fa256786d3887fa055bbcfdc0;;;;;;
92fa4d5a2eb3b439d561b103657a8ea2;;;;;;
ca281dc57d1956c77cc4756cd7b809e3;;;;;;
2d2606a1bd2c25aebc80795aab4d0e31;;;;;;
f75d8154497ae040446477bc0906ea09;;;;;;
8072f45d3a2d9f5101dde6baf201c68f;;;;;;
a0637a06c145f1c9aa857f10f15ae86b;;;;;;
6e063bb60964ad49ea8f18b0cdb1bdb6;;;;;;
6018e5cdde194fedb9b7114768699254;;;;;;
171ce172c749a3a361916307305ef382;;;;;;
bdc4c2f02ffa813092dd705ac8c738a0;;;;;;
4cef5ec91acd94a8778f6ad8229c3e83;;;;;;
d152a907da383e53edd848835591e4f2;;;;;;
f0eb1219f686ebf9458c22706873a6ca;;;;;;
2d23f1a9f10c7b4baaef67abb19e3e81;;;;;;
a95fcd60a8903c2ec949dd40ccaaef31;;;;;;
ee1642c5259759d8a385711429544862;;;;;;
40c23b9dd609b8123eb641b3abaef37b;;;;;;
37c6f12abc60b79c94074b6b1bfd9865;;;;;;
0de116bec630e5a2c99b669a71f3eff4;;;;;;
7c1b2cfe6d24fdc0c3e686da307dbd2e;;;;;;
238dcdecc8c5b206f93cfeea060e9c45;;;;;;
78720aaa4b539b4d6425c24f7bbe44f6;;;;;;
9c0fec0338970769252bb5894623e582;;;;;;
053cac5a21939af5b0b71d39dd131937;;;;;;
13fe0feb30394e3c28f4458f342b9590;;;;;;
c146aa7c4694bc6726f57520a2d0f069;;;;;;
4ea4cd95f22bc2cb8852e0b590158011;;;;;;
458732a8d7cbcad0280b5fd2024f13ce;;;;;;
93de7a0ec9fb394b04864c0fc6d51547;;;;;;
e247e78e3a50806bacf76237787c3978;;;;;;
6a4d7394cf77e8bf00713d774ba6308f;;;;;;
02f9a71c95dfc079e74e38fb4ff7adca;;;;;;
ca52190a50cd43737789b01ae7abc195;;;;;;
ece77d3883d0ce578a3dcd1671ae1896;;;;;;
0d4504cd7e09edfad37c9766ecaa023d;;;;;;
da0299ec7131d2aaf32cdabf16ca569f;;;;;;
c7bfb13187a6a50d0fa1328730fbc938;;;;;;
98cf971be860ae73b6769951a624fed5;;;;;;
c4f5752e1ba91a8db21b746b0f0e4b69;;;;;;
d4c783b06f446b34e4c8c5ef26b337e0;;;;;;
5c17cd08b16fcbac4d8f1096f079226e;;;;;;
967d64526c857e4d84f2062b029ce000;;;;;;
edc1bed2c8b6fc0c7db52fd31556ba07;;;;;;
47c9eee2a3515ca85479b1475ff9e7a3;;;;;;
08c0834060eb06eebbb09c95611f191f;;;;;;
2fd18d892ca3fab84c5dc770b2d88eaa;;;;;;
bf4bccf34d6ea10c31eec458d14fdf85;;;;;;
f7d0c4a8723315dc41ede33a68e86347;;;;;;
dd025aa055d9bb5976ae3f3a5fd8ab71;;;;;;
99201ebbf14f6cd3adac8ec728fa0e91;;;;;;
aa6c060c942db05f037a52cb124b510b;;;;;;
f3371bcf6c05f0e47159f9c2ff28892c;;;;;;
e63f40485fa33bb9cce473a2ab990c7d;;;;;;
6cd9db30d227cbc4e96b9b39848b19dc;;;;;;
633675585d4efd4616c63e8ea7df7535;;;;;;
bd72a5d90dc9c55b8e20bf1a2910b764;;;;;;
ff3e76dffd9e78ad985a1f4e0d49d312;;;;;;
ba409c127a984f100ae919fcd80617db;;;;;;
2d2385fd5aeac97e7adcc6f9b0d2b75f;;;;;;
ba67d465dbfcb9507dd099166a4fe89f;;;;;;
a4c501a4b7d1fdaa056f505284ef0911;;;;;;
bac1fafe7dc623565fca77c28d39d4a1;;;;;;
ef16d0a959cef38874eafd953406421e;;;;;;
cc008bf24ab097b0860fcb02a40c2af9;;;;;;
e06c32f613f6c7f5424e2f95037e37c9;;;;;;
6b023ed637c9b1efa7f29144cd9f5ea3;;;;;;
53f2d50c967b668264e2b93902ab3fcd;;;;;;
656c3a97c377a85af1b663c5fa30099d;;;;;;
4a79bdc227e2d3669b0f727f377edbd2;;;;;;
ddbed6c5740e9cf03da83e8f3330c837;;;;;;
de4107680c7ebcf67fdc0fc3b83af09d;;;;;;
077f250f1956e84ab44ab83d2f8810b4;;;;;;
568c49ef40c329b72c848daf1c3afb73;;;;;;
0049b6ba2449b657ea3897b0088733c2;;;;;;
e03855f20c5cc5e4c53c19998f7a55ee;;;;;;
1eabe722c82b01a599b098e9dc268ab8;;;;;;
89cc5e4909753a7dac91d862135ba988;;;;;;
b7f758c79566e9352be6d42f4562fa05;;;;;;
b9c50bbf60323f5f4be10f0e8674639b;;;;;;
665585edeb6280d9936859a3b076ac9d;;;;;;
a5cd13a41fbdf29cd268be8cab759d42;;;;;;
279c2faf3e90f8a2ac24a97b6804d752;;;;;;
c656660fafc0e74d5925b255cfa33439;;;;;;
27c6924456700d2d4826a70da0fa434f;;;;;;
7e6ef3e04d655522f99d92ff7c7c9154;;;;;;
dc1efb8644b00c82e50572803acaca63;;;;;;
41bf90bb900cfb42dee62881609c977e;;;;;;
06e3aec8b0d4c39063526699406049de;;;;;;
c05d1e6cfba62164e3529bcc44cfba7f;;;;;;
63b752fb7f538661256e1a7a3d5c75bc;;;;;;
c1574dee39ff2e260c1d271498e84638;;;;;;
c9a0819a3800b5d4f427625d65851de0;;;;;;
b78a58bac7b4fd4cd91732b51a674d67;;;;;;
da540bfee049f79dc006d7739c25df56;;;;;;
016bb790fd863a6c5c32734e4df0cb40;;;;;;
13bc022a6489c02fa2b886b9f26f246d;;;;;;
05f6a461f44eddb7d58b7ba8e88641a1;;;;;;
c80f760c0cb20aa84d2323196e8e2e31;;;;;;
6741d47aa4e239f8a30291335a1719d7;;;;;;
8b61f041ebd8b4e2df5fb66fe8095ea4;;;;;;
6c895a723722ce1f2c78cc017abe52b0;;;;;;
c86a674fc8c914db1518ffd17e3cc745;;;;;;
59e10128af3d064441c78421c0354f56;;;;;;
bfd2130c592b445b77512285381610dc;;;;;;
067225c354f394587f3019f8a33ac882;;;;;;
ffeb9f3f6fc83c87b4b855df234f89e3;;;;;;
7def8094527b73b8a285f3c877f0ee4e;;;;;;
c2bc10062152bdc71aeb96ed20c5719d;;;;;;
5e76aeef03b8a15f34e5203c3dfe043a;;;;;;
ba8f8b0ca5f0ba1a964873de433689e4;;;;;;
02d3297355dde3903b76658bbf08a920;;;;;;
9b92746644fa8b047715d1ac63688d4a;;;;;;
97639f7ca39a9793b680d718b49a97fe;;;;;;
21e63c6080ae9d3012c7b125f92025bd;;;;;;
8cc5a7e45d9131919e47c87144f4e01a;;;;;;
c0960a19bd1a24d1e865b37166eb1d71;;;;;;
904c8c07b48e703804c290b57197e088;;;;;;
fac390e26132ec1b28e1d2d383a2f17b;;;;;;
2ac6a9d0a74d0cb1d825350b146739b7;;;;;;
05822e9c5f418157816eb4f35296d2bb;;;;;;
fd8f204b44d8fc257da421c090b9e99c;;;;;;
198e1bbe652f3399c134bf5c69583685;;;;;;
205385b516f27c9aecb7c1d1c9b7d2ed;;;;;;
2c596180ae3d9ac62237544366c3881f;;;;;;
dae75c136090b4dfa0fd4d6f8c607342;;;;;;
b23121c579c517f69c84e062ff2af29f;;;;;;
01699fae907a404b3bafa454e0852bb8;;;;;;
844c89a2e5fd26dc45a3ed59f3c04273;;;;;;
5f7bafbea620b3adfa8bb49c2e3ac641;;;;;;
870b0a26454e0110a043690408a693e6;;;;;;
25c0295d0b75330e98752681439ec17b;;;;;;
98dcc403754eb2c2342475b7b682f5e8;;;;;;
25ca71c9ad2b2716f07a3fb7eed47307;;;;;;
bb087c5a7d0de9c98c5e1a077ea027f8;;;;;;
c404c97f362443c766b5e4a00691b5a7;;;;;;
c631df41358b6196d9a09fede4c88192;;;;;;
82618acfd708f821f71fc39b51b1d61d;;;;;;
b230b44c990e006ea19375aa8c4caa53;;;;;;
850490ca04556b2ab959ea0414f5b76d;;;;;;
7b1be8f1f641f99c0bfe6fcb7c6f9813;;;;;;
c80c3be83a333c50997e347a711c7948;;;;;;
e98c920452585800e542a5f6ea01404a;;;;;;
1e2e02956e707f3fe504f524c559ef4d;;;;;;
7ee6928a9f64d601ea17c008db3d13ae;;;;;;
69fc392763f0bc1acd715bc05570ece6;;;;;;
834914043608e17d3ec365b33b0c3eaf;;;;;;
9f7bda41b81db10881c9aa81f898d75e;;;;;;
d1b81f3e8f57bcaceede684a3619c89d;;;;;;
2d6ee3dfd93788f4c6a2c02f3bb279a7;;;;;;
21afe25adb94af4697d545d59155e51e;;;;;;
e2477ee21aad3d0560ad3b893ab7fedd;;;;;;
e6359e65bfc21d6e7ac505efa94a062d;;;;;;
3792c5796eef59ff7c14e775755e017c;;;;;;
541bd4590f1fe3a90221ccb03e74389b;;;;;;
df9a618e8d91b3c68f41eebff4c553e2;;;;;;
042fe852f4c2df8cdfaa8ac98cc613a4;;;;;;
cb26f1450845923684d1714a537457dd;;;;;;
f288e23c2e2f64defbc2c538016558e4;;;;;;
4a32f8a3ed678bd2072033f0952919b7;;;;;;
64c154a5c77bbfe130b804112a9dee83;;;;;;
6437ae7b97ffac3901423a3382636e3d;;;;;;
e6010f7dfd359b63ce3abf25dfa8c8dd;;;;;;
1088e82166777b804695c01137a45920;;;;;;
477e7ed89417c72fac2c980ec5d52d95;;;;;;
c60a0a0072c233dab5cbbeb9fc32f7e9;;;;;;
485c3084c23f3956cc5035f05d62fbb9;;;;;;
729eb9cc717ed389b199ed1724b9f184;;;;;;
e31756f77cd7cc12561f5a5594ee75ea;;;;;;
66ea453510b6c36fbd1a6df9b50c3e9e;;;;;;
92932a1d5197f2af9d7f8277440c9f93;;;;;;
7144e5367de596319d013fccbf6d5193;;;;;;
a3120e7a6b125ea2e5e5352fc97e8f02;;;;;;
0aa56b1c7f82e95785f20722343605fa;;;;;;
bec699e94b65226c49bf0a8fbf01945c;;;;;;
9d248e2d7f33566df29abf13e48244af;;;;;;
75bb35dfcdc30b821a83c2277a22307b;;;;;;
f40a46e0a002ef5effbec3a5883a80a9;;;;;;
4ace56e408d476d1c08bf0a2d9b287c7;;;;;;
0f6c894def5d7c145643d892f0008af6;;;;;;
dd8412e8cb0567890de681fc26651661;;;;;;
0ca9fb742334b956f16936ec5962b13c;;;;;;
7ae63b7dc19f13f6b85a72e1f741f835;;;;;;
33edf666b7509e9948376b3bf8957330;;;;;;
bb343c382fed239a350fa8015638836f;;;;;;
37ca244fc3728c6be3693ecdeba56326;;;;;;
d0868833d54a9c5e3f2c57c4d3e28a04;;;;;;
7c3a2cbfd0a56c4acaf2cd25f8a1d414;;;;;;
6b7f6ba6160940a125ad85df56e2d6eb;;;;;;
5085616f2ab8c18aa42ac620b614c94d;;;;;;
97b864033e2e4fadca201c481a698423;;;;;;
b018ba1cbf6fb3c9abb6d39e9ad2b361;;;;;;
fe415e8439453293a15703c6a8e417e9;;;;;;
2f56d6a18b3a110e5c859fbd11424395;;;;;;
e826a134c7a67fc425df952dd6a1d1f3;;;;;;
b349e89d525030c77744ed548ea557cc;;;;;;
bff9582b529966e13a9cebcf94803733;;;;;;
9375b72263765b7ec97f50e9efefe9fb;;;;;;
c01446f7627d2a88100ee60d3d41b81b;;;;;;
abc50575a0672d6bb4a44d2c1053faab;;;;;;
5b0643e38a2f7307f0772732397ed5ca;;;;;;
ce07bae9078ada26176301e00030aa4e;;;;;;
b23e482b6ee81112675869155b49c33e;;;;;;
86e79cdeba9a43bc74b5eb19a6ab6726;;;;;;
b6c48e90261306c7541f8899d3ab354d;;;;;;
0f6387855d522676e92bc9efa44cc8ff;;;;;;
3026ea5775c2c680fd2e216d81238fd6;;;;;;
6fb4e201e77135c9d0ac0674d7d3ca34;;;;;;
870980195fa96520e50c2a2aa0ac04dd;;;;;;
e53a5f1779dbb8909c02d0cf6e366094;;;;;;
6909dc8b9ba1f52c9ef86a85a2081490;;;;;;
e7ad5c637240613d3c91e24dd1c5ed59;;;;;;
f518eb5efbd40fd299e54a07c122a813;;;;;;
24a480669cf9462097154031c6ee0030;;;;;;
67376a0ee7841c6b1c9a86c4fc5bc68b;;;;;;
ff4dad3da9003c49224b904e2dc76a41;;;;;;
717249172cde0b1395ce5386b641d0e3;;;;;;
361c95beba8774f0a28a62a031b77aae;;;;;;
d87aab576d58d16272dfeaacbce30ad9;;;;;;
6456b31088c72bda127f4591a3b8b751;;;;;;
b90c8f5e985563e703dc786a0c9f88df;;;;;;
508428b5049ce80d49885cf102734508;;;;;;
dde0ea53c9057ef273bc0f775ef61366;;;;;;
885d3c862c00cca44ebd70b1f4e09b2f;;;;;;
514e0efa1f7033161a8697e24cb3da4c;;;;;;
e91b263e0acc0c527ccc00ada512574c;;;;;;
63cfcb98b21a1ca8ded3224c0d0c6c89;;;;;;
ceae32df730fd0bf3c1183ac9e9dddce;;;;;;
90f1f6b1218daadea786590c0c09d8f4;;;;;;
ed0cc9896719076c8ee797bc747f6e77;;;;;;
dc5e7e7425de4933b17b8f5e7897fe85;;;;;;
79a248d9f35f50aef9eb18023324bd22;;;;;;
0a28f564ff414ac90c0f08721a3ae805;;;;;;
c5db7f67788664b36fd6f67fa68b1232;;;;;;
b98f02fcdcafae39a0def8300b76cb9c;;;;;;
022d2e0c9f991b48d70ed45b92ac7741;;;;;;
752ea6cb1743f551cca2466b1894dddc;;;;;;
c46deeb381e63497d818b217ce5372c5;;;;;;
37d2c97f845b57c4809721d5c78b3d3f;;;;;;
4c7ad03c60bc7ccb7919f90a315e4ada;;;;;;
75a21fba8026ebb39c1cbed14be37c62;;;;;;
4e470b9d2860248d56ffbc5484b31cab;;;;;;
5eab39d50d244c40f8e85dcfdd3cc7d2;;;;;;
c95d26a2c5dbd1d67da52691bd37c2ef;;;;;;
333dc8cf328f35a109b7e146b20d97fe;;;;;;
ccdeee32cab0ebaa157c9090a61f508a;;;;;;
30c038de16e75119df6f1d844fe9cc57;;;;;;
12c6de47dd5ce3ecad1d7535aa0b32fe;;;;;;
b65b0cef24e8568efb43067bba7e92d4;;;;;;
5c6f0360a40065c5ebd08f85ba642c8a;;;;;;
517b8394f2f5be13526213ce8dcbe36d;;;;;;
b435576f9668c3576bf90d4a8e6a0ae2;;;;;;
afebe0c3b9f21383b61a314be0d49b9c;;;;;;
5e2be320d7b81477aeb6a8968de358f6;;;;;;
622b7707e29a384b9ee71bd331a760ee;;;;;;
b8a1f263072e6eb8e486662c6f86c44e;;;;;;
8591282965314f73424467266d4c732b;;;;;;
629b3e5be5dae6178a1f49aacab36bd5;;;;;;
2e115279cd064d7f4553dc92b40c0407;;;;;;
1c485c8d6da0868002fda776f4b407f0;;;;;;
aac927eaebb4f5f5069f5a98e4e455b0;;;;;;
d26d8774b031ea1c2d0cddc3c44d9bf0;;;;;;
bf7d14ae9de147fdb7ef0bfa51200f82;;;;;;
b952bff14a34c92ceff71d20b64165d0;;;;;;
2acd736c1466f2dca8e96aef50acb48a;;;;;;
6a84b1bea5d7ba25ac6d857b346e0c14;;;;;;
c5537568bcfefafea7609d2f32f27f1a;;;;;;
8d2e846dad7b722b150d4f8d000fa88d;;;;;;
cab8415e2d792166083a0dd542369782;;;;;;
1150ccd57c545cd47d81a3020e00f50c;;;;;;
276309c4f635bc46b79172fc5a28e220;;;;;;
2222d0acd1b4c1027d3ec558e41ccc73;;;;;;
b7a6d406931574d85cff8450e47ba240;;;;;;
09165a54e68d1db99ae57ebdc2798405;;;;;;
2a7ec554c6699a7bd8b6a53ae55b0766;;;;;;
870ff1359a47cf9fd379a4bf1a2fd8be;;;;;;
741017e80b23f8c64376f7191a6b7e8e;;;;;;
a6feab32ffff66fe85f41ea5382f51da;;;;;;
7b897cfcd059fa80dc62e372339d358c;;;;;;
5c09a0590b8b6b74bf13e8b6c6c28aa5;;;;;;
c554a2ae92e3873abe697a8df5414450;;;;;;
4920e03629d314d13c92130e5cdb70d6;;;;;;
e0884b9a2bd63806a71498ac0fb33ca1;;;;;;
a699f5c537d13b3921e97c2462c08898;;;;;;
5ec2255da9c03481e628a784800a64ba;;;;;;
05f345b421cd207f551c6f746f8812ad;;;;;;
15b0e57640f58de50258f3657f29db47;;;;;;
9908ec38e0f0088ddd5be542d367ae82;;;;;;
04353069a7a7789a6a47e93f2837339f;;;;;;
0ec9eed4c32680b21e15a8174cfd7cfb;;;;;;
78cf9fd9467c562d0ddea15d0fb3744b;;;;;;
e1e81dbea15a34280ce3253670c34d76;;;;;;
de2983cc638beff41cdb14a09724a59f;;;;;;
473ce00892a9009ef53f2f14af06c533;;;;;;
b2fbbd7fcad11741c4b6a4f0cf36041c;;;;;;
58135bab4061cfa843519b8db5d345fe;;;;;;
9e255ce7106b441316c383869ec5af8f;;;;;;
b24bd3d28d23a5b4d772484999313ab5;;;;;;
0b5d12ce9149b433145d46238c3b77df;;;;;;
8efdd38222da1c134ddcf6ea1481c2b7;;;;;;
8f115b059472de33218ee8f7edd716f0;;;;;;
bf37831bde7eee77f93d6640e0e5d33f;;;;;;
af8f258b8daf081ae1cc507b54a238c4;;;;;;
9260566e527be37ecf569cf4abd76481;;;;;;
78c0f9907210250fc80f279d33e6c399;;;;;;
087bc9cefd4443fd773cede21f85afba;;;;;;
f1eedd3206fe08d8e7f98d447677ef3e;;;;;;
4a7daa016ed18351f83fb05cbb08cb2d;;;;;;
bb30d5d62b176f2606dd88784499eed3;;;;;;
7126090431c783ad029935fd8522f236;;;;;;
f80114837829a9b097c5fe34bb95bb87;;;;;;
62a1c2d872682d70439a7080a40bd277;;;;;;
7b0316f9f552cb7436f1d12820368d87;;;;;;
4fa6f84e82a71109f5f7b669302ed704;;;;;;
176c9ff6e12c75ba16c8bb8de4d0f737;;;;;;
2aae84cc1602f8dc3b2f6821f45953b9;;;;;;
32e6bd36ae8ca6b8f44d61ebe38116a9;;;;;;
96a8e20cd02bc99354ee5d5ba747807c;;;;;;
0b0c9f1185c0a93a83d862a0a6cdf07d;;;;;;
ae1500473b8c0dd430ce2f46487ccb2a;;;;;;
d5b43eb69e8aedf3b98ce6ef9214333b;;;;;;
ed4ba923cab3af081646d1284854b023;;;;;;
75c8580cb861d3d12d318039e96adce7;;;;;;
4a274906e31337094bab1eacf8b69822;;;;;;
6438ce036fb23639c714931129913e99;;;;;;
1e8567839719411cf3dba18b46abf365;;;;;;
b5d0a6366b7b8c7a79ca584b8c48f779;;;;;;
b433eda4bc67af9c0930554dbcecef4f;;;;;;
057c12ad41ab2d4d97dc8e31f2898b77;;;;;;
c68b322c0da50725d01532a8d61cbb6f;;;;;;
cfc1014656f0859d9b3eb04a39a438da;;;;;;
f9a2eb7138790f19a3b1d65a4769dc31;;;;;;
f5af05687d3ab2e7a3ed1f6140a2f630;;;;;;
26a23f76ffee7a85f19854d5c74a7def;;;;;;
67baffd6775d5abe55c5a7b56678a507;;;;;;
9e356e42b455ef7ef7677f301ccb51d8;;;;;;
cb8bbf5f0216246b52e3d0d04c52bff1;;;;;;
fed817686d78f7335f0d9256e55613d2;;;;;;
090d4017c8b1a306a935d588e77f615c;;;;;;
e95eab14d07649117448a46eb1c48e41;;;;;;
1999f00c23b1b0e1b4596a37032e26d6;;;;;;
022fd93870bb4c845c86508905ce304c;;;;;;
b3d8e6d3d791177481be5a619b12e574;;;;;;
c62c6342fc74169288098ec1cac8278a;;;;;;
907c665bce0a7a89c1836f230f975189;;;;;;
07595dcbbb8f68d9119410ce1ca9c196;;;;;;
cd82d6352b4823ba534f6f82a3d2774b;;;;;;
36baf8843dfe7e9251e0cf74b4fd2bd4;;;;;;
9ec62bf1d71676bf0bf3c23d685aa58b;;;;;;
e1e53446ebe555507f7db46bfe1030c4;;;;;;
d93c5a38047acb471592fc50e3607313;;;;;;
0298896cf4fb0cbb30a0d5a44b494ab6;;;;;;
96db3d601622fe6d70fe91a974bc0070;;;;;;
7795370cd8b3a94f181f8da51b4a1717;;;;;;
c31737aa5a120a98d04311f53b2e3eb6;;;;;;
01676269b5df2e09a37ac4017d68314b;;;;;;
f7f2f5be9d9b024af191a659531dc21b;;;;;;
3945106122788b5c5c2b0df4b6c8e7e1;;;;;;
2264ce772afac29741fd6c351ee48b52;;;;;;
81557d8a92307c5b36bdc97f72b63680;;;;;;
93810c19682f87784ec64efe71dc4fc6;;;;;;
89a32f38423bbc92cfbae3c53b58823c;;;;;;
ad73708fef7be20773ed658afd1db066;;;;;;
970c678e94a338ea7b3034fcb4d577eb;;;;;;
b93ef1f6bff1cd91a850c8da1054ce68;;;;;;
8c8f251b77978cff8c0a9f2687e2e855;;;;;;
d511601191b3779d79edea9c54a32f93;;;;;;
fd2036ef748dbd3e23b32ab8e9c56f62;;;;;;
d4ebac8ca8ac9af0213e65475324a6bc;;;;;;
0c701746a634550e26cf3476ab321987;;;;;;
9735e11bcb651ca46f670e3f49db03e0;;;;;;
9a81077c863561a488734781bf59c6e0;;;;;;
b1cec9b2687541b25ba05b34e8e3c44d;;;;;;
69ed9a231ab782b6e863110ac0d74927;;;;;;
b3e4046ee2a3bfbb90a297052a95da79;;;;;;
756361209289665f331973524792a73a;;;;;;
bf1c652d053c4351f81d24735e937c6b;;;;;;
e1bf0c45e8141151b94858cad96c308b;;;;;;
adb83feb77d529496d348ad5ec07032e;;;;;;
f4a13c8d6e9533860b8e007fd6bf7acc;;;;;;
8d4e4df62d0cac8e05b0d681e5cb4ffb;;;;;;
598a5b301accca918b69dc0e2d42c6da;;;;;;
e62f029b20e934ab4319523206a358f1;;;;;;
d4077027d4ede960d6737fd9487ef92d;;;;;;
438c76913348514d4c3caeae34d00253;;;;;;
a278621465ad5e58fbe665f8350a9950;;;;;;
12aa641dbb36fa3832f06a2e3beb02a6;;;;;;
b3c465889b8c94e9f6d466e4bb178913;;;;;;
21cdc5bb61fdcb37c6526d5ce301bc1c;;;;;;
2eea9ca6e5f00d2642946b1f70e72680;;;;;;
6641bd23b6bd9d3675ca504c599e0ee9;;;;;;
3d25dacf42156af21e014301825dc8ca;;;;;;
cc192c65b126dacddd8c7c4af3c67433;;;;;;
c33a1ae98fcc3b72887bf15fd76b558d;;;;;;
203449a72f56eac13e3acae9fd58837b;;;;;;
1ebbd965274762fea36e44fd658d242a;;;;;;
aa3223cd0519f68cbe8d86f25fa8b6a9;;;;;;
ade33bde4599d4141e8fbab14d5b24b8;;;;;;
549ee5dcdd7bd3b81b2745ce0396a2e5;;;;;;
3aea0c3ff957136be09a0dc958316f8b;;;;;;
536063014588d6f79c768c9bc291ff64;;;;;;
1fe128fab0bce3e909d0586c54bfc349;;;;;;
4a07c3fb261d9771efa2abadabaf144b;;;;;;
07baa2b8f625eb65756b80865a3ac8f4;;;;;;
c4df0a17d542d5bf0c47fccb39be91f7;;;;;;
eb8aecda0f4e8a0731471e827134952c;;;;;;
daa147f409c00a572fd6d80aee560373;;;;;;
afe26ed848e64da9356f948e64d2829c;;;;;;
a2341750e6a54f0037ca25b738d783d5;;;;;;
75eff2ca3200d5efe558aa53bc100a8e;;;;;;
12fdaf7d15c9dd58805d6029cbc06fcf;;;;;;
0c64f77ba0476146268253dd22cd1959;;;;;;
b59169ed3100cd29a5f82d3d14385682;;;;;;
2701f6a102a864b7f2158ab80079a9ae;;;;;;
d324f42825d288445bd139ea2f1829ae;;;;;;
a9f487c4054b515012f0af94c357a1dc;;;;;;
1b7fe17833b988492898abfb1b177d8d;;;;;;
0185da5e2371e5c5f640d4acf4d2ca24;;;;;;
8ef638d3326b5e8b5943bf398f77d199;;;;;;
24d04eb893c47a4927e6468fad50a851;;;;;;
c49e8539b7c1e3b27e424550c291995e;;;;;;
ebed27d219364676ec5a92b490ee6ae1;;;;;;
15da289983fbfd4f8b257029e34d6df0;;;;;;
59f1d3f522877505a4acbba0287ba5a2;;;;;;
137e55b74316b6258f36f104521e68ed;;;;;;
510d6597a8cbbf721ffc51adf6bbcec1;;;;;;
07b9f71fe5fcb1bc04bc3186a35436a4;;;;;;
5596d22e9437a08ff0e51a1679acf1f9;;;;;;
022ab4790dfc74fb0c2dd45ddb30fbb1;;;;;;
1bd1de2abf041515d39771d7f2720523;;;;;;
c439e37587e2a0a3fdda4cb709d7647a;;;;;;
37d5601ce29c1397e77c29e69ae1a964;;;;;;
fe2d22efcfc3aa7455c95e55b59cd123;;;;;;
0fd0e143ef99c60d0b6fdc5c0065abb9;;;;;;
307122876416b7fec6f1a05d7afdf438;;;;;;
edcbaa855f8b33ffa85162a0a9f41a08;;;;;;
8252ec2b5ca1f9891a1c660b7e455a8c;;;;;;
b7fffff63e3bf4e74737655f03f79b0a;;;;;;
e024c532890015d61e3dfae45a0c1908;;;;;;
df725f252df32f57cd7b82486e7e0373;;;;;;
9ef11c6b021435b2b3628f6d858f8967;;;;;;
82451887db0f0562a60f86ce8cdbee36;;;;;;
f7c99faf904ca14094b5dfd37284b13d;;;;;;
9eb180125697bc4d6a57970fd0e91593;;;;;;
4fbf3d78b3af47c976445141521a582d;;;;;;
0929ffe607380349e753457af9e6eae2;;;;;;
d2c1ecb3de70322c869cb33301bb9e7e;;;;;;
afbc7ef37851a3a6bbffa72e45d04371;;;;;;
82e4ed9f690f6063b951d980f9939681;;;;;;
32e6a9bb2f530f36bd46bf6fb0fc204f;;;;;;
67005c2fc7aa43148f6c808cade8742e;;;;;;
2ed993807b702e676b16c213e4375ee0;;;;;;
e607ad8ad8ceafc714cff240db0d9082;;;;;;
310758e02109e7f4553f5cd2c70020d6;;;;;;
ac59c610430129bc7b170ebbd7275771;;;;;;
9bad77531a060bfcdca182d551a9a598;;;;;;
d60f340bc284330606dcaa95a95fc5bd;;;;;;
e096361dafcff43d398fec4c95c5795d;;;;;;
854efba38536aae5a7200cc5122f2065;;;;;;
85c2b9b0e33683d95a9ed1890bab9a19;;;;;;
b54921e161f04b7629e23fe0a94bbc5f;;;;;;
6364a572792d85c97863b4a6ca19f6f5;;;;;;
3820c1e8165cc2f97ad283b66ae70342;;;;;;
6dda854a32ea0a0831b000e69657559f;;;;;;
e8d6ac34be73c7a13ffded4ff3830fb5;;;;;;
caa4592e50a705c02eb710d7b6ce4a01;;;;;;
7f806c50c362f1888143da07bba1b28d;;;;;;
64cef287bd5cb5a9e366f08c95fe7097;;;;;;
1bf924f5ffe7f87ab7a08d28bb1344e8;;;;;;
dcd699fbcd8ed7e2522e8cfd6b033aec;;;;;;
37b90833d3d22cfe59df196e0d4a27b3;;;;;;
4911252290bf97a3d8b58afc8f48843f;;;;;;
5a3e300903d408a37db88626de295002;;;;;;
8d7753d60c09163ae06075eeb1e042f3;;;;;;
f29ce392d6ab2540fd32433be475809d;;;;;;
35d08cae2a0bcf2d3bb9a37639a7119b;;;;;;
bc4bfb95a0ec39e08d0750f8ad8d29f1;;;;;;
cea6c31f0bdae5aba19936967a545e2c;;;;;;
a6dc1fdcdf3f57190431590409740507;;;;;;
b33e938db02886de20201cf82ef59d5e;;;;;;
bc505311e457f48d57b021a583f440d4;;;;;;
25187cf1dc97d707f479f6c5ecfac96c;;;;;;
ec8728c5afdfcc5742fb6c714d6fd403;;;;;;
3db1a0d39f358fac3a2c90329eb777ca;;;;;;
9cd73305b636fdd1d4580b8f229bbb2f;;;;;;
11e1092bc3f2f2ef7edd00fba0c5b589;;;;;;
286402183b113ef7f698e86e7336b1e7;;;;;;
016946037b933ebe6a8730fbe3e7c90c;;;;;;
29931a580c72e27509d739a72df7baf7;;;;;;
4501fb2dbc52f31ef3b205eec63868c4;;;;;;
51c059fd806249c6a8409d5538cb82ec;;;;;;
997d08834cc3d05bbb38c5a9ef7702d1;;;;;;
73b3a450260ed4f0ea313ac87fce8af0;;;;;;
dec3bd4bef2e842c09f1961cd6a9fd03;;;;;;
06325dc5ad5ea73815352eee24595ade;;;;;;
026876f8bcc3378f5bffdae9e7e952c6;;;;;;
4515fec8b76d3e34bdacfa88c053a063;;;;;;
7a08f0205cae0c5f9e7da15e57ba72a7;;;;;;
d616901bba0e3ac2925399f93ef11fe0;;;;;;
988a7c7627d0e7567295cbb0e5de212c;;;;;;
fc189bfea211b0878dc5aedf72266e66;;;;;;
153647db5dd8871508b4897494f0a514;;;;;;
9ce485edd8959f8dbda89c120c9f70ea;;;;;;
f4339da1bddc5b5efa85b323ce697368;;;;;;
eb3f093bb3d5f1ede363ac14e28ddf1a;;;;;;
7fd47ea140809f74671db9a47e99815a;;;;;;
3f251800a0b75b3d95e61baac00e41e9;;;;;;
bab27a598a9773cd71132da4bb71425d;;;;;;
41db6a3544aa432058b92129a6695f65;;;;;;
fbeb7e7ea99d3c4e078275809ffb002a;;;;;;
7c1066bad2f32105c27af4310552d8bf;;;;;;
a01f3b335713d88abf34b4e5a8a16f9e;;;;;;
25b1be2635104f14bf17aa6529b3b068;;;;;;
b288516e5c38a8fd41b35fd4400d085a;;;;;;
19a60d07f880c01d0df75f8e89560bdd;;;;;;
ef35d84f196fb56dd9ac7bfbcb2c5698;;;;;;
6e998ed73c20be5fb04a2323686bf5c4;;;;;;
cb1553b632eca128189c826fa4c27505;;;;;;
45ae9998a99cbf0c93011f6bddff4586;;;;;;
06c4910da5a11a46eafda10ef4ebcf2d;;;;;;
a6d2641ed2f5cb89c93906dcbdf90134;;;;;;
a087ba01f5e3cb159ba0075852391912;;;;;;
484df0cdc16b9496bfb2f61789a68779;;;;;;
766b64984ff35272a83370d11ea78353;;;;;;
966e5ee6f0f7036f693155de1c3de43a;;;;;;
c0bff36565e96e74748a46147e66c7bc;;;;;;
c5fe304b3336248baed36e513663bcb7;;;;;;
73a7015a858571bad37daf364cb7b72a;;;;;;
50552bfc84cdb21cf409675fb5825a4f;;;;;;
6f5cf9249130ba7af751ffa83d532d9c;;;;;;
6fcb68f0479f95dfead797018bf3d056;;;;;;
16a233d1c5f3e76c9eb4cd63dd0c19dc;;;;;;
1da16ddea23a9eadf50a3375eb12ce11;;;;;;
43c6483b304b0fd2e69adb3b70a7988d;;;;;;
189794e080475be316e86d57b71b7776;;;;;;
3cfe6f480440cf4cae0027c23e364426;;;;;;
770d78ffc044816799bef72fb7914a8c;;;;;;
93b2173b0d3fdbd6465703f1fae97214;;;;;;
d2ecee912097fd622b574ff734d0172e;;;;;;
20f1ed2d1b42260acd3316e918ede349;;;;;;
304c39673d12e7d91dd2c38c9e13c9e0;;;;;;
1b1c4777d73835456761b2091aa863e1;;;;;;
38e1e5f6680ba83e871ece76a6c7b3a3;;;;;;
cc04282e83eacda42b3113a5dee374eb;;;;;;
d363b1357baf4e67a55a90fef7d04eb9;;;;;;
42495561e9534ff6f2cd73cd7666d804;;;;;;
162926f9383962cb7204548f3fae1cf5;;;;;;
30d8f52b8c3356488c5d0533262d7b51;;;;;;
5e7c290e81922419ad4c31c4de171d18;;;;;;
adef7dd3a6a4bb2a5718c95b65b71759;;;;;;
331c88e4553f68a4a75f2cc941c51777;;;;;;
31da2a0790ccdf1f445b26eede866bf5;;;;;;
06df266809972dc8de2183ebdc207ba8;;;;;;
76cab186ef13cf080743751b371059d8;;;;;;
174fbc3a383045247bec516b35477fcc;;;;;;
525fa77645ce5b2774a76ab51bbb20a1;;;;;;
f7cd1e0dca01b82db4ca0338082b275d;;;;;;
4b6c0504727c0680ba8484f287643b4c;;;;;;
44c0481ad10a6e4c6587db221a614a99;;;;;;
493310c6ca1eb613edb9b56caff13e2f;;;;;;
606d6c50144aa2a85c9674e8444dfea1;;;;;;
972e04a687891d96e6b2845f23e3d894;;;;;;
0c73ee56887e381ea3988f26a4466577;;;;;;
ec5333357d03f6b4f9fd4b09a21a0b14;;;;;;
039bd7fca2d530757a21996068dd0ae8;;;;;;
95a494ce0e8a81972e97431f7ada16fb;;;;;;
af2ce7a277455cd8cd52dc57c3c5fdc7;;;;;;
af86cb917d7609d13cbd6dd983cb2411;;;;;;
44cef95c98b1334ce8e81e120a3eb30a;;;;;;
cf26eb0e895601a148225770c6a91294;;;;;;
af4b43e59798e49c509d4997ec08bb58;;;;;;
42e8dd7686cf316a10a0bb633bb5ebad;;;;;;
a9d22e9805748872e9c9326afe40a7d3;;;;;;
709afd278b8faee9e241e14295e04e64;;;;;;
99b18de8541e5496890243e80a1c9754;;;;;;
c5847ad56ec64b74b563ee998de41abd;;;;;;
c2fc50d952496697eb41ed3020fcc517;;;;;;
6943a3de6e8e952349fc02b3e8333cca;;;;;;
e442205f9caf4de23163c892427d0ff1;;;;;;
d59a300151c44a7ef1cc6f71af159b44;;;;;;
679fe8e764a72f3bc10d5eb1a4714363;;;;;;
faee49bb1a93814ceaa838e5235c2414;;;;;;
0cd96b329b6b0b4d758abaacc672be5c;;;;;;
406f4f197cac7022d57440e3eef5373b;;;;;;
d6433050b85199b4e5dee16eaf77e40e;;;;;;
2d1a6e06b89c6e0743d4c4601c583267;;;;;;
9bf26455fd53e5a4af8cae572826fc7c;;;;;;
186259f966caa8e0defae1f1a8f0f6f9;;;;;;
6278d5a9305da0ead6c288f7ddf739c2;;;;;;
8f3d0f50855a037e9336aed4b0cd891a;;;;;;
f857bb7d0b0538eb00413129b9328ac7;;;;;;
57cb080f3f8558688961cecf391e4cea;;;;;;
18110927aec6a292007b1c3a56f81314;;;;;;
c7128d6829b51026fff3aeb97cd3cd15;;;;;;
813f739e68b739767f75c26d40963e77;;;;;;
a790573248540081cc2d8276bf745b08;;;;;;
cfcc03d931eee3f9f6d02493c6f6ca75;;;;;;
eae0a59751982ed1874ccfd5ba7d5379;;;;;;
9fd5e5a4a3c932cdb3ca35bc2fab4517;;;;;;
92fcbfa5de15c6d61b84df74e36927d3;;;;;;
432e7265f53fbe3f01c8ca69cf506429;;;;;;
5be51ef6b1044aa7be1c10412019c355;;;;;;
409f70151a082204341c26df26ef260d;;;;;;
1e6dc816af8071e66a9e563c9a2218cd;;;;;;
a634c6eb5d186f8b63de2183ffef692f;;;;;;
c8bf8fb1234e5b5dd0458b725965a1cf;;;;;;
8aa3784e3152d4dd34191f9e8fe4a87a;;;;;;
10be67476aaacd5db8bd324d78490295;;;;;;
7b4cbb32fb11b9c61bab65c2d260fd43;;;;;;
385220c1ac3134a13d208fdc2302f631;;;;;;
40d9e5664df8f76fe5f8a941ed01f8d6;;;;;;
c787aba948e9da62d6cfa2a3723577f7;;;;;;
ff2f46e33c2a0434395af676a75686ba;;;;;;
831ac3a43537876c6887b63a1fdd1e9c;;;;;;
e24d601d8b7530b2135f29716a3a8ea7;;;;;;
00db38a12668dfc2f538074729e6f819;;;;;;
76240ba391d42e57c852be72aecd85b2;;;;;;
4cb14f9dee13c2012ee93fd904914110;;;;;;
dbd3f698a267f36cdfe0cc18c2262e23;;;;;;
a4da64dfdb270f5a0fbce573553f9af0;;;;;;
ce96ea25a9830aef35d54c38166f201e;;;;;;
e4f022eb4cc40bff478758437ea6d24b;;;;;;
44c7d59215bc989284c029c9857923f5;;;;;;
7df9ffbd907e8bde969dbc10cf6fdd77;;;;;;
a9596c25387defe281241e6210d113dd;;;;;;
0a8af5dc860b2bb83aa4cb515d6a6968;;;;;;
86f7e0714785424849c9b0b4536bbe9b;;;;;;
16ffeb50a956f054a911d726c351c988;;;;;;
1b2ee5c35c42302ebb7d336998024af2;;;;;;
90f727f6d49c2035f7d7d0392ecf92c8;;;;;;
ac793bc47f69038e2086c771ed9a1cf4;;;;;;
a1deee4063fcf3186ca2bcd658a38b9f;;;;;;
3d80adac6100a40063a4888a0cd5b5de;;;;;;
67f8548a506018947a403473cc3a3df3;;;;;;
8e9c6e1c50cd9c823f12f37887e15d97;;;;;;
3e55e7cffdcdc2b4f91771267a383809;;;;;;
3901eb16e5481d19ea6977d6477bf373;;;;;;
55bb2d33abae6c471bcdd6acb5edb94f;;;;;;
645f22e05dfcee7ca77f1c162d1dee03;;;;;;
5ad7fea22a7f9b14ad59afe0c416b51a;;;;;;
ef437a9e781c7acb0cc3fad0d1057e65;;;;;;
4976a8b14e74ba41941608807ad044f8;;;;;;
7000621d06e60d4eb470d926cfef5ebd;;;;;;
7d0fb73a0fe98f4687ae0e47cdc79a27;;;;;;
4c27ec7c47b4cb900b76b34df8adccab;;;;;;
3e943b6f80e4b9585b918cc01e7ad2fa;;;;;;
d738d186ec060e4d9bb50cfb4f406477;;;;;;
d33d135798ab2e39152fd98157813764;;;;;;
26f081593090ec458b3c017ac2b20b32;;;;;;
769d62f323740df8ae87c4ef337ac6b1;;;;;;
6fc14f17491a38e239a3dcfbe34318ea;;;;;;
c4683de0ac7862b668db8006fadafcc3;;;;;;
b62064fca35cb75e465dba5e1f13a9ef;;;;;;
39302b7777eb50e48fe266638b11ea84;;;;;;
e3f864982151430df1240805c98a2563;;;;;;
750b1c42134c92729e5f18bda28d0fc6;;;;;;
748b68dc62aef5eff89998b8cc6ffff4;;;;;;
c08f438153428cb8ec592d930155431d;;;;;;
728b8846ffa7f68468926618cacd78ea;;;;;;
4dde1235aa45066eba7a1e083f47364a;;;;;;
77c96856cad0e2530bcb80eef5e90210;;;;;;
1805b1a30431f8dfa74147213a1b45a9;;;;;;
60f0729e9c6f86c951a3fd390fa47035;;;;;;
b73c26c02054d87e73c92152c0e28e94;;;;;;
28cb2086444fe114fa7e7b2ed2ee0b4d;;;;;;
0c44ba41fb41614edc73f458738c42eb;;;;;;
968b56fcb1144e7ee3f3d87cd322b470;;;;;;
170f95e74071efcb8ce55e790d39a330;;;;;;
b0e3bbf769b030ac3da6ab75667be74e;;;;;;
f993b2fe78ace00a02d22b66f9330bdb;;;;;;
a3981dc88de69e2cd7f785595b8efc66;;;;;;
500063aef83a85c90c5528fd9966d999;;;;;;
4d72c2cee7dd827545ca69a6dabf61c6;;;;;;
b94a5b9c895aec7a774ded4b2bed9371;;;;;;
634f6cf25402b4879068ddec1a30c5b3;;;;;;
e48e31671172ba3f1e39894a969ce14d;;;;;;
8604b15ea353660cf7a2b7153642aaf2;;;;;;
58d640a87bf9841ac547eb1a704ec975;;;;;;
8e7bf7d6b3a04d8abe7d9f653044f96f;;;;;;
4bff04b38abe31a9c6fcc76ce4f3693b;;;;;;
9b8814580c0d75f3bf78b875a7529352;;;;;;
f929a1f0887981428d03160672f47020;;;;;;
f8d52628003ed52fbbb63de41f61b2b0;;;;;;
f0acebaa2614ad3c2a946f490b58bc36;;;;;;
bd06c40770a110af7f0c47efae6ca7be;;;;;;
eaff682aa0b8653a9c577aea6f9f801a;;;;;;
9a26082a414982d025ead7edaa1a2ce8;;;;;;
7f08c67b5aa13d6e999ec3b831ae671d;;;;;;
f8ac0516b9a32182c218601733e857dc;;;;;;
360d3b5a4a1bc76312ea24d6b8102a62;;;;;;
ad5d67b1e43b79e52c85adbd8cb2683d;;;;;;
b7d62f5b65635f30814e3e678382d05c;;;;;;
2e30931ad455c848531c8abfba27c81d;;;;;;
80753520296d7a60631bd7d02e80a99a;;;;;;
086a3a3aade8d8a43b8ea5df80c60744;;;;;;
68ff58d31361d0c4136277e557f1bb11;;;;;;
fbb2465c00263543c75a55eadf0f5e2d;;;;;;
17bcff1b01bcc14e4e258e13f0bb51d2;;;;;;
4e279206c8e99c4a1df15f09b1b7e261;;;;;;
d6b8a39022c337fd6bf62c7733531504;;;;;;
f8321456817bbc87b339a7728ad749d4;;;;;;
5df3b30940f834906cc45b3a064ef0d4;;;;;;
1c64fa695552f4a116b2851d64c09821;;;;;;
85ed6534f426ba810e0de9775d4d2e04;;;;;;
9fdc1a342af7ed9c950aeec5250b9be0;;;;;;
84209f2eb8b7bcfdd91ad753b34c1b2c;;;;;;
c721265755341606337d3423aa04ebe0;;;;;;
f06533ef860549e5a81f0f36fcbfa7a1;;;;;;
510e0e82fac3ced5cbe069186909ea10;;;;;;
6a601305202f7c6bd97d2e11c6386438;;;;;;
de979e0392d04ede76048916d939014f;;;;;;
4f60be808efb2899f30f9aef2322ea1a;;;;;;
29ed72eb3df6241e7fcc3d38f63a3c47;;;;;;
f7637d78c71de7191ed8ddbe02bb2237;;;;;;
501aa8abd65f67420b243e890c365a75;;;;;;
6981931b22d1ccdab7e86c9182f58903;;;;;;
40d7d4338abe2c2087b2050c58353e00;;;;;;
2a54d4131e9e0de0ee0397abe971c97a;;;;;;
40ab98e651ccf47ab928b067fc49f92a;;;;;;
5b308c24e968a3304a3692841a8d6cc7;;;;;;
291925cecb1119461d203310932efdc8;;;;;;
19b8dec49810adec293a0b6c8646022c;;;;;;
0267f6faf37558e74af1d92922df06ac;;;;;;
0bd3526d61967e15f767d0c546fe017c;;;;;;
6b96a8c80f382e7ddb79617b5a5a69bb;;;;;;
6a71e35cdb94375f0339a97a190f4fed;;;;;;
66dd3caf3adbf8fdaa3624a4bd910484;;;;;;
55ed560df57406bcaf6d3c30f9c74ec5;;;;;;
6a3eb9e230d4416ae713a9648dce1adf;;;;;;
b11cacf2c0a1e395d1cadb2880f9ce5f;;;;;;
b32759ab24b518ab00b9255c2982fc84;;;;;;
d07d21b0effb1a38c2f88594e829d40c;;;;;;
b93735fa85202c3db5ebcbdc87bff4de;;;;;;
822c0265e9665d6993b36fe78cd775f5;;;;;;
9a001bd96e73b3d7e23412b821e4f411;;;;;;
19378a2453acc56353ab5d2754de5d98;;;;;;
73299df4b9803ba31eaf5667e3d87d4c;;;;;;
be58b942d63d1f57ff780408149c02bd;;;;;;
d517a5312d08773f1b3adc2c3ccfc43e;;;;;;
698224fbbc75654ff93897c3af63971f;;;;;;
44a8214c4d30ff08156c2d7da5a5d4f7;;;;;;
e185a463deb331b281b008d62bf8f59b;;;;;;
23444a700a593da4425ec657377aae39;;;;;;
260b7e2d0e5c3848521a7af684e4f308;;;;;;
ceb78c3c54637c702dc963c439bd695e;;;;;;
f4f06f52a21eed8f3cd23c287cac70a6;;;;;;
402aaf29ad2393db92fce0ef3cd30a16;;;;;;
a0572e6fb2d69b72cb3c1a0eb599d7e7;;;;;;
932d935a5bd228252ed436c0ffb7f84b;;;;;;
c18fc6617e779e3e1875b5a85c28b137;;;;;;
88b3a05a1363bcf599ea4f666e645b45;;;;;;
09b3f89672bc0894447da5acff9c5020;;;;;;
329186b2b8c842e90616ca1e3ad95604;;;;;;
bea62f5fff70b06beb6435963243b3be;;;;;;
8def033a2720496c86cf937eadb0279a;;;;;;
cfcb4b2cc7565e47f17d8695314184e3;;;;;;
3dddaf56a57eacfc106572a20daf812e;;;;;;
a175a197b0f7a68313aa0dd98c2bd122;;;;;;
e106f1f7abcf51fa29674940f0ebeddb;;;;;;
e3207d1bebbf5f033cf4cd484dd7a1f3;;;;;;
655801c7e54777acfc0f8e9864f997b5;;;;;;
1f9bf9457c0087166a18228c246101d6;;;;;;
436fdb98955ac103a650dc9e551ffa07;;;;;;
735f92c592b3773bf1598ed1a6ca88c4;;;;;;
d421904ea6dd26014da262d60e1d8eb4;;;;;;
d0155881b2eba7ce272cf8000622ced2;;;;;;
4d2350a694b3f9c50abf11d412d5987c;;;;;;
20631fe8396587c3a393e7fec8b6a360;;;;;;
722ee826f6246057682bc56760afea6b;;;;;;
49d1463fb5ab04afd138cb7323a6f128;;;;;;
8a5b6b35e3948a0315e6d1bd04a96569;;;;;;
bf8f81f2339ef1a67625146d1a83172e;;;;;;
f481dbac21ecc3210b44a03361a99aa3;;;;;;
c7838c3463eea60edf4ba5b9a2417b02;;;;;;
e8dcc1d48c8298e9e33ec5bd214cc31e;;;;;;
9fbf09fa9bfbaca6e43e8522f9abb190;;;;;;
cb86a00b5ab56f7f4654324ce2a3ac17;;;;;;
65dfee4a912b2519d50d0f4b013e77a1;;;;;;
25cd81519f84f69804623ba2854b4b91;;;;;;
d56bf02dd0fe052b9b73e3362099308b;;;;;;
6a3ade27b2ca63e3adb2f044a85eeaf8;;;;;;
93e9e4458a122ab31956ca3c4b9fd708;;;;;;
516e9e030310648d9c3fbcfc1bcdc9c3;;;;;;
ea2e897ea4c8f8afa57e8a4b06535dd7;;;;;;
9838de70b1c703e05b55b077384b8296;;;;;;
aabd606c3b1cb13da46fd7408106ccaf;;;;;;
a19327ea6b041996a81318d96a207170;;;;;;
8d106f32014ddd45bfeb5af7a4d2870c;;;;;;
6b24eea3997ee0ad7723af75a76a3e2c;;;;;;
aa83079f7002703b75595e9509ffa871;;;;;;
3f865a53f7474ec3670bcb5b123ad9d5;;;;;;
2a7b750af634aacdf88b3fd2e06670fd;;;;;;
d90e4f0b31c12cd0a26749a43282b1de;;;;;;
4f3e5b99192b89f59d28e5c967e51e23;;;;;;
6ab6fd1536cf5309a2c791ec49fc33f1;;;;;;
0737999e4eb112b8ef1abc8c22d15083;;;;;;
96dd9c53dcc11b53f558c1d132872d60;;;;;;
d4e8a91865f690d1158225d94339b29e;;;;;;
cb1079cc43f65b2b54faafb66d93432b;;;;;;
7d3c9cbe3bb5d615ad669679321dedfe;;;;;;
e41804cffca21131c9854994dff50c3c;;;;;;
009bbb1d8ca401c58974073579216394;;;;;;
259c82fd424d5ae68fb9b845183494fa;;;;;;
ffddd74508d472579fd4d7cd1570998f;;;;;;
06d3950dbbca1b3a731a24c1e9e91472;;;;;;
57e96b3e0d39b44821172be5be37f95f;;;;;;
34d524d5bf4e202f9eca9f3282d37711;;;;;;
c2aacfcbc2784bce62ee3cf5f9923375;;;;;;
2fd3f295e7f126b3cf0d11e268720f36;;;;;;
828516c83c0472a67c528f2c64ff330b;;;;;;
949ee6a2942c4a532656a369f1edbf7a;;;;;;
6fb9612a782c8f7b523fdfd698adf98d;;;;;;
818a01c48221445fa9dec6ff25e8047b;;;;;;
2a455efbc330510b710164607fe19146;;;;;;
4c3d1100bd2dd79bcd63d8449e6a72fa;;;;;;
76a76ddc7a194d7c28dda85a83cfd8d0;;;;;;
44eccba2d9fe3cd4645bd61426ef1f48;;;;;;
4beda4316314103c4f5642d2177160a9;;;;;;
b9734973282a4c74d94a1c87c513df35;;;;;;
afc0c22af1db9045b89d98dc707ab918;;;;;;
dff3fec9fe22696de7f095c18391b9a4;;;;;;
f140748035162985bb1c7bb30fb07e86;;;;;;
e95ff8cefcacbd840bf56cc53e3a79ce;;;;;;
d5613cee4db98104d8fa721773149bc7;;;;;;
6fc189dee4e80051a08a401373e06b5d;;;;;;
a1a39f4c18b578807829f9a288cedb7c;;;;;;
e4a422796cd2ba88975cd6099a799754;;;;;;
56c7278a64ac924657e755107c6c700a;;;;;;
e2dd15b710b47820b9f82f1650916d9c;;;;;;
c5b0c4e6fc48fe77c72832c32b5341e7;;;;;;
3abf281e6beef67a56411baa7b17516f;;;;;;
3fa963f52f77bdfcefe73c7699ac0ace;;;;;;
18f4374277fc8a11caabd4bd32357f7b;;;;;;
1ac36814e84b94ff952e0ba0c0d0ca9f;;;;;;
67f9883f797f8144244f2b32de8f92f2;;;;;;
fcf345e430fa21bb36ae5deee7fed725;;;;;;
dc6b7e7e63916898a3aff0e2c4083c61;;;;;;
bb104ec90cfdc26ccffbccbbca8d37c4;;;;;;
e834f33e76952cf6c51bccec663e7fd1;;;;;;
4973cb4cffe3f4b4d4a18f00afca46d2;;;;;;
09e282534918b74f9f749355384595f1;;;;;;
ef13e4eeb79f86f0307823ab95b5b7d6;;;;;;
cd94f921ca71e6978ddf1d1b62dd49ee;;;;;;
1008788930cf78faf0cc86f1aa3a572e;;;;;;
e2861376786f80b399d75bb3a47fe13d;;;;;;
95051a207d7a757d1e1aad5794d236ae;;;;;;
f10df2e1e0d8cc7364ca85f47ee917d3;;;;;;
bdb017f407c101b1e76ac649fcc07814;;;;;;
bb434fe05d98f787b1a7c8bf135de3be;;;;;;
68aa035c0504090de2278170b9f2dcdf;;;;;;
df63d6f7b982d68f1a47ff27864eea10;;;;;;
694ba879a0d32f060b4301e5c9753adf;;;;;;
802b1d7ca5e420e1e0fd6dbf6ddcdb13;;;;;;
144ddc7897d14d861100d2dfc9f3c4de;;;;;;
47bd6c73aff9f7c1611183f63b391784;;;;;;
56abf061e87750520e577554887301fd;;;;;;
26d70b9bc0e293c249b7fb0eae1b47dc;;;;;;
0bcbb7147923fadc6da618987f8b5f20;;;;;;
f5d77d7ae33ea24eaa8d813603eea0fc;;;;;;
6e416e0de513c7a852c133328ccbe3fe;;;;;;
51bedcc789b4651ab71941e5cef2be34;;;;;;
0e6d4197c37f6a107e8b1a5e5c368e01;;;;;;
ee2ade66592205354ff23a265f63f1f4;;;;;;
b7e0b3a0de89ad7a65519dc456f54237;;;;;;
dbbc0e1e6d792cfe3b1a8b4a9f4279d8;;;;;;
6fc93655019078d03ce5d1a740b342d1;;;;;;
9b650beb8f7e6d05462100d67e9d3547;;;;;;
d887a9553543e621e22491e37f89fa3e;;;;;;
664cdeb51cb0ec25e05f38748c45a754;;;;;;
c894a264e573042ebc4eda45b7c74525;;;;;;
8af4d047461e46c0f5f3d17c436bf039;;;;;;
8f9b3ed27f47ad926c4eff28f05c92fb;;;;;;
33a8e5ec779f878980257d3f0855cd2b;;;;;;
ebace1740c5ffaa8e252cf5ed152ff99;;;;;;
136a58f8be155d2f1954adf60877befc;;;;;;
d10fa2aa94d0f98943b0f72d822dd988;;;;;;
4dd04bd11d73c9e032a2259bbafe2316;;;;;;
c66730b5331f80b237840cde708467e9;;;;;;
5bfa2fa6a1b70068898b389f0d295ba8;;;;;;
5484e9208c70fdf184277c07733d12a3;;;;;;
c9ff6a4ef027d7247bda410d278f53e3;;;;;;
11c101e15ea41447459ffb32393df368;;;;;;
876b3b106be949501d6eee578e59416c;;;;;;
2c1ee1e99704af67d71209ac23791f5f;;;;;;
b88afba3bf78676862e4b34272f6f225;;;;;;
6ca38cc2fd389140099546b94a3beede;;;;;;
cad6c240fed7c1f2de349172bbb1f6b3;;;;;;
ed32e04bedfeb54bef566fac7a536db3;;;;;;
9f9c80cf6f19970e53a184b43748804f;;;;;;
84b6130b41ff5f7da87d8c06a780389f;;;;;;
378e7af316ec4a946af6dedd64316e2c;;;;;;
012e96b2bcf7d5ed21dff481f9d7d61f;;;;;;
f79cd8081246d6fa45822c7b628b13cc;;;;;;
b3506871ae8e0514a6b35a21451c1113;;;;;;
1fab118b88109a814cadd8f6708de0c2;;;;;;
801f5f6120206b90b2c219ef9dba4e7d;;;;;;
07398f766d52eb811016be6986945051;;;;;;
2b31fcb99eafcd1601627a35bb94c1d8;;;;;;
69afc48a0760c3af7ec876d3dd13b9ce;;;;;;
acde66c60e30bf287ce29b1b4f87a022;;;;;;
01f3b37d0fc4d73adfce90ed2fdd1fa5;;;;;;
48863e40368efd3cd6f85605c32086cc;;;;;;
25f78ed83a5b7321efe54a8659cc493e;;;;;;
ea1008310c7a201297adc421d3f6be5b;;;;;;
9f0dbb7f8edc14b8db86c151aaa416ea;;;;;;
71b38de005989138a92280f045a45f71;;;;;;
dcba61165c36db1ae298a509724353bf;;;;;;
41dd681e13a1f7c8415a1a3dc868c4a4;;;;;;
5c4093ece69f909bcad64f68e5e727b2;;;;;;
9de7539c0da3401f1cbd50ae58c0513c;;;;;;
ab9a2505d8b7d53f1b05e7cd7e56098e;;;;;;
5d5f2f7d8e71eae9a88241c2f018a2c4;;;;;;
5e2799bdd96d2f88b3e7256155d6791e;;;;;;
5f11bd0a5c7bf9abb266f91c4109fd60;;;;;;
7638b91a51ae425e20138e7d782137bd;;;;;;
418f41fddb8c5d20b80f9521abe853ff;;;;;;
e77004e519ec73f0b559860c11541beb;;;;;;
8888e889f467a72f07be5f7ea8a43e64;;;;;;
8ef2ef99a30734feb102179aef51d886;;;;;;
adad27f1b35ad371df8def8e8b4c362c;;;;;;
b85daa093ce821d5be903c547cff3397;;;;;;
4f52417d613722e91c4c58f7df571ac2;;;;;;
74b50ce3cfb70cd925cc0687746da666;;;;;;
1461224235988a5504326976ac5eaba5;;;;;;
2f1bdd5a6b9917067d84f9b5fa6b80d2;;;;;;
f916f8492b8249b5cd6f4a3ac96428b2;;;;;;
8c9ca1dea6b18ba6e99adfd2d5481a79;;;;;;
0a5169602804232f8f3a04f8d840d2df;;;;;;
2c6f4c190cc76742b46db7acde28501c;;;;;;
d552f780aabf6ce276f3bb82a398f0de;;;;;;
fa84e4d170e6f3603bce9a447f47d1fb;;;;;;
aba9594d3f1525c01cb68196b13fe959;;;;;;
51916943393ef7073b86026bf3def6b9;;;;;;
e3d150bc695a884c7fa3b6ddf67d7e02;;;;;;
6cc9379335b26bd2f68fd87213460c6e;;;;;;
de0675c0f948afd9b9254e0ddda63136;;;;;;
6f383a1e20fe09051e1cba447f98196c;;;;;;
065e2df3bc9546b99cafece91752a775;;;;;;
1b5760f7b37e4084dedeb663f3a4a76b;;;;;;
40f9f81ffa4341d189d3ca9efd1d53de;;;;;;
e74b00db10a3281b35387ecce06f44e0;;;;;;
b8a3f6219f493b7365a1f028e3d9985f;;;;;;
110dba9c73b24cbe0132e4a091f59fbd;;;;;;
5c905593dc1a26abd595ca3129858d32;;;;;;
654492c3ffa71e201978e1dc7abf2990;;;;;;
251dbc2b1a9587e900ad0c1f2c753c76;;;;;;
7e326fb2e020395662a02f607fffbe19;;;;;;
33b59211a8be8b82b97390a4a48139d9;;;;;;
a6c5fc330f43432252f7d38554d49932;;;;;;
21ca59b1037da4584ba082c1caf52b9c;;;;;;
d42b1f27dc31ee89581f699e0b7021df;;;;;;
12e5c368e2ba44a83186109db77accd4;;;;;;
9e3ee86880989fb44976109b5fd76523;;;;;;
468af2fefa7db0954df81e395e4f1e9e;;;;;;
797890042c4ed994f01000cff4980f70;;;;;;
d05ea2495aed539d315559af37a5e4b8;;;;;;
8bda56b9b8657245d95f1c55e7a9df7c;;;;;;
3cebc2e2c1f404034ad39df97703b2bc;;;;;;
02dfa15d3a49e838fb6893c44a2e9308;;;;;;
9bcfb615718364680c619e25f6bb04e1;;;;;;
9f1656cfc2f1895f7b4f01338c216315;;;;;;
d6b06cf8eb22fcd5536d34c6a87310bf;;;;;;
1ad03f1db039f5574a5a2259886b6786;;;;;;
db8ceffd0f273ec449e5b7e8466afd8b;;;;;;
5a3be99d9ad49992d3141fb3d883eb0f;;;;;;
42ee4a061ca385f00bb8562b22a6c80f;;;;;;
f6b4f7636567b3764fadcc3a82f21dca;;;;;;
c696ec9ebe5547e3128ecf32c439ee4d;;;;;;
d6ce7715c59599fe3799ebdbb925aacb;;;;;;
e79fd4010ab5f64688b1c85f1f390754;;;;;;
0c084e3a07c5b189d67464838a206ff1;;;;;;
16b34244fdf475f59c86a31187f95cc1;;;;;;
e0c5b22c10bac852cdbee7742553de00;;;;;;
c2e2016749cda8753edc31738ead9664;;;;;;
109d0e694198732574f37c4a61109455;;;;;;
6c0771f45f09044c702abd9d67d56a85;;;;;;
0f69a68a7d354dbc8835a7905bddee47;;;;;;
9b7be02ac6f7c0ade9d142e11ee89998;;;;;;
e97fb765b22840ad58e58e56ddc1fd1e;;;;;;
33ad5927345898b15bedec25aa0f32ef;;;;;;
cb1895ac124f92b8a62fb29ca7946f1e;;;;;;
0255e7daecbf661b5ebfcefc2734bf44;;;;;;
f2b39ced0cc3df2aa9248c2d5b32921a;;;;;;
60543390c81709095266018b19bc745d;;;;;;
264c6a5d79bae3dac5c8a9e9d48ee703;;;;;;
0c69f08439703be19f5e98ddede0b681;;;;;;
d3a112b3137dfa5be39b01c3dc529a7c;;;;;;
9af1397725bb1d8f45f284fcc709a7c7;;;;;;
82807890e2c11abebac02f4af245f838;;;;;;
578705a7a967dccf21baf358e6057510;;;;;;
48896339b59c6aa435cc43429a0f30d9;;;;;;
38bb86da89464c9292a8847a1e6aba04;;;;;;
d947c7c871775dbef10f200fab386062;;;;;;
69a45fd61fb9fe1cbc5d9b8831ed6b4a;;;;;;
1508e37ec36386ae4877cd6ccf1ca206;;;;;;
519f08658d59cd447d39cabf70f2f9e8;;;;;;
366020a6788d62fe7f79c1cbe4d07925;;;;;;
648200b23426a6f67cf05c26353b334a;;;;;;
0e7e00ef69c180dc43289725abe96fb4;;;;;;
107f6b1bc48c13553ba31fe380cdae88;;;;;;
67136923d49c2128e4cf90901b6d84d2;;;;;;
a99ab0233b2b9e3e888e40d88c3a1338;;;;;;
5bad9816a0ec05d1ce6133ea8de39698;;;;;;
c5251951aa041aaea476c4bc0a9f18ca;;;;;;
f5f70805d0b893fa4f5cda84f59386c5;;;;;;
8c5429d36372c779e0cfee663a8006c8;;;;;;
32c0ef4881f89410ed511428a9a55737;;;;;;
c2938f00dbe4de8cd2d6ed4ee35a928a;;;;;;
e8e52fe9e03672ce445ab5a519ee0643;;;;;;
ed443a6825a7bc7862397b61e646228b;;;;;;
924867e3d8688d48da80ac6832346d55;;;;;;
68a2234b2631ad8e523b0b1c0cdd0071;;;;;;
bab6bbf5c050cb7e2542d0b1f0b0a999;;;;;;
0d678f9543089a4ff6fa1d64b7f9b00d;;;;;;
d21b45755e2dfaa06acced2fa4041b8a;;;;;;
4a55147c1fe49b9209a3daf6c29d41fa;;;;;;
ce88c5e5455e07aa5929c9e1b18f57f7;;;;;;
1d5138960c83d4d865e4687f92927f79;;;;;;
8ee78c0e5590e00b05738845bf656f73;;;;;;
228b6ab58d9dbf306cc2b87f912cb28a;;;;;;
7264168e1d8b40a1eb5519d4b886324c;;;;;;
0590d1e77e75bd2320e265f981229abd;;;;;;
68952342b2bf767346bdb7ed264afa00;;;;;;
b95144d556f8e0c3ea621548ceb53a7a;;;;;;
fa89d27c2d53abf479a0b6eab8d76759;;;;;;
83ccf2bcccd8f0405cc998f77e9727df;;;;;;
c584662503f5aa423b8671d57019f6be;;;;;;
00b108349226fb8553bcb0eda275456b;;;;;;
a541bafc02767fbb915dd917268a0aa1;;;;;;
03bee7427c92fab16f37f31ebdf7a66b;;;;;;
b83587136996d33da3e96943952a4a8c;;;;;;
24cac861e00218d30a4132c433add1bd;;;;;;
bb4a23bf7b1c5f1ebd539f9713e9ad42;;;;;;
4c6b6520e04be4fed5a3c57e94d4dc80;;;;;;
ce0b018e80defa281bb5e556fd0dc232;;;;;;
b2ce3af431a41f786d285a0217dddfd2;;;;;;
b746785113c6185ba1179b58f29c1145;;;;;;
dce8debc61da3be1df47d312b164d6a5;;;;;;
99b623d942f92b2c780e02326575b892;;;;;;
7f69df5bd92b78ed7c911fdfd36ef07d;;;;;;
4aff9e2ee8f7792037a20935856fe0d8;;;;;;
213fc194b09552ca770ad921768e78f1;;;;;;
aacd0d4a4bf46570c377563867a5c060;;;;;;
b8b51638d72f3d2f867b660e6a9b508c;;;;;;
6bb00df4c4722e95cfd13a461cfbbc52;;;;;;
01b02465403b883969ccb4c3f5bda9ed;;;;;;
340648877f8ef89089b3d34800d50a7a;;;;;;
6a7b3ece755ae90692562b464d752d04;;;;;;
aac456ccdb2400ca763d0d87b91face9;;;;;;
c3d7eb16a9ac560cd8ecfec0efd67a71;;;;;;
5a7a91e9469bd259cc75c9d8890c0bed;;;;;;
2cb808cc9042b17a494bb2b655bc168a;;;;;;
dccdae665d56a5de657c46cd7dd65c2c;;;;;;
29bbd561510d6252f34d9775310630c7;;;;;;
47254cc78cfbee72c6b261a0c8ee5bd4;;;;;;
254ce4f40e0311d03809e009e38aded8;;;;;;
cc6a9d6d773595be98507b066c513b98;;;;;;
d6ad020fd8d01eb6fbcd43fe1d4af56b;;;;;;
9f1eb60b695f0bee53a08a65f2beba51;;;;;;
fb0d754ae0bf8584a429765445dd0b1f;;;;;;
4d5e9d1b0b39ae88e93f3d3fcc922312;;;;;;
e764c722b645f9b5c3cbc0c25e2e9024;;;;;;
582463c0bfc360fbf45b7f52537717e3;;;;;;
c380ccd7d569fb6b884e68fe7d9b7b68;;;;;;
d908f1b2005e4ac7b48b1fab1b852000;;;;;;
ca1f0a48c20fe337f1bcf739f3686ca7;;;;;;
32258b828ccddc9e969a25730cb3e796;;;;;;
a5337ab3087c3a13e5a510e1edb2c2a9;;;;;;
ec8599af2473d6fd9450b1304578e19f;;;;;;
6c7401a28c1760dc06da154b555a8bb7;;;;;;
c6a9503e0ae53a8643532f4d20e7095f;;;;;;
e12db37a0952a9a94e734f797528da15;;;;;;
8bda41a985a06409494f325b58666c63;;;;;;
c8412a46b53781d38b66fee7f2dd898f;;;;;;
b5835914a1835a09e76526f3061dabc5;;;;;;
3ff071f7fb7c4543c19c6737a099a3b3;;;;;;
552cf8a6c3bd40da58e9155b0c6f72b8;;;;;;
0373b6fa8860b91753addd998d1a1ef4;;;;;;
9fb2597939de62d1c615722c1eea5ebb;;;;;;
a1ea10ff70e306a8010eaaacaa63a682;;;;;;
67161d21c3eddecba82b4581bc0011fb;;;;;;
700b1255e0d9a4ff85fd65599da6b8a3;;;;;;
e825c76630a2ab91087e12c26365b854;;;;;;
f3d9188d103585b4f988250a58857666;;;;;;
4789f6359c898d42ed98db6a529bd182;;;;;;
6b16dab24a997d6a2523a9803ed91260;;;;;;
322c2de9013299cd5340cd2ba3a38af5;;;;;;
24a33e437209185b0afdc580b1deabc1;;;;;;
492f168386fb6073e9d1d98b647a3f22;;;;;;
70ca0d28a4d26f77a6cda30175a8bc62;;;;;;
a02f7ef9315cda363aab98ad01526d3d;;;;;;
99ba6d41ae4291c20afa35a7daf8ee8f;;;;;;
91daa2cc9fdef56371a4e3e73211b6fa;;;;;;
d163c2b96abdf329ad44931e3d45f9e0;;;;;;
e56f90ed3496be926e6437c4c3dd7bbd;;;;;;
adde5493f6958a7394e3be4bd39492c5;;;;;;
37340e8ae0e2557d8c8bd0c528e9f017;;;;;;
17425e9dc18af5aa273fba1d655327f4;;;;;;
67a5a7394eaa3a656a709fa20e4fe6b0;;;;;;
3c90d7ce247d942597d90b9fc53ef668;;;;;;
b81adee1149b3f1ba4b77d9d9b733bdf;;;;;;
702e995008bfbb607607ac19617bb0ef;;;;;;
7250ef49027cffee39c050d1f61a30f8;;;;;;
e3b364f670f6eb8ba4c44f7af9de813b;;;;;;
81972b81ddcfaa68d6569c8617bc7b91;;;;;;
97719a3a61ea3a7eb7278a77b999a5fe;;;;;;
691c1fe9596edff62a571e3dddca0e65;;;;;;
8d0134207d2f9e71eb5240848555d40d;;;;;;
e059bcd1640daf4ba4c158ac5ffcfd85;;;;;;
7823159b53793d4af759ab01f7c9e22e;;;;;;
e2cd74a0c94682db3ed51c02483f41ad;;;;;;
1ec5d8a4eb86298574833e40867b51bb;;;;;;
999a7d123ed1adb295fc1bbe0f1c78b8;;;;;;
1d452c607356ce29995637b652cddcf1;;;;;;
f1aa204878d88c7a0fc31fc2ab288994;;;;;;
52687193e7d685427d6314a3d4a99bd7;;;;;;
1f5644be1c7a50d5c6c53714c834dc65;;;;;;
5d81857eaaf3cfb9b0422f1b17319276;;;;;;
35896410ce60e5223e6e9c6ccc62f54f;;;;;;
9fdfc4d4c88d4ee40e244f8d08ebadba;;;;;;
cfe418a069a300d707f1d726c2b37ba4;;;;;;
1e22e809dd6e083ec5d74f99553e5972;;;;;;
e59177ad2020d5b7d265238fed52f309;;;;;;
9a59b19e325a5ebf2709c5b6192535c0;;;;;;
bf10cbc5f68a95180a6778a591443711;;;;;;
56f01b0392b676e4d09207944c281f55;;;;;;
1deead3acc09adc5ab928508c4b8ae71;;;;;;
73b4a044b4779d6aa17d6790c4080465;;;;;;
821dce07394127448d9ed30b66bb7d77;;;;;;
ad6f12251e7139d0d515c8172dbb6aaa;;;;;;
275d1e7a5ea4b392f7ee25ee1893622f;;;;;;
ec338d86ef1ce2e2e640ae8eb794de53;;;;;;
e8356ce82d0ca242b9327783330d8191;;;;;;
e1d8c8588f1d829636a0d707d58dc2c5;;;;;;
fb5134fbccb5580840bc4c61b4f6de04;;;;;;
ae236f14b3c44e386c5783510b7f8b31;;;;;;
a1aa42e332460a7e672b2425cf3419a5;;;;;;
132119f05a56d2fcbc802f38f7462b0f;;;;;;
95cde2080857b44ce72b9378ba49f012;;;;;;
33faed607fc0f4cf6361fb4b33e9afc2;;;;;;
a90512e9bc59b0148a9afdcfda9fc934;;;;;;
cfaca089f4c407b9c90e80c273efa8fc;;;;;;
19546b0d5074de04c67ff25fb37c40b2;;;;;;
c66e2d18ea803ba9157ada7c3ad08034;;;;;;
f5d78916408c1109fd289cb871887b63;;;;;;
41d00efac59f65493b7b5956b6d45c02;;;;;;
0c0fc68977e45bcf0dfe224df67a7b24;;;;;;
ade1b9092feb9b20b9ecd28b6174cb6b;;;;;;
ac0fc41ac01d1e52d0a4cec791ddbe0f;;;;;;
8dea7a8aadf3f79d33769830b0bdef7c;;;;;;
dd4efd765c27af7b34562dff09c60b62;;;;;;
b9e922a2c60384b36864582ee29cac02;;;;;;
f7cd83f5e630e2ffc19bd2afbde0f484;;;;;;
daeb35dfd3228cbae27dd26baf535c68;;;;;;
8688b28022b10dbfbfe62b7a38cfd581;;;;;;
2dfdfeb13270675545bbb5de1b72110f;;;;;;
a8a65affd56f77577f66f8669737d0a3;;;;;;
f4ac8e7efbaac3abd12e08367daae4f9;;;;;;
0fef00e024db7a21ebddfeb5a5031282;;;;;;
181f0ab147e1be5eb513787c8c26f557;;;;;;
58738c1264497e217d1d3fd69669812c;;;;;;
64f249f77d2717bd9f5980c79b46971a;;;;;;
db9bc3a15504ea67fa8892e9e4dc2404;;;;;;
73d7c1eace20e598ccf6980d22c9b045;;;;;;
e0926458d9f2705dc46c3f10e0aff22c;;;;;;
bdc992c627b3a76878d2b4bd615a8c19;;;;;;
31828d41a689854ce364527d0355f947;;;;;;
2e908881f5e2a0f0ef264a822d013864;;;;;;
759de590e6e9d5de3f3f51c02c0d3507;;;;;;
1303d2721720fdbb125ebe9c8aa6bc33;;;;;;
1f34c07d8b21ced00a76444e3f7adcb0;;;;;;
0fede4c4df38d5d3e2b08bdbcc6ff6df;;;;;;
512a460cc5e101393f73097ffca5fe72;;;;;;
df9bbb0fc09e3a293ac3cb22052b7172;;;;;;
be4389869d2374911b3c3d8cf1714f78;;;;;;
917f36e6f510a535c8862c8161fb6180;;;;;;
bb32d7fc6a46ae0ff4eac1a4b072eb3d;;;;;;
70b9308c3fa7d9248f02e30c0905241e;;;;;;
b2ea1ad59430f43d34d1bd02e9821dab;;;;;;
9e62bc61142f70f26fea682a8f77780a;;;;;;
aae38d558c32449ab264e373aaba3f8c;;;;;;
d588d4d3d4b3f90b8a6441059abae493;;;;;;
e56335c31269b85c065916f6b87e9f6b;;;;;;
de395eece042c5d7de30dd41b6199333;;;;;;
871c60aa833fd8e67fd40cde5ba5b695;;;;;;
0097b224b5a587ef4d89efca79aeaad0;;;;;;
af51ca77bea4e4898e192a7dd6fbc31d;;;;;;
f5d840fa59a475e25f177eaa0d320412;;;;;;
722e5dd667ad9939d25516e4efb1401f;;;;;;
75266c998785f7b133c98aca7f69adfd;;;;;;
28a9bbff9456d386d5759748792e6e3a;;;;;;
aea089ff531d4d7eed4fa7b120b9f6f7;;;;;;
14dac7367c1fd73470c5c2d08ddbc70e;;;;;;
67b6274354f26d5263b1536319b69c60;;;;;;
735a2450b0eade1fa8d45d9015535866;;;;;;
5719e99562ea900985913ee3aa88e352;;;;;;
2439fb08fc58bf5e141b675213195c4e;;;;;;
ff4f39046ac27b803a10a6a98729ced1;;;;;;
1f2781f73df656014c491fdfafe83809;;;;;;
19f25d9635dca6ec9a4333df4fb1a9a8;;;;;;
37d97c9ae434a866f0e91a45519220fb;;;;;;
e3ff22ede8e4d58cd9452b665154b27e;;;;;;
6cfb6e860a572aa8b076a5c4a159769c;;;;;;
d08d358b7595561cb9da17602162c1ee;;;;;;
470b7ce2b87a39af4e338b4d79ba0686;;;;;;
af447bcc8d5e8457f306714c58258434;;;;;;
e5fd0d79e653521faeca60cec704ba18;;;;;;
936c4e4052290f19c4b49c29f7133dc8;;;;;;
9ae1d33e6c98db2d4a73bf2bb77543f0;;;;;;
184b8884b98a6fd1326c03a85dab6cfc;;;;;;
2e84dbd048844b19a7c24ddd6fee024c;;;;;;
64e475500caa49069d0b059dafb774d6;;;;;;
553733e527ae279b05d3c176814a5f8c;;;;;;
7da7e0aab0e5edfbf05faf214e33f9ee;;;;;;
03ec1859504fd278bebc09989288e864;;;;;;
e4b512b71790186dfa71d6e41f2668ea;;;;;;
3414bd66c0b334347f492955591517a4;;;;;;
767d82712cc773487595940f7dafc4ac;;;;;;
b9698b82d48901e45fcf64460fe940c5;;;;;;
ab0250d708a350d67c1f76c05481da42;;;;;;
7bc728ecc9c45828ba9f900f0a705232;;;;;;
ddf2c2cbb7d294aabcf7c7af8cfd4e2b;;;;;;
bc6628c39011a551bab36a6df7115e84;;;;;;
2a78ead0b0b3ab2121fea3fd2d9492dc;;;;;;
e2ffa06f1039714cae57af6336eaed3c;;;;;;
328fa332e106e29350dd8ebb24d70b97;;;;;;
c8a3a7317d6a66afcafc55e75e5db2bd;;;;;;
2d14adabebd8c6fdf9dceb719a7e845f;;;;;;
670d4a9cfcf7af37b6926eb4618d7b07;;;;;;
3ed0684f02a5895871a846abd75d39d2;;;;;;
fdceafaa00f97d379bba617881b83533;;;;;;
d343a91aec5065871334ea93ede23688;;;;;;
f21bc25a651891bc8d5140f5ff7f6de8;;;;;;
8f737ba8f9dd7664350a472225f75e86;;;;;;
1e3e00ca5e72322722e720c39c0f2551;;;;;;
d4e20116d4f9f86cd09ee62d6a546f90;;;;;;
51204b9bfdc08c5880f110c0880f5d4f;;;;;;
8a8dae360a34139f76f03760f74eaeaa;;;;;;
dcf4952e476a271b3768cb424821f4a6;;;;;;
513a866045bd39f3bb8417fa17b95f4a;;;;;;
261dd6f4a5d531116741cd51c6e8f45a;;;;;;
373d35960b43aa3283047dad8fe66001;;;;;;
47e54f9c47b1902f184036dd9a09625e;;;;;;
47303089d0118b3adc728d9bd527f354;;;;;;
aa65f585ad088bf1e701dc29445d2ecc;;;;;;
121279e6e1dc77f547a81fbde4f4600d;;;;;;
3838ed13a3a2456d7428243ea26f26f0;;;;;;
909ca1239f485f2b5b1719d148d13fff;;;;;;
9bb14a6282d4f0173b3276b0b5f6777a;;;;;;
83b30293797f84b0a5c345fae845e867;;;;;;
ae434b0c52c7dc641258e509dc609278;;;;;;
bbcd220c16bf97ebb2434c7fb1611fe0;;;;;;
94cd1f78b62b285376c8540a8b6d44c8;;;;;;
ab5a11c0099d7cafe2da9c62ecd6c839;;;;;;
6ebfaa7b291c72cc4b3ed28030f132a9;;;;;;
76a3b26668d28a3d61f740a5a71562a4;;;;;;
f122f5e0824692a5893727482e0f6f00;;;;;;
3f7c46219599aa3544d0a890cf633d57;;;;;;
0a663f667cf3ed16477a86976368b072;;;;;;
c74c4de8cf51c1f51f2fd6aae2400a98;;;;;;
eda07b19bb6a10676723db18f063de5e;;;;;;
9db89c1021be118e3067e63c1aa122d6;;;;;;
ca1630058949ab949b2d3f2bb4bc38a9;;;;;;
f956a4d274db842a55d46d407e75b144;;;;;;
f010408344baf059e1f6f01d6f63914f;;;;;;
7e07bf4daab2a8193de90c77c48286ff;;;;;;
91e259177969c8cac54529416bdf585e;;;;;;
3ce96f909fb104fe734c1ae140fe1764;;;;;;
ee41ef30368e5bc2b2c4cea214631f4a;;;;;;
c140c0cf2d553ec4d9b32cd73ac67f77;;;;;;
5a85da714e1b495a032d7abaadbda609;;;;;;
b62d55e96d1ec44a724403e362d6b50a;;;;;;
aaf41a32e9d2b9515fe012da48297f29;;;;;;
3be3b341f58e61b057086e5c49b30a2f;;;;;;
28eb4c05b1534a4f0cb9ea381cb18856;;;;;;
e37053971d2ad8e4d2bbb23da876c09e;;;;;;
e327dec604580bc2aaad652942ac8ccb;;;;;;
fb297991bd8050886a624662fa76ddfa;;;;;;
84210a4a555b98a16baefd944fe9f902;;;;;;
1b6d5e509149bc1dd5a801a9951efa12;;;;;;
1834b4ebd7a453cf178a1abdf45ce89d;;;;;;
62d9365d345e80fde9f3239c352c9b98;;;;;;
86e406a4d48a34ee0cd2be97c23170b1;;;;;;
8979b76e7a59956f6ba39a1633fa61ec;;;;;;
7064ab6502bc5b4c7e87ee21f37ccca9;;;;;;
a59a5768e3dc23181470f9fc844493c9;;;;;;
0281b43ca6d6888f1b8bf71bb2f2350b;;;;;;
0e3fc42b8cfd869a4533b2ce9062d9e6;;;;;;
7ec5ddc01775668793edd8e80b9c8640;;;;;;
6cb23fdd918bf7648a3fc44918c1bb46;;;;;;
0db2bf0c32a1ec9172f90867bcabfc7d;;;;;;
911123014d1ccc998feb07c234e9ef5d;;;;;;
b79b69edabe080ec1ac0d23eafece8d7;;;;;;
ce59dddf3ba9226211de38ce4f110e09;;;;;;
d0251be1b2b8cddb572957bb006cf34e;;;;;;
e3214715fbe0564d8dbc057c3d1b5d1e;;;;;;
435cde40b6926a070a5ed416d80dace8;;;;;;
c8af1278a929e0c26da923ae5843164b;;;;;;
50cd72731ed476b77fa35bc6e11ce471;;;;;;
78d10baa77f1b842e1bd6feacc999d76;;;;;;
53ff7a5259a93a3b418fe45d8bad0c03;;;;;;
0f817345efcc5819a74b6395ae202df6;;;;;;
47dab3a3df8ffbc5594a761f707ef853;;;;;;
c95235542353676cf39191a30d0b0551;;;;;;
4ea036492169336ee053e12f659868c0;;;;;;
b63e79803af06176e00e945a17758d6f;;;;;;
d15ddf662783c9d6858a7aee16d3b4f0;;;;;;
ab77bc729a156268c2f929fb217898a8;;;;;;
caface3060ebbb481cf3708a0698adea;;;;;;
6324e03130f9295372bd4a7b8b985183;;;;;;
62ce79baa49fd0e518c0d5ad04054551;;;;;;
5d790765cd1876b958dcafea6698dfbd;;;;;;
8eb11fbfbddc3556a5e92f22878c967d;;;;;;
991d23b603aabc8eafef4abf898c9d8b;;;;;;
e9edb45ba1c2f435b7fe79cc214fe2c5;;;;;;
246efa414a2daa55bcdf9199ff28f2c8;;;;;;
2ceb83d41c6b74a2494620c53f5a9fa5;;;;;;
01abfa0d44ea50904a2c5c89cc872b8c;;;;;;
f97ee00f0af46d16cc4356721b70c662;;;;;;
eed42e0edc605310178de54d61dd4ce9;;;;;;
0b90804a238d5786ce528f4c06bec260;;;;;;
c2a2a83cb94282ca52768b202f8d8fc5;;;;;;
2f04d9e0a02fe287ddd322f21a95de8f;;;;;;
82997c82905db90f5e0fabc00993fbe7;;;;;;
06e32959de00ef008bbac52cc5db7c94;;;;;;
caa500a470222fda6c090e11c2a3577a;;;;;;
4a14a62d9349efe9afe27c41c8ef23b4;;;;;;
27419a2f593cb39a563ff8023b50b557;;;;;;
0830277727cfe5fb8e96d0c42dd36ccf;;;;;;
ed89944aa581b32ac791ab2e12adc0db;;;;;;
ec05e30e50e8f79fbe35abda531f5119;;;;;;
913fd176bc5f6b4d57c78500bec8663c;;;;;;
56678f96cc06c0bfc57b6a9ce41591fd;;;;;;
cbe3de216d6137929943113f41df4faa;;;;;;
7f8e5b4bd738f3a5a4a3ba3701a47925;;;;;;
0307f3e0354b7aa2c757043fb24725ba;;;;;;
f65e4321d61f269a1e88aad321976f25;;;;;;
6b03e31a136f6d94580a3ef309ded398;;;;;;
863b8ca82d45cfcfc70841828d46c66a;;;;;;
ff9ab4b8a09e33d4679d0a09df6c3ce9;;;;;;
4593f46db8548d5c2ead5dfa08a2c067;;;;;;
e2e9fc6102bbd9ebad2fb9d58a624dae;;;;;;
9f899d257017a9b29da2c1e7edc93f49;;;;;;
707b710c00c467daf50b4e06fb6dfc27;;;;;;
39afe3b7ca33be1352cafc455f5e3832;;;;;;
e86ad4aa6530fff82c90cacbfa4e71fa;;;;;;
36dc0a7e774405700e607870765fdf38;;;;;;
71f6065ab8947a74dff009e1fc524e06;;;;;;
0f68b6a35b3768ec7c980491e9f7f7b2;;;;;;
1e8a6bb4ee94d2be73874d035a5328b1;;;;;;
5005005cd415ae09750de0a54215a1da;;;;;;
00e56c284c881141f5951fb0d271f480;;;;;;
b72fa7240d45df65d127af48fa19f93e;;;;;;
cd92ab4716481a58a50ec525172b264c;;;;;;
03606a1718c68836b28a9e9639b56424;;;;;;
e98b22c6e869f5847244a01c540d7934;;;;;;
abaf5c6d2b05c691d9ca3cdb2d23b5d0;;;;;;
b69875448c565c5b5a750cc46a0eab92;;;;;;
b08d7558d3ce8e8d5c87fc5bf8c54067;;;;;;
b8f6521f7e7b19abcd6c4a9284d3ef13;;;;;;
fe3a532588ebaa5d946e127d45b1d33f;;;;;;
62dd9126ce10b8e620d5d4e65f35a373;;;;;;
8612f11dc38b4b889ec2d9f67066768c;;;;;;
32af7221e288f2bb62d0cdb7a04fadb0;;;;;;
32a3859901efeee5efc2f85cbe178709;;;;;;
8131f24d4bae424d180cb94fab299c4c;;;;;;
749a716bf4d57bd34d37bc5ab6fc8d2a;;;;;;
540fc2204eb83e555413579583ee372a;;;;;;
acd0fae66c0821fed7ad7f07cc8183a8;;;;;;
9ef8ca639ff71f149e08c54d978b8b8a;;;;;;
77397ffbfa99890b66f43b44185829e6;;;;;;
3e52836ce39c101673bf754240dbb3f7;;;;;;
caee23a222ec16327932e214d623ccfe;;;;;;
19845b2550fac1cdc9a9c11e35554d5b;;;;;;
fce527d4bf2334715b42347aa171bb1e;;;;;;
d9206e4a0a1f4f808d58c2c4377cc155;;;;;;
ba95a9adc9ebe3f7d11c3a1b71812e27;;;;;;
2c1ed93689a114452f1e2da0d192a84e;;;;;;
b1b4b4c2d4494639d2c885e36af46e33;;;;;;
971f3bc7e749e7e43f4c36bcd5d27c84;;;;;;
2f48c12f61d77ab410712bbe987b19db;;;;;;
011fb6f8eb11201a1585795c9e396579;;;;;;
ed65a2fd18542837a441a75cf91e6f76;;;;;;
103d826311298fcaa9ea5ee0e5a5d6ca;;;;;;
7ee9e1a5df051df090a4e4b5200e61ba;;;;;;
24225aeb504c403b39046ce95cc6ce12;;;;;;
55e8c12b4897533b81c6abf784b5647b;;;;;;
0604e92d2c779745eaecf577c283d826;;;;;;
32268a41b8f6cffea1ccac5a59db164b;;;;;;
7489cff9d711905ebc0a0f00ef20337e;;;;;;
44d59824623bfe10e70d40d4e5bde604;;;;;;
72cc764d66dcba61dc39a746dbec8ef9;;;;;;
8fb893c025f1d5a997d4b20e7263691e;;;;;;
dfb068ff5226c57eb2976abccd48a6a1;;;;;;
8d3fede6bc74ae4ea64e2538004da746;;;;;;
5571806dabb82d2ac5f160379140b5d0;;;;;;
f7ff571674a4ad0c61a2f6806a92aeee;;;;;;
3b6e8a81e34be906b5b9c332d3f99470;;;;;;
f1d6895fd1927c30662ec6d73f889e3b;;;;;;
9b2255ee6acb016819d558e34b5da624;;;;;;
751c7bf88bdc0c53236640f4df9cfe77;;;;;;
7d44e993adb1609aee7d10d6734e0882;;;;;;
0f2cb24a4d73ed00321e159ab7425d2e;;;;;;
765c506a56bad32d61f8187358394e4e;;;;;;
0ae47d2fcffe38344eb212844b8a9520;;;;;;
d96abb34bbb710301d1a3e7b2da5f264;;;;;;
a49f9df12712edd6b7a4bdb105773aef;;;;;;
8f473ff3b60c4f016267af0611291c7e;;;;;;
6a74743d1de31b88a24c78fb30dfc565;;;;;;
78a00fc3cafcb5b65121f3a3227d08d2;;;;;;
88301a49b7194469a56d5ee2147abc47;;;;;;
50f67fac5ccd34de8c0ef8c358a192f1;;;;;;
549ffcfa1373885b5e0b910565f6e28f;;;;;;
725f78cfd7528174b01db4aa86a52629;;;;;;
d050fcccd5c2d432bd803193a6514977;;;;;;
eb0e69f26af8215c96d4729aac582977;;;;;;
76e9db3ef267fd2158afaea0f5c82d86;;;;;;
a065f1ab8d8a910c76c1fb33eb4385b6;;;;;;
0f440215622c67f2ff73372ce81a7271;;;;;;
4f6ed36d04e1613d33974e3c245329bf;;;;;;
99d52b73edb3bf6850afbc7b94eec62f;;;;;;
c25881a652761f873df9e4f93377dca9;;;;;;
ba8b4cfc8c35d16aa89df7ea81d899ed;;;;;;
1175b7b9724ad1605150964230c71c4a;;;;;;
3b9d9fd7bc0511ca8005a54d7b567205;;;;;;
2d67a8bef6454bcb2ea6ec8fe9525d18;;;;;;
96d6cd63f9f80c26e02bc84cc6faae29;;;;;;
45b84a3f4372af12901c98835472dc8f;;;;;;
5e7336975d2be59f7288bf77437cf124;;;;;;
8b931ae5a15b94083938c24c327777ab;;;;;;
d3c2440565e46c17a6d14fc6f201e303;;;;;;
652f502a7e3593b13e8b07b2deaa5626;;;;;;
f375bf39b068a4a6bb95adc954c6c59c;;;;;;
7eb33c66b34e589e17e857aaf5c47aad;;;;;;
b505aad96771d61ea64af64891a46663;;;;;;
f15aa4bb88ba84ac9133e2f22881947a;;;;;;
124aeff9661f53f1bbacfc6a04aeb61f;;;;;;
d7b72bc39884a071b24da199aea05c0d;;;;;;
2c3af7d9db0aac25f88db3a39a979fe1;;;;;;
46503e92b96fbed41fb785ff289f16d7;;;;;;
a37a53ed5a1c06237e07b4d32f1eca36;;;;;;
1eba3f522a8b3e51503df503aeca0981;;;;;;
6c165e674db763d94d84c35853f8599e;;;;;;
ec02bf05bc295205fec53c6f2dee4e5e;;;;;;
02d102aae275003953f1e969779f4713;;;;;;
89d65fcfd96758900f658121e1d8eaf2;;;;;;
9756a47d5bdc8b710a3e18f6fc715879;;;;;;
5e0ee8a1b52c314afbb0e2f5ad2c1dca;;;;;;
b67ef86e3ededf9c0203bca496abb2f4;;;;;;
733ad260359f0a3d91b4c85268b0dc97;;;;;;
31dcd5026075d216b6f65b8d3436b17f;;;;;;
0049bb77497033e1d198bf1bff2ba762;;;;;;
118733735f5e81e5cc676256215d3cdd;;;;;;
25ef62e2af2dfe632af64a1a066e2fd7;;;;;;
29d6437633dca4036ff0760513f1e11a;;;;;;
b4affa99201d815ebea43b275cbba62c;;;;;;
f0be001c4d4f298c1431cec9bf24d380;;;;;;
fc5c56425c2ff669e4d42615e3ff8e7d;;;;;;
f7dd24ba7d5172b73bf8ff1903b7c1d6;;;;;;
9c1da4d9f8b1ddf010b1fe67dbdf18c6;;;;;;
bfe1b2d5b69366891662b4cc3043f1a7;;;;;;
1cb65b196512f10eec1aaf4f7359d6a3;;;;;;
6a6cec74de9b1ccd2d7cfb0a937e355e;;;;;;
ef0e9c6c6bee30fc32c59159d5d6eb90;;;;;;
6b649b35e01a09b65dac3330cfb3eb4d;;;;;;
e3c588887166fe1826cb65547ac2719f;;;;;;
8498253c529172bf179fd6d1dd853bc5;;;;;;
cbe0a2290da3fa43aab4a2e6c2ebd27e;;;;;;
2ae79be2e7e705c90ff49f165e6bf73e;;;;;;
0a2b50cf86855ebfef81d9f1417646da;;;;;;
95020c22ce63e127f8113ffb07efb950;;;;;;
0036330d6ca225d320631ea3543618a1;;;;;;
739e84c144cae71a1585c0b42dcb5e6d;;;;;;
0dafa58ded6e74bc592c9992743e1627;;;;;;
bfe4382c8dd7b57fd6ad53cc392110dc;;;;;;
8da37df1ec39e9d1ecea8bc8760e6bb5;;;;;;
e45fe3576a6f9a196470a3ff5fdcbdc2;;;;;;
e71e534e4f00e81704eb0badc3a6d607;;;;;;
52feab3b012bf7688da628814146aa40;;;;;;
141e55052695abdf397e600383b1bce4;;;;;;
79d981795087d3e6329434d225abadbf;;;;;;
9bf650586a4e45688d9b29c56bb397d5;;;;;;
8702ae07847951e2fd900e470cde8783;;;;;;
6ff9df2693f967e43c4b59830e0150d8;;;;;;
9bf1f5bd4762b47bd9b023ea9ac65988;;;;;;
cb8af0714a799e3b847cfc94054115c4;;;;;;
0fb2ed32fed0c8d0e39e98a0914212f6;;;;;;
df0ea5f05486ffd2e2ae79cc22df1656;;;;;;
4c716ebbf41cdd1458b0f18f95235ff1;;;;;;
362f95f50b9031dc888e985509e5d249;;;;;;
f7ec0190159bfe469a57d3f5916741f1;;;;;;
d7eb756be11213ef2e9c9fc468ea048a;;;;;;
906868c304675ed6b02be4e25a4c4a79;;;;;;
bdf7cd26a97a7e78c5b354842bd4133e;;;;;;
b4a82a10f0f33a8068a76b3daaf5da02;;;;;;
1c75359f66aae5173254deff068d17b7;;;;;;
c873a201c8ac4431c5e54b55c61f0de1;;;;;;
b66b156f8abbc96e4ce3cf897bc2e19e;;;;;;
4f7082e385d7385d9f6f591e2474de40;;;;;;
70a8214030701228afdbc92598c822fa;;;;;;
a1095479a6244d66ac2369e8644fb40f;;;;;;
5b5cb619f94c8d7f8b0ad2e660b281e7;;;;;;
5f38f3d302be9554ca2f1d41c4fc91c5;;;;;;
d20bb3be79fe46534ef3016c7ef32e5f;;;;;;
aca8ba13815255d1cbb669b6bcf8bf66;;;;;;
575e3b8bd43e5dc4adbad3b2d6479f74;;;;;;
433bd79236d3be1e6f0895925e4f3ec9;;;;;;
c9a7c7ab18d545859ae071084c99a53f;;;;;;
56d0b33077ba58b44b38baf76f2a7c2a;;;;;;
162e0c844893896e7bbcd7a55d91b111;;;;;;
554f25d8b9482783ba92a9ed6f2bcb86;;;;;;
3311481a01c16e7b785aaa3ec59e06a9;;;;;;
29bff19021029ff063e345e5887b6f85;;;;;;
546a211f268e27864f4e827d6aa61e76;;;;;;
8f08edcdc326df0c3d1537563d50c4f1;;;;;;
b30f8b2dc0b2f5f92863cea7c92e1d7d;;;;;;
f2367a5c0ed816bb2a9882eab4f698ad;;;;;;
0d7acfd9d432dc05c82d33b7823e4a1a;;;;;;
5887dd09ff1a6815275fa5598fc91b09;;;;;;
adbefa94f3851c66f7458be0e6a8b5f5;;;;;;
ffaa7606d68bd766c061244f4ea16b73;;;;;;
5b47f188f282416520857657e7c99347;;;;;;
9dc9fcad334b8d16e1eabf832be957d8;;;;;;
00375dfbc1acf6b68393bf136ca7c0b5;;;;;;
3baf6896c014f6f7d949b638eec14509;;;;;;
efd546d453c05d0b7e1d22710ff26ed7;;;;;;
11dbc2596970e23d8f1926c41029b61e;;;;;;
017c0eea895108a6ca23b1aeccfb86c7;;;;;;
ec1fe8db5aee5a48fecd3ac86fa0e9e4;;;;;;
aebaf7e0002b060cdad83ab5c158cde2;;;;;;
bd22fc80c7a3299627c1c797e6db82d7;;;;;;
167424ae6da119265918b9de0d5ae85e;;;;;;
ff259c667e3371725d096da52f35a63d;;;;;;
1641e6d6e48e0c1905d42dd63a2fd501;;;;;;
d44e4e3bd8ad3ff6f88e28e4d8e25489;;;;;;
9da792cb9c25570a3b2b7a6944e912c2;;;;;;
609825ea35bea7198aaea91c57067ab1;;;;;;
d14698025a014885a678090a673c30af;;;;;;
a25f2277882dccc809f8d748ada0f514;;;;;;
f79086ce9a8c3e076e6cab6f266d22ed;;;;;;
b1731131ab62cf648487bbb39f636d13;;;;;;
61afd0e5a541c9d7d59f3f4d47eca65b;;;;;;
1c27c8c02ba6b9b650ec67ce2c876853;;;;;;
731ecf771afecab09d99a01f66053717;;;;;;
2038e2c85c35bff9fb81530a8d03e023;;;;;;
3eebe756c66947827b75491f8c4492b3;;;;;;
2b0a7012e6bba222e7ee08030d4963cd;;;;;;
995bb16a0284efd7ab6d817fe22f2eb9;;;;;;
851fadc68119ee535402e670e71e8b1b;;;;;;
388d171635cbf56e286ce639feb611ec;;;;;;
f3dd254e989c829498b0540b2bfc919f;;;;;;
9085b3dbc94443123a3ed5c67cdb31b5;;;;;;
49dff5977e36f1af7cbf005d75a633b2;;;;;;
64644aef33d441da547c2e4d05b7543c;;;;;;
b3b7f309e8336c054db99f4754c75b0d;;;;;;
147c86288d5c570f291166151cd60a31;;;;;;
d9657a0c10fe0bb20b56a1870f5ffd0d;;;;;;
5115aa77f00842135a064c2b483b723a;;;;;;
20dc5f7f1fb0cb164b51a3f1f6b22a2b;;;;;;
ea58ef216a52bfd403d78fcbdd1c83d7;;;;;;
f0748360f08b8db6e883535f47745c47;;;;;;
b1cc1ebe2c644dfeefa5c97661e8de91;;;;;;
698aecb0e5bb5996ddac8ee7e5a2bb6f;;;;;;
03ae010e475629dfd879b021fc7ce233;;;;;;
e4a1ccf4f8b8714d967ca9a0b85bfb62;;;;;;
7c2315c7b7ddebfce567675415fb12ca;;;;;;
cfc8dc38b4bfd4a361279833d0552a7e;;;;;;
925585708d0b9b4fbc93371afdc4bd98;;;;;;
4e355d213e79e47fd2134d6807c9c4cd;;;;;;
804d2f74a174a2dc476d2ec954fe94d5;;;;;;
b0c3e45d8880e2a88eca82afd7863887;;;;;;
fee2ed2cb6864300dfd6af9ea88dd803;;;;;;
3a80bd1fc6ab6f47b30fed1d538bc3a5;;;;;;
f499713727afa3ad148ee2339334bd7c;;;;;;
00133a108b1f0c0e98743831c5bd1187;;;;;;
013b5d66e24274943f756d2556b585e2;;;;;;
8e50e6d02c747f5a67800298e71f9194;;;;;;
4161ece1d46704e16f98737fab5363fb;;;;;;
e7ff2b5a7274bc015e72176590536758;;;;;;
f9400f6051c6f5fbbf46d88d47c23357;;;;;;
dba03b6b9cb65bbda10d89cd0f110628;;;;;;
98ad65907e10b9f6a7d24e810dd373bd;;;;;;
5edb2abdf3034a424fd1efff98c402de;;;;;;
8bcfce400d60186cadade6b23ca770db;;;;;;
03abe53264f9771a08ce3d451aebb2f1;;;;;;
53de89997ca8a8360653fdd600e5b752;;;;;;
1a2e392061d8c888c9de85f5dd5287f3;;;;;;
c0b43a59bab76564746946ea397583dc;;;;;;
bba5f334872ce72ff78dc1d4d89f2615;;;;;;
8a050e736b990f52f01711865cb5dda7;;;;;;
235ee952319f20b20d0806651c61b7aa;;;;;;
68b12151e172afa3ec741d3e23678e2a;;;;;;
9724918f8e4f4159b5d61b917709cdcd;;;;;;
96f7ae64716a2f19a79ee4dd36840a6d;;;;;;
96b94886d96becfbd36f5c47c8ba7266;;;;;;
1637e519c61e8b87e6d22d2d0a80cb52;;;;;;
83e19e96a5fe87215e240a85bf1f8d91;;;;;;
c8b29a8c515b8b5fac1ce09a9cc83852;;;;;;
4d5bf17b362adfbc5b70befb469ac067;;;;;;
e0c17e72b22851da92c3478680aea374;;;;;;
285a5c26588201629dc979647d89c382;;;;;;
a4af6811dde68693ae6e93dc094b213b;;;;;;
1957451d04c2430dcd958f1ff1d91a02;;;;;;
9dcb24348821e03323b36b55455d1225;;;;;;
ecc5113fcd7b7cb366110cebb4b894c7;;;;;;
ee4ca0064f2868744b032d4d0bf8f951;;;;;;
24a046ec621cafa42cddb593f3d4a9fe;;;;;;
edfcdde10c4617c0ec69a0399c5d73e9;;;;;;
749c57ed9c89318eae0e3386eb62aef2;;;;;;
fc952d9edc1107f9d41c8d551965cedb;;;;;;
37666fd1f350c916aae9f9c20930702a;;;;;;
b03180da02a2e6ae013ed6f09f7f9bda;;;;;;
6fca4677b8286f6d4a03c4b88c0295ef;;;;;;
a6e271689b93c4ec4ee45a04131530bd;;;;;;
a3bf848d8d3c33dfb214e704d0280dac;;;;;;
13b5c2a2c6d9e310ee1624e569ecc9a0;;;;;;
1966d6d5f750340ad2c019f995255f2a;;;;;;
3d8ac7742ae401aa928e64275ce11567;;;;;;
9961f3bbd49fa37cecced916f3381eee;;;;;;
9d4f8fd3cc8ed9781475a31246cd89a9;;;;;;
9eb787ccf10c74415fb7e2a2eef8ae0d;;;;;;
9b0980099b778290aaf16928c1de77a2;;;;;;
f9eefff61c3cc4c8ebc725374794bd5f;;;;;;
d0e2fa82813b8126c88233034f500c6c;;;;;;
2585da8589cba9cd61dce0a14c944709;;;;;;
6d5858780235694b03a58acba4f868d5;;;;;;
1f7f3995e6430a5700eae9d7eeb28755;;;;;;
445d9c205c741cbaa5d13b3f9f7d972b;;;;;;
373913d57ca3c93ea43b90211c821b9e;;;;;;
fe9454f01e545a5ef05846d96e7b5cd5;;;;;;
f00da1c2583fb487ea3ac33d1dbe1ded;;;;;;
ce5324f08a17c28fed64967972cd0680;;;;;;
75f81b0848c7b2f0deeeb6a76a49be81;;;;;;
f9543e77be528d89d34e84bb6d327986;;;;;;
f50f2e1a1fa68c04f8897b734f4d9737;;;;;;
1c2864ddadaefad433209171657727aa;;;;;;
c009d084e022070891a859741c1f6bcc;;;;;;
bd610fada08f000cca93ba31147e4720;;;;;;
5eba10872e05e4d2cbd8b9f6ee3bf8fe;;;;;;
9d841fd7d0cccd00561879f428065aaa;;;;;;
d389a2a0c34900a037f3711568ba0edd;;;;;;
322c8c6394d6ecbe2dd56876c06fbfa2;;;;;;
888e9d0339f76b25283b847598132c1c;;;;;;
935539bba50030f6b6d6c1f1c03da4da;;;;;;
77cfe2bea24f9362091e07d7c780db40;;;;;;
708b6d15baed70bdad66dfaff0f4f862;;;;;;
32cb034968a1999a1181e446ec6f5aca;;;;;;
d0cc055f1dd8414a05c5fdbf0e26b1b8;;;;;;
e58a865f468f156d914f2657f6fb75d2;;;;;;
1f1ca6ef83104ca315946c832dd74e33;;;;;;
230de0300b33cf6cf13a2c4c11ed59a4;;;;;;
15e3bc29d8c98322b22eccc197bfd114;;;;;;
233e26d7f10b464d39576c377b2a07a1;;;;;;
0c44e6e8e423c8db7af7fc396fd82028;;;;;;
f3a767c43acf1f8e543d24f1076ccdb2;;;;;;
eae4602d7b083a024eed6a91b786b141;;;;;;
ea2021ac9dcd10b92636f4778ca14248;;;;;;
fdc73d3c027b568dc9163dd8f4fe5eac;;;;;;
96ee0b79b3055864472819d6e75202f8;;;;;;
3bbc31389ace1c57c6cbecfa5f39770c;;;;;;
825b89fbef4df275dc97522b901f28f0;;;;;;
f341691ed560a4dbec0205de3384d77a;;;;;;
93eb82f65ca6a8c484b45cc5c4b61169;;;;;;
cd700d74d3d79b615c4ef54a70e8f0e7;;;;;;
d6a0315b83179d6511172da49a4e0df3;;;;;;
1a8f9945ce61cfe72a171df4cd187cbc;;;;;;
c767844bd644b93eb81833cc6217ee92;;;;;;
7eaea33326a6d527879f2c1bd5204a98;;;;;;
ba1413cf8e1659363f34ed4be08d183c;;;;;;
d3b14d25ae0119a5279c1ee982f076ff;;;;;;
5ea497f9635f693c06f90379205a235f;;;;;;
5df17e5ab65189142296f102a0d590ec;;;;;;
e87190864623a1b238748680dc6f476e;;;;;;
aea361fde47b81d17e58734a294ffda3;;;;;;
b42dc955942246ae898902557c5d2a7f;;;;;;
87b61d1a1bdef5979b9e3c136fb4c16f;;;;;;
fa1d1e4bf446274d56c8b213fe0abc94;;;;;;
46bfeb490d898e7388e3b626a9283233;;;;;;
05774b506c6f3dfc5e3ee60e06184e48;;;;;;
456d6f86442e8611e1704a5f5d5f2662;;;;;;
8ec0cbba9efe15b21123596d34f82d59;;;;;;
62a6b08a12204b51c205d1f0f8dda92f;;;;;;
78c27ea52f1a18aa9402b70550570a68;;;;;;
22108b4941800b4a5be649a21f1c6c7a;;;;;;
b11f9fcb5f54c55dec19b60c1a8ce657;;;;;;
5c8d80901ecab2775238bbcd61d008e6;;;;;;
4c9b5d4575a6a2c07a16b40ee5942e0a;;;;;;
2c20fc4e0e205fb9a98fd269724f5f6a;;;;;;
e25c4fc7c8a570974a2bc4c76790547f;;;;;;
2fccd0b12d63ede94858e8e9d85333fe;;;;;;
653e071c18cba0e41e64dbce93897e12;;;;;;
a7da26a3c0f5c35ff412ff5f45e08860;;;;;;
f01e3b3a801a51cc8b75dede26a19ddb;;;;;;
419062d6b898e2c6e7d39fa6af99da83;;;;;;
7e9ed5e2f073495f30effca1fa3eb292;;;;;;
650b0dbcf3527988c40bc8e3f72320a4;;;;;;
5f13ded4035171045e9168f5ab580991;;;;;;
a618ae9ce2075d03e41690a3ba7afbaa;;;;;;
f9399ff748342c050c8f3dc5ec9712c3;;;;;;
1a2645c9dafb830b4719152fd210eaa2;;;;;;
78d4053d3451a9af60c72ff5fc761c39;;;;;;
92278883f14ccd24a15d3584fce0c5c6;;;;;;
14c8699be464d3c5167339fba23ac5fb;;;;;;
6ddecb6959b114391fce3c966bb847fc;;;;;;
3a6e72ce987221cf77c94878b6fa1114;;;;;;
46207595073e4788990ea56db89ab7d9;;;;;;
8d4653aedac7399b7273d01324512c7a;;;;;;
0fdfba05d753d1388fcdd9f810221a50;;;;;;
719bf4ca5af4fbf54493b385170b7542;;;;;;
ee2db3421c4e3c269874a6b323db78af;;;;;;
1b8117f7cc4c53c56818bd43820fec10;;;;;;
332901be7ad3b0d8f0f8a78f8e887628;;;;;;
5ce96a472c7848403465b1f157824cfc;;;;;;
a076d4f8403b23752e1f6f642111830f;;;;;;
ee8d6dad37adcafaf147cc7d24b0cb84;;;;;;
339104c6fcab351c8d419ca53baa21a0;;;;;;
43d5d6ac830c6317c653d83253a01022;;;;;;
a2b9c418058f5dd04cf0e2c0f51f5819;;;;;;
6a036bdc9fe46316905d63ca2451bb3f;;;;;;
5b8399919c3ffc2707330623dd10713a;;;;;;
c86d34eb1733d59c6a793f37e59d1cf4;;;;;;
6b3b33af9b4fc8b57c27f304d634cacc;;;;;;
518556c216b87d958f9130b5830103c0;;;;;;
a5616a2ff42a53baea9d08a977a621b8;;;;;;
a787443d665a094870ee04cacd7fa6da;;;;;;
fc0bd23ea20d47a9c56d562c2e06e1ac;;;;;;
37caec8ee0ac03a650a422eb014ffe47;;;;;;
6a74f252e1ef7aa91175f6353d0d9540;;;;;;
486eb1d0436c2bb15730c2728e998e21;;;;;;
ef3e7d135e2622db961c810152a243cc;;;;;;
9eca3b3d8f9575f9c010dff620dfb6bb;;;;;;
1f0f3dd514511fb0fa62b918f6d2667c;;;;;;
cb4764c978453b42a9dda7e25ecd8bd3;;;;;;
f46fd87705de91f9e7f489ab71942f5e;;;;;;
c2d7845d960af95f4572f598bebb32f3;;;;;;
3f2e3a94827cf349adfeabf4f23db84f;;;;;;
dc7caa7de7b00215c7035d502d8a81fa;;;;;;
e0543bc6f35622d46110189d42914a73;;;;;;
7c3c7d1696838e3568b1b947bdc5800c;;;;;;
9ebe42b1032f048073fbbc082f68e21a;;;;;;
6a1e38e62349bc50957ce4ad4160bdb3;;;;;;
bd6475128d2f1324e116334d84eb56c9;;;;;;
f93ab8a763bc9c8f831aae2667554f0f;;;;;;
26342ae59429167be61334f89c107ad4;;;;;;
c042b50e991ee7018f18a0c1000ddacc;;;;;;
766995bd4a988128dc4aa9d52b6747ce;;;;;;
bafad775ac16a5fec38dac4068a3a03a;;;;;;
7b47d5bd6ed18380975822a57d840add;;;;;;
39cc98ea278a7ecd1cafdb57291e2190;;;;;;
fc0a261986d51a4cc682ffe641eee675;;;;;;
82877940842b3922437b3dda7cff34cb;;;;;;
14165d73f2bbc4fffe1cf325272aca4b;;;;;;
1e5999fc43a0b9aeb296e9e612716f56;;;;;;
0c85f40d571f9750937fde95e25236fa;;;;;;
ac34af25fe4830a4aceeb348ffff80cd;;;;;;
6c1159466f0919fe87fb1839c26715d0;;;;;;
3497a16da56e93b95e9a5206e942cd71;;;;;;
b93604dacb7a68d0d4cf296138c5bdbd;;;;;;
bc9585701c9ea10a125b68a8bd1dd774;;;;;;
a6092948791e80595f54fd665ea1b053;;;;;;
e15934238e4f7c019f51c10e78e4b92d;;;;;;
a8616f6962a4dfd912a5c8447c00c231;;;;;;
4e16f54feebd030631032ddc0278972d;;;;;;
0091ef84592c6c420d3a55f1218d8da8;;;;;;
9f98e7d8c6460264b0b509014ed612d3;;;;;;
46613fd2fe8e6ad7d7b8c069e5d8fc2e;;;;;;
3eead1ea7fa02ee82bac20ca63358f0b;;;;;;
ececf83e9029d2eedcfb96f58b89dac1;;;;;;
70dda865ea76dd1d7a6e65067ffd80de;;;;;;
582600545e8a7d5ae61adc2546a5b3fe;;;;;;
6eb633b645ecf24943cca66e4edb5e36;;;;;;
8605c02314e78f411599741fa60d8411;;;;;;
4a2cd118c5ac5a651ea92fbf75949209;;;;;;
99ba3b872a6395af1a6ec531362a8c67;;;;;;
e18fa6d816d0e7a03b6b21d0b1cf8a1b;;;;;;
8113f13d5c54f8d999ce729bd132709b;;;;;;
3a4cc03bb96c5cdce5bcbd377b1c37b2;;;;;;
391e8c34b91928e6a9bab0f3eba595e6;;;;;;
be1a4d322b00a431aa28e1942439fcd9;;;;;;
2023fc6598ea4ba45d27b07ce5cd8714;;;;;;
2faeab8185419dc245949a52c4cc7dc8;;;;;;
3d044c90096a0dc38f9857e2d8b9baa2;;;;;;
9569c7e31f2178d0a309b4be0bed05ac;;;;;;
0fefdd5cfa0213e3a387ac35f6869d73;;;;;;
e4870e292e8a001d041daf9814fb5583;;;;;;
511a279ce4de2a14e166088254b28414;;;;;;
3c2ab36e6eb32b1648f97b01eea8c097;;;;;;
a76765cc6081c2a1e5e3f655ca6fe152;;;;;;
d3b9f9d210493162ee98900576e94192;;;;;;
3c209b5f809e01f2998a373f2fd5c649;;;;;;
f9eab7a7b632d3dfc9bf5e0a27e716a1;;;;;;
33dcb3c649816b9b6cda1aba6ce7d9b6;;;;;;
78be4c7e9fbff2ab48a0bc351c818db5;;;;;;
086ecc2586dd6e6b93ffdb1a22829c59;;;;;;
733f81cd9961b287c546e0ed8c61d384;;;;;;
d3396f573a96fa241b51f7d673836a4e;;;;;;
822b2339f36fd60fff69c805d9caed84;;;;;;
97e10e8c161ecb1a08e4c33c7614e38b;;;;;;
98ceea67e46a49e9921be9d75304d94e;;;;;;
99e40cb17445b77f109fc71451ddfc5d;;;;;;
e0e41d645fbdf79faeb580cab52cd010;;;;;;
82a849209188080b5eed041c51a117cc;;;;;;
4bace03c13ae6dc77806b5b1d936b4c5;;;;;;
31472074c84b59ced2a4954337fdceb8;;;;;;
c3355afda522b3bb5fd8fc2460f7df65;;;;;;
33d3e3f3667f3a2f5bdb4b44f618bf8c;;;;;;
c82003ae8fbcacfb728ff3a47e57df94;;;;;;
f1bc2f08ce89f101393ebfbdf48dbb31;;;;;;
05272566f7c38c04e9561610ef74c706;;;;;;
43b486bc61ca37526611d492612d525d;;;;;;
3116cacd6c75fde78bb09ffa87f1acde;;;;;;
34a9a364ff2a798088aeaeb15dc70df7;;;;;;
63c1411d964f087a989979ce03591ee4;;;;;;
e40b6211bf585e6a8bd81e1ededea603;;;;;;
28a4dabf8330f28690ff59a3b885cfd4;;;;;;
c4b870ffeeb1df001b6374c18275e88b;;;;;;
43b3a615682b8061c3c738cba481318d;;;;;;
33338e5339d7e78302fbbba412402d69;;;;;;
9363df3f7c0f1a26ea2f103d1cfb17c8;;;;;;
bb87bf23ede830723d2059dabed65cff;;;;;;
12aeaa3dd79ceeae4a25b164f6b4919f;;;;;;
85ee4d91baa920ccf473a31a0801d153;;;;;;
2eeba88c307396a31a9b000290e976ac;;;;;;
ca6415934f91933c48a62352cc7c0fd4;;;;;;
e4152542055af96df75a555e55198393;;;;;;
aec02290e310ef26993492f929ff010c;;;;;;
a047098ede5669df30fd1c2969657aba;;;;;;
37fffa45c073441e1d711aaa07326781;;;;;;
59f33904446ecf21a710da32fa5d6f79;;;;;;
ab96dea88d01edbe5aeeea814d695fde;;;;;;
9ffda046cef173f4b72018f85d9a7a1e;;;;;;
796998ebe507072acc9374922a6bafbf;;;;;;
c898c7ab1c8c6a3e90bd7a4e274d7627;;;;;;
246195b33a603af7dc37c75f166af81a;;;;;;
a44a0e66d298b6cca56b086ca3970eb6;;;;;;
6db0ed8c2bf09077ce10d0b30d3440b7;;;;;;
1c5c49bbb7ebae1504ddaba8369ef522;;;;;;
339b14e78d1cabdcb8c3f7578964235a;;;;;;
3360797965c1099e840d2340391dad9a;;;;;;
ac7b140607ed03d0f730eb6a6431a956;;;;;;
170645cc526f056cccfe8f6443656e7b;;;;;;
4b1a637293d58182b7b571980c23b0be;;;;;;
e593450e3f632e61cd3b96cad59d6c64;;;;;;
80312e6276edb5210d36defe7c839bef;;;;;;
690ccb648de721210d95e343477aa2ba;;;;;;
0d59b94159e8a187140c6522cee85e3b;;;;;;
9fe72b65cb0332f807bb88034ff73e71;;;;;;
b3c834c51712eafc8e4ceec3d47857b9;;;;;;
2852586acf0ce17ceaa3afd58cf8f9d0;;;;;;
ce587a35115a693e6a72f20b45531acd;;;;;;
6c5699e27350ea2fb0b5d9b46ddcd7a2;;;;;;
6b337e13085a18271b09871654a46de2;;;;;;
949e8ba133d4984847628d5400fe1edc;;;;;;
7b2b2487699d08ed50edf94d2383523e;;;;;;
5bf855fdd3c1e5dbafc1c10b437b4a00;;;;;;
7e20dc37d3b9e8fca5ff7d6cfe3cdada;;;;;;
86743c22832e785dd00d8ba83bd03891;;;;;;
d564dc4b5bd22fab0d581e32aa8619cf;;;;;;
41a206ea6a19823b12bcead9442f72d8;;;;;;
b07591cc99b17b07adabe38cf3ad8445;;;;;;
1b62318681f994e3bd8da1cd2d36cb0e;;;;;;
0032a3d5289df5fe5c654e29d4393951;;;;;;
7423fd0dd4a83239ab2eee93699d781b;;;;;;
62527a76c70707cd410a91e33be0a565;;;;;;
385ed65cd6ac62ba669a0d7b00ca8f28;;;;;;
b51c0ea0dd85d8649213978f99817554;;;;;;
3b9126f0a3bb0432fe4d1d5b33551643;;;;;;
d9ec872245ff9604e6719e62bd7d9a51;;;;;;
a4cd0f55985bc6444a3d7d6c37435919;;;;;;
e2ed9ee0d16beab06365c7c6c1d25b79;;;;;;
b508d2147849647159b718d56dba1066;;;;;;
970342e4ceb80fb18e475f43637fb880;;;;;;
34da8ccd02ce74dee63e1c19fcada631;;;;;;
dc368c18a277663a820e6ec455c93663;;;;;;
8566792fa8429cc31a994c449d64c62e;;;;;;
c5b0d688e2c303f67cb82520988723bf;;;;;;
3c6949dc0b5c7ea61661c0945154f2f7;;;;;;
6faae9b7c0c07a59752865d7b25df84e;;;;;;
f0472ce1c84231fa886f04ef5c9a6c97;;;;;;
b06421b3c83ebb8c87482d8a7dbd47f6;;;;;;
aee14fea30b8e42316bfc86e85f51aec;;;;;;
e7dd598ae2c785276b07aa7477713756;;;;;;
539940557dc95685e63a1f060021f684;;;;;;
f1006d7e0589ae7a2aa8da682317c82b;;;;;;
5f22d7dac47c3d0ee9213d69a38e7956;;;;;;
4eeaeaf21d0144a0d87b62dad6fc7ecc;;;;;;
e3eb90ab8ff5d709b61d2de98cee73b0;;;;;;
7f1b74c2d6fcda7d73e9b19df6d84fe5;;;;;;
1ad0fa666940bc8bfe8f5993432b2179;;;;;;
1f84256ae2fae3b5d11246f842d946ac;;;;;;
45706c33456d0d9f5c5b6a13daeba7d1;;;;;;
8903eefe581d1e23d6e48e509b38677c;;;;;;
ee65c2ac9b130ec173e41dad857a4cf0;;;;;;
dd622669d24163fc1abb88f67595ccb6;;;;;;
7e3344f4c4df448b7ae7b036805dadac;;;;;;
a1316d7a5604d3a593102dbf3d7986ad;;;;;;
4731a2573d7fea84530373aa21240cc5;;;;;;
a610effd6b481eadd2396b78da6b4b1c;;;;;;
ef3b82ff393e0918468ac736bc6714ca;;;;;;
4fc3dfc083fed03b05784d3b5fa2e4dc;;;;;;
d1711c8762b4bc33611d5a2ae4e04f77;;;;;;
1d88fdae3cc4e58603163c98ce488984;;;;;;
9de6f1e20d2d6bfe4b6eefbf28b7016b;;;;;;
d642e7a4d34c07bbac50ae5a0a8e3f17;;;;;;
95e82021a5a73608c5133f233a453bda;;;;;;
e9235bfa6b3211c494d3fbadc56c14ff;;;;;;
190eda02f1ad579fd79bbbe2a6f74cb3;;;;;;
96d2a33375d3c76110529784acb321c8;;;;;;
c02042e24d40ee32876613af6d005ff3;;;;;;
36a2aae1760a5d64bbbb370d89e973bd;;;;;;
24c2826da60215b6af0f89606c61c9d7;;;;;;
6412f6dd7a7a820da7425cfa5d84bdc6;;;;;;
e51329d9c5f8c3cc6eda3bdc68670083;;;;;;
673e80bdd450e77eea366f578d80181b;;;;;;
c2717c204960edeb2f41e35085873c82;;;;;;
05f5153e46a8f9f24a28ee77108fe10e;;;;;;
344f0ca9083cda5086aeaf9c24d7b5ff;;;;;;
578f27b5ec25eeaab5b51c0e4220ff71;;;;;;
909ab67e54197efcc3b75cd572e10849;;;;;;
1f495b3d2893c4ffb8001fb0662ee04b;;;;;;
c2ceb9b0e8d040cd7a779436f5ad06fe;;;;;;
b359d96423c2eaf4564fe8d3b7220d1a;;;;;;
c05da4c7e8bdd0cec21d3ba3bbca823d;;;;;;
b50847cb54a9191c9fa72ab4e679bc19;;;;;;
70dc7d8dc5593c4c2474a317dafc07a7;;;;;;
14c93a2dcca303642c022652036c8035;;;;;;
0b90d4b48513790042fb7e0f0b9dc94c;;;;;;
86e33e0214bc0bf8750b7f30f2686a05;;;;;;
37c1fdb301cabb947049860234030e1a;;;;;;
7757ce10a026800b24325711147f27af;;;;;;
74a394080c5bb271fe48b677e3da19df;;;;;;
f4bad4362a6e35af79c29961744648ef;;;;;;
c6a1eefe09f24dc1cbd7bf56ef26f08c;;;;;;
cb3c076c00b1d4009b4ae6f0298a6c6d;;;;;;
5ad3d6671bca0f4bcd9fa3d7cd8bfe01;;;;;;
60e1d6dd11b820971f870fb2a3ae28c0;;;;;;
fe91e5d82a764e90b0f61d7b63ceccca;;;;;;
0c91b2e1353cf9d776d5cfde3bd0b3a8;;;;;;
8fbb31efe2d238e6bfe60273949af727;;;;;;
5071efbcbede3d63110eea5df07199ca;;;;;;
9eb2eee9d53fa24380ff1bbcf62f3052;;;;;;
b15a94326fce82d16071d17d76fad741;;;;;;
fb6dc516f6520cbe9614c9d34a73a7ce;;;;;;
7bedbd66abca40c6c8aac40954e98dc4;;;;;;
00a77a367e0d2963067747e9c091d9ee;;;;;;
1723b405ebb01d751d84e2245c54b486;;;;;;
153020b3537d016d4c73930f69984bc1;;;;;;
ef3f739679b11fb3fff6ba5f27623bf3;;;;;;
c21c455522dc643d9e38549a52acfe7c;;;;;;
35e2213f866857ccb492e7e1218ccc0e;;;;;;
dc3f3af447a4555f016e02f4fa503c46;;;;;;
4083ff25992516ac4b75e39447f3dec8;;;;;;
679785e956aa4f8dc5c84da54f70420a;;;;;;
4e1c3aa4ac73d07a910520c233e56886;;;;;;
bc34fd14ccf68ee9189ee52ceefabd3f;;;;;;
8b46765d429db6c2bc6982d982c0da54;;;;;;
04ca2f3a6061b5a70f13713a150e51c4;;;;;;
afd44037361fb0f920088ceb7fc01355;;;;;;
6d9615a63131f0a74f768e6b9903599b;;;;;;
4878d3ffdf2c84eef422171d7c544487;;;;;;
014cfe7bcfafb52c421021efd1ff27b0;;;;;;
dd2fbbb4c3ee915e465a173642f49315;;;;;;
ad5ea33341e8f62ba687eed6a2245708;;;;;;
40a7283110141dd4a6914ecf6145a656;;;;;;
a29af7621a1a6c3f070136fb985d8efa;;;;;;
2fa539f2961adf958140e5beb3ec2ded;;;;;;
d2e703d55032af4d20f12136146d2904;;;;;;
1d826dbdaae8483c41a7f1bbfa905356;;;;;;
d68824f90e14660edc85e359a86c7d61;;;;;;
59303371b7018a0c15223d63364d5abc;;;;;;
1c6e20e029c675430ed6c21278e1a15e;;;;;;
a8b15e247608669821c103ce66a909d6;;;;;;
76e5d8c615fe37593916d14df191cc2a;;;;;;
71e5e673962c6bee8cbe7fffe44c7549;;;;;;
17ada162213258068954d9095bce955a;;;;;;
7c3ffc22b552e95d0b53daa7e2cc7f47;;;;;;
5bda0e5db8bd467964a06729ca84510c;;;;;;
e67c556d1e4d3a008823b5343d8eef48;;;;;;
6cef428f3469f27b166ad1e1adebf739;;;;;;
f0cca17ae54ae63d351ca702aeae830f;;;;;;
e296685ba488de77a580765ecc8965cf;;;;;;
4ecfabe3de828287c821805c3401ab55;;;;;;
0f81e7ec4e188032304164056fd7fb52;;;;;;
bdc29d495ee72372c867fbb899c58409;;;;;;
941469c8faa7f87facc5e39453ee472a;;;;;;
e8413c63e8888ee761df24710a2fe158;;;;;;
e343bea0d271816b6b1d9ac8b9e519d6;;;;;;
2a3f0b8a1505de609fc4dc05d8813429;;;;;;
42e954f62832646cfbdcbd85a3920367;;;;;;
76e051a4d39469938744ab0490e25f1e;;;;;;
e8b05ec10e26eaee5253743bb62dd0af;;;;;;
2724fc89f25c31064e7d6e8af75c04c4;;;;;;
a9060eb77c73370caaefaa8fb4f8dfad;;;;;;
1f0ddc0d0daf5e8356c9afb5ece843d8;;;;;;
3dc88eb63ac62ef70d0745fbc61d9731;;;;;;
33ca28d54680f946caaf6dafd154f394;;;;;;
45d6fc149dd04b89608fdf61a9eaaef7;;;;;;
395a1e138a95f51c91da2990119a1d6a;;;;;;
c7ce634cd5ab8201122eea05d8a8c680;;;;;;
4ed299ca4169337c51a09c6d0d5f5538;;;;;;
b881cdeec3fe9e5a0546ba709c94c2a9;;;;;;
fbbcec203f016c1072870d598e727cdc;;;;;;
8e76d8546917e7325bbc644c5fe4c1ea;;;;;;
7f26f57226486a0e79ec5bf22e218d0f;;;;;;
e3400e9b1ff2e7b191a8f3c61c6b48ef;;;;;;
c40ff0a02e97f97f8434f6d3f6db13bc;;;;;;
29deb8ad488d0012fa6e42f51bcc3667;;;;;;
2a2bca52964162932fac8281cffe266e;;;;;;
b3d793dd1752a5b0132f5eed37aab969;;;;;;
38b1ba1f527416c914a149c370f2fe77;;;;;;
447428c17def004ff826cf019475fb7c;;;;;;
817ffef456b9387a469f728e17d0416d;;;;;;
e836a9e2af5de2d6693f3ec6f262148e;;;;;;
b6cba5be193fe26f7023592061a23b7d;;;;;;
18b8bf89e268a68e7d51cc2b7b8ebaa9;;;;;;
3a7f3c87bdabf18715919161cef5cdb6;;;;;;
57c71193c3a659d15431fda2932cf466;;;;;;
86cb13c4b954ae7d4df7bbc4a852490c;;;;;;
0d3085b2ab2b97b6650b7249c0506071;;;;;;
004adec0ce24e84cb455b051626005db;;;;;;
3c5c791f451f936db867544423afcfe2;;;;;;
94cb3690faeffdbd710c9f99ac9b653a;;;;;;
2e24a3aea406d1db4c318c6d707f7423;;;;;;
cc886dfc4e2556eceeb85c861afc5203;;;;;;
7688999a354ace9877548bca49ad33b8;;;;;;
51fde16006ac6a22209b47a4befd3839;;;;;;
b001484d7c531329507d64fb371eaebc;;;;;;
3c532096beb60d37cb254618bb160a67;;;;;;
2d9c4948d0504174407fd461f765064b;;;;;;
a3588af1204923cd4357005f921470bf;;;;;;
5b3cabd9f5f0769a3df244b30d8f125c;;;;;;
edcc1b135fb485c4c7db9f2832c1fb1e;;;;;;
4b075c8880d878aa06e01ba4d9f904d0;;;;;;
10f6f190e88dd4fd614aa85d2eabfd99;;;;;;
d06757bd32e711bede3990159f8e05c4;;;;;;
56f81faed6b9aadfca476a4288509be8;;;;;;
460081675ea8e22a049fcf5ce166b924;;;;;;
1140e0ccd03665943a5853d9e353dc5c;;;;;;
be020dce2db88e211fa3b59949763185;;;;;;
d09d0436e381fc6ce4c13ef13a2ed632;;;;;;
49564f076992e0d6a33d29a438448845;;;;;;
2406fc0b57a28bbc2fbf86f4a4cffb55;;;;;;
e4fcf53d525a41b2038a4bde8c9bd6ad;;;;;;
dde580f669399bcf133b10ab228bc4b2;;;;;;
18a0b8e8bc47f6fe6d9cda71190661b3;;;;;;
81a8f1c9036925a1c147c773b0c0bce9;;;;;;
c8db37311f2b5b2104df6574f67ea7d1;;;;;;
6f2ddb130a4ad9de27756bfd615662c1;;;;;;
c0f005484934a60701f1ec385ce25474;;;;;;
82d981b1d6e5da9a2ceac98b4347f894;;;;;;
9b36f5a1fb7ccd164614da6518d03f5c;;;;;;
399e98a9e19e9fcc7b20334087649f86;;;;;;
88c4fa258a5802cbdc4d1cdef891809a;;;;;;
fb1c29282167259d413e7282148e3477;;;;;;
87b598c115656ae403f6c3c3cef49755;;;;;;
80e6d581ddb10e76aaf94021224ad9a1;;;;;;
3e2c59302367f5d0030c57ea1ca5583f;;;;;;
7e4df550c2cb3eb743537939e908208e;;;;;;
b3181f2d7d585566e9f80366aea2e7f9;;;;;;
332b312f1f0f42ac81b5cc9ec473d930;;;;;;
db55b382b87b59b5a5c5a0b09d7d6e78;;;;;;
86c80a300609a7bf7911746f5872868a;;;;;;
dc4f7b535cacd29d556ac60bf9623b52;;;;;;
b999cba9a2f23b6eb2a3e30f8e89f17c;;;;;;
05956f89eeb4aaed752be912479370f6;;;;;;
fc98add106f12653f76886ba685eac58;;;;;;
ad97068e5fda348e9be0477950914153;;;;;;
fbd28e6f3b66bfd2c0b9a12a90e5568d;;;;;;
9acf4da4c9e42637f8745de7d3d63305;;;;;;
9999f0257c6c48ba76e43b63312f9147;;;;;;
a13c41b9f52ddc8204650b0abb59e92a;;;;;;
e2807c06a1cded143501921e6440e1b3;;;;;;
e5e81b1f0090469697e9760d765cdf03;;;;;;
76e4482e50f98209c5f39068b8c4dd1f;;;;;;
5507f066f98722aabe39d9c07c00caca;;;;;;
4e9c0c6d22a33dbd0c83ee1640037af9;;;;;;
9021eea88260cfb908a526182819c4ba;;;;;;
0e52276f4a84ab416313ba0d6b95a446;;;;;;
a1a8d5d9daa1a0570b4432f51a6c0888;;;;;;
8290412cdba558a33a1f36fa8f4fe03c;;;;;;
205410be9a3dc5eab22b4bbb36227218;;;;;;
bb2a1bd48adf0d9a1e9541d9fdafd1f2;;;;;;
5b24056495d9a012c893cf4f2582a74e;;;;;;
daead5b4c1143d087efe99c4ae60f798;;;;;;
758a66348d54a2086cfd6bf6f0211ce3;;;;;;
816f69ffa2aadb744528bc4e0760711b;;;;;;
c6e25f9910776a348b9c257a446637e9;;;;;;
089fdf5f585f735679d1e1acc0a7c1f7;;;;;;
c5bbc7f592f26d0511bef6b4cd10a9fc;;;;;;
c3b4b2f7c904e80a69387e2bcb7a61e4;;;;;;
d8d6dc70c9bc0034d485b3d0fc5580f5;;;;;;
5d63740b2be11e51619a71842dfdb2bd;;;;;;
3ac5e611e264117ff41c114163139503;;;;;;
f594bc6a789cf350e6a24d88590f93a2;;;;;;
fcff4a8b434a0f14ee57d30a9bcfc408;;;;;;
baf8c99b94510ddf3c95b7c0d3b33dc2;;;;;;
a598a510af5f9c27cf5e894a75e85039;;;;;;
58a32c868ee8210023ce53209812db96;;;;;;
d06097d52b51b9e9f8b7cad7ff7b01a7;;;;;;
05c77ba9f9e63db8e55a61ceff642294;;;;;;
4947cf73dbc2446afb322094fa9db34f;;;;;;
5bfc727b02b35c1017f042b6becf1ddf;;;;;;
5e6a50b135c4fe92aaf792f27d328936;;;;;;
485fdaacc1343157f15593d5a6f80134;;;;;;
7770ca9afdbc7ea90bd78969147976e5;;;;;;
eca21fdd8d2d928cb7f2a2ace95a695f;;;;;;
692012fa63ceeb845450f2bdfa743974;;;;;;
0f827080a4a3355a1801b6bc40e048dd;;;;;;
48a9039cf3240a97ac6bf199426626a5;;;;;;
4af44627e29290779700e764c67f1b56;;;;;;
3a11e9fcf54f66587b3fb8ae1202dfd8;;;;;;
2e0598c38a2e6b29babd1fa19505f47f;;;;;;
92f7f96344e67ee2c074f075b4ff8e0d;;;;;;
febe5f9ba4cb3ff6768d618e2ebb9445;;;;;;
b0968fdcdb4d0a1cf27d02ac52589228;;;;;;
1d4d0a5cb00b43ba1c5dc6e1d93d9e7f;;;;;;
86daaba5479b56870e8ae57242189850;;;;;;
25e21626c119aaa5e92fa2b36c9663bf;;;;;;
cbb59abb0be3f61651524f2201d1cae4;;;;;;
fa2d706e91ee328b0c32a49939135947;;;;;;
0512785a7eb1192bef32c975daba6e56;;;;;;
587961f432ccce283d03852cd6754da4;;;;;;
2b71e7f18beec173ec897b6c2b506404;;;;;;
fb8e579a3354a04e4c09476a61ce0c64;;;;;;
e9fc0ebcfd10d91212fdf361a2753392;;;;;;
6b82c8b8ed3d59aca9b9d3afcb8cc498;;;;;;
536b6c36757754176cb1f46f16dc95ab;;;;;;
15a165385121070f76c717192cda641b;;;;;;
e95203b5ca3efd31a0ea198a63ad5f7c;;;;;;
4bf4f2d425f0bb4e8d17557e0cacd432;;;;;;
79e678365e52f78fa882c9737a479dc8;;;;;;
b45b652b7e8ac7ca876ef916de8013ab;;;;;;
4b71d850761475cd48a7fd4e6128d150;;;;;;
7830f8e2e255f70c72f8ed63edd4611d;;;;;;
3d69b880c9449edfabd126ef57d19bdc;;;;;;
ecee047bae1d9a754741b05756d27e7c;;;;;;
6dc3c51fdfcaa1782999d6eb02454c00;;;;;;
9e2517da89d88449b008a2876858b9c7;;;;;;
34a3939cfe9b8103847199c5f55d58ee;;;;;;
4015e8d415daf10b43a649a665201e49;;;;;;
86a31c875fddd7be89b20599186ee656;;;;;;
7ac01cc3bbe9d16751cf7aff42eb96bf;;;;;;
80f836abe5395f1c099e672b8a39ccd9;;;;;;
48f67a8c11f6d9a01599aa86a1706fda;;;;;;
bf6bbf0f40080d8034938b602b4ca4df;;;;;;
41e2ecfc8e40dfbda427dfee5b402747;;;;;;
15d1fb852a2f2b4c0d617548e151a209;;;;;;
58b93681da40d69030bbe7c4cc696d04;;;;;;
c6a8b456a6e29aabe05a6cc3eba474d7;;;;;;
ede6f05cd816171e7c2acff342e88e0c;;;;;;
9b5c5475ea41f9ba41faa6084a9b9e00;;;;;;
fb1253c795edad6137f078662cf9b998;;;;;;
062fc09278a2935293e38ab4c70f0d74;;;;;;
5b50e7266cd485bc3b008139c2a59f0b;;;;;;
dbcae0fd8d198134b2088f97f7973954;;;;;;
ce5706f3b3f3c8c005593baa3e16c859;;;;;;
bb64ca9dde398b5d8f5a94004ad0f984;;;;;;
ea950f9723fe6a6d74defcc9e4cf7097;;;;;;
f7bd9bbbc494be0d47e15965cd85211a;;;;;;
180e69cef6f767b28373be9844d2f8f2;;;;;;
5ad50e256117f3cc835d9fc3872e58e8;;;;;;
24e421ce61979bf081fc266eaedea1c2;;;;;;
2a965b3b74af90546f5632ebb154be0b;;;;;;
cdac997af67c3f42f158360a097e493a;;;;;;
5b70d0e62d9e51bb46842d154636ddbe;;;;;;
8bf4e933e57e70c81ea051b3ae869304;;;;;;
aa854c534a178afa9b6ff4adef0f19c5;;;;;;
8a935a68fa059741303782752788cd59;;;;;;
eafc6e3066c8ee76b1a48c333020aeee;;;;;;
70afe477b4ce23b2ff0761dd3060b76e;;;;;;
93282d932edc8fe197e19f7432ca6196;;;;;;
2f7785f5a812d16d3daea7f7a695bfbc;;;;;;
ce9f556ec4c4b5298324883526a8508d;;;;;;
76e525e480f42eceb1faa8ac32a3c351;;;;;;
3318a7538c70672ee51f38a6662cee10;;;;;;
9697b8a5eb0ef89d73afdc96a2641034;;;;;;
25481826b61dee11f29725470afea47d;;;;;;
c0bc3a19a691a75ea6ae7e496910d9ed;;;;;;
3fbed2928067f6774179e49f99232da8;;;;;;
1e86c7ee94f3e0ccbfcd1bf35da3ee3b;;;;;;
724ace1777f9a6b0410ae4002febad48;;;;;;
88ecbe000e4a0f665a2ab1d0056436e4;;;;;;
aaea48492ab62651a874217a8ca2df78;;;;;;
b473b03140e1744a29bd3407dac4903b;;;;;;
1b90acc563411da1a1172560d1ee0b90;;;;;;
abd2c47df8dfc9078b3b2c393d7b2c0b;;;;;;
c5e778a16d2962597c125fb55a16a84f;;;;;;
3ae14314482ad832fdc65993005682b4;;;;;;
99ef231367a11f8bffce5f5303e222b4;;;;;;
b7e51bbca08c2be4797b488afa1b05fb;;;;;;
8f4f612951dfd911150a6841012c6bff;;;;;;
aaf8c77d3fba3c7dee3e258a1cb936d2;;;;;;
ff89e21e2679e100c23f04ba540d2e0b;;;;;;
3da8a330f0d9ce74c18fe4b65b374200;;;;;;
75bcec358de2c57cd1ab706f8f34e12b;;;;;;
3072484e93313500adad63c5aed0d765;;;;;;
e83770d92702425cfdfc4cab8a14be05;;;;;;
51d72a429980d960c2abb398827c4b3d;;;;;;
57a4b516814cc9c93337606bbe019731;;;;;;
1b69516e37fa015b52c90e9d356f332e;;;;;;
f6006dea9651fafee12dcbdd7f8d3a0e;;;;;;
db743d4cbedf6c3ccd81d5d189171a6c;;;;;;
eb724b98a90471d96e490503cb3f0767;;;;;;
b96727599067a250f4b500b571fd2630;;;;;;
522478348b7ba89e70c5d2fb42dd896d;;;;;;
871bfa28a0c73759d2dddcef45f57c06;;;;;;
76644d0c46a7bc6a02cfaba85cae2c40;;;;;;
1675bde65759730d1d132c1fc5d36db2;;;;;;
59e29287b8d34b45096711146665e771;;;;;;
6f6292bb691349e31bc155250f59cc04;;;;;;
99c0906626cbeee0ac76415cfd563ec0;;;;;;
af7d784ccab0dfe3ac002e995b8193cc;;;;;;
97790e00f06c213b5b6834a7ebe00091;;;;;;
0d158848c764a2bc1502a4fec1760d7c;;;;;;
b4961af06903c6133a46b9f216023d93;;;;;;
e4399fdb33e0055cc514b0894dc837ee;;;;;;
f2e68e360dea40f48ff9237338753593;;;;;;
4dfb7323ca09e2a8e2b82d330e0fa05d;;;;;;
94990edc9b38a719855f78cdd587b766;;;;;;
b9ef4ec45f38af692720d908af67715c;;;;;;
e24cfa9a28871d2dbaf032f6294b5d61;;;;;;
832b9383a23616db9de6414483900cb4;;;;;;
7bc642d0d9ec09160f81e9381e6b25f5;;;;;;
76314745e6e48b09ab42f5cd481e44b5;;;;;;
7adf33ea697e5892190a9ab502c1e2a6;;;;;;
302c85b4bf0c8857323f89a91040f9af;;;;;;
37eba1c911ee038ee789d83726e1f71f;;;;;;
64609a81e0d2cd312b27c141a91d9584;;;;;;
57c880791b0753f8c7c1208f46835dc3;;;;;;
e2ba16e64f1be4634bcd1b8a0062f01a;;;;;;
4a6c9b256e28d350387d0e0986d03b56;;;;;;
a674b38439ee354e95ccea4df34908fa;;;;;;
e658116f0c67d4f6c99bab26d508cde5;;;;;;
7036729c6fcd1c876b6fe8c0fb6d2561;;;;;;
b610e814f20b1fbbee476c327481854d;;;;;;
cdd52c2fe42cfc880d9916018ee29cc0;;;;;;
7e50bec59ff2694b5614df3fb25fab2d;;;;;;
20e514120bb7dd93592bd4345ed76620;;;;;;
ecff2fbe02e8e92156fe94dc5b640834;;;;;;
ce76364c0d46a686c60e5c68ae5a9cc9;;;;;;
df01a488bebd27fc3bd37bb457dfa10a;;;;;;
37f575e2ce845c6f8f7a5b0b2f7a1b10;;;;;;
25ec2f0464ac39821d9e9cbcf1bd7919;;;;;;
18efd5ef545854da6e3c33d6a6302d66;;;;;;
7ca08eb2a13e899fe172f8a022e4bc10;;;;;;
65ab0517b741ab1cab17af177d32e30a;;;;;;
c3a2a05b8f310a6ea8634ca763a971f4;;;;;;
918ecbf29c336d3fb7b131742f5de50a;;;;;;
022fa37ac7fd093c24f7a2784b4856c7;;;;;;
b08a5d469fcc7e2cb78cfe43a2421fa0;;;;;;
e7b9fd77499c333e39ed87735a379a47;;;;;;
d2e2d65b91eb490ba72ec03f5c7a434e;;;;;;
55fb7d58ca46b010cb599b96cafde6cb;;;;;;
57825caddaff1563b336ef1a177165da;;;;;;
543e1afd657bb973a0d96936c5bd2e0c;;;;;;
fd93e38fa5d2505f1809a58789edcea9;;;;;;
31ab20984d8f432060d6196f1c0375dc;;;;;;
1950e98e31d3ca5348d2b03c0ec0ed31;;;;;;
eb73b9ed36f87e7f246b43776c5ab3da;;;;;;
b316501afd5d87e822834d32d178687f;;;;;;
5ad50f571ec9db5ce633508d88233bf1;;;;;;
6bbed69052845810d8791e88491662be;;;;;;
bb91539a6ab447e0ef70f124c5cd398e;;;;;;
97ba01c92a07fc81313da557438e194b;;;;;;
5ca86aec4746da660dac2a30bda2af06;;;;;;
166b5fa71dc8ab879e4e9200a66b1fa1;;;;;;
8910ced19a27c429fe616b556d63eab7;;;;;;
b12655b7c69817d00e32601b22ce42eb;;;;;;
19ac9e4df9029953d0056bc2e0e0fb28;;;;;;
058d852791f641000c874146c0311ee6;;;;;;
1c9fe2994115c52777cd10906a97a75a;;;;;;
b7015e3914456727eb359921aeb0178c;;;;;;
88e0488256568d5148a5d715ba81e22b;;;;;;
3bbd54b994d9c53e3878c095693f95f8;;;;;;
ed8659bba0b5575b101872a99a697591;;;;;;
7cfd0d453e1c4909b54aff17cc5ea689;;;;;;
e02ff263cd16e31de382593b8d807103;;;;;;
a32f2627e77b19c5f0126f13e13ea71c;;;;;;
5568d932c2fc0754eb961d178291483c;;;;;;
16609261db501f34b3dc464274e8fe34;;;;;;
8b3279abfd45ab3202c38af17aeb5835;;;;;;
b1200e6f1d3643a6153a6b927a728c65;;;;;;
958cbeb5e1694b4c5f7d3d119e156fc8;;;;;;
c23804ba1abe95cef89f8f2d4c502174;;;;;;
506bb6bf1d44fbdb21be1560705f12b1;;;;;;
9b8bf4cf245855def30476fe745ee413;;;;;;
3bd7cd2224209cb86140a10dcdeb3e04;;;;;;
076b33e88792007b2e800cf82bcf717e;;;;;;
d94df0ae2e8049907c4d53f6222e3857;;;;;;
4710d529ea2eebf95143d7f67c6308fe;;;;;;
5510a0ab8d5f48e67b5cd81fc51df7fb;;;;;;
8dfb2d329660bb58dc25a8405a13b0a2;;;;;;
011fd4bc1b36e3f4bf92861d94a4d5e1;;;;;;
40c082e04395d7555ec311468ce6ce3c;;;;;;
53d57dc3f68f2ced31514f3893c82f4d;;;;;;
d4efc5a85e4d4f96fef849765162345c;;;;;;
eb588cc992506c6600bbc3daaec26198;;;;;;
e9a0f9d494fc65a24141e3519bca6b7d;;;;;;
0e2d5db65fb71c55d437937c0aeb5d40;;;;;;
5dbba3884b1b9442b12bc228b22433ec;;;;;;
9b2842fb5d4a2258963c9e99290dd4ff;;;;;;
fa250ab7a47f4e37b3dac97205e1a50c;;;;;;
39020509c191bdfeb87059a88f22c217;;;;;;
65569864e7d78bd187c0d6b9f5c5a4b2;;;;;;
01a1ea362ed2c6f385996a5c4e4b60a6;;;;;;
e87272f08f3488c33d78a909d6ec4e60;;;;;;
b1309230d5319c0b5ebdd03d99f35911;;;;;;
f3afb3304a7db052b3b829adc6080a14;;;;;;
3e3a2467474ed7d793bc2ce9161d234e;;;;;;
701b59ad3f3b29103f1dc6e962af177b;;;;;;
858504e39d7f8a822a67556990a7f6a8;;;;;;
767a3282777d497386af5ee620d0259a;;;;;;
0fcfacd445b74cda1564abbc7215b193;;;;;;
fb38f905dad450ff2414508a68d445fd;;;;;;
8005be67c919b984a36bfe0097489167;;;;;;
a774bc168d9eabe944c83233271d3059;;;;;;
5c538f9b64f1704b35795fc5abe7179c;;;;;;
6efb6d54b676aa6831e0edda299c8e53;;;;;;
74ba22277aaffe9760e9c117f160b622;;;;;;
5d901b8e19557a97b81eb667b4604ca3;;;;;;
060450df19c9d3628848802b7d7a9484;;;;;;
8898f6901c653199d8c330ae4d7c5d75;;;;;;
c3f9e0713a2399498f9e822e18d7e94d;;;;;;
7bc7dcec66a88a507a9a5deb80b33f42;;;;;;
bfa5c207c65f827c8b7be6e46c725a0a;;;;;;
c66100ab6428fc8dc9412d7c7f103db5;;;;;;
846cd101c70610154b4db604cc3cbbee;;;;;;
0d518ea09d1706639a06e7c36ea5cbb8;;;;;;
063893525b60d34bca016987fbdd6c33;;;;;;
8b211ff1dec635e1908d7d75b0d4603e;;;;;;
db374858273e94e20b7e073f7990a93d;;;;;;
73dd01bd64bef16b5c7556b9e6c37f11;;;;;;
9ccb9d52cd01c5277678519598fd57d6;;;;;;
a467515103bbba749642b409a5184a84;;;;;;
ba94f0578aa6d01c2cb001b244ce7efe;;;;;;
c3449b8ae0396bac86d1315ae6138d36;;;;;;
bcdc0339026b00b5fa9fdbc5308d2dd9;;;;;;
467584566ccdddca309ef1b104236fa3;;;;;;
8b3029a9e7a84db742bdeb8f3381dc57;;;;;;
c267cf41c5a5c6f6330f620d01ce0659;;;;;;
9b9434c23c30647dfe138ff3b388eea4;;;;;;
4d108c7c050b27a5e46401d5542925b7;;;;;;
8b2390fc08455ebf0d463ded663ae728;;;;;;
1f7a36d48a0f159a829965417e88d51f;;;;;;
fd580afac0fb494bcbe3b5a7be72b7b6;;;;;;
87bba6569a48184090e00944abdf7e83;;;;;;
d6e1475b75f00944bc86c63826cb0fb3;;;;;;
de8bbb0ee2cac4c95d86749d937d42a3;;;;;;
16790fa592b72571c6547df6502d7dbb;;;;;;
0d8b0cfbf96780431043ee3e34f19757;;;;;;
a1cee8ea6e240f7b90b4652a645e24e6;;;;;;
5f1bc8cc853bd7b4062d6fed50459cd3;;;;;;
59b636d90a3e5a58068e40ae730067c8;;;;;;
6d16fa1f96c2a68df5f1df51400fa9a4;;;;;;
f0fd17bc32f14bdf51ebcbc0535e8f59;;;;;;
a4958aa2642f95dc49b402b6ee97e4d8;;;;;;
d7dab4de094afedb48874a0bb16804d1;;;;;;
77d92ee12eece9afec64b4fb7e9c8d1a;;;;;;
acb99fb85a31f71d70e74d892ef7d0a5;;;;;;
4c4ad20a82b15677adc069e026e29b07;;;;;;
1120545a26e414303ebaaa4452a6e7cb;;;;;;
776405ded7629592bca114a9de2d641c;;;;;;
fc333317ecea67eb2a04f7c53674131e;;;;;;
1b3e5087491b292c1eb8ee3614234d50;;;;;;
f4922ef4c5c04b6fe93c41401da24a05;;;;;;
c36a37c3240b2892b78cf9035f6bc986;;;;;;
b277a1b6f4485cc59eeefb9bee164edc;;;;;;
28c6608af72acbfe34ce52f327917b94;;;;;;
23890fb638b151c7bfa958cb00658551;;;;;;
1e7ed7d661bc65d4292983fbb9597ecb;;;;;;
f69fe9f944c90e2d54b8268a7581771a;;;;;;
bdc95e59ffe9648f8a5876f0f880c0ac;;;;;;
89f44bac02f433670304dcd414cc3773;;;;;;
cc0806c1497c3b8e88de5beee31b0905;;;;;;
cc8ceea8cb75261cee5f8546690685f8;;;;;;
6408eb5befc7fc6942eb12af4e3cf3a9;;;;;;
30e00f581a9dee1a603b28272295117a;;;;;;
caeda9726c67c5907f78c146c8fb2009;;;;;;
166cf9d0eb1e9557993cb1f20d524524;;;;;;
b4e0c165455786323cf5ecd67e0017a6;;;;;;
bb854de6dc1a9372e0b815bec9a052e8;;;;;;
d25e1741404d417719c5b944823c5905;;;;;;
85925238a94399c668a7de8fbd4952c7;;;;;;
cc79ff2c6cb21218d6c033e540760580;;;;;;
7099a7f00bc1ac34166c4d4134879427;;;;;;
b764d421fad96cb5b57c451978a39d34;;;;;;
e427921059f120894bc96b55f22c07e4;;;;;;
3ba7dd1d66870a52408396c1db1ab136;;;;;;
3c446c2d23c71711223319e81e7823d4;;;;;;
05b3553140550a66d95b1450af699f80;;;;;;
06c1bb7f15d2400131ae327b53159dc5;;;;;;
53c904893d60916a133a01de80739be2;;;;;;
a2cca7d82ae815f93f5ac5ccd3d8edd4;;;;;;
039de93bc60c608d27bbfc3917458a8e;;;;;;
e0b03696d4c834a7015ff4394ea8f8f0;;;;;;
c76b9d0afcfb241fd9c317310e8062ae;;;;;;
c5a72b93b1a9aebfe1afa7a30186f9d1;;;;;;
a083631ee438b5da93d0480e25b0ffd6;;;;;;
961eb99d49644e4d86a459deaecdbd89;;;;;;
133c7a49c045b0118238800ccec72f72;;;;;;
61108b65538bed1601326b0f5c7e6cc4;;;;;;
7ed60c3544f36c06b918ba3c49187e01;;;;;;
6671c91a1aae704c2890cd131674c749;;;;;;
807251c9f0a13723dfede9efbd585966;;;;;;
cacc54a0df10d5b9a0a180eb1d0fefd9;;;;;;
474e4e7675938edc37cfbc1345dfb7b2;;;;;;
a206906f801d02885231dedd952b523e;;;;;;
7b1c68cfdd03d697bb4adf093534e5cb;;;;;;
2179215f57fc8d8a75d6ea0c862f19dd;;;;;;
015a72d9ee08554c383bd1900b20973f;;;;;;
e032c64b92f55ab630364dbe824d5181;;;;;;
e01f5b79ab7d994116bbdb48d7e9720f;;;;;;
3e78ac20646c9404668938cd0ec0ea91;;;;;;
a06615fa98502d46ee2abb43b02e52fd;;;;;;
0fdf9800e4327a4415e60eb21cda5d30;;;;;;
cc8f2b0dccb061da4c97c52cece8279e;;;;;;
eb63143e0f387c046afe72f2a8cc02cc;;;;;;
b2cf0e46af79c8fab2e071edb41b4200;;;;;;
8ac8d4d44462a48a56752fd1a5b4b1f4;;;;;;
6eaed7ffdf3cd6a1f92d47d759bd125c;;;;;;
0f40d8577304f87e60f2702853376973;;;;;;
99f189cca6779144d6ccb518c370b92c;;;;;;
d2f0cbc2aa21c9bd5f147f0a72ec97f8;;;;;;
13f58664b0a645f3a41ad6a7856a8e48;;;;;;
36f28e51c72cbf69466d0bbee7dc2b0f;;;;;;
3ad356a7c17e134917925131ed04767a;;;;;;
516f0f418b47358939cd1f296ff87f0e;;;;;;
3ae4d42d390c5dd3f305e06c7a97f6d0;;;;;;
7a4c785d99bede3d0edc983333ab9ea9;;;;;;
9ade28976bc9266b0ee2de66547846df;;;;;;
85949857eee784f676e58b5b294c5e9f;;;;;;
c4508da4529acdfa0eacad9738ae35e5;;;;;;
75e31d53d7fd744b2926023d08d92854;;;;;;
25e940391d2647312e0e237e3756fc66;;;;;;
25c0712d56e2518e1dd5d04b351579b1;;;;;;
ffeef92df2b8177c6db11d35138d36e6;;;;;;
9d3829b62297973609817fe5ac36ef39;;;;;;
7fc16cd7746b54e618c92edc59c435f3;;;;;;
2d1820ee0a6605f778f537a63922c898;;;;;;
688cf7909a3203aa49c083e03372d9c8;;;;;;
babd1b4a3104b0fa680c32e4d62fac7e;;;;;;
8cb0ff7a8adb4422cd35dbe992687b34;;;;;;
cae698d40c5109df896e993d4fbd503c;;;;;;
f6a8b0e2d06a2395caec0a4527145019;;;;;;
6b35b343ad874626546f399df78e424e;;;;;;
08c0c331814dde12e310d15adfafcfb6;;;;;;
0cedc12546ace45c6a6444dda371626d;;;;;;
89dade0a2641589fa96bd5b921d1a029;;;;;;
803139ba7729c26480a94c6dc6025117;;;;;;
228ca770eb73d5d96ee46b3494ca452e;;;;;;
6a79dca61481763b8af518824689ce99;;;;;;
c2eda4a5c987ae717d8595427ac35ad0;;;;;;
f122425abdcf04304013b8c0e2108152;;;;;;
c8af8fa5b38976404a5207e5b962d327;;;;;;
9e373f2051577346667871b7d4b5e6ca;;;;;;
ed92fed35ba1231b8d34721dc9037d27;;;;;;
83e75c8cba45daa7dd36a7aaaf86de94;;;;;;
16dc47851dbbb8692316401994fadf38;;;;;;
df9f61c1cbc20280c4cee94f592f9365;;;;;;
7a72c98c30cec8426b364fbeaae4998f;;;;;;
981ba98e5f45bdd649a65a2684c015b8;;;;;;
cf24dadb40a508073f81b755a90eab3b;;;;;;
686b328f6abda59649e854906530d414;;;;;;
2603c469ca20bfb9ced78b8f02f50750;;;;;;
3c76fb29ecb48997f12d6493a94c3c3c;;;;;;
552fb3847afa132c61d01d296aa165be;;;;;;
070b8adf5d111a540add41cfa9a783e1;;;;;;
d7db286d8b716374625ecf88a38cd24f;;;;;;
6115f0bcdd24d1bdb14f0154932c7de2;;;;;;
59f445ba6d90ba186fefb46136d83935;;;;;;
2ef04f7d2e66255ce5e3ac70e24c0d5c;;;;;;
d809d0b571879cef656ebfd7a8333536;;;;;;
a698525318fd151be2bbea6ea6aa35b5;;;;;;
19b9fdaa388cc822a541b1d4c834b639;;;;;;
4c2375caa9402a746838a7ec27ae8859;;;;;;
640b1265218d59d66f2fc924b986108b;;;;;;
e6eb747e50cf6e1a796fc67523640930;;;;;;
91d50fbc23539ebc8a4f75b287466756;;;;;;
af6a1ce4d6b16f706a590547fbfc24f1;;;;;;
5bd9e5ccaae3e0e2018c37edbd83c810;;;;;;
0ad90a593a85b5dc3b6304d3516d3f69;;;;;;
34be0ac7838b8e845c2dd706cf567d4e;;;;;;
a4a42fd212c4310549b20affbcdccc55;;;;;;
d16310bc69658034b71bfae699087bca;;;;;;
81d48ea324dcb4697f2dccf148e92c70;;;;;;
7e8715ca9aaa15ca7443dc610288b8a7;;;;;;
38a78c74211faed7096e275cd257df97;;;;;;
0b94a0506ca8fc9fbd53f93878e67438;;;;;;
502bc9e26eef5aa2dd7b2f5c92a19146;;;;;;
a8b0b62c709271e574e0f8f0e3eec6ea;;;;;;
145bb7466a0e69c035136a5f3a06c6e4;;;;;;
0386d4321385756fcb203864ab2a3969;;;;;;
68047cc062b08ca5bce055df1a259029;;;;;;
e77c3d3bb01b52c4c5dcb71b861f5742;;;;;;
61a82f8252f452a6e2c4d8158e8801a0;;;;;;
d6bafdc0c67565000cf49a096a85c9ec;;;;;;
335798c57271bf4c0d3baac3332172da;;;;;;
b12cdefe72e95f74555bbeab5a8d94ba;;;;;;
959a65c83567a2159f8db4214f983746;;;;;;
cb946f887bacb87f1d0a9cbe23921c32;;;;;;
4c009eb9be0b7a37e400685631933db2;;;;;;
6904da33faa73fd00f56b44eac8ab76a;;;;;;
41a8d34dd5ae310f4f1e1f70b4911a95;;;;;;
dd3ebf6be6d1c829582d04dbe382fddd;;;;;;
6a33def6b6139f7a55ed2299e1602470;;;;;;
7aa2c97c48c382d249a35d9b482ffc80;;;;;;
e64cbd9525a1c3d958970613c3ddb975;;;;;;
12a4eb50709a6fe264ae1f7eb5b0ce24;;;;;;
e7a31ef1c7ca211cac68acd077aa23b5;;;;;;
98a21c142430b3e78e241f16a426eb15;;;;;;
7c63c30a0d77bf867e43d67ecb1123f6;;;;;;
9e34cdcdef96a5215884bf754243d94e;;;;;;
ae0e54820eff0c13c0cfb5538cf3fcc3;;;;;;
b76207d9ba2e02b65a719930baf177ec;;;;;;
2bb4836d7a024eb384d4bfcb5e7c054f;;;;;;
230b900a9543bffeb1292208c9548a92;;;;;;
1af5494abf5ca8b401d63e7d336c3654;;;;;;
3f1ee21e3cded6b77bc72f7c336f4899;;;;;;
824b955c7dd7cf9137c84425df7ab8c6;;;;;;
0aeff6d9c7feb1b1d98dfa56cca3cf54;;;;;;
406787beebd465a77fe31d946335e31f;;;;;;
cb43d331b00f14f28cbb6ec5b61b3a5d;;;;;;
df679c6906852cba4ead4b55970deb8c;;;;;;
d259bdab81a0b27cfaf0659f663646a3;;;;;;
385fe54911b23b42e3c15779a106295a;;;;;;
14d7f36c1edac56ffa8d063bda0dc4f4;;;;;;
735b83820012a51166a248c6ff2a90c7;;;;;;
6d37aa6f37a24ddd5828122a07b3d246;;;;;;
8ff26fa9297400c5fa86c96a80732c69;;;;;;
5de7c1d96a875fbf22c5c871a8a3b102;;;;;;
a32a2af5ee0f5a3227176f51a9df9cdb;;;;;;
ec7425e55a238c5a812779357bd882de;;;;;;
3a75c931f4508ddc2cbbc0773d10ba91;;;;;;
f3b60e967e20756848c5905046d782c6;;;;;;
5eebc5b4009756526948640f23ee901b;;;;;;
821260f2a9bc54da705c189aacfcc808;;;;;;
09a37787874f808fda3bc9c7ce483ced;;;;;;
5950eedc87985790577fce8317eff490;;;;;;
1973fde2581515e6656d938dfa2f192f;;;;;;
e43c926fc3282c4feb9adf7a3250cb03;;;;;;
cb11363f73fce5bef5e44370c6bc5635;;;;;;
c49547b372e528614b64b9b50a270254;;;;;;
56897687e895b7674ea9dc3d2b15d7d1;;;;;;
34bb187d812bdf7f1300162546f04ff5;;;;;;
5aa1d42441043beed9e2275608c72b23;;;;;;
d33082e551bcbc123da311a8dec4210d;;;;;;
298c312d22f32c18f1a1739b16ab951a;;;;;;
055e8ab92afe4bff74caf430ef223aa2;;;;;;
b5b87a1e6fbbc71fcc8ea7b0c2a58572;;;;;;
31b4b26a76243ae3816b2b0066c75fd7;;;;;;
b8f53e5c4ab1d8a1240848bea686f150;;;;;;
7fbf614760deb669f50abca13bf257f5;;;;;;
3cd5ec592ead086a155d2cff71f806fe;;;;;;
198a4fb9ebcdb6ba668ace225b67c600;;;;;;
b1a6423225d8bb1dd7d8e6f01d9abd0d;;;;;;
f387e6d23bf6e83421ade5e0a39d1bc8;;;;;;
22c2d76f3041a473ebf18cc061d6ae09;;;;;;
b5b46a1996e7e697b3ce5b1d6650153a;;;;;;
2c2fc5e84ac344d80bbbde81e521018a;;;;;;
2595f0cdaf6642f10ce6fac6a4dfb24d;;;;;;
fd5cdb73243ab65a961641c70bb85793;;;;;;
c9d9fc8a07c97ff6c05bb512ef7bc121;;;;;;
b89f02fedf20bb5b2104ee163bff1aec;;;;;;
7d7b7a3020141cbe2dbcd26eeff39998;;;;;;
db10339dd4088448095c9f2ea1f344d2;;;;;;
cb071861e5d4f51b3b74827de8e8dbe2;;;;;;
3182a8100fa9a3a956dc8ef8f8fb5dc6;;;;;;
8a2abea3168386b96793748fbfc59701;;;;;;
013098dabf081db728f6b7959f983db9;;;;;;
23f6a0ac15391bfaef07b3ab6bb2e719;;;;;;
116650ee7efde01ac928b9d2a9e515e5;;;;;;
8d12b4e27e7a283d849a4a377e1321a3;;;;;;
1e809553634ee0c843d2cda22538175c;;;;;;
76c6b489375f96065a13ca6ef65ab74b;;;;;;
a27aa5cb9cca1f2eb2fe4121ba2f9ac0;;;;;;
d2904233d573c507d44b815a76d7e88d;;;;;;
9c6a390159b914d392ca04179dabac79;;;;;;
a69175b4698930e3eeee95aeaa452d2c;;;;;;
0e34302a785bb6b6e915928d25761f59;;;;;;
108e23e185251d2bbae15f8f80a6e002;;;;;;
359537768a14aed0d832db7003b8e2fb;;;;;;
c95bddb7d74196a22421c92ab2d17867;;;;;;
28b64236a35dc48e477d16223b1a2801;;;;;;
42b67da74ecdc90fdd58e12b52d327e9;;;;;;
474161c7fd238d458571b6421f9cefac;;;;;;
d2b92082e55f4cea6e48d75171c4314b;;;;;;
57f0964365a792429219cb9a094e8882;;;;;;
aed18d1997f41075754a8e17fe1a6731;;;;;;
e79a4cf541c91581187ba3891ae51910;;;;;;
5dd54f4a132fbcd384086f2442d55aff;;;;;;
da41aae8a2ca6dde4150ac7638de61c3;;;;;;
430071562fbc094c5a45e46af6552132;;;;;;
09aa5d6a9bb54ed92ba71034649ed5a3;;;;;;
cb91afb5753eb874ec0f4f2207001343;;;;;;
5fcb76da64be36b7d432a846dee97161;;;;;;
5a8cdaeaf5b39cde373bfbfe06e1a247;;;;;;
4b33fcf6136ca3dd061d20f4c7a738bd;;;;;;
a4125035be4e09458aa49f0f731253f4;;;;;;
d8371eb69dc3689169b6785e7c9b6215;;;;;;
95d41e2e65c862fee39405555881fe16;;;;;;
3e26ff9d01aedbf98874d5da9fc60747;;;;;;
880401b142a28ab3738864184a431c48;;;;;;
ed065429de04c2ca36232ffa68cf3dc3;;;;;;
14fac00937711c4c60675c6215241969;;;;;;
1f838317151ba0a32130722f2f2987e1;;;;;;
d91f0fe2e48fc33fadd848cb8dae8f68;;;;;;
561af551c8796634e0be8f1975dd4dd7;;;;;;
9a122c9111bf3900816a4a5cdb1c6da6;;;;;;
2fb4f25dc365d7a51dc89237a74633f2;;;;;;
f2936a96a6420fd08fada3081498c782;;;;;;
60e6afcf4ee42b803dff3b94876f9843;;;;;;
90e0cfd2f96636c7ef643a36896044f3;;;;;;
30b3f51a8909b3cfd8ff7a45f8092967;;;;;;
b6af4813e5cd82a21555230458b6af06;;;;;;
251ac3140668a76a53be4ad587fef24c;;;;;;
feff3aad9af19c68fe11fb7dd10020b4;;;;;;
095aa3c1612ae4762e5c89aba9f5c164;;;;;;
f666913ad1b73e40562d57ad9eb83c33;;;;;;
8d19aadfa16576d12f8e9f84744a34fc;;;;;;
142ad69ef6eef7baff489eb0822247f9;;;;;;
f3f6fd3fbcd718e034e1bea35718f907;;;;;;
0b589ba358b54ea8eb00ebd72bc58266;;;;;;
72f12072e9c2e8044c04e76e22dcd93b;;;;;;
40824aa0e2a2be4fa4d1cc6cdfc28707;;;;;;
e44b91f722415573911e185730a74857;;;;;;
9ab8b223278005b3231216cef2b7a514;;;;;;
ffe7c11bb2eeef28f725ec0c12aad97e;;;;;;
cebad6ea0477222e52a2b707a15dfa9d;;;;;;
91ac1538a23e7c6889ddb605a3196bba;;;;;;
aa440b8164ecc33a33a414e69d89c2dd;;;;;;
8de63cd1d46f7d7231c870dce4ee9c1d;;;;;;
7326e5098b6eeea42f1dbefae3e3fcbc;;;;;;
5a6028d2b5a155499928a527b9f01780;;;;;;
7d661e29f439daae9eafdd76a19c602a;;;;;;
b4fbb95dc72398251672e2fd4e5a691d;;;;;;
980782f5f95a65489b3e6fbc39dd570a;;;;;;
f4e458f2de0d0c5babecbb115b72c6e1;;;;;;
2a1721907e0ebee22f6fb2ba97b3162c;;;;;;
b64b638dd0930b7d5fb4672712e3f14a;;;;;;
80e57c385ca9e16d8b928efe8c6ad70a;;;;;;
f00ef624a7a76405bf2f3d1e1efe05bd;;;;;;
e80083fd9bad9f91f63dde31d3138991;;;;;;
997ff8048fb670052e8e3c0a3d9d174e;;;;;;
07c902e235e8cb64f3661aba952dd0f6;;;;;;
84ff22ddf99a809961bd2d68e19e169f;;;;;;
c3d3cd9468a4417d7d12e1d809b08bc6;;;;;;
f813cc522b9e19d2c9cbc71b946a410f;;;;;;
10e504eeaedf1e50fd319bd722a663ad;;;;;;
7bf538a9199cf3a4cb6596f40d3a58f7;;;;;;
9946b890d1cdee8e576a51e1dcecd38c;;;;;;
573735106172791cad1a72c4d1b0412f;;;;;;
c385e6251abd040c48bd33ec2a9868c5;;;;;;
b0e748aa29109c41d723311822afa1d0;;;;;;
38614f0d9288ce5165c858302bbc5730;;;;;;
0737a4a5d03016d39331782f21af6db4;;;;;;
ec820a9e9754594a487aed83fe3df7b5;;;;;;
a51938a0d560530f5e41a4b99aeed00a;;;;;;
df3466e81fad8bded5dd808792783fcd;;;;;;
4b48b8d20af542922b88d15ac905a282;;;;;;
d0f6099d82692559af8979f58c5fe46c;;;;;;
6f481640e329d912d11f5ee3e1a80dc9;;;;;;
bce4644bfd6dc6eebf3860eb659a1265;;;;;;
803c188bc8f3f99ea5b08f7da12bf4eb;;;;;;
f5818a874258bee9a4ecd4c14e68b9fd;;;;;;
84b0ca5a8326cb3fa19d6e9d020f3794;;;;;;
d98441432fe1313607dc0fbf11f24192;;;;;;
28b7d12bed260040a0dd19d0412aed8c;;;;;;
f889fb2a4f58fbd325a2479af4486851;;;;;;
05d046949971be286918b149dfddf5e7;;;;;;
36e3fce6f28739e4c7a47fad893a3047;;;;;;
6ab474c11fa97b17acf2a1cf1901719a;;;;;;
fabd4854931855bb82effb78182cdf1f;;;;;;
2daced4f0d43e9fe26a450a2220430fe;;;;;;
e2acd9975c8d9547b5b06ec343078f6c;;;;;;
d9b3db702ff3c5c57e281bd220aaf765;;;;;;
e4bb4967bf720b15657ac1a391d6085a;;;;;;
8f72c90538e3a670dc9b2790f0d3ec5a;;;;;;
cc17a4add7414cd0673d159b0a0b61f5;;;;;;
e953c8e32ed326179365bc9f612fe991;;;;;;
220899545c1c2543da5f45c3662dc652;;;;;;
a028005e094768ffa45cb522aa8d625d;;;;;;
8d4bde0dbe4ec161da53edcd765624b2;;;;;;
f01acf919acdf566815fc6cc83aa3cb5;;;;;;
91e754f3edc7357b9ff53ca0c0c093fb;;;;;;
b2628ee17b7416cf6472eda902336db6;;;;;;
7ce73b1bc0232f6a42d1c233331485b0;;;;;;
cd799ef9890402889132d71d3009c920;;;;;;
86f678d39eb3b1535677031976479199;;;;;;
725b776d262e3cc35a3eeb98899174f8;;;;;;
a26ad38ced7c652cbc071e889e05eefd;;;;;;
26fe969d2b9d08558512e4f7d437064c;;;;;;
9c78df724478a128bc4808558ec95f8c;;;;;;
586172f25b1a158f1dc588de5d6d60de;;;;;;
9874e13d603aae45db89dff6d0dd7f39;;;;;;
2f80928e1e45cdcfa12eb160dabb3a0f;;;;;;
2efd99b8a68ffa7a6431ade5cc2661be;;;;;;
43069e88477365c7e7e64c65033d1b35;;;;;;
03c20df35d83754ac1410217a04c1002;;;;;;
d1e1ef0f12ffb83461bdd3f1a86d71ff;;;;;;
dedd64cf66fcf5d01763d2ba87253f8f;;;;;;
ca5bfe78f2d2fae75b1a7ca465969005;;;;;;
5362c35d25f3bb26dd8755ed776b399c;;;;;;
d1a1cd81230d17c83b6461d5dad22fb2;;;;;;
48c23272d9bef99d00120e4030795fef;;;;;;
eb62e7749721d3d53890efc0c8dab643;;;;;;
0a066eaefd797c87f40647c9af63e62e;;;;;;
72201f62dea766973c62981005db9a47;;;;;;
bb94f0e84e1b7ff889567bd59fa3d9ea;;;;;;
1dd97e3dad203ec8af6d5a77707b0e5d;;;;;;
41a2f7c75688a0dc2db4b850873c8390;;;;;;
1904d7714fc121d25712bf038dc05ddc;;;;;;
a2e1faf022addbb087467d03ada1a21c;;;;;;
4e2ec654e22a93ea0fd0efa323473e34;;;;;;
68c910af8db8e24241cc9cd3203ea732;;;;;;
172a3b6f8a8f72917ca9e3190b2fd328;;;;;;
37082d2ba46d1c26393fcffaf8434139;;;;;;
c20a2c4f0c7efb4a78b82f4de62cf7b1;;;;;;
61cf233bd8808f443f4514519e6249a8;;;;;;
ce866345b2e46c92a4d5c38b1ef5d887;;;;;;
364a5c0653d1600af46436c9d4b17e1c;;;;;;
c973d70fbf8fda68d4e501458b9db869;;;;;;
988ecc761a59443dd95aee3d85fe7cd8;;;;;;
b5a9c16ce246a788ce6ca58cc00f2671;;;;;;
fc029d803e9a3ee709d64938f20d90f6;;;;;;
2c29c2d1e9c63e22c75d2cd392303b2f;;;;;;
08324c55a97d7b9b9621a582b12e686c;;;;;;
ed024d8b725b10c1b69f1614b0ff195c;;;;;;
f5b7a16f8344f5430b5624262d55f416;;;;;;
fcb505b3e0b39350bdf96c885650c647;;;;;;
4379b0843a3ed351785b4d07ddbe04d1;;;;;;
64a9b94b2fef242022fa14fd9d50faee;;;;;;
1afdf3130e0373a1ee50a879477f5b67;;;;;;
96da7eb75db4335689e47fcda7d2600d;;;;;;
820f821e9135b7883078a7aec34a5797;;;;;;
ab681f876bb111b75442bb601066b40c;;;;;;
3ba3d1267c7ca73e8196de7aae2c3246;;;;;;
b426f241a486377c5a0b12aacda716c2;;;;;;
ea5e9fd988ce4f13df8307b08aa14fc1;;;;;;
eb0ff4ad50daf2aa3b9286dee0fb8940;;;;;;
b6b4d1e2435f40418df5ddd3459cbfdc;;;;;;
01405dd1877902c1f54be7a1f7c5e74d;;;;;;
b1bbfd36433903485bcb64d6e385d1cc;;;;;;
44fde0a6def104c22b9c1041bc642575;;;;;;
3adaef7e28c50558099b095f5927d628;;;;;;
f590304a5285604adb1b309d08996495;;;;;;
06fb56d0cfd3875ebc7d6bd47ce85a32;;;;;;
2e45f03d3fffe50bb9a8d94311d7efaf;;;;;;
587037bc11d99669ac72a0ee1d7117b2;;;;;;
703166ab76714281de75c5d07b472c5d;;;;;;
f0fb360fb294a6a22308c08d0ebeeef0;;;;;;
24d45c1f7002d188fb0173f67c077153;;;;;;
3bea1765220e3e89833b1fc78ff658c5;;;;;;
84dd9518e5a9ab57ed1287c17c3553b4;;;;;;
1ae7a60138008a54f0f27c6bafd927bf;;;;;;
a9a32dfd9a23f310835ca4a51c901a58;;;;;;
a8ca7bd9dce727c211217102b8ff1eb5;;;;;;
eec93f71dab0e7d5220ba5c35f09b55b;;;;;;
5d7a0f792425cda42ee575cba9072da6;;;;;;
760a6d4ac68b02079cf5651b1fb13005;;;;;;
b7a3592e9c156bd9fa08085f12ab94bf;;;;;;
48c0f11e427a2605ff4312607a672bdf;;;;;;
88f0503844d1c5d451521f2199c435cc;;;;;;
da5782c5dbfb3a7327238c173a53ecd2;;;;;;
2f3eea0daabf1292be009833c95cbf97;;;;;;
77b5adbf43aef8c8930e083adc44fc4c;;;;;;
5bdbc914ddb37760edea9f7a28925edb;;;;;;
4b92307ec6d696940dfcbdcbca95f76a;;;;;;
4f7240484bbd3f242ed14397b009ff0b;;;;;;
3864341d6826192864074e41f9145d2c;;;;;;
a11e53bca6c944902a2e4cebc9cf9c3c;;;;;;
03fad608f474f868e5135463428a4bd0;;;;;;
aa4843e8ab26a1dd72f62625c0f616cd;;;;;;
ece92377ebe749b118da2dfdb4da5341;;;;;;
a438f3cd064963583b4c9f47c33edc62;;;;;;
d29f5a475ab134fe267da7e1005615ff;;;;;;
a51fd43d3f67bf9c152ed6a27d5a830f;;;;;;
b72f23d563bb1c7e93ffe465aebd7e8d;;;;;;
3e8730776284211c376c4edbeaae93a0;;;;;;
2e5429ef618fab31fcc2c8c4048a6ed7;;;;;;
ecb140640dd6de6c56f9deb851bfe1bb;;;;;;
33835f3ea3f336601466f6d1b34b2c22;;;;;;
f09422804debe527bbb4ce1c74a046b0;;;;;;
4f18392f0dda97f1c79f227978c8f704;;;;;;
83490967a4f2969d8526f1b762cb22b0;;;;;;
1b1f8f908a6184d1927472fb44c154d9;;;;;;
3db409d48829dbfeca830ba47772780d;;;;;;
de13b197853d335cffebcc55be9c6d4d;;;;;;
538d3922fe978c1f9b00a55039355f99;;;;;;
5c93469415dc590ce0e1be29e193f863;;;;;;
4da92650f16d4a1250f005478ceddeca;;;;;;
ea0e801c887479eb441c265908f4ec5b;;;;;;
173c64984cb1e89e017857fab9f76811;;;;;;
73378570108cf6ebe50f883966104ebd;;;;;;
20f26f8b1486c542a2a2eab1a1369c35;;;;;;
ba1013019a6ecdfbefd88db3bf60e82e;;;;;;
161984828b4ad54f65a2184e249a6d6f;;;;;;
0e8135b1adf51ab69a013dc044a6cddb;;;;;;
5eccd964c0d95e070365f182262070c6;;;;;;
11665e9f2609d71b394255e8090a678f;;;;;;
8dbe512100544d75ac3e4a2cfbb53b0c;;;;;;
caf2267e3fe9c90f6e941bf5bfc892ad;;;;;;
00c9a2ce121942568ecb63880a37e270;;;;;;
611733c127c0c4695260a2aac3bf42f5;;;;;;
53968c8ea37574b255b9cb032928e72a;;;;;;
d4f9c33ab94686a0db4003c1f13fa873;;;;;;
93f3d703a4032b60a6907349e034fa9b;;;;;;
c3f5f1555750997ad83246641a9d997a;;;;;;
1ba2e8eebdcf50bfe7289b0ec2ba1344;;;;;;
690b2760a84f5291d3de51fc3051315e;;;;;;
355a6dec6a0107a1dce9b257f011b3b9;;;;;;
ed89ce81f495e97ec5e2768d571edc14;;;;;;
c96cb66ad76e0ff3c5e9609a0d86c5af;;;;;;
b05016710f374ee0e72d6a6f04947fd5;;;;;;
0737e8a88586126eda750ae5951811e4;;;;;;
6b248a32b7a0f8f82bbd02758ed40275;;;;;;
baed413d136686b618be916f71c50693;;;;;;
316377f62db7f4587706c5672287ff98;;;;;;
181ee8f3d12f3f61125bc25f72159851;;;;;;
baf12e82d3b202e75ccbd9dabb51e5f2;;;;;;
57993769d4b53f4440528dd04c80af66;;;;;;
07a547b4c91b91db6d9d78ac8019c473;;;;;;
c3d15874271c352c521e185c0c19f9da;;;;;;
42cb1c9cf9f6e509ca3c1ae66809af56;;;;;;
90d2f75efe6fcb01a8a7b41468f1245a;;;;;;
4ca27a651a13b8b6adb42667d1c1bb26;;;;;;
706da4f07498a0c6ddc397c01933880f;;;;;;
5d901ebd9de45ce3d19f627e1b941b40;;;;;;
6fa2e153cbe16d39cad2aea3f23be134;;;;;;
94e85249ea6f2bf0c20cdc05df69d954;;;;;;
cf375f52d7782971c409c213f6c1cadc;;;;;;
927add2d6e7eb6dace14838dbdaa19d1;;;;;;
491dffee33a81482a353c111554dd15a;;;;;;
ebe860f8295cecfd07106960bef23d01;;;;;;
208d989d373f0557d9e1a502966873a0;;;;;;
885680defd7898b66b350ad89832a554;;;;;;
9d66d93a3871ff2a57116c3653136680;;;;;;
50444095acf2564279570fdfd7366230;;;;;;
2ce5d7ce27cbc742d06bd30a540287ec;;;;;;
8312c0d2cd2c1951c40fbc0a5b354ed7;;;;;;
7078255880a88ff6364fa0e4da88e37f;;;;;;
fe6a7d6570284e53c80d388979f00d3f;;;;;;
08cb241b51b585d6c48aaf95cb98af9d;;;;;;
0dc907f7cf61925f9639a714cb5b34cd;;;;;;
e64f0281a7046c051c36c525f4806d8b;;;;;;
28febf4036ffe82789c56ab3fb5013fe;;;;;;
ab1b62ae2d21ac227b4cbe6c69c0e86a;;;;;;
6c9cdc60ac6441b11377d6016147266a;;;;;;
a8a4fa36d1a355ece03518a12214b00d;;;;;;
123a9a0b8afbabc5484ddc9836a5a317;;;;;;
619a86cf39ef41b75711823621eaafb5;;;;;;
9e2aca819828c997168e9c6195b5bbd7;;;;;;
88f3c7e96d78bee24dadbc86f70a211e;;;;;;
b2caddea1694ca24783af2ce4daf1530;;;;;;
098674d36bfb426c820b6d32fe3b7080;;;;;;
4682d52705a93b15835ce190a27750d5;;;;;;
2b65177046878031a76c6730d9596fe3;;;;;;
59af4c5962d65ad9dba0ad36c8482b38;;;;;;
083fda02189d0b27b87ccad08eb91f32;;;;;;
2260328c0bb236c8f601a2a3148eb9d0;;;;;;
99eb4a98fd6039d31be4112274114f06;;;;;;
7c23035a57cdff267b5ab43eda3bbd5e;;;;;;
b26835ede323f7068d0d9bec5a20eef4;;;;;;
448f9c986cd5896595cbe76a5d83b5ce;;;;;;
ed8ee9af8787ef8221a61745f84a2474;;;;;;
e1211368c2106727ad9c5a16a3e26793;;;;;;
d43fdcf10b1d1dda0f294ba09cc53e76;;;;;;
3eddc2097096d45d8d443f5819d0e14d;;;;;;
eec827dfe6a17403f337937df142825f;;;;;;
11e29637c6358c4dbd4524e9838b119a;;;;;;
200e4f2599d8b2ad0aaa804d6c342bb3;;;;;;
65bf947129973638146256a2eaa76d29;;;;;;
215c11c01c30598d19af4f27dbcefb75;;;;;;
0c7f81133ce9c9a4e05df36e11b20fbe;;;;;;
51afa5d6bcdc195b5821e1a00a4d47f8;;;;;;
aeb26388f42ba50c3f1ae0dd83334b55;;;;;;
0e062c9ec8829241fc242e29ebc92b22;;;;;;
b9b08a5e0bb71f7eac3afeff9f55a145;;;;;;
99e1a7774e347f27f25e4f3fc63a42a7;;;;;;
2ebceecb19f1e9a267b517891066d675;;;;;;
227fa222505053ea4faf0520e7419562;;;;;;
d6ea3044aed181629cf79805559c5fdc;;;;;;
da9feb56416f0d831e655cdc8da06fa2;;;;;;
990a61fde8cc271741ddf0c51cb1041b;;;;;;
b9cc9285b441860043fbe2715173b314;;;;;;
b1b07713043a29844aaaa86e8b3e58c6;;;;;;
215912820091ca6a2011f257c1ff49c8;;;;;;
efa1b04ce8e95d48eb50faf6613d5038;;;;;;
57a6508c0f71a33a143cae5cbc5f735e;;;;;;
2b8a0e50a6c82fadbb52d878f8742724;;;;;;
9074874eaf2728ebec91174421ead781;;;;;;
5f8b754cd5e075b6a75ca688f42ac402;;;;;;
ac01dc745f5356ae1ab2a33119557d43;;;;;;
0d33251ac024018c02b9eb1471db9592;;;;;;
7338a002d904bc21027707bf26e339fd;;;;;;
ea603786d57379ce82d04fa2ef2465a0;;;;;;
23e94180efed19f34a0d8ecbb42267f2;;;;;;
7242f05464bfbfb0473b08db6903362a;;;;;;
813b7d1a0b7e48926d487979e8e28464;;;;;;
12952071a8a648f94004b2014fdfe33a;;;;;;
544fe05e63ec03731905370500ac2c12;;;;;;
fd18af94e97dc6cf272bc98f6c815c80;;;;;;
2cd6f0c28e2c44947663d40a847d1679;;;;;;
fcf7607972180237873d87fad3194dc4;;;;;;
d81f3d34bcb49faa147609186d3090c0;;;;;;
9e5de5a57402f64bd7ab6a24f568977b;;;;;;
93ac7c6e19a2b0b75a7730b6f0b25782;;;;;;
f76263f71772bffa2c4fce5c62051d39;;;;;;
e06968a33ff0d375de30baf5ac729a1a;;;;;;
2fad8122a59846f0269f5f8ec76ff50a;;;;;;
91f61f5f6551bedf0a90369c73ef2e72;;;;;;
ab9a24468e925a1dd78ec4257076511a;;;;;;
5bd7862dd095ff7cf9f95341ae8092cc;;;;;;
280e9de8c5a949c8b4b16d5afbd5b64e;;;;;;
8345aa9abf1520b3c1a8f6853d19652a;;;;;;
6ba5254649bed46477e52037d8968df6;;;;;;
552745ec24b026414f46fa87ef74b69f;;;;;;
7ea59964cd2304d60f8dc151f7c8ce21;;;;;;
3bce0b11702b3b1ac1b94ee68b5d81d8;;;;;;
9608f0f2aa5ee7f6b5b5fe399a61dfc1;;;;;;
93bf83f3d94e51e5cebe7da8e924c71d;;;;;;
b633c87b9e91693253f673f1c9be563d;;;;;;
90a12a2fe1f5543a21228f48b9836d4a;;;;;;
2fa6d5caee466aac2d3ab788c537e05d;;;;;;
13f590d00bdd961f67a8d7a03aab5253;;;;;;
6b5e54cce48f0adebe114ae41fe7de59;;;;;;
cd386673b0b2ffd195819edbfcd40bfe;;;;;;
f6cd817c6e61acd844e9eed1ec8a50ce;;;;;;
3761534835f116429b7ffd8b7da33d62;;;;;;
ed3107999e0ab0aebb357fe683d9d591;;;;;;
a8b9298d7a1c4aad43dc388171576c13;;;;;;
bedfd1f709ce9ed5ec425468e8755353;;;;;;
95bfe845764a74e35999afd361505637;;;;;;
4d3ccfcd88d6e0a749029ca0b99758b7;;;;;;
3882e00b8ca293955f25272cd8aae10a;;;;;;
72190a20770361e88ec4d0809d1e3c49;;;;;;
393f334bfbbdd57ef1a7d8ae923a0b3a;;;;;;
f6c29b9830efa43f519a943a8d6bff9a;;;;;;
06ca6b5f70116de5d734a9d8d4b861d8;;;;;;
916f8c19cc9b2079b7784d626b9bee20;;;;;;
505a61e8defc1acc4ca5f710acf4ad95;;;;;;
86c278bd7da122801ed5b55a03eb6e01;;;;;;
2c65ee8fbdeaeb66dc3e4385cb5be90f;;;;;;
79dd03d0dd9691ed82aaea864c8a00b3;;;;;;
0b396533dc5d33b8aa5017037fc76373;;;;;;
94d6c78a0159791aeed71efe82d63623;;;;;;
bb44ac36e9226bd0218ff381416f7f17;;;;;;
dae05bec2d5a55770faf2569bc507038;;;;;;
2e75cd0fcfca2e324fd1f03b9c503cef;;;;;;
c06a03f273a14d68d38c45ef2f23b6c0;;;;;;
a6dce15b0986ac448a5d573b63ef7248;;;;;;
a01ac5c2786a7ab8adf43dc4ece610dd;;;;;;
50aaa5070761ba9c8ed71979db947c6a;;;;;;
9b6d5e037e4772ab82cbb8fd65d3857e;;;;;;
a013095a9c72446e04690f1fd36de5c4;;;;;;
80b377c857272241e5c23b3b9625cb22;;;;;;
a3747d0253e4e0982893434ebfa2d863;;;;;;
1412c7e508384e892bf6ed2792583aff;;;;;;
30d26d95f9e05998ae623e5753c69302;;;;;;
ea7296deeab065b819856ec1889556bb;;;;;;
25f06034e41c31cbe1c0c300c4137a71;;;;;;
f91abff767da13771047a79a7301c512;;;;;;
558cb1e28970b804e7101e914c849c45;;;;;;
921b9eb9297d5ed511866a1e0e3a2e2a;;;;;;
6deba45b9e5f1a78eacc55574fa24063;;;;;;
0995ad347176eda021ad9302e22c8c82;;;;;;
21c695e86c7ea1983128c19e25a835c4;;;;;;
2053829adf535d694b57e48c1d8f57b7;;;;;;
1138f08ac68d10bd0fece664b6dbd3cf;;;;;;
87ca2277ac9e9d49a74deaa488bae2f7;;;;;;
147b56dc64d815102737bca23805fa8e;;;;;;
52d7a6b97ce6d0fea5b8e53cdcfe64c0;;;;;;
be0098008a306e89b785ca4327411acf;;;;;;
07c2cfb2c263ad3221c5bcaf3d4a4826;;;;;;
4670f02b3d638efc48d18c4f214e2a85;;;;;;
c9fde6975a7760923fdc15544ccfba28;;;;;;
cf7df5314374883b821b4979c7dad734;;;;;;
0c04eef21acfeebd24c86d1d479cfe66;;;;;;
ebe596712005e5a6615c1f05412db3f1;;;;;;
b2791d3a40bb28908e97f93559348bb5;;;;;;
3f60d5ab2df3fe26961a5e7be2d15483;;;;;;
30227890fac6f8b8ff9c67d3790e1749;;;;;;
a93941e324b373dadfa42ae04d4e355e;;;;;;
01e7df312d6a61075d2ad9659baf7bbb;;;;;;
effe935b419a12317e62d67ceee19332;;;;;;
5340410bba32075f25dcd4b76e80823f;;;;;;
988385880021a6705ac0be4d6d153967;;;;;;
9b57776260c550c5cafa9482be037fd4;;;;;;
a229dd82734e4ef289822da6c731507e;;;;;;
48c40e17c303372a540d3ae5bd63d373;;;;;;
885d5d859c0306937a3ac9db261d1cda;;;;;;
be61301fe473644aa03b4307e1ca7235;;;;;;
baf6ffc574175b07fed34186ac586b1e;;;;;;
c544b02c7714ade5032e51ee96a90d33;;;;;;
7c3198c68514b2954835281556ba3055;;;;;;
ae9cef451d75619a20637d81b78060ee;;;;;;
8896b7c8fe86eefd09c9272bba09942f;;;;;;
0316025b634ef431ddd4d0d3f5d0d475;;;;;;
5dd753b41283883226bf4053640491b3;;;;;;
5cddb134dceaf88dfc6e6e167f192b46;;;;;;
0de873152bd3b18f2958b79348619137;;;;;;
616f8546bf04680b7af87a7b4e023ef5;;;;;;
dc6e0267f544a5c88643b407d79bd92f;;;;;;
3300f2f516431a2e84c8f54e3d14a3eb;;;;;;
dd4292564e1a6894e6896d8f1b560e02;;;;;;
1c551f5dea5be6f743f765ba64932ab6;;;;;;
4fc6eb6c6293390dd02f6a18a5d59b6a;;;;;;
f213042a22314a350cb7f3f13be3b49e;;;;;;
c6510ae3053ca2421ed5b0ac34a0da06;;;;;;
562150805733e9a14240cba7b996c261;;;;;;
9f3e941f6d285ff6483c70f78affec40;;;;;;
e36dd3b4b4d494a1928ba99b3fa839ce;;;;;;
893830f70843b47635710457fc7fb666;;;;;;
da21beb2233007906c5eb993a5891797;;;;;;
f802c8a596bc642e7cb67a86588490e8;;;;;;
df5fc513b5f2c5ff8b9132406c7068e2;;;;;;
b7a3d2f6c6be278d7c3a83259c5e659b;;;;;;
03ce69d3151cdfac9127a3ee96c4ac17;;;;;;
c29c952d2f0f888d8b7784bfc9578f28;;;;;;
636f0ce22d2f35eca920eab4becb56ff;;;;;;
873e02e7f0f552972d35d2df555ef457;;;;;;
02392bdd8bdab3839b200d5e4cf38f5b;;;;;;
7805b3d159ae7b071e61775e2d005d2f;;;;;;
bae12ccbb993071f38268f520162cc8f;;;;;;
3afd84644058f84b78589b3333dbe99f;;;;;;
f14869a8385ebc8c3f84fbb69bd492bd;;;;;;
b21cb8ee32f66f7da19e4dae8cb77b18;;;;;;
06c7ded4fba0e388a46d8516b1e6e7ec;;;;;;
80bb08e9d4e46f8b30c7d4289d31f83c;;;;;;
916f35e75ddcaed98466637cfdec214f;;;;;;
aeb33bba54e3b13687e85cb5fac6fad5;;;;;;
663562bc7df55c49210ca2d4a08062e4;;;;;;
93768190344aa776bc3458d98fb23e23;;;;;;
1c2b6ac7b739bee158dd9a4b27ef4cc9;;;;;;
cb3994d5196e1295dddb8db42af23c57;;;;;;
53506e5562d7abc4fd651c82b328426e;;;;;;
e78dfd04c831d0e34c4d474a0895852b;;;;;;
86686bafafb341503e75b3e7fea885b9;;;;;;
090dc4f154220692bceb04a551d8f19e;;;;;;
80aea0f69f774fb9c0dce8e4b0b3b15a;;;;;;
e0f99a686c8e52f8c80134fc3a3dfd35;;;;;;
43f8d8f2b2b3bf2c0a7e98bf264e4323;;;;;;
514265196170df7a88ea7735b6add4ba;;;;;;
b760d0dd80d6084343449aaa0270a2cd;;;;;;
2762512e5fc41ec24fe11eeaadd69ad9;;;;;;
2841710a34e2c0cf1c8550e680e3d9ad;;;;;;
314cf873f0f56a02757cfd92ea69e6da;;;;;;
3d2024f57cfa619a0cf5c5485cec40b1;;;;;;
30cc4d16238de2f0cc1d0a5c2165092a;;;;;;
6a671daf240334aa9365528111910f1a;;;;;;
d99949e4ad9af1f3451da3739ed5273e;;;;;;
f95c3a7c134759914b1b4e05502d8bc7;;;;;;
cf8a9ce6e88d6e6dc47fe3f261f72cb0;;;;;;
f3c48530a3db853bbb55fb096aca9227;;;;;;
078871ef0d85b986b647d371878eaaf1;;;;;;
38a3b2a2ee54649a6a1e9eb31e8204c2;;;;;;
5089cac2caf2246c7f1d9adcfbbcbb35;;;;;;
49232da2ec336eaa41d78c94eefc0e5a;;;;;;
ff836775e98e2d43d7c1f6ab92da258d;;;;;;
69e51d8a61985ffb785cd8f98d221f04;;;;;;
b70e212ea5bf4bb822df4467408a624a;;;;;;
29561d7d38c9a57e032cfe01b7f9b282;;;;;;
af72070cacc4f9e85b9d4a55b4620d56;;;;;;
579773e4ee09aedafb8dbc3f9f653ad1;;;;;;
990f279015ae4fdeed610bc648aebb95;;;;;;
2d937f43f0ba8fb7d3fa284dfef6a194;;;;;;
581c795dcce133b6181802eb19737c08;;;;;;
d440221aa8bced4371e6b907a2281e3f;;;;;;
2b9dec912b3a1baa7ff594534142feef;;;;;;
f17366d849d7bf2136630214d0c66c7c;;;;;;
ae9c9ecb1f768262cfdf93c3f8cba35b;;;;;;
8da362a65ece379e83ff04c6aa0c4304;;;;;;
91b3c0090505e5b4c99994c32ddb75c2;;;;;;
aabcb1154da627797799e0eff75ceecc;;;;;;
5ecefd1cadae68c6464b5653edffc3c2;;;;;;
c7f4f6de8af31ed829140a2dc968509c;;;;;;
a34648586ec8fe59bfdf2db240783e71;;;;;;
3fe9e32a6cb450dfaf410b91d08b37fc;;;;;;
e5efa24c9ddd48c6cef6ee0770524253;;;;;;
6e5bacd36cf1a61cb6924abf0a414489;;;;;;
d0eddd34fad19ac509131404e2e7923d;;;;;;
ee1a9324fe70ef2f5d0077e613ecafaf;;;;;;
b80a9905aa561d5acd9283ef0a2481a0;;;;;;
26dbfccebd4675aba5875295fc3d4fb0;;;;;;
440c15cb14f0452bd5f81baae4a6122b;;;;;;
95287b620b450d1b12d10f22abbeb1da;;;;;;
e817c03477fd84f6295045c15c27235f;;;;;;
331784ea48ae1cf7079b0194f47d1d60;;;;;;
17e761797b4517c78a705e61a29e82e7;;;;;;
64d1cd4d71e137e4a58c4e696b5dc75a;;;;;;
f86c042287126658f6c67c2d7afa1ebd;;;;;;
22a5e410ad2010000990def49dc8168f;;;;;;
15bdb2242446b5d958c4cf400943cfec;;;;;;
87373cd82f9ea01c53079af4621b79b7;;;;;;
3eff888d5dbf343e6ab1c4d543281468;;;;;;
0e52c479849b1597d1f97fa820452018;;;;;;
284ec31d1bb1e52153efaba9ffff6440;;;;;;
04c5a4c0eb61f334344acf5406c51540;;;;;;
a7c95ac8124fa53e2205cbb68efc5bfb;;;;;;
eb57771d7b706991ff9dc61c0ea292ca;;;;;;
b643f642ba6f882968663a7c49e5675d;;;;;;
ebc5cf43636f625e3eccfe75eae96bb4;;;;;;
9a3617a51f42d6372f95e10341cededc;;;;;;
8fb274da75d265abe6c0dd8dc2ebdff0;;;;;;
4cb43589aa09e53d83b37334e0167207;;;;;;
10cc99e0b7d7f6a8b4592582b2c89471;;;;;;
625cd242d56c7cb7d8ffaa1a0c87e571;;;;;;
5deb99b6af454db24f660968946ca221;;;;;;
b71cec78ddb4ab2abbaa8554622d4794;;;;;;
fcba4be14219c8e33bb21b986fbc92bc;;;;;;
92d351fbf4685be68d9395872104a176;;;;;;
71b61747b39be935fc7081c20cd6c71d;;;;;;
66b5ccb139c578c59b2726adfeda4254;;;;;;
601448731a77f702e77056f53b9d5edc;;;;;;
a9923066568dd4053bae0aa7173aa9a8;;;;;;
5ff78bcc9b241da2759181dfd40676b7;;;;;;
60ab0d3ded778ce594bbf3152e009cd3;;;;;;
b043b283ab3906ee5f499eea88841f51;;;;;;
df23dc3b37ddf86e0f945b70cbe4b16f;;;;;;
9c590016e8ae92c7a9cabb19f70525a6;;;;;;
c5ee1ebaebbca8541f49ce7920a23725;;;;;;
b349be1da48a09288676dd342f62c193;;;;;;
dacad34fc4ed9310e024c60f2a842a94;;;;;;
0f288e94333cb40e339cd8824830df9c;;;;;;
c420b98480b138f5336ba517c1b005e7;;;;;;
3320e6fd24b6b98d9f04c78256f244ea;;;;;;
a4a43cab3512b05c10ca3010de4f42b6;;;;;;
9c20ee8c237e4e4563a4e540c22674a3;;;;;;
06eea2aff5229286efc535164af20224;;;;;;
73bed19c20b97ee5540987809b7af144;;;;;;
1fcf3f17ca9c4c212305fbc95e161683;;;;;;
ffdfdf67ebf7bc74775b897d104e02c8;;;;;;
23b86c00a712cd40cc6086b25debc0d7;;;;;;
fe41176e675c1deb255d2a1925600e47;;;;;;
69e65386a1c0e2e16b50a23df041a8e4;;;;;;
b8f97f6b06f82f86f8a9de0f76c39518;;;;;;
2c7dd0da8bef2ac8e10cbf6fdfafd506;;;;;;
a89c0d68e4540cd164a5b3eb624f66ec;;;;;;
a5f0e17140eed79be2e35b1a452d4429;;;;;;
3eba748d86f5db6d420d20b32c4ffe66;;;;;;
d1e0dc09bffd5b76d3c1f2d8963d301b;;;;;;
f4beee9cfdb8090a9875904f3abbe147;;;;;;
341384cd97670989494b3580e8d19eca;;;;;;
15fed1baf37bfd2a72dd358448d38206;;;;;;
8f8a132bda745aa9b135e1f94b80b30f;;;;;;
46611971873a06dc7ed9757bdc0c0465;;;;;;
4302b77cd5b3672774b5f34b6b99ee89;;;;;;
567bcb3bd6f9d65a8506dd293b72080c;;;;;;
c4354540660a7aadb592f8fe6f6c62e0;;;;;;
9b28d28a8cfc5b21e0d3847d20525001;;;;;;
8eff0736f5742ffe958a49f1649b25c6;;;;;;
0b46e3388938be07525f624b84e85848;;;;;;
bf78f2017bed5cb41be1b1ffdf87b467;;;;;;
bfc4057df1469851883004ea5b2a5ec0;;;;;;
a8519fa1d0975984905a80a8aa110c66;;;;;;
748c1c4a29e403af03da3f09fb97d6f7;;;;;;
a49160a327701e54e842922a43a8fd1d;;;;;;
d5b205b1c454e68be07862e793096a3d;;;;;;
beb22fff01850ca0c4e4b4e6173cafc5;;;;;;
01713c9f073efaf8959e4d2de8315e63;;;;;;
0df9eb3ceed9adcae3d394f8fe873771;;;;;;
27de21e2ff7d41671d053fa34c3e0a64;;;;;;
b86ded109cd1d6ef3bc617cebbfcf999;;;;;;
9dd17ea46960ea9adfd3456076f066e8;;;;;;
9847f37491f8da321c7d02fa443527e0;;;;;;
1d969d5f432a2a02e84398cd38ab9aa3;;;;;;
42a7017917d33222665ec97fc9a23ab7;;;;;;
f7ee828d573465354d5b174668a76d7d;;;;;;
c837f2a8323440ebd0b3ab3e1cf84248;;;;;;
837ab8dc7fded1b54773a3174b7428d1;;;;;;
cb6b9718d391abe592877509486c7f91;;;;;;
8979448944bfd9bb1d6c67daea54ca96;;;;;;
81e284d884af17b49436ee12bc1f4dae;;;;;;
2f7e9b6ed9a38ed14b0e35515c75c290;;;;;;
b515180888f6433186b9a8222cce3d8e;;;;;;
45e493ff6774e067e6e7da61a1b00432;;;;;;
467b3ec989d30500efb5983ebefc07f9;;;;;;
a95fd85273265847933c6ff4613384b0;;;;;;
49d2e2bae685432077897b916e5559e9;;;;;;
f752278c65ffd4242b777865dd9778af;;;;;;
e65df4c76830a27caf4bf2dde6aadf23;;;;;;
eb6f3fd0dab9875d444132aeff56ed77;;;;;;
f28274394c48759669624e4e150d0f3e;;;;;;
ced867af91a1b92fa4716b84f4497f6b;;;;;;
d2f27630a31f55cfaa52740b14c6b35e;;;;;;
832415e8ca1cfb4fe4f3717a732c087c;;;;;;
46568baa4ad900fcaea1b609399280f7;;;;;;
65eec973229ca76496b3afb0737d59cc;;;;;;
df9bae62c5640eb71522bc3346728a66;;;;;;
7c5c02f3f4b3dbe7f49300c425fb6c68;;;;;;
d50d8b14a5e4d55d244c58032cbb8542;;;;;;
25a245f4d12f4dc587670255bb6cdc40;;;;;;
3fb3885db016ab3f32d543bb4a26c084;;;;;;
090e3be6d5f151fbbf199722d1a38911;;;;;;
71a3ee63d7e105ecc5e561a00afd032b;;;;;;
9411d04201cdbec977bf6e8fd33eb469;;;;;;
7d3c81c3692e4e299f6ef2cea2a56e57;;;;;;
e0953ef039db2fe1e14e135c84adb5e1;;;;;;
33dc4a6822b90c0021b8d5c30eeb85e6;;;;;;
308b20b42c36e1476dfb32d9bd9db564;;;;;;
c7568f57b4f918c7f9573bb2b1d8f9a3;;;;;;
333c77d54a2b183fd1e67d917e6d6287;;;;;;
158057afa41da1fa743be2febcd65535;;;;;;
3e27433b694f734b113e62a3fbcc2742;;;;;;
28726a96d9769d5cf450007c4ee2de7e;;;;;;
9b296d4ebc1e59666f1f06fcc1f42d9b;;;;;;
b650487fc973af932262bb736e051597;;;;;;
5da0d79c43f43844cbc93d178439dc62;;;;;;
4c102c3e3398dc6347646b0792ffc173;;;;;;
284b8649b3d4ded4476d7ebd3f658154;;;;;;
f238170c236a291738ec1109d2e2de54;;;;;;
2f154ad49093854c4ebe54de481cfc8d;;;;;;
a9fda0cd377877610f570133aa27bf5c;;;;;;
05ccef328a2c4e26fa29cc53fcb0f519;;;;;;
f9e30207458c4a77b90ac6b8c53e8228;;;;;;
d00c83b651ad9b3a670279d7f4305124;;;;;;
810e138b84f0d75251b01db7576a83f1;;;;;;
3f3678905f9e03e7f3aa55b1c56fe018;;;;;;
34074cf82b4b1680d0da9af774615c62;;;;;;
b52f4f7ff7f413aab2e7c6550603523d;;;;;;
94ee20da7ffcfd73d8255c97dc236abc;;;;;;
19f818b25b154cb50a0d5c5bc07cd642;;;;;;
b84ed43c159749052865108c82163a5c;;;;;;
0722309ef89492ce39cd508e31da973c;;;;;;
65a34c73c2cb13db4f3bca72d38f748f;;;;;;
b6c35d4875b1a9f7e7fb4da9943afe5a;;;;;;
dab17203c553332c49312bc5e301ce99;;;;;;
985a45d130ce1b588f77f463be6cac90;;;;;;
74c69fce9d1a4833937c5bd72f9e5d0b;;;;;;
52f30f34af237b9ed56b4778937fd769;;;;;;
02cf1b9c671b1b6a61692fd3ea3098b5;;;;;;
05c355b9089eb0698ac860ebfb883376;;;;;;
2a27907c35611ad6de75ef66e579ca0d;;;;;;
fe1c971b2e1016bbd459958d3448a664;;;;;;
8a1a21a37d77f3b36da9a0b19ed389b2;;;;;;
3927b3b09b66dbc2909d3769a33dcc62;;;;;;
c0ba6a0e43119c270790b8b282cb22a2;;;;;;
2ebd073aa03c88f0affa6c617431a39d;;;;;;
7c954ef31561999a0330861f95817a69;;;;;;
c71a2bf277967d599ae5a423aa0dd474;;;;;;
0a258f11841668b56aa3f196e497cdf9;;;;;;
5f9ae9f08113458246a41dd184f9336b;;;;;;
cf873e6a65dc336d488dc7015ccdb97a;;;;;;
2cefd29b4e5bf26a322227de1cbb6d17;;;;;;
8cb1a76c6fab52ab7fa0e215a1876167;;;;;;
42bb066968fa3caf4842eaa13a1c1c78;;;;;;
91ed13e3eb5313907516742357afc136;;;;;;
88e966a369d3498764d2936b02b84eae;;;;;;
255ce2a52d4c85b5c5bad6c9156b9588;;;;;;
c4822b22e72e1cacc21135a90dab3e5b;;;;;;
7a461c9a0f961cedf9794c3011c5462e;;;;;;
6c7af5a642bd640ca3afed5f3c5e63bb;;;;;;
7b3c42252a221275ddddc06125a5558f;;;;;;
e8b0976b666d26f4e96cd19c0eb21b03;;;;;;
5153edf995145550c32f0c8799e4ae19;;;;;;
1cd505e3c8779b7abdc5f1eea8827ccf;;;;;;
0b22c7fd27409479ad0e91c23cb8b586;;;;;;
97a29fc6356e8ff2263be5802b5a0033;;;;;;
2d417306eb15e60643a05e8cca81aedf;;;;;;
5aa7ba5caf30b0825cf7a72e9912b2f9;;;;;;
178539c3d19e96f5637ba3a8389fbd75;;;;;;
0c8da71c57fd9f40b0921c2b131f5e81;;;;;;
d261e06626abffae317f326ec9c30140;;;;;;
98c39dec7a91108d5ad37b6706ca990c;;;;;;
f2b9e54d9c47e2b9da8cadb7cc4a2d11;;;;;;
d78ab49449d199ebba8e9067aa29ddfd;;;;;;
629a4e69053238c6cd3a84cd98412ea4;;;;;;
c9a698c6194c0f18a7c8632e946dded0;;;;;;
ad8c0fa4651c58e01412843a672c9417;;;;;;
6ad3cd679de635a641b49609026df7ef;;;;;;
5aae776e1d30c903a0f07a35b6db9c0c;;;;;;
fe02a69256b206757e946ec468488e52;;;;;;
0011bbde0179e0f29d38f9e7c9cd8391;;;;;;
545cfb8d6bbaeff5f6e7a9c49fc24d96;;;;;;
5e21723b169c7b998c30fb674773bd4c;;;;;;
128385b37e4c8cd9b7a17930d773d7bc;;;;;;
427e2e22f62a44a963217bb65120cbc2;;;;;;
6536f116ec03640bb8a65bc5ff67b566;;;;;;
e92c2fdf637f2de39fd8e0d5f8aaf05c;;;;;;
89dedca2749ea7c27ef3aeb4af32cec5;;;;;;
90f2d901001b378621ab909caf2299a0;;;;;;
ff8f444d1393b49afc84cd77b3ff0a7d;;;;;;
b4ce0d6c62ab97b8b46822b4dc96f01b;;;;;;
e97418cd33abb69fdedcb68a9205f122;;;;;;
ec09d54d57a8300c25fc3cf8d143ca6e;;;;;;
9090dcb54bd38dbdd4c9269e814f7a32;;;;;;
24eb8e7e0be9a1a979418688887a8f64;;;;;;
f6e91090e2180c3cf1fb30087002e7de;;;;;;
bf4fadd8782cd84469d376e3ac16cd7f;;;;;;
b6db430e7776203faacc184a85da01cd;;;;;;
aa5fff2f7313a1a2a993c4a28a4799e8;;;;;;
0deb1e530e0508f55eee660502c95a00;;;;;;
94927dc7069538f7aa1b09106181a65f;;;;;;
3d42286b69b57f776935f4ff9a24313e;;;;;;
4cad087eddc7457bd5679d43aad91a98;;;;;;
3728fe26627e49820ebdfe510869a9e4;;;;;;
0acb5e2defb612e04ebe9805460d2ef2;;;;;;
88a1f35fa9de2cd4b2692f3484bc20c2;;;;;;
c4f772ddc196c8003a5365b9dcfc43d8;;;;;;
e267844e279e7e7858492194c74bb9d8;;;;;;
0003d931371f3ea6a9d9e2482f5bbf3c;;;;;;
1758dc59d3f8992a00aa5e9c6a46a9c9;;;;;;
18b4056d86222130c87703f6e874787d;;;;;;
c432879dde5fbb1b8c240e311af82823;;;;;;
4b93dc4bb312e5e392cf61963f670985;;;;;;
de36edfe994c2739f852a43b647d96c3;;;;;;
c5e84df3843d74202bd466513e0bf640;;;;;;
baf26180a040fe15a9539b1a52201b2a;;;;;;
0c6f39a9033616d0d472f731aca66e1d;;;;;;
ba64979bf60a9bbc90c6ce0c05b95873;;;;;;
d127a63541061d576a10c5614b2fafeb;;;;;;
b1c6f3e0e0d9c72abf78ad6c07e57256;;;;;;
596bed5ca42463c2a24387e3699dce1f;;;;;;
3bdf66040bc1966440e320407548ecfb;;;;;;
17f58b6ef12609621d52742076cee4bb;;;;;;
4bdb2db9c1443b0a261598f5b3270cdf;;;;;;
363ff9c23bfd0ce8abaf1bccaf5a3432;;;;;;
bcc4a8b414600b723b1643149e66b214;;;;;;
26be438ba537197c26140d842afe6837;;;;;;
5f58d7b40a9986ffc4ab7b3037897818;;;;;;
39b17bfa7abb698c72e861b7cbad6603;;;;;;
918fab63076d8a2804daba9fdae6fefd;;;;;;
cb1635dda3c904df0e803ce3dadfd95d;;;;;;
c76bde0aade915939f4ef0136fcc18e6;;;;;;
0304bac6609168a11fe830061a0ef3ad;;;;;;
d073379dd0f1307d60dec8f1ac112e10;;;;;;
04499aae6f13f4564c21eaedda24f52c;;;;;;
4535f63f2a49fe333272ed372640ee1e;;;;;;
4cc75488284212665055f6a00f4abc5e;;;;;;
34f5014cd2a6e6c600e06b93e416a470;;;;;;
ec098032d816e2ec6a2c9a60f17b1940;;;;;;
9376eeea401ff60ae984f4a27bdfabe9;;;;;;
e39c01bcc32bb675bede9dcbf1537af1;;;;;;
505b3d3ac4f495ce4c46269c11ee4877;;;;;;
085fb40c5d47a86dc64a77bf06b8e7b4;;;;;;
97fa86904648d83031dce9e2473798f5;;;;;;
99b2624447c5a48e3952c7e01d563e27;;;;;;
379e506b199a3ccc4a7b2e286788c847;;;;;;
53caa5abc6ebe9686240b4d289d2cd16;;;;;;
ac6ffc860624cadf6903d5277a561223;;;;;;
a48a4cecd2a88b3d61459cd4fac6a1f7;;;;;;
f758c89e9756bbbb2d5e4252e1ffd5fd;;;;;;
76da0de330a98a342383a68964d7dbc1;;;;;;
9e127b1532b0faec95ea254c01b470d3;;;;;;
b7f6cb295f8affc4e5b2b1879c891695;;;;;;
9051586d600d356cc1bcd6bf906cab8a;;;;;;
52182f0075dc463eb3f9e4e7c1a6e054;;;;;;
6e2e8ac36cb1d76be57120e268e578e4;;;;;;
1f0384349687885090d097478416f77d;;;;;;
12a29d1b65252b0624b06d3c1037293e;;;;;;
8a53216aaff708191ab5c03962c9ff82;;;;;;
49ea1b40c674b80a2ffb66af339aa5c7;;;;;;
f77b6ff3d31d41576c3b5c7c9becc6be;;;;;;
dc1701dee37aa0e0988e085759a98db7;;;;;;
1e150c921ed6aec558bfc78f79e82b9d;;;;;;
eeb82011ec6b733c07b7c105d5ed7016;;;;;;
c71158d8561387df741d91d9bd5b24d7;;;;;;
271547c5cea6549248ee5e446e46a214;;;;;;
a09c08f2016d7328f194b0b50dbd96af;;;;;;
2925501538dd10246461d9bdd240fef4;;;;;;
49cd3916722d3b2d5d3235fbe3d3eaec;;;;;;
e85b16f9e098c77b4ffe72f614b28d79;;;;;;
3fe7e8a45f86f0ce89904890b167be47;;;;;;
6bf8575b0017a05cb9ebeeeb6fa6e027;;;;;;
a5bb8cb3adb3d994c453c4e08b6a5b5d;;;;;;
a23a3d996050d3ce33132a67e6fe80ae;;;;;;
b15c1b72fea8751a68bd53897b97fa1b;;;;;;
a9999ddc150693bfc6400509ad6398ff;;;;;;
b6c2cbc1cc9262a71a2044dd664735f1;;;;;;
43e0a37a387024c0bc5bae3be453f23e;;;;;;
65c3fa929cdce5b40d7e236a45a14e8b;;;;;;
bf4d57b9b27a959d9b813f6f3719b6d3;;;;;;
157732eea5b1d0cf70ed814ea2108b73;;;;;;
15fa87af11b12ecdc7b34b2320a3b9bf;;;;;;
76c263172c9b774fa267fdfbe8a7682b;;;;;;
30b71bc2800356546d84c0cc76a6e48b;;;;;;
4158c6b10b09f061528a51a0209a0c12;;;;;;
6609b11a69452f5b062ac09c6d5d83c5;;;;;;
542458477800e9ac6c00f6ad2df78a43;;;;;;
cb7ebbb7b6de93e1afcedc4b754b05ca;;;;;;
b09068a05ec3d13f8aaad1432872c83f;;;;;;
724122bcc11ca4284d775496e2961c48;;;;;;
9fff6092d377092c0457a5ab592916e6;;;;;;
41823519b367250214307e634cc94e08;;;;;;
d0000e9e483bbf3faf9f31cc3bac2f6e;;;;;;
6b9c3efbb6417e754eee512150ce2ea1;;;;;;
f180f79136b501640254b29345ddb0c3;;;;;;
f418e654567c4f46120c0bb3648ef04e;;;;;;
45abc0e6e53c7f83aeafc7aa85124ca5;;;;;;
bb15956e5ce8ca5c35a724976ed4da55;;;;;;
ec9ef732d4f747f40f9735ee6faf30ef;;;;;;
26c722d8e30193ccd192a243e73f8217;;;;;;
8f9ba7407d071cf21b82ecd762adc411;;;;;;
5c1354fb00f578fef7ee5c5b9e97d70a;;;;;;
4b9b10bba372885b1f58788f9639c298;;;;;;
3e13f3025d6fc9f19b5ecea3cb348b81;;;;;;
bf806dae7b468938aef75c2a2142fddf;;;;;;
8166f7173a5904e75970b81f2316aa81;;;;;;
8ed69418a362e81cd3ff793abd5493a4;;;;;;
d86d0ed374b03b4f35255c293b6398f8;;;;;;
b4126ddfe1485d8e42050e69823ba96f;;;;;;
fbed78a28d91bf05e35fd25e987c5383;;;;;;
d92381ec1f3da086b1a40af5d94c6abc;;;;;;
952a65d5f08feb5980e8c18f6366ec0d;;;;;;
4ecddce7666816b394729ac292cd0536;;;;;;
492c722662c9574a6cd009f0cdcaba5b;;;;;;
4b8117421f5730ae7906fb3a7c6b58c6;;;;;;
57e0381b6569fa8c5bf4c6be6bad62f7;;;;;;
680cdde9c4077837e27bbbc9bfef6864;;;;;;
c8d8cb6f2b0f255ba521ca46c20c455b;;;;;;
b6cda0b7ce3ab21e0bbff0c2778392b1;;;;;;
3c2c19070ba0b5d762d3dc7eec983306;;;;;;
80d6a30ca0fe12b36e45c80dd3792d8b;;;;;;
1c8be58df676e1c14425ba0eda63012a;;;;;;
1a0607685faf110dbe1ad9e7dcee0fdb;;;;;;
c0886405e796cca9abc111fcb6dd175f;;;;;;
c10ad09ebbc1120555455e48370c826c;;;;;;
528752c575efb0ca92015a04beadb1bf;;;;;;
51cc39396f584e609f41118b9546c45a;;;;;;
d04c3e40013b0cfc5d01fda58fa208a9;;;;;;
72792a267f7e8431e0ca8992991a6770;;;;;;
f11969de7e5a0851ca47b1d6b872fb66;;;;;;
ac249ce75f7443584057cab2b742e355;;;;;;
c91fd11a9176e3cdec4a7b26f2a43a42;;;;;;
f2bedd8cb22fd9538b591230a2507aa2;;;;;;
8d8a651c872ff3edd310bcd82f1998d8;;;;;;
e4b783f99cd4434a4166eebef0ae456b;;;;;;
0873fdc4ebbe6a0ea4b96764aec1b2d2;;;;;;
f22bbd7342fe41cdae6075e339c00743;;;;;;
7644e12579fda9e6c3465798f637e908;;;;;;
3b3369bcac3cd6bd81c7d248d73f417a;;;;;;
70950771504eb10c9a2dbb33d577b40c;;;;;;
c733dc7930c8cffe49af7288c876257b;;;;;;
c813e8e74ad51860d51492c64fcc6e79;;;;;;
29dbc180612d2c9cb53f4f5c3b41fdc5;;;;;;
b5dc7e6ff7f0adeed131b52fa4836a7e;;;;;;
a5b891c1f8e12d29aa384b0980bb312c;;;;;;
3171d4652580a4626a63533fe42544b7;;;;;;
5018759fd9257b813262b2cb6ad8d8e7;;;;;;
629e81fa38715f3f9d81da237c90b464;;;;;;
5a70ee42b5a2a9c292350a7f42274c7b;;;;;;
ee0834f2d662ba98281b1620a1e890c0;;;;;;
ddf2743241175b58389f67c672553545;;;;;;
916ea892822e7ddf321aa7344985e23b;;;;;;
0c9f6b3963b3753f34d9007c6cf5d0bd;;;;;;
d62d4d499cc1a07aaa2ae392d0376b32;;;;;;
30b8c0ee40e8aa5388352e54def6e44f;;;;;;
669774493be077a656755c8140eb8308;;;;;;
8a0c23e960959af28f2cb792070857ca;;;;;;
c6edc7d86f75a4ea0abb8a70143b568f;;;;;;
6e9c5476c32c1f89c9913953eac9fcd7;;;;;;
13152159dbb36affda084cb9354027e7;;;;;;
3988896317f8578bfa79c83d6bddc0aa;;;;;;
962b70821c0168a850348dabe6126b94;;;;;;
21a4c90b62b2c7bbd246a55ae77eb80b;;;;;;
cf4a0b5826b7d2ff66ba5c3d4925523d;;;;;;
56c1664ee29e1623c540ede913f7e838;;;;;;
caa3b2cd9c7ac31b8632aae516bd86e6;;;;;;
29c8f35abbac2f2af8080017c3c49d9c;;;;;;
136b20a8be50dabbadbd689bca849f4b;;;;;;
94528c23805b14a39021c2efe8ccf966;;;;;;
dea0851e6f30b2511e037da0944a10f6;;;;;;
d3ea543175142340bf98e8ccaede64d6;;;;;;
c0863a331be11c766e4e69c6333bf6fa;;;;;;
0d14e186b0ac572c3cdd21517b371513;;;;;;
87a1c020b58497ad6504b095544d73a5;;;;;;
a28c98483621cea4466530677474079b;;;;;;
2c7d18ff77ca0d0ca05ec98b3736e2a5;;;;;;
c96e3c14e3d2d24c2cae1f56ec3547c0;;;;;;
fe08106aeed886e86dfcfbfa9a94b29a;;;;;;
ce1010319114401640e65016938eea83;;;;;;
2b1f6a527722084df87dd79d7c6bf3e8;;;;;;
f388fd91c6b978f193aadde3c8d81e7e;;;;;;
9729c8c36afe32886bff009438cbd6fd;;;;;;
8b44eb85581db9aa3d4980fd34fabc28;;;;;;
55ae096f83cd5c3c1b65520fddee8e3f;;;;;;
4a69587ac11a248e693402afbe79548e;;;;;;
c1c0c786fa9c0a2c05752c204abff1f6;;;;;;
f5cb71aa669015a6642e8304e01607a5;;;;;;
64f442a7d1eb3fdd6c9d73f9219fdd98;;;;;;
53f78a9db3750a828c1659297ef52cc7;;;;;;
f1afa124d5d1a3520cc68be9de8e7636;;;;;;
6045ad8a34465bd2ef01b97f6d513aa2;;;;;;
15d443b2da76e9092a1213c70fe5d89e;;;;;;
56db237f20bf5f4f2891238d474b2e45;;;;;;
91651115ce63ec51d2da9683b1455ec3;;;;;;
9d85b793f08c55b2dc636c666bdfd455;;;;;;
d7bf59b9d108352799cf2918fe74a255;;;;;;
fa4b26fd39dae6f895a18cf927fab97d;;;;;;
28ae3d75d25a039460eb55bc96d33582;;;;;;
1751054d86fc3c20d06ad2f77917e7bd;;;;;;
4fcca7a895be973e26f1639b6248156d;;;;;;
0053b80577704741ebf8523539aeca26;;;;;;
7c52fd0a3a07c9e0235e4fde41fde455;;;;;;
eb0ce6e0617802553240de9bff70fdf0;;;;;;
4d4377a688c20b24d34635488f640ec0;;;;;;
80c707d7412f1754bf13b529641dde03;;;;;;
51deab3f70836b19f78c75c208d980e6;;;;;;
883749bba2796f900eab0408bedc4d4a;;;;;;
0a1bd7f07458ca3578975f4aa6df0a1f;;;;;;
5c24b13dd114f99e3a0e3d741be9d27a;;;;;;
0baf73e65f52eef00ebfcbcbe00c602d;;;;;;
ea678a335d952167d91db46597b9fe14;;;;;;
6bc221dec22d741d67e0c7c249c1a2dd;;;;;;
b5a14362b1aaa976ed246ee2f1045214;;;;;;
32b735d0139590dfd16392ac8376f67b;;;;;;
8ff3bd0a0e046263082005233923d19b;;;;;;
a5704c77d6cad249cde89e992c381f3c;;;;;;
622bc763660f28729eed84a47c6c4a95;;;;;;
25ef2df3444603d86202f91163b56773;;;;;;
e04091f574b31f797284f75694950e3d;;;;;;
963fc8857552c60ccf70f4e45e720047;;;;;;
cf1df28bd3401cd149e59c3a937a2feb;;;;;;
eeef7c39a895348470cddadb5e36dad2;;;;;;
b2fbdbfbd643411a06fa07009bc718dd;;;;;;
498a586b4cde1cd883951b395184788f;;;;;;
2759106a2eb5c14e7e56e45422a8eca7;;;;;;
4e698719f5230cfb4ac4b049d01959cd;;;;;;
20d4896644671b77ae122355c6d2b656;;;;;;
149a143caefc1eba28fe8a07a7c32fcc;;;;;;
b9cdff905e00528c26ff89f6920a4b67;;;;;;
fc2b7f93e9e5d917dbd026a1a40a438c;;;;;;
cd322646408b4f8c8dfc3e9a5bd64243;;;;;;
e8502f7bfe98bd8a55aa147ef86bfc64;;;;;;
cc3b511cf2d56e3ae13ec15d16f42d8a;;;;;;
cfbdf714ebf311b7255aceb10945e306;;;;;;
b92a9cd14ab9f6486bd33ce14ca8b122;;;;;;
51448a43169149fbc771d4090e0440f4;;;;;;
82f31168deb090928e7335f2dd58ec94;;;;;;
767da23697dedbe1f22f84d430e3ceec;;;;;;
571560f8261276e717d7643a09025465;;;;;;
f744b155865202f6dcac36fdf19c05a6;;;;;;
12bebdeaf11e6f686c17e1c6eaa6da76;;;;;;
dfe2b1bfd47583251f8395d344624f4f;;;;;;
62ba5154514dd130acacb01b6b9a6783;;;;;;
1e27dbf67efaac182204f2589f5e5e6d;;;;;;
644261cc647785ace94f487a886064aa;;;;;;
5ff4466fbeb7bbfcb1ad011712ca348a;;;;;;
41723a938f3262d37eb0db06ea62e0d0;;;;;;
600a879c9b4cb10c93da5d88dc30503f;;;;;;
9e012385a1e49f2f05cdaf0618ed7a59;;;;;;
cda1bf60559047496fdc7abb9b941d8f;;;;;;
f0240d2f5ad5dc1eb408063a6387479b;;;;;;
0f1132efee73cc0b1e1f0c7245cfa34c;;;;;;
7cca907eaa3761386636a0f062159f5e;;;;;;
650af7fd4227843641c9a95e59108ce7;;;;;;
316c46e85a25a41cd4f0fc358c9b4fce;;;;;;
1b487e16c15593cd02e03880b2bf2ef5;;;;;;
4ac19ea07798e89b668eebc36a3245b5;;;;;;
1acb9b4556fa13200a40f93e59294380;;;;;;
b08e7e88f9bb523d96d156944c280085;;;;;;
4118891025ac342f23b23459248e51f8;;;;;;
029c4c514cb628800e0fa891e0a6e514;;;;;;
96e81e7fb81eaab506cf11005eddf129;;;;;;
08d753362a5b3075ad6b87c41e4c7888;;;;;;
43e8f6011db0366dd1c6e7eb9a4989aa;;;;;;
cc07bd5255d307e5aef97924bd8b2d06;;;;;;
9454ad1b103627b6ed3178cfbf2f63cc;;;;;;
0a10488a25446dba76170f6885e09b78;;;;;;
189cb8da40110d76b4490d3afbb074c7;;;;;;
9c3f88c497e89f9a1f203f13021ea8fb;;;;;;
65101b10686bb7946947bce9bd164bac;;;;;;
26868f1f272006b40734f5e59abec711;;;;;;
6de727008e9ee33c337eab3dfa935700;;;;;;
92fa3eb138885ef1067fe0c49e23b6a7;;;;;;
a16e03716b838fdae8fc12bfff7065f7;;;;;;
72268f88d5baaf91021e82b379581160;;;;;;
043a9759175c773405a6c07d5d6b2b53;;;;;;
293fdcc23343f6d9715ce99cf4e017a1;;;;;;
96642564d0854a177d6eb98b75c00f95;;;;;;
b4e4d8c588d473017ebee6cb1b6de29b;;;;;;
ce1bfc48243fe300d38a310648001ea8;;;;;;
45c9144c397ab59e5044993a20e39dc2;;;;;;
58240d50de48417a116b4f137da3f8d7;;;;;;
8e7ea41f484dbdd792829bbe3f6bc6a5;;;;;;
4df16d9fca1901c5d296b8d0f0019f86;;;;;;
3b96828f921bf04117f43ac12f5299dd;;;;;;
35688579ab1a9f55219b20b9dca71a8f;;;;;;
cb715102238540ef89f1356b421b5633;;;;;;
f2da8b848e625b3f52f9de3ff26ed882;;;;;;
b1f63a305f9b30f4e661898590491cee;;;;;;
9819da6d5efeb446b0b6d6d85f8f48f0;;;;;;
d0e182880cd089e725968a3b93cd777d;;;;;;
5dd67850b80fc6829f34c95933ef8daf;;;;;;
4ad75ff7ab54e3b6d15f109ebd6f7d01;;;;;;
7ccd11ea76ee58cad1867ad28d00a2bc;;;;;;
153687a06e1da49cb8e2adadb51ee909;;;;;;
ab03b8a10c262654aa3457fc94098301;;;;;;
7cc4970035bc548ed399a957d7f9460f;;;;;;
bee9c9912dd8a4c6af1f35f72c9de925;;;;;;
65211bd393b26dc2954d08f46c843c59;;;;;;
cb5cab6b0ad54baedebb60f85470dbd8;;;;;;
098b29b5a16b278d1791e6becfc5a9de;;;;;;
0c12e9e3883608ad5b0b5d103b81f153;;;;;;
e0f61dc26b78cbeb4a33447016da9803;;;;;;
25ebefe62b40a8f2e6e24c13223e37f2;;;;;;
a1c2b1df3a1e80c210a89275ef0061b5;;;;;;
897de1529f76e84239e2abf24a8c6318;;;;;;
c62d3bda1de937b4cabefe388f6358de;;;;;;
7d62744a3342bcfbc97866e156a64d9a;;;;;;
bb04d019ad37d27f3c524d1d8ac734f4;;;;;;
19beb1b9554795c8f3185c0826271c66;;;;;;
d9e4ef9eaa9cee099668e18a4ccbc460;;;;;;
6c4581ecb60984ae6fe1bc20f8e5ee9c;;;;;;
4c57b737e3471dc803f6659cb9c3f63a;;;;;;
ccc8cf0e1012d2bc7efd801b4eb3ec1b;;;;;;
394b233b4296a77b35c162331a1997f1;;;;;;
9b42590e333ddf54bb13bab2a3d74aee;;;;;;
8586e1033615ee194015dd36f0bae334;;;;;;
07e0b5bc4f53e40bc1e946ed5d9d0f78;;;;;;
c3207f4a8a00610ab568b0e222521c51;;;;;;
04c7b0c07ffda308c04ae3709010ec3c;;;;;;
3c680c3f331b7756bf30f3575b5c7ae7;;;;;;
f2d991d7a65fa9ab5c7be63969633664;;;;;;
68f8314d922f6d9f954e7867cf1070f9;;;;;;
6012921353e0ba944ff7df87d018caad;;;;;;
bc9de06cc55a2e889ecbc5d1361093c7;;;;;;
bfa09dc7a86850958bdaa34427d411b0;;;;;;
24027c5e93bc49e5a8fe83c8712507bb;;;;;;
f7527837d361ef5dbbfa262a2b87883d;;;;;;
2976afc50d93a10d3d4fbb6125d51007;;;;;;
bef1a52da19f01bef2ece3e10be43607;;;;;;
6b24a61127c14e8b8ecad425fd8664a7;;;;;;
b9ed9f488bf7783d84a7026a3652bdc7;;;;;;
08a37c8c07b2e85ea20850916c409661;;;;;;
d1fc7ea645ebf8b7794e8b74a1bd1b3b;;;;;;
5c328d55195336a012a9848c3de2fbc9;;;;;;
483de8a81fea0d8e9c03d608aeb71edc;;;;;;
731add54859820cf916d1611b059c28b;;;;;;
e5750627bb85365e011a1d3a3bafcccd;;;;;;
9bf0decc47aaebf11e03758fa891d508;;;;;;
c0a0a53774ee43eb1ed8fea3f4024ac7;;;;;;
2c788a90ac0fb4195c6e48c434f4f3f9;;;;;;
6ad3501cb5aad10624d7318e11fbc0e5;;;;;;
6e66ef910e8ddfccaa1629a10374fc39;;;;;;
f25cb05e0caf8d82bd91e82b24b4bcd4;;;;;;
07bbb48ce046b55e7920f9f1f364420a;;;;;;
4999f49613c3185fc3833c959c5ee88a;;;;;;
e536c3e619d5cc109742c2ff8b558919;;;;;;
44f0d5886b35741624f885edd358e9e7;;;;;;
24851302f7e1c7ca36fd45679dd91f8a;;;;;;
f3816ff1835793ac032fee1773c0e7c9;;;;;;
a950d71019bfb8a0a6b37e7d3f49cc56;;;;;;
15025b7a2b379f0f44a989ae64ef1898;;;;;;
f1c35b898bae7f9a85fcbb37cbc3e6f2;;;;;;
4f2cfa9ec3e3038440f3453d22ab9cdd;;;;;;
4870e40ef3b15816d3b734b4d3ce1cee;;;;;;
56e873e30c6d0fa12dbad54f4d609f87;;;;;;
9dba0935d57dac7ebe4e0124f5e37274;;;;;;
680c4bb976ccb50e42764fe130fe3ef6;;;;;;
3950a9a7b49a4674ac0c94d2cb72a517;;;;;;
1a6b8b9c855ff2f4c4d4a75549331f2c;;;;;;
fc790699b998e21954ca61d39c3e7be4;;;;;;
523c64da1e4021dd68e520b7d9bb83fc;;;;;;
4fcb4752bbd33039d82309286dbc23e6;;;;;;
71aae33e266903d240b01333638dc014;;;;;;
0088e4b1935549f9b4cd5acc1bbfe59b;;;;;;
03539eeff59063fe3119623eea28a5a5;;;;;;
0974d2204ff8e04da8997264e5a4498f;;;;;;
7c79b5d97b0c5a45e8c51e68be92808e;;;;;;
0a55b1d0fbbae60a19692b22fea02955;;;;;;
bf095ba93b48d6a0e5ddfca344a2cf15;;;;;;
4e90d04904e0da454aee152ba17714f8;;;;;;
01c561679a22d58b7258e310634ae030;;;;;;
655536819d09ff90bfda756e1cf60aa0;;;;;;
f71cebaedbccb77d255cf9cf4603ff16;;;;;;
3e0cc7a0a71b733c936bc4b41055e943;;;;;;
a8dad3c0869d60c416a04c0aa115e33b;;;;;;
4bcbf4f18619a831b7bc3064b5f3a8cf;;;;;;
4a38ccf7b44a57e546071b720d658b86;;;;;;
2ebfead7cf248fe169d2ce01425d1ad3;;;;;;
c3a28e6b7144b8675bc10564da087a2a;;;;;;
f47b0fb65805decc374b5418c74b51dd;;;;;;
abd71bc0a0b84d8819de1bb0e316a216;;;;;;
88765a786de338f262d39421fd6acbb9;;;;;;
34759adbfe1475a40b2af4a1dec5d875;;;;;;
cb871598a63773364b1ba28e7937111f;;;;;;
be78936c2e98e32adc3f87862a8d021a;;;;;;
a8cf32fd691550d736c95c21d9c6bba1;;;;;;
62b35f946bcb4cd64b77d17065b5d970;;;;;;
8c17b43866e4b627168248f040c1575f;;;;;;
7cc737b716960f042d655bae75b30648;;;;;;
d46c33f4cc21b5b84914a9a9b160a4f4;;;;;;
59f21175a222b814d3025d447c44066c;;;;;;
36c0404040f793242d09decd9f1fb89b;;;;;;
7333d0b0ec6ef378a7d24d1865c1bbd6;;;;;;
a2bf546750b23170973773026c320b93;;;;;;
a450bcf5778260fc5db436e51f513a15;;;;;;
9edeac2da78803515312f9a813c8e3ce;;;;;;
6bde6655fb181efa0f0822772377017a;;;;;;
10a183c03c34582083d452b5a3f0a58d;;;;;;
55ace0e63eed7344191ef13e8207bd98;;;;;;
f3bdcf77f54142470ccaebdc79cc3848;;;;;;
555cc0c2137372b205e408d3ad9d4326;;;;;;
d97a5dbc5c8312c196032dbe41a7e804;;;;;;
804e3212c4218bf9938f783c2a78693f;;;;;;
b6a0889521ba76027f82c5b909afe874;;;;;;
6f2fe249cb91f1de77061450e4c31f76;;;;;;
318258ebcf6fbf6251013d46b09e3aae;;;;;;
52f668c5d7d74e926892e2b644e9d2d7;;;;;;
365b98aa0cab0ffac4bcbddc4196f17c;;;;;;
88252d3be1d7484359519383c69d8c77;;;;;;
f94cb3ab6a3aa1cb6b99f66cc4be2571;;;;;;
2cd192f7bdfde4ebfd239e6103dc988f;;;;;;
3b1a9411beb80cd76e6f3c0a8b824e06;;;;;;
d7c3527e76c8fe9b85dc37b504aa0e01;;;;;;
23fa0cd62e929c2b19fe1a378ae9e07e;;;;;;
ec2b8ce3bbc9ffb3a0037863e92052e9;;;;;;
ae6e8fabe99b6ce02704897017fa437d;;;;;;
eed3e02de5d2cea9561a626095be5b9d;;;;;;
13c7b9fff272d231d7968126fcb9c8bd;;;;;;
14fb145fe4ed28208f936e0ce8146622;;;;;;
c8c3387c61103f35740f8a0135e7cdbb;;;;;;
096ac8258baa963a83987ce8f187ea86;;;;;;
2dc90b7f7b1a061f6d3180286882bf52;;;;;;
dbaaf090cd6b387e3ce0be77526164b0;;;;;;
e2541f655e0b0d323bf4c4f93fb07ddd;;;;;;
33731131620f66e49f18aad4c972fefe;;;;;;
a955ea8dd6e280287281f5867de0d65f;;;;;;
707c649739f846f79be40aadd686a925;;;;;;
5036d8a02d89e47f936e0cd4b2027e1e;;;;;;
d1570cb2245c8a7ab4db1ccbca3fe986;;;;;;
6fc54f47cf1c5b0aceafcd389f4d6f84;;;;;;
842e81f7b9bac495436cb6ed0c1b9321;;;;;;
6249662a794451c7104c61973ed01113;;;;;;
70d4a8f545c8519c5e0bc94fd33fc3b6;;;;;;
7a50a0b6c9d231942d46b255049d9c67;;;;;;
a64645a684644ba9c19e0066ee9a1825;;;;;;
8924ce5dd08570f92428553c6b2299d0;;;;;;
dd56ce740dddbc2a05b9f9ba2eba669e;;;;;;
b0b2dd08e8dd9e16b31cbc62e1d1c943;;;;;;
d802f15491a7b5b898eb1ed6e7e51953;;;;;;
283021a373031778cc18955ad6356c8f;;;;;;
caf9e76ca621d980ef8a0175915bc197;;;;;;
8685c12be1ee7308dcbff5158f1a2053;;;;;;
4d329e0164197097e70dffbdd615abbe;;;;;;
d7df6b61adc130e917dff20081c16ee2;;;;;;
1ebffdd559758ab38c1dd246f45d1d21;;;;;;
be169638b73625b1e84682864eb93628;;;;;;
17aa80f81e6ae761464065644731f67c;;;;;;
9d9a4ff190661863a0927816fa7eba03;;;;;;
c318b682da45711092f7957565fe8937;;;;;;
5b77d6727d115fbc27e86a6810bb4936;;;;;;
2a0631a1c18095b8fb14e379bf87fe62;;;;;;
594b2aba322d1905aba7b0441873775b;;;;;;
c1b1d0e4d18e74f876d16ebd7b90e7f6;;;;;;
ca858bdc47ff61eb87595e17e5921f63;;;;;;
4ed4b661f3b4d44c47b8145fef8cd4df;;;;;;
b0ff6812c87a121554eaac033c030271;;;;;;
0fb051d8f75e33da20a0637f9f5ea71f;;;;;;
12d3d9f5f15c5e007f035b4f1c90c14b;;;;;;
9d8a0ddc0274f2f0dd5d7a3e4cc5e996;;;;;;
ed309b7ccea476b10680795176a659a1;;;;;;
a043d5c7505791296c5c77099fd4961e;;;;;;
bdb00ce4582b2a37130bd14af79bee1a;;;;;;
09bcc99205caffeac55ea6b9b640c190;;;;;;
37a8846e131ce343c048a80e06554c60;;;;;;
395c601790e8184ae7467f726ef4bba7;;;;;;
9e737bd11d8ed38481048111a559571a;;;;;;
7afa8f6dc4efbdce7a0f66ff0ae81aab;;;;;;
ae10261ae564ab3b9f6f7e37b5d213a7;;;;;;
ca79ce147e8fdb2c371f216a90fd87f0;;;;;;
4749377c6c3254263c4ccff2cc53e095;;;;;;
57f9c75b43bea24de00ce1dedbb9180c;;;;;;
aad3ef6dff508df3762c171ed3222fa6;;;;;;
886e280b065726b2a87f0b4635fe1c26;;;;;;
f3d322ea2b4f5cf584784f8e5a6c4251;;;;;;
32f678e4bda6b24ea95e76d1ff3fa9d2;;;;;;
0c5890c0e139f4f37935b1f5b3fa2650;;;;;;
6accbc0ed8b61a71d4b05aeac2855fdc;;;;;;
f696675c51c06f9e4cdfbc8aa749e376;;;;;;
14bd39db507ad504e67025c851687715;;;;;;
5dd8ac087c19f4daaa3077cbc66dea2f;;;;;;
032e79ee4b47d3954c93cba31a939f0f;;;;;;
d4f91089450d31284b16ffed00e9a9fa;;;;;;
7137e558916fc2a1d28e470c3536d188;;;;;;
a8c9890356c25cddf28c09e63690f8b1;;;;;;
d9f9a0c83d86c923d9d5fa92cb3dd116;;;;;;
cb731e62c04614f33d94019a9e8913d8;;;;;;
eed187b20be8af23d7d6e423cbf0e7b8;;;;;;
11fb50a0e3f043535092a141cf12d899;;;;;;
c1b715057b91bf52e4cb05e06fb89441;;;;;;
56ea3decd7fa1fe71ac69bda7586e562;;;;;;
970783996ef79bdba53f1977238bdf8a;;;;;;
86edc77d5c61913e4776ce60523adbc4;;;;;;
12d341a4d54f0daef8a58cc577c9566d;;;;;;
5b0e46f27ea1f1e8d5edb1d36e994790;;;;;;
342ec104157ff62f5c5a68da5a61f30e;;;;;;
3dde1495c4afc913e65bd5a668fb96b4;;;;;;
5d45a34418e085dadbb9c2c25f68d064;;;;;;
1e0276657d95f2a719598822a8e9208c;;;;;;
b59afcaa42ed7442c03612867d037cee;;;;;;
842ccf68c7174ace14dc90e75c7e7097;;;;;;
aa675cb9bdda30f34607773fd6ec9691;;;;;;
77cb94daa48b080ad7496fab061f6206;;;;;;
b660a480eac528bd027c521f4ecc23db;;;;;;
5ad425468883f832a09ab93a6b05fae8;;;;;;
c507d20d3e671c70e174710e5dadf260;;;;;;
e58d56c28f938fda6fd680116de1b27f;;;;;;
09184456e949dd04b8be9277da052dd8;;;;;;
f5cb8e6c484468b23b2d9675b9c1ce37;;;;;;
c955ba17bde3df4847ffc7fbfaeea3ec;;;;;;
8db401f9c75b64ec9508bbfcc725f3e7;;;;;;
65c9d85639ba72e0fdf466733cbbb41c;;;;;;
22e0a228c2d8aa829ac14210bbdddf1d;;;;;;
3c3020ae7ce160c9c3f2d1f8e40d3bf0;;;;;;
2b39c0e823b2fec37430636c881ca20d;;;;;;
81c65feabf69956c27d107cf7e45a7a7;;;;;;
07a937e0fe5f99ae949258d8d4fec131;;;;;;
c8f4f49bb04a40f94a33a9715e0c1d1f;;;;;;
13727dfb99f14a9c34fa798523179422;;;;;;
f49b7d823a16e01df7ad3fcc84a6d913;;;;;;
de6e37bf1222267fc9e364cf380729e1;;;;;;
213a26f8b6b76a6159402aaa8c21237f;;;;;;
45107270a3533f2cda751c244649e376;;;;;;
78dcea2aa51a861b7579fd8e07bff79d;;;;;;
6230f984aa62dcd60c696b0d40dfbaa3;;;;;;
46f590f34a5d2b6955be20c4656743a6;;;;;;
75249bec5c929a9563597d0ac1c15a83;;;;;;
0005e90b64367e277a86cb8822d43447;;;;;;
faf9f06fc3db2af8a929169f138d9b88;;;;;;
e931281cacf3f0d8b0bd8c140bdd1666;;;;;;
823861e3f7ebf42f132827145c74bf68;;;;;;
261f32ea1f4d2a0fa73f69ca7a44d1ce;;;;;;
b26c65555183ba3c99680270a4568da3;;;;;;
d610759bf288e86bb725c75af6d0473e;;;;;;
71bcfae1d9005266ea78fc26cbc449fe;;;;;;
0c73318afd2212c827e46d9d8b9dd699;;;;;;
b36a690e0d09cd3d3cd0f09d04205e16;;;;;;
88c141dcee635efc902db543db383521;;;;;;
d63e28f0f6e07a8c4ea50b37498bd550;;;;;;
cba3711f2a74382cdd19d29d2657a458;;;;;;
6afa6c4f19e8065525387219fe5970fa;;;;;;
aa88211d5cf321691b336d19867256d5;;;;;;
27c1d1ccdbaad49c937a54768a337531;;;;;;
c8cefe276fa5bb473ee47b29f0dbbe8f;;;;;;
6c49146ee2bcece58bfb10ecdc93444f;;;;;;
8bfa8ec32941bbd5a885af60e3b0ccb7;;;;;;
933c0440a4c53545f050d50be2e95af2;;;;;;
4f0ee82e6bf7f41744394533ed3bb8cb;;;;;;
788cab1c2194c7071da817b4d370f6bc;;;;;;
e8ce47e23380ad71eb50eb9fb214d3ae;;;;;;
174c5b1220f952292f548c3294d063c2;;;;;;
f1e45a773675c20682602723bef3d606;;;;;;
59864028a7322a4aac8537eaf8300184;;;;;;
d56aabdd464c08925c5ebdd39d9582d5;;;;;;
aec80bf32730bc9ad30a4f4d30e18688;;;;;;
e43a938748f4277247129a5e7b6bf1c4;;;;;;
30a22b056eac183059a89a4897f6f0ca;;;;;;
fd4ac3ea61947aff3aa065f0acdbfd77;;;;;;
6d4bf46fb9b6f34c6724a9d750b70282;;;;;;
f3aeabc645be036b6f2801fe9f8f08b7;;;;;;
5dfc374fcd3cde713ef8937b473d36e6;;;;;;
2ce75ac9e3545720aeafefeef4d3cedc;;;;;;
ae7185ab4858d5ba6afc304b32f3d6a1;;;;;;
7be38165b05a3aebcba8b6ad59e1d0bc;;;;;;
18e26bdd502e9bb2a6adc9b39b9424bb;;;;;;
d2c7e59b7ceb6398903f03a9ad8a3d26;;;;;;
2745880ec82f7228e440b742cc5276a4;;;;;;
a2eac885cbff52be04c3f1d75340cd89;;;;;;
ba92e678272c3a87abc915d941f7590e;;;;;;
cf2da5e89924927e442ce360a205b96b;;;;;;
5e8b256dbc6d4bf94dc8c25555650b6a;;;;;;
f1615af51ed4c53b3c8204151532e31c;;;;;;
b6589e6311dabb1e7fb7a466f6bd02bb;;;;;;
198abfccd9247082d99211b8b8ca4984;;;;;;
008717db430a76dc097e65688e81dfa8;;;;;;
86e0f716aaf4b158f1ae14b9993b5ad9;;;;;;
51473ec90677001789a3345401cf0b44;;;;;;
f0ce4faaf6d2f37961789e6fa1cd900b;;;;;;
26bc2475a17ed97f26c2e204b5db1b3b;;;;;;
58272b40aba237ce3c78a8a1a637ae7d;;;;;;
cc9e785f2b25ad2562ebeef1afcc5807;;;;;;
b95cc4fffdbaf667c3c5007c3e0ff2a0;;;;;;
3f6a7a3ee3280b238f7928602b21b081;;;;;;
2f0b0f32ae18330d68d4b8f879367951;;;;;;
99d0b7f33de11b76ce6a789cc5a59a87;;;;;;
187c4feecc1fa586b6d08022b110ae46;;;;;;
1944b58893ad1dd631f6743d92469224;;;;;;
c73f1542c11922bbdfdf6e58437eb644;;;;;;
c6682c77842aaed981cf4ebfa44a72bc;;;;;;
10c36e7b835588ac8c254823eadd5762;;;;;;
df784816c6f922c5736da8ca621bcc0b;;;;;;
44cc5b52a34b3ccd41e78d8df8ca2e09;;;;;;
598ceb2e13337523b3d2c6354a4cb3ed;;;;;;
6c8f0a6842c2fcbc8e74a886f15c12b9;;;;;;
6f24561904220b61a2e60b816c55dd3a;;;;;;
1b94553a1b5f329b96dde79a26559844;;;;;;
eddab2f514e4de7581fca0b21b205527;;;;;;
c88a687012b0fd51baf206b7325a3a9f;;;;;;
35db8973185f6dad8a16a1ad7a1bf587;;;;;;
be234343934bfd8edf7ba6d7b281d798;;;;;;
b92c33c8a4f2e2ef6f31459f036e728d;;;;;;
3f86c13f7560fe3f499b3f5c9d260668;;;;;;
a936b96d2dbfb88f2cdb2d819da675db;;;;;;
9dcd938adc8d25c35bd5d3f57dfc351f;;;;;;
c615971b67d4d4347b18dde405c08cb4;;;;;;
bfeafc63a8aac2838af63d731c086cbb;;;;;;
0267b2b808db0c38bef82a0c9709d832;;;;;;
d2a8232082a4b16378bf377589b28edb;;;;;;
2d4f044408f8fa01cb94089b892a20b4;;;;;;
35086d725f45b372276397d9be9bf573;;;;;;
e5a60c443d524d301932cb28eae61a52;;;;;;
7cdd75e13be7365ea25892584dd0ad8a;;;;;;
0fce1ead956de20a8d7783ce7625fc30;;;;;;
82dcc3c2c80b9a6f6df45fa4e21422c8;;;;;;
419316d629f3da3c890f11786d52315a;;;;;;
06aa5a507ab3d96297a97893e3e4cdc7;;;;;;
96b2035e34ecd4eeeb9060cfd66b93ed;;;;;;
7c1f86b310d065dc5206ef7fb41b4afc;;;;;;
44bbdde43a7034803a8f02484e23f00a;;;;;;
a5bf13a57dbf70686e6bf05acc105d1a;;;;;;
885eff249c67a5629a3c6dd7a4ac422b;;;;;;
fedad2cc51335e52c1b479fba9b49992;;;;;;
a8fd7363b9a314c351c9c847680ea33d;;;;;;
f8280104522a1321aae5e354c199d13e;;;;;;
8c9b25184d07d985fa86f69b00520dcb;;;;;;
590bfe920d22bc37007f0b4d59640bfe;;;;;;
cb384efde6bdc981295aaed3607572fb;;;;;;
9291f9ccf3951ce7279c4b7a3ecc0288;;;;;;
b1f0f0f4046a0d71b7a2afba1455bed6;;;;;;
f92288405f32c7b17c4fca6e70d91f0d;;;;;;
87f90c0b9e9010ec50910fc7118bab9c;;;;;;
48d13f5cfb752ba1a743549fc82fc807;;;;;;
93971043ee2d407f4d1b9d2d4e9c2354;;;;;;
ca1885273ae199a90ca9f329a397d418;;;;;;
6e00ab02c9ecad22cd0f34e1c8adade9;;;;;;
e2190f32a17cd3d6ebf8227cbfc8eb7e;;;;;;
e1ee601a0b4b135f5ae552b07f826827;;;;;;
f8c77de731d1cb96f82e9b2096eb55b9;;;;;;
2aa288c15fb23fc622f2f962797341ba;;;;;;
edf9743d9008307f04afe43ef9d6cadf;;;;;;
086b9bfa424e34cdcd5c63fb517294b5;;;;;;
3815fdd64b983ab8e7cc2a455af5a456;;;;;;
01bc9629d806cbdf222e4a77e36e0d6e;;;;;;
ef2e7fb5807cff18dace9aad95316644;;;;;;
6cc048eb06dcc60c6589614b89924792;;;;;;
475490cf0ae2b70dc426eb1584c8d8b1;;;;;;
fb33765bfa5fac4ed9cb1763fa4a9d43;;;;;;
b4e1712c2ff85a3563f5df257b690426;;;;;;
49275ffb41fa1e844b3aea20067c5981;;;;;;
81488bdc549b2c836d719b33075895be;;;;;;
3ccde1612c4ca141b43f9e4c5ac07cdf;;;;;;
0147454f13cfa62dbe762403b732c04f;;;;;;
78cbf24be7874739ad6c61ed97c8201b;;;;;;
a7fffbd4f38dc5598cdd182d38c6b630;;;;;;
7dac6e7185caf3b298d7f9d686055206;;;;;;
fe2ba45c527c387f4ef960d74b9c81b7;;;;;;
c0f58c773ec4f1c2f52a97b8bb50931e;;;;;;
80ccc68ab257541c2734e45c363c45ec;;;;;;
63e0cccd2ba36f119759007e09f06417;;;;;;
ca8fad30fc52a4a38f968f12eb44142d;;;;;;
7397e4c7e0ad3ff4379202d7ef7e9f75;;;;;;
7951c08ec8e56189e805fdd33d35980a;;;;;;
7d883fd026e0e3959cee5b06df0af50e;;;;;;
1a0a505a6035a9429aea3e9ab0f6a2f0;;;;;;
a10ee53091498995c4ece8bda4a67d61;;;;;;
6f88c7f806dc513f241cdef905bc42d6;;;;;;
a50ce437eea2e46e4d2be3180fe459d1;;;;;;
8aea8fa61212023cd246cafa9eb3d3f4;;;;;;
ef4df7d52daea13d2cf6e27fb6812688;;;;;;
f0c659e7e245ea81aefbf6f2875e4478;;;;;;
569a384ca435b6f97044e0439dd7a6e7;;;;;;
443882f9e2ee01e7112dd293ebac30ce;;;;;;
a061e93992ae4c26a38a20b33ee09a0b;;;;;;
9601fe87def10a8fe029f84e5e50b6cf;;;;;;
3a68d4725fec53be1b98f60f459e4cc6;;;;;;
6f73b8c3f60174366998c092f1d9c820;;;;;;
44506b7b612e51c1772e3a5ba9b84b16;;;;;;
4c7a131cfeedcc43eadc557b1d84377f;;;;;;
d012a79073e8e5a08bf9a70a252d7598;;;;;;
a35d5542533efc81d36fb07804621c0b;;;;;;
ec0543cd87663209b517897c09a5f7a8;;;;;;
01a5ef520d478a3bd29cc8119e56bff1;;;;;;
8caa267700adc7fd6e4424711d7880be;;;;;;
8465f0f4bd697c70285b8c158fa0a852;;;;;;
c1351b35aefb65179095fea295e6fdfc;;;;;;
4aea23909fe044c897f6c50838287cc2;;;;;;
9775f4f42d01df44e42bebc34df296e3;;;;;;
070b0e4a695ab004514d13a4604c9272;;;;;;
883e2fe6bebf099fbc10b46a8534aaa6;;;;;;
3067f95e6db39a56c10ce205b7a3f81f;;;;;;
08b654b327d4f429d3aa6f06290b4583;;;;;;
8d192029427bce093e9830863dfe518d;;;;;;
e2b4ed693a429cd2618fb2bd1d325136;;;;;;
6c6dcd2d2cdc4f4835277e3f96e231d4;;;;;;
add99750d77932b15916c7c747a77862;;;;;;
253f54ddf02fe31cc29a1c0079f61b5e;;;;;;
d7fcb008b0dc3307d6ff1c0198d962fd;;;;;;
6b6cca39c9be20b0a068da1a1c273ffb;;;;;;
e2236e0f489fa46fb08dcecc8ade4152;;;;;;
ff37816cfa473e102cbf6cafb2b93cf4;;;;;;
39f251a74d817cf6094ad461ddc8ccaa;;;;;;
7dacfa24d6c70215d0872836e7e0aa35;;;;;;
ffe1390c4d5ad7225360cf4c1f9faeb8;;;;;;
817dd9f34d154e788ef45e1d116066fe;;;;;;
ac00bf156e9152041fe2ed72775b853d;;;;;;
4babb0e3d820e5f82cbc0859ebb3c81c;;;;;;
e92e86c7564be634d43807dbde45c8af;;;;;;
ea7f7ec1b705f96b80d96932ee00e002;;;;;;
7f804a7a71517f306b8f4f64e6fb0a9a;;;;;;
17b1b2afcb06ceffb0edee9fe09f1caf;;;;;;
cb8de9350d3b479f04e661f5527cfb1d;;;;;;
ec7be07cfa1269ca3f33b46a8ea61fb5;;;;;;
4942154b19e38251e41d7f2e581e3139;;;;;;
bc2ececb966bdd32e5af20e38d9d1b72;;;;;;
1750a2ddb53d3559964a02ba7bcfd92f;;;;;;
19752e49693f315312200ae0677b5b90;;;;;;
b7371ed66bcd963930ca30aa3bab513d;;;;;;
eadd3c66c477f6b0e9e93999af5640ca;;;;;;
04bc778bfdfeba13ab913a9b5504345a;;;;;;
19f4be5c3f5bab9c5392ba7cb31c496c;;;;;;
c4249b4aa8b6bc9fb11442e0c7f00019;;;;;;
e879369b431fd18877e3e34e215ecb07;;;;;;
2346eff2ac236da102ce47aae5333bd6;;;;;;
065a29bff1fa6ebc4e9ff3024e18a531;;;;;;
ee40acf995675d2fc87469801b1a85d1;;;;;;
ecb1b7081355b9f45ef01c7ac202476a;;;;;;
14a9fe9d31a572688aef9588822c246b;;;;;;
2009fc04deb80ee1a5567ab1bfa7d098;;;;;;
67d912e6754afee00bf060b5bd348ca0;;;;;;
1f79d61472dacd40b2f4e95ea9f89fae;;;;;;
78a9892ee601fd63979815e7acc35eaf;;;;;;
334cff4bb38a9c44ead746df5c0026c9;;;;;;
7af3881288d19ba11c5ff7a8aa9dfe80;;;;;;
2801807cb1695dbc51fffee227f81d93;;;;;;
f4e84b807bbaeb58c7e1526980d470ed;;;;;;
ad2ebaa411d46c3eb7a43d59f3a64f90;;;;;;
5178706c186eb8ec2b1e50141ec8734d;;;;;;
51cb8c661ae2188add72fee73409a8a8;;;;;;
ea2ce028ddba7bd03a8a59fe152a9105;;;;;;
f944cf6fb25ccca71fd02087e4a432ed;;;;;;
446e3a114a8d4af619f3170e0328a9ba;;;;;;
60e0d104396360f3164d36b9815f2c1d;;;;;;
bc5f7146216047b161b95d117cc3c802;;;;;;
497cbd84be76de1a84808f7587266ea8;;;;;;
d42c1fbdeb6786b4acd23b79505f5660;;;;;;
140ba15730a59f48d7d7d4588dba7afb;;;;;;
39e2d02036203d4fb374f539f87fa80f;;;;;;
1045307d1d0600907f8fe707d4f75fe9;;;;;;
83b3cadef4e6cbed25cf6ac078a3cb15;;;;;;
2b7ead8490bd323dde98c28756fef2a1;;;;;;
6cd20b26f894d5d2c43c829318f91b11;;;;;;
19f223c33bb1d4329207922cc637c877;;;;;;
a32c7d8967a740145780a770bade492b;;;;;;
8007dc184ecece9c58db4fa0121320db;;;;;;
33ed0dab3a78ed755e7f9fe838522ceb;;;;;;
fcad892dc8b357dbddc05e3120284972;;;;;;
7d66b8164c0c0b980b23a9d98bcb2b6f;;;;;;
8165375c32d6a0054e56a307d805504a;;;;;;
e559ad0aa4261e57037e38b8e578f9cb;;;;;;
178da11f52fff8693e0c332278a3b473;;;;;;
f67fe281dbf04ccd6b96d7c7a0ec2564;;;;;;
1ca92f486791af36f83d1cf2126c3f63;;;;;;
84c1dbdfe81d6ed7f06440e1151c97de;;;;;;
dce6a007568a196fb4ecfbff86ccacea;;;;;;
57962ae9bcacd889b86d314247950ace;;;;;;
a99a6dde21f9363a8cb30f2d2959ba1a;;;;;;
842ac4107b1684ee75a705aafbab2500;;;;;;
968660aa4546ed112a7c499cd4e4bed7;;;;;;
c7386d2520fb1994fa2f37a5a0df1542;;;;;;
a76105b999a4c2d217c3f0689a47c9fd;;;;;;
b71491c674f087f521ebf846773d30aa;;;;;;
df219f585452459a43b5cb71dc8be81c;;;;;;
1d1cdc3c837770f5617da09e7bc84b40;;;;;;
006b8d1dad5fbb4252dbf232ec6dd581;;;;;;
75ef9244667c41cd4a2cda855b2e4034;;;;;;
41966c9e1f361d89defa0b0835911369;;;;;;
04bde6e51d508e5afdeb18efbdd38e39;;;;;;
641e1fcbc026ef35d6251b50f65d6b93;;;;;;
1e6bc837d7cb93057227b8891d8ffc02;;;;;;
af8ab9cf73b712c13322622bdc954839;;;;;;
c2193345657cab874b3731eb57f5af9f;;;;;;
d4e395efac5f317dc16b858eb4b8ee62;;;;;;
8acf8b181d756170f77c761e4e5d7770;;;;;;
9d167e87ecd828b04f66053888ac3974;;;;;;
088c2906de0d4dfd924ac6f3fd1f056b;;;;;;
41b982f211870cb5776044dfcf57180d;;;;;;
0b66431c24a3f991a19152e1fe662a00;;;;;;
f59b9f430ffdafced1b3b3575aadb63c;;;;;;
f6e62b7d72babd055fb2f564caa120f8;;;;;;
35d15a1ca513cac1473a26e71b8d84bb;;;;;;
96a8083c87882ca417731fc7260d77fb;;;;;;
bb977240b95e6e5f41cbd70609911c21;;;;;;
0fd06c2c26f35006132bbeb5d743d07f;;;;;;
3569caa1132f67250b93a05c869a1a68;;;;;;
5443a344ae332d82213e4e466fc4cc87;;;;;;
0316c487a424095d0fe506863a6c06c9;;;;;;
7c04910232385bc1a0b06769a1bbf637;;;;;;
6987da0f7ca43f32c45c212b2c06644f;;;;;;
ad0292c8ad66b7c604e16da5e70a1045;;;;;;
27c931a0961785d905f108d8781f0176;;;;;;
2999db1b8b29d107d460219296773389;;;;;;
a6eaf954183ce79807c842b6b444195d;;;;;;
c92e5f6c99bd9cad7d9cdcf2bcdcb41c;;;;;;
105448fe4d5777b212482de38b7eef44;;;;;;
be787a92f6408d55a2ce68b2ebec77ce;;;;;;
bd5a547bc76c4819e23a913b040fe3b6;;;;;;
7c23382998c6c3759db937a1f8d05aa7;;;;;;
5764392a9afe0ea5026242fc10b812b9;;;;;;
5d7cf7f6a4b57dc0933f4a7c8500937b;;;;;;
478b5b2b0c9969f972796800e931cd21;;;;;;
cb831cc8df099ff356efe31d15e2f5bf;;;;;;
3c46bac987e052074ec7384467f76c15;;;;;;
15ecf5c9374387995db16fd4b89f684b;;;;;;
a4d3319d59e1f4a030966bc1c71cf32f;;;;;;
6c912efdca75498745da1b553e3cc8c0;;;;;;
fa3589d6d8a838619a182e44edc89e1a;;;;;;
8fa69530d882efa4b5ece696793eed0b;;;;;;
694a50931b854e853ba02a30bc9de954;;;;;;
3a85a8770ea3b0bc5a2b1189a18efe12;;;;;;
d0208baecab757fcdb684709115ddf6f;;;;;;
28a7d6ac2516416b4e26e0ed22c4ab6b;;;;;;
c352ae5b71a4ca6b2670588624272dbb;;;;;;
5ec2ee265e4fd26370e69a101ec73a92;;;;;;
7938231786178ef481f6c76ac259a7d0;;;;;;
dc5fc0261fbe1961f9a02aef49115351;;;;;;
a02012238bd2ac4c1019e38b6e36604d;;;;;;
18b628d716a7540cc2335ae71435979f;;;;;;
23aa9ea4edd0df30785eecd6cdc48ee6;;;;;;
80f3ee05af17533765e0868d45daeaab;;;;;;
3d526d59bf199891e883995ace752c62;;;;;;
fe34836ae149707fff4e346d942751a9;;;;;;
296d6a496319e4004508fe19dbd54fa4;;;;;;
93bdd2e2e15a206ed8da28b694dc4e9e;;;;;;
5361db2ea2aeb72c4c554cd9b54b5b7e;;;;;;
a1a199416194d85f514266a9ada7d25d;;;;;;
b7cb508a98f480e533d60026f0d1fa37;;;;;;
d6cd160c3cce2254950c57d2347d0e63;;;;;;
bb130828fcda430e8fcc489d30837621;;;;;;
5958a6a897b05eb4b9a2b32adb7feed0;;;;;;
93d72fb9b217137976a07ef76dc11f51;;;;;;
ae43cd44a610e7057a6fc7d3e5fcd3ba;;;;;;
39fb3d629de7a45dfa3618ea8f9839e0;;;;;;
ce44aebd96e1c183a4cdfc6a063b0dba;;;;;;
bb82a513b2acd9890d5118a5ebf0df57;;;;;;
6d80552a68c09167411845d63d2d7952;;;;;;
40bee9f30dd6b57b1e14ed9e60771a5a;;;;;;
884e779301f489b8d354279395432209;;;;;;
0ae6e733e98971e00291e909f5e279b4;;;;;;
6c73b7e6e515b233237b67edf8f635f5;;;;;;
f7c0b1bf47966881cf4b2601e4050ed7;;;;;;
ff54a6bb429f0b0e10c2d220672a8b57;;;;;;
9b50709fbc6ef6987f4b06c63a82baa2;;;;;;
63dff73a65fad2ea371d161220c63981;;;;;;
57027c6b885821a5d2867927f06d20fd;;;;;;
e22f289a3c11332568b67df442138815;;;;;;
c573fe8d85a88ae935c75ce66ae4acc7;;;;;;
5615f1dfda3b4ead77c0cef69b641f05;;;;;;
01b89f661edb89ef30f6b96959c25a29;;;;;;
9b8349583be3907497af2f7249acc04d;;;;;;
1ca485f09dd12d0ce57e17f502094907;;;;;;
6ed2a61c548f1a36ec08c753f7701795;;;;;;
451957e0554a3e860d4a99b763cf9ad3;;;;;;
1379001599214990d05afa21f6b46460;;;;;;
de8fd084b668cb0efa6f8b1b2abfb670;;;;;;
466d74260b10c37907d93fb4caa96abd;;;;;;
e3fc8537fc596727b73b54b02fe60636;;;;;;
b12e7fb4082d8062fd079570c3ffbf30;;;;;;
e9d6c9725e9f435ea62f746e7acd61d9;;;;;;
4ae4f432cb636e020183a6335ed82f03;;;;;;
44e7a8b0b5d6b0a16a34d28ddca085fa;;;;;;
7c521211b2694d41404c68245202cbda;;;;;;
cd40df79553ada592853074696b1ed02;;;;;;
b03227f68740691b0c4dad85f45aeef2;;;;;;
da5fba0120cc84e276c529e87a6bc19f;;;;;;
7185ebfd6d235ed266e32ee0f6793bb7;;;;;;
7ae7849e2a66090cef3e185ddf8f2ae0;;;;;;
744e1110b71486c5f8fccfaafabf3b67;;;;;;
f460f480f3a37f0dde4048adc63ef2b5;;;;;;
ab15dabe89d793895ba332c42618f378;;;;;;
16fd10aa42a2ffe7b7741ef92c240d3b;;;;;;
3fb86325346eab362f9bf0f604098080;;;;;;
f2475daccb4460983dac2de0b0389266;;;;;;
a4eb03c8724f49bc4020a94b51c01eb3;;;;;;
5fedac5f404bf051fed835a0b685a64e;;;;;;
1c0547b282df95c9a874de3efc18046f;;;;;;
9a25b3b3047e4ecb6dcfd209894836b1;;;;;;
de327849c90cb1e01fb40262524133cd;;;;;;
147aa52a35d50aba72104123c5ccc02c;;;;;;
6da7fe160ed8323e6f77012350493df9;;;;;;
20e4e0b3681676a38e11b7f2fcf24e2d;;;;;;
0661cffd2538595490b04959c933a200;;;;;;
0dc84bd431214c17a3cfbc7c8a5a61ad;;;;;;
e0eb9f4770c602a08c5efc10e40dad50;;;;;;
c76aeed8d1df37bb605564e845c34cf4;;;;;;
b37899d97e6a0a3362a0c598c4148eea;;;;;;
20c520f3ed02c81a00a034a22d5633d8;;;;;;
cff826be591222b1c0b44f2bd290dc73;;;;;;
7fe1fac62f2ba662ecd92aa50a9bd96d;;;;;;
bd2441fdc6689902e4c078cff0168ac4;;;;;;
3609f47b18af664300718caddffaa3e2;;;;;;
26a7db360e45b134b5b13ffca1e685fe;;;;;;
c8d9b19e7e1905470cf2be0e895ac273;;;;;;
089454a7e83cd83f624e33159476e7eb;;;;;;
6b0e8d641934c691b1ed98bf128c8265;;;;;;
e2afe883133504209c7730235f4385c0;;;;;;
3a5a3c47c9e087929fa489fb3d13bee5;;;;;;
1c06751e696fc87075faa4acbff8c7bc;;;;;;
7e8fb37da5554e0304e10a87fee64908;;;;;;
e4a58270cce5876ccd65fee6e6547661;;;;;;
2c659c984dea5c7e04380ae521971e4a;;;;;;
7dcd6163f6c3df36d621adad3e684fd3;;;;;;
fb80b044a557c86678ba6907ccf5b6d7;;;;;;
809d8c8e4d21e4ec4ffec0680482be47;;;;;;
873ab313a419eeea504cb5894e595860;;;;;;
f06079b231b654ffed2dfd70ceb338bf;;;;;;
69f019bf5c58444092df192323ca6aee;;;;;;
09c6195b1f24b03d0cd29c036141d5d0;;;;;;
8e1e829f3e84ee46ec66f9a7cb9b9dcc;;;;;;
7330e7a76bbbeb377a285ca5a4a88ff3;;;;;;
41c4b9e7fe72d65c7e107342a9ccf311;;;;;;
d90b2902aff710535900a6b3da4c28a0;;;;;;
13e7f3500abececfcfdf9011baf17667;;;;;;
a2383858286d73f62672bb1ff5ec577d;;;;;;
00fbee6620ae442c982e0729b3501cda;;;;;;
218867b1c260acb6b2e81ba83bad01fb;;;;;;
a9ad69acbefff61f9520e07ecbc30607;;;;;;
41841cae6101eab615740b138835eba9;;;;;;
374792de142bf1d3a2d87ee229d9c0c9;;;;;;
8e5876d9ce77d8606aeee98054030df5;;;;;;
02fec8c8b155579c3344f72ab409bb36;;;;;;
c5971da8a6603b8e1ae4bae1a3013c60;;;;;;
7eb56bd3bcd603dae1ffc210a295bdd5;;;;;;
f1b165c2e8d2c027679612e121d41491;;;;;;
8cc86b40556259211823c5b733d8a12f;;;;;;
99590cf9b3cdf6b0314bc96b3a1bfcd7;;;;;;
d9062b11c415509712290dca27f67902;;;;;;
601a07fb71b17327a71d7d23576e05bf;;;;;;
54f4f4801a892bcd1df73f2c8fdb496b;;;;;;
701c59cc1f887b0da9162503ac4532d5;;;;;;
2ba61d9f868915591151f6cefd339187;;;;;;
54eae50dedf1cb8bac9fc4119cef4a5c;;;;;;
07ead7f556119c6a9fecd0e55b3691fc;;;;;;
5dd4e26ddf94485e95da8416ed374e6f;;;;;;
861611e6bdc4a0a36a5fe8974aa4a4b7;;;;;;
c7dd2f0e4f0a5eb953221d91b235f8b0;;;;;;
d206702713c53e2096b9ab1d074b6b1a;;;;;;
634738e06dc94549da774f7a73926767;;;;;;
639342d34278a36e400047ed4e068ccb;;;;;;
70ed545e00a484397eab521afe5224fb;;;;;;
1c784c1667bfe5ce1f11901f4f4cb55d;;;;;;
4c418f6cfb56e2e156fb361b74b016bf;;;;;;
e05e36e3319a4408ee73b034cc41c5a0;;;;;;
859e17bac6c3b40f5efd98da0713e593;;;;;;
6252ba18270a36bf5625a83eb606923c;;;;;;
8a6d78f4be217abbfefa882cfd45e29e;;;;;;
9754655277c7dcf63ac4f9ceee0ae510;;;;;;
6a80dd88ce30990957e76afa448f0d47;;;;;;
163b8d1e33cf625e0971bb25f493a8b2;;;;;;
85b3754b87cb6d4eac081d9ec916672f;;;;;;
9736032eff5f9779c694a9f2a165a185;;;;;;
16dd64ef2422bb526e28e152ab8893f4;;;;;;
0ab617fbb876d41fac24216050c4d780;;;;;;
d75b83256f319b386f48bb0da857a029;;;;;;
ad3bed4bd46c015f3058367bd88d9630;;;;;;
c5ec6d87c9c3140c6bcfa0a1b538f24a;;;;;;
782f7b6735aa9c98a527dd17cd045075;;;;;;
f1f9c953c5132a1b813c34a0b61c35a1;;;;;;
e6275e35f8f65533abc604181513b13f;;;;;;
cf9ab9b59d3943adaaeb7d72b5fc5e62;;;;;;
747f6246b074484201dcbc465f10f7cc;;;;;;
b21f265da291352fbb03d733baf57926;;;;;;
65e6fb2db5d3e6317bbad219b3afaec1;;;;;;
6a9acd5cfdabb903b29391772464ffaf;;;;;;
4a837160702e3a6fc620a18ce967bfea;;;;;;
8bc094358007bd1bfa07bd9208743881;;;;;;
6176d840a7b5e95d6219e37a7e2ef751;;;;;;
b20f78b50944b620e191398dc0ffde94;;;;;;
a8c76a391a22d935194013e839de4cf8;;;;;;
87b8d2c5e295a14ac00df6a3a3664efd;;;;;;
af209c51fa38b06b841ad74ee49089f8;;;;;;
9768c4eeeeafb808b4a4c012d80e7e25;;;;;;
ee11c73d036293d301018f4dba30cc1f;;;;;;
f1b0bbe6e72bbd98ad42c4d295f44df7;;;;;;
5cdce136d5b71e4dd48300911019a628;;;;;;
01d644b83ac3646a0ba97c44e42c095e;;;;;;
59dbdb5d8c77ec81d500200894ce7aae;;;;;;
39c5fb62170357c6c7e822396f53f119;;;;;;
15a8ac5a014a3ed7ce5c07a15c500c2e;;;;;;
5ca7e69a8e840e79ee12bed149b693ef;;;;;;
164eb0771d354c60648cc9878e07178f;;;;;;
4d1df1ad1534dde2af17eb1a01ddcafe;;;;;;
bd32c9fe63265a51ef6f96d6826cd973;;;;;;
c3419a7c1e209ecd3157a0f5a69e6191;;;;;;
7ab1d93ffa7aa54b5bfcaa0f777bb61e;;;;;;
ae7df76569afb5cadb87b6247a4bce07;;;;;;
538f4ae3459eb9eb405b4f3c846a9139;;;;;;
836cf4c1b8673e665c427c7f6adfa30e;;;;;;
62e4c6f2e97a4168035c8783db18b0b2;;;;;;
855cc1e837f59908b370cc1bcc11bb8d;;;;;;
f8b538ab4b62d1cbc54ebc379c010d4c;;;;;;
d3864e6da30c793e1a7fc48f5f1ea562;;;;;;
9f20db9f7724797bc1c8eaed9e34af99;;;;;;
119feb37ac1a204b632bc636ad597dc0;;;;;;
9e45acdf9caaf4fece6c4d1fd3ac0c8e;;;;;;
549c19802a475ffc1860432db21b8bb5;;;;;;
e352d2cc0c6662068239e027c1ea2290;;;;;;
eb86c1fa9d78a1bdd390d9055686adf9;;;;;;
0328664c7b0493cc3f738c1348713fe4;;;;;;
b8aa33addca584f85e9c6c1351a64321;;;;;;
42552d484153f23fac92a9f1d5d862e9;;;;;;
937865cd473b2e13feac037e5ad81630;;;;;;
6da0041a38ebaa37a03a4272fa838a7b;;;;;;
4622372956e995e3d26e60c079f71688;;;;;;
2857bd13a3ec86104a1e18171c1a8da2;;;;;;
02c46172f36c6b0a1299e929b7717af7;;;;;;
653c18b737af0437a2c10469b3702901;;;;;;
575a123e615efedd80f09ad328bc51d4;;;;;;
71f6493bbbdbda522bf8b9abb89cc9f6;;;;;;
41210e16be3251b3942833fecbe01cc3;;;;;;
c19e8f809c1994646b6ba60538acb67b;;;;;;
c77e3ca5ea92b55ae23ca513c5422f54;;;;;;
fd76fac47c01fc3989c5260d322e0888;;;;;;
0e168efa833060c294bfef4c9b0857c1;;;;;;
5c190088b048c23733857ef0b1530269;;;;;;
b5d7e50e5a0b372c985e87fb1b3b5266;;;;;;
568c72e533e9ac747e32e06023c53d9d;;;;;;
979d413b719398ec0d69d918157cddf4;;;;;;
cf2bf08eb116f82312bdc5c061b285d7;;;;;;
5b5863de2f67afd259c0eaeda10dbbce;;;;;;
edf5ef65597ed3835f13cd9054b8e162;;;;;;
cc297f910a1e382668d8183dcb4b84ed;;;;;;
3283f2091f043e08f6cd1b47610cc6e0;;;;;;
6ac48cea11d09f94fc08274b2177ff6f;;;;;;
a36142f98808a531575183d15623bdf7;;;;;;
a7037b85db96e8c556d0c0a6f0e4f609;;;;;;
43377b25b0f06f75eae26431a5fdcc4c;;;;;;
cacc344ada1c0f649e569bd093a3a87f;;;;;;
ce7e6269cde3d97ed46461168fa9654e;;;;;;
b7730480eac7aa653c1dbe1c26d40dab;;;;;;
d590242c18a96734a749e5fd8a0b9ef1;;;;;;
bf25122f296cfd8ad0330a905e17fa8d;;;;;;
cb4fb325bdf420ce8d39a4a0b8a3dafa;;;;;;
f44c6b5f99ca035ad53c547e1f3029da;;;;;;
bca8381113551fc1e827e8948764aea3;;;;;;
2ccd071b6141089932220ceccccb0e05;;;;;;
afcd52fb63543641d7478029c32223e4;;;;;;
4a46e22f415e3a62f27d7622c6b3360e;;;;;;
ffdf5d4a78c4971125c50369d464750c;;;;;;
0136e4df94b3397964266379f8edb14c;;;;;;
888bd1cd2e3092793ba66d5dbaceed93;;;;;;
1093d4a97e23abaceb92867fb4817ad0;;;;;;
ec8a2474f344c79de7f13442cc8e6cbf;;;;;;
3dfc3659f3fa82911a40cee460f4538a;;;;;;
594d36c77584d780f03089f4d199aacb;;;;;;
cfb9fd6966164f6ea6dee04470de33c0;;;;;;
dbd5b28928f804266dd4ba1975e402a8;;;;;;
2adc36b8ead4cc606ef9ff0d0468f04a;;;;;;
1d7b2e5d0d353358ca392a1ae146cab4;;;;;;
2432586cca3fbaa66543cdb6fbdfc463;;;;;;
2be22db9c9adfdedb1c968a99fee501a;;;;;;
080501cff4af32eb5d7f717e61d8885b;;;;;;
f46705d79a4ae74f844bc4413a13a215;;;;;;
b00378c571482595741b25bbef861be4;;;;;;
dbfe728de2c225df61cdc3ebf56c1841;;;;;;
e08b67b0b0db4c4732ad75f4fceaac5c;;;;;;
9218a34f72b4a0b15af1a3928f4812d5;;;;;;
0ad8174cf091aa31090e4359b65b61a3;;;;;;
cfd598633f8b349f583b7f662dbe7194;;;;;;
e2689f0e514db8e627fc8b90665c52c3;;;;;;
2642317e21997f11ab48cd61900ca0b4;;;;;;
841de4aa7d8702e1b7b78261a825375b;;;;;;
1d1afac55883ffde0c35b84dda8fb4c3;;;;;;
e191b414918089176339509abe8e57f2;;;;;;
40e4974824048088cebcebbdc7bf02a1;;;;;;
90786065b322a8623cfbf5aaa74a07a0;;;;;;
9ba0732a58bba4f2e1bc87962478a3b7;;;;;;
cdd5ed9db488ce0f3db311f57c46907d;;;;;;
04edbd713f15fa2c40c7adbe9dfefeba;;;;;;
319569f2633175646190fdf33b9d9efa;;;;;;
ced3609af059d97e0e994a37d971ba18;;;;;;
3af0495e095b5f5e786767cc44fb29df;;;;;;
5fc7ad95ac0d1695fd6a7a673cf09223;;;;;;
5c63e334bf4e3616690b685b7d90deb3;;;;;;
af226a066239de95c534a21a789de852;;;;;;
7551abe631d61531302b1a3094a8b576;;;;;;
630a521b81adac7ada6122dce85b861c;;;;;;
53162e4e0519fb207a81d85868e36a47;;;;;;
673a1d36cbd3bea4b3b88975ee333c67;;;;;;
143cfc0da6153a09d42d070493dc4546;;;;;;
07f042c1ffeba1a796bd13d277312716;;;;;;
c9cec5bc2450500d45197f3da6fbb852;;;;;;
4e383948bfe342576b36420d8405ba8c;;;;;;
60ee4c029fd8e8c969c9fc04a8934f0f;;;;;;
1d14158ebb9bf73235ae7e0e32afa9bb;;;;;;
58ea54fb55f0e05e5f235165d5eff841;;;;;;
b98bfccb868b69d5120860bce6ebe5d7;;;;;;
3420412f5f64ea23c9dbe19a52b0692b;;;;;;
9fdc779f79619569e39b6b008464fb63;;;;;;
cb3c3f6190d6281a7506d6ad82aaff74;;;;;;
60c93e85518ba1478437539026691d2d;;;;;;
1dd21ca2036d7e0d6d400459c876b7fc;;;;;;
86274f501f07432547c6f334ac883fa6;;;;;;
f0a710578ee83e0a7a08549166f00aa5;;;;;;
84699d28f55083ce9dcaec0c008ea779;;;;;;
503459ed8e91a25463affb1b9f8a391f;;;;;;
c04f498f6e84102d7a044e4d85daf66c;;;;;;
152da226930d397198a6e2a76e2e55c5;;;;;;
5ff00805d36830c770af09fac6312ce4;;;;;;
bfbdc03f091df3ab25c6882801d1a3da;;;;;;
634de87f675a788720a6a9d740bda60d;;;;;;
b38733268705bb965fb5426f68a46034;;;;;;
1f651afba69276bd423e27ad151ffe6d;;;;;;
c5757bde48ff5ef35f04201b56163149;;;;;;
e4de6b7bb40b806f6069b90ac932d337;;;;;;
062e1834f17de84e3a8f2f6da04d01af;;;;;;
26987eaf463e9bc35f8fcd6a696b52f5;;;;;;
47cf896a3b646abe470491bb07d3a419;;;;;;
05d35c457d5066a5b48ffa18e10bc706;;;;;;
f6857c8a962c9abe44cb7837ef331316;;;;;;
a19c01e7f6b79fe2cc51f32e93bdb5bf;;;;;;
66a4048b8e1a5ffae9bc46df0c3a6ada;;;;;;
5adc1ccb3d60ba23c3b188154a63dbf2;;;;;;
f4d0ba03b4102d5815bf342fba04d340;;;;;;
7b3fbd1ba5a4c511b2381d64651fec89;;;;;;
22654ef2697ad5211f034e8a9172c194;;;;;;
1cdd2f0f29915ae82025b43da2196c75;;;;;;
65becb6c871b11d261b0ddf689803f04;;;;;;
fde319622d41dc5db29bdb97d7021805;;;;;;
71097786cb9adf0b47b83126b7bcea4d;;;;;;
75de11a33ef1457c3684e84037a54bfe;;;;;;
c80a40ac02a14d1fb2b75850258ce508;;;;;;
54b1e83d35f80c71d19b5aa0c91c7d61;;;;;;
afd6cf82d6c20df10b54723787a93b14;;;;;;
15311f9550a9caef93a2690f1ebee08d;;;;;;
1b0d57d1b62259001ae85dfc692beb04;;;;;;
8e28433ce33fced283cffb17d97dc454;;;;;;
568711bfdce8621dc02998c4b28a1d33;;;;;;
a8e4a47bf57bf67a60e75ee3d54b6aaa;;;;;;
00d125cfca83da5b3fa0e0179812e965;;;;;;
12f3b2d3c00604cab84131931873a635;;;;;;
a9af4a414f1d12e32bd82e7a5e68dce2;;;;;;
7e1da86bbac4671e7858f2992f6657d4;;;;;;
cae32b0d6e37b162ece5b42fcdaf48a2;;;;;;
7203f63eaa0e6b2471f65c40a28dbdfa;;;;;;
4ddbe29eb04538f511b07eb8852edc08;;;;;;
66523142e2aec1ade31f77d8bf689af2;;;;;;
52a0a6a0b31a4b8c0f3e6d0a4c75038e;;;;;;
3186aee19821cba3ab11ff08d8175a3d;;;;;;
0db0ef1f0eef41909ff77ed6f011a7e5;;;;;;
eea2c0d2f2cb98182157c08453ec45f8;;;;;;
f98bf2e6867403a69f7d78f44c245512;;;;;;
ec39c6ac230f094b341363fb79f800b5;;;;;;
a339bc93c54261a394d0ce4da0a6611b;;;;;;
bd7824e5c17baca04affb7f1a0e5c49b;;;;;;
a832f98e7ba0450fc5876262384eda9d;;;;;;
3f2a02468aa46761c91ba31dfdb5c7fa;;;;;;
28a4103abdd975c43b7f6ee19b0530ab;;;;;;
6feb205badc886915538dadd248c2a1b;;;;;;
ae0c0028d8cf2934fcaa6f4b77fe707a;;;;;;
35d7202eac9bd33742a7b0ee68d3c4fd;;;;;;
d5ae36c2045943f16f65ae8794480cb4;;;;;;
6c409beae369a638ad271aeba2258820;;;;;;
22cef25e6fe88b304ff7c7076203afd3;;;;;;
1fcce6907d2901f81e431a138173a945;;;;;;
106525de113df8e27ae5c6d8fb592122;;;;;;
8d893675a1b96e214026e8645bd6b7ae;;;;;;
70f15c3ea365a9430b8a0175d469565d;;;;;;
0bba8bfdd87312d86e6bd7671c37d7da;;;;;;
23fb426862e71ac7ee58cdd45f95261f;;;;;;
56627199b6c3064569806863388055de;;;;;;
d0fe0dfbe4dfb6990a2889f8b880dfe1;;;;;;
817c4a4fd5aa9bc45620d67f4035df41;;;;;;
787674ed85c9ed5b166d5d5a4279fce5;;;;;;
8332583eb1ff2c26930226243de1bf71;;;;;;
55ab4835762b37467242d4d4b049116c;;;;;;
1b8e0a1c7300477d54f6cda0bc26dd11;;;;;;
4c2d8953d2b784bd7f98fd165d4bd17f;;;;;;
b1193f62bef3c15441c17cdf9e22a608;;;;;;
f5d885df0daab5a222f684ab7b5ebb66;;;;;;
346a81185fa4d7a55a164e057be6ba4e;;;;;;
77cb37d58958777444381bb68f1c2c4b;;;;;;
972ff31c68429a5b036f387d231637b7;;;;;;
5080f158f143dfb57ba10f5ca3d8e4cf;;;;;;
7f8d52b0f223a6c553511639e81ee47f;;;;;;
fbb0cc9d9fd6ab4b05cc64d2e8fefcfe;;;;;;
f5cc5573132bc3e153a4f41ee233dd6a;;;;;;
825cdbd1377ee202c1097117e563d1a5;;;;;;
69e6697414371d230bcdd02f56063d28;;;;;;
23cc19d840d89293b5ca1b13d58e3a0f;;;;;;
872dd3b57745197994644928397820b4;;;;;;
37fe3ed51603411d187e64c7a75e6b10;;;;;;
377d563600049fdb0ba6ce58b49c1030;;;;;;
4bb28b3bbe9603efcb12c8a1433743ba;;;;;;
553c4079c4834a7a9ab5997b6e2a6619;;;;;;
2586deed95b79a2c8cbb08a393cedf6c;;;;;;
7673bc48f59517681d9b349597d488ba;;;;;;
f64ffae4ce10f84150b349691ca5a076;;;;;;
164616cfcd5f4473620d1a559bd59f43;;;;;;
64a4bf6d61deacc5e4137adbb9c1a7b2;;;;;;
1d974343d7d2c49cd207b9fd7e1b95bf;;;;;;
af152af37620f63fa9aeaa406c5b8cd6;;;;;;
ec2f79aa82aef02d456606e18a46527b;;;;;;
6db1d9b626bf3b04e5af502e3ef280ca;;;;;;
2efa162dd216677552363898148165b5;;;;;;
0c74ab30225715730d76c868b0b87607;;;;;;
039d54013c55cbcf631e4b9b9f21996b;;;;;;
7095c06be4980ccf4ef69d88efb3b93f;;;;;;
a9de22bc1ef1c0e2f9cdcf451201e0f1;;;;;;
06170dd9a86297e5731caefb27c1293f;;;;;;
4ac4e9c2b800876437ec3c649a47145c;;;;;;
2eab5d79b55cbfab27880319bb39be3d;;;;;;
2d1229fc391ead17c7ad15b798b52687;;;;;;
7d7232d7c5933c1890ac72ed4257e69f;;;;;;
dcdddd38aadbcd614ba7a0719e25c5e4;;;;;;
735186c8a02b81895aba9f678ab930d2;;;;;;
4e102cc114ed19d35f610ae2344b9793;;;;;;
9509410c03a90f6abce1f48d08618a02;;;;;;
1740b5dd3daa72671c1a535fdd5cc958;;;;;;
dd1bf33089b417b5835d89a5ac005c8d;;;;;;
31833ae84c5f0445edefe1805fdc478b;;;;;;
5dda3beb4fc2083cd07d2e89552c76e7;;;;;;
ec1ad6f157fafd9d1c982e053f4972fd;;;;;;
6edce7a11e6897bac0bab1432a9a0d1f;;;;;;
61784a095fb27cc6af49a19f29b2f992;;;;;;
338c3ca90492e1049ba603d912ced3af;;;;;;
15c9ffb370916476a27122b384594516;;;;;;
42af23d0cb1055f3374cb145bd41d821;;;;;;
3b3aaffc64ca799cd1c7c25a8c54ea3b;;;;;;
7a3c3dee8577a45e33f24df32f3b7531;;;;;;
ae4f08092dc9b5edd64de40156c61bce;;;;;;
879c619d3c764924907d8293e27f85e7;;;;;;
d6c1b9bff5deb31b238a1b88eeb0c6b0;;;;;;
8e0b107d1af34df0d1e77c54b53d0fe4;;;;;;
6120f09cc0397b8657991111f448379e;;;;;;
dc5552b96a91de0c363e50a144da4c46;;;;;;
06bde30e09332437ef5f856b0da9f052;;;;;;
2e0fa2656b9fde68f6d5a8f2ca0c5aed;;;;;;
16259e90fdd62f128f4171fa5a748d31;;;;;;
3a4334fe530d93147ba10a59d7ad09ea;;;;;;
189e1435bd38c6d3304a261837a6c181;;;;;;
2401ad851da4126068a510a600037771;;;;;;
32e6cb038c8b3bd6616c6f35fa727bde;;;;;;
f7348c3ff4f17d7a9295f50f8ebf1c09;;;;;;
84154db26b05ca77337905a09d2c8225;;;;;;
613246eac1485f00397c9d8aed5f4140;;;;;;
553a4d350a3ac01948342f97aa0c6cdf;;;;;;
8789e94d51158ad152da25102c66512e;;;;;;
32cdd85e2e8b8010ec31f3344a6d25c3;;;;;;
17fc64714b475e038fdcfd42f4330e77;;;;;;
6488ea08051c45b42a656da61d37f462;;;;;;
9fc32edb08aca4a44715322a8b02d478;;;;;;
6b85157eb211d7254bcdca2b17b3dcdb;;;;;;
2d5be50ec22aacaeba0c3398aec32566;;;;;;
afd3b9657bcb18b830a59680ebcc25cf;;;;;;
279348bbf41bde8380571df308f8984b;;;;;;
96b8d5c96f1529045f79053d28a21453;;;;;;
4e2fe25bbf1d3f633c0c45a35ec5c2dd;;;;;;
1f0e5049891b9b62f8e79a605a4fbe7f;;;;;;
9a79fcd13db11c444c08b57878d00bf9;;;;;;
ad32286da37157ebe3ddbba1e39dadf4;;;;;;
1dc7e6266e408de217b70f32ba7f10bc;;;;;;
26eba3fed8015e8d338404b17ce4ea49;;;;;;
a01f6e2e6a950596f70bed88013bed41;;;;;;
6f1226bf843081e857dfde3b92287cc3;;;;;;
331701eadf9e1bfa6817978b958717f7;;;;;;
3a526ff485dd67ce8f908c62a332a450;;;;;;
b10efcef371d463cbcc98f120a2d58cd;;;;;;
177d1f08e624659b14f7d8eb8dabf521;;;;;;
d3f314db2fc8bad2d6652a8d8625a251;;;;;;
106ff34919d78c6e279a344eac5b2134;;;;;;
d70b5b2bea7287b2644c3b9e910c9abb;;;;;;
8767814db880ef252e98510205631b03;;;;;;
76817cd20b9dc29e0bb6d3a8b1626c22;;;;;;
8295875d54af05fb7a8f45ae51d20a95;;;;;;
38f1b4cc73a2de0d2ab7d91133499d8b;;;;;;
ad2692a121099e72e3d7d95f8c979af0;;;;;;
32824fe0860e1de37967760461b61e7d;;;;;;
0f296f3a608450c4abb74c0a978a5bb0;;;;;;
49b612694f1d99928e18f13d813c7b60;;;;;;
fef3d8cf2d56da583426d9a061436444;;;;;;
8b0d211c401e19bbb57b76a6738018bb;;;;;;
58f70232d232ed4a004cfe6448784eb4;;;;;;
fcaa865261263438ed24e44e38430cdd;;;;;;
595f63a810bc6161863d8f81e6561df8;;;;;;
149ae74a36339918650b16ec324e3cc9;;;;;;
ad90f8f2fa4c272b38df3dfebcdf7862;;;;;;
41bf3e8b388b3e0902311a315ed8b888;;;;;;
a5d114ab92ea749dea8bf9dafc03cbc7;;;;;;
d88e14493e43a9494cb22578d971568c;;;;;;
84e2959800278a865cd4da1d3c0b8c6b;;;;;;
e0c5f21897d8dccc879a0992ba1f1568;;;;;;
0eb2ab372e923c66dcde73e17ba3c0ce;;;;;;
255f39f65afc6079c973baeea955aff5;;;;;;
d5e554158ab84a3d67237c9847f74b4c;;;;;;
cd4bdddaa982263ecd59e2dc1af39c67;;;;;;
380381b5e499d5eb7a0f9eb99d9a0ce2;;;;;;
0bcac29de81f30925b9e0582235430ba;;;;;;
5b86fcb1c6d45664cf0efbf43cbe301d;;;;;;
a6fcf03f76c9fda3d74e6af991a6d7b0;;;;;;
8531d054f073b8b42c34fc186bb5f7a3;;;;;;
fcb171fac47a93d961077aa0622bfb89;;;;;;
682cc109ba22e41d8a3ecce7c93e37b5;;;;;;
b7304df00fe8c90764974be4f88a4494;;;;;;
a4c26458cc6f3686fe45b84745a7bf53;;;;;;
00c3d22b60923b05e4280582c22ec6de;;;;;;
6ceb3c99542ef84cb473245c6601bac9;;;;;;
caf9a662317966bca0974f39e311968b;;;;;;
e57380daeb6cc1518dd3ee204efa1695;;;;;;
9f5bb5a4eefb6a4fa81b7fddcd4965ba;;;;;;
3f34db955c429c9556fa1b9a9255e05c;;;;;;
6f2174a0563a4699b135ec45c5cbccbf;;;;;;
ac8cd17bc71e62b7a62bd7fed5ca705d;;;;;;
4bcbd6165135aaaf0355e953f157837d;;;;;;
ea7afa35c6f69b2e74588811f60769cb;;;;;;
3d98f6ef796f915a197c5eff747c7155;;;;;;
a74244ce873c0bc4a8e92118b00be7ec;;;;;;
b9988090d171becf23d780035a1e17d1;;;;;;
c4f918b39b87639b79ef4bd1398d8f38;;;;;;
c69bdc09b1e137f3bdcb5a104f053016;;;;;;
11a1540e5d0b055d5d74719aa4d6a828;;;;;;
862c3911f077b2024962ea267bab145d;;;;;;
989d7f5dfe27164fb9dc4c074f427e42;;;;;;
b047a7650921f669ab9fa05b8c18a33c;;;;;;
bb10d6b1cee64a2b05836dfe1b0ce98b;;;;;;
ad2985e7859188eae8e80a4c9f7d54ea;;;;;;
65f67a6deefbe5e4e072617039074142;;;;;;
29e353c234707c5796ce67460ce082ff;;;;;;
f9d6c71f2e6a34c2f2876ce27191bbf3;;;;;;
0c87f799c7c1ff6720eb7a949256d212;;;;;;
cc195d3a5852b8a568416723161c6cce;;;;;;
bbcae1eaadfdd6eaa461706e09520607;;;;;;
c6acf8af1f7d5ec751b159095b2ee99d;;;;;;
9462625adf23572c15f767e7e85f8137;;;;;;
8e9691b37d13289c84a3a865661dead9;;;;;;
38fbb0c3e699cec779c3e487a60ee92e;;;;;;
9323bbfa84801fc3bddcf45294701b80;;;;;;
88f7175bc15321e577c81b173066afec;;;;;;
c804e78782e789a0c18f9ccca6de4a04;;;;;;
aacc1f14b00d0788e2223ef5d55f6145;;;;;;
231847fc3075024c3a4d3718e25170e5;;;;;;
80ec3d0aedc9cb3cd0d5c29f8dde1524;;;;;;
2a96255b1a4c730b9a82b312f841e19e;;;;;;
cd76e20b4655757d2a2773ba62603d87;;;;;;
083238a5f9cc81e0403380e6c5fc703a;;;;;;
193a107393408e8d8bb8145bd50dd84d;;;;;;
11099eaecff93614bb9311f5b7626007;;;;;;
e6e84246fde12a74dd6c211fc8384854;;;;;;
6a532449891ac09d92efdcb00cb318ca;;;;;;
23d9c7792566b1082ffae2a396f350ea;;;;;;
9ee1234bad4e417279f70675d663aaca;;;;;;
d6f1a311661092e57be6c1a4574ab3b5;;;;;;
c5eab14503a93c9554c377911e4912df;;;;;;
2d407266cd1b529e527b7099ce840d1c;;;;;;
67b1a8830907f70c33fe65c9894778fe;;;;;;
f66a835bf67e204967e035a5dab38725;;;;;;
7bf4db65021aea914d0fada2f17efefa;;;;;;
768eb9aba0071559ed9f562ba171bcfd;;;;;;
2277a5fc8fad3a3f45a76b81c1e7c1f4;;;;;;
9f32dbd414ea377997cf7e39a4b123f2;;;;;;
fe5d0aa8e35f9d4aba0ebe4c320b06a4;;;;;;
07ff2ad43a01245e32fdaef4f70b6991;;;;;;
55134732b75d20c5941d75a9db7defb1;;;;;;
dc22986b6ab2651351d04130203d0577;;;;;;
94dd68c5e22eecf5934052f7edb1c659;;;;;;
1b6ada6909a9809b3efa209442f89a63;;;;;;
843260aa3f15010a191ba9298d05028e;;;;;;
7a0a22d7c2c357df654368aa6ab3654a;;;;;;
a19e8e10d972998937b225c340fd218a;;;;;;
8e58f5ce07a2d1e13f62896d0ea9706e;;;;;;
e292179bb501cf04951a1fe692ee3284;;;;;;
2d534c14a54a784dae0e3d33f59ccf88;;;;;;
bf17fcbb39f037244d789be91ecd1d02;;;;;;
432e3a915353c1bc6f9b33c618f6fb52;;;;;;
a16a0aab42925cfba913d119ed92b4d1;;;;;;
5439f1c2253924fcc3f5cf75bec9518b;;;;;;
31ba64076f4fe5ed47364c415b5f4b6a;;;;;;
deacfba1ac5e3498e595daecff93c064;;;;;;
5f25e2dd778c2bf9629bcf47e0331a67;;;;;;
917ebb4c81b5e4a22c0c029bcacb9e98;;;;;;
1c908923a9cb34123bcceba27c6e54bb;;;;;;
2ba822e59234cc6d8ca3d99393017933;;;;;;
dd5f8736b538b3428614646051431b39;;;;;;
b0b78f6d26caf9b6db0cac1e7c15100d;;;;;;
c1b673628ee0e5030ceeda0a44164947;;;;;;
4902fcd9c063cab1264433a5b5b976b6;;;;;;
fd3b3f2e361fdb12bf9faa85fb1917f9;;;;;;
5ba793c73b00181da6f45121473eae10;;;;;;
12acdc950df45fd7b4a093c2e337afe3;;;;;;
aa6f164a12b2d6fa5f10423bdeb54cce;;;;;;
21c5c67179daa7eb882107ec7e26e27f;;;;;;
cbb0529ff94a793778bbb6ead95ee981;;;;;;
dd18026b9f34acca390ef97c8d708e4a;;;;;;
1d1471bd1b6426a2b633759a7d9b3ba1;;;;;;
f92ffc63d11dabab66018c4a0f7dc68d;;;;;;
6c2e70f100a1e48c19095bb9187f5b28;;;;;;
62f191c35001b976356caa1a0f66fdf3;;;;;;
94726ca16ebd2b8eb40edd369ce8b0ac;;;;;;
e47d77d86d21ea65889db6e115a90d16;;;;;;
09454120e9bd2144cc1798b8b1c07811;;;;;;
3b9feb9d333999b52a4f926276ad5530;;;;;;
dae4c14d08ceaf75e0c473333d84a1cb;;;;;;
fe9037dd7197d339bfa3ae4095af5143;;;;;;
61b69212cf2b75751e0de844048228af;;;;;;
df011387c360a6b6f9e5bb3852a482d7;;;;;;
eba94c0625efed22fbbee816f94fa615;;;;;;
fcaac5d26917f9ae3a8e279c046c614c;;;;;;
6ea7c4a01cf3cf58536d58186aa1acc6;;;;;;
6354b075f45a51e302b8c1f30b1655e8;;;;;;
2f9180eda024c661dfe11e7ab6fd4c4f;;;;;;
0c4581551bdaa7834edf3ae0d53ab597;;;;;;
7a10c130e645d5860beaa0c88453a26e;;;;;;
23f82798cfef360fb8f6126a49e264d2;;;;;;
4b27cbe064b427063695092670db7495;;;;;;
7817337a2491bb4790949f058a2bade6;;;;;;
fa9264c2c91d13dfe71781d6ba5a4cae;;;;;;
b95c7e72cdc4567c45bc702fc73b05cb;;;;;;
68ebb0d84bbff623523e4bd187680bf6;;;;;;
4141c334dff82fe5d9cdb36fb1d20582;;;;;;
060f7154b5f6b3177b7c2ab8f7b539ca;;;;;;
b78a276f07528f04947618e392a9b160;;;;;;
1859259938fb1e4cb185ced2b761d979;;;;;;
d81273aed47fff0ae4ba8caab9b9a9ab;;;;;;
3adc80cdeaa535c0abd9e6793dd6c5ee;;;;;;
c6227e51c65d7bb16fd2010251d11f41;;;;;;
f6f4e9b5706ebd6c1665d2bc81898c71;;;;;;
a96488517514aaf3bb1ffd7e0a6f605a;;;;;;
82a00cdf32ad0802833e95ddabc112d6;;;;;;
9a6897e867fbf0653205f92ccba7c04f;;;;;;
26c9256e20bd8d46d5e25725fcae75f1;;;;;;
2f13485d00eba2d6f55d1107e2fadd62;;;;;;
8f49f8a98f5754615d2b6ce054a8316f;;;;;;
d6749daec3c5473ad289c6ffdc4f4552;;;;;;
8956d0ddb6ae5ed757ce724a44d0163d;;;;;;
b31f3adf970d52a7abd51a3d6221547c;;;;;;
40faf598cb998b2808922e5a6cddc481;;;;;;
be58e225ec776b28f6e2bca4b11884c8;;;;;;
c0cb09e34d0cf8f5f34733866cfcbf73;;;;;;
cc3cf0797277c0c64b9e057daa6aed89;;;;;;
ef189b83f334d5fd59d402fa638215dd;;;;;;
13cfc29262b1442194b24cf35532a829;;;;;;
bb1571202de685579888138befcbce7b;;;;;;
a7353dc553fab357940e7e0d5cf8305d;;;;;;
1635ed53975c1be010480717a5133711;;;;;;
e14e52bd7f756ffe863ad533be9de8bc;;;;;;
982d5e64e517bc86056576dec7f15771;;;;;;
f707bf7a6b250be7e0c4276e3f4a4531;;;;;;
4149896bc0740b5de552c4c8c05e35f9;;;;;;
f627df073288142bdfaa0b941e8e936a;;;;;;
aff81b1f6a8e896e68f289fa99adba19;;;;;;
10aef0c271a5422be74e86a538791266;;;;;;
011bf22d55f657f31cd51393a79859a7;;;;;;
b2ec49bdb97cc5c0b3f10cdd4c5189f5;;;;;;
383eaf9a1e51fe5545813b530cf4189c;;;;;;
edcdeb71eb8f2c0440eb07fd142b163c;;;;;;
b90af6024cd8df9490d876ea1176dd4f;;;;;;
85faee18b3f9079938f69190144e5b6f;;;;;;
1a11752bf9d3e16e4d3a133ddd6b8bbd;;;;;;
2d84a9497380d11a162fc47b2502d383;;;;;;
f65139b59d25c78ab4c2d96b45e7930c;;;;;;
9a83004b5dfdf5c4ad0f3d401f876af0;;;;;;
0c60a2b149f0b9356f99de52aebe0550;;;;;;
d44f9500b2f6fbb33d9b3b1e7091d41b;;;;;;
9903742b824a6fce68409fa6bd401898;;;;;;
a27bc8f23ff06e792ca00b14aa33b799;;;;;;
22e4754ba11c5ae18340bd46ded9cca8;;;;;;
cd2b26c0b5ad5485f546a6703f463ae3;;;;;;
d18efcb40f6bfe31a3e4bd311ad2275c;;;;;;
4fa1f6b96157bdba0d18b36099e3b38a;;;;;;
236b57c3de7d93f755bd8ecb756f299f;;;;;;
09d09091cae02d79874b75826b574308;;;;;;
0c1c583bd7fc006ef920c264bb3c139c;;;;;;
320ac2f19554a92a8a9e6e8b5ac43c03;;;;;;
9bc2e42f33272ac23480ecebaaa539af;;;;;;
ae8a972b590d1cb60f7e3ffc7600cbf7;;;;;;
00229bfc1117f2407d7f0bf1db87124f;;;;;;
abdb09c281391afe9b2a0aee86b744c6;;;;;;
e0ed7063b485f9f3247e0ae68650b00b;;;;;;
720ca27949ec9164f0449ba415d304c4;;;;;;
7416de8fdc2f0fae62261b105f98b343;;;;;;
8abf0969123a23e227b79329425a007e;;;;;;
5098d8fa15508b47b8321369746c3bf6;;;;;;
261623c129355f0bab587305b0072073;;;;;;
c8879fa83bf0e1f83fb8cf1fa5de7afa;;;;;;
c0f4f5160cacf0c7cb9c6d3fa77ad959;;;;;;
6a57df425aef82227374fb7c07ec0c87;;;;;;
a1b6f61b9a33788eb37a2619904a7022;;;;;;
985aefaa1352c305339bed1cc1946ae2;;;;;;
fe535a2d67c32371a98a811c265e5169;;;;;;
ad5062f54b858b7b0a00403b854ef618;;;;;;
90a84677f05c7e06f2e05268f09f9c53;;;;;;
e303b240fbfc0860f2c8b894fd146bf7;;;;;;
081e6c91a1844bcd3cc7b294263315ba;;;;;;
9e1b6aaebdd50ce98b74954f756d10fd;;;;;;
25eee0750812dff76ba7c1bb6da71ed6;;;;;;
32c8252453546977d8caf96ab9187a5d;;;;;;
3f5eaaf7802aaa5f2876b949f6c86218;;;;;;
09698ab0934d63c1525410eed9210b63;;;;;;
827b754e193f498ba0d5e21200676d31;;;;;;
bdf74dd27121901728cb7511ec2d3cdd;;;;;;
045ec1b9dc3b56ecf034b8d5f8ed9df2;;;;;;
d1ff5e41238ed17ea7a32de0be809278;;;;;;
27197214abe2c8d354a401f1154dcc8c;;;;;;
8f0056e6302ea724b9fb3dd10cf82a8b;;;;;;
413781475398a117bac729b5f746d3b4;;;;;;
89e3ab3b32d2f026e55b9ab1a13a1108;;;;;;
d9b9591d5744d8c2e8f6f92c06cfcd72;;;;;;
c502e0290792a7023d78c71fde8d8423;;;;;;
8e9df7ade0b9154f7a3c92147d1f2f78;;;;;;
98c2be96002b50d71a77a3cd153c39c8;;;;;;
e6e833487ce28d40ece92ac4c92dff9f;;;;;;
5f9e7d889359621354e169d91b611e75;;;;;;
0bce26dbfb28c4e496fd5f82c177144f;;;;;;
4ed5c0d930aeda4a277c366e42e0647d;;;;;;
82959b96451e6dc92f121a0768f42b73;;;;;;
2a09fa53ca5e48d1ea56a34c2ea1cc8a;;;;;;
62b40cd32df909a5febca2eb46f29a86;;;;;;
7b8aa4b8bfd308ecbb3432c95213df81;;;;;;
ba2a84f069b33e4705a893eca7504ee4;;;;;;
83af90eb860ea8b790e73ac51d9faa1b;;;;;;
eb7ab2bbc29dd38bfeab2bc760493d8b;;;;;;
b199f0b89fad416b4c10fec14673deec;;;;;;
3895f973169091398afa4514b20019f6;;;;;;
c37ea13198d35dcb0ce23287eefda762;;;;;;
86403c55d57bc555cb425538a69a5791;;;;;;
80d325eb5e9218a3b0e15f0352d47605;;;;;;
479b69edb83481ef778005ef2929765c;;;;;;
bdcb2aa38bc3c723b5e6de1e840938d9;;;;;;
712cdaa87b49d7a205ff1ba04033813b;;;;;;
b4e5b2f341a51514d86f5ba839025c34;;;;;;
4b8fde527547d8a13b832b9cf18cfb3b;;;;;;
664d36c83a6398ebcbe8b96f62a42e35;;;;;;
94bb77001a8a391c4667dd8c2bb76500;;;;;;
ad3f2e481fbc68e279e3e4fb30450bfc;;;;;;
95ea1f8edc6a750e56930d9453c1fd41;;;;;;
ff1c4e3f1c7f8a712812832cacc2440a;;;;;;
a476282c8cc848e80da477a73f9b549c;;;;;;
05715ca128b2ea45a9f178958981350e;;;;;;
970edb3c396ad997aae1624210274dca;;;;;;
2eaf941d257dd2184217cee4ba10c7ac;;;;;;
62b4e44cf1a3bc62731abad499b03eb3;;;;;;
ef27aba648b29587e938b566a6753a41;;;;;;
5f03466701d40b2f7ce4eaa97baf7d70;;;;;;
d9a39f400b080cd9772341698833cc9f;;;;;;
fc52d180a40bdeac422020f6452ccdad;;;;;;
62fc19fb84e89312a7b959d60ed46381;;;;;;
f073cee45fc14389548ae67b45e5acf8;;;;;;
6870a8540d089d708d15a438b2c104a3;;;;;;
8aac78a6f0ac75e8ee01144ca2967c6f;;;;;;
be3804d2569136abbb8ada3a04a79548;;;;;;
7fd5889e7fd8b8ee97e0b03172e9c05b;;;;;;
6b366e1d123025e0d22463f914fd6968;;;;;;
74eb25f0a1cdabc7700c5b65f12b2e58;;;;;;
41c7dd2dc8bf6fb5cf93a88f7cc930c0;;;;;;
b4ae29367922bd9e8d34836d1a093e4a;;;;;;
2aa88bf585c2b84ade0530123aec2190;;;;;;
19cc39e787d049af85f1055c834df1d3;;;;;;
4b5e95a17741880c5c915cdb3473ac8f;;;;;;
71bd7ecbae968faba44a903f0882d85e;;;;;;
dca18ddc9cfd35d2b7808477e799dd63;;;;;;
8b545967b389885e8b9af3d3b6b700e6;;;;;;
3b15a31b07eddf4881b9718018048184;;;;;;
3a029815852b38310ebbfc61450bdd02;;;;;;
da42795661e496fd3eb8a3ad419b1012;;;;;;
390184507a0ac03eaae854e1f2ae5811;;;;;;
bd03c6bd0da27c4d1631ef61104615c2;;;;;;
0cbfde532046541a4e06bff9cb176615;;;;;;
aec7b49b0d86ab23354784f5289e36ac;;;;;;
835d3713d69d27021621d8086f85c53e;;;;;;
d7be60ec71b6bbb5056680e9d3de974a;;;;;;
c57c723d0e2e3cc35c6e7e0e592ca76f;;;;;;
a38d63376c24d007fa9941f2755d9254;;;;;;
8e51ae7cc186b4176558241eada77857;;;;;;
6963700393114df483d20d05e1f67130;;;;;;
c9c0a1a908a5f1e553b47a5f47717dbd;;;;;;
470d0d269015d1b6c6e91f7ab97244dc;;;;;;
2119bd3dc93a4aabf5d3adc9608ded54;;;;;;
4d8dc2a4246eb5ed68fe2ae8a5e00eee;;;;;;
3639ce37758713f6120745bfef39bd8d;;;;;;
e206bfc4da5c955ccefaa32fa25d54d5;;;;;;
07763ad5d80cf65edec352d865d5508e;;;;;;
382a850e046bf43f86a29c4aa2a84bb5;;;;;;
ed91d566994033a486c73338b105a83c;;;;;;
50cf497f71c6c0b6cb5633b14a2b9f41;;;;;;
0ef9756241573e48a3aef73692aaa06a;;;;;;
40abadd9e229a10ca28cd6e2450c3d3a;;;;;;
10c9fdfff146f2db0ee77111cfa5948f;;;;;;
29d61b8fbf0cc165b0672fa1175259c3;;;;;;
6ffb6f7ae91a1a1d3a2ee679d7ec0731;;;;;;
059d3819b23ac76bb115995a31544a1c;;;;;;
76892a7ed26ad3315bdd4abb9031ca5a;;;;;;
6017b6c55bf96d513d24c2b8778c9aa9;;;;;;
428b0de644e766c07b0146dfdd309d77;;;;;;
a0ec0a95044ececdbbf8e0094f14b195;;;;;;
8a109f86cc10d9a1b5df61d47b313363;;;;;;
8d987a26178ce66b251cc2c03e42c1da;;;;;;
92db7ec6b0b1fee1706ea9af919a6e2c;;;;;;
a532560a20d523298ed7b27e2badfa9f;;;;;;
96f39a5c079f3b7113ac9b4d68ee7c6d;;;;;;
079a54112b2d9520ea6d3da71be9fbff;;;;;;
7b7afbdad9a13a524833fbba1a2abeef;;;;;;
d4d2bd3bc92fb8363265037a92e2164e;;;;;;
ed92296adc36b2005c13aa2866de6341;;;;;;
807b5eee7bb225b9d3f9284ecedc0267;;;;;;
d7968c9a530b951676d2fdb0b9ec2198;;;;;;
d9c02aaaa5caa1d3f3918f4d622325f0;;;;;;
22b48b2620ae58f3b30b682c79068c61;;;;;;
995b0b9d361a69b19026403c9ca3e700;;;;;;
6e338bb0b00af8dfd416216d82782684;;;;;;
fbe72ecce8a8377c80e9e4072b5c325c;;;;;;
bbd38e84bae2f521cf3f0cee661ef5a0;;;;;;
fa2336892eb6f78dd8e73ff5311d8e22;;;;;;
1fd35551dd7493ab4a90ca2749169354;;;;;;
56887113379fb6a056bd534af15cd1a4;;;;;;
9250628613320914cab77c6fc4b7b84f;;;;;;
e3cf994721f9e833477366a7cc109168;;;;;;
4036e52d277870cb41846014bd5fb247;;;;;;
255c246a57fc1c716d342bc4a77da1e6;;;;;;
c039b42be97f72090e406f94a9916db8;;;;;;
f75a08313d513ac7969f43cfe5d709f0;;;;;;
3f53b74e60743c0b3a46b71e59e70053;;;;;;
3b7c598beeb6b244aab5a5eaa4f4c4db;;;;;;
4f749a1d5739d2287c9c2dab80de2715;;;;;;
c2a7b5f58bd35fe6d79fdf4229e8edfc;;;;;;
ba15184083f98073936a71f9562a6bc7;;;;;;
be5790d184b39bb7ecd1ff3517918deb;;;;;;
b37055f55768c6fbd4b90269370d1892;;;;;;
12140ccb4c629167558048a24cb7191b;;;;;;
7512f9a354811db36b657ecb86d56e93;;;;;;
588b16ef7e1e275139b700fa0b4dd799;;;;;;
29016ca9ccf7a7ed38dc178dbdaeb9ee;;;;;;
f66c53160e5f16405bd2271684c924cc;;;;;;
6f1bd144fa9761de2871fc9295bf7e01;;;;;;
993cb9d5efaf3acab4585d76b5e997b2;;;;;;
bfd3b48b283c05d9a2db26eff2504157;;;;;;
edfde0a83c52579488308291e0c55c7b;;;;;;
bde6b0ba97ea49f3b431c55138a71cae;;;;;;
3d6abb1f93a7008dc0558cf8ec2290c9;;;;;;
958bfbfea22301f31828bf25619dc59d;;;;;;
14b7de800e1fc3c6915c0251f92ada07;;;;;;
c3cbabf80bc25af592acec353f8fd3b7;;;;;;
c9cc3513a6d597edecb4d49e53e64750;;;;;;
898d1ac1be6a986b047353d5d9f95263;;;;;;
94fbd723536f0347bb5889f2686b962a;;;;;;
c5da90d15c6bc2b20a9f51bbe204e0b1;;;;;;
8091f3216654c9a5cb26800d2146829a;;;;;;
2320678413312e7e988e6dcc11cdfbbf;;;;;;
cab10d79386fd6438e14c06713fc07ef;;;;;;
64472d36b7ccabe1b43743c074b7c939;;;;;;
e19b79689733d88b7dfe05e8dbb41b8a;;;;;;
60bfa67553ad4eaf8f5b117fffa0e98d;;;;;;
14fd803995dae6be99ab837e8c65e5b0;;;;;;
8a07da571b636a2f4f5726ca385eeb67;;;;;;
ec266fb88c9d88c142a30944a45838a6;;;;;;
af3a56a98367bbe3401e35622053193d;;;;;;
e95b17fa196482525cfe5080eb545479;;;;;;
7b49d2f307b4a7c6c1428c9d7a8e1bc6;;;;;;
3e731aabecd257f0cb1c5c710a65359c;;;;;;
ee5a44b4e82a0f79300c4c6e8dba7254;;;;;;
b296bf4556d34df505ce9ffcfff1021b;;;;;;
d9a529f84ea06ed5bd3fc416beb325d8;;;;;;
a6d627e963d57c5800b67d5fdd70fc88;;;;;;
36e35715196f7678b430fc5c2f015497;;;;;;
2a7e57415a0d2fd53926149c6e3df938;;;;;;
940e1842a5e00d15f47423937fad55c6;;;;;;
7650ddd3476788900fe0b7a513f488f8;;;;;;
8b3a45f28e3794e563251df2e004507e;;;;;;
68fd8dc15cbf3d7bfaceff8aa089823b;;;;;;
bb158d92c9e2b1af55bff07e6497fc9b;;;;;;
108eccef851cd6e387fc0b41d37e59b1;;;;;;
402c58b76abde5be6f1d3ff12f7589e1;;;;;;
218c871efe329fd8232d82f542a12e57;;;;;;
f83e6e2cec86826903d6a57af835a7a5;;;;;;
5e0581a54aa1f6647ccf4ca9547dca83;;;;;;
a0a3ea83bc79143030b7435f06466647;;;;;;
d88b3f489816af52307a364975cfff59;;;;;;
60443d7ed89157a00b9a4280afed658e;;;;;;
3aa4fbd2e01d3b60c4cc6044f11a082e;;;;;;
fb2d7539ae6edfd53772e992218a4082;;;;;;
7265b276ff5c6e6b971e4fd01862849b;;;;;;
44c8264c782b5398c7001a51ad6d1ba3;;;;;;
83471d4d9a482063e647de8b80490f6b;;;;;;
98f5342b63117e9f3424265e136d580b;;;;;;
c860d95004de432524690ce4e1417166;;;;;;
ea0f3decb0d7658fe550f67de65b7b2c;;;;;;
f5cfe865188fc73c9792f31a69a28138;;;;;;
f22a1a20850d8e16f15a6f198c12b716;;;;;;
08f76e62c04afe22975aafe78497b6c2;;;;;;
a201472ca1c559057b000660d05e9ad8;;;;;;
9fad52407ff1a9e086fac56880144ff6;;;;;;
6fc59a9db476e13957ec2fa3d70c54c7;;;;;;
ed4abb832f383203776b1156ae499b20;;;;;;
34f6d66501f57eaa7ff54e72726489a7;;;;;;
bc640ea5b090c2a29fb1aec5546f8a27;;;;;;
3a03f15f55e26dca33032bf6bba45ff2;;;;;;
7f9c3e30ed1e92b80c31fb5f16ac7859;;;;;;
346ac7d7c30353007e8b32957ea2d0f1;;;;;;
d1637cdc1080cd7df9d2e17b69454971;;;;;;
d60492c8a86a05ecd1619471d38f5b91;;;;;;
9dec01ccfdfa6ecadfb2d6410d1a6ef3;;;;;;
97d45cf09b727bea7f3fd909f322d4f8;;;;;;
6b0103f02c382005459c17bec4e8a906;;;;;;
1629e5c71accfc4b2ee6cca4cdb0e192;;;;;;
a350edcf925201c3cec93fdb47f39bf0;;;;;;
34418db70e1d76234fb04a42300f357a;;;;;;
31aae721a72092aa931535a5940e5944;;;;;;
18a5729b4721abf61bc58162caac4a6d;;;;;;
e2419985a296367209b18160effb3fff;;;;;;
5e71486d48e5e730a01687e61d17c37d;;;;;;
bc10c6ab84df5595bc389f786ea12e15;;;;;;
c890b573f67a08c155d054fad2d9f7dc;;;;;;
826dd1842cd6d743acc33586beb4c47f;;;;;;
09d29924f7a9459cea186803043ea3b5;;;;;;
d4cb3fea6d461254309a44673f52756d;;;;;;
d2f2c99e9e0b2ab5267b9f315937336e;;;;;;
c46c49b898b2437662b8c70bf0a4aa13;;;;;;
bda514ffe8d3b9eb26a84342c3233a9f;;;;;;
840747a6bdf3309407b8ffac8b9010aa;;;;;;
229ea4d0bfb4f9ed51ecf3984b3c03d8;;;;;;
6d80daa35a90ff587d3e1222a77607a2;;;;;;
ae6f51a8a105205d85959a239c377513;;;;;;
26793ec7cfaade0b92dee50ef4616df9;;;;;;
138bc12b5c7e7e2855d5834be8c50b98;;;;;;
3c862add1247400362d194011f42207b;;;;;;
2a0fa5e9b835fc47fe529730f88a8714;;;;;;
3437a80c20c0744e517307e898b04209;;;;;;
c7b12f8691d03b5d53384d76e6f5a4c2;;;;;;
561212bf89d8567f1b39504d6d51f65e;;;;;;
facbb7ad77704100512a43b447a9f84a;;;;;;
151f8e2e7628296d958464a202d440c3;;;;;;
6501bf0a86cba4196e6748b16955e326;;;;;;
e9ac8acefd932d6c575cae71496e41fc;;;;;;
cf21d2a1914af645983e5ac2204343d8;;;;;;
b7574050cda8bda4c51263956653e743;;;;;;
a88ffcf3d3907fb5d8245a34e040d4f2;;;;;;
8f1c769b16634ed0fe80482573e9ba02;;;;;;
1e495e4de3f0a4b788d3f6a423d7db5b;;;;;;
870d7fe526540343c151ba0298d93355;;;;;;
47d7892f3c74096e00816e977add0326;;;;;;
56430e6f55e7bf5ea85528609dba0f69;;;;;;
710d7fe1251da81b48ce72347dbd62b1;;;;;;
d7207889c6ccfa3df0d798134a66a208;;;;;;
643a997be02a1dddc62bffeb3773c7dd;;;;;;
3d10ef3861862930f655bf7ea608aed0;;;;;;
2395b4157aa59f103033fa977a192c98;;;;;;
2d718427f555c19b97e2fc25ee80acbd;;;;;;
43012e4395932ebb7fb93c568fbf1039;;;;;;
3dc2449a2cf65543f2ce04e171199509;;;;;;
c0ef6ef21b7b0cf4c246c5fd604802f5;;;;;;
75262b3d997b1e102acefe51897ae242;;;;;;
772d7122d606fbe43e0b5aaf0a2dd6e4;;;;;;
431c6b956ad7b94d7ba6e4272d770eab;;;;;;
2d628a6c69c245617b61dffccfdca161;;;;;;
11af491e754fcdad6a60a18ed90aa63f;;;;;;
4731dd8b2c3154b3e9c77fa43df855f5;;;;;;
dce6e604ce0fbe9284c8f6c4c9ae7e45;;;;;;
3b029e2c425064cef5489585321f18e5;;;;;;
f201e8593f21911b5ec1412891699841;;;;;;
5ea1b9e40d1f25a63473e37ca154a408;;;;;;
faa3e1046a4b48e6297b61fa1352cc48;;;;;;
bd7f285c6229ef90b1c4805c47d20d54;;;;;;
878e8e278531fbae2e4a943050c33450;;;;;;
f09d32287825425c261760735debba09;;;;;;
ee6430c1cb799c423911a46bf75b7b86;;;;;;
28dffe82ff9d7401a8623cc5a52b61f3;;;;;;
f5e7002ba1b64de1810bc0b20c8c8141;;;;;;
9a6cc838696d56a8c9ccfa3f352ca37a;;;;;;
7a896a5877f1f9e31ff85ae615361e86;;;;;;
4acc128fa1c0133fdf5b0b89dddd9c3b;;;;;;
e3ee0ec46e7bda5abfdb03e475000c3b;;;;;;
2aef977c49413537d23e97db64d3ac6f;;;;;;
cac9f04a61cee14d9503e4c90106d93c;;;;;;
07128729986b55fe4690218f2a1799dd;;;;;;
fb2951843d230c05606e0755c410c5e7;;;;;;
3ada4b44bd2b5662f13ebc85d3220018;;;;;;
ad637320ffe9ea8d2ccf8f0c4deb4513;;;;;;
54a1d5913f4861fb3473d2ee5fbe240a;;;;;;
7c3f0089133035cb0a9133e51c2d7b1d;;;;;;
9bcefbee71c2201da911b7fc84c809c0;;;;;;
c3af45497373c2941e2c0efd7dfbfbd8;;;;;;
a15ef394026e43aff49287187da9ef85;;;;;;
7c39875d7fcd749a8080691a1bbb9185;;;;;;
8c6a1165f7a89f8a1b8c9b4b43532059;;;;;;
ba06d940792e9193ab8b4142a331d25f;;;;;;
fa1e49c34657de99f81a8912f8fce137;;;;;;
d1286274bfd8fd6b12f8599cc4633728;;;;;;
812d4e6055d3812d679fe8384e4d164c;;;;;;
f41eec5b6d29a50a6455055f6a1094a0;;;;;;
7f4e9a17dfb59d7d4b3c1a7302a3a42c;;;;;;
15953e411665b3b64e42d9401157ebba;;;;;;
f095b1c10e4b40cae1c248c9adfbac58;;;;;;
5e67bf53d1d4bd6870ec32664decd27b;;;;;;
d2bbc137ffc633c28909c7ab684f7b69;;;;;;
0c9d0f151797270383637ab1f24a548b;;;;;;
cf579ce974178688cd72a6064597ec70;;;;;;
eb08e4eb63037641b37cd5de3600880d;;;;;;
b403b96ef020b517b2fa6c662308ff7e;;;;;;
8ae0e55ad5740b4cef778b3de05f0c26;;;;;;
84298bcb9ade01c25e7bc6dfedee5a83;;;;;;
59aa05e1dddad786ae17c5b2c1b19a99;;;;;;
e9b186c05708eaf3135f681a3176d9db;;;;;;
9d93a8110f073943d363e225577bd85c;;;;;;
720d60b4226909c69f58da503b2f0c4d;;;;;;
37ac2cd98148fdf83f21325b143e8668;;;;;;
dae3a5f440e7d364a522dc82a1ee0f9b;;;;;;
0967fa7a7dd8fb80654261c263c1b981;;;;;;
703729441b6afa2c592798cd6d48c80f;;;;;;
94a99ef6de88b04965928b71028e8984;;;;;;
5f232ee0754cff1dadbe586d128d6416;;;;;;
738285d2c3efaa57a39ccb7258ea9fd3;;;;;;
a02836817ea1031433fe5e7529cfd8c2;;;;;;
96b7688f4af6cd14e9f70669573edd47;;;;;;
bf92122e00b06191a6935ad68994c325;;;;;;
624c76b31910441f24382955c8391b1d;;;;;;
ed4ebf96197c27f3653eabc14aa2e38f;;;;;;
ed76e214d959d7e9c99f58ffaeba0d4f;;;;;;
3a0a3cb04420fa6910dde59a5fd81d74;;;;;;
ee17449ebd6a577981cda12b483127cb;;;;;;
b9f3da55e4a049e1e81324f3a28ac161;;;;;;
c4ad618edf1b7ac4c2f4de78ba4f1b45;;;;;;
4f3bb45263fefcbe08bc05a7111d111a;;;;;;
c7fe73e1ce9e7e5f77523043262ed938;;;;;;
3f9fb72e0557db5e6fdd58665f3730c0;;;;;;
f666b29fc039601ba701ee9e32365a26;;;;;;
0368eefbe0c31d6246137d54977da8ef;;;;;;
c3b5947528c232d97d284c91eb361fc6;;;;;;
c79bc05e555f8aed72b27c11c2e1ce07;;;;;;
49d440cfff21358a4e8daa120e424184;;;;;;
e0f0f2fe8fa3b12a9ecba59ed20bf5f3;;;;;;
d08d5330f04a55fe63ff0c2cae8c80a7;;;;;;
4c85ae2ecc8e83c27924ff4bb99f43b1;;;;;;
effbd8556a5a91a253f8f42b3b96b8f5;;;;;;
b55901c8d294ccc659537ef5ea4ab828;;;;;;
dd0856933549b43e1263ebce39b7cd77;;;;;;
2c77b33ff28beb357e772bdec63b75b3;;;;;;
78371c97465ffb2004253b39ad88a9a1;;;;;;
2801e4461572854c26f191903491d74d;;;;;;
927288d79da97d3951c04492b0e5ac07;;;;;;
9371064ac5f2f5f052a4ff70e9917a50;;;;;;
1377c8564abeed82f3400471330d69a8;;;;;;
80b2c5e656cb42f99f4c84e8ef796ef8;;;;;;
d6f4e31768952528ea8a5f25f783c491;;;;;;
3364d63799944320d897e4ad68ac9718;;;;;;
4dd13273f940c3a5683772826713ce7a;;;;;;
c001ecd0f97116909c9296c533dd8dd6;;;;;;
be05bdc54c73ed30449a51c46ea8fbbc;;;;;;
244df242de045548631cc4cf2298201d;;;;;;
a2bae55a0bfb72ee9d7b3dd4188d7eab;;;;;;
23d66d45086d41f6a50aa7211e67b5ed;;;;;;
8bf46706a3865ecfb1909f44fcf4ce79;;;;;;
d4314bb4132b445d74f64f7f3d5941b9;;;;;;
aaa4ad1164c0b3e4b18ae3158b28221d;;;;;;
def114391c7c870fa61dbeb4011381e0;;;;;;
0474d84fb253b20e48402a5102b8491c;;;;;;
73e60945245f07f02e19e968a9205da8;;;;;;
4a10e76104fbbf9266e10e3f18941a47;;;;;;
53882461595dbace0f725334a2702d51;;;;;;
cecf5362d0b7b2e0b8f21b091e8262a0;;;;;;
9676778b461cc6a7760b53354abc4e4a;;;;;;
dc260fa5f22bac2046a140a693526b12;;;;;;
9ad677170c9d89d38d8cc655b6b6b59e;;;;;;
8aed69b23ae8ee802ab6efdc606ed8fc;;;;;;
ad9bff93c2846ae81d80f93b86c4ab77;;;;;;
387d868cefd45584d9a3c1827b56c1e3;;;;;;
0ee6056bb5743b23bc36f6cd21838fbb;;;;;;
785a07c9acdf7c7daad9778c9b441017;;;;;;
c242972a8ee5032ae509707bd2050c3c;;;;;;
353c78d805f3dd5e0a6ed9502123e661;;;;;;
94fbabda3776bcd0c3f6eadf77e8f699;;;;;;
b0654324e731a1b0cb4f4a25d37be36f;;;;;;
1db6ca840e156621d39c504211e3457e;;;;;;
4c280271f9d62e7938e3591d0bd2650e;;;;;;
f63381fd64d338bcd070c5b39f45f689;;;;;;
9485a984a92e455364408bd81da7f3e0;;;;;;
7bf9a85c8db310a3b9f56df9c177fcb7;;;;;;
229f81e2c57c9d4762c18fb67badaec2;;;;;;
554bfac7a7909c5dd6e71499091daa3e;;;;;;
c74065a369bcfc74ae9a3890a89c80a3;;;;;;
98dfe370b2756ce31d1f8527c616e6d7;;;;;;
e90af0953d292f2b943fef358e71b682;;;;;;
5f364b165ff6d7c8a6fa0b06f59a5ab3;;;;;;
b6cfea912c0eb9002ad758f3b61887e7;;;;;;
5139e5a4d3d158d353f64adb8a80a4f8;;;;;;
1411683d17f483318d0ef94c0228954e;;;;;;
5096a7dd263f78d28b523a9e55b80731;;;;;;
45b7d6a7ff41fbbab28314ff059e758d;;;;;;
2a81fc43764067b13fa12c4d8f7f0eda;;;;;;
1317847a9f399c7d034e87f406a5ff15;;;;;;
e4e7ae42b0adc351c9cfdfa8907c7c05;;;;;;
948e07ec8367d96f70e42e9f25bbdf0e;;;;;;
352fe6a072e6dca79e3d2762311e13a2;;;;;;
dfef646a382d91ec481e5ec80d95bece;;;;;;
b82ef7701481de3cb5406686531fe2ce;;;;;;
9567c13c6c3229b350d8402ccc53820e;;;;;;
620d40974c65dec4ba686676a1ddf52e;;;;;;
6c866cbafe11236ed5d2844d6055c5ed;;;;;;
9fdb34b7ea2655e87b4a0bbae06dd9b6;;;;;;
58bb3ebf97b29ad03bd1fd573efd4039;;;;;;
97f0463cd5c6cb7bfeb3500f633a6eed;;;;;;
cd4abe903bcc0b5b4f6b34b737dad3af;;;;;;
78a0ea403c5604c3fa78ecd678231f6b;;;;;;
87b1c3ad9157025b3006ce7a716790ae;;;;;;
0f3b3b52c83de49aa25cf5f4179b3c34;;;;;;
759f7f4ca7fec84b088649353e7ba521;;;;;;
9a75d9e5a61ad022a2de9ccf904ae677;;;;;;
e5eb22b8fac2746c71f35e5e8779f2c4;;;;;;
47b3ea2694efca267af677aed34be0ea;;;;;;
848f3b6077c2ad8e2c52d99c8cca8837;;;;;;
ba9188ae910155fea4a8602a19167e8a;;;;;;
04f0ae68eaafae34908af36eafaf5edb;;;;;;
30b2923178f2fd67c9399f2200575476;;;;;;
81ddf759485613fa76ee7b0b94ae8770;;;;;;
deb37a2fd91d5a6fe8c99e4155a261c0;;;;;;
2b45be79ee019711f00bc54bbb70a5bf;;;;;;
774b1c7accbec93e94f53d6256163fa3;;;;;;
93c320d1af4e012ee54c736c79802fc0;;;;;;
0c0e9c9445e9e4a51d139616c1f737c1;;;;;;
142dee76cf89490cf3bd3c46a38f74ce;;;;;;
7c67e3d7180f7949601012b0086f7e53;;;;;;
abde9dcaa9a26f8bf1c5b2746abcee91;;;;;;
12e9a4c6ec1e5844470eb3220b1971a0;;;;;;
1325ce0c85ecc84de1baad93d72cc125;;;;;;
50d05e72f6616a4e0a71433aea851090;;;;;;
5e880be9e24c9226663bee550c1f77a4;;;;;;
402b8eaa4e5d2eb58916ea31e171d123;;;;;;
4d6e9b8525043a124217f50cadb855c3;;;;;;
be5e46fc882785b3e42d109e7abcd235;;;;;;
63f8dc9fe4877659ebe4045f3d94fb53;;;;;;
4fb8eda39e7b97ce735befb704691325;;;;;;
30476a858bee2fa125c69813e1b34750;;;;;;
30c70bd3e0a427fa70940a8abf4ade8a;;;;;;
d9fe80230dd4336cea66bb104bf63f62;;;;;;
58df1316b735950edd65e74bb4ed1650;;;;;;
05c824acca5abdc6f4acc148e9f9add8;;;;;;
d044735dcecd8b792cb45344bad00c0c;;;;;;
fa1f12d09804e83fb46de5a3a97595e2;;;;;;
5d2317d446c6333283ddfdcfac5c965f;;;;;;
fc6eb38ccae842c560a2c0930ddf0fd3;;;;;;
0cf8b5131842f4ef24c89fc9cddc9169;;;;;;
387118990e332e30955d24be4f72a1d9;;;;;;
a1fbd589e31bda7825a1f686366ee87f;;;;;;
f2c60540585a86d2f7e4a46e347d9ca7;;;;;;
77892964a71c53c085500f97af9a190c;;;;;;
c619543c046e795bbec5783b39094156;;;;;;
7fcc785731e49eab02c73ce6d0f416aa;;;;;;
341e98d763974c072380fb456de6f266;;;;;;
c831082c91d7ca62705d638f3075ce0b;;;;;;
56fd67620fba2342d09308222b8d44ab;;;;;;
ac6aab58e9f2be520e7d6be740ee9268;;;;;;
58e0c084a46472d50b5eb5250560d174;;;;;;
27ae0a248f9660c28f6070f8cc7e38ef;;;;;;
a88200823686aadfd9e9843d11998309;;;;;;
ddf5502273a0de3cc20ec0a3a3d796ea;;;;;;
3f60a0ed9114ebc951afaeb7143521ee;;;;;;
24aae31db2d23ecaee4c44ea4938c767;;;;;;
bb6602fa1c8f19fde486778b8ea826ae;;;;;;
41e8de62cd9e3b285ec9e491eb964e11;;;;;;
e9f3ec8fac5b6d9e63f0bdd128258165;;;;;;
acc558d343939371a3aa19d21f44ebc0;;;;;;
f9fd3e96c65b5ce4d58315028fdd6e08;;;;;;
2a46a80e62c08bc884cb3e15806ef243;;;;;;
981f73ee725bc605afb151e2ea90a6ab;;;;;;
4d5c1728d78648f20983122448d0e749;;;;;;
523d7bbaf0a8c98474019d150bad3f1a;;;;;;
3ff2b38920ad3c978388aec9ac01311b;;;;;;
3ae205f1bf05acced5cc8debfc2506fb;;;;;;
451217e3ad8665c904ba9c9189ca7eb8;;;;;;
22be8a412ae857cf4384460a89d49e15;;;;;;
08d6f63f32397fba15972dbb083abdad;;;;;;
f47889c2debd9fb65ae58b0f115634b9;;;;;;
407f6e59b30ac8f5ecc62707b800c2c5;;;;;;
1f559bcd5950e4d30db069d906d7723d;;;;;;
d3ade8687df37d825e17955144728e95;;;;;;
b6bced8fee4d1fdc920241e9b1ce95bd;;;;;;
cbc24dc4a535e4d0f3432f8c33f2a347;;;;;;
8c11d36569207213455f003a339d308e;;;;;;
c53a05e4662e165c14a889ea63c42595;;;;;;
33290bc912e872d09cebaa1040edb1b1;;;;;;
0919c9f3d1803ed411c7143cc6c8a0c4;;;;;;
26c8462aed9c755a0133827f22e9b5c1;;;;;;
c32de06393bfa465bb0414bed979398a;;;;;;
61e4c0a3656f364148d3d338b3fa71b1;;;;;;
d497b41546f4761cfb78ad281ddbb784;;;;;;
4b10f047f20f1141c6e9cfc6836152fa;;;;;;
a5e0a0a299e3e7cb6418992712ea1b45;;;;;;
17fe3fea35dbfc2666836261f6b1ff89;;;;;;
466b8046610343af98688957b1bc4e82;;;;;;
b5830fa9cc7d209b7befd0ba477381ad;;;;;;
98950b038693dd79b2e6a1de65389e9b;;;;;;
b8ceb0f589549695f47a4c6c93c1251f;;;;;;
4e0a6e6a45b0cd23bab4b6d54075b867;;;;;;
af8d6818c2822c170ab744f5c3351d7e;;;;;;
640698f6bc7446ea092b54ef9248b09b;;;;;;
5017dfffa3190a181ab3917e759cc565;;;;;;
19da6b9ee4c8fb1a34a9cc0a80f5f492;;;;;;
cd268d410abc0b57accf81a8d21a1e70;;;;;;
ed642256289fa4a3c1cc09afec5a04a2;;;;;;
777d97125affa8dab2404460a286ad7f;;;;;;
f36f696dae3e501303b6c043c9544ce7;;;;;;
8846ba6bb107ed30eaf58437a51a3722;;;;;;
5469a0e3057932af4ba8d1acb55b6879;;;;;;
7776220f9f661a0f63e6b940d087e900;;;;;;
6445f127160fd95e22c29297983aa702;;;;;;
fab7b0b8dba014670ec729c281ee014e;;;;;;
0212e637e0d019bcfe9cc971c1202fe9;;;;;;
9db922510b5396783151e1829890d317;;;;;;
e6229f32a6e93c1c35b3df0a60f85e07;;;;;;
ecd049c1bb53b35365b93ba826c17012;;;;;;
6e573d0850f6f025ddb61b86b8da1697;;;;;;
a85b3539ce20512e2a9dfe12dbb92488;;;;;;
e37f6a27ce2710735b865a9bc9737e70;;;;;;
d8922d72c40ee5b203c57a72c3bc54b1;;;;;;
59151aa623cceac6ca3deaec7f74eceb;;;;;;
702d3adf0bec69cad12814cd347c8ca9;;;;;;
b43ce4d3dce54d53dbc6802174fdbb78;;;;;;
6d4b09074a776a393eeac47a49cff46d;;;;;;
bec4332e82e14c0959ae6dadb1e9caed;;;;;;
aae29b3dd727fe54c90aa8a8af2d7185;;;;;;
936aa4e5d018a942fb584501b71bd7c4;;;;;;
25a76a46e5600cca8e1c6c2d13ba8fa5;;;;;;
274d485a506524b28b720436a874dbee;;;;;;
c1782c395d72a9f7c66c09f3dafaae47;;;;;;
602c542e517a28d4e6ace8f9f3fb5ff5;;;;;;
24aa2fdd3e9893515603fe1731dfad01;;;;;;
c71254a4e3cb64cd49a34769a8ed232a;;;;;;
576ed9c5bb44ce2c30a329b01cf3d68b;;;;;;
f353db173d3448a83189b7bc9d339270;;;;;;
3192fef0b8c99ca4a3605f839f01b7fb;;;;;;
e92bd76826060bc7d7cb212caf2ae828;;;;;;
ed852982e1aa191094e860365f1e4959;;;;;;
f8a71fdea5c6fff5595e2027400e6511;;;;;;
39d0435e18cb6e4938a5449db726f30b;;;;;;
473555a2ba798d91be8548641085a2cd;;;;;;
f2c174a6407a8c6bce13fc3c0a199c88;;;;;;
3b93ae3f1a28755b6bb0583f3654a913;;;;;;
da79ef94e032024338fbc474dad1c2d0;;;;;;
53b9a42c0032e3beec09fe05938e0420;;;;;;
d9510700bce0f8962b6fb955a47da71e;;;;;;
9b2ad310505d6a945735c5dddbe78357;;;;;;
3a31b9c75e34c070f11b6f7cac6505d7;;;;;;
fcf19032006cedc2bbdcfe9ee0b20116;;;;;;
cc8765f50b05dac0ff98a391cb9a0577;;;;;;
497155d00deb8bdb89311ffbcbf09f00;;;;;;
203c0e6b33f2b96381c39f871488ba04;;;;;;
26ff8cd45d0d5804f76fdb4ceb51c920;;;;;;
7959c373cf0a9e2b885fd99bde8977ea;;;;;;
cd0f14692a560a6984ace9b4323098a3;;;;;;
795e7ccc70705e3494b38590102f40d7;;;;;;
9470837bb0185d558a1557688ed155e2;;;;;;
ce389466517063046241cb5ee25bce78;;;;;;
c4564fb8a196c6c1d0e461d0ddc525c2;;;;;;
32a5ec8c1fb25a473d43f80b25b0b7b1;;;;;;
4e9cb475764fb4f07e323ee34cdb4bc1;;;;;;
9941d272435825f542ed389617972e3d;;;;;;
efa7fcb3c9a98f136e0af32f183fb29d;;;;;;
1db0ab9020adb9edc27fc64a7028f586;;;;;;
e62e7403d90bc735169e72f721993a6d;;;;;;
398e2d6fe19462a99974f386b43f6056;;;;;;
e6838f0d568884f7046dea2ec5949086;;;;;;
539dd08bfb29d4dcbb817a135d7fd2ef;;;;;;
c1a3514a3abfdc694f488e3a5ca01e6e;;;;;;
d32611536e64659c1591b2245357ca64;;;;;;
eb110d7497626f039bca729451eae706;;;;;;
e70bb1ec97bd669da988f777056495d8;;;;;;
a286a6c2ec8d4bbe7310edcc0502dfb7;;;;;;
e53246c794c5ffec8416bafcd315c8ba;;;;;;
dcdf14e829d44f3bf3c26bbd80734850;;;;;;
d19e11405ceadf0f95eca1efd3bbd7b4;;;;;;
3264c941f125ac6b1b6ef361408dfea3;;;;;;
c22b3b83bc8ceadc516931c8576646a2;;;;;;
1d20f208207fbfb17716423688ac5eda;;;;;;
ad4197530e5fc3ec0b5e7054a4519819;;;;;;
3309f3d58e7eddac1f46d32ff14583af;;;;;;
77b813d3e05525f9ebf3687d66d08bb1;;;;;;
f209545c14f43cde01ddc0c485332f3a;;;;;;
d370bd089179e889c7f65e90dd9cd397;;;;;;
230958d2f7fd65cf7274177bf63a68a7;;;;;;
7eb90fe7805ca0a1a4f45725865da875;;;;;;
ef6b92e5917cbc1c7668fedbed3b6f8c;;;;;;
f5bc5504c1f6e09c53dc4a5bd4c2065e;;;;;;
d7c481fe7f7698ebd4b9f7f6a899a272;;;;;;
90212117ca760fac59ac0958a4f70ba4;;;;;;
e204ebf738f6b7e0e41eb49899d01525;;;;;;
975e83b43fe8c492bf36004cf1bb1b9a;;;;;;
2f26c68aa6ddd0a1b2f743a133e7f446;;;;;;
d96d167bd9d32d16090799e240fbd09f;;;;;;
e6f0b3eae50cc32276fcc52dd5fbf026;;;;;;
b47111abfdc87ec3df7da719d2111e11;;;;;;
f03edb8fbaae6fa7aff5daccf53e1ada;;;;;;
b9da7705671cf4e6e8cfcaeac5746488;;;;;;
3ebdd2187b732f995f6b3bb87226b51e;;;;;;
39bf2a1c4bd525c2c374a331649e9641;;;;;;
4afc8c154de34d88e92cfd31169e953c;;;;;;
99677cf0819ba19ab311b89e1c0c3791;;;;;;
c91824bc1da3555af3b7d9afb08e035d;;;;;;
fe8ffde12f4a288bc3e77503cba168c8;;;;;;
507d5963073e78cd8f2a29b72a1be5ed;;;;;;
066341adfff575aacb17402383ceac9e;;;;;;
cecffe7875371a6976a966bf5880c1cd;;;;;;
2d099f3743b65ea8928c5f0bd14f395f;;;;;;
1960e4c1dd5d32ba8b1c4fba72da0c57;;;;;;
333460476e863757a79d7aaaaa9c7d2f;;;;;;
6af4cba2ab5a9ba92ee10a63b31056a4;;;;;;
9f0538f969cf6d97df020ba1bf51d075;;;;;;
bd789f371b6380b135e4af5b3cb32f1d;;;;;;
083800c2cec634ee958e447d078b343a;;;;;;
d8529e7f7619c63bce4426664fc8e704;;;;;;
a41c0b303c3578d42727e39033b9aa17;;;;;;
7c7c8c595a45466bca58892359429a8d;;;;;;
d94440b56f89734b3a41d0dfa71f7c8e;;;;;;
db6a442e9448885951acec6e9eb62717;;;;;;
6eace7f0cdc6ab023c5c0e9fc6adf417;;;;;;
6bcd9b34056d9bf13f82802c85c36506;;;;;;
d2d86034f644aced0e497b6d8c8639ff;;;;;;
fc5f0a0ab1e480169e29673ad0eaf3f6;;;;;;
884935792c1cd7a5a0e0e52e7d52c245;;;;;;
fa5182f264170595308f910723639be8;;;;;;
bfda87333f30899f74eb17726137920c;;;;;;
e09f16e19d6556ce535a6e08f1bfcbc2;;;;;;
97ba6861bd81cfb3fffd73036c5aff6b;;;;;;
48ff2464c497ebe081e29f2e5a8761d4;;;;;;
f283107fd59f7b46be030b52c67b53d1;;;;;;
4cebf4367891561a242a6eeff747f2c8;;;;;;
c6f5cdc4d28cf0fc1a1fb244b9e36bdb;;;;;;
ed6d69a81de0fc528857c3f204ecbbbd;;;;;;
ddab0bec852ba3379c82ce47488c587e;;;;;;
ac82169f43b67a885e9f962d2d3f4b73;;;;;;
dc19779cfaea99fabbd6d05657ef604d;;;;;;
1c6c1037d13b2dfa334496d34cd4fb4c;;;;;;
9325b7d4f851fbfca175a70dfbf5f738;;;;;;
eaada6b7855255709ddd3519063a245d;;;;;;
4b676557c24fb4624ba62899230b80b8;;;;;;
f94d4dd61994f4e27b29e2b401794810;;;;;;
bbae6c837b1c04ebaa18af0a905342ce;;;;;;
7e7462bde6f30ee710a9b6ae3bf64ecb;;;;;;
59774920f0111782be56643ea4eae616;;;;;;
5b30a9d69f980a8067bf5bbdfbb2ebf4;;;;;;
020ed4d6e784d75ec4ddc1270ea023fb;;;;;;
517b2f5e5afad3943dc9c0cf206f734b;;;;;;
6cc0ecccce13e46b5d438f277b20249f;;;;;;
1a7aba64c16a367e11b1c09ff463cff1;;;;;;
82255203c59a47c760a13201382fffe1;;;;;;
aebc4bd5376e2cc50cab5072f552c9e4;;;;;;
78b399d500b52ccb19963394732c3503;;;;;;
caebd53158608fa223c13a01122e767c;;;;;;
fb0743a92babf49b479aa819a6f337b6;;;;;;
0ad46d166b5b8622b2f3ad61aa907434;;;;;;
625feacbf223f686a1ac59bac2de94f7;;;;;;
0ac856908d4f230d6ebfa930a209b1d8;;;;;;
5d220bac7ad6f49400afa1a4c14900fb;;;;;;
bfb3a5308c6483aa31ed5958e3fa982a;;;;;;
bfd1856c41b8e120b03b4d160e127d52;;;;;;
7384af377e89cf0e233322f33ec3af20;;;;;;
9788fdab29b4283cdb2aeb16ce826453;;;;;;
c2d6811893ee3e1daa54c364888e32c5;;;;;;
0fb9d5f203503745673ef2289ca8b175;;;;;;
e4751a567f1ca0fc55c1c1274b8047e9;;;;;;
54548e7a527a8bf44ea1805ca1f8bbd4;;;;;;
3c28e529dd92a72eacd294067875afa7;;;;;;
52cdda8c10173b8251ce64998c4d3352;;;;;;
50c0795c5adc41b1eed1c2ea08a431a9;;;;;;
7ea3e66f2729a38226af3fa87e507df2;;;;;;
31a65f91bc8762e4f6e4b9530abf91fb;;;;;;
96d63064865249831e51bdac0b1d8c83;;;;;;
9ddf93f9a26d22adda972c1fd80feb5e;;;;;;
17face4d58d0e24206dd12090b6cd2fc;;;;;;
b5d269f907d66646761dc8dd95380f7f;;;;;;
f1bfc7818681f65ba069d5aa24a05e73;;;;;;
88db0c939fc544588c0a01e120a1f298;;;;;;
c9d95e56fd2ed55fe8f3c37aafda11ab;;;;;;
389547482572e44b33b2e3eaaffa16d4;;;;;;
b9cc7de6da1b015cb869b2a9d77aadae;;;;;;
1d6c1de81cd14632e51c82e2ac66396f;;;;;;
cf9fe94b94f381a8390b5fc6a7ff6fbf;;;;;;
7f88efac57d78289075b07c3a35049dc;;;;;;
df698006dae61563f1358d40ace16e39;;;;;;
958bc7249c56077922107d2eb6b175fa;;;;;;
c78bac720e4bd18072378842e41a9c7f;;;;;;
56b719f6cc287a01285d7cbbfd7806e3;;;;;;
8aa5f7a16ca5f3e5957dee1dcce70fb3;;;;;;
6f6e6826c0a3466deb4e2431389df367;;;;;;
5489fa693bbbdf1632ab605a5d7450ac;;;;;;
b7337bd1e5903e5af40fc8cb28e1a43d;;;;;;
82b463ce47eb3a01f1087c2b15bfb9b4;;;;;;
7461c7c59c29a9ce0c2fcec3bda0aab5;;;;;;
d73de539101258150e14e60322efeb7b;;;;;;
d8c37bc0dd9e411481771cc604d75d5f;;;;;;
fbc4a2b47a8895427762f224d1c788d8;;;;;;
3dd06ab4220c5f86144b5d90c74b4a28;;;;;;
744a25b8ef36b2f6e684630e01fa87fb;;;;;;
165119f95ee802cae6def22ae8c046b4;;;;;;
3ee5fb0a76d95cfe5afc2527806208da;;;;;;
198d2b0d0303da199b6d6a32a13fdf4f;;;;;;
f54f0ff9a523ddaa26022e255baa1bb3;;;;;;
0c530e5e8d8e64001c617ba261038988;;;;;;
a931274fd4f4884988d28f9221d164d7;;;;;;
b80263eeefc862f59a024591469f99ee;;;;;;
5df447eb7a3ac72c417921ac0a169159;;;;;;
9df4b8efdfbb26255c599481d197243a;;;;;;
c84aab663ddc892e8e52e9e05e032742;;;;;;
7db27a218c155b3aae477661a3fd62bf;;;;;;
f81377d1fc13d10e0171b44a61cc3157;;;;;;
d2af018c297160aadd316a0559da579f;;;;;;
d0bf43bab5030398a2f8c8aff19b903d;;;;;;
547c06885353f47f99e8feec4c042201;;;;;;
67abae2cc5a4e7fa0d8b1ca6ff5784ee;;;;;;
6bd9a748f85e9dc5d717056a8273dc00;;;;;;
a908b01bc22a3fa668eeaa7c5f49a143;;;;;;
55398a102d951fc01eeb8149f8711595;;;;;;
faa1c97362e30c3860df33cf88444366;;;;;;
c43e3a409ceed700155c43c8a402de09;;;;;;
dda45967f1ddd8894597afdca7963a3c;;;;;;
5d6b278aa12f7d89047c08c24a3f4c8a;;;;;;
7839b90e306b851939240bb6ffc64711;;;;;;
a54f44e8aae9db40789bf0cd7e42576a;;;;;;
106d1c0da6fd3c4a9a7c692d922f163f;;;;;;
04f379fd93174a21b4cd6510d28830e0;;;;;;
fe305d591afe642706a2e7401e3b89cd;;;;;;
39b59b07002f54169d3479ab7a106a32;;;;;;
c7e7d1e75b08e2879968b4da7f5dea61;;;;;;
6250cf74d6193aae4e90b92a468e5e1a;;;;;;
a3805d6fefbdd918aad0f3d3c557a73f;;;;;;
1edf4ee3fdcd3361fecdcad78d2ea162;;;;;;
5db406bc84a4a8e764a129de90b92716;;;;;;
7157d49e0b36ac0eb9440d99c1366098;;;;;;
2b3988f57c05dea5e85692801ac7e1ed;;;;;;
304c8faa0a2c9c07384065b1758efe13;;;;;;
2ea01bc843f4c4d8daa38ca9ee4f3b60;;;;;;
ed018d3d1a6494bf7dd1bcd818da79d0;;;;;;
286b6a6114431580d3e52642461e58a1;;;;;;
c623fc16dc0a0e8d6b07e3491ecb98dc;;;;;;
335650fe0564d1657d453040f8180de4;;;;;;
8ee160037b872036ff8521fc89a9db5f;;;;;;
8e15775862b7465cc1dea8a01d241b1a;;;;;;
ab28b2bf9aaa54b0c5452efc5805705a;;;;;;
2fbd45f6aa6ce290d9850bc26f037f98;;;;;;
4796f10c6f4a2e9a55e8b1bb9cf726d2;;;;;;
d4c8c93b44051f47dad6f8cc324e444d;;;;;;
c4af9011202d3d55cc35bb8259d893dc;;;;;;
69676ab746ff1524faed002ce22db9ed;;;;;;
219fdc68a713870b525c7d2da7df4020;;;;;;
679741f5aeec9b22d02e6cee18ab3529;;;;;;
3e67fdd6e9f70d4b67fc672591aad95c;;;;;;
5b2f2f5a46611fb5098b449998cd4a3b;;;;;;
062b25dc2cb1eadd4a982fc3464e640b;;;;;;
1205ff565e1107e6d98966a977902962;;;;;;
7fb532aa94cbd190fda0cd0a4dc07a68;;;;;;
c81c7368339429d4f415a617d8fe423a;;;;;;
05b9dbc54d5dc23f637ccfc3103b461d;;;;;;
cdbb1fc300e540c73f145a92fc2f1702;;;;;;
ffb3fc0892358bfe875cf2330dbeb1dd;;;;;;
c5d2665dd0fbb1521abcd279aab9965a;;;;;;
7369be5e9af229bf51bf9698d38ff9d7;;;;;;
3ba015ccc0d0eb623e1905b1f0dadd83;;;;;;
e2f5f88899cf4231ae1b12184e1df119;;;;;;
0c17b63175a7343a213f404c37b7c7bf;;;;;;
7efbc65ca1f7aa42e54da9a79736a92d;;;;;;
6d11f971db8b81bd7b5e1f93db08ee3e;;;;;;
97c5577728139cc46768587274d8bb03;;;;;;
8fe00c0936e43c62a8d0bdaef4c4d36b;;;;;;
ef27a5b7f5568ac5812d84cd89f81dd0;;;;;;
81312f6da178d38be94bd1f3798b297d;;;;;;
fe229549f4a6a7b65de7872c75284c0a;;;;;;
6171bbdcdf57f4d4622045b10904cccf;;;;;;
fbf70d2d4f6850d8b0a1026e9d5a87f5;;;;;;
449f7e4eb0d9677785d27616ee851c37;;;;;;
faeaa2b638b7336d65d218a64faf49fc;;;;;;
6b28a8bb97c89e2b17f175bcb22d77c2;;;;;;
556ad6af05f5fe1d3ce938dbffeb457e;;;;;;
d2b93bc80701c53d38446c8aec1ddca2;;;;;;
84a7bb05aa7aa8f038fa39865cc774fb;;;;;;
05fae01b3ae290c51c4b64efa46ff71c;;;;;;
bf3e9c4d503f67e1c0e843325935ca4b;;;;;;
08341129500b58f942e2529297f63253;;;;;;
190c50bd3f6bec45bd975270368901b6;;;;;;
75dcf3bff5daa334a4b4cc55d0e372b8;;;;;;
4760a2acf3e26daaa2bf2bef1fe0c44a;;;;;;
788156ba1d65cf0b9f0f635e8ecd6da1;;;;;;
e844da61bc047210fd22823f0e013c05;;;;;;
65addde1c6097ec059167117ef1d0b69;;;;;;
8a120c44993a081123ba6bdc1ff9ee49;;;;;;
1a4b4749560fa8a65636021aae87eec7;;;;;;
02f44e1dcda81004ab85326faef521d1;;;;;;
1844bf38a1ad29201d48ab2cf68e566b;;;;;;
f774f76e9540aa3b6e43d849fa3d5609;;;;;;
30998a9d649b1f9035b1519cf38abd4d;;;;;;
a9e48db858231e42d88073189227041c;;;;;;
bcf1688c47526156d5d5bcfc449f0b0f;;;;;;
f716c0c3a92b0f2fd476e47c3388500f;;;;;;
321f3aa473526768a04fddd8ae23041f;;;;;;
db922d1adc9f9bcdf6998c93c02ed762;;;;;;
9c4fafdf4169def1863769659d8eeeaa;;;;;;
a6bc6b7aae724f4d41c4da896461036a;;;;;;
7e267914761f187c4ca8b1df2e393bd4;;;;;;
0b92435ca2fbc979f19755a1a447e089;;;;;;
bf0d6e8651113464ec394ba10e66bd9b;;;;;;
7ed26bde210b55e94faf8fbc841b81b9;;;;;;
c78e757d77e6f1123c21110b513feb2a;;;;;;
a98767b67a272b7b8e489e2216389f36;;;;;;
82626a552a6ca0796f48e82d751bde61;;;;;;
940b64549ba36ac803650d181ec1ab11;;;;;;
4f72a6e2cb67fc95cefef1f0969497a1;;;;;;
7555d779429b47b215891f1302437625;;;;;;
dfa9a8b56d3cafd3a58ed0cbc229b6b0;;;;;;
0b61e7a3e9849c47b71f6b02c0fe5bed;;;;;;
f523f787b2b9ba70f161791e2a6676dc;;;;;;
8d63226ea2cabd157d38da42246b7567;;;;;;
d15f03fa6c892f78c52f4a1aef747d36;;;;;;
87fe57e03593c4a29cdad1f51a590c34;;;;;;
eae3092cedcf7dac300499ef72016613;;;;;;
2f20f90138071143af4540148508df3d;;;;;;
499df01766a882810479c5d8bc8d0a13;;;;;;
b1a9d962d1e5e48ca8dbf253a7873a9b;;;;;;
c6febca178ba45478cc0dd275a405acf;;;;;;
2035875ebfb1c6851c4288f02353e187;;;;;;
c6f160a042b1fe88ee9cd7219c934bd7;;;;;;
fcf01de561ff6913669fa9517d819ffa;;;;;;
3e004b8329ca291014bcaecdc64c14c3;;;;;;
9092575916b6c826b845274a4cd4fbb6;;;;;;
c7ec0f717094bd26c8d10ed3c41b0e69;;;;;;
70ac75698a2b06c1c8b42401e8722bb5;;;;;;
e0519a72f087452a918d8167b97be959;;;;;;
a071e63350f83cb8eef364bb6eba63a4;;;;;;
f71fc6b115582803a77dabc661fac5a8;;;;;;
fb2138452ba31aa4c9888a3afd38f2a5;;;;;;
9334165ddc628c8a57a754da422e88fa;;;;;;
bbe4fcb692f884b22cc506efe3ca8c2a;;;;;;
4b09c3db68773335eb670c2f407e3c96;;;;;;
eb744cf172a29c499fbbc50a2422fbb5;;;;;;
38227fe8f3411c446576c39ab42ca08a;;;;;;
3c46e30f784384c4aa93b11783e89837;;;;;;
9371990d3b1cf190a9bb00c23e914131;;;;;;
8aaf4fbee14f00cc9e73acd5387f1aeb;;;;;;
4a179df8d95f9478d95452c871160b66;;;;;;
8b1459268a809349aa5ef07c4c26d997;;;;;;
dfe90661a98ec4b69ff69d0a9c8e1f35;;;;;;
6cdcf7c535fd868027fff33334da5c73;;;;;;
06fe5fb3140f38ec97d04bade39c680c;;;;;;
65bb321eab49acba9be3f672bc0b3ece;;;;;;
cd4deb6f215206d9b769f4760f48379f;;;;;;
825d34302f231aa73fa68942c7f4b8c2;;;;;;
9dfe1905d807566b4e48ae7abeff02e5;;;;;;
4330cf6ec5fd189b7afdb83c3310908a;;;;;;
490c65ed0e5d574de019a4a50b95c745;;;;;;
ab94188d68318207ce6e2812916cff72;;;;;;
38ed809ec43771ca80109beaf1b2cb97;;;;;;
8a54e885d1afd1d3f23998b597721047;;;;;;
773e4683d5f23d65a9e2d0a5fd55cba7;;;;;;
cd51809f28590121ae3cf4309b529745;;;;;;
f33c94a8dac846254592ca77152cafc9;;;;;;
c97bcff05f01ef0a3878d5252f61f344;;;;;;
63bcc59d12bc3a5877c64b4de698661e;;;;;;
637f8b5683a132e1caf1f1b8f2e320ae;;;;;;
68332b8d0e84197d063552c4450decb3;;;;;;
41428e802004b3ca33229d8ea71ec85c;;;;;;
3b87e292c81f2c8915b97f77b62cf5ef;;;;;;
2523e0d3fc67d99c1ae09deb0263b420;;;;;;
788fe997eecde8a1327d1281bde25868;;;;;;
ca391d3d933d369fc90e56a93ffe1e33;;;;;;
b0ca220049d0ef9c9b921755a8f1cb95;;;;;;
7ac2155aaedf3a82b4f614717ed380c2;;;;;;
1e2a9b2dc39caf98ffe8c6cc895ed6a4;;;;;;
5be75204d5c6eff5c88fb9b8e9c04afd;;;;;;
1458dbb90f73037c62f5dcd56b750c1f;;;;;;
c8c8784e6c7da8b5f35bbcc1d1b938b8;;;;;;
13e3770262bc21eaae69658071077180;;;;;;
ee186e10b5aa77f9ba6e97a0bbad0df3;;;;;;
e85235ecd2f6b67760a2753066586e1f;;;;;;
a7fc71aed47e9eb4252a5eebf0270c5e;;;;;;
fda9041b8d500643036b48fceb120407;;;;;;
df76bd7dce4ef70a3488f870c7ab0a62;;;;;;
7b029370b287c747b8a881684dd688c7;;;;;;
a813fd42c22db0cc98ea00a9cd5630d3;;;;;;
918fb4ce2df6a95b3c145d7f15e180b0;;;;;;
0597f306d0f1bb1816ea58a5cfc87497;;;;;;
0d04ccbc3f18007c2e8c5160907ad389;;;;;;
79742140105260922452edd5f64df836;;;;;;
600bce832d20ed499fdc7ed1eff6a8a9;;;;;;
48d4dc48be4d1f3de155d27c3a77880d;;;;;;
3bd160341d03883103ee26fe11093f53;;;;;;
129618773f68ee48078f44a19a11527b;;;;;;
084f7b74aa40ae7f510d7333a6da4712;;;;;;
a1585faa0c38d20dfe349f07881c4763;;;;;;
06af62679e14281f6a9b103ba48919d0;;;;;;
5a4c11fbf58becc45c54a17ff23b85d6;;;;;;
be7544908335b18e3ad8e96e1e6bdffc;;;;;;
bc1a70a0c1fe2e4bad76806e675de04f;;;;;;
7c3442967f27c8ed3028618c22f85f73;;;;;;
005885aae070430af315335a05c8c4fe;;;;;;
ae8c95e65b2b506b5b1bcc6df4b88bfb;;;;;;
a67e4e0d0cba6cd34c3d1679421df113;;;;;;
158914029c4fe90f9dbdf57973667dec;;;;;;
0f709451d2caafa50d11e8352d02bd88;;;;;;
f1f16a9d551963e40a9cbb147e1e6fd4;;;;;;
2c1c753566d032a92a359f726c88a05c;;;;;;
08ec8a4c64fdebf4db60c488f7468120;;;;;;
2cb29221900c0cce318223cf50dfe6c4;;;;;;
a34a1814a817f973f60164d9b8741b3f;;;;;;
f90ce6edc0cc4c0ca5ad0cd2e0278342;;;;;;
6371cfda0b1c783e24d270b9820f9d5b;;;;;;
a99ec6c4f32b737ac1cc36cf867d7384;;;;;;
afa631103350be446b3441a3defafb16;;;;;;
f1a3119b13773ef6ea9416195b629bc4;;;;;;
8e48895fec03f97d37d4e9c89bbbb82c;;;;;;
8e48c3301a1508291c7b88c9e4e264bc;;;;;;
a8bb43612c55f3670f230b75f71ccada;;;;;;
8f0f06d403c98af597e260365960dc11;;;;;;
e3bd1d05f2ece7945c7af60a01ff0f65;;;;;;
98d6f84ad36cebf95e45be174f1632d2;;;;;;
f471f3f8203322473b4f06c8f1e8809e;;;;;;
7e9621fdb54bd857715c6fd096446a23;;;;;;
b7e76089e5e8e67e658fea71d8b258d3;;;;;;
6b42fd3a9e3ace6613869b99169296ad;;;;;;
9f1ffc5cb22f7ffa38d807634c03c08e;;;;;;
4a488356a271c80de643af0d8ccc89aa;;;;;;
fe58f804809d2585923ba7249e639413;;;;;;
577793f798393575d2851797dc811762;;;;;;
e7860b4893e9241a405dcb4df2684a4f;;;;;;
a129eb31f457d7647f1a4c41dc196b5b;;;;;;
38b6a3716d90caa1f782b1eae523a646;;;;;;
a08ec272bab66e8981d87114337637db;;;;;;
16dddb0641594ed1bd83b4fa5a072818;;;;;;
001f6eadae0447f86d75be9e3f2d6ad4;;;;;;
6dc4c675faf99eb7bc60451c7dc0a27c;;;;;;
758138998ffaa9e24b83b9834cb613d1;;;;;;
7b5c0d69ece5644437a8b90d0a9b5d53;;;;;;
4d59b08ce0ab9bbfad4d60d170284274;;;;;;
647848a97747200f00089f8943ec9657;;;;;;
3e389cdd0064d23b586b6eac8653a775;;;;;;
dce0055e481d49a64b70c6bb435c324a;;;;;;
e7a531dccba403c627927c2f31500bc8;;;;;;
0fb05348a1d493e10bc636ace1a3ccd3;;;;;;
af8c6ad928c6538c50b114a8315800f8;;;;;;
663ba42d84e2976f16a0ad48b0f5a75a;;;;;;
bcfdf69d7d399ee1c0361a1b4fb6ace7;;;;;;
9e00c6f6d42ac7efc12610f0f61c4a9f;;;;;;
ff1c1451c88870401d80445e51594659;;;;;;
52bd040effdb3766afdbec60c3ba7580;;;;;;
20d6e1b908914c69e5a1413d4787be46;;;;;;
fa09e084d915999d60f70fd468bd3539;;;;;;
8774bb01758a29ec9d36af2894e4b288;;;;;;
486f84eb74f6863f6f646256f448f1c8;;;;;;
6d704271b58801a182f8fd9e86ab5ead;;;;;;
7916c2f0a9822b1472f084f66b896c90;;;;;;
31b2755f81c932d2e04eea2f24c592f5;;;;;;
94456c2e3d9cea7a8d7ddfd11391dcaf;;;;;;
baf034984bf9e3711f7475e8bb175156;;;;;;
be959e82a9cefec7f76742cd715634fa;;;;;;
d40d753d78f443e98984382214a99d24;;;;;;
e09b2e0efb19c2b3bb220a5bae790686;;;;;;
368e78165d3e9e66de0c9ab360d097d2;;;;;;
ffa072f2e5b24c94d14202a245821216;;;;;;
1ed89fc1c1c1ab0eae6c92f6567bfaf4;;;;;;
2a6d020306ca797e3077c2c7ccfcb700;;;;;;
c8a0ad9f0000ead4fde122b1004d1195;;;;;;
f6f6d2f18eed543cbce7bb040b9cd59a;;;;;;
c4dc1bb1438387d832529c3243414832;;;;;;
512fd6293c051c7e1f5b6789ac18db0b;;;;;;
94451bf24d7a218df651021dc1c7413c;;;;;;
689bcc71587c593a6432419d9cad2846;;;;;;
4018c5db6e387345f73c8ae03141390d;;;;;;
58f22ad02efdf8fd3dc963e87ae6762f;;;;;;
1c68f9406bca1bc6895984227c2be44f;;;;;;
3586e2090d849511ee5a4698cd70af94;;;;;;
b64b3e5be53457b48a20f22459779926;;;;;;
fb04f3a1b30a43bc90e92a9cc3c2e84b;;;;;;
ce81932eff7dd3cfb5a19b40d4645db8;;;;;;
6df42822e5fcfa4213ce4dd7da6a14a2;;;;;;
b8ff70d46e68a027a028428a3dbfee15;;;;;;
4878a7e9cb84d7630ab31674e09d2ae7;;;;;;
4f044d960162ddf95026a209d835d572;;;;;;
2a1b3f3617acbe80d5edcdaa5063f6f7;;;;;;
d2b633fb995d8b8c4e5123bbe242d29e;;;;;;
a04a91dae73ccfd88e57208dfb44d35a;;;;;;
910a542e3b2843486e16c1b8186b4d1a;;;;;;
d9588725144f3492fe321840ac0db346;;;;;;
dec1332e4bf0b3c0492e277bee882f14;;;;;;
db4cb283cebdf2332a331692734efbc9;;;;;;
32281a1d50c82b80d18a02f117685b0b;;;;;;
de557a6a0bda7dbc0346ab57c3fb3df4;;;;;;
729447f2f0780c6a14e89a4e674b8871;;;;;;
f3839ba25fc56c05cc9f78fff8654105;;;;;;
f3bcee177562d533a5732f7ac2a4c202;;;;;;
d74984a1008dfad3813e2c158d408fbe;;;;;;
d2bed2ddabda3dffc31e7458717e35a4;;;;;;
6de522dc9387560481e251a26e494334;;;;;;
9f41dfb2ef1749d9decf9ce956cbf16e;;;;;;
4037ab7ea67aa3c958c4b8c38c614186;;;;;;
55ab77e170d465c3705eb22c5084b5d4;;;;;;
d322735648cbd8793a264339d25fa43c;;;;;;
3370f54af22bdc81b0476103490133f5;;;;;;
15198e91b073a0229137dfbe635c3fe3;;;;;;
8ec1af15862f3fe38628bf6d7fa18e99;;;;;;
975e1e69acdcff8a93a0f1e5d6218d66;;;;;;
f1f71abfbd93fcee905ed850477a5c39;;;;;;
1c56a855c3bdfbb8424e1981665556b3;;;;;;
6122476a35fb70b3b5dbd9e6033b4985;;;;;;
223c0af71b1aca29c42e3ebda1780bcd;;;;;;
e9f175e3092e3135d2502d5ac00a50b6;;;;;;
31a4e378e2c7736ee4fabe4f57074ffa;;;;;;
1ed344cd77520acbe5dcd9003e79f364;;;;;;
e36318fa78557fefa73baa952ddb7499;;;;;;
924d081a9eb3688687e160a33acc91c5;;;;;;
5f74420ecb3e88a725e41cf9a9706998;;;;;;
68ed2c1bea4dc87813925f48fdff46f9;;;;;;
66d65c97b46746f7e551531612656f73;;;;;;
61eb7f4677100ac4fc8562d7c6c54215;;;;;;
d3703aebd12e48aad902e28dd0b84499;;;;;;
4ff65e94fa9a33d45a9511199f3f2eea;;;;;;
d1040b716fe1c7aedb063777bb5c08ff;;;;;;
c2a0f3f9b392ea88f6328c421b67f7e6;;;;;;
b00caecd7a4e28e4a7738558ed24a0b6;;;;;;
653aa682ba086881ec99ceed0f8aa0eb;;;;;;
c454599af0f3904c941579269f896ca1;;;;;;
678e39d771698bdb78b59d2c30c04d60;;;;;;
ceb26ea34b1e9219239f90303c9ec269;;;;;;
88dd38bc3a42f830a8ec77eebc1c3922;;;;;;
f78af6f4fa3d79de1095efd22fafb28a;;;;;;
3311c3c5c6a687fb2e6acc832124028c;;;;;;
2df1d2af070d436c2a542695ec75fd34;;;;;;
c273925ce7edb5a31e153a2f083f1c81;;;;;;
f98ebe0a97ea3a79f6014fca64186b57;;;;;;
f77caaa6fb1aa4b698fd7a2fcc8c9ff4;;;;;;
8c07905a95180e79ff273a0c71aa3bcc;;;;;;
58b069adcd0ab72253c75a6a525619bc;;;;;;
643a738c19d3c078b52c55abe725b8a7;;;;;;
3edff23b702013719e96535f076fc297;;;;;;
ed4be1dccc95ca9392a7b5e07fdd9fed;;;;;;
678b87fb0ed9d91c688afd84cc496212;;;;;;
5c0e44bedff3b1f25175f1ea0bc7d738;;;;;;
dc49418c768a5b16d7ee7e5ce63ceaa9;;;;;;
89254f029ed1c8ea021edb1a66125954;;;;;;
d579c9f4afee59c7090374a3b7b42317;;;;;;
6607d79862666968d646b38523b25106;;;;;;
f8843cceadc0b8f388abb39e08e17545;;;;;;
4cf48ba7c0a3ee1b4865deffae41ebef;;;;;;
0b24aa2adfc5ca9fd832fa2f47d7e75e;;;;;;
2e79cacb29985f7e7e3c50acc0448595;;;;;;
2535bd6c48ee28aaa17608e978c4fe74;;;;;;
aeed267ed4a08f4a9377702993a10a87;;;;;;
3c0c776f01c8cbcf2995ed8142965599;;;;;;
dd9c74cccf6ead4de20a0f4bdd1ac6fe;;;;;;
b96ade76f2c6f35898d3090fcc46b69a;;;;;;
901e70660d91074ed72adbbb3b70b85f;;;;;;
52e18aa0c5de23d04aeaa3a9753f3521;;;;;;
60582c392ec4d8fe047f22fb50bfed51;;;;;;
3132e86b7456c6da9c2ec16f42d895bf;;;;;;
c353fbc2485cf004099808a2bc695ae6;;;;;;
1b49d82c9a2cfc79e9668b61362b0507;;;;;;
6e352d89c43725930b7f43cda2966b02;;;;;;
b214a98ef246fe9faaf97c9714c72e84;;;;;;
1f7b7755d46947538859fb08293f90a4;;;;;;
cd945aa759ceab243a7519a4903e4715;;;;;;
af40d2c206f9156ccb85be06e42adcdd;;;;;;
846f2640c79ac63c4778a91355cb9e2e;;;;;;
a05744640bc0f8a0d3432f79a4f91672;;;;;;
beae0f3b935a3e4754796c999bc60d30;;;;;;
5f60bffd155134136f7def547edfc047;;;;;;
9529e0569933cd82c03a8b6f19edeedf;;;;;;
4b448b3672649262956eaa7d28a33c68;;;;;;
98c0a2b56a915af2e82c1467a668f857;;;;;;
60aabcdc608af24bc9e2fc595f783254;;;;;;
693c2615633ac87160e3ba3ed5aed3a7;;;;;;
3840ca85da4faebd4b9ba59fc93e8e07;;;;;;
e1d191ceb529461a8fcaf39a5cf56ce9;;;;;;
bd9b588aea3b348e5ec51388c3e436bc;;;;;;
fcb83b4ee960030ce61bb49319ac4cb6;;;;;;
faba82c8d48b5db84f7cef005e88103d;;;;;;
00cb12170fbc1795e5d1131aaa0b6837;;;;;;
c4509417d4ec9918e290681f30581276;;;;;;
979a23b9221fc1401b1ebd0256631289;;;;;;
65bd73719f8bcead5c32f1ed604bc6a8;;;;;;
997bd3f377c6ef1e6e5af964b148244f;;;;;;
33b5f24876790933eeffe35a30f89448;;;;;;
b2dcca4ab8b354e7d5f708e4e845ae99;;;;;;
98a15a0201c064ac8892e0aba7d58028;;;;;;
2a89f9315467c01ee5a21af022e68e6a;;;;;;
9ddb38dadfe0e25afbd4ccd9ba9d2e6d;;;;;;
f936836311f2af93d4870de6f423d384;;;;;;
051e8036c2f044bea9b19040962a45c2;;;;;;
458c627d27f7ffeb1ab20b4acc6ce806;;;;;;
723c7575b3a74c8bb1090bc832d77304;;;;;;
f06c7cb39984177303763563f5b34f8c;;;;;;
a47fc7486aa26b1769119e100ea2cbe9;;;;;;
a83286d31682238561b88747f9f15a1d;;;;;;
c7fb1ee8c47e0fcfc4b9cf1472481a49;;;;;;
29e8fc2039b15d5435dd0e4fe9985c25;;;;;;
f3065fbd5469468c20a97aa3414808a0;;;;;;
4686ccb0aa4070404d9f687b26721151;;;;;;
337240cb892cd8bca3e8319800ea3b41;;;;;;
f93a6726770fabb914d871fbaa822cf2;;;;;;
7af1705f25b21beb1c5024edb93ac51e;;;;;;
2464c78d21bbf2359deb3bdb64b84e1f;;;;;;
a24e0a7c542eda5865ec9b7993e41454;;;;;;
6e38777b69faedf8bba72f9d5b4860a1;;;;;;
663782fd570ffa9f0054c207e8d16cf0;;;;;;
a350b1a2ff5b476e6152ef3f62e53fe4;;;;;;
4fa397d3cbfa0f02f43f47d96e007bdf;;;;;;
1e454561dacd8cdb64f9498054deceab;;;;;;
ab366eec98af3ec8eebc284e933ef4e8;;;;;;
8471400680c52261d14f6c99ad640f82;;;;;;
36147fd65a02d640347bc0a391176102;;;;;;
e0b5a57897c2779733e7c88b255c6031;;;;;;
ea384a2338ef4488c8738f98d35f9ae2;;;;;;
2ac3b16d19bebe1cfd23d85fc889fe10;;;;;;
8cd77b379c98d8d0aba29b4b3c375b22;;;;;;
1f4fd55515eae335748bec3a2ef1cce6;;;;;;
884f40600a9397afda36ac290da4f20c;;;;;;
75726ecbdc2318e013b7a9cfa8fb9d0c;;;;;;
1bf4ff268214bc5c8ce914f614b405a1;;;;;;
abf58f0361214dfaa97f259099722bad;;;;;;
2d7570643c8dac57d0c7325e1878b324;;;;;;
834e118a820baa53cdb466a6bd78b318;;;;;;
520edcde01c62b1394a16c8f19d9542d;;;;;;
8e52541f5c6896ff80fa687f4a99b6b5;;;;;;
2adf8947770e8bc47a3d5896aadb6abf;;;;;;
bc4731a22e80cc9674d5991349934c35;;;;;;
0fc5166045c957951501750d5d8be909;;;;;;
69a0e219c60f354ab1648e4fdfe39656;;;;;;
54eb4cdf6f35e3e5d32101dd77ee1c37;;;;;;
70f7def9bde9602ff8283f034287ad4a;;;;;;
e8eaff749a7963d9b516833909555194;;;;;;
fdbdfd927522c667c1896c0bbdcc3d84;;;;;;
98bc7310ed6657c7d3925eac45344e27;;;;;;
40028abe9ca21421113ba239051c5194;;;;;;
2239c610d776286e1881cc966118bad8;;;;;;
f282003040d1974f42a7ac0f8ac01d89;;;;;;
1fa375494b4eab7e711ec37d85b42681;;;;;;
c4e21b1b7d225ae24f8641743eb59ada;;;;;;
14c4c8a9433426c76b586d06dcde1ed5;;;;;;
b146035f58f55ce3f851d9b51137d71c;;;;;;
a038bb12b0ca94a1c82d9bb1986a41db;;;;;;
cea58c3c93fbe5f52d725ff224d525bf;;;;;;
ecfe1ccf73e6f62531743f80a734797e;;;;;;
b751bfd4a2075ed5f4cf64fb669ee680;;;;;;
c941b138914be581e2bd7668b031399d;;;;;;
7083631c5edd53d650bd7b9b3ef0c533;;;;;;
25dafb1ba2bea042a0f99602d648c778;;;;;;
147f65bed77c2bf79a00d6f735fd5bc3;;;;;;
c27579ca04ee600d526317d66c71f117;;;;;;
a9e5bc5d8cb1647fbc374c9841a198ce;;;;;;
9dc0c4f291f6c799500dca3ad5c46ccc;;;;;;
9aa5cc2b74bd106f8051eadca0978310;;;;;;
a2f0845b774569e7fd74530d1888f438;;;;;;
0711148f10325f5d3d1c15c39f31d7df;;;;;;
99f29f18b444b65c2eba49132543be54;;;;;;
e995537aee29298f9d32e160de6183aa;;;;;;
d7269e32efe8e351e4e80aeca559e901;;;;;;
03dd4c3356541d0c6fe15b3deee15fe9;;;;;;
9e047e129c3fe08d0a329be719732b0e;;;;;;
823233801b706fd0fa944da5b35d02c4;;;;;;
48b91b457a256190b7066674a1cb3ecc;;;;;;
4a94ed38f1dcf04883e862525585cf5d;;;;;;
426625d43fde4c83747b94632c2fae02;;;;;;
1deb9f6f79790c2d0ca551c37f9f41e7;;;;;;
dcea1867fd773581d0615290626ec116;;;;;;
185c38cab25f26cbcda0a6d533a94a50;;;;;;
9dc52540034c3fa84e2bd4d745b0deb7;;;;;;
d9d247cf90125e31d1300e0131b2cd89;;;;;;
bf36c371c2ca0ed442b4ed8aea01e517;;;;;;
ac108ea941597700ea72ea0a3f0fd604;;;;;;
f329a500d081ea0eb50e30e7547aeb17;;;;;;
26a8201f75100e68d6ef6a49ab6a5a34;;;;;;
59c7f46aa1f859f9389cb60e1a58889f;;;;;;
089adedf636411b1545101511922e4fa;;;;;;
df5cda17eecb9f37b98ee28eb4b307a5;;;;;;
bdce90a297b04b2eef7c2c6ad478f461;;;;;;
ca054a5ad9a8b4b476d828b80258cf34;;;;;;
6912d1b40417f7b535888bebe6c18148;;;;;;
fef34c3527d662a57adc169cc28c9d63;;;;;;
2e078c295c6c8638063c1f516ca3a46b;;;;;;
ef23beed256e248f635e55c4def66b50;;;;;;
1ad56ed4fdbc9ba104a148516cbe23d0;;;;;;
f9a64629de22473d1f9439688d8386d8;;;;;;
3bda84e5e29cf2aefe47bff984fa58db;;;;;;
68be08598871207ce1df7b74aa48cdec;;;;;;
dfdf04ad4f4eaad6c50952289907fd99;;;;;;
54c43c238c219a7eb2fa4528678a8f4e;;;;;;
d5531fc3597a36abdfbf6fedc785be83;;;;;;
52151434416194b763c901d8bccee9cd;;;;;;
407ba298406ed92de0c1228828b6624b;;;;;;
5a5d1ad13350e535da1e4186cb9beb23;;;;;;
4e2195d98b7d906414745fd4ca77e0b7;;;;;;
e78344ad6e1084b90515802e8f133f34;;;;;;
467f56e216ea260b03b0c90022fcb42a;;;;;;
c63f31e09d371afaa0bd1b3eacecb307;;;;;;
d18136351147cd7d02fa1abe6acca1f1;;;;;;
561f93288d48f534a2e1a1bb7b7a5541;;;;;;
abfe63491db833ffd64542765357a39e;;;;;;
e201d4639b90c5f1855f80141f0b1269;;;;;;
409febc6630509610b000181e52e3b62;;;;;;
3a32ac8ea9d952e5cdbc123c9f7e359e;;;;;;
dc505db03f3698a49d376c59ec7443d3;;;;;;
2a8b43cb353a4c446c6fd16a6f504b1f;;;;;;
5882d9c052ceeea208c0db7b3662b086;;;;;;
f3d90cb5990d9d5f7a06ea9bded59744;;;;;;
95c31f1fe90208a014ed1edae3627025;;;;;;
aa830c60e97fbe0ed3d55f756ce1ece6;;;;;;
2230c974823c8dc3bc481134b4543a2a;;;;;;
b9b9518866a64b615edb38b64cff625e;;;;;;
49955f68327f3f87af386183cf3a8569;;;;;;
c1561b405f27458492e570219edf8871;;;;;;
debd6d66aebef051d57cf49904714ea0;;;;;;
2e2badf68187c50e08ade15c1ca5494b;;;;;;
4bb358b43c8492438d07731431a7fc0b;;;;;;
fba0e64a6ab29a19c9d8c7c1336e2f73;;;;;;
aa5795c3bee3cfe86926c0c84252bd74;;;;;;
301c3ddfb88092cb76b5c5f784e144aa;;;;;;
d20b2c1d24d032c555ac5a7509250c41;;;;;;
69eab974d1507823b3850e5c415fdfce;;;;;;
b1b61b811a0b1dcf4c60f83d0f017a5a;;;;;;
9cabc09cb4a202f82a9b4aec155a4781;;;;;;
bfdb2334ec104b6642f3570495f1c45e;;;;;;
40d4a0a9ee75d9c2a80ca7790630da9b;;;;;;
4cc49822823a279d66b89f3e6de04b59;;;;;;
8c688743253d1a4b726a00b5e4e3c6e5;;;;;;
4d784a4c0e51e21d28bbdc41d31bb393;;;;;;
0cb2de669cd2c10d5a4ee333918aa43a;;;;;;
2e626d38b79197280251cf076694a17c;;;;;;
44b0f60224badc1a082206c29db08ad7;;;;;;
8f684c0325560c8c75a7865bf109d142;;;;;;
1fb982f06bdd6acb4228d4cb663cbd7e;;;;;;
4b01f1b27121a628197aa4d60476fc2f;;;;;;
882fb209c3a9a7fff185432bb2c6dca5;;;;;;
ee452956df057e2ddfd95bc0d7c4000a;;;;;;
89b5bfeb5aee2b0ff329d311062f556a;;;;;;
059dcdb04f7c1d40b786d19c71a77bd1;;;;;;
30d413bb7895478fc0d992291abc9e84;;;;;;
3d71d6dfe7b5888022a0d4b4bdb8a5b5;;;;;;
e89771573497176181cfc313c474017b;;;;;;
3076273ecf42bd49169f0aa8afc0859e;;;;;;
d5c82b1fe32b34e18306af1b63830265;;;;;;
fddd069baa5ed8ff2d8333b000232e62;;;;;;
ff42247757f86d42d00755dcd36cca63;;;;;;
4953f9f88f58cab45569d50c94904cd5;;;;;;
bd31b013aaf3ac0cb64f806dee3ae9ab;;;;;;
fd8a96e788a9775959ea07d4b8bb1452;;;;;;
bd19023b3ce2068ebce0cfaf94513767;;;;;;
41013f11f08dd0d93c87ce1e0b6751f7;;;;;;
5222b3041a22f681287baf4eebad8a03;;;;;;
c0411307a1b7170ab0e163029ca1632f;;;;;;
8b54cc6d6c0424d052e7fba99a42b294;;;;;;
5f6aa7c09740ffdfa63e7b48af5130c2;;;;;;
a9dd785c0f7997eb5cb27c5534cde57c;;;;;;
ca394ac16bf7b52cf497e944f35d942a;;;;;;
b10e8a85b2518c4d8eadf2720cec19a4;;;;;;
4c7fcd97e88ab56796432ad805f328e2;;;;;;
8b8442b91c16b758f94dda0ca2379a10;;;;;;
70ea8625d9363ec0b7aa33efbd14c866;;;;;;
8f8d1a9331e9d4e399846251e31f85c2;;;;;;
570b49bcdaaa083b85aa8a2ed299eeba;;;;;;
2322c467ac4952376aec738eed06b776;;;;;;
f45f243346818112a4fc96b40553b0ef;;;;;;
d4048fb5cd00b0a53a70089703cbdcce;;;;;;
194d055daa778e2f0d0d64ebba15bbc9;;;;;;
261f05448ae14567a25f543df1753d9d;;;;;;
8e02eb0d29afd9687331188d184234e9;;;;;;
fd2d19716d1eadc531889482abce0b22;;;;;;
a2b1feb6a32a7e2877ffffa886ca1f19;;;;;;
91ce1196e5da9aa9c5be061a73ccf782;;;;;;
7e36800989a321e8646b569fd2523d4b;;;;;;
4f63592d3326dba2bec9336d3b2a040f;;;;;;
eb5630d29be63cb7cb28b61910145c2e;;;;;;
45fdc3228df8c08eddc71cfe9bbc393f;;;;;;
4e9972acb1852beb16114d492b815e63;;;;;;
ce92233021fccc19813f15cf47f06455;;;;;;
bbdcab4e3a94b349bf248745144cd470;;;;;;
2811351dca555d645fe2eb7b60c2f63e;;;;;;
e26097f8949a658acd2525d2998e4674;;;;;;
bd240dbea7b4bb29d465318eb57c4bf4;;;;;;
527a5c1af40ba2a4e3a5f4c699f49594;;;;;;
5c01420313c7f02419df1c9ab3b2eed0;;;;;;
372363ffc454aa550c04d159171d1484;;;;;;
143ad46c32b2c3848ebed08014289632;;;;;;
1a0d4954a3989375c882d7c4750f8edd;;;;;;
a30191613c46e942a70089454404e1e5;;;;;;
78cbe309d147fa5117c343900c719f0b;;;;;;
56ca9e2f79423f8799982f2356dab645;;;;;;
cd452e7a052e6dea3aa6873e2b4794af;;;;;;
512f30ccc1c59d25bbd92e76d28273d9;;;;;;
48f16a5292a1f6393165dfede25a6c46;;;;;;
763cc3e6a18a442688fbe9c5aa069581;;;;;;
4046dd1d150492aa6886cfd7354fdbfb;;;;;;
2211bf236923f68c6ecbceeec0aea49b;;;;;;
b07554e5b7625023300869b9681e5858;;;;;;
fa09ade2e0e3e27d2b5c27092e1d4298;;;;;;
712810fd57297cf6bddf6327c981bb41;;;;;;
3269da756fe8b97207e93b0fd4b77c71;;;;;;
dc246ecf842061debef0f25f32fa5614;;;;;;
50450fd942cb7f7c9afd81c996986958;;;;;;
5db1c096e252d099f0d86fc5c4a26fb8;;;;;;
51a6ea7bc46368ac083b1c1039d879ef;;;;;;
78b34851cdd3c897cb18623ff76a3c90;;;;;;
86c2bbdb75d51f006fb525b41e849db6;;;;;;
3fd7e31377eb68273ed57c654dc89a90;;;;;;
5300b621716310e6f930c294bc59302c;;;;;;
e44f37c6df090b6829dfe56d14d39135;;;;;;
0fa15a260b7f6f969919560a8e00d3b5;;;;;;
bcc5edb90c012f002d544d6c0426b2a6;;;;;;
4402bdd1fc955bd77cd1b466d9ee7953;;;;;;
164949f91da8355a99c53868217a0cea;;;;;;
9d23f3c1b12f4c4b77ea8cd792ff9a1c;;;;;;
47fafc2af4d616ecde2f90ce0ae04d06;;;;;;
fd3ede9cda09806e81b2126733134000;;;;;;
887d4c2d3a2646466fc6335d6e63092a;;;;;;
00b8e2b2483e95f3a1951a1daa69127a;;;;;;
3299ba7c9373ecbf1b8c9ec0746290e5;;;;;;
f8b1d71a2b3acfbd6e4f5df2cb49f7f0;;;;;;
336adf63c73ddc0736fd1b5d0354c419;;;;;;
77cf251bc759d62551ee06a316f24f53;;;;;;
0a15c8986bd315a44e9b011d4a2a8949;;;;;;
048e021ee1cb699742046eef3a30ee98;;;;;;
416c1338a031e9dfe957ce2b05b4b48d;;;;;;
171fa6fce9d76b0652bdf1c56deb829a;;;;;;
be678b0e77de90c014769fa4e73bd6c7;;;;;;
30859ca7d871349703d067bfe9afccbe;;;;;;
e308c873da424414ceba7b21c10447b6;;;;;;
1fc1d2113c5217af47cb21e37f2bc9f3;;;;;;
9d96d66df272372e20472530c1b766da;;;;;;
46b5f1261d2f18cef5c00043a0e3a350;;;;;;
da1dd5787950065f9e913f7030e8b435;;;;;;
c3adb3c705b4aba27dd6538121dea3df;;;;;;
1bc9a39d9ecee68f3a935b50b9bc019e;;;;;;
adac9a3b397f1b30149aa0c7d02ae906;;;;;;
a35ea8791c8016064c6067e19647b366;;;;;;
ab5e89ab76601afd9e1612eab728415d;;;;;;
a6ca091e4a20ff19de0198903c6116ef;;;;;;
a4c328dcc61fc7320aeb1497438f3bee;;;;;;
0547f2dbb7fb2439c00a14fda70661bd;;;;;;
e74fd825b4abc09a053ac483ace6de0c;;;;;;
f40bc57c31cb62559e0031ab78415520;;;;;;
59d9a0b838890905873c243db7d7e419;;;;;;
8e83ed6508de02e09dcfd7237883a440;;;;;;
bd53deb46adb4c0e51d96393f11f6317;;;;;;
e3e65b382adf3839b1bfe51c7df66aee;;;;;;
3fe301c8ab61c3b3de64b29473a594ac;;;;;;
c34b71b89f1081c583ccf9d76823c91b;;;;;;
9ff920ef2f219ffd7153c154e84fc687;;;;;;
a05ec64dc94a7f17724facecdbf7ecba;;;;;;
c7493295910fc8e548452aba3aab5b47;;;;;;
dde95ac57a94305c6e7d97f1d14c96e8;;;;;;
cbf63851885ecdd4bfacb88f8532d40a;;;;;;
2a3205b801f45e1b1086724611222325;;;;;;
ea5a282034286dd23fac38c1422cfa59;;;;;;
641d7dba2e26319864caa90ab0b5fcb8;;;;;;
9f8a9c3d8c42d224f9f56c1ef86822d7;;;;;;
410071fb06611850e2b9f5a11aeed7cd;;;;;;
49a8d5766db726a77368d2d62ec3a2e1;;;;;;
47b74c12e6b4e81ff4503d5a69fd6f24;;;;;;
10ae5cb2a8929e3d6ecc5dd0ae184769;;;;;;
017d493668fae96c09651a96d9d17c0c;;;;;;
78ba81e1b8949546a89cb84d4fe515d0;;;;;;
cefebfc20d953a00b9504f7c6f51d747;;;;;;
da53483c000833bb19adc0c8f1110eba;;;;;;
7e63a73cfbb67fa335efa4d6eb2f7c27;;;;;;
e37eac4d24648171f208a95332a206eb;;;;;;
8c5e2943a279b88f111cfce0ac32695c;;;;;;
dc9f7eb9847a9b1b4c6decae33a57b97;;;;;;
ba24114ea62a8525c95e6b5da6220f28;;;;;;
235524a8d8a881b8a9f5b559568f300e;;;;;;
4cd77aea871817d6806c36433b068726;;;;;;
bda2e3f947a9fdb3ff9de7ec47c839a3;;;;;;
80b854bae6884e68aa3a1365ea60c769;;;;;;
4519d5d6194f1fd8ae4e0911b93115bc;;;;;;
14ec1063a6d98bb0c5d6eb142ba10c19;;;;;;
806155b17264cebfe4db553ba72d02fc;;;;;;
b6a27812e90c54388d8fc703c094299a;;;;;;
48da32de94454dc3173a5637fba602fc;;;;;;
ed10294c3fdcfbb06f98a8b32ba4443c;;;;;;
c8076a01cd449f8962c70439b6e5cc72;;;;;;
9ed21e2bbd9bd013988d0a8e1e6da7b6;;;;;;
605922927bfe92bb9039b4567f9a03f5;;;;;;
d1a541eab98c24d0de68fe03790d7c7e;;;;;;
c80516af83c214a4e4b4b023012089ee;;;;;;
f4cc6c38576b7ec49d090733c76c781f;;;;;;
a04ed5b7ebb43c8381052ca0e201d337;;;;;;
d1d4d12dce968c4dbb049295c04e7c55;;;;;;
1b474ce5869dd6adc4ef59cecca3e5d5;;;;;;
b36095160ad46b11e3b1aadac774b1a4;;;;;;
6329f23650bd2a48abb4cd05cb9530b0;;;;;;
38bcc4a71df67c37ba346e6199b2ec06;;;;;;
ab953283cf8ce48955c9e22cdb6e7929;;;;;;
6a84367fbc938b04807894cd1a02a6fa;;;;;;
d3590ae4834f4e160db616f6a053b3c1;;;;;;
e15198309314a6ecc932c17a60385a38;;;;;;
b1a92e378c57e32a6ee43d715a7b6ff5;;;;;;
3242a8e32e723b30266e67613e8e6b42;;;;;;
eff5ed454cda27c879550953386f7e87;;;;;;
80e5552d1eb93e877ab7d7825af61910;;;;;;
a641d406f93bd50fef2ac33b3400dd43;;;;;;
4dcd12f39d5e2680b20667c5ca53ac54;;;;;;
80c161e9cc3b57d17bd51d6268468b7d;;;;;;
1e52a6b00c9c474d25ef9f064bc50975;;;;;;
4e68ce38564b2f780baa8f915e82728f;;;;;;
fbd9179ba186d4e7c46bfebc3dbca0b5;;;;;;
91b7a9752e727d1a135083cad7dee680;;;;;;
8f759b44fdda83e9c9fd75680261f867;;;;;;
b37faa314d67463f547ef8c8ca2861db;;;;;;
e51faf91a9ca98489ac849441302c529;;;;;;
b74b6047612740e6d0b58d1fda4056f6;;;;;;
ce2bf34cdb9e0836d4d7ae2ef2b20e45;;;;;;
074e64e16370080330ffb3a2bb21ec38;;;;;;
2d2e546221d67ce67f1bc2f232c1207e;;;;;;
9113a725d0662a9b4ae3808f5ea5871f;;;;;;
baf77fc9f4030d2b267a3f1712888a51;;;;;;
ef41c1749225629357ca4cdd1da24dc9;;;;;;
9de578310a50f5e5133430a3ee07ff21;;;;;;
ed1a59b837ce71e4294f3713387be9ff;;;;;;
021676a990ec004fb0358a6d5af2fe6b;;;;;;
1ec0b378cfe6cce7a4c297046a6ad499;;;;;;
eb74529182c5424ab9b8177abbcf8112;;;;;;
d7c559410e1c1bf66c43ef71552de650;;;;;;
b012f009e78966bef434cc0c8f04daf5;;;;;;
6dce8829d894b89139249e99dd4e241d;;;;;;
683623851858d837402b5d55dde77979;;;;;;
dbcf86d17f0b80b30a755e49cecce10e;;;;;;
6f1ca47eca572507aba11519807aadf6;;;;;;
c18b900d6842b9dea3f33da7047223be;;;;;;
e0f7367406d93b91ec51f2e65aa25b49;;;;;;
f4cbd335c0cfa0d09b5052c531effef2;;;;;;
5e7428712a5de5c8f5eb04b87986bf07;;;;;;
c39e7e4efa69d2755c02d155c7db4846;;;;;;
bbf438a5a7d6496e443a932f3fad6edb;;;;;;
e1c07d9aa5338c3cb3f44fe725a59b83;;;;;;
79c246dc9e3d67f78ffc1734f7885f92;;;;;;
3c9f6e090ddbd9113ef1a9c11db87c14;;;;;;
cf463cc9906e4e11def5bf9f4e6fd03b;;;;;;
717953db6cee8f34520c3a3e4225fe35;;;;;;
705b7047ed9cb175a9eaefb121c6129a;;;;;;
fbbb6744fba13cdc15292c6cb773b715;;;;;;
aee28e896ec33d54cf2f54099716567a;;;;;;
58c9564ad3020d18f43eaeaaca122058;;;;;;
cb34c93ddd8fd43479d85afe35c17d05;;;;;;
7833a6ff6d00361b7d68a5ae74d21ff4;;;;;;
1ea64d20d6d0f09ef3ceb5d4d6d8a782;;;;;;
1724342af67aaf4413b43ef6a9886353;;;;;;
b637fe4cab49492f7e9f47fc4d0f4757;;;;;;
1a7b5bbea4a89d0b01d48b6600fe4330;;;;;;
27ef1629901d4941d4def4d1884aa475;;;;;;
0d584d5ff5be92be8ce511801c43719a;;;;;;
1ab83f82cf8170fbf72a2d07ff66a8a2;;;;;;
04b2f42fe83e5ff607d590fe75685ad9;;;;;;
0ce0e6ac9cde90b69a3078963f6db65f;;;;;;
51f0c0d5ca9e919fca814c60d491507d;;;;;;
7f46155c918fb5301095abb16575da20;;;;;;
521930e8ac03c65aab935effe87388af;;;;;;
5cd7546f71b835642c66265a7c5c42b3;;;;;;
ee93fec18c146d7458a34956736e5b9e;;;;;;
dea1b817363da6ad0b0b0836ce112a39;;;;;;
0cc99c481e202648b2e3651bc10a84bc;;;;;;
b0945d55502856bc22eca4f3bc50ff3c;;;;;;
2001f8945082cd0f121fff8f3f2c0e98;;;;;;
9b03c4561c22cd0e684fc57b7e9aa70b;;;;;;
f443f382645a0c7d716a8ee1327e5743;;;;;;
f067d53b13d56149f36f34bb1f0518f9;;;;;;
e12a28da4bcb48ea27c039d258a4df86;;;;;;
8c7dfa7216cc21b47eae95f536c9c9c3;;;;;;
da9eb6236d550a5d98356c0ec479e7d3;;;;;;
9a3e2d5300f80b91a8c5effa769966e1;;;;;;
8e3e51fdaacd45948c1d3922678a461b;;;;;;
cb20d83e2db36b973b53bb86d105fb6f;;;;;;
e2a86b032ee60cbe2805d430f035b160;;;;;;
fdbadb9546009f39059d743469fa430c;;;;;;
5c24ae786922a8540696c9cc4908d3cc;;;;;;
0f4780631c9bdbbff2036c08b5d08fc4;;;;;;
82261f9dc8d5bc40e0eb747e403536df;;;;;;
675ceb83dddbc661534f7569ebcefad9;;;;;;
a3d95732132e7c6c130edff976a20f3e;;;;;;
f3984d304a2675b3db48505c9abfddc8;;;;;;
69bcc1cca7dc098990be8cd830680e67;;;;;;
ba6b254ea469407c3065d6a724836209;;;;;;
e19d8c3078ba64ff062e728490b21990;;;;;;
df2ec4f3bc7799f2c1b1bdd7e9ba9938;;;;;;
2548fa4bbed3defe181fa17374e6f5a0;;;;;;
f58ce2d34ec21de50cea8423ec47d5b6;;;;;;
57ed42a2ecce56df9f7ce6bc5d6c4c6f;;;;;;
560d69e311c36b718c000663599777ff;;;;;;
b6f197be25fe06af0c63f5b9182a4ef8;;;;;;
1577d650a42d47f9faf88a26b005bc1b;;;;;;
8dc4c7005271ee8d44f2338a291fc32d;;;;;;
f11c1f4999ad024b87a0d786a64e50ee;;;;;;
aff4b7accd96fdba10e75500b19c678b;;;;;;
2b5cc836428db5839b66305a8e5d7b97;;;;;;
ab8e3fce8484a1fa1523057a50db60cc;;;;;;
41b23eab9ab263ac66a855416d36da79;;;;;;
ef40231e93466225bafd723e3d75189d;;;;;;
9d7cd5d985304bf71880d8dbe9388565;;;;;;
7d03e2aa3326524443d27172b9450932;;;;;;
2c730ad53da094b8405230d47ae894ab;;;;;;
60b0aa4a5d7013f083c6baab862ba277;;;;;;
f819112137fc6e3c32990722d45001cb;;;;;;
e3eab157cd75ce86aba0a514f5b6b5eb;;;;;;
0c395a204cef1d49533f9291585dbdac;;;;;;
9f524e57d26e22793c2bd3da3763223f;;;;;;
612f3b3bb3de7c2168b246dfa2ae6a52;;;;;;
51296e6b928642962bbd239b6a2bd94b;;;;;;
927632ae765ca9c6ce38eac72a6a1209;;;;;;
9455e13eff9818975619ace27168c3d4;;;;;;
2fb10d5f6a475990cb13cbc9c4ba8246;;;;;;
ec06453397a90b1da17cc2321d538f66;;;;;;
36f7cbf2f34f1d3bafcf3ecc1c44824b;;;;;;
5a01ad7b22befdd4e6accae3a6299541;;;;;;
63cf95611640dc4c29589d72d8be5ba7;;;;;;
e0fe64f87c1842d3c8e4b2087f1c8e54;;;;;;
4f681c161b7677620cb9ed2bfdef7900;;;;;;
b964a38080dbdc63ab027c69e4c92176;;;;;;
5bd8ed48cefb75f353ce937ee182d842;;;;;;
2b2f73cbdb0b591a1441209a175bb0bb;;;;;;
8635ba9bae6e5cf5b3c6fd578e3476bd;;;;;;
13aad93c78ff73fd4e7b94d1a0d5080a;;;;;;
936ddca1f7355486f4a2ab2b0aba0573;;;;;;
58888a72aebe6ef7354ee596d28508e1;;;;;;
991ba2b804778a24f95dbcede274e187;;;;;;
01d3e7f487e34fe71946c373f75ffd81;;;;;;
f64739909eac49af0301053fa0514e3f;;;;;;
4b157b3a357494763f8abb4ca8a22de5;;;;;;
d68a979b3f4129975da46699aa91338e;;;;;;
97e07caec3e6bbedb35a30e2ac5f0a37;;;;;;
ed26527b5f3d2382da4cf7f1efe02788;;;;;;
fb93b58bfecf61a7e07a39e6cf9b7ff4;;;;;;
a72088109f9231cde7edb2f0540ac78b;;;;;;
fe4eb13e8702b3a1e3b30c4b0631e42c;;;;;;
5e04eeddad22ac2512fd68f9e045774b;;;;;;
bc93dd15662678e4ff88530d656a15e8;;;;;;
edaadaac0b27c40d6842ed247548c103;;;;;;
1da2b967dae022670d86036ae6a07993;;;;;;
6014d8263a407800aec8383848f2b470;;;;;;
42826f79dc6c695d193aca3e32f8cd43;;;;;;
3a1365b445e84ff71f5c0d630ba52988;;;;;;
003910095dde345e964851f9275bf490;;;;;;
851879d4ad6e1305d52ccf9ebe4079ee;;;;;;
9900e28d338eed53d3829eb5d8333e7e;;;;;;
db07cb69f2f6aa7ad6ecddb79af75b8a;;;;;;
84d1c86eab51ac4260957dd3fa1d91ea;;;;;;
049a7ec4287c85d102e6be7c75a49e1c;;;;;;
c09adbe2d4fc11b4069b2cfee8654c6d;;;;;;
1d38134dfc934af68f42849ca18f3890;;;;;;
ad6df13fa471a2cfda8aababcdc6f554;;;;;;
b32ab5a4791b7bf2ef5fdc5850ff8bcd;;;;;;
b620a2a49fa79662fc23ff7dec393402;;;;;;
8f2d9d42df078541b61a13ae74beff2b;;;;;;
79c64a061817d82ae8d558252647f9f8;;;;;;
88bd5ce69aadb104e5b45bb0e1d14525;;;;;;
45c80c3578cae61ee7f4eb225e748397;;;;;;
d291759bf9a0d9e94198ff88c7a7b70a;;;;;;
c91859633017ed81065373849aa8eab7;;;;;;
adffa0baef26c1f1dd78ace8987286ce;;;;;;
a8943de77b5a9d04a6add83c3f7ad5ab;;;;;;
1c0e0895bd3d23af1e4b8e0304c154eb;;;;;;
d15768a52d7abd27fed557ca110f7875;;;;;;
7fcf94c6ba5fc10c0d43450214b3b8a3;;;;;;
d4905f44e8641afc6a4adc0eb6788828;;;;;;
023ae22e4282033a37b996322a60a806;;;;;;
87cfc1e73e91a9b4ef16d445ac16e1bc;;;;;;
c869ec71f7ee541ae734b19d997ecd22;;;;;;
e0db02792b2af399d54802fbd45752af;;;;;;
9f1f948ba8d39563b0e201dbe5d665a0;;;;;;
930f8151269b34de0fa09f6786347101;;;;;;
3f8913c82a764c6d2000317cedde852c;;;;;;
cb38e3c1e43931ac211e082f640347f8;;;;;;
fd26092cbb1e10b3a6d2020b17cd64cd;;;;;;
f7d3c1746b668c5e0f59b4fe05472972;;;;;;
9942c8cb5a943870be0e68e5a0738c74;;;;;;
31b471cb6c052074cc96a1db078be72c;;;;;;
39cc632a89b49adf5b00eed5421b6b79;;;;;;
f61fff46438f18f91e2c7ecc0d690064;;;;;;
d898a87c94bf8cd3b8c5127a431721e5;;;;;;
453ae3bb31f44fb5e6edf4797d587801;;;;;;
9dcbe59bab83a27bdbb36f1f56c6e511;;;;;;
ac9e7bdc91394ae0bce174c741b02f33;;;;;;
ef84e734e6c2ac47c470b535d8c7c688;;;;;;
e042820137b9073ab85c3b0d42bf8c3d;;;;;;
2bf3e305d84e920049f1dd7132f08825;;;;;;
dff252d65071423986e18f269110c858;;;;;;
7d4e6def6485b80d431774f77b465166;;;;;;
93a557ba72c3edef8cc129760e5b4a0c;;;;;;
c21557d8eaa3117fbbda094b1079723b;;;;;;
499a4177dc11fa6c4aa0363a8c4d7870;;;;;;
7a3924a4938fa664b263d87638c8a1fa;;;;;;
9f6157db97df9d63c639039ab04225b5;;;;;;
64c092c232e94c12a6762339b1174441;;;;;;
b525aeb2d6c7960a7c83e3a3c45834f0;;;;;;
f22da700a3e4620bc6bf41e743ce41cb;;;;;;
ef9adad0ccc7c8809ced60b305aa622e;;;;;;
2c241ae796824528a385bfe7c47a2b11;;;;;;
484dba663a78e4cef2708f2b47caf500;;;;;;
ca418015da4e0613fbd880b30549eec0;;;;;;
d0f6199649aabad8755b53361922c9ea;;;;;;
5306b267ee54cf167fd7917caef4c7e6;;;;;;
7f63524466f87696546d14f360a49a1c;;;;;;
94300c645d743c1d7d627fa748764b65;;;;;;
00ebe61dea0cac4642d91cb6c057ab7c;;;;;;
18c35a7f6afd034559b0762ce34afd3b;;;;;;
f83aa288446d27abb6b5c0902f0b0c44;;;;;;
3b17ef24009e996468cf4427abd35f81;;;;;;
a5cfb7ff715fef3a30ee310cf79beb7c;;;;;;
28bd631035c2fa52aa4802038817aeaf;;;;;;
e8d61f129d69d0c70ae3e87b70b29c0f;;;;;;
b50f175885da01d3eea5a410a21cc83e;;;;;;
0b6d9cf77ca90a6a9abc734285f90c47;;;;;;
3b35406358f8faf3fe34a5f3eadcf7b7;;;;;;
922bc56dd10282148bb671bf932a0f10;;;;;;
d4ae66ba1143e4f366a01e3851351c61;;;;;;
5fbf332c33025c6e413bd8cfb82bed90;;;;;;
4858d6bca18254f0c1eca49bc0936fca;;;;;;
ec692d2aec98ecd8aa8b2e434d2a016a;;;;;;
0b7b4242b5380b4d542e51bcb35eed82;;;;;;
d84e75012c7ca320f29c13d672f27978;;;;;;
e91dd5c4f12f462612d707b02267b06a;;;;;;
4725da4bf187390e6cbaf1e32006522e;;;;;;
d8c6464324987f0d513cf474ddf5e884;;;;;;
f5a3312df9b77097a5d1dc2ce0f4306f;;;;;;
494cafc423616e09907c9a41ce1d13ec;;;;;;
c93042438cd5cbde8f7d458d4df49aaa;;;;;;
d3eef7adeabfff68d1ab50ca80a32a10;;;;;;
2b0406847042eb25616bf8aacdca5799;;;;;;
aa41d60764c6877c5d7c24aaf3533c98;;;;;;
034e0d692056340e1da82feb5350d42e;;;;;;
562eef5c6ff5a7a7979fa2bf803cddd6;;;;;;
633e9b4452100c2b4fd9025730e0359b;;;;;;
1cf23cc67e2834fc8718d035186ce80c;;;;;;
690526defaf9cb5cf3b7d41b7b28f634;;;;;;
f22b91d005a3cc9cb827e801ed9087ff;;;;;;
000c04519210d2ec6d4e8e3d2379cad3;;;;;;
a3ca176b93ede1da3217a6b6b0caab4d;;;;;;
7a47e48f2172b271cb9be6e8572e2867;;;;;;
aaae0e577cb1c144657f8304fc1ae97d;;;;;;
8b4bd63fb08613b3f43e39c6b485adb4;;;;;;
017ad812bbc13cc6d1504086a6c8706d;;;;;;
9ebed1229fad26be0f01c357ce32be5f;;;;;;
c77a01fd6cbdd752773c92bbba27a84b;;;;;;
1b0a1d309ea6063f987a4a3aefc554b8;;;;;;
7c1b72e9c6a8b5f4aaf64ece062c11a1;;;;;;
28b0c64322ea16eeee81fc8f0f4ac0df;;;;;;
1b9596962138994cf5fe1c6addb30722;;;;;;
5019dd9948215bfa6d37733968348b23;;;;;;
50f48ef961d419da8ff542d8b180937c;;;;;;
39503733b00cf457bc2e4d99ce58aa80;;;;;;
39f1d614c7673d31e3959e59ee7a6371;;;;;;
104d50a83accc2c8e2c883acd4d2021f;;;;;;
9811eeec7baf7d855845a0cb88e1a8be;;;;;;
e189f1c0aa07b1cdcbc28adad6eb9ea6;;;;;;
7e71b99ae3e384ba10e712aba1e8a28c;;;;;;
4ad351a636165871f3ef6bfa9f1efb32;;;;;;
88dd7e0aebda9a7e2708567789a95e80;;;;;;
672adf56e5972b0d68c99d52783dd49e;;;;;;
fb1c8d320a4537f91fe5ecec4d707c82;;;;;;
ce787f1ec4d52adbf1024f732ffb9de6;;;;;;
42e9ba5dd34a9297ab17c60922f511bb;;;;;;
5910a81d1fd9fbe4d038fab50c30a781;;;;;;
398bb5a968bad80bea099dd867032b10;;;;;;
ad453a6fa1ae388b82ed42830d71783a;;;;;;
cd25f751e06e4213276e51f81d6572b4;;;;;;
70411ec562ac2e6550f09829eb5a8260;;;;;;
db7dc6539f424c8306322b74a578257b;;;;;;
f604a2afe0a0f695f41b08d56ba90c12;;;;;;
ac1cb286b3b37e7e505ec439d6182231;;;;;;
b846ad9185c2489b09c02e4f04df429c;;;;;;
f648d514fe2bc23c70a62eb5465da23c;;;;;;
311ccb81888f0c6d69eb4e00286bf2e1;;;;;;
316c3f047f1037d26fff6ef41ac5163b;;;;;;
2cfb9d71545ff286bf803a5794d3bc70;;;;;;
347d2ef565437d01231796833f9d7d84;;;;;;
c6339b3d3f48c4866898aa2187a10a95;;;;;;
eeb9c61506856e4791055547b5c5b43c;;;;;;
345efd895033918ceaaf88233c13dc3f;;;;;;
379852076d6b56fcb973bdda65cbdc0d;;;;;;
a4b72b5e297b5e89d27c21726226eee8;;;;;;
2f0ea56ec6ee7727b96ca423edf58945;;;;;;
fd1511ad91e4fe192ce55453f1b838d8;;;;;;
bf6c854c9edd2ff8b2170da7280a0cfc;;;;;;
5c171e2ce78896c58c98bc5b0cde1cfb;;;;;;
05f668fed2053d33bf8097aa23e27bb1;;;;;;
66237ce29adef724301aa1db2e84ce95;;;;;;
b540bd1625be07233070e1a3e5405a65;;;;;;
bd61b9d4b6beaf482329d738d3405be7;;;;;;
67e103a8850129e80d3def8f5b1746f6;;;;;;
507de1364ba21b0b7f2c6838712f014d;;;;;;
e4ac27a15d6d8da17cff7f6c49da42f0;;;;;;
f0b51dee8b8541c466fe880b605cd884;;;;;;
41b959c5bc451fbb8072ef1e221260cc;;;;;;
429a71d5a249121694d488bb51e93c84;;;;;;
fd260a9ba0174f98f27eb2b7468abf09;;;;;;
ea6a95df8b5be19363eafb75d0bde4b1;;;;;;
d54f4e239ce3bc6e7a55e389fe39b97f;;;;;;
0188ab7784ce7ba476fb5b11dc63d8b2;;;;;;
04e3fbf90b56653dfcafb03432991e8d;;;;;;
589bc08d2ba20f5b650ade4f54dec8a5;;;;;;
8d861f1c6d7803cd8f8a6b0885ea7bd6;;;;;;
25cf2118cb387401579dc4a284a8d127;;;;;;
a88292c35f127fe13fdd3110e2bdd922;;;;;;
a596c978c3d873ef55e7b251ef4d3f47;;;;;;
7b765cce65f186da9351b7a3814c5eaa;;;;;;
865df5b840f3190e34c18ff64c5986cf;;;;;;
706f799f5499517c120a6138bcda4fb2;;;;;;
302ab7fc20fde90f9b44de9b317d2e71;;;;;;
3c989b307c8b46ac52e646caf221a2a7;;;;;;
a719517249a5525803ca55988d051b6b;;;;;;
52c84798a03f10ac9ec746b444ba9b8e;;;;;;
50e78759d54ea391c9707aa2b70256a3;;;;;;
798c1311dafd0c89ec9291807772775c;;;;;;
d02e59727caad5381087246445d62900;;;;;;
74bcffdef631fc038a60dcc55e51b3d6;;;;;;
9264d2df2dc40b705683bcfd0aae34d6;;;;;;
89be80dff1466a11fc4dba91cd3eac05;;;;;;
62bdfd76e5a764474548660df7e41ec0;;;;;;
826a6658837e94e8b94351a9a8e5483e;;;;;;
2a4f4fb43aca3d38aa384313e7936143;;;;;;
b1bffa1b9ca8d10c87994a301abc9cee;;;;;;
40f8d881767543020ef6c4807c505804;;;;;;
6d1cca5a71b67555bfd08ab3b8126080;;;;;;
9615d61962ef753f3c6cbcc0fca797a3;;;;;;
14af47334714e2566071c0d5b3995c9d;;;;;;
0f23cec49ca53ebdb2d58f828432adef;;;;;;
6a661023e341c9d6e25dc1d7a223ac1b;;;;;;
cb49a14c4e4ea6ef6e9ba2122c22f339;;;;;;
7c34aca7a862b0bacd9315a00286d42f;;;;;;
4f51f436cd89eb326bee903631608c20;;;;;;
156e96cbbea3476338086ae82dcaa504;;;;;;
86cbb6127dbc6a12849989d6b502d24c;;;;;;
2dfaa3d9ba8f117cef384e52ea987b87;;;;;;
2a079eb843874d6dec082bff6d7d5c95;;;;;;
143d926094802167a23f6086a6b4ef6b;;;;;;
3ff005a17395efa1723c4500a3a5c510;;;;;;
6bcea9b9cb924bada58dfc6b58a6c38a;;;;;;
b13218c4052239b64401fd44006c153e;;;;;;
f072111c0b8589df3d3a0ebbd5a7fa97;;;;;;
8f6d15cfd71e4e2b67d5a7f07f09f2c3;;;;;;
ac4033f0c1954a2754a3fc41c788e1e7;;;;;;
9765a500168048f18c7b96f543cba4ea;;;;;;
97b1b9c2614793bf594408e9818439b5;;;;;;
e05978d0a41e49769daf7ce95bd2c753;;;;;;
b891178bc9866af22c6f2e5b070009e0;;;;;;
eaf7baabb90f10e4dafc31fefc509ae3;;;;;;
081318c8ca2d33a4fddc643df8aa88c2;;;;;;
6d45693a249ff8f2049696ef3798e597;;;;;;
d294623865d40bab7a2b83716f213207;;;;;;
7f0c83cbe7dc6b897197ef01d6b3c482;;;;;;
0811f019773ff1c831b53bb4668e3d2d;;;;;;
1d2bebce57b9587bda03d495b1a5b9d2;;;;;;
34f6d2143df516480213f8e3e655b0b5;;;;;;
c0549f1d93f5dc649a08efc7884aa85c;;;;;;
7e09f4b604ea02c2f4fb37021a2842c8;;;;;;
28bb52f3fb3b9fceb0bae45fc24bbc37;;;;;;
8671ce41364d7c73fcd5209a0b2115b4;;;;;;
0975e2f3d15ef1c8ee3e4a3ff84b3d5e;;;;;;
fe9414df0899339a07b35fb3f1f434f6;;;;;;
d7c35d8f5a0a90ddd0c48cf2bac9096c;;;;;;
e87e54609016ed1f71784d7855165a3c;;;;;;
1e35a7e3e1d3b5dff8348ec48bed7208;;;;;;
d28018a1141ac235bdecb65623a57aed;;;;;;
660fc91111a5661999c0c1f80013c8f5;;;;;;
615b25088cb687c5910d3bfe9c8d922a;;;;;;
be3be3c2b02b514e773badf5d42d59f4;;;;;;
bbc0b6425ec3a82f21283f81f12c4068;;;;;;
bdedffdb864dd82871d37f87b2eea87f;;;;;;
90dc1aba1bf6d114fb10beb557803ed9;;;;;;
e3e25ba14dfa357fb661f88a84548e47;;;;;;
89adbe2f03496d84e31ca3c7067f1ce8;;;;;;
0b9fdee381202f72a95e04e91e093fca;;;;;;
d50daf1e05c65664f134611848700d2a;;;;;;
e5d325b5fcbc346e1c9ccdccb7d39e78;;;;;;
498e9011b17ae2e60ba99133af25c927;;;;;;
0a80c43f0594c5052da3d1841fcc08b6;;;;;;
822e80d23b9e7d1c9e943f3cb76790c0;;;;;;
f9c48df4257e51f01e2ca4de9b814f5c;;;;;;
c35b9648f894c1d36358edf7b9bdbf6b;;;;;;
ebc3924bb6bb950534b3f675f1a4c98d;;;;;;
229e431e3d4238e29fe43056bfff7071;;;;;;
a3129059ecbbbb1caae92d84fd46ff6b;;;;;;
21c9fdbac246efb59de225739e8f6808;;;;;;
4671921cf5994cfcbb599d30874d2058;;;;;;
85ce606468d71c5035b46ca111db2abc;;;;;;
822fe7761074cb3daf381700fcbe596c;;;;;;
11271f6cb331968817ec32626e3c990d;;;;;;
2f2fa26e4b04a06cab7196b748e9c5f4;;;;;;
efae7acf914955a3191bdac450db8c66;;;;;;
ab43a3909c98f83c9b82ec5bce8a23bb;;;;;;
9ea47a34b232c4ba5b93e0a40d115d88;;;;;;
3cc26d9b776402ab8274e30a39414532;;;;;;
fbe4b8841a766273e58f6cdb69bb37d1;;;;;;
ccd5ca303261201d2e46b874dc642832;;;;;;
1ca9b7044106a20953f2db2153ec8db7;;;;;;
a1c478fb8aad9f2962755a0504053c57;;;;;;
eafdf704f22235d5d6743871948e78a9;;;;;;
00c98d39232e57eb42c7c4960ac73370;;;;;;
945092e7873050baa27793e529a47bd0;;;;;;
c8ea8d6c193ec7a7eb086c8c25a3546a;;;;;;
d6e459d957ff7215fd04659cb7d3b4ee;;;;;;
7f8566fdde5a41ebd41f2964c6c40c95;;;;;;
a2cedb3e3614717880666ea7ef266875;;;;;;
197e6c6c81f3a7521a3bae38124a026d;;;;;;
a488259fd3845f24a9ba5f086e38a726;;;;;;
e9d18f45acf9ab772024238513d6f98e;;;;;;
30db71c66670890493a85312a6aa65cf;;;;;;
cc4703267211645276388c2a3bf8fdb2;;;;;;
64b279ebf804aa24e8e21694fcc3078e;;;;;;
f86169fdcc0edb075009b76248299c04;;;;;;
68d345a78ab878c653ee79ffa42f6f94;;;;;;
1599ed3b4de15422922030b7e8fad625;;;;;;
0ddfef91e3ba0bbed94ed722da41df6d;;;;;;
7ec795484ed7d6820fded926e5333c19;;;;;;
543db7d94646398e00df3d6d97bffff4;;;;;;
f7f5ddb15cd888222c9c1a3fdb53222c;;;;;;
2bf4f6a262b5a025972e9db52d0eddcd;;;;;;
1a0ca6341d6dd560e65a0619d0aef3f2;;;;;;
620df2425b215a0fbfa98c4adffd5c15;;;;;;
b07d0c3ac1fcf0b0a2d133dbe25a5838;;;;;;
932c09d30caafe545bc05f7b922cffc4;;;;;;
50e4ca32be7714ee0b0447d3dcfdbcb3;;;;;;
d6698491a6e0f9a8c6dee405fa507570;;;;;;
6fe997d6c8e31a721d816adbadf67b8b;;;;;;
c700eed3df482aa6ef41bcf807643c5a;;;;;;
0fde99b0acc0481589570a083658da65;;;;;;
bea2d6a2cc59e55108696d5441f08fa0;;;;;;
204d9cb29937be676700026e17953031;;;;;;
a11c551918fef2704ce8fa5ff00cf578;;;;;;
e125920f6170d614aaa10a68c8082975;;;;;;
be3bd7bb1a7b2b090bd306ac038a827d;;;;;;
202cef955866b974fbf16be90c949438;;;;;;
347e2255b7a5cb34ca3d62e60803a3bf;;;;;;
fbaa03b48bfb0e55e2588bb90940944e;;;;;;
aa03d47b8b4ccbae6d4ea0607d1ab3b4;;;;;;
a292ab723fe335543bf7590f243d97ee;;;;;;
982a00f806e563b94ff6b483bf25763a;;;;;;
0553124a86096d5622b7ccdc8838af78;;;;;;
d3c713a586480acbab544440e503b505;;;;;;
6f813164e2ac866aceb59aa81857123c;;;;;;
2378cd4ca34da76b8b3cdff324b667e6;;;;;;
38885eb6ef1c439a6e6b33c18325cbde;;;;;;
3bfe451843177a0cbc66415bbd0dfd15;;;;;;
ef72306d3f5b7189fe0af135795b610c;;;;;;
d66a59d2a22cc6ce991928f016c732bf;;;;;;
38c84cfa07f6ddb014e31c992c37af64;;;;;;
3ec1d52d53274d885224111ccd6ac41c;;;;;;
d5c6c262da877c44fac62ec29a1265a9;;;;;;
0eec125d3d11cba3f8b753369d2a070a;;;;;;
e13b25b775b44291f39f450d7372240b;;;;;;
29ff8ed5e2ee3e1de6f7cf78ea505600;;;;;;
7159de7ea918643f336842f5ee081d30;;;;;;
fa570fb3f3f64df103684cfba57f2d5f;;;;;;
794dc788de66a7099171628602169e86;;;;;;
12bb088e27565190ea68409dbcc20d4e;;;;;;
8e2a59bb44a3a4093bfbed9c098befd5;;;;;;
9850e1c1a73548686be78b89482c44da;;;;;;
adc09ba0b09ea76435318c9b60bbc6a9;;;;;;
8e9b472c6cd05b94a3205aecbd4f9ca4;;;;;;
23349a6a2622cb5494c1face0c15a2ce;;;;;;
643701df1fc388d8ccd6d11d69a19ed6;;;;;;
f2d2ad8aea79766e626986a5bdd1e64b;;;;;;
2dbf93e52d4c49344a74e10b036b1b73;;;;;;
430dadcb0a624bd2697a12932b09d2ef;;;;;;
cba7d243ae6f44e2907ab975715f4c16;;;;;;
57f76633d8ce48dbb2be7686242a7963;;;;;;
aa437309966f05fbc2e5fe6af93c2776;;;;;;
4f3765d6f5dab647f1d27db5db49c267;;;;;;
9ffe32e954c95df2899e90adace4c417;;;;;;
ffe862e0119ed22c2c736d95fa6aafe3;;;;;;
9e70998f5eef2bae93ec9aa5b2f5d9c1;;;;;;
17192e29db602ae8c96c7759861fcde9;;;;;;
21faea3632e2bbb3806628b14bc3caf3;;;;;;
342fb807e571334fec7504098d8b9836;;;;;;
78528d7e6a787c341846e6e2bb6ada91;;;;;;
5cdd96e0c781176cc9094564c50f9cce;;;;;;
0f37a0cdc509670a69ba798f41b976f2;;;;;;
2d65633f05f51e5ee2db5b25c7d6a33b;;;;;;
bdb27f13582301f1591bfeb4386a3ca9;;;;;;
b5f34d08a0eb33a94e93700a447c7b03;;;;;;
6de4988a61e395503a5ad52074bc99c3;;;;;;
b843078204b07e788d7135232be23cae;;;;;;
aba9613c0c86d25b8416165698f0c515;;;;;;
d36ed24ccd30625727ab2849bd5b3489;;;;;;
5c3b09c32bc71f909922634f7bcc4540;;;;;;
40cc454b94a2002bbe61cb87c14ffaba;;;;;;
80dffa4e9029604bacd62e9724f519b6;;;;;;
806491f71675c3a3722cdd1a53dfdf39;;;;;;
cc4696b11effc7104930142bbdfc9ec9;;;;;;
6b2dce8ceec95eda89ca3cc458a491a4;;;;;;
29be03509b69264f627a52e07337b6b4;;;;;;
38d22bd72e36c22df15fa39fc1d6a094;;;;;;
01eba86c1fe94a0aa16e3e360bd7bc82;;;;;;
656dacb5abcb751857a8328f05036f95;;;;;;
290448ce5bdb982dd65ec74d74fb00fe;;;;;;
0ea8d73594f775e3e81d1faf300c7ba6;;;;;;
defdf4f39e7229bf62d0a7e0e8bae7a3;;;;;;
23fdc8d24afbe8dac627ca2366d30b28;;;;;;
31b879ddc1671db5579e0c1405c784bb;;;;;;
6c1285eecd9e8537c5163c5ff7b0cb41;;;;;;
7e68230c5ec2ee95e432051cdc6eea44;;;;;;
be82f0b0808c63936e08756f9ba0deeb;;;;;;
00eb6a269bdcc78aaf088b0d770c3b93;;;;;;
3cab768e2024ac5ec7d92773f590e7b3;;;;;;
7aae56729591043ccb9f18912cffb606;;;;;;
e3b85125ac6f9d5a97f74db71d77f181;;;;;;
1d7e49be99e88dc9d0feda484a643f2a;;;;;;
145a036f3af71703f4366ad5ec683ac7;;;;;;
23f2e86fe15baca7c2e7ad1c936bb1a9;;;;;;
50d40c11a31f77298c84fd61978160a3;;;;;;
9c0ce6996ba0d0c7d5307d3e84d650bb;;;;;;
7731426ca60154cc39e33b144cddc3fd;;;;;;
4d0f6ada3ab28a11304abf31423620b1;;;;;;
fa7694806c1b1ffce0f28cabbdd12776;;;;;;
afec2db8c5dc686d52633c8f1f44eb65;;;;;;
c880199c4ddd1ff38b7f8e3b97b6a270;;;;;;
cb92efa4b0e289486fd58e65b8ce651b;;;;;;
f3875680db8545981ab74b2bf65b5a45;;;;;;
760056dcb6cc8fc18b659a91d4a5eb2f;;;;;;
be8c2b6a1acc19ca19ec1ca7fe1a0e7a;;;;;;
5f9559522eea0b7057ba5c4fad88c430;;;;;;
dad73a1682fd402562efbd38fe38514a;;;;;;
2947b563398df314dc140f27a9c0f09d;;;;;;
bde77313f05fc6cb81e9955d4702147a;;;;;;
0baa1db5fc64f250d002c19ce8ffe3bb;;;;;;
5bebf2e6c8e05861e9ade45524b286c3;;;;;;
d801c22ef65a342db36e64969f223f75;;;;;;
4c14aced846bde8202ea481d0fadd336;;;;;;
ef7509ed1e2d54f400f1006c8e65f2ee;;;;;;
1a2ad2ef7961e84a5960c48e4809a408;;;;;;
b6d34d1c6d02fbc466476e522878b2fc;;;;;;
00fda7a8ac2f744e858b114ccf13341c;;;;;;
61352e9e49993a9654b03fb0f89b54c6;;;;;;
93e72c13975e8b7275d1d8d43def8e34;;;;;;
1af23a12ff54ed902683f9a600325348;;;;;;
e9420bf3638fc012393ef78925d99297;;;;;;
e504685fd4db36d18e5d6ac8dd0f7ae5;;;;;;
88772295191049035c0e45657beb5860;;;;;;
ef6a0af2d3d95c8c86af141fd46d9e94;;;;;;
cc90710f95e224e56ab9d651bfb7ec01;;;;;;
fc9761014336865c526814a0f7a79a9a;;;;;;
048d62eb232c036e2dd3572bcff1faea;;;;;;
636beb4ddeb76c921deb202ab1d34e21;;;;;;
511a9ed7df581c75ef919fa49c9e4832;;;;;;
7eb5627551f03fa2de47590fced95f32;;;;;;
a4d20a1fece45620fa2883b822d727b8;;;;;;
aeef80e90ddf45cec55721364da5c6ac;;;;;;
eec54443818f4bf2f97625ca175de97a;;;;;;
e2e6361c4b3f878b31e542aa166c7757;;;;;;
617c310f9506424fbe04e14266e9dba8;;;;;;
03752e7cc48c9dba2099d3642a4b18e8;;;;;;
3c90cf6366e49339349cebaad93cce1e;;;;;;
5afad5d95903b17b26225072770aab2c;;;;;;
12f97563a1d7872405447f021d14b5cc;;;;;;
1b3bbfebc5652df189a71adce91fa129;;;;;;
33e0df8252e3e7e3f60bc2c41c5d9fd6;;;;;;
7344377bba24cbb7e3676469080b2b14;;;;;;
1b717d66d7eb6c58ee2e6a08c608e5b4;;;;;;
702646249704a1864d2a8216071e3ea4;;;;;;
a1c4f7d6cec202f9eaef0c5a03c2b426;;;;;;
7461cae77ee4aa9b9c369915223a7ee4;;;;;;
9c7ecd302fc92c4ca8d12052ffe418ba;;;;;;
c60e0de763e253f4fff808d2b4c1fea3;;;;;;
877c274e1823fece1389bef64840bb93;;;;;;
d08d3dc3c493a4ca139e62444d6c4263;;;;;;
bef32fc99a27517935d0d0991ba67606;;;;;;
fb9be8148aa4c8c4bd46942e4811f146;;;;;;
ffc85dc323ae2ed5d2359ae1ae80704e;;;;;;
e567af70969e86e811ad7fe506f145bc;;;;;;
280744028a8269a5faf30de563ec2645;;;;;;
f6798b755fa7f0403cf3154868b75c47;;;;;;
e14a66c35fbe72d200b9deff7d77e625;;;;;;
7be53c02a18489558e472f8b9648a240;;;;;;
f1b4fd5219c66d531bb582fd6c2f857e;;;;;;
4942f3193bb4bfee5a4468df4a8832b8;;;;;;
a82efc419c5cca8bd44baa831badf7db;;;;;;
a7492c54a9ff3861a742185c87f5230b;;;;;;
40f313ce55d6b4dfad702585a262ef30;;;;;;
a5846da01578f836e9bebd43cbdf44e7;;;;;;
38854d86e8e669292edfc400ec920cef;;;;;;
02f5d9dbeefe54f19039e172a9930c51;;;;;;
8d85ecefd819c09f7072e57444b30dcc;;;;;;
f441cc60a330a2ca55d12471dda208a1;;;;;;
a2407cfc960ed4299b655336835b7014;;;;;;
e1a0e82a3f378e39c26699679ee13c63;;;;;;
2925f830b5fcad5411d8beb11aff5fdf;;;;;;
9d307280c305d26a7569b60814ee8c7f;;;;;;
ac9fac34f6882b0c4ecb4b2f111625c1;;;;;;
609f3b1d5247103abda325dcdde078c5;;;;;;
d57a36219b1e2f63611b3045fa24c79b;;;;;;
83c03daac84848fb71489a307e6c63db;;;;;;
2f7d75da268843736f23d385cc0ba4b2;;;;;;
d7f4155d6be4d8817ec28c303f543851;;;;;;
29fd4df9320eb55aafcaccb05e735569;;;;;;
6c0df92e67807fd05381bf352fccb826;;;;;;
520cc731de88f992a8c72e1397cfbdbf;;;;;;
865375b66c99730bf0c4d4744ec6a99b;;;;;;
2816026ad210edff29d10f1a4154d708;;;;;;
7cda9644ac2c21fb85a898912c664893;;;;;;
03e604f855ee4a9deba98743f29c0d55;;;;;;
34bf524f30009cf00aee9ddd1a52fa2b;;;;;;
0c11c8a1c31b3695e2f27cfbe0161030;;;;;;
073e3868f5cf98117e393efaab22ae09;;;;;;
5e12e3c05b8010379fc48b777e8fd94c;;;;;;
a347b1d3aad281278b401c38dba0660e;;;;;;
8f8b322ebe13743e3b9af83a7b359c58;;;;;;
38011dbbe0b4203ee3135b6f73b539ae;;;;;;
80e3d7da7622fa6ed0f6cd9d888b206a;;;;;;
577a0911750a717b859b1116716f36c8;;;;;;
2dfc1eaa3273b714ebdebb32cf447414;;;;;;
badfc35a42aaa57ce7f9b5d1b829015f;;;;;;
eff80e33864bed70a83372a74581d2c3;;;;;;
3080342c9c3528e3037f4f50a028a5ef;;;;;;
1580159416cfc1bec8e70250c1adff23;;;;;;
88016cb6e64550983294e9b46340df82;;;;;;
dd1168908516bf883ab8d04043cd8efa;;;;;;
bad5e0430997af3046fadd25c20af539;;;;;;
577e0a638538748bf6616d993b07913b;;;;;;
f020c69d6b8a8774d70aa0aa9b2c6cd8;;;;;;
409634427937a788f748f1010c38f8d4;;;;;;
bc72d287afa64e2044e349f1e8c1a619;;;;;;
0bcdc87051d01717bb0356c99c4bf8af;;;;;;
7541ce0182431db009ea6069e06c9e78;;;;;;
083be6bd4f06251bf24428dff672e5e0;;;;;;
6ec07d6c3726e482d3dc1acbb472283e;;;;;;
1be2d9c9dce6c7b127f2f3b449a420bb;;;;;;
bac3d58b82622469076c77cb926abbcf;;;;;;
c5da2d4a16c59fb0e126079b06baec1f;;;;;;
7b8df812264ac2fed11d1c4c4b8097fe;;;;;;
76fb96ff07dbb9a5c07226c37635e3fe;;;;;;
45cd08002b47db64c047869d64a65571;;;;;;
8e27bf6245b22cf5e0214d8ae3853585;;;;;;
6d7e3c8ca36679dc1c74d3d8bf566844;;;;;;
2b7b08f4f3efe7784d5f169f46eb09d2;;;;;;
a177096f266402fa18fbbb1b334f244a;;;;;;
8db6d0d44cc0a090ee60bb2d34d02034;;;;;;
58a1004b2e70a6c753a1a8a8fd5b63d0;;;;;;
d3ea5f69d7a664eebf24b5d25647414d;;;;;;
d99eed02520bd82ae33e60bd51c66ff5;;;;;;
17c8d0865db22491bc4067b07afa7809;;;;;;
1abd1a9cd0540235847c361480ca734f;;;;;;
5c6c3ad38220b85b7482b55ebdb7788a;;;;;;
ea502e592c31e64674b56725935da272;;;;;;
26a84d47912c39635ae6f2399842825e;;;;;;
d4c750e281a34cfd1b99ef55d6feb096;;;;;;
f2c637b0baf5fa8d0428917d666bbde9;;;;;;
74ab55a392567aa071a70b22762ccfd6;;;;;;
c9ef6d1b0feb3ce967bf4028e24d4adc;;;;;;
7596b0ef8efe560eaa165a288ff82b05;;;;;;
e70a25ba3e5bc3cc8645e4c465e11ecd;;;;;;
e4f5894661354e9b36d4bb10ac30c8da;;;;;;
a4b3975caa28780602f7a93a64044fc4;;;;;;
dfdec5a14bf0dece41129dada9076062;;;;;;
85204b6d53f4e78abe58774ff09b1ae9;;;;;;
5c2fa81b3477cffbf8f61b2c4b40ae9b;;;;;;
67e5d6b49ca18d8408d3c1da0d330aa9;;;;;;
a7754b01d4d3bb295061e1218fa9a59b;;;;;;
97f09f84a8b5a996d975b884d8c2f438;;;;;;
02d2435d73e26e023e552defa72e5215;;;;;;
81f694e3632469ef1178db8156c8a76c;;;;;;
c8bcfecc6eeaefceb96c8b18e756e92e;;;;;;
a1103c683e03c64099d0282d2bf193d1;;;;;;
482b1472b83367c90d63f0810ce884f5;;;;;;
c00bc11cbe5b7e9805019537c30214bd;;;;;;
4497ef8f3344d603e256407a7fec6dd5;;;;;;
212023951a88bedd0ffd5040537f9179;;;;;;
3817d653512f9ae05c6215d10fd3b730;;;;;;
7ef801ea683808dfe86e8666b66fbe55;;;;;;
91723dff28ba54de56c8c90332d85b69;;;;;;
d2b2a3ee046c6e73d53a88221767a236;;;;;;
b0269f45ec8a9f94ecccc9c1849fdd18;;;;;;
30268dbda4008703e27fe67208d9c0f7;;;;;;
86008a30b3b962dc2eaa156ef81fa11e;;;;;;
3aca68e3241e1c4e6482e049a5288d30;;;;;;
d93f7f2d3699c3f38a181a6347eda769;;;;;;
0b448ba1dd3f58b8f1a738305dd92d6f;;;;;;
2cd94e6963bcc34643b5ceb9a6a8982a;;;;;;
c52e9c6e0f95683559ecbda4797eb7e4;;;;;;
c9148a91a0280046f11199abbdd1a976;;;;;;
03fceb5ab5444d364cf32fef1ab664ea;;;;;;
597bf19153abfa35672814edc7078ecc;;;;;;
b6b0e2155c7b626f1117e0ed27c49f55;;;;;;
14a7808b3d844de1393625b6e5dba9cc;;;;;;
9b425d590fcf5a81560bd56eab650c72;;;;;;
4582a89bbcec293611a75ec11128e8d9;;;;;;
8dafd4b3a92cd3c6b1860c812290b83d;;;;;;
d00c267e82eae9b663481936189267ba;;;;;;
db279c9e99723f5948607bc454e927a2;;;;;;
960a0679297ff6ec58306cf00dedf374;;;;;;
88057f43af47eb26e01db1575f8f3595;;;;;;
bdeb9ee5ef9e2fbb034910ecf51c33a3;;;;;;
db47d2c5b785aa42cea0be7f6ead7aee;;;;;;
6cf7d5e542987ee6397a7cb5a064b13d;;;;;;
547e0f214ce6ed70f4f60f603dbb03e5;;;;;;
70720f1281e18d713c69367645a7715c;;;;;;
7182999d2c0e9a5e6dd3ed0789b8ca7c;;;;;;
7fd9e3aefe66110c3840dd71278a5e77;;;;;;
3cb5c04a1be1f861e1b51f4611e529e4;;;;;;
a763521fb9162a1459b033782ff90549;;;;;;
89a9e5b78d3e97f1f957fc6c4c1b9c90;;;;;;
106966d01a3dc7e970d140e4dd00bdf0;;;;;;
0c4a543ba0112e1a21ff12cd624c085e;;;;;;
8efc4e7dcbc1e9f25e222241f86a2857;;;;;;
f388610957bd6d313b0ca3da0402ee08;;;;;;
173b0e4151253f91c67dad5fcc514ae5;;;;;;
410ef9efe6762296e12951b4ea91a6bf;;;;;;
6254e68eb64e09d593941978fd2a31dd;;;;;;
912a71bd4fcaca49238522ab4f2f1a72;;;;;;
4b6255e46ffd745840afcb575bdafcda;;;;;;
d3d99c8a95f448a38a6f6258a11c12de;;;;;;
cd5092f0e3d060c3b7d58b8d65d19a35;;;;;;
ea2e896215912bb96c0c3534239429dd;;;;;;
7928b8d81df0f381f306f4197d2ea3db;;;;;;
3d4644effe441830cdc5401f4d9286bd;;;;;;
78a1ae606dab34c9ef2457d071babbd4;;;;;;
52d4656ab8c4beee5cbf27e999c20806;;;;;;
38f897093bdf49c0d78db3bd0a6f8d7f;;;;;;
8e855f6d61bc948c6721cd769adb18b8;;;;;;
962d358c101dd5f8b6673c3f6c3961b4;;;;;;
f8cde061815390cb522b98042651296d;;;;;;
a2e02c3cdedad080c866e27b00662c6c;;;;;;
ce7575b88806d2ac172fe8a119c32f6d;;;;;;
ec0c71943032283f81d8c94f976068f0;;;;;;
dfc92e0f7aa4f5acbf9bae09b3a2835b;;;;;;
a3e232adf5b1148e9133ff1e2d64eb2d;;;;;;
91e3af08d60044c5fb262094ebf74810;;;;;;
df2bde5499ae05452697b46c46ec468f;;;;;;
8ba60899c6e7a2bf15bdb0226b0618d1;;;;;;
256b4dcf4794c50b45756d56a39e6edd;;;;;;
dc3300b613405089a3d560ac23eff5dd;;;;;;
cd019dfd09e6ca54ea78d2e744e3e6d7;;;;;;
47a988556a0d3d93a986b3cec5209f36;;;;;;
17c7717accfca64d4fa31317fe5cea0e;;;;;;
b9d0584aec883eeea952e139c9c8e544;;;;;;
3eb3b2d9fe6f25b62ff275c1b80e3f27;;;;;;
6b83720c240e18d9836edc5c75f36a07;;;;;;
e09b8edb8fc30b6e96bec3e63ba82978;;;;;;
686d420ed8c37e60297555e0b12cee7a;;;;;;
88999bf818b63d57d32dd3a89ad577b1;;;;;;
58b633f0b8e0f95b4e390e96be5ede8a;;;;;;
cc4892438b2c978b022f8dd46f9a4527;;;;;;
e23bbde26f4c0afd0e683f16678c5dde;;;;;;
5343fdf1476ad53caa2f55c72b0ece93;;;;;;
0dfd4598e060f367ed9772f51f620d68;;;;;;
46e903d55d4c33f796c09f372db3b085;;;;;;
00f3a34b3835dda53019720ac062070f;;;;;;
829f66e9712ec63aeae96349175f62f4;;;;;;
73e6f09a95ed6f07bc9cc129874fc308;;;;;;
94b5b3f76cb6de5cb1d924549d94924d;;;;;;
525b7cb2d126747e13c15676f5c35848;;;;;;
2df62e3d43e7f3b5a315e5ce3f29d091;;;;;;
5ee26e813605a36cffc30cf26d08a87e;;;;;;
21655ffc90f521ed6be70d8e19d8038f;;;;;;
da3968ecd3ab79624dc8719368ea3f3f;;;;;;
c367f10d684b5bb77bff64ef3105871c;;;;;;
c9e78940a2331b216caab2c2dee5ad15;;;;;;
ec6f22f832e77df1b32871f15ab8c5cd;;;;;;
01d3b0501ad8eeeb6637dd05e1c1f4f5;;;;;;
c2ec04474c97d733e312d430dafba68c;;;;;;
db7de2ae35b4559e52edd98c0238ce29;;;;;;
c7b2b36b46ac9e2c7072db4b003d0529;;;;;;
8bf0470483657e2aafc86feee3828d23;;;;;;
24c1073f8802e0717dc4aae229000258;;;;;;
be526c73ee30102368cbbefbd078daad;;;;;;
e1fd9969eb7bd2ae51efb79a98b0eb36;;;;;;
01af59b4305a0bbf1c2a896b0c8ba72e;;;;;;
83ff49b4dbb5c601ca4f4a57a85e477c;;;;;;
fcfdccb285887914a2fcb74548de8277;;;;;;
822e6ce1bbe250d4851e9dadfd6cb554;;;;;;
772014e1654256989e8703ac7dbf959e;;;;;;
0c9b29d6e3230b385b1fed024517605b;;;;;;
9be24194d691accf807b40ffe0a16730;;;;;;
c279b9c6906b6fb1a5ee13670357509b;;;;;;
a3c19c75184e0fc91052d914c577e36f;;;;;;
0abec701a2264511f9a97f405aaf720a;;;;;;
b62616beea597a24a96d8b00e7085b83;;;;;;
8b288b8cb2c1ac674d80ca47ecbbfbc4;;;;;;
63210b98191a15e60abe332b1d7bf0d7;;;;;;
8ac4965094b5a0193e3c0ae6d37db54e;;;;;;
2adf45f450f8636042bdf9543e6cf1a6;;;;;;
dff56af832dd3af70888a07543737082;;;;;;
5948e348d753f64b237b73c33aa6de10;;;;;;
5cc208ff0c4e50d254295223d456cab1;;;;;;
2734f368f60bfac49966f7adbb699910;;;;;;
3a57c9d924a5cc5a86f7872f51dd7abe;;;;;;
43cdd8a73659ce8b51b371a5212a4a2c;;;;;;
2388f0e660737ef089b06818c329a616;;;;;;
5b143e95bdebef34dc46cba3cad5146f;;;;;;
b7dc5c95a2047b518326b0115c92821d;;;;;;
425566ba8bdecdc4fa22a650a7386777;;;;;;
b3a15622cead0a9ad7757554a41f7159;;;;;;
dfd294cf370040af2fa7c5320c16feed;;;;;;
a80fa804720a7d59ee5308c0f7504d46;;;;;;
fb122c82a494fe087abb5cb649b8ee90;;;;;;
814d8058c551f0b77b3da008578535bf;;;;;;
2a0bde5643262c049762bd3fb293d13b;;;;;;
2b8c0341f2df0b9a11760f3b80a22f81;;;;;;
88e331c26666e44a257d193e557a7310;;;;;;
4aa77bd1d33135e21cda5433f3c6dceb;;;;;;
0cf739172f2ee34facefdbb2e2d4828c;;;;;;
c5a601e9eb3e950976c260578e5206c1;;;;;;
119b29f1eca6a5d547e8920e4b6ca9f1;;;;;;
503dbb0975643312706968eb15e05a22;;;;;;
11c3103e5c077a5400eb610318bd1782;;;;;;
8833b3f58440cd00db80d6e126852bf3;;;;;;
9d295dab67dcb7d45d244087aa8d0638;;;;;;
35ed10b8d6c579f637cc195c68c391b8;;;;;;
71ce006f24ed6bc0011859263000e37f;;;;;;
fd4abce5fec1c85274c406f2adedbfe4;;;;;;
c7894ff38843e4a7b6447182e9063809;;;;;;
a2cbf48e7d1532cd0c492dfed96648b8;;;;;;
dada6c96b9ea07a9cff0806e907f98e3;;;;;;
36dcf7bed4f39c3d0feb20bd0bf413d1;;;;;;
3e0a0aeae34f80ee3f0a1d0d704f29c7;;;;;;
c4f7850f541aad6ab6e5ebddba07686a;;;;;;
328a64103c10dac5ca5fe83939bf6aab;;;;;;
072ce71bdd780ea7d57e6804fa51de87;;;;;;
84854d76d447e7a25828439726232eab;;;;;;
cbf74d0e84fff17902ab32707833ee47;;;;;;
dd3f4159b0206de2d11dd7dc0f669fa4;;;;;;
2c7bfbdaf32940a8fdb01119b6212f3a;;;;;;
80f09a003946588aff98dd36abfd12e0;;;;;;
52bd0f40a1842af1bed6800c49c7535f;;;;;;
e07ed6b5a65fe4cddd8df2f81e12c563;;;;;;
2050eaba4ca35b7d573067f4d3321525;;;;;;
230c9b3d5b89dc01ee8d17809ff7ae25;;;;;;
866e0ea1f265a3b2f5335bd0db8fee86;;;;;;
818bccb417a0dbd6a21cb791485a3ae6;;;;;;
c99e16989c0d26ebeb52e8ae7f5a64b0;;;;;;
845d489510c70ed93ebf7677fa8c8274;;;;;;
a17490b5733e4100dfccc92e42b48303;;;;;;
c8fe34a85c8bc9fe1cd8e1fada7fad23;;;;;;
e524b1d40e3e0f595329064724a2ada7;;;;;;
707512a3ab72b87b4cb4dc8fa4686c8b;;;;;;
5046383d7ba854b5c438c35b1e4ddecb;;;;;;
4ba4ddcc7e0b3ac3b1c7e9b08207f7bc;;;;;;
d0a0bc208362f0b624e1c0b50f83742a;;;;;;
e87ca614786874ae9302a84d0d2f9644;;;;;;
32c1e688d77cb1eaa192ed368bc79f33;;;;;;
de1be957658bb3660e44aea058384516;;;;;;
ae42457a25f92f5c94996d174c8f2105;;;;;;
322e7ce291809bc44c8ab9e21f4d765a;;;;;;
221b9278aea914c35b6470982aca76cd;;;;;;
de9a4b5f2c152eda07fe7c116e0ad425;;;;;;
8816f1f03109d7480bc197bff2610dd9;;;;;;
202576cf87dc87db2e4ba4fbfcb25b3d;;;;;;
f74123b2dc6ade64685e3705f66bc466;;;;;;
25c53b129668c9dfe30e2047adc8e3d2;;;;;;
5e1c0862b2c019f0459dd81cb76a06d6;;;;;;
9385b9596bccdf5f99cdd4fd54272d96;;;;;;
dea52e8b0bad4f46403c7d26a74e760f;;;;;;
ecb3fb81b3cac85da19ac0dafa91988e;;;;;;
44d616cfcb5b7942a3edb4dfbae1332f;;;;;;
7990f5be5cb45bafc5c781102533a7c3;;;;;;
e845c65ff5c93ac55b2c2ab221899939;;;;;;
5c42b4dd2f8098d2afbc6bccda4d6abb;;;;;;
9720cdd6d0621db92b9958d4b9da34a8;;;;;;
102b9944aac71fe3c87e63f542d49e09;;;;;;
4e2f444987372d9f9e318d7bd2a5e84e;;;;;;
ed8f90f3b1a91aa95c3a7af2fe42ebcf;;;;;;
f338a730779c528fe9e7b231fa20a546;;;;;;
e6cad98fef1142d423ae2167ed58a811;;;;;;
48ff4a9174281e6b0ebc47b4d9b3f877;;;;;;
40bf13676943f1dbf022ee4178c8a9e5;;;;;;
0a998717585e95a3a7777e9341c21627;;;;;;
7712c1e6f4c10750a1524a5e6c6db045;;;;;;
6801c20fccae9bae3aea92bf1f0dc8ac;;;;;;
c95433e62debf3267b9dbeb781c825f0;;;;;;
605d47e1ec98c83e2274a695be191c38;;;;;;
a28ca12a38703d631af155f8d16c2e8e;;;;;;
355982240a1345bd637de8f5a89386bb;;;;;;
ede254146f65e442425d1a602f08d9bc;;;;;;
96665c2087201189a4718122205a1f93;;;;;;
25cade283d81e1904db1cd6d1ffc017a;;;;;;
d256098bae1bb839cf16c0e435009e35;;;;;;
9d41582eb09a9d1e21cf29ffae528128;;;;;;
a8b7f87a7694165dfb11d9d9a4a7836a;;;;;;
67340b22343bcb45a7488aff0dd37b2a;;;;;;
8bea02cacc694dc81e8bb22afc0de56b;;;;;;
7fb3c20ad61fd1e6d50efa971ad5f846;;;;;;
de7378583df1156afbc704442dc0134f;;;;;;
f0cd6526580887d9cd2a39adc27aa657;;;;;;
2b826fb2996687382b7a40e12e8826aa;;;;;;
b7991ed3aad7c023bc6cb6d3c8aed4c0;;;;;;
a522a8b66f426fb521f4c55c28f2a416;;;;;;
e7267c5872ff364ef38bf999ad9c62a7;;;;;;
dcae21d301784707d0555fa83864c252;;;;;;
a2bd08efc2423e8d389fa9625f57400c;;;;;;
479d5d94d6085c89dce9fdf2dc067868;;;;;;
9f9db4a1b54fad30b049aa994a21cc01;;;;;;
9e9e3d4aaff88800c2eb409cd41c80f9;;;;;;
37e8a4588d572a39ff57fe2280e19b18;;;;;;
42ce4f7c6984b8cedb60db312bd1cbd5;;;;;;
a9de4f687553a1730f6e7f86a6815aa0;;;;;;
26463f51a1952a702fd81588f0a77b71;;;;;;
a2f48359d851a631db7ba706dcf84d97;;;;;;
e9349cee567bc79f7b4c1f0e28063da9;;;;;;
5e83da56ad5e6c505e9eaf139cebb73b;;;;;;
a4efa48e94a7a32c414fbb029d44ac2c;;;;;;
56d885f96e99c7c9b56edee228246054;;;;;;
dfcdbee28641cfc33007a86ca7a784ce;;;;;;
f09b81cc40bf64776825affb4fed3543;;;;;;
c63888c97448fdca417d936bf1771f96;;;;;;
452b902e4d7ca03ffe053c378b476115;;;;;;
8e8ef3b1383fd340767c057d91f46271;;;;;;
0fd85fae200ed7645e9d83928b833710;;;;;;
6af089b252a3458339d8bbca6fcc455c;;;;;;
c9533ddd603e59d37f1371f88e86addc;;;;;;
ad11cf29dd6720a0fa8158830f5d344e;;;;;;
85eedeb8efedceabe7cc396b7858591c;;;;;;
8917fb18caae8238a3bd02b94f67fbf8;;;;;;
213852c447453876d046cf12043395e8;;;;;;
076fb95c241545960b77527a5ddb7e00;;;;;;
e67fdf271705d46ce99a4c7c807c07f0;;;;;;
ab2a07ddf2e16fe2c8990fc0a0ff856c;;;;;;
5717ff27453fa56521e83e79c0b54ef9;;;;;;
083a46b9ac59b3ef852b875cf16d5ca9;;;;;;
955d7f5d66fef8de9474120018ba83d0;;;;;;
76e194b0c00827f68e8024e3a1b00d94;;;;;;
f0090284c0a9de3ed6f111e12f132ecd;;;;;;
5406dcb44e92bad618ad7daa73f506cf;;;;;;
aef0eb55137ca4aeb4ebe1048e6293cf;;;;;;
5fac96948920092bff90dbdac1f79f52;;;;;;
15c30e87ae8d5af2e2db42ebbfa4b907;;;;;;
ddff770296bb94436e01ab995d8955c7;;;;;;
822d213998a534e275b0aead933eb369;;;;;;
7199d0ff0893db2f6cd2d4940a18f728;;;;;;
6a09e01cbd12b6146c1164bd079a221b;;;;;;
77c3ffc61b1a419c3c642e89c768fb9e;;;;;;
0d030e6583480bf2371ae8c2d8be358f;;;;;;
f4437bc844ae39c4174c96fd2e4b3cfd;;;;;;
cd65e745e1b471724b1b5d998c4982f0;;;;;;
e24b8e570831d0e8f190e2a0aae17958;;;;;;
316e5ebd1d29df31dce2e40d83d08e5d;;;;;;
90dad415d94f487699237efd5058c245;;;;;;
39205bd89ac6b8cb68d21e47b9625873;;;;;;
15b8e289aa8d01f37ef411dd16589ef2;;;;;;
75a595ab1811da28835981bf9e2d6b14;;;;;;
eb49576b53caa0a0a493236c47b43024;;;;;;
091392acb612a057f691ea371660bc4b;;;;;;
f6dbcffee8d792a4ff483f3f2c1e2d07;;;;;;
5a348e51a684ac78df80d46b10a2bfa7;;;;;;
1c2589d30871ac9955fafaac9e90ca58;;;;;;
ba5fca228bf58ecf3c831e1c175bf05a;;;;;;
4ed5a3101c312326714e711e256bf667;;;;;;
972db36d6f1190477ea8d9d48e62ded3;;;;;;
59999d1cb9100165da67a5c47e09fd75;;;;;;
c226b21a5feaed3975b8abc25196a923;;;;;;
793f0abe8ba582ff15f37836c4f49ddb;;;;;;
0e7c8cd60d40147ce0c932afb59ac556;;;;;;
29168759b76ace91f1d888d966565a3c;;;;;;
a946fd6b5b7bf44083c006f05263f137;;;;;;
f346d4d453107e9990ea30de0ff203a4;;;;;;
8c38b11775fd59fc12fc20a02a8e82aa;;;;;;
70b7178f9c870b86367d0ca67f5a71ab;;;;;;
76c7f3fcddf5e2c779c2286d57e9238e;;;;;;
f53e1d7d3324792398ac212086a5c71a;;;;;;
eeceb8c421b1ab2a95d2daaf0a909ec3;;;;;;
5eade5b3a24b9747b0c8a3f8c3aecbfe;;;;;;
812b19a8bc3204b4a94e799a468d3c83;;;;;;
1ae22dcac133940933f928277f5d38a0;;;;;;
54602d1c1d181b9465283e4a1faa2491;;;;;;
906497d17038fcd5eb6b071d0a3d027c;;;;;;
14aa175a236f0fa7d1fb2ce670261f9a;;;;;;
61da71055f672468625cef429bf04296;;;;;;
c3d4a27b6aa0b7c0aecb9db10d387aad;;;;;;
cc8d4fdbb2374c7ee3b4041d6e41108c;;;;;;
ef75daafc2f7c78938c66769c0ebdeaf;;;;;;
7a94394c5bd841d934d98be843bf6c52;;;;;;
e761c1e817a1864df2f4c76647c2807b;;;;;;
3fd4248d093d16f55b41ad817635656c;;;;;;
f873bb367c586faa36fc9541ff86a2cb;;;;;;
ed4f13fc433782864afc5cce80d95897;;;;;;
63698a40ca9578e2c6f3a7e8d75d4337;;;;;;
5103d7a52cd94c9201c407c9f5a61751;;;;;;
06e5ba88cc412f029466066f71aba05f;;;;;;
a9ab7e7bf42390bd930c5c5fcf5c2a53;;;;;;
175ae05874736467ad7e81831cd3b7c9;;;;;;
e379ed358bdde578a21edb78cde0c417;;;;;;
cb95e7bb62e7a3bd1bc5558c99b11bf5;;;;;;
a897494eeeb7b2f680270b7ab947da9d;;;;;;
b9acb92749601da1eb895ee3cb39b3c2;;;;;;
676e2cbf42c7411c631f4ffe4c5a327c;;;;;;
63a4395c437e03857ed2e3e6583ad411;;;;;;
fb8e30479023a535f1a93333fd59ad1d;;;;;;
57b7e7914cbf9fb1b433cbf94e69e078;;;;;;
3b4ef7957f04c582a7ec5b43de9c3568;;;;;;
afc6fe670ddc9979e937743b872b9a9f;;;;;;
0fc30fe7defd838cdf25f81170a64aa6;;;;;;
9c6606359028d43652bec81a1d34c4dd;;;;;;
5d6793cdca094005648dd3da2ab0d072;;;;;;
278edbb05bcb0724ba6b56373edd4cfd;;;;;;
23e5fc6e12bcabb7ac44af9f95f62205;;;;;;
cc07c4527a023c57f7c139bd325743bb;;;;;;
1622c1a7432b85d4714b8f5c9e44267a;;;;;;
bce43f189cec402ebc4adc2d3ab4a2f3;;;;;;
9cd38f5a5c9c77024e57ee54cf41eedb;;;;;;
ca8d93fe4dc936ddfc9b7d484638319d;;;;;;
d0502f7efd32b1ff23628d34e732b5b1;;;;;;
0dfe423300c6fa10e7c2ff409d71c7d4;;;;;;
ecf7bb80957d7c55fb3cc6b46f5b52a3;;;;;;
12a26673decaed1831b01bc4d97a2b33;;;;;;
5d5542c8c9da10f1988e21847dec0ac9;;;;;;
8ecee8fa28290eedf6db82f4a9bba966;;;;;;
6865b98b219189cd67a779b294f7ae31;;;;;;
47cfc3fe654e2a1c7d02d49bab337aab;;;;;;
3c513cd010c92abf035d125e54ed8cd0;;;;;;
b0c25aebcb730b543cca53408c2f8bc4;;;;;;
4da7945074d1824a9a1bf5241b44f6fd;;;;;;
d2b14bbd5a5cb2b8e91442bdbe158299;;;;;;
0475c1bceedf55ad8f647f28abbe7159;;;;;;
82b46450b6418c0bf70e1b0a6c900b37;;;;;;
d8366828e6e0e25217ba4e541874e889;;;;;;
a5dc3cb567331f0b6fa2aa0370b09e1c;;;;;;
05565df0d3c794c4ce6a23e4a3dacab6;;;;;;
c097f24c3fa5440f0c353bc421ed5595;;;;;;
612a220d83ba088b0b453116e540b568;;;;;;
159cb278cf99a17ee09c378148b8d538;;;;;;
1b1c6481b0a3cd9372c4e0e068cf0462;;;;;;
98dc7c5ab4f246b661cab0cb8b067a43;;;;;;
34967645a48f9507d1a4d495431491a6;;;;;;
7f5fa240cec300024cee4520173d305f;;;;;;
23bbc16c9b558dcd9639acc36c18d6d6;;;;;;
cfb70ecd61efce70a1f9f64f3f7a1e85;;;;;;
d0b7319d7ac238e83d3cc17e00469352;;;;;;
3b8d8781c4f3c4834c66206a7e108668;;;;;;
ec7f2debdec5c881dc926e89cfc0941e;;;;;;
732890b965ba6eeec821e0c224c7f781;;;;;;
870fa0e255b2ad70d573095640e8fd27;;;;;;
63dfaf07cb5784eb7077f5905e80bbbc;;;;;;
ea40f60f6f8ff4bb21833be1694f1f62;;;;;;
06d182de32fe24fbd23027b6fcd33146;;;;;;
4ddb952d19d5efc57edb370683da144c;;;;;;
c928cf7fd0ff583a1039f32b7940eb2e;;;;;;
a53670cdf363031f6b6fe1809f3be70b;;;;;;
c4b3715569074e1d7055f95e380dfd15;;;;;;
264d5bad04f93d2437836a318098d08d;;;;;;
0fc392186715cc55fcf46b4a760b3608;;;;;;
1f60cfab77191b0407df978fddba66d6;;;;;;
45a2ad509b376b624d153d1620d21d70;;;;;;
5d49cf1a3d9498ec3e49471dd43f5f99;;;;;;
0152a1d462ffce30a00eeafeac257dbf;;;;;;
92fe76dd0b518d8c378bff66c18df9eb;;;;;;
8f15175a412b985547f9832fb7d8c8dc;;;;;;
95935d1bae44acfa475e2c359d46e00e;;;;;;
f29b83a8182fc3132497a8017550b187;;;;;;
af51b69ae217173be810341640437deb;;;;;;
7dd2c5c654f31f5479ca4378aab83619;;;;;;
b05c018c02a3907f2d1fb3d4ad8efd30;;;;;;
0bad1cc44b9cac5804d99d1a9fb04e75;;;;;;
a6097aa79caa45b247d3f3b12319d3ab;;;;;;
a17396e9c6744ad5ecfb7e2cdff1a76e;;;;;;
e740c2ef295f5ea5d09f5f1633b02048;;;;;;
034afdaa6d009886ca25dbab15920add;;;;;;
fb5d2da4cbf25df253852e6bf8ab275d;;;;;;
b1fbe8041ea2abcf6c742891d5991b7c;;;;;;
073c856dab3fcd31ca167191dc79b7c8;;;;;;
2af1186b530e524ed512f27e6b0721fc;;;;;;
91b87d3a05ebd3ad5d46919776a39786;;;;;;
02183012a1ca020f4942ae7f2d14f233;;;;;;
51817450249c29950827a9383a8e86fd;;;;;;
3b796bfa06882cdb6d0831d8718a9805;;;;;;
49d60b0b3b0bad42fcf02eb752b8839b;;;;;;
9cc892c7620445ba11693aa97ac3cb5f;;;;;;
cbc215083250f2076ebd59ee556a5258;;;;;;
03fcb1d4f9e43b8189457dd989b0be13;;;;;;
1efa1b9d4acf8a957c8c33c414cc5d14;;;;;;
9bea0c4cc62dfd0cd88345d6374856b7;;;;;;
e6e8d0e898122924825a26623ca40375;;;;;;
6cd0ee05be2b7ccd046b034f372a7800;;;;;;
061766c93ba7eefbda0bfc2dcb84d7a1;;;;;;
baa9ee3db6f9cc584afb44eaffa9d573;;;;;;
84c98c51253a5a17ac23377ef76b3ffc;;;;;;
002d40fb00298bfe9141169eb1f8406e;;;;;;
1bea60df7c073956f6d3f64094235617;;;;;;
fff929842d4ff4e8abd7a6d064de62d8;;;;;;
7d8e423d76b0a246cb1a6fb6368b2647;;;;;;
b8fdf3d6105ec902d7b2b9830c729c38;;;;;;
a024b90d1880cc1086e4264bfb25214c;;;;;;
988f5363781506660c2b3b7f39260bdb;;;;;;
3a6781af5d9e108837b1301e13e09594;;;;;;
8957dcf273fb669568bea3e5c6d58cca;;;;;;
f750e76a09fa8ad979060b58dfdb7400;;;;;;
87e5558ad39ba3ac438f32113301ca26;;;;;;
ec35b955ec52e3b4a5192bc5bfc6e0d9;;;;;;
c52da2dd53d58b11e4d5720e92531c1f;;;;;;
921b2ef5203a0c54a9c16455a5a6089a;;;;;;
76058dbc50038541b4924f7ec8ba9764;;;;;;
3434be291a4c38145e7a27197f55207f;;;;;;
3f4822b74f5d789914b7ab346dd11dd6;;;;;;
4af949b7b17de3b0c94c487278ad4834;;;;;;
14c8e29dee8f9bc13ab849bf38bbb5c5;;;;;;
4b8fea3d81b4dbd3e6e5519755798763;;;;;;
af5e7c7a3d13ba49fa2473f49d80b61c;;;;;;
bd75bc65c7fd79363c7725612c5e38e2;;;;;;
ddc6dded8f1042d7000d615735740cdd;;;;;;
d5c6c92dda76c8e0f160f020c8d8e096;;;;;;
800d5ecfb0d3612fbfb302de738bc6db;;;;;;
0efc4971f4ce44fad9ba3dd24a2cde87;;;;;;
ddee86401572d91cf6219db5ff677341;;;;;;
9a57193aae046898a78313692e1c0a92;;;;;;
80c5cadefd9c629bfbec00f5ae27589a;;;;;;
3c721f8ea59aa1cf62358e80f760d5b3;;;;;;
a993761733091f0b1795ea9e84d1232f;;;;;;
2c94598e6650864bf47029b9eeb536a2;;;;;;
5f164acf189a4329dca63316a741129a;;;;;;
73dda8ae08c0b82550293e68cb96897d;;;;;;
03a3bc6bb8551c832b6c2fe4202c3f16;;;;;;
1f129f87e7bfbd6f764622acd0aca6ee;;;;;;
a541713d6d5f9a1a5f696ed16aaf1072;;;;;;
588ece5381ba70a533c0c9ac1efbdf11;;;;;;
8a456c85ded708ac039a057cbb8759f2;;;;;;
7ffaf1a40bcc95d754b10cd1a5ec71bf;;;;;;
167895828fdcebcf327b7b912d6aa81f;;;;;;
2f0b63dd3595716b0fc29b9370ffc61c;;;;;;
c22a86f195e64bd1ac09c36672a27bf6;;;;;;
1e8ce71f3b62c6610495144b74d6d984;;;;;;
f37b661ec31b32f4478c6ee7c6fa84e8;;;;;;
3df68d92fdc181c9a6e9dc089ab6d5ae;;;;;;
703318e9aa29ac5c4469ef556f53145e;;;;;;
789f625fecc0d4d94a3f542795889cb3;;;;;;
16f7d0cded66c064c0cca6b90e08adab;;;;;;
226060aaa3a4865d38f0684a7321f38f;;;;;;
9e4873c883e8436dab30513961a4e107;;;;;;
e244a63d18321c97323a1032ca3e8128;;;;;;
9eddd1b5cf0cdf6c4ac5bf40b7da0a60;;;;;;
83aae322e4350c172cff8ef1fafcac29;;;;;;
b55cc7603f832982ae8931ce7f586191;;;;;;
6446a9eeb7a3c50cf3947f3109bb2151;;;;;;
45032c3dacfe30e616727cd4e6a2fd7f;;;;;;
040f2051e958a5af9c94a7281a986f91;;;;;;
21f94ec30a7eb210336c5ffd1673a870;;;;;;
321552d21d3b961aad1b0fed47af1d0a;;;;;;
5b05a179768257fb95f0812366273e10;;;;;;
eb1f7e8a8b73ec429b5aab3139bfe168;;;;;;
a08261785a7953736c4638f0f6c94781;;;;;;
7ba6fbe4b0da7ec4c6c312b2ca3550ac;;;;;;
811bc9850502ca2a58eda7075b13520d;;;;;;
b2575c353ae1d6d99176db54c9607bca;;;;;;
d38c0632c5c22b37a3b9b97485a19140;;;;;;
882a95d40773f53ae8c581aaa3511a04;;;;;;
edcbd47db9a839b2a00fb59ed3e05d4d;;;;;;
4c8c427ba9c4295ca6566cfa653df5fb;;;;;;
efb8ed4f10aa85550997814268673ca4;;;;;;
7611951cbbbd76284d7471bc6c756092;;;;;;
6f58f7ee4c98f33c489ba72a2ea2591c;;;;;;
831c087e0e2536e95f8ecce3e242d921;;;;;;
5167ef57bbc530f350f941414754a611;;;;;;
2fc9a6aa17e084cfe352d96367a079a1;;;;;;
8abe1de112a5228a3b8b90b9f2b1f917;;;;;;
8b5b7d1e0cb93596a51a5594f9b12e75;;;;;;
f4fd8687e4b3f7cf28d6a3681ce6acee;;;;;;
884ef1e1cf2a440fc13381540b17c46d;;;;;;
d9ea3aa55c3113c5d5bba324f2384a42;;;;;;
24710e67400cc242fb1482109bbf3044;;;;;;
868f9798f7e164504446ea89901d27af;;;;;;
ed65c65ea082a355fba9dfea4afd5943;;;;;;
e1e7c4b90990d7d5f006139956d77af1;;;;;;
3429442802765bf4c2029d5b9544d5c7;;;;;;
440e4257a31d62314194efb388a16a94;;;;;;
5996f9a3bd4b93bf8216abc49aa5e6c0;;;;;;
27ddd2ff2516b139a4e8911d9979402d;;;;;;
d8bce79cc7254c5b6a91b94c4c98e860;;;;;;
1e76bc6661e8880671349537569a4453;;;;;;
fbb01865eb99a7eef3070b3b5f253226;;;;;;
bd0bf2ade99553e07bf1d1c709dbae69;;;;;;
79bf5653e062938b32d03d4218416cc5;;;;;;
e1b7be249fb66675592c72c2e2db453b;;;;;;
cac84d5842338f042c733d3ea7308c30;;;;;;
febed952470f7e182b6ebcf54e30a913;;;;;;
d915a368f2a99d849f97c9673bc62b2f;;;;;;
7011a2147e2a6b6f903684855e02ffaa;;;;;;
cd28a06a9a9cf6221c2ecc4fd4f4a08b;;;;;;
08e378aa5a243d737d166c4a7579df71;;;;;;
5354eecbc641158740e520a1a05ed8d8;;;;;;
9b884f95e4ad1b3efeb15e766c2e70f9;;;;;;
655226171453f5275192736e5e6b9ac9;;;;;;
09b51d5219de1e79ed3c360311f4051b;;;;;;
77f81c1c13c2a402c8119f09009ac508;;;;;;
115d7c32e28389757f7ca36895196a71;;;;;;
47a6217d6d7fd44c84c058e4cca711dc;;;;;;
0d4be2778ebbc5e083936338bd174500;;;;;;
45f050633ceaaabeb7b51ac5870f5871;;;;;;
fa5020d0a7e083c34a10b9a00ad10e13;;;;;;
c7d16f3acba64b6f20455cb8c86c8817;;;;;;
d268cfe963bbe2c5f00dc39bb68cd59f;;;;;;
783653a830893a429ad4b9077d675dec;;;;;;
aec01186d8d1efbc8b8439f1ee4d560b;;;;;;
2bcdb19841d2529bdedeeecc5da1733a;;;;;;
4234fdeb6eb54f18d31c6edd565e8e64;;;;;;
f7f9985949ec2cb12642f1ad235a26ad;;;;;;
6e864eb2633bfa008923bee73416a53d;;;;;;
e1ecbb4c5b44fbce1b9658d266e7ade3;;;;;;
4a7c23a5b1c521db2a9d13e28b201e51;;;;;;
e02081f7a24e58ba7d5b33e6d35e1f32;;;;;;
2bf8abc744396739aff1338fca6f0014;;;;;;
67702239dfc3ab10667844056a0deb48;;;;;;
86cc86013c21d1ef9f08fde60411c192;;;;;;
d07e81735d862542553953b3a6342524;;;;;;
b778edc8934c105b26239123e13f66b4;;;;;;
11fd0e13378a05bbfa987b257b18ef5e;;;;;;
12c93a6a1fd8abd97c7a08072670feba;;;;;;
cdd73a5278c0d84c0dee5951acfc8ab4;;;;;;
ea4a43561096576694c65bd2420adbaa;;;;;;
bcdd16d847c0c63075e71437c29fb12a;;;;;;
975e15b74bb808f05cce889411eb28e2;;;;;;
e5426812e99adea2eda8addcf00e6234;;;;;;
c24e2b177b3628c5692e680dae95ff7b;;;;;;
ed78f7bd35f45338e679d7ec1fff35f9;;;;;;
25e29a9e15723da8de3c4e5d27bab6d8;;;;;;
7cc08e842872f941d2c7e95d77151d8f;;;;;;
398cb1ccdd6f1b6eba16933c8be01dfe;;;;;;
2228f148a627a467c52f30ec9e0485b9;;;;;;
2ea78c07e5ee0e65e4d731e0eefbd32d;;;;;;
ad5c376f181fd01072097756518ac7c5;;;;;;
ebd02e5fae794e7d3f4228f2b1dd3854;;;;;;
a11dcef7533de15058bdd40e0f8baeb0;;;;;;
9cd6c991cde52653f53f9244875f4068;;;;;;
7d619c0aa0306cba38d51904b7300b3e;;;;;;
1bd61015420cf8acbe8abfe59c2be357;;;;;;
c8e74826dcc2a291f687dce1242a3b48;;;;;;
3d190a53bc124ab38a7b1c39abf0ca5a;;;;;;
b5905e8eb9031b3027f0bb1a8b5dcde7;;;;;;
30de90e87810601249b57aad4bd3cc74;;;;;;
7a3e03908d71ac6a451fa32902ab4307;;;;;;
22ab392387eaa1a7ac01bea37176a737;;;;;;
71876dc7909eaff63c5a379733d4eef1;;;;;;
26b24f226472577734210001d0ab3672;;;;;;
ce4fa4f9b2263b20e33f5d61ab4a60e5;;;;;;
2e1dc608056898819730b426e88196f1;;;;;;
5f8e8bf1022b4f4d98904771adde4cd9;;;;;;
404ad04e985d0b3a93f67226ab68f251;;;;;;
d8403d5ce04b9602a802636e53afd209;;;;;;
5d3b11a92081484eb68ecc7ac43e3a21;;;;;;
b0590b5c1e1f9e9314e1f38833aced52;;;;;;
6703e4cb63075922940d3463570e382c;;;;;;
e89567cf430ae9cd2ef7afdd05d2b0ad;;;;;;
098a91393824e916ec5b995ec91f1ade;;;;;;
148f7274aaf0daf71d42aca2540a2919;;;;;;
239953d3461c3d30851bb4619314ad8f;;;;;;
111bd0a9fc8c4522348c0f7f24fd1466;;;;;;
58f65003553d38dc2a0f7858ab0a9710;;;;;;
1438d999ab110dec8dbe18db23475198;;;;;;
7b7894cffbeee34b07de2f4b71dfe13b;;;;;;
36d40d32d3a43cd1214522878187c9ea;;;;;;
0dcb29d28d29dd56fbab18d89b686d96;;;;;;
771c3c27742c27391f82ebed5392bf34;;;;;;
7c9ccc16d93f273bb18b1a6d656f1092;;;;;;
d37560c61959a0dbb4232ddc27818694;;;;;;
f8b13e19717d2e661f9b8450318c7510;;;;;;
c1dea1a6bb72e80b529619a4a407f18f;;;;;;
576ebc24688c2318226fd1301646ec00;;;;;;
0d4e2295a5351a5d60c83537f72acee7;;;;;;
cf8e294b1ad13a7add3af4e8e33c51eb;;;;;;
c692c8605c3a00be470bb25579e2184a;;;;;;
fd1498292885a90f465f9d9f6600c8bc;;;;;;
9b65f125f9e5fd6609164349d4ae609a;;;;;;
4fb2a362025626e8680df8d03439dd1f;;;;;;
3c430fef22569e4d36ffe996c5ae6526;;;;;;
955c6b5219486d7a6380ce49fcc74cf9;;;;;;
2a6ea80d3a96fe49024c0e96deae022b;;;;;;
c18911866429f8565866124d29dde51e;;;;;;
a204c020db0e8fbf3eb08926330189d3;;;;;;
44bb1d23ed8814f84e9d6221452e38e4;;;;;;
a0ad9b59d876ee18efefe68a3f5c88c0;;;;;;
c57eda69f6dfaf9794f785637daf7bfb;;;;;;
c81e229a3c14926ed98e157512ecffc7;;;;;;
f8ddd3eb2455dabc38993a7a3bf813d1;;;;;;
2a5be3e369350fc6c2f43d8e6dd59f04;;;;;;
8120173fa04d17e4c688d59ece811b1d;;;;;;
6779da1ab4858effe5b2e99ea4826ee2;;;;;;
607adf391ff9eea8227086d1bf0c8bf4;;;;;;
2ee26b14eccc91aef65d62ae64f91be5;;;;;;
03efe19e6917ded64b2941a066760413;;;;;;
5c0da1e7c69ef1a8a6c4db01e7e937ed;;;;;;
007752812880c88db46ef277b502df84;;;;;;
8d0033e645d816132c4e0f17097f8e70;;;;;;
6ff0dff523c97b6067a385bf28eb43fc;;;;;;
ce9d8a914e0323ad3b5afb6bf566d13a;;;;;;
674c0f37edfc526a4b3b3d23fc039e37;;;;;;
420a316e42a810faacc648e6928fcdb3;;;;;;
95b89caef364d3f75aef7e97f97b9533;;;;;;
c90f7063195095a025e865f546ce546d;;;;;;
00f4d1e735dcad0cb31d2e1cc365098e;;;;;;
ee03a000bbc823b52e52a539c23bac34;;;;;;
903bc380180acc671fd7a665bcc5c614;;;;;;
497a082c7e1f0e17cd0191615f40397e;;;;;;
d31c92587c8b4924c50e9871c469e09c;;;;;;
979a6003365b60d4b9771101290b9cd9;;;;;;
474117410ad63b6df9e18913a3362195;;;;;;
0a353c63e3b7e8874c3b5b3add4e8c33;;;;;;
875c6b8e06daf10e74e77ca25bd8e297;;;;;;
301f8d5135e122f761c7ba32aaa028f7;;;;;;
d2ce1f1e5ae452fe0f605b9e7cd45e60;;;;;;
44afa2243ccadda388aeaff41e496b3a;;;;;;
f25d88e1014cfbb56fe49b4277b30738;;;;;;
06e23cc45e56bfb4857ae14f6d2f52e7;;;;;;
00d889f81df76282ed131f40b33fe396;;;;;;
86babb84018b47fc8f128f15cbaef294;;;;;;
fa6d71c240559823308e8da31507fe39;;;;;;
620276a7f9478e18d213fea108f1b669;;;;;;
52a074b4b1aed1c96f421f89a6c88988;;;;;;
85496c563df690e663c767d746e2c5f3;;;;;;
59a99347f7f6376b7aaa5a3837706645;;;;;;
b3e4a44f1126f12f2b322749db6bc3fd;;;;;;
90fabbad1f59601043554b278c60899b;;;;;;
a2ed93179fe015cf77a8018a049b6b72;;;;;;
b95c7a62edb897ec9b35b27e991b3fb8;;;;;;
07be065a1cf7616597bd16cbaf41f9f9;;;;;;
f0447d0476e5ff216cbcd7ca7d181fd8;;;;;;
b90a2033344700c581a34478e7476789;;;;;;
86bb822187bf17d2705b123beb297994;;;;;;
5ebfd40be0c0ff9dce6744211afb8ae7;;;;;;
f2b6632e52b4997fa7767e45b262dbf7;;;;;;
b6de7d2fed6c3b2ad1adb34d145a2738;;;;;;
2253b3203af3b71963c05584e431758f;;;;;;
f8426649216f028c3ca43325f0c77f59;;;;;;
52f56ae47101ec3081db1bd54420867f;;;;;;
788784c93306bc8bcf3477cf7f6569e8;;;;;;
0d2a9dae65bfe1ad9b4f8e9782de75fc;;;;;;
578bc8e48a414079a0e145575a8e165f;;;;;;
25214417838b1ae784478bff929cd32a;;;;;;
6471e80bfdd8286f39d849747186025e;;;;;;
ab9bbf39017abae570d3d10b55ffde13;;;;;;
783a6986627f20bd10a00016a84a7aa0;;;;;;
75eff9c4c4acea50ad82cc4d9fa22514;;;;;;
3568192c360671543b739e72c7347514;;;;;;
eb819241c4a51f0e413a7d278dad83bb;;;;;;
e82814478c16d78534a8c4ea0ec5ea3c;;;;;;
74f9985455952f58f6abd8ebfcc5f47b;;;;;;
1cc7db9da27da1adfe340a6daa607892;;;;;;
ae328f20200234ea36012cc9d5e73bcc;;;;;;
f571fc74395da656a27ebfe6b848ce2c;;;;;;
af332c28de138b259d3a6e4fa147f5bb;;;;;;
87ab11992ec13ef9831c43322fff46dc;;;;;;
86c676e0023b5975130e38ed5dd764ae;;;;;;
9fef75ece2f153879d4756333ad68c79;;;;;;
a32a2cd14153840cf15b702acaaebeb3;;;;;;
2965a1601d0e57ce41ab7750b3881bec;;;;;;
c487072e8be45fd0840b8ca7e6cdc058;;;;;;
19ead519b57f789a5a506dc69333f4ec;;;;;;
46d21773553722852b75a42e93d88d13;;;;;;
74bd4608716263eb3a97fcda28d09a78;;;;;;
704f687795997f945c3479660c0e47e4;;;;;;
4fbb7b0aeb94819a0a574cef55b41c98;;;;;;
9ac8e3611490288839c7273cc8ce4a8d;;;;;;
f2eac1e5a869f6446e184fd71f80d4d3;;;;;;
0d2b3860ea827e764e393b5f289e2395;;;;;;
a58efcff387a458e12cf390b08970085;;;;;;
caf2188f5814c6c547c5a52b32639803;;;;;;
f84ac2e9ed061970d0e47b1fc49cbd6b;;;;;;
3576aaea4523939f38f39af6c18d0a05;;;;;;
d06a5a93ecb9cb7949c0736e4a7199d1;;;;;;
87581b6e98605065a09774ef4e34ebfb;;;;;;
7ed6a92f895db0d810e21954412d1696;;;;;;
e0846c67689c8336bb29950b39fcdf78;;;;;;
41d8504599b379be6691bf0c156ce960;;;;;;
b0e81f8236cc155631cac2d06ae08a11;;;;;;
90d1bd1f71f230000fc22c7df9c03dff;;;;;;
309421c555e9f63aa6c6ccd597cdde2a;;;;;;
c2ff611135ef037b69fac06be79c5b00;;;;;;
737d0ea7b8f8215d24cddddfdda6d3cd;;;;;;
8454575b8cf4c6d87263c3c826f156e2;;;;;;
4bb445be34ecba64d8ea3646f446a026;;;;;;
40af9d0c0e81c5d383c56c551214c93d;;;;;;
b0661158453c522e984981c035a8d2e2;;;;;;
748ff8cd4175d33a91509485d812f19d;;;;;;
b882d0a6c2f79bc4ea1c30f92ce2b462;;;;;;
aaac7d382b1c87922167b9490402676c;;;;;;
ecbf703d78ea38a142a3c4a33670e9fc;;;;;;
8c28682a45f5c22ab9d5e1259734bab5;;;;;;
a3b216758c367c211193f8999994d4ef;;;;;;
4a87320a1862334f7d35e6c9a412a391;;;;;;
e2e70863770e2249bcf914015044d26a;;;;;;
0d8d9171c5d0a439bb852a569cf149bc;;;;;;
7aa74cdc4f02895f553d94d47566c797;;;;;;
10d6c319a3363c32aabbc997105839dd;;;;;;
8e4810b0cc7cd12e8e40ed309bf9ed19;;;;;;
df1c5b73ad52a806407497de8bc09025;;;;;;
3b3aabd89d410af39e2ca3e169b1fbf1;;;;;;
e09e27b75dcbf3cbdc82f74f4758ce00;;;;;;
d520c7bdfab845918504d27655b3d393;;;;;;
f8858c18fe6c163ad62ab09212f9f2a4;;;;;;
4b9efe88341e91abe9a8ed19aad02bd4;;;;;;
0469ccdd1056b09b52cfc176590d8348;;;;;;
ee3ff831613c531aae9c43b5f44843a7;;;;;;
18d0afddda0f88049d29ddfe98c6db81;;;;;;
a5a938b6cdbed8039c4428bfb0159c53;;;;;;
f003533a6bda03ad424b407a970c9a5e;;;;;;
a590b5e38a6459184364e272858e59b7;;;;;;
9c435f53a9c4d0d9f54865bae23f6a27;;;;;;
bfc726abc7806cbaae0d9b2b4081a1d2;;;;;;
c5f635bfd1ebd9c0b9e3b0d65806388f;;;;;;
1733a40952ae6ac45bcf6c1492f39d23;;;;;;
defd71191505b836bf508086130d5951;;;;;;
2e71c426d5983f31d635a94407500c15;;;;;;
4d22a8691e219740389b5fc03e12a357;;;;;;
93c4877c9a855c152446e391a321f4e4;;;;;;
23658f78715456aca7b1f0aec9f05adf;;;;;;
7671cc557ce485a2ec1ce71e36db9c16;;;;;;
e101778ce48f052ec003983092a857d2;;;;;;
9fbdbe0770e5284f8899d491dfae046e;;;;;;
d615895e3373b9c24f9314853435d96c;;;;;;
8104bcf433dbae0ffa92b3565b9d00f1;;;;;;
1f354387ba0310bf08c3150aceef56a0;;;;;;
e663681994e7b562a70c1e2316b0f037;;;;;;
d04f59d2aae405078bc9f013da01b571;;;;;;
443ca6a9be559ce63ee2ecc79ce57057;;;;;;
980b9f128dd26a9f1e90e4d77d828ce4;;;;;;
073367b4534584977920c9d3b5d32094;;;;;;
6dca16ecb854f5368e9d63693ae23479;;;;;;
0e48734c05beb88d55d4224033184e21;;;;;;
ad6a129f4f37c5dca4c269330ade7d01;;;;;;
889dd946bf09412aa2b1ea1939ed0c9f;;;;;;
baee93787ae480b859331ed8c8b83435;;;;;;
9290e24f89dfd3bde813d1f42b65d817;;;;;;
6dba08f75ef64ca593fc4eabaf0b8b56;;;;;;
f8d3e15195ef4cb61e77d15a67e726bc;;;;;;
c1998f4846739f6cb171e95048b89f11;;;;;;
6cc3c8e4d8fe50729beaa6b366514dcc;;;;;;
e8f04344aa06f8364114fc122498bdf6;;;;;;
7c789a60ce059ee1387432b66a3c10b2;;;;;;
d7b76143686864cf43c0692aa5a81aac;;;;;;
263bf8f2598b09321fac839e0e93e9ef;;;;;;
05e0240ecec1d05efbf7842afb7c5aae;;;;;;
17015cd7e7459871eb733d8e3230d774;;;;;;
cb910e88262279fa918b423d31c27094;;;;;;
2281589e96338efd0d8a02f71ff2efc5;;;;;;
a9509c0f29695dbdd51790101ca19def;;;;;;
c0a3cd3e15a7fa2c6e15cae9a0a4d996;;;;;;
27f4b0627ee49784c0bfac02e5f49620;;;;;;
2125b62cbfeb69c0cccd21c48cd40efa;;;;;;
78c0920c47041aa56ff08d3372fd7bdc;;;;;;
1abc554f4a39cbaf37c1bd79f5e7fc46;;;;;;
51d1acd9d88cb73e261807c72a9ed203;;;;;;
de512aa44c5ccfda7f0b597cb8c59fa4;;;;;;
aafcf167a02676d5b3c05c8aee3522e7;;;;;;
c6dfb3e4eefc9f9891aa4a993c0e7ffb;;;;;;
ea7c2acbd14328a2f6882a886933e03e;;;;;;
1671d7ab4a57df9d86cf2b6424ee5801;;;;;;
25272a05b03c931f6de51bfdb0bb0530;;;;;;
260be623a7019ded39f8f3dc89b319c5;;;;;;
f5f71ac94590192b1245c0c1fbb29587;;;;;;
44878146ea538f2e75bc27b923bf888d;;;;;;
0ebaf3b188a36cb59d00911e5a06aba9;;;;;;
929d83a5264a35f1a5edab7c617cf1a1;;;;;;
d627b86e793e44d9fd27f9a65333de78;;;;;;
d2d48fff5d398342d7dfb383f5125c0c;;;;;;
2a05836d6bf82cfaa8bb4e48dae7202f;;;;;;
ad971dc41c323cd490b8a3ac9bf6ca90;;;;;;
8c3024c8e2ab2c8032a79442fcc6c1e1;;;;;;
f345ddc5b30283a0d6f6f4dce595a934;;;;;;
f1031c73d9c23b9a40c6320d8669e170;;;;;;
e4c096212d2363837464cbcfd6425cd5;;;;;;
f3f95d7f611095f32a0a0b4e45ec40f5;;;;;;
4eec964c94a1fb6a5ef9657152166b93;;;;;;
aeecd33272d06876ffd4bbccc7ecf8dc;;;;;;
99da0850ef18e0e34583e5e686e89f67;;;;;;
37fb1febe1b080b295a56cd568ba2c8b;;;;;;
5357b616b0e8e0b273043341f5c32118;;;;;;
8bb577901fc95759f22c14529ae2b98a;;;;;;
e2d832559881709660ae09b437646683;;;;;;
e311ff86f219169770b9bc88ae9d425e;;;;;;
6ac8254bb17301392d5dcb4777402b65;;;;;;
df1457002db7f0f0eedc3ed2da474b73;;;;;;
19381130bc5a86577bbeeed7f5981afd;;;;;;
06cbabac878a51ddd792ca876512a1f1;;;;;;
0f3690cfac5ebe2f3a283361d02d08c3;;;;;;
b60d4c13cc12d4bfdbffb8f6e0795419;;;;;;
e278e54c54fce634f4e3330606a97932;;;;;;
7f85f1aa5996c794d3f69c3e70a5e448;;;;;;
2b4aec971014cb09068f64dd50ea5b18;;;;;;
f7a328710bf8e0276a30cf291ab4ada9;;;;;;
55aaad2816fa9978abc9eec64ba0bbde;;;;;;
082552f213416da2a441323fbd4f9744;;;;;;
a42face5512738b08132b2ddcca6743d;;;;;;
a3f2b9d4463272e0bbb0e5020caa1b50;;;;;;
7802515b7f9b3f9027e216980dfd1b78;;;;;;
123c8329088e66ea1875cbdc98b87b0a;;;;;;
2ed2520685fc4dc74d255f7b4df9874e;;;;;;
e559e7f6ebed624cafbd329c37e67f9e;;;;;;
baa4f713ce8c0876c39e89725fe93166;;;;;;
e6e0352a67a8b4e8fa7104e099a5f1b7;;;;;;
4e0a2e9e08b5134eecabf661c43226b7;;;;;;
da3f4a4233c856a580ee22c089e0c12b;;;;;;
299585f0d325b802fc4cb45fc00a7049;;;;;;
41ba08a30da7474de7c497b624a84f89;;;;;;
9c76d28a236d6491e0f7193ca1bbcc2f;;;;;;
6c54954118c38ec21d381b677b9930d9;;;;;;
7b9ec5f668b5df076539e77b431ec3ca;;;;;;
86b2425dfe0b8f49bc5f6b1fb7a3fb99;;;;;;
014a63cfb5fb34e724e2b3e3f527ccdc;;;;;;
9b015a30367879dde65e29a3efb8014a;;;;;;
6f27a5f472dbf207ad7fac43b2e31fee;;;;;;
664b4286b8dbfced8940d9b18dc1ed05;;;;;;
c108e5508dc7606c8c5578120e6f8098;;;;;;
6e6d5a1066adce714290786ccb0efdc2;;;;;;
cee049f688658d9401f54f8b2c4f87d8;;;;;;
b9abc9b74dce3debb9fddb35a1609047;;;;;;
25452e9ad6356ed4d8826309d32f58ab;;;;;;
5040e674ff3f5715eedd736197adc792;;;;;;
ce244376bcb43602ca6272d1c213ed3a;;;;;;
b0f4cda9540e5873a651cae7e7b2f411;;;;;;
41f7dff06ac6950f8738b810bffa1c9a;;;;;;
be490a5a20f8774701af928db7289ec8;;;;;;
3496a67c87162ed1751302a166c6973b;;;;;;
cfc6883b863391d9cc87b5f643b76fcc;;;;;;
c6a21d17d70ede70b78d728fd3237ed9;;;;;;
12a29bc9480e0d47c2f095cf320afa88;;;;;;
7a246bad5c29d7720beb23e11d06bf18;;;;;;
38f65c0e05f035625a7b93f53460c471;;;;;;
cabed865b06750566fe9f20088f8d208;;;;;;
18fac3181bc5dcd5b75a3944680ab5a1;;;;;;
0c96b939bc553f7e93b8d8c2f47c6477;;;;;;
0be35e3abffa581422458cf9f708a416;;;;;;
1e630213b6a857f959a6c74aa3d8e331;;;;;;
9bb8fade2a21b09227d4599702dc1656;;;;;;
1de7adf55f97e8399bbb83aecc1cc0e8;;;;;;
011517b659bec15c88851e740481e7bb;;;;;;
dfbb546291703ec8f7ea4e867bbae88e;;;;;;
58de5f5a4f81063de03d427db81a9811;;;;;;
a6009bd82001a6928f5159a53f255a93;;;;;;
06344ee1c8f034698b61c172bd166bfe;;;;;;
23ff629437e0e4d44a3a8a9fac17396a;;;;;;
0fce6532e7451eb05c4aeadf8b86ea6a;;;;;;
2cd4fefefaee957a6cb25413fac7ac8f;;;;;;
9420a2425ffe768c44ef01e37d2909cf;;;;;;
e704101f10ecb063b983510d8976ad6f;;;;;;
ba82f927e6b5d5fdc351e842f049e664;;;;;;
0122e162b8e57587b59d05f7e54f5019;;;;;;
e51330e3b70d7ca706d7c5804b4f9501;;;;;;
e1b657cbf4c7b55f82b1fe2b24a62bc1;;;;;;
5168304aa0e0a7c3c2195e6f37cb515e;;;;;;
f16ece58fd957a3b979b462e5f1b6949;;;;;;
8f824984463425ce5591ee7bac5881cb;;;;;;
cdf5ae4446a3d11430c619b902d2a6ff;;;;;;
abdf4de6e34be770feb84e9717283665;;;;;;
bd704ffe0d318327f98426ded0fe0f46;;;;;;
af6ff107bf84eb6d5d9c797a52932358;;;;;;
19c5db80efbdb2dd8cdd66ed7d2c7e98;;;;;;
0f7e57b62470afe4874b7a658639c2b8;;;;;;
51b80b99dd67e56100a5748c570c0568;;;;;;
364de24169bf07ef2caf69ec4be3e7cb;;;;;;
c664b8a94217e96a1306d8f9b001605c;;;;;;
3e4595f66a60fe9b70f3a2362403002b;;;;;;
83e87326956d310f7d9ace62dfa56363;;;;;;
c18820c49a8d29d36d0d63f9578d64d3;;;;;;
b16c2529ea8f38d44ee4ee58711f99e5;;;;;;
1a7d2fd55815e94e0afc690c7d4e9950;;;;;;
e07c9708259a5752f0d448ecb59e2b91;;;;;;
ad3ee328f1f1630c6a3de3bc4cc3c0e0;;;;;;
ec5557b8bf785b68fb30733fda80ebe5;;;;;;
a1bde7b3806891624396fca381d0239e;;;;;;
80177c9dc34e036ac47148fc1d9e5623;;;;;;
66ee7607def106c8dd6069c83fb0139b;;;;;;
11e4348874342757d9796df110f87215;;;;;;
0230a120ff5d1ed330964f81cbe5f29e;;;;;;
ba2a5ab297ee3b47c4f94f958ae9da9d;;;;;;
5013e4e3215c1f3b86230f9bbf8f5bd9;;;;;;
9a4fb6ae7f2ab40c634059ad16508574;;;;;;
c70aa7dfd0c177ed43672faed0d33e31;;;;;;
0f80554711359a4d3eda8ad83a2d383e;;;;;;
d87b3ce27641fee8328f50357c8a631d;;;;;;
9fbd644e3bd6f429b6c620968b68c860;;;;;;
2771179971f1fbd36410db6d3eea381a;;;;;;
870dde6adc0f34338dbc143fb3c288ba;;;;;;
76dbc4a748cb7811434804a387f08c03;;;;;;
4b0f0e61ce116b692ee5038dc9821106;;;;;;
77a20c5be67e2ea385e24df87f91f754;;;;;;
ef3113707dafc0c798a3773bf2041322;;;;;;
6a48f929477cb81d0da6220b074f92d9;;;;;;
3b33612bd66d6a2e667c8034623aed1c;;;;;;
11d0150a483766595564a1a654be294c;;;;;;
0772fefa557123aae08347921411b519;;;;;;
19610e1f24a068a77a8a764a3f0a2fac;;;;;;
b7408828d8d34551da427e5b2d5067b5;;;;;;
65a3adf765524ea1470564ad648bc557;;;;;;
b513189bfef766aa940e78cf415373a1;;;;;;
b660fe3f0356865ca26cadb8c46cb992;;;;;;
69574e94597a76df56f12a5f0fa84c4a;;;;;;
cb609fe4458d6d0659f2ee37b7f6c031;;;;;;
7e84726a1314a3852648800c4ee29d34;;;;;;
36630e315bc991e8483d5ccd58a5c769;;;;;;
257f5908b283594c0c04ce5ecc3c43f9;;;;;;
e4409c9a0ee1d4bfd38ad896c44da792;;;;;;
ea6897077634f7c7104123bb41e99e99;;;;;;
7c3b041333df7eb1a6df77bc5080700b;;;;;;
ca982db1d1f609a71dc32e49a2681457;;;;;;
09a76169c0baafeb369b24c0b3efcab6;;;;;;
e06fd5c0feca8acd374f43aa7d00266f;;;;;;
e7c1610529326d8fc0f2735a7b8cbc5d;;;;;;
0f2a4af0cc93812fc4808aa5f2ffb033;;;;;;
1ab04033b5578e6633c9b3e72bc15677;;;;;;
8938727f80e57a379dc4928fd775c58d;;;;;;
6bf95e2f8425db227577ad21f6b6f0c1;;;;;;
4ba24c16f5a7632136d4bf98f11f2c89;;;;;;
45ae55654647df92fb942a0eea8f30ff;;;;;;
876783bd58f9109a2f963b5c140754f3;;;;;;
22296214fd053b8c0bcffc0c5d9f1ea6;;;;;;
dc56f9c3283174891d6842efbf980bf2;;;;;;
e4052a6ab55ecc17a935e3d24e1cefa7;;;;;;
efb37c30ea23862b4957fd2cd57f6b47;;;;;;
c984ab27a7c7d5e4b525bc969a19be6d;;;;;;
c8479419748e25171a47cb8022403f1d;;;;;;
faf11b350e8cd7731d9eabe3e04d58d1;;;;;;
ec2043ba75c6e324ea2776b859e0ab41;;;;;;
c3296c8b80086583254713b5416bc35e;;;;;;
97a6e9b946001dc50aa5699f13f423f5;;;;;;
c85edb197b4ff2b05ccbd10b8b0cce7a;;;;;;
eec205e19ba1752cd186613912d95743;;;;;;
6a53a84546a9dfddfc0ed9674dd37299;;;;;;
a9a000fdcdab1208addc60dad7f1aaac;;;;;;
102a3c03a34ddb2e6ac80a1000387275;;;;;;
dd80f0ba96521900fb118d2b76304456;;;;;;
8ab94811d8a0522bccce9a1cad9267a9;;;;;;
024c9c7670221da8b910252d3c12fd47;;;;;;
ab3827b593fa6a7949c2fa8ff3eb5bad;;;;;;
3f112ee56667e585a1408763f6ef6af7;;;;;;
eb563db05931388ddb068b850c4875b7;;;;;;
a348cc3c4aafcb4dde40b3fd8855be2d;;;;;;
4338e185249286d174bd89b46103040b;;;;;;
5fc7df60f98a763e355acadc008eb899;;;;;;
aced8b48588a5cfbf1ab5545a9aded76;;;;;;
fa7b38eb42a7093d71a59293392a87e5;;;;;;
ed5d794dd7d06890e3200381a24712de;;;;;;
2f1384e45ec87b93661729f051f87f78;;;;;;
80bf5bd71236fa72364492e58eca7477;;;;;;
9d2c7b38690c87a0c3ddb142325b2bcd;;;;;;
9529686577252b9eff718684117e39b9;;;;;;
5438ecc72f3084c8e7f75af152685371;;;;;;
dfa4fdb332c9329d69e51ec98173631a;;;;;;
cc2e5f0c61e17210c008e74e24a0eda1;;;;;;
59053ba1c10c444735c6c610a6d644b1;;;;;;
e2cd8eea9af691a73c988c556d53ae5f;;;;;;
4be5a94bcac0e94f328cf26b6b06a22a;;;;;;
b4f298e051d3d2db28f001e169f7e536;;;;;;
274c4b37b44db83affa4d2bfec2491ed;;;;;;
6307f2247abe4ff52008a708ece2214d;;;;;;
e29f74fda72dd86772c3c7a0211463f5;;;;;;
997806b5a675dc944b615a576131cb27;;;;;;
4353615e542f2e5c927b84b37cb54d5a;;;;;;
aba609b6ea65ef4e231b73f3bfcd24ed;;;;;;
4cddcedf6fc88fa44455fcf4d117984d;;;;;;
fbe0a84022808e3d41caefbed08ac98a;;;;;;
322ba237f1668f7f7950bce04145920d;;;;;;
39bc191f4d23f99146417196095e06e9;;;;;;
0e56e33aa75f5c41b0041adea8509f68;;;;;;
6d099c57035dbdbb38784002ce9527a0;;;;;;
5e89cac194a6926ee05dd5bcb686e6b4;;;;;;
8c9c2ed81234735f8adea151deb2f460;;;;;;
fc74631125e939bff8eee3c36aff1030;;;;;;
de0bf909456aa1591751b63f02814432;;;;;;
bc23f30e7f253dc6305fe59987b05eff;;;;;;
74ddddd81e14e5101ea6072ab32bd1af;;;;;;
b44932da8b7dfc6818fefae8ddaab389;;;;;;
e777d9ea5b283b5050b14ca55e22bd56;;;;;;
4c367e667f009803b055c0081d8aff91;;;;;;
b2fb88dcfe19abe25ca9cbe4e2020674;;;;;;
9463a6725d253990aea40b197d331b24;;;;;;
34890705a35251e3f3e15c1aca91ccad;;;;;;
98e0da00a22f42b26906790dfb7741ba;;;;;;
e72b9690f5381c093da459583a0e6c3c;;;;;;
7d4fa56dfa6db9506a9aec85d15814c5;;;;;;
47b7c0bf534eab0160fcc48cc754d37f;;;;;;
9de2d15ef9e07c89062bc406a9545eea;;;;;;
17e8c717f5c07e9218dc25360b9c9d10;;;;;;
9424e6d4df10993c23b0fc55a3a55006;;;;;;
128a5f0f0cff754d341b2b21539a72b5;;;;;;
7171aaa9208e1badee558f9db427ae73;;;;;;
fe97b2d596f525cebba0a76a79eea967;;;;;;
b3a31818484ebecc9b7112bea43c99e4;;;;;;
fce2c6bd18e73b327302a631dcd65270;;;;;;
5e0a3a54fd70729e99d4fc1a35451061;;;;;;
3c6b8cacf877c8d84b3ca165d8545406;;;;;;
b1b0715e7cab52e8f3763dcaf669e336;;;;;;
b27a5f587a3c4695ad1e2448217d93e3;;;;;;
bbe025b221fddfe26c3246d99f4d2ec0;;;;;;
d5b7660fb95a1c2d0b3c9fd75a25037c;;;;;;
f45b30b8add2e0e75f2163992f497ad0;;;;;;
789da6daa758cc0e196aaa697410a307;;;;;;
f46811e6742244b02d0e92ff380d09c1;;;;;;
dd46b6a4afea9b375a7bb4710005b181;;;;;;
b23627f276ac9307337fdf2418a8de1b;;;;;;
edab755125f9c1de32f3a33eab10299e;;;;;;
bff97c33a8132d236fd363ae7baf44d6;;;;;;
752c8c754b5c9001e59a7900688e92d5;;;;;;
eec5cd5e3e97f8b81ed3b2567acc2c93;;;;;;
831b01073832e15e507b5fc5b9a49540;;;;;;
34e18407b7432f1eb1c41a4c3c67846c;;;;;;
9a523bb2597a1d48e8366c32c64d1d84;;;;;;
08693dd8da5a180f3eabbf333165cdc6;;;;;;
d447051e77dbd2dfb9f39f20e5fa9303;;;;;;
d0340ebfd612d173e693072ac71974ba;;;;;;
3319944a3798d355d1ebe8fb86db3b40;;;;;;
e02bdc3a425a28fb3da8a5fc0ed4258a;;;;;;
5a18fa1e23b841242203b110253a8656;;;;;;
c4e7d5db7b6cb8c239c61ec8d62bc393;;;;;;
bf1330d1231b4e4c4e5a8f2a844ea8e3;;;;;;
439c762d96db61fd14fc091a55d1f32b;;;;;;
d5d5685670b3abc4665dca42ea9b7e79;;;;;;
c4aefb73f0b61153e5879ed190c3798f;;;;;;
8ff42b2860179aa8a0ea51dead0263da;;;;;;
15261b3e8736f2ad6f24d14cec4e5d2a;;;;;;
71b99450b4fb33b49e583dde74e6a0c1;;;;;;
6ede371fe1614dabbc0ce2c97683ac14;;;;;;
028b344b73b554f0b48f8e2a3da4397c;;;;;;
b8972a8ce08c29ea41d03f68d957e294;;;;;;
f0ea307560fb6bd63bfefd21a2617825;;;;;;
5bc5d9c513da5660e840f3b52504dab9;;;;;;
0c55f7713e97da40b7f352ae71dfce8c;;;;;;
f857b3696c3ad6801faed4e559eb1a4c;;;;;;
0a298ea7a9fb1703ac975b830c00ae98;;;;;;
1da6364fa7025505b709c811e48d0bce;;;;;;
b55b279dcfe40bcd42e74dd726776563;;;;;;
91ad717f5a5ffed73d9cc9e44492e7a4;;;;;;
570303c0b6a30fcb067bd67c2245efe5;;;;;;
dc73428e2164baec8903c4c163e1422b;;;;;;
54d12a7a4c74885f37207c3bde09bbd6;;;;;;
7bdfb192582c5477f0c1c0ab38f53b7a;;;;;;
a173ca8e1c558b94ab8694f49120d9ec;;;;;;
d418f2cb89aaed2f3c5926cb693dd0a7;;;;;;
d4cf2a72b6ac67cffb8085bd68a5a44d;;;;;;
6cce97fa018973077bec631ca741aea7;;;;;;
97a51994887bce62e6005b8606b501c4;;;;;;
fc681f4d2ce74c242e31687da0c3de17;;;;;;
63e8449896b74681dc099fd2a13bf473;;;;;;
6466ca1330c79f71ab792309a9464634;;;;;;
67208bf5f824fd9281b206cd18fd1e69;;;;;;
c62d9b0af655284c06bdc5eb6656715d;;;;;;
c6cecef75cc555da1d4175ad8e8badc1;;;;;;
2fddda0e6e73d9ddc77855b9e6fd802f;;;;;;
affb0063058cf6cfb082d5bbca68cc14;;;;;;
0436b49cb78bb79b240748a347c28186;;;;;;
04f61e169f87182005da69a5fc6daed4;;;;;;
a4e56a4ff4cf3b140268e97e9a67d68a;;;;;;
c425a6af1ad4560c06b02cd037cafaa0;;;;;;
74d953ec3790fed16d1f08ff6e7bb495;;;;;;
c54631fb28d109096702626be89c5fb3;;;;;;
5a40eb06223e12a6904f7a53387e223d;;;;;;
acc969778c62532772e9c58c86ef2b52;;;;;;
ddc3eb0c79ab9c39da9acd9750f77f5b;;;;;;
a78ebf80fb7cfa83b0b826f324c9e85c;;;;;;
6c0a9f498a4fd6a440a2da86d9811755;;;;;;
77e616e99542f582104d8cc662587fa6;;;;;;
bb7cc59b5b1bcb73c5a4201ea0f098fa;;;;;;
534bf240eb224cc9a08972452993a6c0;;;;;;
80be195b8c8f88d0c75f9db67089ed95;;;;;;
6dcd612cacd0d4a468f0cd04013da643;;;;;;
7f1306510fa5c42698e1ecc29441cc64;;;;;;
eb5b57fa2bef619da30da51916508540;;;;;;
d11ebb275bf2bc09a6b39e22ecc119a0;;;;;;
086e6e5ec278b3c90d03dea73b59eab8;;;;;;
84545a3ca106635386b4313856a04b5b;;;;;;
e297c3b5a92dff3f57d4373a060503cd;;;;;;
55bb51f4f4f249a55183eb1951ad08d3;;;;;;
9c12eab9d0dd767fb6b913569b84e0bd;;;;;;
ea22433fd1ff5bcb06884d42190f8676;;;;;;
91d6c3b90eb5bf85ea8cf54fdcfb1779;;;;;;
05ebf3a21105fdb6d1f8718664bae1df;;;;;;
6f070f98bb1fad1bfb5d13b52e5551c9;;;;;;
5800a8be2c466075bf32d42536209964;;;;;;
8ddd9dd16ba34d86ac47f5ce01270a1f;;;;;;
c972fef811344be17fe504141a985485;;;;;;
c1d25c981c3735be464b83a5d89a797f;;;;;;
26e82b315e5273ef17d14a36908c8d50;;;;;;
b9eca49f0e8a67a870a7dfd4e6c7b8eb;;;;;;
08f2213f5eda696b55af822c0ce2a50d;;;;;;
9fbb90d748fde0e1c68a9c36acd42b38;;;;;;
6409c1aa55f59315fcbfb0f8ea9253cc;;;;;;
aa49c2da66c6e4b69c728b26cb973941;;;;;;
0e5ff73a43ac88eb0a342d4e9ced8f23;;;;;;
c445bd67bdebb39a42409e3629cc7423;;;;;;
bc0524446e2d4b26950314e57e7b6175;;;;;;
a139e41152722e44daacf66ba171c822;;;;;;
f501468fc6765789a7a4303e1ffdee97;;;;;;
20a7e9c650de57f0d1327943ec4e6b54;;;;;;
7d7cbd470a174a0ce14f906b85d38774;;;;;;
e6d6883e89cb05f8a953706d1422a0a6;;;;;;
a10fc8d15826a9bbb60bf76d9d853b55;;;;;;
e717f49cbdc96bbe924adde1c5bde724;;;;;;
4e05230200784d0b1417d5a55160f675;;;;;;
03aba136df1f2254a6341ca181c3fefb;;;;;;
cac0a599cec1d16ac731f0906f679386;;;;;;
46c56d6198f53787533762bcd38583b9;;;;;;
cabd83e245d6e308c8f6aae6731dd926;;;;;;
11f7b31de0cc715b4fc2436f0b0d7be3;;;;;;
60449f20fde16ffa48a53e40018d2a03;;;;;;
ea7175d07c17b84bd18a1f3770dec7c9;;;;;;
7bac4867552e1e851397f3590c6edf28;;;;;;
44f3643f5acbe1916fa81ee5a7a43bba;;;;;;
cf06dbeefd93e6f983d02415077d88c7;;;;;;
d50c043f469e08ebdf3107362000e4b4;;;;;;
bb1505e92fdb3187eb9828f563710955;;;;;;
4e2378857a89ff3c25342678919b00b1;;;;;;
24bc63b517922fa994cce577d9d18180;;;;;;
a12da2fa68e36fa43ac165c442a08d67;;;;;;
484ff3b2b281713a38a14ff1e7886347;;;;;;
8b5c01c60cfd5f1f44a0fdc07c84d3cc;;;;;;
844a6f7b3a2386b42312c0e346b4b62b;;;;;;
29dca2a3f0d4bf5426d1d7683191c36b;;;;;;
271b49e36a79922c0cf9547a9e9b5f73;;;;;;
0e506d09f2da2c743ccb6267293a3f35;;;;;;
b23c9f5a6fe1a4b0a49c9276880e59b9;;;;;;
0ae393bfa1008b4d7e02b67e4d314ba6;;;;;;
f681312247f59b567ce507d7ed1bff45;;;;;;
38938efffd9b54acbca2bb6fd11a6b8b;;;;;;
b63f6fd28b39e08d2e96c26a7403125f;;;;;;
3f60080f5c6f16d08a2ed998c8023e18;;;;;;
985b6962d1d10d99782f251fb9876a98;;;;;;
29f829c9d1767e05429097c666b2e1b1;;;;;;
21d211ab273a968c2b9f18d79ed9e843;;;;;;
aaac670e7de12c910d78e7896027ebf2;;;;;;
50f19b6900cfa4e4f8b8916691c37555;;;;;;
79615819f67a527c2897090930d9757c;;;;;;
7be3942b8e7d15f935aa92d8cfac0753;;;;;;
01e384defffaade7f6ca5384ec5c4386;;;;;;
50c8a0c8c326abfdb8cc715d1bd76a78;;;;;;
96742f32bd3a792b30df9ca40916a397;;;;;;
13b975b897d2a440e6bb7014c7200e73;;;;;;
95540277f18e729b7320ce4668f7ecb1;;;;;;
d28a1b9bc0bf185811c06041e2ff078d;;;;;;
c160b9b1767f88da4c04dd4ab338d20e;;;;;;
03a48ef39c294854c6dc3af1824541bb;;;;;;
469a43bb1151e2492459bcae0056b642;;;;;;
9a8449cc2cb5e01ea5501532f941f82c;;;;;;
e761804999fd11cca3782dede810c1ab;;;;;;
da7f1431a00ea9ec0eccca80eace73d0;;;;;;
09521f9cab092d961026a3065ce3b05c;;;;;;
e96b7ece78ceae7ec0923ae36021486d;;;;;;
20e334f8b43cd4b57409d506e3a178ca;;;;;;
3a15a1cc46a9055182467f948ba89b5c;;;;;;
e8674242f42981dbfb24ba4a58dfc108;;;;;;
e921f038340ec903ef1cf6d701dd82d4;;;;;;
e52174c7e1f38a9c23e1bbc44da96aeb;;;;;;
cf63dffc364abb3043900b9b5dab7f3c;;;;;;
1ed5aa16769646b1a82244bd32701258;;;;;;
960341d01503c27539533ea0728f2135;;;;;;
4de7beae8c32cd62e2e265e8c264e309;;;;;;
f82fcbb83fb93bfb0b278be638bd3203;;;;;;
b1d825546122b1508a5e82ed388f4da7;;;;;;
244e092e3e8dd09ac7c458e803735dc3;;;;;;
f770e0809bf35d4a52998f66c513f193;;;;;;
c494016002c5d31f01a1f91663f4aa07;;;;;;
9abf2bed5aad83ea583da5b1134bbb72;;;;;;
8aa05af5589c974cf89c4d09f9327628;;;;;;
f5e6a13f0d8fae94a519416a3c210961;;;;;;
f23fe01926694c79ce27a13539ad35a1;;;;;;
3d15bec13ef261b4bad20e8f0fab5d5a;;;;;;
7cee2feeba08d6e23a4ed3200a16b491;;;;;;
43a89d2a632356c42f0818715162f254;;;;;;
c66074c76f6497bd121e1b86dacca7de;;;;;;
38680f1c9a459dd7629818d3504dd507;;;;;;
47739324bfdcab2e236ebe0bd0e91a81;;;;;;
9ee6874648b2cab63f1bd25e26e10c9e;;;;;;
2d499ac6bc1f484f25d6f6156a598987;;;;;;
4f774b4579dfdcfa06a3e9c07efdd4e3;;;;;;
27d5cd674eab8fb8c4a29fb4d15b220d;;;;;;
aa0347711e17aac7f37c2d9b4c61f3d4;;;;;;
ad23030285bee2b9a3ec1f1f74a35db2;;;;;;
80c6c73bf9af2778785bcd6df401f21a;;;;;;
d159ca956fc6dd98582d23463a29cc04;;;;;;
6ebb06dbca284d5ffa4fb9aa66d24d74;;;;;;
224ddc7fd28c99c68ea490dc5d7db6ea;;;;;;
ce402cc29579d8391f7089b6976c4b1d;;;;;;
c8f6f31ff33a7a50f33ff558c6171f6b;;;;;;
149c76390e60e3406475e36d96776ace;;;;;;
955dd6ac8df263a8f754f8cf781daf78;;;;;;
9feb04a157ca531fd5b1df54f6c65ae9;;;;;;
7cbc2582c3a81b5526fd13a1a8f62c4f;;;;;;
51ddddcf828e8aafb975384a3adf3904;;;;;;
3f3eafdc7c40c2713c5e2a4772d9e326;;;;;;
fc75acc007651ad925ef8f071dafacb1;;;;;;
a93446774263b003c3627a391ff645aa;;;;;;
589843ab659833e6f6e8910494b508fb;;;;;;
f442b1dd4e58a67e710e09851c950844;;;;;;
0d627fff06f0b73b00334b9bab655fd3;;;;;;
3835e989aed1b97ad9358e6137b1bff9;;;;;;
00eb09fe2d032992b97bc80394c2c948;;;;;;
d756b0e0c6736c6cfc69c1da70a8631d;;;;;;
075cd01c8fde03fe1d685084adefde78;;;;;;
36510b471d7c832cfa871c85bbd21b63;;;;;;
f7fba39e4a0a0c10a6a1eb160104cf2b;;;;;;
94fa9a3338ae4325ed66018a448e988a;;;;;;
81b4b754abe48812a2a1444bd5262006;;;;;;
ac730c0a036404ed5e32e5b7b203d730;;;;;;
6000e6dfe46716ba1ffadf474df8dca6;;;;;;
a9c475563859ebc213aa0693cb1f9df2;;;;;;
a4ebeba7d7a01611989770ef08bfeb2e;;;;;;
1d260578cca8895ccacd7234fe869032;;;;;;
aad3288ae18820717f8abb04a526a50c;;;;;;
dd1cf55e8f4b48d08806b1fa2616b928;;;;;;
8f2c187e4131b40b99f3f93514580074;;;;;;
9648da80a84b4e72c4df41291c78e0ed;;;;;;
3e7be6831e61f831870cc2a793941a71;;;;;;
03f3e6c4ff8c0afc74e07dec9f640023;;;;;;
db3099d7359ec425511ddc294332b564;;;;;;
f75cf34141b28b9078b25b6e58643201;;;;;;
bda65e7bbfa24e2271d1f759b15391e4;;;;;;
f2deedda88dab96d3f57f9ea6dcf429e;;;;;;
ddee250d854a94f33cdc66919c4df861;;;;;;
fec3e401b34e27b50dfefd8b098aa57b;;;;;;
8350b3d21664c4aaf3ea00116765c2e3;;;;;;
5d3ed366301a0fee16394aa3a4f6ef6c;;;;;;
aabecb7c7c1a9346ce9692eafd0e1798;;;;;;
e2dff7e7c27dd6f6ae19578860225fe1;;;;;;
b4f0938f778193cf8a20cd2b2883a262;;;;;;
c67b4dc2642b9b74b209e09f198de611;;;;;;
1d58440de9347bf67f0d17f9aa5a839a;;;;;;
79e3f636e14d000e880d740117601e60;;;;;;
877701496df5a5c1a0d3d9e3d39dc474;;;;;;
6035f8c80f3d46bf846c8d219a7e743d;;;;;;
10944f913df7be14b5cafa4f69c22676;;;;;;
79356e6aab2234ece95a98fe695adf67;;;;;;
b9c5aed5cf6b5056f09965842d2833d4;;;;;;
5973934a0d108adefd73aba1cf868dfa;;;;;;
0d019f2d202c319f0825d077c0be636b;;;;;;
ae7f640f4ccadeda33cae871651810f1;;;;;;
56fd8b85d6af19660f0ec6b76e547450;;;;;;
b75ecbd25f611cdd3838dd890573a715;;;;;;
aa6bf3f55864a5e95863d461d03f130d;;;;;;
03d8fc9e96f6092c27afc3cd24535ce1;;;;;;
d9ce9f19961a6b26fff0b6b696ef4268;;;;;;
3a43ca0a45f8404f0095e5b6e950a769;;;;;;
0b273e88f35a1264f69c846c4dbb6f3a;;;;;;
9da8dafffe5e12abceee83ecd4411d30;;;;;;
7bfe0e70f8638c94c7eaf616ca906209;;;;;;
fea3c920822387535e1a0b1430d2e8b5;;;;;;
b56d127cc51f0cb8697684ac8a9a4057;;;;;;
97fea3200c3f11e24f97a02be3c49470;;;;;;
0afcb7c1115e4bf29c7574fe9438ec72;;;;;;
fd6c03d6cfd3d0394f1e48c2da0423ee;;;;;;
50e61777520749e7b3af6810588c9b55;;;;;;
316c0cde2f52d447df3f300007991e9b;;;;;;
dbda7a1326a70e4b05137126b7e83938;;;;;;
f0e0e78ee41fb6eac8c7db33d3a4748d;;;;;;
0d5118db5a873c9b12784cedbfd0c659;;;;;;
b0132615062dd61febf8546bd44dc01d;;;;;;
36fd6666e071a879c4ab08d1311358cf;;;;;;
574d3084f072bfc128e3a026d3b8ed2a;;;;;;
13a90ea89440daf9605cfa4505d8373d;;;;;;
72c94180ae26b212a9508898837595d4;;;;;;
0d883599a1261af13e80f11e36104822;;;;;;
66bdeefc341669884bcac24495404734;;;;;;
a701122a0511023a5e2f6911e88da9ce;;;;;;
2649794bb982d3f418499f6a100b12f5;;;;;;
dc3d3e7bbc6aaf38b4310b591e9afcc6;;;;;;
b95e187a807406732ccbf3721ee513c9;;;;;;
d4fe1319e266aebb0154bf0da77f24b8;;;;;;
c0086651c43d9be0fa1092bb79e0c1c0;;;;;;
7de4624b778bd311da1cb8dfa5a109ab;;;;;;
f269da48270136d2166c9c395088c208;;;;;;
434ee2b762b962b0e0a7749acac07c7b;;;;;;
1d5146e4ce569fc7178bad2c96b3619b;;;;;;
9e5b20f26739b6daaffcf360743f0bc9;;;;;;
302cd3f0abc57149a80527e7f4430df2;;;;;;
36e305d8a1c4960f98f16750bcd4df90;;;;;;
6fd0ac9262156de0b5de9f7ccfaa5ad4;;;;;;
cfe6b469f3d56fbe0998f653bea18a1f;;;;;;
d4c39055160cb9a4c41d4ef60153a821;;;;;;
0e1cf61214a8ccea896404727fe797e2;;;;;;
863f270325e18b88a580aa2d2ecf527c;;;;;;
6bf98c6dadf90bab06622d909227f573;;;;;;
b8ebb6ab0be7c955ec402d62bcc60164;;;;;;
6fece3575ce334d60551aa48a222d814;;;;;;
b090319a575b9ba06803a7041523a074;;;;;;
e29bd2b24af41035104636530f42af7c;;;;;;
e468cc11622c0d97db0d0c926a9eb165;;;;;;
ac54853c65dd3fbdd991e65d031b7d16;;;;;;
830b3ef7993fcde9f40729807c742e56;;;;;;
7687b1d631d73a289c3ae0b98554840f;;;;;;
7b4f0f3225a0f6522e5c22db23f0effd;;;;;;
9b400f3b25c20b6e904e9b113bd9118d;;;;;;
279094ad8d00a9a9683bf74ec9da3fad;;;;;;
0daaf4067486e2975e6991c2945cac97;;;;;;
5b2c910c405b6c022990cedf14072cc9;;;;;;
e557f5c8fcab93460d9c87353d1ef9e0;;;;;;
ace4524c0243e135b9fb349399488fa1;;;;;;
60582a9ada2da0a65774a2e0d5c8050d;;;;;;
40c347f10fc225e0fbda7b9bdfd2b6fb;;;;;;
934a1a3dee68590d6e7da5eb1d7d3fb1;;;;;;
118a3a65f6c3a195afa4dd1af5551c67;;;;;;
da59eb85b94b81d527639e95c5fd9064;;;;;;
cdc5b8adabf5542fef95e961f17575b9;;;;;;
168bc1a44bd4df9dc0389506f5877a65;;;;;;
9109b18ab29e6641af12297f035f342d;;;;;;
ea7a6a958c19acb1abbcbe5d7f418d16;;;;;;
f14b64fe7676e9d51a8a6f5546ae2731;;;;;;
8ea3c66783a3bdfa7b53c3d9903f74f7;;;;;;
8bc6dd5f61727a3a07b532c7ece72d8e;;;;;;
31d684329cb83595f1d1c0a06f8d057e;;;;;;
823d629aa85429be5771932dc91258de;;;;;;
a0b051c3107d2b38e5281e83d5d6221a;;;;;;
8b084fb6394f380d33e74dc87e762e94;;;;;;
be777c9fc3d178f0a93dace78acb4292;;;;;;
726a05a3a4fd9324be19642bea3132df;;;;;;
5c732436d2d6000eec06888885d743bd;;;;;;
ea86cf1947157e0ea7c63ffc793086e4;;;;;;
f312668123ca12fdffe2ad3c1998f6c1;;;;;;
bcdb55b89c30d70f99c4dbe345497706;;;;;;
dfb5629f571ce7974f94757ba9266978;;;;;;
31efb3733e4315899e16c67c60f742f4;;;;;;
f28c35512a83c2d98ce6da6e6a9df7c7;;;;;;
a96d736275fde6c5eb142a0ad0aee7ad;;;;;;
9cc55c7ddf64c3dc0ea02602708345a2;;;;;;
9fa1c0f2d08961bd80505b4e2658a7cc;;;;;;
28588ab70eebca6ed3b75e04a2f1d881;;;;;;
ecf06a573c6c34f737f65a1fa30e0611;;;;;;
378640b2c1f05c7dd0a140afd115c85f;;;;;;
e7e0dc21d22ed1049a206d6372b050a8;;;;;;
72a3fc175fcf502be06d7cd20ab1caf2;;;;;;
ceb0c2dde87d3e405636b193a9c3b630;;;;;;
4d669e036ee700402f72a78a8343f6ba;;;;;;
a322ce7d525d5d6f3b890d32da450a03;;;;;;
66a47d51e0e08ddd1e645b87257eb80b;;;;;;
a781e9a244169e4d4d5fcfb7d2e30a02;;;;;;
c5ca462ae5adf44aacc8d8d0d4bc44bf;;;;;;
ea8e4751355974b288f99a274211e965;;;;;;
6c27c3847b4ffe0df7b0da240989a093;;;;;;
266df053735e0f00ad97974960fbf59c;;;;;;
a33542c899fd1939adff7b135dd97ca6;;;;;;
2cd5656a110dca140ddeff401f5b7f30;;;;;;
a52f962b9c7483e544b38c149905eff5;;;;;;
21ddcc20d9f73d9e5f9c77dd0604538a;;;;;;
dd41c19832b1669e2b8bd9b409f6b6c8;;;;;;
5e79231905f278e4f54b92117b411059;;;;;;
eed124aeca4e4a55ae4ac04ce05d319d;;;;;;
1cdb26053eff8bb31bf1416412b8cf08;;;;;;
36e2ce49c4b138081a29aa6bbe7b6ce8;;;;;;
7186e82941aea25ea2fd35a2e22120f2;;;;;;
65d4dfbcbd26623e437c53cf23742a66;;;;;;
d53ea1c9ef32299c25d44ed3b82d9db8;;;;;;
2759be05e28ce24c4f889adaecb3b4e9;;;;;;
8c0433cbb15aca67265cdded7d89acc2;;;;;;
f229201e0ae1589d36ae2b2de906091d;;;;;;
f2a46b8f9cb3923bb0b5f94e7f328eaf;;;;;;
4ae8ba1e232a70592471b37ede3583f7;;;;;;
3cd02ecc198efcd5d965ae59da691b23;;;;;;
336cce60e0ca7a45f59f84fc7a279ad6;;;;;;
79e3426f162f684a0b0cd3ebff1fd8db;;;;;;
6dae9886b0bffbe6c26d6d07eeed9347;;;;;;
f68e1f901bb6f5091e068d9bfd56cc78;;;;;;
c5fe8f664bd5f81784cf4ee024511c37;;;;;;
845cc78733af679c480b5d7031a7b743;;;;;;
daf15158c054f6bb3b31639fa5df554d;;;;;;
1ef905bbcecd979886a5f959d41973cb;;;;;;
2249b32472670e0de864833c0263038d;;;;;;
37b3a90ea661752fa4b45f37845203b8;;;;;;
044e4a26087440eb66551faca1ec10cb;;;;;;
43aa784d37b792acb04d2304685f7400;;;;;;
0369f73a676c02a558d76abbf6cd44c9;;;;;;
aa6c0bae93aebee1b3cf0844a0b5ad50;;;;;;
5dc2b93e7396361668207ae6469cc7ac;;;;;;
3330b581b6cadeab5ee168da7b4b9115;;;;;;
164167b94a131b841ef7ee95b32dae4b;;;;;;
aff2d59d45aecca304d3cc8d3b4d6daa;;;;;;
72d635851536510a58bd0d5302315e85;;;;;;
438ea731e6bd172b783610a20db498b0;;;;;;
161b216cd108098c5da3ecb43d182f1d;;;;;;
f040af581ea46cf3f36549390d90958e;;;;;;
6962ae7792aaf29a3d6a1fd401a69932;;;;;;
ffe8d286045d3d83dc7ecd00a64d0794;;;;;;
da2224599d0fc9d685d04121dca20740;;;;;;
aa85cbba8988f99d0d6bf2c83635ddff;;;;;;
d03ca090826bfb36b61dd7d18123c643;;;;;;
f38ceb0b83e75cbef41fbe44792fdd82;;;;;;
dfb5bf5f0089763e7c252fb39a23c592;;;;;;
bda3628643068bffba4e2fe4f4f1b776;;;;;;
7d0822a9df60ece8f9c410d702a32959;;;;;;
aaf86853917446545878c17aa7bd930c;;;;;;
cafcc413edeb613b8a1de6ce8a70741c;;;;;;
bdbefda952c04065e9eed81911390e4e;;;;;;
9957ae2cc5e614e78ca4f66600258fa3;;;;;;
2314d6dbd0b6952a19db784027789aec;;;;;;
46caf984f3ae095a084ca1a4277666d8;;;;;;
c047a541579d005e7408512209112d53;;;;;;
9232a8cb1c4a79008867944b1a087a6b;;;;;;
f9f7134b8504a8e93c78bfaa41ee134d;;;;;;
12730d0b83ec214bf67be0d652c28cfd;;;;;;
c0b8f76f4f0f738ac728014548f39b49;;;;;;
0838c03e00175770416d2d1cc310ef0c;;;;;;
9959e17e7b78acf6d385f66d31c0c846;;;;;;
348859a701fb32ef0a26508b4df63fd7;;;;;;
e811583fa2e5225af53f94cbe90ba948;;;;;;
a73c877514f2dcf476d6594af72f084e;;;;;;
7ae22c26c29aa6a60d0cbaaa8862bda0;;;;;;
609af587aa435eef426f773144d963a7;;;;;;
5f8a06e437d39134b0559587480325e6;;;;;;
cec0f0eaff293d095a73c659ae8b50c9;;;;;;
95ce8b3e55c2a17dc895c14679ac8e04;;;;;;
2a8dcf59ef44f545c9ace238005acf90;;;;;;
ff53b7849589599ecedba900e9a584a1;;;;;;
f7590102576c9d7214144626dd747b45;;;;;;
becd391a0fee627617f885513a37cc28;;;;;;
781375d4c60875b8c30ae0f22ccc6bc9;;;;;;
7000d657bd6fda8d8c104d21bc747430;;;;;;
5b4e2bce91877a8c4b6ec34bf0009fb5;;;;;;
a6259b9aa14f262317e6cb173eaf683f;;;;;;
2a271bec7ac5749ea8e81e5350dfa3d7;;;;;;
98be3065971d3ace2542aa91aa9556ae;;;;;;
1cc8d30ad1c292a34d70725f1ad398bf;;;;;;
d8769fa502b0dacfc7299cd691d6342d;;;;;;
c524e46a08d77eafb595a573664ef7b9;;;;;;
93e78b13c09974ebc59c328a83e610e8;;;;;;
c053d171b79f02dd57e2d1b2193d1f32;;;;;;
e6f55ed9e3477a7c394fccc9caf71a59;;;;;;
4ab24cecf2c8387eb3a5b4d5cd57ba00;;;;;;
11be360a8167b37c70f4e7552078ce32;;;;;;
b89d7606cfa1319135da0bc02eb3075d;;;;;;
95ea64fa12c38f128f8f18aaf4da8358;;;;;;
49c5a599caed58f680a3c8fac801a520;;;;;;
e88f2a163397c48e0c130a7d34ffaf6b;;;;;;
d9f427d9dbbfd61388411c2f07971bff;;;;;;
ebe17033ff6fe7545dcefbabc1c94fe1;;;;;;
a5d51b30509cc0e21c5ddd74ac493da0;;;;;;
b9fc8bc2b56c5fef099345a6c66ecd9b;;;;;;
3e00d18f25a067d99abce2b69d2b9a81;;;;;;
514666f4d6836e89c351bdb6031da10b;;;;;;
207b574f3ac77b82b4ff56ae68e86f0f;;;;;;
5040ebffc719d8a3426532fa057a4314;;;;;;
5b5ebde464418dcaa8e1228eebfd51cd;;;;;;
219842ddc30b965579b04e1ddc273be5;;;;;;
1a8a7a5bf58e8ed444a0394c6274ac3e;;;;;;
dd2e0bbf513d7edddac1a0f1fb38235f;;;;;;
0bf9dcb9a8d469a3ce4ecfb73cd44191;;;;;;
ace012f189cd5739b4c3812856bf2910;;;;;;
0f6df10bfeb698d5a5b8b82ab4f4403d;;;;;;
f9663ebb58229d49ff0f35b34ba5753f;;;;;;
229095edcb7bf4793cca09240a432cd7;;;;;;
c9f54447f878a30dc291b71579be0e50;;;;;;
c1f5df9e6d565241fc9d0beb07da0b5e;;;;;;
86e764348b05ba544c2fbedd39b7b88b;;;;;;
ed27577301a095cdbdc768b9694bfc41;;;;;;
43001332881d3326c077eed8cb5bae91;;;;;;
5b2583e4389ef763ad225cd4f6c0db7d;;;;;;
b6a90338a036985b6dd5c7757a420bfa;;;;;;
afb41f23887fcbeb15ae9d8aba857a08;;;;;;
27c9257c35f3aa4540a7cd1af89e75fb;;;;;;
e7f1e609ec0783f565037df80be5451c;;;;;;
4b90e1397e54e333d16c89816257dee2;;;;;;
c3fe557bbe2a379e58a45ad3bcd3a454;;;;;;
689a93f5d3e45e940241fd98ff35e852;;;;;;
0b387ffc0656055eac7235638ad80902;;;;;;
17f533d2a3458db94f7a9a7c2a07ca70;;;;;;
2e41c803359dad0bb87d466bec944df7;;;;;;
577a20b47469db2bab0052b415ad303d;;;;;;
28a236dc17127e3041498042dc1e9923;;;;;;
afc20844945b050fa6686f75e7451ccf;;;;;;
bd4096fad3bb15dfe25b73386236e004;;;;;;
503b85a0cbb6c872971a3f8c9607a1a7;;;;;;
64456b7867b3fe87355f4c16f0dd9e12;;;;;;
94f6fcf68a64a6a28ff93b90d7cd75bb;;;;;;
e84888f1ed5d8d3d1b1589f2c6dd4476;;;;;;
7924e206a1629732c347904d9823272e;;;;;;
8d4d1f1f44be0a9f45345739373c0e6a;;;;;;
0deb979b6d0dee2873f42287970882c3;;;;;;
15f938e0f860b7726c3cb48125e69808;;;;;;
13263fb8b365bfc8c30559a9fbd05f8e;;;;;;
cf74fe620c395987104db1d44b59031d;;;;;;
7573ccc70c3a373139f9fcac760047c9;;;;;;
e7e25212fa205e4b8db045c10ad13566;;;;;;
ec54902b37e0c8ca41d9eb0d45eb6715;;;;;;
d17832bbf0b012e306a049a56f09306b;;;;;;
61c657131be397d04477fdab1108bc35;;;;;;
1a491062dd35938ee63aa338496754f7;;;;;;
d113fa70dc9f2c4097b4a597ab3267ef;;;;;;
3fbaf38be6fed78e3ba154aea3cb2ab7;;;;;;
b83bca38b89a3701b3998d528349e6d5;;;;;;
d722b8bc69e5555fb826724c0ffbb1fe;;;;;;
1e05b5e02dc7e55a935ec02c27de0d0e;;;;;;
7f36f7b2edc38ff596026acf627d75ba;;;;;;
f6cec70018f6d82d8457264eebc37f2a;;;;;;
3501438842d883dbbfd4591270f655d2;;;;;;
5e76878e223b71254208bbba098153d0;;;;;;
b9f78abee0731648bf4ea07d8e1ff5ba;;;;;;
f4b6b5ab54765213c364e9d249d62efe;;;;;;
a380925ed51829eb2418a852be8c3ae1;;;;;;
14c274ee4737b725ef8d32ee7d7c7f20;;;;;;
751923ff24810e19533cfb80afa16086;;;;;;
83f351d02c12519fe2d914c0fbb31b5d;;;;;;
ce487ee8f0accfc016f03863fc85fde2;;;;;;
206de1131be69b68e1c3cf1d79d93796;;;;;;
c4a87aac5304c1458b549e6d4190ba82;;;;;;
5794f79f14895bebe10a171aeaff6ff0;;;;;;
6f23d00978e0d18c5a06e421393e6cd6;;;;;;
a228747c683abae2c8013ad0afaaea17;;;;;;
47f2e3fb2cfc95feb1a3e87f16a4ecef;;;;;;
c8c5568e5d075b32be926c66f4e804b6;;;;;;
c56ee653cff785afeef43f722abdd14c;;;;;;
085d2e91cb5e88f28126dd06960a3be7;;;;;;
0731dae9d675c2238fbe828c42245bb5;;;;;;
2fd5fb741d43a440d2ed712baf05742b;;;;;;
448620207e8b23a5a2f19d42f227ba8e;;;;;;
12656bab2008015f9f596f6506f92d16;;;;;;
b1741334d80f9fdbe8cb0264533cc455;;;;;;
d0a46cc25e611f7379693c2e1aae8bef;;;;;;
06d09801dbead05a3e13f3d7df51be93;;;;;;
5b5b8abffd35875ffa4d313e2c4ffa5c;;;;;;
d500cf171d163cc5fd8db5bd52d12a49;;;;;;
789eab0723143097fb944a69e9c27b6b;;;;;;
b908b49d0e28eec0860ebcbbe54d97a9;;;;;;
1ebfa4b6815f7e8a6b89089a85b1f9b7;;;;;;
599bc550d6b1e06dbfd5f16f2be26abe;;;;;;
10c982d12f608299737ba8066914e7d3;;;;;;
efdb898091f5c80f71e2ab2aa8f25d1a;;;;;;
72dd607e97b393907ef4930f10a4ccd2;;;;;;
d40764b0407a56a1eee865e28f213f80;;;;;;
37355865815d26d1dd97e5112737793f;;;;;;
7cc793b5f4964ce25b7018a4de22bb9b;;;;;;
c492af5a558d1cffee311c26ab0a4f41;;;;;;
5d0595f3e490946da70a7cf0df22a979;;;;;;
c51dc7de808d938a80dfd05f8ed2709d;;;;;;
ee4a3d2ad3143a282bd4518246473620;;;;;;
41a0a058a086342338b11ccfbfbd3877;;;;;;
4fcb64699ee0c9b734283e4b0783d4bf;;;;;;
bd17196801ecb817e395040bbd135c09;;;;;;
af7481da523f1e93bba7dec3a19b61b9;;;;;;
3bd12851727dbf37c4c3c8c257a71692;;;;;;
7cd2211fa43c2a6b6280bea1f18fe2e8;;;;;;
e936377b30e557a6a1ce2e3e4b31db46;;;;;;
c8db64c0cea697704c0088970fa1317b;;;;;;
a2dcec4c40747f92ac5096e3c2f76a9a;;;;;;
4b56dcbdca639196e12bce559c23146c;;;;;;
6255c06fe77f854baca5ff202de4036e;;;;;;
4f3fb5da28b47db148db07138b3fa30c;;;;;;
4589cb411c2134194b8458541ec7da81;;;;;;
f75a4a9367129a71c3b86de77771001e;;;;;;
a86e5b1c21a98eb6a102bfe719166b06;;;;;;
ed6c68f181315a6b1bd4307a1f527f56;;;;;;
9623167f5d630838235831f1fa42d565;;;;;;
162864baf5e8872fc0ae25bcf0cc354b;;;;;;
5c5b390e7dfe6f84ea49442d1737bf25;;;;;;
df7b6dad3b601000cc3d5c7d7acee583;;;;;;
46fc9695f7af64d2c0ec53f31b2afbf4;;;;;;
be64fff1105cdab1a4af2f3f99080a91;;;;;;
2fa5172e436576ec88016587ad4c948f;;;;;;
6160b3920c3067767fbf3a8baebaff44;;;;;;
3ea167459d69249a81b550b05fe34324;;;;;;
b78bbceaba1e35ca8c1b6a83cfd2c001;;;;;;
a6fc1d1719f8067bf14d78c0effb9fc0;;;;;;
e99f7ee271ae1747074f21ebdf7b485f;;;;;;
5c99aaa179f0e3ef95c9f335dadaed8d;;;;;;
7a74b1eb9d75a741e6ad1c26df62046f;;;;;;
5673df0dd869eca818e8309fc5f83fe6;;;;;;
b72435f5f7bcef143d637b3795de95cd;;;;;;
1427a9044b570e270901207b5430adee;;;;;;
e760f5068d6551c5093ba05de9eff2f7;;;;;;
7e73bc7a1fc5b3342f35f69498a66e64;;;;;;
6f19ce3bfd5d429d6671c732e765d4d6;;;;;;
76458fa9ff0a643aec5bbb51a2ea5891;;;;;;
91056362d9380876aeb9d2c2002cc8ca;;;;;;
35cc48e8d6dfcafc06bcaa7eb66e6c0f;;;;;;
834cb2641c248bd4de7a3c3becc4700c;;;;;;
677c528353b1c7fae1cf074d7781c592;;;;;;
c22b79824a04ee5169a2b23c25aa3cab;;;;;;
c2abedcd7d74f5dc19e8a832e6b1d218;;;;;;
a10cfd2eb3b1cf7e16c6b7a5b7fac853;;;;;;
a276b3174d9da37e6599b0faf5266c4b;;;;;;
1aa7f2ac6e8cf5940bd5318e408d8dde;;;;;;
7459470fdce80fe8e2a80dead8d08f73;;;;;;
aeba0b57acffc872110e2dce1c9783ab;;;;;;
76e9b2c316d631c7536de5d9a387a7fd;;;;;;
ce170b40c3f562b68e7500e228b44435;;;;;;
8e21bb5b9d5289c2c715d8c3ac378b4e;;;;;;
64a1467f2cb6f0d5fab4e004f07eafe4;;;;;;
d66a366dba4ff454f344b663494f9117;;;;;;
97b452069643b0eb2c1d0d4c3e20153d;;;;;;
52ce5c2d4225f55e336effdf1775f856;;;;;;
ef027940ff52b4e7b56578925858fade;;;;;;
d58e4d14e4fc7b3253a8c83e690b527f;;;;;;
fd0a63d6561f512fb1cb39a8ac30e8b9;;;;;;
3a135c9caaee0a7dfc85badade57f361;;;;;;
d5a995a038503726649773dce07c1490;;;;;;
d9baf42f4172e18859a0b08393e068e8;;;;;;
bed59e8effe248b27717d6c1363c00a0;;;;;;
7a906e63b64510826ee9591824dcdf85;;;;;;
faa2496bc39c06cc9d3506df7dea9592;;;;;;
aebc87a83e23d37e420ec26bca6b08fa;;;;;;
3abe16a371611ce27d52959c3c0bdee5;;;;;;
e4250e2d2f17ff77a24e794d239128e5;;;;;;
44f80481cbbf60206ca3121a18ea2e1e;;;;;;
5a1c56c250904a114ebeb796addfb1cb;;;;;;
2e6b2fe844cabeaae61dc3e1bc301f03;;;;;;
1126279dfcc1d46f1c18b0836b017683;;;;;;
e0d756b8fd547b1c2f60bdb19c43f48b;;;;;;
bdc12478f3c20f149f8bccbb6a7a8ee0;;;;;;
27f1dcadd25c7378032988f9eefbd2d2;;;;;;
bd6143f5b9f219f8153b92b49f79b8f9;;;;;;
b588fb7f4f603972c338fb6a42864124;;;;;;
0272cfb96ad5f40d1ed0c2d82d0120f3;;;;;;
16c2795d80613bb667522b96359807d8;;;;;;
de4aa81243c18d91e4e85890f6307cf0;;;;;;
e2a7dea78709746356f7ac6e12b9a38a;;;;;;
d5a7dbf18925f355d156a3f7027d8860;;;;;;
afdf62c692ad5960b702efdc621568b3;;;;;;
8d1418c553887943301bd4084fbeb5a4;;;;;;
dbd7f8b23c6ef4011331140708d38c1d;;;;;;
9124768feee2c2f787ebfe22f4249445;;;;;;
4500030a3303bb13b35866a3e50fb089;;;;;;
f24fe373662a85d54df955ecc968e8f9;;;;;;
37a8fda4ac0430abc1892b283ccd7179;;;;;;
13693533c4bb3c5ca5ce3b7c8335e12f;;;;;;
68fdaca8f0c976414c2d143dc1ac68e1;;;;;;
9c11022a46d233cab2388689e18fa2a4;;;;;;
850eecf4e91d187b68c8be351c2bf9f6;;;;;;
46bbba2ae1218b431ba08f82da95aa70;;;;;;
4b59808b523e422904c6b58f136871a3;;;;;;
62413e20332d64dd74848eb88489ba5e;;;;;;
62ad19b96b827bf6ba1e0809d523a0a4;;;;;;
4580ae2e76e0cecb7f6227e9c5092305;;;;;;
dabf4ff230f49ea0f3a82c809699b5a4;;;;;;
da2966da26b8b1f27d793a7efef3fbd5;;;;;;
bcfad3e8be776738b714df489b079af9;;;;;;
2ab48f7c01877c1e1dbc21247d23b481;;;;;;
318597a6d23a6add5e6a0814bc2ff772;;;;;;
2430e47168fa6457ec7248c10445c4d2;;;;;;
0715aa3145ab1127289610caf63aa7cb;;;;;;
4347e972fb0b4520f7491169c9864a8f;;;;;;
e7fe4fa4a4b2c54fb69158c6aae477e5;;;;;;
42b398a603c9a17e83e2c127a9c74e41;;;;;;
ca27694f3e19b1c8164ec049d334b9ff;;;;;;
489addeb20ae6ba70e3e231d7cceaa0f;;;;;;
e9664e3108af48f931be7e68f24e5c13;;;;;;
958e11563a775147cad034503bf9bc1a;;;;;;
ed3d5896bf86026d0ee737a4f51b7846;;;;;;
4c6dfcf608bd0391ea778c1fdc496f3e;;;;;;
441a6009b82ef98ba71ab6aae97ccde1;;;;;;
4c61d6c3b3ea30f23cde8a28ed3b44a8;;;;;;
e5fb892be4b8a6fb1cce8de984b3a546;;;;;;
8839a92df1f8f3325b23bb7fc0100341;;;;;;
d183d2fbcbe0b9ec459f4c1ce3b39c41;;;;;;
c5dddbad621af54ea5a6d911c530d9b0;;;;;;
73498835fbc0163601208909436012bc;;;;;;
6fa5cc6f2c66c0b3c649e590362a4ee4;;;;;;
196bc4e938de979378acafe2897163c4;;;;;;
89c226e25dec01229bd94917dea44a57;;;;;;
3ec7805f6266aad6c1b68e3be50731c3;;;;;;
7c36090d0f5831c0bf48768b8039b8dc;;;;;;
47b4ea82c9ed304b4494976f1baf960a;;;;;;
8ba4305abf5c3fa06ab810a2d05e12dc;;;;;;
8744c261bf83c58d3acfddfb70466039;;;;;;
1aa226530020c1bf45c2afa709e560a9;;;;;;
114bc45c546e437c1e52a2d30ffd9cb5;;;;;;
103b14f97d4783892c3feae6afc0a0bb;;;;;;
9ff17eaab3033cb69ad54b4dd4411c11;;;;;;
c784f07aec3863923bb303b2aff3091b;;;;;;
8516ca2defb34bb980544efc330c5179;;;;;;
f6df573d49046b3a0de9c90fddabf6ff;;;;;;
cb218a350046c3f3d805ec3e1093e867;;;;;;
0f1a914984b9795043cb0d178b70b138;;;;;;
c2699f48140c650c9f70d8c8bf6a2f7a;;;;;;
97b06a6f424d7f8a632cc16f28fba248;;;;;;
b9f445281f9cb7e9b04d8addeb27e388;;;;;;
64cac0f5975931cafcb6402b7b82854f;;;;;;
22691d69576fabbcdea7f7cc78a8b406;;;;;;
2d63f641a4597834a87c6866572848ad;;;;;;
47cf587af7961b252fecc885298baf8d;;;;;;
0c038bf2e8f418220f07f3aed9a82843;;;;;;
f0ca7eacba61e225b895df1613f82aa1;;;;;;
09e786c3936bbe8bd9175957020a6313;;;;;;
3bb894608b08db2b5add9dc3b21c1f79;;;;;;
2aac37ee0773d5df04acf4f831947a37;;;;;;
16b3f8748d8844ce2306c2d9feb598d8;;;;;;
4225cbea184e3f2a22d8bfcaf25fb821;;;;;;
b0d173fd2c4cab47d181b7c818cbef15;;;;;;
edf1e8eb188d4219d47d05a933da05d2;;;;;;
21f429eeda81ce390dbf1e0eba1fdd0a;;;;;;
5025d74f28dc958b9874e709995ac4c7;;;;;;
2e8d27e38997ef26c2a0fec9149250e1;;;;;;
14cdfd1ed3df9a115f367c8975f8ffe7;;;;;;
4228ad33303fc0e5aae8eacff0f3c51a;;;;;;
b781d757b8088eea2a38abe63f788bf7;;;;;;
08a199db42c54d24b706d6719b92b2f6;;;;;;
94906fcf6afdd0b7623552fad0abe92e;;;;;;
f4e634b073ea552ebd020b7a7eeec46e;;;;;;
c5cdd152ac35e3e228d3e6dcf1f7daec;;;;;;
376557f03a2858cedb98ac862cd2ab25;;;;;;
8879ec8398eb7c6bad53f1247627ab96;;;;;;
c9f9a878eaee0c549998378c49ff31ab;;;;;;
52a4b294d195c98db3337a72dda38528;;;;;;
b4ecdc5f06daaf0d3e8cfe5a5849ae83;;;;;;
b33ea1f8fff2716cae5bb77e1146e3f9;;;;;;
bd76bad0d10363b2a8b9494d4621be99;;;;;;
292c47ec3f5909d7c2f4032a583d9161;;;;;;
0de1af6c253bd1fa3504c2d5e5797d22;;;;;;
d832b2161b3a7310d46e6c367cdc6b0e;;;;;;
beed10a8e219081727e21b42ae1963dd;;;;;;
6f7d268b8af8c58777999442d40c78f4;;;;;;
1eb67cc27a36cdd46ec2a3cd3450d5a6;;;;;;
64afb8152d1493f9489c600f9295e58b;;;;;;
7b426eb242e175f73f7a502c13cdcae0;;;;;;
4713f58cf7d7d7fe69dbed31047e1e5e;;;;;;
ccb8a58131f59ed0ae08838b7f2486fe;;;;;;
9366cc065a766262afeded64f9d4723d;;;;;;
261eb3cc36681881dcf58b6cffa14302;;;;;;
f2696210c09bebfbe61fb62203b0b641;;;;;;
b4f1fc41b495051a7a9d242f027bd1d3;;;;;;
94953ff8ddd7837bec5c277c4e12aaea;;;;;;
c6292a9e4a608d5b5ea9db7c8857ff57;;;;;;
7e73e999f756470f5ecc3bfb0c9b0486;;;;;;
860d42a2e73bc3034e099c17d938aa22;;;;;;
ec849ba1292dd62b6167f48f85aaa3e6;;;;;;
5a23d2eeb6d7932548bb16f0bf8399b5;;;;;;
628a12dfc70eb139a15a1a5e4b7dfcef;;;;;;
c72a07c483003d319b402b9616be8f8d;;;;;;
d9fa25aabfef2c55bba850753b73b74c;;;;;;
6b0d432b2c417e467ade8f4c8113d2b6;;;;;;
32ce7496913f59f7278d5e8a44ac2736;;;;;;
96e171b7d827ac300fa3b99bc1936d69;;;;;;
f5edcf0f3fe61489d3de5c453ac18bcd;;;;;;
9ef9e311e9dd7bee132cb0d6aee79c89;;;;;;
0d3cf189409be8dc756abd99962a09a6;;;;;;
83f75f02761b7e99b6d9713c222b52df;;;;;;
f2d43644101f7b2b8bc3e3ccd411661d;;;;;;
22acf451e059652c058f4d325d9a1511;;;;;;
2d838db60647d97354fdd36adeef19d5;;;;;;
22a834dfd82bd897da18d047d43a040e;;;;;;
15efe7f3cf627b470a57c218b8638fc6;;;;;;
c25b45bca3d924f5941a9c13a62360e0;;;;;;
8e01daef88686051a7532217545c055d;;;;;;
2dd3c3f1a98e0a581efc98d64a25f39d;;;;;;
5a12e6fd95552be75ff2869c4f6d8e09;;;;;;
6a60562451c2b6202d34f75b8c4dad65;;;;;;
473364e11dde5f36d81ea1975c1b1f67;;;;;;
ea9b9fdc4ba85d9ce59a8207b0775b69;;;;;;
b35b7550ce2e2a31567d9658fc3e5353;;;;;;
cda01edd20af4e13b555b4787522118e;;;;;;
2cdacf4c65ac6cbe78513c0d2a4df5b9;;;;;;
7a678e29ff5952a652b7972499d0ab9b;;;;;;
d9250d87dfffbc7b462ec695096ad361;;;;;;
446fe9d1229dbf78794104bd65931923;;;;;;
73be77bba84ef9bb9b28a0d206546d60;;;;;;
4fb0ae5306d255c9273b786dd5c9ad42;;;;;;
8da704958a47674466b770bee0406d23;;;;;;
0df8c7f337a7244f80b38a91e2aa54c5;;;;;;
2abd306f096cf7983d7fba9758582200;;;;;;
467a799c541eaf6d17ab79df6c5635c0;;;;;;
e259d576429be5753bb0498e73100ec6;;;;;;
74493a80cd402464ab67fea2be2cb3d7;;;;;;
325f5ba5dd6527e4b720fef4272de1ce;;;;;;
c2ad5578087a3ab88f9e819501db21fb;;;;;;
636e52b312fd08eb788a279709665610;;;;;;
1167eda7ae68ac8603734380425e0707;;;;;;
47edd621381bbf8cb9e4c21732fbdd58;;;;;;
b1a5aa6fef3a99bcb21fee770c2bc9c7;;;;;;
d7396bcd37b73a2c6a5be64265f522fc;;;;;;
312b7dbcd6b3af6efe833cc43c8871c6;;;;;;
366f1a62d55bbaf618a6cc2e49ccda44;;;;;;
d70dc195fe56f8e3434d6864f8cc2ea1;;;;;;
86e5f27f351d334ae25b77bc0c42498b;;;;;;
c83981a57aa705d86395e3574eb7211d;;;;;;
5e760f581a651c89e5cb1bd868990117;;;;;;
4a34a0ba29f05c7632b5caa30ff3352c;;;;;;
8b7b901aee723dfa2dbe8e087b788662;;;;;;
92c8dae33086735d42aaadd55ee8265c;;;;;;
443aca94e2246f45a5516a8348326c32;;;;;;
599cba25fc69ebebfd0d8a2ec68dab3c;;;;;;
a5e76038aa2106fea5c6d9deccbc503b;;;;;;
c1eab565da2384831211b5afa1769900;;;;;;
79e95dd0319a7c5c22451ddae2991809;;;;;;
d016035dcb9ca3553cf85eb3bf0f8750;;;;;;
313c7a90db89e5090f0d08441f99fe15;;;;;;
177372fc4846aacfca7d4914df5a1088;;;;;;
2c474cca386c5ef850ab190ddba3fe60;;;;;;
452b7b73052856e46cdc385d6aa7b4d5;;;;;;
1af7e156817410ec91654aeed73310c1;;;;;;
8c55e38a61b45d3efd142d9d5b34f77c;;;;;;
377a96559a954d74c875cada0a7c493a;;;;;;
74f105b34db28f1b1caef7ade585fd30;;;;;;
b4b7b8761ef8d66432dd28d5c9fcd9ff;;;;;;
722d51e73605f45195849ca9a56a1fc2;;;;;;
9b58feab0cead5f6aeb22e967b7fe6d9;;;;;;
68d5d95c5e8da950babb6ba8e1975d0b;;;;;;
7b035c666c7dd8418894d1a402e9b593;;;;;;
fe583c49ca04a78d1cc042bbcf4ec359;;;;;;
bff4aeec7efec4109f1d9121c02b34ea;;;;;;
b3f330cb0dd22e10b92af6abc37ef6fb;;;;;;
eabfd052078e627252a69192ca341daf;;;;;;
a49dc316e4a405236f3140fb74b3af32;;;;;;
8d1d4bd3bcf45cd80dff93a3cdedba36;;;;;;
ac3cba71e2e49f8178e4509ccbc516c8;;;;;;
6505fa2c26bf7b0c35bbc82176265134;;;;;;
e9986aa6b77e6f5e996a5569c9c8ec24;;;;;;
804240beb4d96dad0e256c385a484715;;;;;;
330df0830a18b9ddc912eb59ab1f9418;;;;;;
fd29e282365973fe45828f595ecc973c;;;;;;
641ae42b49da6de5851c9af1f858fc86;;;;;;
463e3691c050fbc3b04e3fa851d8bcc7;;;;;;
636aaa7864c5c7be02e87f9e319320a4;;;;;;
69790b6985948801d8e84b4a36a3fe20;;;;;;
e757a90c9f65a9f9cb1888ae0fcce2f3;;;;;;
29b327658f822088d19afabea10eb68b;;;;;;
dc2ba9475cea62babdb65c9b9a8b2535;;;;;;
02647a0b92fb125231246d0380d00dae;;;;;;
6fcab47b8f300480005a2163edc91be7;;;;;;
5c20a6f512fcf65d7b5eb265fffcb6ba;;;;;;
2846534c534c8b96106635302b67a0c2;;;;;;
39967509a723654316a96419417d7158;;;;;;
063afa052757c2205820719cd8e31369;;;;;;
a7b66b9871e57c48e22345f02f9e620c;;;;;;
18b4a44f8f8593dd80d367ebc51e9934;;;;;;
26e5e74a1b9aeb15918ba2c60a3f0590;;;;;;
3ecfc9375dfb425bc122e069ae168329;;;;;;
2021662d1daea03242298b554b460669;;;;;;
127d204e21950765d4db767b613f2ba0;;;;;;
90174ab26069e515b51b3f04393da95c;;;;;;
c459482db26dadd5886a8df2586d4a02;;;;;;
b08318b35badbe16ecd69325a4f9c7fa;;;;;;
fff61d5026b50930daee73913285dc57;;;;;;
def0039f73a6781a45530252bd7ea611;;;;;;
26a7f9cc6a4b0358c9eff66f11f6f679;;;;;;
fc6e6e1a4c32f3bbd4b39fc6b1dac54f;;;;;;
35f6c31c5cfb03553caf168e044093d7;;;;;;
94001827a6268e4fce08c34b4d39b887;;;;;;
98b01d39ef33e9ec5b3d2bbeb4fcdfa5;;;;;;
37bdfc20dc0b9ec1cde288a27b81176f;;;;;;
8d7b253b29c4b53cb5558a0e92c46e3e;;;;;;
b585fd31ed8ece0c56d0de9d98b5a242;;;;;;
67d27006aec4f17ac0878c93cdf53122;;;;;;
3b58fcf6160ec0e8639fdd318427c4cb;;;;;;
31433b9ba51039b1868ff7108020b6b3;;;;;;
a30929e0fec0a0cd2c7cbd4410be05c0;;;;;;
4c90981ed1b7cd681bac31970c454986;;;;;;
a6dc4fc5b72d8e58603cf501d70ba2bc;;;;;;
c3e391ca5cd8dbdc2ce1f6621039c00d;;;;;;
14364d34eb288332398a0c17b01342b9;;;;;;
5b213decb203e263c96817f7722ac412;;;;;;
ea68f83deb46bdae1d8eb3dc2b273e04;;;;;;
95ae85bdbfdd73af160b34264919629b;;;;;;
3d31ad52843bd6a01f7fb4b33d1b5b0d;;;;;;
522e202c9d05319c458a75213db7bd16;;;;;;
ac7aa56e14ec3f8cbd5f8e2ab84dc31f;;;;;;
3821c4edb72a161dceb35fe49f1ae0fd;;;;;;
5236c3312107a28469c870660afc2b8d;;;;;;
0596cc30eb84c5334d99379e1ea3e182;;;;;;
d01a441f2b55c95b68b4a47e67f4accf;;;;;;
591b8251f4ec637555343bb778262fc8;;;;;;
12de605926484aec2f9a8a12a28aa336;;;;;;
9b65ccae82997b446af20f49d9198958;;;;;;
8713686743eb8e2059f72cf1f42bcdbb;;;;;;
056157d06649e13f8f39f21db0b887fc;;;;;;
1d74cc4301920aac67e0a83138a9b89f;;;;;;
b6b1b34426b3e548aa3fc13d9691895b;;;;;;
f10016ed583470278c08a681afded3a2;;;;;;
4548fabd67c81d482f5cc0d3b0c82d4d;;;;;;
20688ad9d1ceea2f1335d62bf7079f67;;;;;;
4268d1be0fe593a647deb958830cf8f3;;;;;;
385ad0f53f67921a57f4b4620338d08d;;;;;;
a6eb3eb387056cb4fdd7076138cf2f8c;;;;;;
c93e776a6fb097e78aaf36d53cb2fad1;;;;;;
ce172f53c574ae0d0fee176d913a0ae7;;;;;;
7959f265a7f7ebf055fc217fbc2d765d;;;;;;
ae4f0ad501a3fdba6ab92ed5a92cb2b0;;;;;;
83e36e83222b7d6cd6300923e2bf6fb5;;;;;;
02e1b368efb5e35b1fa3bd60ab5ba5ce;;;;;;
2100d60dab4ca90533699471ab69ea7c;;;;;;
37104d39c429085b3928c0b1ac88732d;;;;;;
05644907439fac2e1177c74a3ba23f8a;;;;;;
938c6f2a46b001008ee092370490dc72;;;;;;
b5af249b54856dfd8d6a813757a24d66;;;;;;
b0e6b9686b7067aa0c8dc29c2c30ccd3;;;;;;
406f914584ddf9d21bf0e23879ee9ef6;;;;;;
d28a94716d569b1ac1a33be5cf3099f4;;;;;;
0ecdf3e1fc2f7614ea38e87453848e03;;;;;;
71022608142dc5d78dcda9d20cf671e5;;;;;;
92da19b99fd3165a2026f193e6caf2f1;;;;;;
0f4ce3d0af839ed92b33d627bca86921;;;;;;
000d11bfb89d60b65eae11f241e5e14c;;;;;;
19765e0a4de203f863b17129133c1ee2;;;;;;
0588abf318051b133c8c1d914b7ce7ee;;;;;;
5842e82021879f2f315a37923960b434;;;;;;
8349154d75093ea36cf379b518506e9e;;;;;;
95d71747ba2e66e51b06809c838e5fbd;;;;;;
9b2bc4112701fa3140008fee7f819718;;;;;;
86fbb01d3837a3ea90fcca57e4b3d866;;;;;;
e1e686d1e4de30422de75a31174115ce;;;;;;
177b1e43dd5db4a38f8b63d15ad2c377;;;;;;
8fe62c008520ab36dfbed030150fbfc9;;;;;;
e0615817db6a650b31399af3dab0e90d;;;;;;
cf434d24a4f8d65034a930b2fc5e645d;;;;;;
c95739bf69f5fba4c397d86357f86fa3;;;;;;
3d05a7eec12d98c015abbc23ca52225d;;;;;;
55b64628b4d9be860dd0c8776fa53bdc;;;;;;
e7739c064da5f32077c4ff4c04ca4649;;;;;;
75292f643ca242addb9f259a333b6852;;;;;;
a13da41f257fbf434ed9889ba51c4302;;;;;;
30b73d2652215ab87605fd28af7fd50c;;;;;;
de364af32aa534b0e5f86b6ff3dd45b9;;;;;;
72dc0aa134a300b4a286fc60bbd1cf20;;;;;;
57a5b11ea386e39da617467f3188f462;;;;;;
112d14a203bc457ac1688924b096b24e;;;;;;
f0cf079c28055e9bcd7068b40b84d122;;;;;;
f7567886304d254146e34379107ecb3c;;;;;;
ce3a1ec48a267ee5ade9cf64a63bbbb6;;;;;;
59225aa536eb374d3b44a4037c6a6ad2;;;;;;
5b70f96d99a6781520229f52c6739fda;;;;;;
6c40406e60afc38b6ad8e936b26321aa;;;;;;
090cd5d0823421aa0b5049c0b57759ae;;;;;;
f09e5f4a6ceda0392dd0c27f3496882f;;;;;;
b050bdb117e296f558e4ef98aa7e7b6e;;;;;;
42886f21b36eac3e99349597a9b2c2a1;;;;;;
901c86a165f66ce7d7569ffd45a2a532;;;;;;
f2f9b49f865354de5faea160fdb673e7;;;;;;
4096f5141b9f5f8753a83ef4ee748c81;;;;;;
33f9e8a0cd3b83c2f18aaea9902628b9;;;;;;
017e644adc1826524987b0dbfbef02c5;;;;;;
9ea95cfacf3d34bde5c7b7435622e9a1;;;;;;
5e6f8f7ea6c43bdc0fbaa3105624c1ec;;;;;;
f9604f204926145206eba62640bfbf0f;;;;;;
4acf3bd1e8b66a1f13338b12b7419712;;;;;;
bade925ed2f646b64f18bebd351eacbd;;;;;;
d18dadc16e6e67951ff89d38dd2557e8;;;;;;
ca64360b9943d2733c9f38ef9b127068;;;;;;
d568e0bc6b31e952b1e3df51115eb0d0;;;;;;
e3a056a2812aff37ac0876ed45289768;;;;;;
5411e3881be6b6888abaeea2d57fb651;;;;;;
ebed636c95e02fa439315554bc501d7a;;;;;;
d28896743860c0d8b91e0ecb335c3631;;;;;;
494e78b62c3086f9e752c02f2a20ed0a;;;;;;
abc2fc62ad323f45c2e12fa4922fa72c;;;;;;
201aca5329b17e52bb533b9aa35d7771;;;;;;
f2c3e710bd250f6208d2b833cebdf34e;;;;;;
5d54ab42503527b295d05c3f3083317c;;;;;;
ed4228cca326d87e671d1429cd41e76b;;;;;;
c8404e6339ef04fd7f3bb6ad63de68ea;;;;;;
a4aa80be3e7f43f13b5436239633811a;;;;;;
c31216b11fd70a1ba8ba085f58955628;;;;;;
984679044f09c83b133de9378c593f14;;;;;;
786f8a04a081c40cfaf00320d8d61e07;;;;;;
8dbf3a9498d4c4598a1a42dcdf0afad3;;;;;;
8558d74ad19f5e7f269070931d0c0828;;;;;;
0175a04244848900327c7a11418a55d2;;;;;;
a4d7b6eb633ff7d98ec48ef9dc0bb4cf;;;;;;
945d74ea26da85ffb52a4f2d6bb28a74;;;;;;
a61d515c05c920df488958451313600a;;;;;;
17fc367424c639e45ab89464be4a24cc;;;;;;
226317a6f261432e8744459d623b4273;;;;;;
e72eb7717e789de80a953f9723ef943f;;;;;;
e3b9e81f49ec8b205110e22dcb2b7b08;;;;;;
15e9aa16dbfb8626de0ecdcb3edfd187;;;;;;
ac29bb458471761a238c7b89ad1b7878;;;;;;
f243bd6eb16e00e6db172d59c061e1f7;;;;;;
a4296f8812921fd8cf0f48880abab121;;;;;;
7243292c578f6d5141f88f51bb1770aa;;;;;;
9a8017617ce9afbf52795ac1cf2a904b;;;;;;
a2cbe9a547bf14a3efa382c347f029f4;;;;;;
82b595da89985926ef9fe4bb3f09d04b;;;;;;
f968bbeb2a171b012a99e2e5eca236b7;;;;;;
0d52f0ac2f490c600b6b2670d86be1d0;;;;;;
1fa7e9a8ba5713ecc291f07c414de3af;;;;;;
df4193f670042934fb95324ecee4a3ed;;;;;;
602860113bb7ffe724a96a350ceece63;;;;;;
ffdfbdf67ec7dcec6d8a33afc8862b50;;;;;;
c51686beeefa284e12471aee6924523a;;;;;;
525dd11d5241883c8f685537b432ae73;;;;;;
a6b2a1aa50bee49edff58c0bf65e42ce;;;;;;
425b11b0c42a887c55f3e2872d84be42;;;;;;
28350067444c2cb232250142a51afb43;;;;;;
09e853c1c0e2e135b7afa5cadef5ad29;;;;;;
f8e3dd6bae64924c1dbfd24a43092803;;;;;;
074fbcfe9b2f8c6ef68a030163584b29;;;;;;
d252bd991b972f740947a69bd1c1a990;;;;;;
4f05b6cadad221b10fe2796b592a16d2;;;;;;
1145b46991d94d2ad29dd3e4a00fecd4;;;;;;
ebe2decddaeecb4ac688ad699cde5958;;;;;;
ec987960e532d3d590858b3e0fa9f282;;;;;;
4aaaa93ab90f368cf4e1ae006521385b;;;;;;
8d0ebac580fe9a923ae112b1831b5acc;;;;;;
1750c0ae73fc13d86601d5ca1ca9a43a;;;;;;
3af06e7f6c592a980484c6a540f78bb7;;;;;;
d6a99da3b21923a256b562e7c254322f;;;;;;
d0a6702e13b15c1917259c4f97efc5ff;;;;;;
7ed7d8e714d7d38761fd2e311af1aeef;;;;;;
e2afeb9bc47ee20ad95685171113cc1a;;;;;;
e23ae05e5e1788a3d81c7082adac0b64;;;;;;
d9d6f39cc7fac91c54ae66cc00722fad;;;;;;
d0123aedcc7e16abdee5e75403b04c3f;;;;;;
1b0d48506bab87d69752cee8f29010ae;;;;;;
b8521d004a1938a74868d1ed4b64b76f;;;;;;
66d45cffb73f44217bbedcde92f85651;;;;;;
baa6feee1accb2009b100cbb72db533c;;;;;;
49cb11d259d213cf63f34ad5a97b6f31;;;;;;
2b2534458426abc80a1f6e4d936e3ed0;;;;;;
961f7c8b651515d0b23d7b9e09f0303e;;;;;;
20a65ab40a55f4df956439963aeb27ae;;;;;;
ee894edd599ad75b2e8a4505abbbdbda;;;;;;
ed37389ed5d1a26df247ef9842bbb3d6;;;;;;
1e7635f0a2c5d369ee5528ffbe25e5fe;;;;;;
d3577556df0744dc24e0c45e6b1dc54d;;;;;;
ee1ee6d4ee43ac571dbdbba5cb286fab;;;;;;
1ff2ef0b583c664d3b09380f89709f6e;;;;;;
b2f0a6106cb3ecca67429e27ed8db12a;;;;;;
691b347e17532fa1afb34a21df085fc7;;;;;;
194c9b9b0c46d40b0605440b488588c7;;;;;;
f0277ad6a43fa3c7b0294812a1368e47;;;;;;
9f3143c48f3b6e19ec63a037685ba288;;;;;;
1e4a7d1efb297bd45d159f24ce5fe52b;;;;;;
b623ebfa2cdacf68ad8838a95a79ddf9;;;;;;
afe9a5970fc0992b4d0f744172e3a7ca;;;;;;
3c0ae19c2a18a9c61870328469d85636;;;;;;
ad82f74b95865840cf24ee6f35338422;;;;;;
9c3b5d7ce922510a55b91f6e858047b4;;;;;;
d23960da3c1a83e23b503cf3fb82d099;;;;;;
14f36a76d2a92f820d3016bb478be87a;;;;;;
ba7b8676456c6acd1b8d3325276512e7;;;;;;
d140d0d9777bf102d4f05f8a78ccd863;;;;;;
e03daa24b349732e5a9724c3ffc2d5d2;;;;;;
66e0b238d0ef38783b7c13a27f2542bd;;;;;;
e743991179caf8c75454dd7713025b41;;;;;;
ac150950e99fce4ab12daa33009bf50d;;;;;;
0dd88d04478101ef344a1abea6131bfe;;;;;;
eb4b937c5b4ad3d4c0b61b54dba6a08a;;;;;;
6be2be37c91116841adfb31d4c484d87;;;;;;
dbaf1114fa8328e3c6399e6c3dd9cfc1;;;;;;
988837f59d902e293a14084fca5b16d5;;;;;;
972fb9703c0aa5065ec7acb71a36d856;;;;;;
6b66fa8dc0fd7d82b23dc34b196fe14d;;;;;;
99bc62a8ead94b2fbcf65cac75acaf39;;;;;;
b733643a3c46dc5b9947399a79127fe5;;;;;;
6ac13aa5778bbf11c6c0e4ed21c57a70;;;;;;
5eab4fcd5205d40b6432e37473fdbc83;;;;;;
56659de893e96f7584efa47967a2772d;;;;;;
f2add44dfe74781db07e38727064c307;;;;;;
af6c6760abf2259499f434e196dd772f;;;;;;
d452a5431fc42d9ddd7260e1cf9fbf45;;;;;;
dc429d260a956a9434f70c4ef88afd0c;;;;;;
ee0a9bfeea1eb478cc03f5599816f825;;;;;;
509e5245728315e8ffd3e9a8c086c152;;;;;;
b8ee92638a5dbf1a60ff32a9eedcf24c;;;;;;
eb6ad05711465b635f24cd5e7b876a7c;;;;;;
3827dbe68ca121c4d3d88271265d4c2b;;;;;;
6e3a024f802e6e7be7ea4cbfaa401337;;;;;;
f63b68e3bd164b6326bebeb7d72ebfd2;;;;;;
f9512f56024322a6ec3ef19bd2fc2c47;;;;;;
c8db69d6705fa5238b9863afdbfe0c73;;;;;;
3d22ac381bccee50f2ad7b8a5642e1e5;;;;;;
48e70bf50c0d35204cdebeb38e8fb79c;;;;;;
c4538049ee28f3741f157ac8bb53ac64;;;;;;
d31ba20daa13f03b8960e2fbfe19dc79;;;;;;
73364c0275827c413b8eb7e4e0f53347;;;;;;
55bf47a07111639478fd930382db4313;;;;;;
381742b0a69c5ba6fd94f3e53cae9a19;;;;;;
429031c587071fc61dc23cf82668fae2;;;;;;
7df3ae0b874c732daaca42aa3497ad8b;;;;;;
c2e06b60dc664c4982d4b608202c730e;;;;;;
13dcd9727713f53e2e204dfbd865a52a;;;;;;
45d662cecef728cee0ce1eeb24358793;;;;;;
8c2c8b451995c23877aa7d101643cc29;;;;;;
897fcbcd21a9dce1cba8002113eee0bd;;;;;;
ebce75173ca2758d35550c647182170b;;;;;;
efa54be3b362bca1fb852a7f1cbd1cd3;;;;;;
4cac8163499c490c4d30e0106a7856b5;;;;;;
5176f9fc473d4e430d2f0fdba2a1de21;;;;;;
60f07ccaae9b87fe2f0792338efaae0a;;;;;;
53226f4bd5f4b55bdd669cd6cf0a9020;;;;;;
1f472b7ce6c1b34c8529b5270044cab5;;;;;;
79436c78b33fb8b8751a1175b89cf7b3;;;;;;
bf5dcedcb4fa3afd9185eb554cddf11e;;;;;;
ed28708a3e8857ebe943b1c8de1d7998;;;;;;
c42b63d78a085d6801cef60d61ae4c1b;;;;;;
82b349c2815ea74f224e3e8a80c2a7c9;;;;;;
3a35a9d48509bb6c46ae8c34e3231c37;;;;;;
f45807013d44a5e997105cfe843513b3;;;;;;
63da3b868a887e9a6f674657d083eb77;;;;;;
c1dcb40da7f8d61780e05d6c9528cd69;;;;;;
10ef9567856f315ca6e9f1758ac3c0f1;;;;;;
a3122959ef355e5f312fbc8cacef6075;;;;;;
19e3ef241e4a48c385694f53329a1fd7;;;;;;
1e400312d05e29013236f21552aa7b5d;;;;;;
b0ec69d51c626b280e3ff9af23567953;;;;;;
be362da7e0755f721cc4ba589e8eac3c;;;;;;
e470b2c819037261783d04a225779e58;;;;;;
3a50c51d6a21f11dff4c69e31f10287b;;;;;;
b53be3024c599553d9e7961b0498bf7c;;;;;;
f920d79a04172e46427545af3ffcc943;;;;;;
5fea136c5a72c5b2fde06ad68e09d683;;;;;;
4e55e4ef93d8961d25e10a4999bf9cc3;;;;;;
81b85b38d907c7a29342e25764f2b38b;;;;;;
b3aa7f95a3b29707fb8ab2191e0b0c0a;;;;;;
71fe09fb1865352cd84ae002e9ff833d;;;;;;
bec4ec18dc075c3eed9ebb7e059915e3;;;;;;
9e4b1a7f70a9fa3f8b9c78d33657d1f6;;;;;;
ed6b96d95795ed7557e3caf3d8ec2caf;;;;;;
2a8205b30d83a1f2cb855784ef50fb21;;;;;;
d72c21045d216945ccd3663c32b4436f;;;;;;
2978d2096cedebf2db6211e7f12b4969;;;;;;
d1c9a51a77e205bb55ab7bcbdcaa5bcb;;;;;;
30631ea5f8806f57b6c8e219a92e9823;;;;;;
3fb73b815367769cadf2a69fa8b2f59f;;;;;;
f2401464afb8888ec791369dd0547ad6;;;;;;
0d52922d9ed89eb724cbfb69ec760135;;;;;;
7bd37a06f5007be6810889920214b659;;;;;;
943674f165fdc7d778b8869e01cc23cf;;;;;;
a447ea32932876b3dc8451033008758e;;;;;;
abbaccd397fdf65e686c95b49295dc07;;;;;;
36414717f73f40b1c81cd65475aa4731;;;;;;
fe24361f21e725788b3c9fb470616b31;;;;;;
b07d327a66ba30eaf2d1a597ac9ea616;;;;;;
3d221dcc00d832e129f3e0860f433d0f;;;;;;
4e85dd63023e21ef2aba802b365fc343;;;;;;
4647e53c55d0d96b6eed2d57ec822b61;;;;;;
ddf53a50c690d88f340d59b4e416c187;;;;;;
84905e72c536d29b95b7fd0ebfa992b9;;;;;;
9579cd769bfef28e803e287727c4e981;;;;;;
ee2c789ea8e343f1735839fae90f1c06;;;;;;
e065655b21b67ca8618155864f0ed62e;;;;;;
df9c13c1e4277b89bef000e7e231d11b;;;;;;
62b317b291f6d396bec79862c7f98d2a;;;;;;
2a27e546316f89b38aae3d8ed8d86eab;;;;;;
2ac83cc09b0828b1948379ffbc32adf1;;;;;;
ae2939454f27228dbd51c661326e4698;;;;;;
7be60fa8976f9995c6130b1d075d879a;;;;;;
d343a9a947af68182c130e284f8be4dc;;;;;;
80b38452e8f689811b492a6921df49c1;;;;;;
d628b8c5000d1557a59b70dc03f79870;;;;;;
5cc569c493b5d193a40218fb6f91cbcc;;;;;;
9ecfad42219a574b559f7ff720f55ff0;;;;;;
6316b352a8f81e70574abc2323e4e072;;;;;;
fb05f663ff4cd6f4060cc2fab9888827;;;;;;
09ded1d534f43f77ddaa33cc668454ae;;;;;;
1f3ad62d7aacf38c3761278acdbe5c59;;;;;;
d1ed2126b3e79dd25200e39370bf9489;;;;;;
5319fa2fcec6f45767055924d0993e09;;;;;;
ddd168173a453995f8de3759c06f7541;;;;;;
094fe1ccfec4b2fa54e8876ce1f761ad;;;;;;
1721ec2e4c67cbea7986688d1732038d;;;;;;
04254df8524fcc1b302ab2cbaf9a1203;;;;;;
033a4320fc80096fc5e53c3d4a925b6d;;;;;;
690d95f9fd804752b0d010e959ffcbb2;;;;;;
5e592e9351bf86e2dd5615c5f36b534d;;;;;;
288dfaa70e6781b5f0c24637205e1d8a;;;;;;
ae6c89853d07d690c93e8c552f3d7176;;;;;;
793600c9ff2f71cdf84206bdc38d48f3;;;;;;
a4e3ce3a317d8ecfc981df6a242ff068;;;;;;
6f67af9c8e36749daba338fd95c37766;;;;;;
72b275e29671d92699cd84efcc09e60d;;;;;;
6a6b80715d5008a26b8f08d5c4c43bd0;;;;;;
d246661bd0881d86f934d628d83aab2c;;;;;;
0ea40d356d44855b88e832a858aaa062;;;;;;
3eed2b7ad6c8d7a5fa119904a07b0026;;;;;;
61a58631ed43c9797d712493034630f8;;;;;;
80a799d252472c9a36e9c6e496782834;;;;;;
a3853907a7eb0da0dc987c6d249acfb2;;;;;;
55149a67f962cd1ff1e2eca2d2a0d8e4;;;;;;
3e03822f567ca6b3337897bfae6c706e;;;;;;
e9aaf684cfe6f4c1d011dd20fce8de44;;;;;;
29bec0bc77c7bb00aa68e646f2b59ab2;;;;;;
8e2620e8faf4d2b59b919d36b3032927;;;;;;
9f6285f6530f86066d07c463e05aa667;;;;;;
43982c04254b7777bd38233246cd5ccf;;;;;;
3c9d91cac4ffb7ac4b593a59a9d00f16;;;;;;
11e56b47aff3b888d12fe65bc21ad329;;;;;;
da007ec994550cad7dacd56e55de304c;;;;;;
a23e8ae5fde9d8d0b5f6a2615df1439b;;;;;;
0e3ea7756df670f2136ab692899ce5bf;;;;;;
2c8b5da10f764b7899f07759a2e3e65d;;;;;;
167ab895279b29c4b7f1d233b3715ea3;;;;;;
e1f36446c396b924d1b72ae30eab75c8;;;;;;
f5df7b832a8895d594d30cff0c8dfa31;;;;;;
7ee55ec4bedf3facaa3dc63bb758b196;;;;;;
52f2fc4b94cc0b0546828d2639a17bb2;;;;;;
b533cfcb71bbe10f178e94b4d9358fb8;;;;;;
de177c158969381343250a696e8c3aab;;;;;;
ab46a82e51deb024730ac68b045c649a;;;;;;
8cdd39611c2623b9ae893a03dffe10f1;;;;;;
8c8795ea26e6775c4168226d961484cd;;;;;;
69274f156d01b1963966e8c0003fc875;;;;;;
b1297e5fafa0d8096d7862d8ecb92a52;;;;;;
f14a0690cb8fd16b83e48eb07b936352;;;;;;
ad56778feef7a85b21165d9bb8ae8f8a;;;;;;
8934d6196a1e6cff209e999fd9c5bccd;;;;;;
f5a41db17ab0c54f97a7366609a793bf;;;;;;
65bab468a573ec2c95f0c1ce44189406;;;;;;
8f6489475bd0a39c5955c6a2be5bfed8;;;;;;
1522e937abfbcf98a096b48ef3192b03;;;;;;
0e21a850f63503f18ba5079b019acd0f;;;;;;
d50448b305f7faa363131ed5a282a2e5;;;;;;
596033cc2a6816868b93d9e909d59c95;;;;;;
ba0a0732c4c7d74b52e5a02e218a4fc0;;;;;;
56c8e7f963645a7761c08251ae0d92a9;;;;;;
28c14c51fbb54c16207323a6095a2fc5;;;;;;
502d6e044082474fd2f7c485d28a5dbb;;;;;;
1cb8736bc2dcd085dbe2985a82754047;;;;;;
d26d8aacb3f70c27fdee43fdfc2a49c2;;;;;;
8505aea8c2f5a658cf7b40015a194b93;;;;;;
76f1a8767abc4f08b7c2501829d9bed9;;;;;;
9e8a665b093b61dcc71775a42eab3a8c;;;;;;
4a5ebd476373981fee521ea8dcef06a1;;;;;;
60c6a4ba5e545b51f441e74118fdbb9e;;;;;;
51d08918a1c23586004ec56043431623;;;;;;
98928fe2e0b5dd27526a42b9128b95eb;;;;;;
1fac4b49eb26da1f0fae3df5f200934b;;;;;;
81c263dd87088b3071be9af89629d242;;;;;;
93db4a838a3d7d74039be419240758eb;;;;;;
e2ec7e34931c6330e735f18f2e3e5344;;;;;;
37033f99d353793db24207b78d1e7361;;;;;;
c71bc9100f9e6f93a02921981a4af476;;;;;;
37448fb9ea26a22d49a2b1c8790766f9;;;;;;
627f120f12272a6957cc40d5e7ab15c9;;;;;;
36cf5f16aa83d4935b47eb8cccc1f2e3;;;;;;
63f8e8bd5916f2c3e9c57ead61775601;;;;;;
e59926f4c72b95f6eafa271e4ea3485a;;;;;;
3e499913db1edff06bd19871d307d735;;;;;;
477e8b63303b45a1945fc15ce2cb3dc8;;;;;;
a49673ea29521440f79e141d086020c1;;;;;;
4767d7bbbb34df72c4abec420087eaa5;;;;;;
3e93857e9617fec2d75c378035e64327;;;;;;
784a429d22058f293888ef6af93dccab;;;;;;
0543a1a2aef5887c916ab364b75e8911;;;;;;
18b72cdacdf134cd2854e9d838ba4a59;;;;;;
9464f40129e5af72787ac8efef1ca3c3;;;;;;
c57a4c4d15f0be579670f9cbcf989475;;;;;;
2acc98521c5256f1b8d6e4dd65293ea4;;;;;;
894afd98007268e60b2f6de6218a7420;;;;;;
eed03fb4e87e17bc42f24d5ab4f7e9d1;;;;;;
8aa9678186027b032a082e2c9eabd957;;;;;;
3ecfd2f151a42dc4e2a61e52caa77cdd;;;;;;
d53c21f2fccb253532d60922ff4af841;;;;;;
e0eb7b1faf6504f1245c831c746c86a2;;;;;;
51de98e7e88cc3ebcf4a7f7f3c1182de;;;;;;
4b0423021d445fb586540fbda3f08339;;;;;;
c85ed096cc55220838ceaa1b92d1b679;;;;;;
2073c3501f4411f66b8613a899463b7b;;;;;;
b1a1d237438bbd460001767109d2b7dc;;;;;;
480b6a6831e717b277a202d91b835791;;;;;;
9b4a85f6ed5f154f53deb213848b3933;;;;;;
d51d18b499399c8d3e7cfed761de7425;;;;;;
83951d9913b98b11651738097b0441af;;;;;;
6b7f8f87d36fb2fc86169a6c1c39d2b9;;;;;;
9c0c7273f9650d6f732a848c732be4d7;;;;;;
cb192177475ce185c1eccf775c9bea05;;;;;;
0f8d856fdb6103b611ab8a31b98a2717;;;;;;
50bb8098cf89c84d55ae3c1415ebb902;;;;;;
015c32e1440e28dbea685da96a5ac731;;;;;;
120d41f078e7a1b4fa47a8a5a493f263;;;;;;
0d7e42614e74cf555a0657ff3b5fc146;;;;;;
dac82332b351ffc9bd9d7729579cd992;;;;;;
2e1b47438efffc71bc8c2971626ab89c;;;;;;
79de66308c6aac1ff4d449e52bcb4130;;;;;;
f090a9c7ec5fb9aa04913eb9538c1cfd;;;;;;
83fb2454322f6cdc54b4793ae6b3486c;;;;;;
f3c8e3a7db6cefa7ea35816bf69d3ae1;;;;;;
5bd5ce13cf8fecbc827e996ed6dca57e;;;;;;
a788e92b2bee3df7c930e5321475789c;;;;;;
38e731b8b3883bc09f45fc85652348fe;;;;;;
d157810ca41338aeb2b72752e1226d11;;;;;;
95da2a3e59b37777d2723e221bd52571;;;;;;
a5614411890d9fb7ba9efd47d0967ce7;;;;;;
39a2df84ab9b4d0b8d4fbe638afb9580;;;;;;
ef218919b6fc39b45803c2f69b61ae72;;;;;;
cb1502cfeaaadc14b8c3fd05e4ab380f;;;;;;
1065168451fd19f8b6d1cfb3cbba740c;;;;;;
5bbdb0834fe0dab32a46bf7bd2a351ef;;;;;;
0896f307e4b2ae79606e1a6b9b7dbf83;;;;;;
ae7fe6d30aef418e22da785790676129;;;;;;
5ea24c28950b3d8bb659a99b54f793bb;;;;;;
b1425502cf77c980aead764332352d1b;;;;;;
79da467e389ffd92dd1d9af0302fa0d4;;;;;;
2d86ebc7fcd946c61d4c582b1c766dc1;;;;;;
bfc8bfbc5dcbd83ec95bf42494a81ec1;;;;;;
74940753616437673d9ad6a971b5684d;;;;;;
a6250293ba3f18b352fff4e5b7f121a1;;;;;;
77f3100fc57b46af500bcd63e8c2c8ca;;;;;;
6ace638e1c4482436f1f464d6e68c535;;;;;;
27c329f02fa8dc76908f5529fda951a2;;;;;;
3df8e18ca9475372b75986b007d317a4;;;;;;
1c8347a563cbe605b4e4ea088834c21e;;;;;;
220231030bd28c1abe018ca048c0c480;;;;;;
46e51cddef554dbce2b463fb85001e06;;;;;;
261f1dba0a6d59916ad73928b027c3da;;;;;;
72ff701cbfd4089685d817503d70b867;;;;;;
298676b50467af919e43e881ca2dd842;;;;;;
f1e268db984570fc60238e041b1e73c5;;;;;;
886bd67459f729a812f44ea1b598f016;;;;;;
6540c4355ef90af527091443ad77c505;;;;;;
146ce7f12923b431d5e6d83b878f7bc7;;;;;;
a24b4d58e6d9893560e2aadb981e96f7;;;;;;
6dce7c57e92a0b7c0709ee8687af32eb;;;;;;
50244585940daadcd5d34fc8c461b7e4;;;;;;
0db8ff7e2c3ee95a8d4da1bb079f347b;;;;;;
19a88ee1339bc4ff5927901d8fc6318b;;;;;;
f214d68621a146f9607f4ad8ff587e77;;;;;;
73a86a05bafb36be98c48b53b056298b;;;;;;
280b9eeb9f1aa97c080fa66a17d9944a;;;;;;
7ca97b2a73e56ba52d03095e731d58cf;;;;;;
3168c2ed31212676bd33ffca172f29d5;;;;;;
1ae6065423445fa5047c01c17d09c7ae;;;;;;
0c626a219d0be935dbc040c649c7ce36;;;;;;
64786f6628a3565fef5a2fb890f2d0e6;;;;;;
2f8305a6cdf046d43102bbd5d175c027;;;;;;
a285b308dd6bd4dc9ced920acf184ef2;;;;;;
9331fcefb0fad4a989a191b4008f924b;;;;;;
7345e889815bc0b565fad7dff1793973;;;;;;
7bac95bc4f20ff8fdb65092630ce9f7d;;;;;;
766ba8cc15e1b8bef946488f27a288f5;;;;;;
a26c4d9738990e8b7881ac7c2632f753;;;;;;
d771c9d6a02f7b86219891dab3d32a57;;;;;;
5af11c243a95772f9a9348ea7022e413;;;;;;
c09d57cb95d5122c11dd9f58285f29a8;;;;;;
837b90d4fd3ac9f0e6ec40719e1d4d35;;;;;;
306bdd2ce492d20c6312032fad0f6edc;;;;;;
2f7d0e7faea3b80ceb074ea76dcc322d;;;;;;
c2c9b31e36b78da2b06769d0014cfcf3;;;;;;
ec61b49974ea2620e2f9688ab2936f24;;;;;;
9c5c3c0e8b924f365ba56a0d1950f99a;;;;;;
6756d092252fb9f8205c05b54dfab2b2;;;;;;
82327ebe18180c36238b35f9dbf48e56;;;;;;
8ffca4105fb27ecaf5cffe6d40e00a03;;;;;;
b43da8e8c036e4c5da4471240f079d50;;;;;;
2c0fd176b34b8a9a97f7d6b47f9763e8;;;;;;
da44b2d08efedae48bb7240cce06ea36;;;;;;
264e809b79c09d2b2f2fee2af1229dc9;;;;;;
b2611b41c4186874e3d4f077433335d2;;;;;;
80f3d7a168bacb639bfafc96592a3391;;;;;;
70b5c1aff4161d23e49cc990f3c4a218;;;;;;
d1e3e333f3d86858c10e15f24f6fcdfe;;;;;;
b2c6f0eac3eb5c2854a68011cb3a9746;;;;;;
ca8ce486b969ca4c6766d74bb16dd61b;;;;;;
29f768a93865dfa36808b1c66facff09;;;;;;
b528af8466183d548bfacbf07c014c00;;;;;;
bae7391acb15b17e62550ae4d4de8b93;;;;;;
b7787ba6c84813bc0dafed518e8d2fd6;;;;;;
f63b7a2093763de98675ce24120369db;;;;;;
392ec2b594df9080b500bb76370380ee;;;;;;
7a04e6d9a5b716e1f1070a822e3b8b42;;;;;;
431a791283ec69e04da2df7634a0c3d0;;;;;;
c2ec72152592948512defc71c4c0ab8e;;;;;;
6c600c62870db7c5a485b1d57eefcf7f;;;;;;
7973836c0ca71769e91774bba46347ed;;;;;;
b682213f713af7bd6924ef28475a2ea6;;;;;;
a84ea29211ed6895786e5feb468046b0;;;;;;
221d44c45a04738d01b86b4003028787;;;;;;
ead0ff415cc7f763ef7a9e6263620813;;;;;;
e359a9eb8a8c41bff066561d5d39a4d1;;;;;;
17e3a0f9b305eb665a6f81299bc205f8;;;;;;
5e5edfdfd947542fea8d4c9311124d77;;;;;;
4b8277f6e03ea0fb5f52f0c8dc573e3e;;;;;;
bdc626f60fcbb46c2c530baf501a81f5;;;;;;
852ed2a68ff9da0027c2eee7e47f24b4;;;;;;
a285043b16fa2a5aaca44bcc9c63a8ca;;;;;;
11f9c4580fb77eed9b567aa0cffd8fad;;;;;;
dc64b14b48a42f4c695c101bf29933b2;;;;;;
16aa9ce784bd14e4ec98da96ab2f40bd;;;;;;
7d5697f41fea8c16ea3ba40027b0222d;;;;;;
0f44d463f2da35cd4e853770ca62be2e;;;;;;
8a78adec25d5aada4f87b41c0ecdf833;;;;;;
d5a1f545338dba78c020b299731d2c12;;;;;;
69772c68180f4756ad7ee9ca265dd388;;;;;;
933ed114db1dd12b12c448e1ad5eee31;;;;;;
33e87fbfeda8b4e508e2ddab0bf4e828;;;;;;
338b375429ec1361c8f66cb0579a7325;;;;;;
0b45122f67ccec9b106d0bb8aec27397;;;;;;
f79ef87a31b1495f02f424f037b7df83;;;;;;
461625357bfd341e9c1a3d36b92be342;;;;;;
a3e0271cfc95d7864be8bdebb3fb8b83;;;;;;
be015faf746641ea0868f7b55b3d0c4c;;;;;;
c6a7eb31c6eb4f97d2bcf1e36c1405d0;;;;;;
fcc624eb27cfdc0d797cff13496eb642;;;;;;
9bae438a64e84a383753efa1749dd3d2;;;;;;
ef0b04fa1627872ce75be30c3a665ced;;;;;;
a25a7cb28df85b155d7c085c2e8ccbb1;;;;;;
bd42d089d520c121da293145c2121a0e;;;;;;
05f2f84b9b86433d26ac4552da198b2a;;;;;;
d2cca2ff68f8ccac13bc085e330f5d80;;;;;;
20bfd8e0ff43139cccca2b2c9c308dc2;;;;;;
4b5a197aba138e1ac3013160fed4eb44;;;;;;
43b83387cf3f69c924a932220e6a29ae;;;;;;
5f093cd03b469c1af6c4ad3fd77b6409;;;;;;
963ec09d384bc45f7064415b22b29cf4;;;;;;
5fa7282c9ec92f676f7f457e202dd815;;;;;;
579fa178c03a0ca0a788bb628ac998c7;;;;;;
cdcbfdd1ba891eca5eb0e5993b17ea03;;;;;;
0066b0ecbddb2c17520f5555ad054840;;;;;;
1037f037592c80327e0b2a63fd17e198;;;;;;
9c85f67fb6cb32984a6aa07aeb35fb13;;;;;;
756ea8be0d91758dcbb77718a62c7519;;;;;;
670202d1d11ab8e248b3a577bf39cd07;;;;;;
20396a80d44bb2cc846c706bd6e649b0;;;;;;
d797ca22685eebbf547f443cf58ab88d;;;;;;
2822f2a5f88e5e4dc196e670056da8a8;;;;;;
37ddd6bd2283ab20491f6b9be9154276;;;;;;
4b652985e1cccb5a0948f6b43259405a;;;;;;
a4091df75b0001ffc81b48ac9444acc2;;;;;;
dd581a6947d02ccef9d1f95ae2e8d475;;;;;;
c1c2306ab7a2b4d8fd57977fc6105ee1;;;;;;
29c078d5c6f36b00eaed1807ee98d092;;;;;;
c5b2e3686d223ab585f6b856b855dfe5;;;;;;
dd2b9acf695c4824e860026be07999a4;;;;;;
243e03cdc3849575875c46c4b0d4d2fd;;;;;;
8b0f223d20935e854ddf55901739c67e;;;;;;
47eac07e343b03d02644ba19b583b7a5;;;;;;
9913cf67406bd471f714e13ddbbb5978;;;;;;
e382d647d68a01a3de70dce3ebbf5d4a;;;;;;
ebab4bb5840cf5ec2901690efaf766f7;;;;;;
bd56a08dee204a1c41b57fdca2514b14;;;;;;
0b8bb2bc2ee6a8bd02a8e22e14a90e86;;;;;;
71ca9bde3b00d7b6a12c0479183db377;;;;;;
107cd554db241320c5b3415c68c30ece;;;;;;
410909385f27be650eacc381fd4a72eb;;;;;;
64c2d49fa0d4d35c3c9f8f20187abd07;;;;;;
4d5a6a2e3b7c08868dd00278a6e20a00;;;;;;
d17d1bfb8c0d62e8b511eccfe0941cdc;;;;;;
eeecb3292ca3a2dd81b34d600c99dbfe;;;;;;
d617f1749cb92a61b63d4d35ac4e5b41;;;;;;
c2f232b152c694413347fd93affac556;;;;;;
5b1520cd8edb94eeb3de69222d33109a;;;;;;
5af3c48491357a8d296426748e2b3a3a;;;;;;
ec87b0f9022da96f80092f40182f067f;;;;;;
cbc64934b0ce44a06851152df639cb86;;;;;;
f73f62a8e1d8150243e2899b221fd692;;;;;;
6ff6c9233f1222caaffc70f4004ec354;;;;;;
0231a5691afa6291859ad61502803de2;;;;;;
9b1b0913be4fd9de98bbbc55d469de15;;;;;;
bac4599536064bc8090d09c14ee36600;;;;;;
316db865228ff51c28e89f6865181103;;;;;;
0524ff26d7e6a3e2cb26b2b07de3e3fb;;;;;;
0f0c697278f568203bb00f9f64e04a22;;;;;;
c8ac21a157ad98691caa1704367a0426;;;;;;
df19837101ee14de296ff2a9f0006b2e;;;;;;
fd9c51ab401f81b8c6b556851beb2d37;;;;;;
02df8fb34ca089a901b71ad6ffad2056;;;;;;
8a050205f4b5addf022e7011cb282f3e;;;;;;
65e768f45834f046246bf658faef50a5;;;;;;
d92b41edbdbe28f4cdc771bc80b7c2b3;;;;;;
fb38e2ff964b8ae47db93085adea69a5;;;;;;
5f2cc93a12dd43f1295d1e1ec59f2fff;;;;;;
4263184871d3ef1c548f4ec7115e71de;;;;;;
badbfd2e2808687cfeb474ec2034d849;;;;;;
c55f786644bfd8918be4a55c4fb0cd0a;;;;;;
2fad01c342f6f17015506d24387e27ad;;;;;;
c0b63308a831332e12328b0452d42b53;;;;;;
f3f9f6639a367386ac2439873138943c;;;;;;
938b9925e676f6eda67d946b17183b29;;;;;;
3ee868b4e6487cb62df673de65e81891;;;;;;
8f153bdb432839db8c3b3139cd853644;;;;;;
631fa8973f7a918facf3c45e551e943a;;;;;;
ad78eca234fedf674f2d542ea8bcab6f;;;;;;
3a393770988a0dd8c51c4965a1463c27;;;;;;
52d4e354295a1c13ac69d482a35904f3;;;;;;
0494c90e29d9c87acd6096a9f8a20459;;;;;;
509b8b6a3dbfc3261ff27da7f35e5a1d;;;;;;
e9170174b8ac8e1ef411994007126453;;;;;;
fa9bbae47dd990773dba7e78a752defb;;;;;;
b6f80e4e0804f34307588032cd568a85;;;;;;
cd7132b7b4fbcb945929d1482ba3ad23;;;;;;
674c695e95557fffae0c42671bd39f06;;;;;;
638aea367fe53046ca46dc60b77e3196;;;;;;
2d9608ab84b985f62fc81f7a2e566ec3;;;;;;
c49ffdb66c00cf9de35b5b5b5b98bdb4;;;;;;
21d8d19f956dc62c53f956e8fb6ac51a;;;;;;
a1b404b381ef9d9cba8d97a50055e4ab;;;;;;
cc6fc7c2dc440f79bc84b74bf2087271;;;;;;
f6f0bf6683cd6d2ebaf9324957c2d066;;;;;;
6dc4dd96a28cbf8dc69a73382fd2c45f;;;;;;
db2dd07c356b37f0de02043831e7ceca;;;;;;
969b0b2abff2ba9a9c3c99716789c708;;;;;;
48ad56b63d6e7160654a0c406b7a5310;;;;;;
de1ecdc79e2a04eee34d93184ccb61e8;;;;;;
3ae2fb20d6b69a3af2f374e749776e54;;;;;;
5637df08bc9775fb1d1f7570686e4a10;;;;;;
190c6a64d135e9440448eca7c1f0c33c;;;;;;
a92e9e588557c7ff8b61e7c6227b561a;;;;;;
d4a925bdfca2b14e58eb6904b9c05992;;;;;;
0b29c89afca089b20beefdd119831ff6;;;;;;
5bbb88ceb0a01a580216cc2b71a3016f;;;;;;
b8e5d8f39e15e646161ccae69b264ff9;;;;;;
2b374f308d9c526c49e88927970caa79;;;;;;
629ce56cb9e15b5bc073d2ad87eba0df;;;;;;
a47a30f2ede44a1b924b9bb81ba43525;;;;;;
bd845b2719d1edcf6bab8b52f93c280e;;;;;;
57fd33f8ff575b1998ee47e49205f024;;;;;;
f9c657987d810bc0cbec16d631b3d6e1;;;;;;
caddb77ff29bc9ccc808bcf6022bad6f;;;;;;
912ec47eb1b41ca74545ef3e5e34e3e0;;;;;;
431eaf5d7577edbb2125fadf3f4ab247;;;;;;
1ab3b1ef38b51c19a1555bbf5f0d986d;;;;;;
6e011e4ce903cddb3e3fd757422ce7f5;;;;;;
6ad1806bbdeff7bffaaf5ed91591836b;;;;;;
6d3e184476a3774586e32d1e8f5d532b;;;;;;
1081df25f2b84f2f1abcc133d38b113f;;;;;;
67253ab854fbb8cf384cfa950423fefc;;;;;;
533b35a166fd72c768ec383b34a7628a;;;;;;
5fb09584f0351e07b7b6e93bd1fa540f;;;;;;
e271d45bc38d6caffab255a1e0e8bbbc;;;;;;
bc0d0ffc0edbe10b65608aa57bd57a23;;;;;;
2836a51a76123f19c9b1eb86fffcbb41;;;;;;
3cedc4bfe255a58497b043400cf0ba8c;;;;;;
06f6ccac168473eb43138511800c92cb;;;;;;
13d821d435ca25a32cb3d8383236f1b7;;;;;;
dc8483b38bf3af5e13074a3c608ef86e;;;;;;
c46c1ef8aee8f37320ed3509d9a3ec4f;;;;;;
7c4bd47fce1680a1933ab1332b1eedf7;;;;;;
6ef2056797ce82e6af274003a57ae154;;;;;;
c8c2fc9b9cec177277425fff25bd4042;;;;;;
a56e3ec63be2de130e1c36682492ef1f;;;;;;
a9d7a12a90dcfe87bbf663bbaafcbed2;;;;;;
ed3d5a858caeb83e95b3c2529978e428;;;;;;
728e94698d8b549df01cd2f5cd9ecf88;;;;;;
3c268fe400fcb71e99676c16fab6a5d4;;;;;;
112ab69fd135cc1898ff215875df3ff7;;;;;;
06cd7ce38583db9c1016b5996640be8f;;;;;;
07e438cec1e769fbdc7edbac279d7a88;;;;;;
bce13b7e41844fd93f7ac54a0fd5038c;;;;;;
8b363ac67a71f7cbc5fa3fce34230538;;;;;;
b018039275050344b72275e1e78549b4;;;;;;
7ef1c83100e53d7a2274521c4a534bbc;;;;;;
85a7802c2d79bdcb481d06d59c90468e;;;;;;
ebefc460c69e3973f8d92d4ce16ad36d;;;;;;
19252a39da77675c9fb483e7edaa1c5f;;;;;;
d1b3013bf9fe892e65d75377616ae37d;;;;;;
c46083fa299e53190f968f4304dbc33a;;;;;;
bf0c010428b43ce10c8a0e47ac1cb64f;;;;;;
994d22e8b6b256a7357d4ab3d120f247;;;;;;
b13e5cc9e8e92d3e2c12da4f3a1370a9;;;;;;
d170657f6c738b5216a5f16800f6d824;;;;;;
fb07426c0e715bc4a8acdb0710506c93;;;;;;
a943ba9ea2b5ac145ca84c59ab14ea13;;;;;;
4d916559afc30f4dbd7c40c030ce82b5;;;;;;
c1c1195e29ce07a1476858fced939d0c;;;;;;
7d3fcaad2aa6c790eb18e726169a99c4;;;;;;
8bc9bca1b101b1e6161d13af17a87ada;;;;;;
e8ff114d377215da96528679603b14bf;;;;;;
c161e6bdd039ab9140d2af8d39250bce;;;;;;
42c486c62f076d5bc6ee6349b1836aac;;;;;;
728ca128da0207c866bc760933afea91;;;;;;
f6e73a04960e5cf8605f486ed70ece73;;;;;;
7477687aa7a3f3ef3fe6d4d53caad761;;;;;;
31b4667b3c4ea82dd370bb34debf6200;;;;;;
30b6a372953aced7da6088d7229c532c;;;;;;
a1da75597441a12771bed07da12b80c3;;;;;;
bfc2546d03e43f277c0680dcba5a6be7;;;;;;
74c6621993f6b565e011f5e5cfaee4e0;;;;;;
19a2fadc1201262d86a33d5eec8d1f58;;;;;;
2719418ca2796b3a46998b763f3590da;;;;;;
832f67a91ce8028df54004ae39f3370b;;;;;;
06bd36453bc0824ae164c39893b43e7b;;;;;;
00339f9a538f4fef78d513a1d0a8207f;;;;;;
0a8e821e058c9ed1ebe8402af8aae72b;;;;;;
3852c7e69fc9ad2b361842229fac6e78;;;;;;
c7da8ef008b2108d5a8b5a7a119accff;;;;;;
104a26e8481fc69a0e226329467ef662;;;;;;
f098644c5b0f7d4c06877518f3e3855d;;;;;;
5f2e300871686005c02b6657a7da2428;;;;;;
48936317d70b4d725b77400782194631;;;;;;
eaede2dce82eccdfed9ac2887fcac8fe;;;;;;
c1ec5cdc40729fb77cea28caada64918;;;;;;
8c2111773781a4c578f1d09f91c48178;;;;;;
ae838f5987c6cb7e239a2a87265d0434;;;;;;
7ddafcf4afa62b8c7e7c65e0b9bdbf54;;;;;;
79e20942cb11e9a4ce52cdb0945c9e8c;;;;;;
1e12f595b0709c345f47d4092a63c129;;;;;;
c7c085fd86cf313f7221f0c0f2b7cbab;;;;;;
b450dd97eba0260dd7c937939eca70b2;;;;;;
fde3a789f5c0421823aee94619de3b98;;;;;;
f0ee4a9f80d213684f4967d2b251ee0e;;;;;;
49ae6866d7a214207aa403b31c381b64;;;;;;
a8bd845df4c7af6bbc07f87dfe684278;;;;;;
400d09c12b94449f2ef08d93fa6a74f1;;;;;;
9d956f10ad0b6fcc67fcd3e12521a492;;;;;;
9886e6325833d2a0e0ea021f6d87a720;;;;;;
750ca16f1349dffc11bc6e63640e71ea;;;;;;
1e0acf21f549bd920742b39a9e52a1f3;;;;;;
0ce2a8c4503fe464229be1f5d0732448;;;;;;
8070dc32706962675e786c31a6644be1;;;;;;
b64a339c80b13a7c847d2b4ce309bac2;;;;;;
5bf27e3f48fa2f7593aac71a596e9ecd;;;;;;
20410e836ca808b5c174656f467bf351;;;;;;
0a86a93cf0c0cdc3f39952e56a2dcc6d;;;;;;
7474d47236c764124e4e63f589890ce7;;;;;;
5c17ddddd99c1e27415f288847fb8509;;;;;;
6d14fd3e12dce179e1b8ed456c4f777a;;;;;;
08cb1fe5c78ae8db29ec2b8f2e522c8a;;;;;;
b679d2b8a6e1c3037a962351773af211;;;;;;
29b2ddd2e19cde7816054f1619a9c257;;;;;;
5fa60f930a5e40e578f277946ce1555c;;;;;;
39f95195e715afdb9b89dbf26cbe1af2;;;;;;
8d415b754bf8579a4bbd5372c65d7492;;;;;;
c4aa3f5184d83d3820827956bc5cdd90;;;;;;
8d6beb95bafebbf505b4300c9d935b33;;;;;;
de24c468fcf585f588bdc26dd3e555ba;;;;;;
f29ab64e6562803881c6caf937e3ea43;;;;;;
bb548f22bae265be7ecc9008e3aadcc8;;;;;;
62d22b8e1bff4248f9b8305ba0c9ba13;;;;;;
6444936d43c436bb11a1669127e3c1b1;;;;;;
a35af5e37e3f7cf769d8fce2ff10f31d;;;;;;
fbae018bbafb8f1c3386e01791affd17;;;;;;
16109740f4b46c10f3b8d7515e988c34;;;;;;
a017e148102338e4f8cda0e4fd3ad92f;;;;;;
88deb0777dcfc0798a72a6ceac8a4941;;;;;;
5ad7eb2c62ed48c9289a11e7daa5e4b9;;;;;;
46e1fc73d953c1d3eda2819b4638de96;;;;;;
254d136fe4ed1b262c8b93bfb3bc64a1;;;;;;
467e872b5dd9b9e5039741865f3ec4c6;;;;;;
50b7b35fc91c23929389d5c9980eadd1;;;;;;
2a220eb04a826ff4ccf232e41410d9b3;;;;;;
0e25bfdc6a317f3fb997c3149dc9ae03;;;;;;
1b83a0ffe268ea1db42c007c74a58e79;;;;;;
b58abd31231c866088e36c18ff917d94;;;;;;
b9eb3f93d7d9ae409817c921c7a53cfd;;;;;;
a9536dd33b7b067ad413975355fab184;;;;;;
d18681d11b128e5b9a30410fe24a127b;;;;;;
460c57c359ca3ac3242985ffeca09ffd;;;;;;
a34fcaa9be98f296bf151253b137398d;;;;;;
d9a92aaa91cb4b9a753d5bf603122411;;;;;;
52349e0d446ed97348e8c78337433f88;;;;;;
5b332812a54f21375eeb2224d4eb599f;;;;;;
a4a78685c70971409c5b9d54f5001963;;;;;;
ce8686ad8a7463e9e3216ee9b65304b3;;;;;;
8cd1b183a3c0adc7dd3adbc91c5d8348;;;;;;
92d34249812638ac2916bffee126f42b;;;;;;
9e4338448ee63c31c99274b4fba87e8c;;;;;;
4ebbfa86c94ba2c2f150870bfaa1d752;;;;;;
1f8139aece7a4e0aa1e83802d7cf50d3;;;;;;
bc09de6fe0094d43b00ff12f19d4b434;;;;;;
c9f06c291b81a8cf31b56247f12f53a7;;;;;;
027be3dc4e5cb6db7d54d75561004af6;;;;;;
5fc934f2e81e1fb3d3fe580b28c561db;;;;;;
cfb44b63ef88f963e0ec55e6a0fb7d99;;;;;;
bdec9ec7bfb57ccdea2a746b0cb12b35;;;;;;
829ad44c4e18ddba80794321ecd9c1cb;;;;;;
a1b49503947ffa3884aa6a02a80020e0;;;;;;
7d4c41eb29d2d33adbd9471e13bc9a12;;;;;;
6f8e30d26d9c0ac1ec6be457ae1e51f0;;;;;;
52d230574fa8befdc663622b8fefea6b;;;;;;
192780a2e8e31518c536c72c8616b6dd;;;;;;
b7d427dc8f3361f119dd29163ccd1ba8;;;;;;
fc1922619c1ca14aca9665f69970e565;;;;;;
61f2dbef3da9008792db4e01514f0f79;;;;;;
fe722a720d8d3dbb87b62bd819b7fbc2;;;;;;
5e0a4ac52b4f2720c9046b233a9651a3;;;;;;
d953fb28f229545ec06fc6b3d7d77941;;;;;;
ed0c7ea697fa8911edd9a095db76446d;;;;;;
e6a965ab8036bcc63b61d06b007c6dad;;;;;;
c9a01edc5992d43af51570fec92a8bb0;;;;;;
976f720fa9a68197653c96e9c2528c23;;;;;;
566f772c44bda220d681eff854d2d0da;;;;;;
8b8e12bfa92c98cd94746d47021ac10c;;;;;;
e1abd21a4fca61c0954073a274a7e361;;;;;;
4b3b87d814b060723fb153cfb0e9b2eb;;;;;;
8a937b84eceb2c80c7ffaa165955c2a4;;;;;;
1cc3bf0f85e220a1dcd6eb95c570ec0f;;;;;;
acfaff0c1efc8d9fd710c8ad4ef9b209;;;;;;
7fe179fb937506c4b523fee4025efdae;;;;;;
9274870fa2b8046c36c1339e4b28c245;;;;;;
dae493e86653b96fd7e6ef37de66dd62;;;;;;
333168253f8e75c4e7b7c687d2b76bda;;;;;;
41a2c997b63d8124e8fee5bcd30db640;;;;;;
b0ab99466b59803c7490a6e30f8a9034;;;;;;
3abfb5c68b965a4b84c535ae100d0fa7;;;;;;
9a5dcba0dc79dd51a2f38a6a217287bc;;;;;;
520a413450ffecfad4b27f2aa2ff04b3;;;;;;
bbdf6788e593e833101cf6159ed2c5da;;;;;;
5305029f10b7b82668f5f01a1970332b;;;;;;
81d5d3236e3c656d7fd692584e51c285;;;;;;
bc253aa12b4c4d04acfa8bb91353ed72;;;;;;
24a67515a858af4bd1bd6819cfef6b70;;;;;;
7cac45639715322ba466b33f01dbd8bc;;;;;;
32a2a33e1b452c05690f4a46b858b3bb;;;;;;
72c5fd2ccd2b0cc2ab178c9d7888018e;;;;;;
295eaea29b8eb7a11191e1ec1efc1b24;;;;;;
b6cfbb8010642e61769a98e0a67ffc8b;;;;;;
62f950862f5f0258c2dd951262002dd3;;;;;;
d7816fe1fae451b9b6dd8af2c2ced44c;;;;;;
504178106e51646bbb3ae16bd6e52bf5;;;;;;
0bb6d412a6acbc3be5dcb7d28629ecd7;;;;;;
5ed07e672e57fb1d027b0094a4bd567d;;;;;;
20c2eb217a770880dc875daa51f73671;;;;;;
382730d82b512a30b613e4cb6da29283;;;;;;
f9e0f6098e1114d53d610d6e340e01ab;;;;;;
c9c16afb6a2276bbae322852415e86b3;;;;;;
a6a38078cd9eff88a3eb738ce3aa0621;;;;;;
86cf9f2d71b38a1b62e6885399e4a2fc;;;;;;
5ab45c2b2fede4239bedc0f95e5ab966;;;;;;
64c256a78a90762a1d142fb1d686293c;;;;;;
b06225180654eab46bb1c506732d125c;;;;;;
c8c0254b751c6ad8cd69583d5845f0c7;;;;;;
2329869d4dafe897507fc433852b7292;;;;;;
13e9930461d8474b86d936616429d286;;;;;;
5e8dffaf0cc92450f6ac0151529ec7c9;;;;;;
d9207a441272e06061a7a8554c1ac0ef;;;;;;
68c83c0f490b05cae691339de12b92c4;;;;;;
513e51924f6889a0e384dc086816e55c;;;;;;
0d52af04b95fb72c8c26dfa9e53c3b5e;;;;;;
d49ae562cf2812b657d6e665ea361b01;;;;;;
72eb1f9fdf1d656206a0a01c04a3af54;;;;;;
1d2da688c3780d5cf132cd8dc2b1780a;;;;;;
2c8a41eee05fb9dafda6004e3f07f695;;;;;;
0c5a8198fdc1acec424b1bea7b5af790;;;;;;
5f6d1b164772f8eb2840b56045b2053e;;;;;;
48a4c539707f8e6df910432b265178f5;;;;;;
ab1b4acedd23cd988ac2d50931354273;;;;;;
6f6cc0e57e4de6962928a8945ee2f15c;;;;;;
cd3a94b32d43c9fbb5807d72a59c647e;;;;;;
abb7bc5e695194c6b2847672b38b05e3;;;;;;
229c7332ecc5d3903ffc9ef881102cb0;;;;;;
05b35f1694ac7bc748031ec6c1612423;;;;;;
b90628d2a4b953b8f7fab33dac19a267;;;;;;
b9fa2492362ecf06cfcd9fb59fc96e1b;;;;;;
d3810bacf4a0a3b8707ec961903a5d9b;;;;;;
ef69e997e5bc633cc302943dc214dc00;;;;;;
796cf08b87036f7730e20a44ba45fa09;;;;;;
fa4745a313cd797588e8ec95ac6f9749;;;;;;
a8d6a18336bc1e3d386ef79b6beff42d;;;;;;
b637840ae48c3fbaf5acbae9475c4fa3;;;;;;
27519a65ab8e2e8528a7d5a9df139c45;;;;;;
0cb8401b3149acdfdaebed4fb506c26f;;;;;;
7e739ea93b10100ab30f8fad7c405b78;;;;;;
08ac7434fa4d2e9b6579455047329313;;;;;;
5f07f16d34210a339daeefd292de6c30;;;;;;
ac7c1256b2350ff199ab515946e5adc9;;;;;;
4b1b24875fd965594454dcfd36ea44af;;;;;;
83d7228bc312f4a89c19c64d263efab2;;;;;;
7aa5afbba259b5f36ff69cbd4ba5612f;;;;;;
52fed43261320f5de37a88846711b818;;;;;;
2ff59dadc3021c2d9e2ab3886a9ba8d6;;;;;;
2b046e2f05773a2121d7fd98dfe235c6;;;;;;
8b75e4b5aa5df6ae883593b890492b65;;;;;;
597968f7cfaaefcd9fe8f10443bbfd0b;;;;;;
aa4418d85468e91cb34adbcbdecd9e22;;;;;;
8181e9e43ad5defdd481aa036875d088;;;;;;
f22b9aef1bf1c459c8c10abc92613edd;;;;;;
9e5767868a87a9131e5917146f712fba;;;;;;
926acaa3d3051b77b133d91c170e67b2;;;;;;
aba9122308be8faf71715a751f68509a;;;;;;
4cd2d0fec38aaae8599d48f807fe8f9b;;;;;;
2c6e23dc18760f9b920a2d0eba98aa26;;;;;;
278a7d3231244bd513440cf937599545;;;;;;
21afeaf6e5c7e9f7db986811e515c92b;;;;;;
59804740ac19b955ae6991e0d9e1b124;;;;;;
0be96a49582b9dc41b52194528b38541;;;;;;
794998945781710574225c5fd0bbd0f8;;;;;;
35eba0521e802116b608738dc2e8acce;;;;;;
801561c784e2e59eb735e40d1f864ab2;;;;;;
a3ff2d80f2bcc38dde63784ff043a556;;;;;;
b17b69b733378f6517d0d83bc57b37c2;;;;;;
37cfb8278c185ba186f5e8ca6f749bb7;;;;;;
caa44bea66e84b26fbe80cc0cea6f4d0;;;;;;
fb78b8c247bf24c89c9967505f67a608;;;;;;
dc0426138a9f18950992c510ba9d3979;;;;;;
34e78c34e495d15f23ad38ed587661df;;;;;;
a7a2982bacdfd2d7c2533d927cd91e95;;;;;;
2373951d3b50dc3996343493988becf5;;;;;;
02845534b613432939fe94f3f4270535;;;;;;
90e20f57ea790f61d367c258b0158f35;;;;;;
dd64292f8464bafebc30e75adb8ad78a;;;;;;
318b8ad1e4cc250eb0e93570a39d3d81;;;;;;
433249ead0d4f7b5b24390ecabb9f5ab;;;;;;
1bd8b60b4421661c379ccc28d3101c14;;;;;;
2116ad1cbe832d898b4ab74f9d22d549;;;;;;
51eb01c9348efa10a5768823aa4b5d9f;;;;;;
e8dd029a2e79c216058e931c7ae8f4d2;;;;;;
2436ba1f0b10c490b3b0a0e90186f4a9;;;;;;
14304a70fcdbbf166e08e93e0ceed5a8;;;;;;
a640212a6c73c531d9ad3fac87cd5f3c;;;;;;
f4e55721734e44acc8376d49ba983e35;;;;;;
c521683bdbad2a535ab049e4e37dd970;;;;;;
1c8f70b9237e3d838d06e6dbde5e5df5;;;;;;
da4218b0e27949eeb4487fd383798bc6;;;;;;
d064eec4f1ce30d4148dd4f2b0188e26;;;;;;
4aa214bf4a0aa5c82b6b65020c56e1aa;;;;;;
02c2a6ce9e17fb9ae0094393dfd5a655;;;;;;
efaa160e7e61c6323203ee547c89e8aa;;;;;;
ff897aa1cba436426b213e50d68eb9b3;;;;;;
7b643a0f7c4c28365440cc87df417b42;;;;;;
c1a5adbbe429dbff88340f30b01a5ace;;;;;;
70d2b035d064516378b1121efde5b411;;;;;;
43ccf86a502d3eb868b16006bee459f7;;;;;;
07d9e243ae56bc298ed004cf2ecd44a0;;;;;;
e3eb98712731dbab6cbef8b905e5e107;;;;;;
8b692cb7e6d03b9f02550b975d8969a3;;;;;;
e714612abbdafab29ce17aea59e1204d;;;;;;
ca5e756fbc0d4e1f80c88102645eea1c;;;;;;
c8d1c81d06f4fd6d9430706f046c1247;;;;;;
fed5272f02ecda826b57e5925c9692b8;;;;;;
69f3318896ec06ec7fb225d9ad2289e9;;;;;;
8bb41a66f6a9557f0f3a690fa43de451;;;;;;
65e2bd33aa95c5771b3b2d9d158ad2e1;;;;;;
bdc81ce24343c158c12fed36fa081b73;;;;;;
f7923e12b3b93b416bb034f9ed633828;;;;;;
b81f9290d8d08d1bc47ef29768dd56d6;;;;;;
c70adcd22811499a99e167cbfa939e27;;;;;;
e37f1c3f2d60008b36be0f9b137d4319;;;;;;
9ab81f693b0da76bad0c2b07a51e9fa3;;;;;;
2bda34bf49c795502ff481a64c901c4c;;;;;;
0cd048dbdc8983022a451514d7602282;;;;;;
f5244a251f301eab2c7dd0f38ed7e5b5;;;;;;
96598742b94f4876878c46975409276d;;;;;;
bce17a04b3636e71dee48976216bedc8;;;;;;
4e21da99bb59e30602831f324852df03;;;;;;
46e6de70fcba1dc6a860a384796a8efd;;;;;;
ff3cc8724d2caadce35b4d715f1206b0;;;;;;
a8fa70671e321799c8d022c66505cc03;;;;;;
53170a9b1f73ea1e55ae5550676ae99b;;;;;;
cd348f8ef143e9041f62901417a7322f;;;;;;
bfb4f8d1a62d7129346a1d422a6f248b;;;;;;
3a6b5c4c0d6733d292a56773c671305a;;;;;;
367743b55eae3839528573b57c653b2a;;;;;;
f91ea62d85c8ccb38dcd26cf78307b9a;;;;;;
2a493f0b5b4b41cf9101eaf2c4f43827;;;;;;
04439d3daa7b4dbd256550d501a3bee4;;;;;;
d365b7381da255c416dc3812c69ad5ac;;;;;;
39ed22c245c992b97f456f97b371b2e4;;;;;;
4431244635f06a333c0575fc78b72d98;;;;;;
10c2a7eef9fea5f204fd576aca4556e7;;;;;;
7154a5ba57d39dbea650527303dbb916;;;;;;
9faa4552aad3a8fbceda0c374aa26bb2;;;;;;
e2d5dd216673fd84b6a0412a4bad80fa;;;;;;
9760992f82c4aef4c4eed3a6129f12b9;;;;;;
d56639dd4b4586f012f4d03169b05c7b;;;;;;
45b8ac1c2e1cdc758652800a1afbe65f;;;;;;
9dc945429836bb71b6fdede21107aa34;;;;;;
101e732ad39640be87e2972239b44c54;;;;;;
38ae26628511fa36e6de2a7c1e396f07;;;;;;
a772877753963b8cea0b9dcd03be15d0;;;;;;
6a5b3669b965870b39c939e64c67b7f2;;;;;;
cd493b4566f2d0aef2a39a4f80a1ae29;;;;;;
678cc9a4823bfaf42629507798127bba;;;;;;
a75907d14d30bfc9d45433d98373062f;;;;;;
b4778ce8551ee0c32c5e9cd647c3370d;;;;;;
3a0261411a061ce6cfe707a327c1daf2;;;;;;
e6e0d4578019a93ed2d0218d506f04f9;;;;;;
a67611e463b5cedd8089ad2ae977b04a;;;;;;
d2c36ec1c4e2e3bca32e5b7835c983ba;;;;;;
819d47ffbc3d5341836f2cef3fdfd514;;;;;;
dfc92d9d4239f6c2eceb3cef8912e57c;;;;;;
ed3e28b23f19b6b680dadd8ac60e6f4d;;;;;;
cd9b3da89cb6fab39b675d63daf47cc3;;;;;;
2ff2fc3628e992089dc120721a094d4b;;;;;;
e38cb5706ea967764e0e7c686d72a0fa;;;;;;
025fa6bd8e6660fbecd02437458702a2;;;;;;
eebab1baaf36730bde835d205c6ece3e;;;;;;
fb3bb9a8d4a345122115635c27cfcc31;;;;;;
c905e13aa1353e2dac495e1d4c7c2edf;;;;;;
db0bcfe41932636f0f721480c8c206d9;;;;;;
02257330621c8b260f61b535272c51e0;;;;;;
3494e317066ce4283fd0c82bc948eaf0;;;;;;
3e47adff9f6ce95cc97b201757a1ff47;;;;;;
d920be438227b143163ee91ab1a3160d;;;;;;
b3943247eff00159fe7ec6956205cf73;;;;;;
74a646702fc5fdf1bfd501a150c44512;;;;;;
a23daedfcd4d42890ed54d64191cca4a;;;;;;
6738730eb70a91975372c68479e35786;;;;;;
f05d12f6e2719041e73ed6295d7416eb;;;;;;
f312a735020c9cf84fd521648bdc2900;;;;;;
2ff8c91560721f4b369ccfcc19f9add6;;;;;;
ff25aba26568334f26ecd73d3eb4882d;;;;;;
19a4f099e302a855257396cff686577e;;;;;;
b8a51d99597f292a3cc228a76e381a30;;;;;;
50aca61bf5818e227469ec7795ae6921;;;;;;
b5eeac8bb7d18c90b5553c83ea313efd;;;;;;
3043f244a1faed003a3589a3cb17cce9;;;;;;
78dee0968057debcd643b35424c415ce;;;;;;
335c8016563c814e7afce4c9d2475dcb;;;;;;
4dc28f977fc8c8fae2b06876afb87620;;;;;;
1e4049c5c1c9e8083be4531758ccab49;;;;;;
7d97f9c8a859c2a9f04708d711e14e93;;;;;;
5117ef8e442c3bee7c73156b01f78fef;;;;;;
792cf136b190fbabe0af567f9efd7f5d;;;;;;
535fc544c65a165f6a17e2644271e44c;;;;;;
ee7fdaad4723edc9be17ec2a05445aa3;;;;;;
d9761569dc5217059677acc2f6e0e5a8;;;;;;
c72c188c5b83d136b515dd88be724bf8;;;;;;
14043d7045e13c945f9cd57f5bce33c5;;;;;;
71c8ed541c4e632478a25da10b728df8;;;;;;
282255e2117b8d30edbc13561f95d5ca;;;;;;
c263d84b4ea1c5bd2e67e4c9a5ade25f;;;;;;
197e7d2b5d3a13119a55e86abc274e9d;;;;;;
16f052a4bac7a2fb19002f2f15f76ccf;;;;;;
a32f1309487ecdf296a9349e081a3f68;;;;;;
27d56444a84a54ceca4ea40eac002d49;;;;;;
7a87682e372673346b9a67808cdef575;;;;;;
6822c18570e7848ce3928fbf885c0c4f;;;;;;
ad749723fb35b205ccaa4db53bcf4976;;;;;;
dc20d6ee0a4a307f9cfb94d02682dab3;;;;;;
75d1772563f63b2994574bd095ab03a1;;;;;;
0909023976a82f75efb23e17e891bfd5;;;;;;
610000ed8544f0f7ed9b8e72de78c331;;;;;;
59a0680d1d7647b4f5b4cdc67ec77957;;;;;;
a4f5d6510fa21b4596221ec5c0aac296;;;;;;
d9e37786ee28d45b06c150f33fa61586;;;;;;
938e5cd6c1748cfaf36ba3f6a4fea21c;;;;;;
f022fb40b3b1237ef3868866ccc87511;;;;;;
0662fad7b721e7913fb0e189b9e6a3ac;;;;;;
1e9ede48a8a3ffc658e959ff34e24a0b;;;;;;
91669292e13aa926d49b6a386acecbca;;;;;;
90b6a9070822acf009c2a3052b30c2ab;;;;;;
8b02f539e14a09b1536ec0f59a2f7c6b;;;;;;
0ec9ae0c9237bec2d62d24d75e2f6487;;;;;;
c2fc2ce711f093765b0c43b571986d62;;;;;;
a624d1688d60ea9c2438602c99e12f6f;;;;;;
517d4092f39bc31b17caa1e5931cad29;;;;;;
05670a4ba0c91570ce9f10af1a9acc3c;;;;;;
04f925a866025ee8a7baa78eae648b18;;;;;;
f8791d7aa6409e99b9f4f4f624015424;;;;;;
db9de908f0f97929774e4cd2b30e8464;;;;;;
e65f042000faaf5f392671a7a4014917;;;;;;
2266c181f854e02fc096792687804405;;;;;;
0420687eb6d18819bb392a7422e79d79;;;;;;
9872bbed96216bc320d8e8153da9ab69;;;;;;
4ab542ca4f3a7c13b5d34ed62f5bafbc;;;;;;
4ed36ff8adc9224361d49ec2df822a67;;;;;;
007ae9aa844881ae3fe5ce02dcac4fe4;;;;;;
2b7f2513c8e99ae71cf6ca0b588d5a19;;;;;;
a5fe3d72e5004f5f04a4efbe696ed4b2;;;;;;
c07e7481663fdf10208c478f64425289;;;;;;
bd7a84934ef0a9674f197838412106fd;;;;;;
2c4f1f8bb5b4d87e1428cfa5cd2a2148;;;;;;
bfdfbef3d2a18926ba787e4ca46d60db;;;;;;
b7dc8c5f0b8724450b38310221b0a067;;;;;;
664b36ea52fd32e5c7ac99a117fa5e4a;;;;;;
ed72546d064080ad0420f61f7b012272;;;;;;
fe0e364fdbc2f3e35196aa10fee85a37;;;;;;
d573bf12f303b08a4d9596705d0e9a87;;;;;;
4589acd52f99ffdda6796ef931fc5e14;;;;;;
b0ca1dfed3e9fdb7b43a33b5736fa823;;;;;;
1558d0bae23de92ddc250f249a0074c4;;;;;;
bdd6ff32696ce8b4694ecf36b9448754;;;;;;
8c03b5669ed7d297493b601c35a50d09;;;;;;
814addf0dad47a1c03d3d41bfab1a8c9;;;;;;
40e203e27822302b00e4d21f97a2ef64;;;;;;
e63e825aadf2f4044ceb11b7b5739151;;;;;;
a25e500ac647fb81acd108eb89be5b3a;;;;;;
391b6e603c427338e9336f0efb1b1a68;;;;;;
22b6bfee2ce163a4200d26f4c2615656;;;;;;
b6eb02ae91a8deba5b7fd7dfdcbcf0f1;;;;;;
d00969c397bd6b41c5b251dffacf8e75;;;;;;
031f5bd9410700e26210f2667d93d65c;;;;;;
52e1b7dc7ff7c8f9c89995a47b205ba4;;;;;;
054d663915fbedb4ba85aa61fff5c648;;;;;;
8eddf2d1c3da168f1b163ca5eb3cdb79;;;;;;
dcb95784d0467bea5c387c95b12affb8;;;;;;
74c333beb1ae83a84104352c82b3c67d;;;;;;
64dc712acee30dbc6c98edb17dd10549;;;;;;
1af52447bb981a031e133e120e3709b5;;;;;;
372083b42466d52139a83ba039fecd72;;;;;;
0ebb439a6d02a2b8202572f4f54dd950;;;;;;
72519542faec5fc1f465d0d57bddef4b;;;;;;
c8b43f1cb971f061f5a752272fd3eab5;;;;;;
58be5d6f11e900183384526d0815a634;;;;;;
d0001a03adb342a99cc61c4f4ec66f5e;;;;;;
e06f8b2a4b6299ebb6a5c3171a72e1af;;;;;;
1e8c1d1b3df25343c450b9df8469eec2;;;;;;
078263587b809d0ecab6c5694feeff77;;;;;;
c6bc6d84e1e7edac936675d0846d7fe1;;;;;;
916ad93712282c38dd5a2e72d19aa509;;;;;;
dd8db16c41f0fb2138e9cd17e379ba2d;;;;;;
7188dcdd052de6491294553eeffce8c1;;;;;;
81f73c7f2c3df4c3236d16f4b9b6fd94;;;;;;
acc309a10893463bd80df7d06fc82287;;;;;;
8a5952d06fcef83b46f3780f5538f37b;;;;;;
efd6760e359aeaa5a9f6a2f4c15d6a2c;;;;;;
80b3f1061f1c62de15c2bfb6419717bb;;;;;;
879adcecee2fab35d39c21f16904f0e6;;;;;;
9e8f30f09441108820c9f374b8698b89;;;;;;
f0c13556a981b7fd142abad2a37c1085;;;;;;
6e94d77d81d7581093db11d8498b640b;;;;;;
8a87e3b12c6ce82b4341412d87ea0ca9;;;;;;
3dfbe59e2d3732911bdd6e37699ad5e9;;;;;;
be2c4fb25b23d1b6b34fbc328ecbca3a;;;;;;
0f8c5b72448037e2580e2679e85ef33b;;;;;;
50ae517517bccf00820278a65a5dde06;;;;;;
b93ee820ba1a5e3ea73d88774c1efd90;;;;;;
af39bf84cbb87b745b313c1fd2f64104;;;;;;
34d675a8e6597f48b7f12de55b684293;;;;;;
bdef8a0a51d0f4240d19f00fdb1da308;;;;;;
43a4775741a5eb4572e2595c384156b0;;;;;;
2ed7cdad3dc252ccb2359491b10e864f;;;;;;
acefd6a5b3437d74b2434875e623f133;;;;;;
afba9fc568f76f728dbd4f31e39c99a1;;;;;;
ef832b540bf8949f629cbb138b47de45;;;;;;
9ef7450f02554cd9abc24ffb60bd0f45;;;;;;
27c88bab06c0fabb06293e8198672a9b;;;;;;
be12ac3fa99d5862ef73108befa09935;;;;;;
2a24125f7c9a18547ebd1e19e6a23fa0;;;;;;
1a4563fbaa381fd8d21153d9eaff7d49;;;;;;
454ea847b539bd29677d2875cc78704c;;;;;;
640a25eaf569b07964d420170183da73;;;;;;
7f753bf3c81ce528b40a3ecabb965750;;;;;;
4ff99bd2783e628572a5bceb0d2038ba;;;;;;
483cfa3ae7b6db1b41bdc296d06377b6;;;;;;
903ba74f77b38149a41f71099a07f596;;;;;;
bd5fd36010589f0b67fa30d89a16e219;;;;;;
b270a2121f28787e04b11a117b6f7439;;;;;;
5e6d5f5e8ca38d3ea0e425f7e1cd75d1;;;;;;
86ae002bb7b15119c63d527ff26d5bc7;;;;;;
97805c22e2586bfd9a9a306f77bc6f09;;;;;;
7531125c638c8f347cf02163a3530208;;;;;;
a3ec1cb87747fb92a697b807334de352;;;;;;
f0710cfaf6293341f9e30f2efdfa7df2;;;;;;
7795df0d112353af412c47a4b612b071;;;;;;
9ea341ec87468bb65d7ae936572c0593;;;;;;
43b0cef9141def0b526ead9daf9ef89b;;;;;;
05f0641e84e1bb2bc54e42653784fd73;;;;;;
ff13c01402ff74eab44f9523383337ce;;;;;;
ea08cba3d406195a10d7c72ac1db0a66;;;;;;
e7997b84e5b7747420dc303fdf831943;;;;;;
974f65d80ce4a08783793b38bc856cbe;;;;;;
b179ea01663d252571b5ebb16b56633b;;;;;;
24ec6202d8a22cb23ec19796bec35246;;;;;;
f932ce34e3b871cbdecea15ae5d308b7;;;;;;
5984fa54d9f8f3862589632fe0ea2b25;;;;;;
babfcb4f4a5f5ceb85d9a26fc09711ed;;;;;;
f85615ef0d5dc3c54426ab3222ee076b;;;;;;
866c77b89b8786fcf5c227fc7db7d1ee;;;;;;
258fb473d92c8bdbcf99da649611b7b9;;;;;;
ca6772018ce6ea845ce1d9246fae554b;;;;;;
1e4da30020960137bd890603b78af4f4;;;;;;
47471fbc23529709d22c9c320f0a28ac;;;;;;
32090ed72be6404814ce0604732ea66b;;;;;;
d1cc69703c4c5ff8576ff360a142618f;;;;;;
796ee72d8c3281ac90e2cb2500ad5da6;;;;;;
146db9fb6a24f4273d9ff595369b342d;;;;;;
afb8bc19dbabbc616f2458fd48ddb6b0;;;;;;
41868db42ba5d3d520fe387ca7ce470c;;;;;;
1fdeb5525b319e60e8f3f18e3cffe3c2;;;;;;
e63925fb46a23915d2a32c409b3a93d5;;;;;;
0d0bb17bfa222e20cef5bca1507a5500;;;;;;
cab7ae4a4579277bd3bfa9ba41adcd9a;;;;;;
36ce445258e16d0ee1dde1de1aae8d0a;;;;;;
b4302602a1d79d8e6e14ef4a39b707b5;;;;;;
f09b3e1506fdc24636c79e94d3b2af41;;;;;;
0e0998d3f1e88396f202aa7de7e9f59f;;;;;;
760a0ecf8b9a285af1493aa045c98a1a;;;;;;
007fe8c5550184b453bd442e97a5c861;;;;;;
4d8a18c909b22083197107640d071316;;;;;;
43153054f6b04752c3a8050219ac9a29;;;;;;
e5ec3905ee83fc8cf65f84ec05ff15d3;;;;;;
b7eb03985e49502f780b5575e7629502;;;;;;
3b41acd2e8ba600826e06fd528e3a8db;;;;;;
860503a3b4ebc1e1e01f8386d14f4340;;;;;;
0ade1b17cb4eb67f18008b3d9f1ec77f;;;;;;
4b1df1542861f044b2fa0e89c2350c7c;;;;;;
b86fc51c746aaa77ae92b7ef90633143;;;;;;
ec480cfd81aa79f4034258cdc5ad1b72;;;;;;
8b02c3e4c077fed2554560e2d8be542a;;;;;;
0b92b14fdf93a0445259a4e89d8e2304;;;;;;
396306f1779e6637cab0065cfa7ea6ff;;;;;;
312db18c986b8ee947f4e944c347de0a;;;;;;
b56a5aa80c9f97a4ba90f8b33d351d8f;;;;;;
47abe9328384b786ac4f23def89c78c4;;;;;;
1ac653b8fcf8da98887f1a5be865c679;;;;;;
6057af515d4404049ffce2ac4b44d50e;;;;;;
52052d7ab676fbbadc264ada435d2c42;;;;;;
96ca27b22424ab48e8a756e2e5720ee8;;;;;;
edc6c875730b33af8afe5a88d3254b02;;;;;;
738b971702ece154447c96c6f05619e6;;;;;;
a7d3522bb0ee1a71a16da6f7b6f16caf;;;;;;
354975cae7f94664a5bcc5de27adbf12;;;;;;
57eb5f7cab087a8edc78e659beae30df;;;;;;
f94572cb387fe161d4a41f5fd66cfbb2;;;;;;
7013ee2832e194b7042b6e460cae58eb;;;;;;
f771598bd0eeac593861b985f6c4df5d;;;;;;
beed85357c95d98aa9b4a65a5d4217f2;;;;;;
b0d4d20ac85f621acca2e2e3307ba61d;;;;;;
b848b8fd12ec112b73e252b3e67ff974;;;;;;
3dcc795d0bf0f39fe71d8ac649437a70;;;;;;
a4160a32b5855125e1021a54b2472e04;;;;;;
0611824867bbc560a8b4429c18c0fe6e;;;;;;
082c0a3ba3709e7bfc062e626247d415;;;;;;
466f35c4637ce724d9f869bdd89ab5db;;;;;;
30ca3dfc68c7813f684ffc63bd079044;;;;;;
74dc49e083608ed7c6c1f495c4e89e2d;;;;;;
effd333a6139f360a5817e864723cc8d;;;;;;
dd14233a4aac17a117e8fbb103505923;;;;;;
da8b08fde618a43496d160530d651e3d;;;;;;
a625f8b87f00162b1a84fea02cb27bed;;;;;;
a00598ad026c1adc4e5f2cace2c265c5;;;;;;
605549791c9058e70f77ecfc12515363;;;;;;
d78a3543c6b2cdb1a2e48573a8825146;;;;;;
05d5f58ebd9b96e5b6942bcada3528b2;;;;;;
33a6457ddc603e49bfe60892e180a239;;;;;;
b3e628079603cc0628f808897209c90c;;;;;;
007fd582735ce46e3a1ab97d8306d759;;;;;;
961dfbad34a843b32d162415593534ba;;;;;;
446368f5918b3c96bb94c30110c10248;;;;;;
d932f45585f96c3e39f8ab6a0ae127f6;;;;;;
b6559e1999331527fd8ba91539a69dff;;;;;;
a7e74a843f3432fb4d61e2c7643d136f;;;;;;
3187998519d14622d6b9da4677b306f9;;;;;;
7c7348c6e47ae2c97787046739dc4a80;;;;;;
a5c0d1152278b4ebf090c1823b409efd;;;;;;
cae1fbcd25da2d8a8fdf0a10b087b490;;;;;;
9ba0df1df5f6aacccb44e58a6fafbe2f;;;;;;
d7c7d4f5036c49fae0518533e48b9c70;;;;;;
357f907fc6d0c51496e39ae508f2ac15;;;;;;
1060dc498ec7e6504761a667551c4d78;;;;;;
d3dc7d3b655787b2a24ffb90332c52aa;;;;;;
d9e2543d28e7d798171cfe37587da8ca;;;;;;
ed08a5d9419d022c1b21b0a4ec5730aa;;;;;;
39537a5eefd32ce84a9627b4add63d8c;;;;;;
08e773dc60cc2e7514f04dee50717e72;;;;;;
a9b6fd6c0ffe3c84086eb5b78c7c468b;;;;;;
eed199195328fefd87a00a630d3d6170;;;;;;
1f8cad2e4f2ddb3cb1d29d6b539ab106;;;;;;
e0192e083f1f0ae24fe260e18b0c490d;;;;;;
6d802189915be0cf6564b2ba70515b9d;;;;;;
fd00889153674ef1e0c1a45336e2ef24;;;;;;
dc400a2325808e0ca4de58bee96d6844;;;;;;
4be348bb5aee26d4a5d16bf8df0fc357;;;;;;
23576e6e2b2471bb8146af9aa4d59344;;;;;;
c2fbda3db28174525a1334b8c8c9d0dc;;;;;;
3970d3587842c4780249d57921d8bebe;;;;;;
e0f6af2a8688e8b0f15b1cb3afda82db;;;;;;
2856561415331de122afb41554ab0eb7;;;;;;
844fd02fb80656b11a2af86d6bb829d7;;;;;;
6cb898d01f8c603a1678830ae115043f;;;;;;
e40e79ddf91743b6ed40beee38a7921f;;;;;;
0337328921647dda9746f6bfc453ae09;;;;;;
1fbf266fdeda60897140fa76712af57f;;;;;;
51614c7b99c667eacbe6a436e74ef790;;;;;;
69e113db8639d7324d8d9169d25217f6;;;;;;
18fa79c37af2d9d1527329c7ad1c1ee9;;;;;;
2c6c08f9f3852f0398162decd72c77f3;;;;;;
d3c66dfdff18808a963f5ba367d68e8c;;;;;;
fd49c70712c854613a135b4a1d52361a;;;;;;
12bd5f99f255d4ac20d356358a66b9d2;;;;;;
e4602daf1362383d24e67362a2fdb2eb;;;;;;
0b0af2cc932f1c9f2f11ac6befe83d2c;;;;;;
eef872329ca2e0f2ecbf913c9163ffdc;;;;;;
d394c0d41145819bc924efa46736ae0c;;;;;;
a6d4c62f2dff6dc2fa6ec63aed6e93e7;;;;;;
1c3ca2dd392c9c8c4036981c70ec7ac9;;;;;;
db808588e16b0de6f83a2626c87adc69;;;;;;
efcb7814cd86025d24921ca3617c5a06;;;;;;
08a7490e6a853093023dddbc87c7f7ac;;;;;;
54d49b6c0986db2338a3e1cbd4510458;;;;;;
98cc0f26ac8f713c37ea0e931fa89e8f;;;;;;
225f279d0f0f6a6fd69fd89e52b7d703;;;;;;
4d139bf1df01b8d08f70b95fa1339956;;;;;;
96e3249e34204add87a7fbc59569d220;;;;;;
1f5c0ed3a58ec527fb121241cabb2187;;;;;;
51a3a6604f7d21aa36c42197c5fae520;;;;;;
da79cc06dc4ecef297ed712ee6dab1a1;;;;;;
52c058674decb6adfe92dc9f700efeac;;;;;;
93877c73cd7655f9ef4a5b81b3289b35;;;;;;
2e8b5830271732cf0b79bdd4f4d68913;;;;;;
9bf9b0ada555062afb0727e76b162bf5;;;;;;
e0585218255c791555fd3ac6748ace45;;;;;;
ea1e8fe018decc63a786d66100f6d0ae;;;;;;
31c8e9b8fb70d66897d98f1b19f82a71;;;;;;
2c5db1d70f38309740d56fbd450acf0e;;;;;;
fa576117154c7b444991cdebeda0b3a6;;;;;;
56d35e9515313a78b3014b42fe3e582e;;;;;;
fc2cf1512b1a86bcf0f40e57720627de;;;;;;
e311f7f29ebea7d6f77400cdeb6961e3;;;;;;
44b9fd734e0edacbf9df6733ceded2d5;;;;;;
0f01b79dd0bcbe596b53f460665f3355;;;;;;
b56d5c03a27150668305e20d6cf5926a;;;;;;
1c2933c0a93885e67302839ce05efb14;;;;;;
d76650698b8338d7a7e774c4fa46dc23;;;;;;
daeb8097dc3e839ada1db4ad7ec8f4c0;;;;;;
01c2a442ae9e3be31e3d69ffa9d524bf;;;;;;
280396f261262f68f6400b80e1ffc47a;;;;;;
3cd966119abc06bce552c7e29d7e9612;;;;;;
31525752b10e0b22d648d780319edd9a;;;;;;
c11005dbef3798fb80a1213355567c60;;;;;;
95b14c4c829fed10da63cf5dfe5142e6;;;;;;
5e2b71b38f3b8172f6886017d66a5489;;;;;;
91dba43804def1d0c3428a810785e9b5;;;;;;
ac80c2b58f5ccb190d5f67ebe6463138;;;;;;
b8efdfc73f507d62ef3c2a05f0f894a9;;;;;;
8acc82e4ab21cba31603fdf8a82595cf;;;;;;
65b4b4155d162f0a1cd645221b382940;;;;;;
5258b7cf2626f72b6a85cc49782d55e3;;;;;;
c06a9eae13dc6daae1f5caa3088dc87c;;;;;;
7def5f2528c12baf53452d0f5d3261b7;;;;;;
9c2b73f6c17712244ff2be07071e4bb9;;;;;;
f507a84d606642f8c080a324b18aae6f;;;;;;
b2a5a4d155ae7a105950175241886ce4;;;;;;
4d7c885624fbd5e9f31726b16a472000;;;;;;
c6fd32939c24d97e48c0ad89e3563c7f;;;;;;
cb864c28fd2881f286e7426f5784d4d1;;;;;;
c7e9ba1b318e8b3b7fc55183171daf32;;;;;;
e8e6383380e4b3e7b9b54b052eae0bf5;;;;;;
c13bba75ba5319ca710a7822cda9a38c;;;;;;
5a74aee9d9f47aa22f50e7300f26b4c1;;;;;;
49b800edd7382bd274a4f9f2ce118973;;;;;;
37f65297380451d4fe068559e8dcd3c0;;;;;;
fd807a7745a325e0294125f6a303a756;;;;;;
b5e01d05d4d56047cc1cc17331362f39;;;;;;
6f469db154cf70f9e27e5ba78ab6ab94;;;;;;
3ba4e8d17ab733640180bed7d27ba2d4;;;;;;
c0feb58483b03cf542d59ad96a25b5d9;;;;;;
4cc28018437905d0aa7fa84b73c29702;;;;;;
38bc4a9649767d88eaccfa0569b23c40;;;;;;
f21130f92ea2915ec458d42c45811494;;;;;;
634550b484ae7d67e9ccecfa30c4e60d;;;;;;
b151652b5edecd7f3e3c7fb22e9ed76b;;;;;;
6b42dcd8bf9308292b017fec844900b5;;;;;;
8b9804777c50578b2982f0cf59bb1fb4;;;;;;
904e07446cea578788839d4cf19f57b0;;;;;;
cf396c5b8f69b84ff1ecfec72650c43c;;;;;;
faa2e24294a6099edae784398667d9c1;;;;;;
39efdd88dc0649ee999182b1e153ad87;;;;;;
8bb17056166cb344e4c6e41bebf30f2d;;;;;;
b4e0bb9c1ba00205ebb27a8463e1dc71;;;;;;
12adcf63ed6ce47a39b04cedc921fd72;;;;;;
7f5a116168fdf17b216d1e1cb9f1561f;;;;;;
544c2f849fd4b7e6eb117ee0987cc405;;;;;;
ead5de6cdd9b14732ffa13d1379ad577;;;;;;
0aec75f80bc6de4016a4cd7fd02ee3bc;;;;;;
281f84287c03a21dd9e6e65298a5992d;;;;;;
c5dac1d45fedefbf9f396f99a5a1e328;;;;;;
faad16e0461fb14b8850325fdafc819d;;;;;;
2424f41a5e9789fc3b2ce68be5d6777d;;;;;;
a4f8a6b3aabb21fe9fc62ff0bf3d8903;;;;;;
1dde096551e7438045bc4ae70921d891;;;;;;
40631e30ef25dc31a791efe478484e9f;;;;;;
3b5f018dc4dbf69b02d0924266384506;;;;;;
2f82d36ccd2effa20af819dcf39517a3;;;;;;
fe8eadc64eb841f7cce58d63f76a5ffc;;;;;;
ce93f6624dd16756bb0ad5fc7e8bf155;;;;;;
eff9686a7ee15e40f7945bfd1e679676;;;;;;
c98ad947861b4fc2acb58baaf23b190b;;;;;;
73781f16ef6c978f216e82fc7f702bce;;;;;;
0b25d8c218fc97f1ee834d7c46ba4f0e;;;;;;
39b4861f2fce3e9e2d0be2c835b91bed;;;;;;
2fa0aa548be94cde1516bedad6bc826e;;;;;;
bb0bd7980538dae574bc4c05858c48e4;;;;;;
6aee6a053f40c77605cc67acebc809bb;;;;;;
c34e40cf29fbebd8847f40b73c66929c;;;;;;
8e32ae1edea6ff14f01f3b85ab9ff824;;;;;;
ead14f575cd5e189a63771f9c1327cc6;;;;;;
21fcc3f908a5e865aae24d3061966eee;;;;;;
c559ccfea6a0924225abf0a2ec810dce;;;;;;
1ac48e68812df331f861aefbe9690a33;;;;;;
334c17584b798d5b89cc14585c95e1e9;;;;;;
b321f7d4d55c1577c355ccb9643ffd76;;;;;;
b743940f7cdbec2b14ebf6a5a9c06b09;;;;;;
2d3e4ca6ecf83bc0717c8637b50f551b;;;;;;
5e239c4af60efb52d6132477db52f7e0;;;;;;
cf5ec209b253a32eaab5badbddf4a9a2;;;;;;
b854019dc0f4da3382d559fe111a2852;;;;;;
507224bf22f162f6d1d123fccc3a738f;;;;;;
73d10dbbe44de207fc71a6500fff0c97;;;;;;
7924db811ceaff89182ee0c3459c5280;;;;;;
e57cace23609846b78e83d9bf8c8ad41;;;;;;
2ce18135227757ef3325f2d91711045e;;;;;;
1016cfa28e99ba4104de9c2ac2e74ae0;;;;;;
ce5e48c2773e7f86803c0e4acb0e297a;;;;;;
f10cc5ef2dc90218940f6a7c27230e17;;;;;;
0ad3c414eb44ef8d2c0659f52c309e73;;;;;;
9e615e7490a09354daa6ad60f1785652;;;;;;
b0b78041e67980b6105e22d488bc51c6;;;;;;
f7820081cfd4bdd8519f7b47be7bdc3f;;;;;;
9f59b83f1008a4d0c1cea4aa88e9806f;;;;;;
9dd932472e239da4e6648174929ce6fa;;;;;;
5e8f7c501b59850b7c164b05b5c01652;;;;;;
36f418b31c4e5e3be0a236b8b9f351d6;;;;;;
22c1427a4897cb2dd3722e75e2a66744;;;;;;
8fd73e40c7d8c1d3fc9046f8340feb97;;;;;;
0aa27c39f51c6de0804edce3b28cafc5;;;;;;
da22778eee9f665c627d22823a16df4d;;;;;;
a8066312db6704d35d8d84c8ad8e9983;;;;;;
9321fb44c2ff8f872a32e9157e0d5f38;;;;;;
0798f7cb0f472f6cc4f615a4bbc7f9a8;;;;;;
4c797d10fe0f6b2858faf18b395395ce;;;;;;
a083e80d4eb82f38d49e77670da408ce;;;;;;
66d212fce13e4d5f9454ec8047511896;;;;;;
21a18da92184f9b742219d1e80e138e0;;;;;;
23d839386e9262bc1030895dfe9e0c9d;;;;;;
39b82e519770621fc8073b76c1849214;;;;;;
67baccbfd18edfeaf78347d4e1b79273;;;;;;
fbc016d302b2340e7f56a52fa74244de;;;;;;
c04c69e9b200e055dca8b2efa4a012e4;;;;;;
411b66634e81aba78c758b3c9c20b06c;;;;;;
788bd295494dad4b553329cff121047b;;;;;;
4e8d333042cef0e92462e0ba2a53679c;;;;;;
381b2fced7b070a118e3ba1b5bc85e67;;;;;;
5ab1c90988fd20273b028cc55ecb11ab;;;;;;
0e269f773ead8273b55b81ed45bbcd3c;;;;;;
36369cb586d17c7546c678408bd29deb;;;;;;
150f3c4508c2fd88ac89d461062a02c1;;;;;;
95e304330cd43ed49c8901b30273706a;;;;;;
d9f5ac22599464d13b9529b36f9fdeb7;;;;;;
5b6aaa2cc6185f75fbafd0905b1a01ac;;;;;;
c9e2ae4ce4b326ee7045f68d47b94fd0;;;;;;
65976280125c04a6b9fbff35fc254f4e;;;;;;
545cd28c8a579f2e0b5b285014d7f8ee;;;;;;
c2304bd95222676c1cdb4505a85666de;;;;;;
dc79068f68ef70b4052fa63aa1cc7d1b;;;;;;
5e4747318ab9e9bc28d949c7e865ba6c;;;;;;
24cb726d30cc9eb6d658a1bdab4e41ad;;;;;;
a448f73dcc49db66ba8fe5177142dee1;;;;;;
175a657072d959d11b029e373246473f;;;;;;
13882663171083949541cd37b7f6afa1;;;;;;
aedea6dcf9b78bb821059d3ede268634;;;;;;
769b8475bf0b2a8603700fca72e15f74;;;;;;
2c546cdccf69d064bb4fb65ecec5369a;;;;;;
9c3c1a8f9a4a10be94014d61e6ce08f5;;;;;;
04b6a2209f3b794eca0fbb56555249b3;;;;;;
d45b69dec157bfbace216bd995296cfe;;;;;;
fa0feb9fad4a2b07e0fcd7c975cece85;;;;;;
b5cb4e8aefadf805c1147b106782508c;;;;;;
928dba1b97750f799b873ea622bf573c;;;;;;
7832d24e0ee9b6726f2c54ee2901986e;;;;;;
547dd03f9663365fca1d82b33e1a6785;;;;;;
57c0958eb0560e446bf929ba0f2d0905;;;;;;
596214368fddd4ba1f97f7125b30c19b;;;;;;
c42033ed0bac87079a4b32eaf915b538;;;;;;
0baeea296d32e165e7b0cb23b60fffcb;;;;;;
e96d195e10b3e1a6d89f72054482a337;;;;;;
93113cbaa1e912ec60b7e46a1270e98d;;;;;;
54633a86765287dbf9f9227751e8b2cf;;;;;;
74a511b92e0b6d5509aea903faf6633e;;;;;;
9899b8cd4dea9ab4eee776fd2c6b8d8c;;;;;;
e8a00b4112e867e2ccedecf25f506ba6;;;;;;
85bc89c931ac9065676472dd9ce7b60e;;;;;;
5e3e9ae7bbe2d3cce597c162b30d5af8;;;;;;
02192f6181824858a7465de35168042c;;;;;;
397af8621971b25357f374a2361797f8;;;;;;
7cc55183fdc1396029431db2f3631bce;;;;;;
3ec36763ca5ef7bfcec18d0ee15fa470;;;;;;
e51aeda666d89c80ff88b548ae4a70f2;;;;;;
75e6fe307a26762f9925cf497ca5d07b;;;;;;
2a93546ebde043b0a87d19e9c4a6dd29;;;;;;
d7803eedf725821ae90058cc25be47e0;;;;;;
6d4d59a928024492a6b7e38d3cee7bc3;;;;;;
7010ce0119bf9a0ec6e349e12f81d01d;;;;;;
7fe2adb34e2a86739e494f5f6f8dd5f3;;;;;;
9b39fd1808abd6a7fd24f9c3e0878320;;;;;;
102d4eb0deed2c890b5762759d774924;;;;;;
8c77d09a9b1f1efa5c26f0093168cfb8;;;;;;
6e736f01ec2c76c3cd680c957eb2e2ad;;;;;;
aed17222a1b22c45cf3468f1c8fd809d;;;;;;
a70107715abaf538e6a20add19792dfe;;;;;;
df454507452f8696fb5a91ea7500e070;;;;;;
28f5b04dade24d87abcb97f8e1694aae;;;;;;
dc77f21491a880eaf4aea2166a8177d0;;;;;;
606171bf097ba252777258f909450ace;;;;;;
a071188f2a6b07dabb34c8d76970e3c2;;;;;;
a3c2d8f0d83a5e8ad8c1a7093f5dbbcd;;;;;;
eaca96ab2f067cd5c66d97259b867e02;;;;;;
958629898ec82722e1b71307ad9018f5;;;;;;
c1f6fd11d51ae90307b851e0e7e26b0a;;;;;;
4bdd471f48b1dc3ee02ca2c6cc9faa46;;;;;;
d29a07aefa631b97a88be6404fbc529f;;;;;;
06998bbef205b480a0d038f31e74ae5e;;;;;;
6f91bd2f03f10bc7cab345669adee0d6;;;;;;
77e1cfc3a81647b213a8c99ec1035749;;;;;;
8a75b250c9bcd3889850c356e9471183;;;;;;
03ab54435d854704e6accfe9d99deb50;;;;;;
df2ba12fce085b1ce15257699db28704;;;;;;
76d74302a4cae45c4639e34073ff194f;;;;;;
b8282a1bbd376fb43ada5d9ede538edf;;;;;;
4847557386f0b451466531991ff2bd7f;;;;;;
e3cf7296f2cd9ca3c4184138b11a1cb5;;;;;;
25db2c5f6c22d0820f75ae3a59bea9a0;;;;;;
7d1b0bb1831accbb45ce83a5444cefd1;;;;;;
45107cb28096b0bef7662f028a68479b;;;;;;
94361953da392a73f817109c0f46b304;;;;;;
3d5761aa8e60ea58c0884b20c222d235;;;;;;
8bdb6ca0ed29022e9de152ee6343b5cd;;;;;;
3215a5d30bc9362f273fb32db20bcb3f;;;;;;
c350160e02c8ecf018bdcde06ea0b3a3;;;;;;
2dee3ac096ba417764ce31aa911cac7d;;;;;;
c0308881787872d4c535f483d36e3677;;;;;;
8f80ae3c811af36a76a479ae46d79007;;;;;;
fb438f0dd9823f4461012dc85dfc569e;;;;;;
e5af60c4b3215a4ae761e345157187d3;;;;;;
a945cff6b7f5560d6fc73caa44c2534e;;;;;;
5067c470c6c5fc4e9d89e18b8f4dbbbb;;;;;;
bfa526d552dc783034cf15d8ca7fda51;;;;;;
b5829b5940366264ce6d966695cb1b32;;;;;;
5b713ad44748a4b93d1a1dcda9ea6e57;;;;;;
f987b5c168095ac2a33f5de36cff38f3;;;;;;
22fbfe2ad855277bddd47597214dea38;;;;;;
bd75f4c9c5b91aab0ff1a7bb0c900807;;;;;;
088dae986301a1190c3d32353a8c7d83;;;;;;
6edf305db0eaffccbcca0e473e45ae14;;;;;;
6e05f1654a40ac89c5c16672bed29e76;;;;;;
282c47a2ae681b5fe71f9489a7d718f7;;;;;;
39b8ee5cc4e08a389d12e90908c314b1;;;;;;
3b3193f8e29a7b210212f907fc6afaca;;;;;;
179584ff9f3f52a1b91cc7f7692c68fd;;;;;;
da3b6764d943ea5437abe815097370ac;;;;;;
b878bd7a02e200d87847630313e25849;;;;;;
382039729ddc5d55989bb7400d2b0983;;;;;;
84c6b0636af582ee28a5c4d201ef70e4;;;;;;
fad655140b939f763721b02a5bfb5666;;;;;;
18967fbcaebc8389a587ef5922b45b88;;;;;;
e662f216d0bf58482d345775006db8e0;;;;;;
ec8acd7903e44930dd429aa725b87c0b;;;;;;
7a8296b74ebbcae5fb502c0aff10c5ca;;;;;;
5de66b951b2d06486753258008b8d91b;;;;;;
a5f055f5fe2222479753200590b5f1d1;;;;;;
9cdc99e3e34d3d1ff01366e8db98c071;;;;;;
94b6389813720745a3462fd19a9f12f3;;;;;;
fd551c1af6494c997f63376b6e0df954;;;;;;
921e5b511407c20037070390669e595c;;;;;;
30352c2e4a0e106fbc575b6d9ab029ee;;;;;;
56525e1610f6f0c8ea17392b5cd29a50;;;;;;
de747a216420ba630f2164ae33fb73ad;;;;;;
fed8bbea700edd83cff4ebf920944203;;;;;;
a6c2572cf0d3346e8870a22dcbab5c65;;;;;;
601ffbccfc7c4681916927d4a1c4e757;;;;;;
d30db471739a72c3f9fd9ce628e3897f;;;;;;
446746276353cba724dd23b94827cda3;;;;;;
b6330d558b93499a4ce6e5d65d5286f4;;;;;;
773a1a7c6ccf29a6f09ec3346c68997b;;;;;;
8e61133afb070c21c979d59f99c84131;;;;;;
fa98917cc3d6dbc3449d1abdf5436a42;;;;;;
cbaaba77e3836e8d875a05354f552b7a;;;;;;
21d0e99f38c4e1f8a85c624e2a6c7e2b;;;;;;
5dc6240ce4da6a318219e01c94d63efa;;;;;;
117e94dfcefd250f4b7cf295f756d31c;;;;;;
3437354dda151fe3cf39c45865125ab8;;;;;;
3795f14220e486f0fde82321f437de41;;;;;;
c56cba7f073470edcaaad4b4aa6b705a;;;;;;
8f4575ddf2a5afbf798038bd42bac3a1;;;;;;
1940bd79e5585bf656a132cb0d4f5655;;;;;;
967ec738f8c78c38c4f38dbde4e9990c;;;;;;
0b1f9dbd757012b17cb2ea7cca4aa763;;;;;;
f035e20c4b8fadd425fbe79b879eaf25;;;;;;
03cedd3fea27aad23fdad5e766abd42d;;;;;;
b06f30492aeeb0f56bdc06ab10b07a6a;;;;;;
0a8706ea86e48f978ca46ac8ba4e492d;;;;;;
a79367d5923e08e8501f87fbe70ed06e;;;;;;
a38bc19c29552dcbf2eb825e263799d7;;;;;;
c4827c101cacca36d4c3d768551ad295;;;;;;
60b0e34ac2211a2460a9e5bae3b4d884;;;;;;
1690d7ed83cdeb598b14b4f17de38971;;;;;;
d9ed57b7745b2fb23ace57d1fc27fddc;;;;;;
6a56fb157a15a57708e55fef7dd3c6a7;;;;;;
d8e7567f709bf9da942acdf4ffee619f;;;;;;
d8c36d9216f23856c9b99f41d583646d;;;;;;
8ca23668343488ef6e110827d13bd1e5;;;;;;
8081670ec46cbaa76883c920c78d6010;;;;;;
c004a1fa4d7c07217d4f00665f963645;;;;;;
b7e8c5a65ce67454bba5cdd6214a4200;;;;;;
58431491c4a7ce527fd17ec7ed29f267;;;;;;
73758ad9b21fd2dc0395a1fa6d5cd596;;;;;;
26954340dbd4fe81a13e59feaa0572b9;;;;;;
c6236c62a617fc81a6ff35e72aa3e36e;;;;;;
24b7f269f55c4463eb397a30275816cc;;;;;;
80ac59d0fbffd0bdd04917546906c074;;;;;;
bb1b2b94b533cf94ade9e94c1be21e0f;;;;;;
69af524ba0441a0e30805be260bb8e94;;;;;;
5bb38de4de2cfea67625547f829834bc;;;;;;
cbd42f5d004fe86c22d574dfed1b1cf3;;;;;;
ab071198aba0c6c2aa56f7739ebb61a0;;;;;;
3ee1fa82fcb1d9e1d13705fd429f6c8b;;;;;;
54fa3407a9d0e2c919977f23d144c89b;;;;;;
c988dbbb1dd52475a520220db85fa5c3;;;;;;
a99ffc2094a27c88de4d36274860bc09;;;;;;
3ba9abdabb028b64cb556aecf438c6e3;;;;;;
9a748672dc19d6699af35aa9ae3e4c9b;;;;;;
6cb67636bd5bc3278752764171371391;;;;;;
99d22e3f4b61712197bb47b4dabb5be5;;;;;;
b6a75026b1535222e86d3a45cb97528a;;;;;;
37ed99ef4f5b80a5be0a24ce890944f3;;;;;;
82cc83aa42d6800af0795fb0da6911b2;;;;;;
8d371d764423cf7c10eb8e0955c68d9b;;;;;;
6e76cb19d7cf77e360efa3829f1ae90c;;;;;;
7281c3ea4f46f194fd2ec4ef9b443ed4;;;;;;
0a124fb3f5a951cb08899dd2315a525f;;;;;;
32e3f68bbfb28387b5777e4fb1207163;;;;;;
888c618271ed9fc96704d3031652ff96;;;;;;
07a6164cad21372d5d440e981293be00;;;;;;
2ca835644bc30d3bdc0079947cc31177;;;;;;
6e1ba1a04ed8466673e969572d574fad;;;;;;
7ffe3728d266fce1c28227bea7e6c030;;;;;;
e1c622d0b12e86784760d3199b91c137;;;;;;
8bb9f41f99dc4ad10d489a8eb22e62c0;;;;;;
17ded074d9ac7499462bbfbf3d617bfc;;;;;;
ab485f905dda5a4f406ea4f8eb63f9cb;;;;;;
c206b3c59facb3783d7e93414e39da6d;;;;;;
4370f41cb4ade6fd058c7857c02180de;;;;;;
9cf38ed82e344ac97329a9531e7aca1d;;;;;;
3c26bdb84bef44f8f169eba326d51ea0;;;;;;
5e99f456cd27fe0404a280368af4ca21;;;;;;
5135494afe875320eb44fb65dd408cb9;;;;;;
810a146ca8d09a82514622e281b16837;;;;;;
3304501781135313539399f29986e2df;;;;;;
81036ca0e23eb7a4f88b103658a17de8;;;;;;
9d11849f8870e068130616d065eac4ea;;;;;;
d9ba07f1411fab547e986c73833c0622;;;;;;
d36878c0416a4a456d3a125286135561;;;;;;
9bb7a7fc3e5ad6404347c3afaa4434b6;;;;;;
223f56fa7af0ddaf35d374e6d8a0b550;;;;;;
d0f07dcd674a555d28da1c77f6633e63;;;;;;
ebd47a6d06eb7d2ef3aba2df1b9595b3;;;;;;
528eabe18ab3367b3707a865bbba095f;;;;;;
c5d08107de2f4aad200809975a819d62;;;;;;
d9929761250e69618a15aebf0419fcb6;;;;;;
e9a7abfe79a58dd6bf62d14e61e66cdd;;;;;;
a19776f87bc2271e98779931d3f4eb25;;;;;;
79e8f297f02a58fbe0560912d7e362bd;;;;;;
67413f613feb089356ff35593ce9db32;;;;;;
f5ee4ed9674ab8462648b343b942e8ab;;;;;;
cde6c8586db8b0c46c989b0f73aeaf3d;;;;;;
9925f3f0448449d03cd5cd4aab16ef29;;;;;;
46a0d8567d26fc1963e96eed814de5fa;;;;;;
f5503e79399f85d057dfdbbb6d417ca6;;;;;;
4b6c849d77a3aacd46c253cdc7b10e3c;;;;;;
e382f5ba9f2670c5d6ad0609ed933205;;;;;;
246e1b28cdcc41e030cfdac07adc6ac2;;;;;;
4a6e5b57e2bc6388130cad994ec1e61f;;;;;;
2474705c7e4553adb63d0ce3de6d49fe;;;;;;
aca877b7611436586b08a6e8562afbb2;;;;;;
7e4a4da9a6f78ee4e9fdd0080fe50732;;;;;;
51dbc4e9403a42272047dba5b3ad6a3e;;;;;;
94280568f13616c5c43adeb680979a95;;;;;;
73085cc386bb1d466f41136131dba8ef;;;;;;
086f8f8c6aa23843ee88d701f4592c45;;;;;;
5e5dd5033581806b65bd6bbaf4057b8a;;;;;;
5b66d0379d10a291f01ba138210b64e3;;;;;;
1cfb41188599c938a84e6fbeea36bbb4;;;;;;
b3a9fbee64709b2bba144446eb1f64f4;;;;;;
31e56468b967f7c77361b8d4a17a5205;;;;;;
10f7d463a85ba79007614d7959364095;;;;;;
f71f6fd6d4ebb2a299c4cb961cbca032;;;;;;
e959a0b5a2d2638bdc51e3230fe552ee;;;;;;
1f7e41cc3d748e4363f2fb3a3bf27397;;;;;;
d260853946a7a7e1e8253548cf82c6ef;;;;;;
aad7684d4cf4d98b9121c7ee5b0460b2;;;;;;
4f51e0568a2708387431f3fbb9c05475;;;;;;
83b0af25a81e27733b4cc95b665b9cf7;;;;;;
0e615fc069486404ec0bf00d2e05335d;;;;;;
72662cdba6d80a16e6572fe9eb2a2db3;;;;;;
ee62b92e7bce9fac586d5509d59ce843;;;;;;
f61b3024916abf92c2cad04a2c847357;;;;;;
314bd2f047f4b7ea53655bae7a10eced;;;;;;
c88a94711cd6d232fb3b2968b0b368db;;;;;;
b27f96909984b0fd7484568d6b09886a;;;;;;
b3ae9caf4dc793a5d5aefb293ade4493;;;;;;
cbb02e690e3735d3de50c307aa6b3e9a;;;;;;
fabc23258f30f352fba398d457237ac4;;;;;;
3261e5f8caa72d8b13149235bdb9c2e0;;;;;;
95640a5141c9386dcffb20d11cd12f47;;;;;;
8e32f3d2d2cc1c6ca9fbe529c14bb68e;;;;;;
0fd9ba128e58d34388cf4d8b3e8e290f;;;;;;
09c387b80b3b90ed631788ce21141c21;;;;;;
4204e291b1ff8527582ce1b381afb3d4;;;;;;
d004b5254805cc682ec53b4c5890d2b8;;;;;;
f8157a999be860551cb40646328fa894;;;;;;
029e9cd296e0fe764a0a21834f630d4c;;;;;;
e786e34a566f677099e1bdb9e28035ba;;;;;;
6e7c44d3f63dc775d3f60d5157f2b063;;;;;;
5683f54ccafa4b6e15f1f54f3ddbc7d8;;;;;;
642a30bd90497a460494baca989c40e9;;;;;;
464a3fd79e56aef2f992948a31bb9ce2;;;;;;
4e38d8aa35d1951618a4a30ac107e4ca;;;;;;
6cb4d27915ad40916dc5e5916f9a7dd0;;;;;;
503b582960336c33d69cdde7e33e1919;;;;;;
ff290234a13854cb8fe80dff4aa82968;;;;;;
7c308eafa26a879096d819ea220c6f14;;;;;;
2f5f52e2125d71b6e53756ed9d0a4da6;;;;;;
8c8b018f9519d501c1b374b80ae97472;;;;;;
747b17a67bd12f74214cbebbe1d3a57c;;;;;;
15651bdb64c96433991e808799e75898;;;;;;
a52b9ccec8a9bab4e584cb286fbbfd52;;;;;;
88406fdcca78c524831b0eac76422885;;;;;;
2a84aa160da5742d849c25c749f71752;;;;;;
ae33fba0860123db49239e43f4a46e7d;;;;;;
a7b19ec19845143d4e7ab4901731ced7;;;;;;
6e3b943bdfdc55818ccb3201d304bd93;;;;;;
515dcb0417e50e47177c75a35662b840;;;;;;
2fa1bc2bb8957fcee1da41e2d2d0b7a9;;;;;;
2a9576992bb32f6e2a3dd68834992588;;;;;;
83d289e5e488e4b935754fd66a4e3dc9;;;;;;
cc8af3a8b3c5554765aeb97a930995f4;;;;;;
8e720505e8c7bcd5363c540c03ecb400;;;;;;
a7122c1298eb8ed8a38bc5b8a0804584;;;;;;
7c2be273262b80f73280683b1d7fb92b;;;;;;
0cf6785188d840e2d28d409b41b59474;;;;;;
3d64b0067b71ff55f999f71507e7bd80;;;;;;
5d0abb1aed3d3c592305600f8725f8ca;;;;;;
1fc995381a866de8ece05e1a310bd871;;;;;;
b0d115d72aa4228678029530c84a08e5;;;;;;
a604c5942cdd81c67bb158295f6a3116;;;;;;
fa191f2d9aa693dd2ea453fa6e5ffc07;;;;;;
859b27b771f3c43bfc1adffb8d04b164;;;;;;
0b28f188408c070bd50a47606a2c2b81;;;;;;
a55c169b499ab9ddad5f7b95897f432c;;;;;;
947cf00e8cc03a3d35599f1c4a02e05e;;;;;;
e73e3acf65411babac0a7d1317612395;;;;;;
5a5de765483da9896973b0c208e985b5;;;;;;
b3ed2db7a04710138282defd16111dd3;;;;;;
9d52bc2f0b3c69db48757644c6927f7c;;;;;;
3033d367d7ea8cd104d1b407e014cc04;;;;;;
96edaa772400d5c7a944b5afbcef7aa4;;;;;;
de65b827fc44edcd6d9231c914e27e3c;;;;;;
7f7dbcf37307f5294278ff04016e6bf9;;;;;;
dee97f0c04575dddfad89aed19303e6a;;;;;;
d820993bfb398170e001301ccae22293;;;;;;
39f08c50f8a5114432ea2da9619b9108;;;;;;
f260979ac72940f69457da618910b496;;;;;;
0e06b01b40c3c3bbfcfc124aad2685da;;;;;;
6bcb8f71a8e60fc37c8cdd464b02a2da;;;;;;
3767de817489c722685a079a6d9ce104;;;;;;
d55017d4ecf462e733401c604a37fa54;;;;;;
6a3b0159f1165752abc6bc66b7223b96;;;;;;
e3636d9392e7c15b8c47da092cd60e5c;;;;;;
a38397614476a4805f347f89190480c8;;;;;;
455f36b112e3aead022cbc2a1c3ce993;;;;;;
ab1bd7e7f48f0126a50309610c496e99;;;;;;
7009e83b59ff10558a9350ca0bbf01c1;;;;;;
1ae708a62ea3bfba14b77d954523b93a;;;;;;
760526179537b939055ddff7abf4cd06;;;;;;
36a1d7e0490592c42e67d56fc05a8ed5;;;;;;
fd12b02f08ec041afe9a92860e320a01;;;;;;
3491d143675783894b5efeedc463498a;;;;;;
985bb76dfe22c7e2ab8a06732f5dc108;;;;;;
47b03505ef775ba2b52a305ae7f3ade7;;;;;;
ce15aff3bf83f426b05124fccbca179f;;;;;;
7f214c4874cdd4f41608bc8dcd84883c;;;;;;
81935331ffe2b748f0a553f6da6d444b;;;;;;
db26b5b13abe0d1fe63d5b58ba5f2414;;;;;;
f7d05526598140d6ae6f8ebc973c1947;;;;;;
f344847a0c12e69e0635680e49dc4706;;;;;;
d889376f5901619e24ef210d7d7b030b;;;;;;
ec8e540625d08c1a9bf0779064eae3f2;;;;;;
2a7ae54686db7743e23c929c0d365b5c;;;;;;
4e0a7f8ff1b9327b1e770d0bd082d9a5;;;;;;
e84529e2f33ceed2d5027f0d2757366f;;;;;;
6c27920983a6fec04f476b9b95bf0f7d;;;;;;
36be714aaeed03837dfe58b26440e140;;;;;;
3e9417376c5ebf71059774b4d88347b6;;;;;;
a90dde944bf7d796de689a5cc778dbca;;;;;;
68d6ecb70c4e9778c0be04c7cc8b5d98;;;;;;
b39b760c3da2a0860677cae145f75506;;;;;;
651e40108d259cac88d8696161b303e4;;;;;;
eb9e5fccf31041121090e0b78509ad79;;;;;;
4c54439de52e179b9d3af6ae96b4b600;;;;;;
30f613c4c2223e3015c4f9d9caa0a203;;;;;;
101c5830e2fdd10ba7256eb987bf863d;;;;;;
eb0ed3451e5317d381df578a93ad5eda;;;;;;
e6374319fecf389b62be5681453d456e;;;;;;
278aec39e8162e042a8c9badae14ff19;;;;;;
3907eaa0b64ac2ae0999281cd5cc6b03;;;;;;
0fa9de418491a744344a507a11f12754;;;;;;
7b6df1d1c718991c3ca24cb14fe69588;;;;;;
0d2c3f32b3f157df1a7b8db347859441;;;;;;
61b8ebd3e17820d90c9bfb05047a9b1d;;;;;;
3b19f9f23e6cb4db515129e39ba9aae5;;;;;;
4f275bd183fd9bac9c94812e29df23cc;;;;;;
3f93d68b65af7bc9285c45064aa0d87e;;;;;;
0cfdd3429239522c86c947bb0b7479ae;;;;;;
401f4b91b16b811a93191252464ece82;;;;;;
09c8d6119bbce4cc221072f02860d225;;;;;;
31e2ece179a0437c5711ea8ecab7599e;;;;;;
e3c9755cbe8c974117dabcb9702615fb;;;;;;
21934f4bc5fca4faca147ef226b638ab;;;;;;
e840a8c72de301250954a4a5c295f00a;;;;;;
7a9fa61e0f1c529295ea96dfa8b0c745;;;;;;
e10ceec87ab84f51203b7e6c4c29b182;;;;;;
9461a4ae7fb41e9662c8757b37fa3d71;;;;;;
5a045a1f84b22107b7d534dd2435a0fd;;;;;;
cc5903f617db7fcecbc7762716ed93e8;;;;;;
05e706d23ac469c9eea87bf40a9aee93;;;;;;
b3bb06f73b1895a1b9f73b2a54be39a3;;;;;;
c7948415eb86525a88137e6d6592a26d;;;;;;
cc606472d151097760ec83b344a7c493;;;;;;
fe4a0947ca84239ebbfa7e33d5afb230;;;;;;
a5b5f8c49acd1f9bc1e3c1572a2badff;;;;;;
610d4d99ca50645b65284558010a2dbf;;;;;;
d998283a18fd5604d4543cc88aa6baae;;;;;;
ce7d504f6061f1e52856dc853ad9edaf;;;;;;
0aa5dcca7f0ae058bf4be3b794d3d4d5;;;;;;
1a7ccd127b3a2651d3d220dfa904a6a8;;;;;;
6f47209e71b922c04a7cfdee815df894;;;;;;
24808330bb632d7adb9a2b085106150c;;;;;;
ff51bc3b94f9c9d660fc4d0350b08137;;;;;;
7b28beeb798558db85174cbf129d4628;;;;;;
6663433bd5ab2107abff60d655639d50;;;;;;
a49189097bcd14edded6ec18fa860590;;;;;;
b755daea8b18e58c7329d18fbb93e534;;;;;;
07abd854508319d5b037e188dbdf9be6;;;;;;
0b1118c150ea50ff39d285daa15d37d4;;;;;;
a28a4a7c277e5f56eb01ef840938f606;;;;;;
60a61024dc855e7275f8abf6a0a87327;;;;;;
4b21117767c41da48e41c602aa344fba;;;;;;
349f9646780654d6aa489afd4ed6c232;;;;;;
8b1267b4a9b0bcda0e44d408426c6a6e;;;;;;
608655105a4694715ed7140337f63115;;;;;;
0038d3a2fcd74a56a5a3b68a8d4acb3d;;;;;;
1d35ab6739e2f04895c3f0ae998fb3f6;;;;;;
427c42be9cd2fda4880a89e4f8891aaa;;;;;;
98e2d73c01f392a671f53e953a6c971a;;;;;;
60aa013ef8ffffe93b45581952388df2;;;;;;
21256c430dc2479c06aeae6f1df81c4a;;;;;;
476bb5194220b1bed852d542fc64b6c3;;;;;;
7030decb7391a0c55a4b427f6afb5c5e;;;;;;
5011d37f8663840a93919e1a3dd87626;;;;;;
2a38044480efcc3edaf58d73b04fe007;;;;;;
b992ec3c96eac4e78de795467fdd7136;;;;;;
f5db238d7a626ff235e39203f5aacc61;;;;;;
cbde71b6ba21ccb9d994df7b1d80e27f;;;;;;
416af7cb43fcdb78f24ddce8c13d15cf;;;;;;
70ac823fa6da1b2506e9498b30bdf7bb;;;;;;
9939188c49e0c980dd1a07916a5a495e;;;;;;
9064ea3aab28269554730ce4e580f9f0;;;;;;
c9779a7d1ff885da6ca8730b9f6ad66a;;;;;;
34b3cf303d6696fd296da333ea93cada;;;;;;
57d6b4704c9a236d30311c4ff8421b30;;;;;;
d8cb779c586d4452da04206c9da06c02;;;;;;
15b205b95b3436eaeceaee5c406fe5b0;;;;;;
a37405ca02923bb27559bb8123298a1f;;;;;;
debe18c622ca37601944f0e286c8ba73;;;;;;
bb9b6408bbe43955849be5502fe5d840;;;;;;
69569706c85cd9e3eaa78bd30486389c;;;;;;
c9e5f167b357c365df86440368780218;;;;;;
940948f1020c3b943e4e9c618328b7a7;;;;;;
1cc577f744911c65d44507942b979105;;;;;;
53a836fd72dbe7e31d229d0880391e15;;;;;;
242f2f31866dd3ca0078791a2650ecd9;;;;;;
2b1360fa4830df354718e5f0f7f24424;;;;;;
3fd19b15b3e59f53f7d7854beb990785;;;;;;
f912ee75f359010183e21cf9b268b701;;;;;;
51d5596c8ad9ea4a0a66f2c580066b73;;;;;;
88f13f5103da6050e9feb3b9334bf8ef;;;;;;
5f11dc4eeb6a6adeba84313883a4fc91;;;;;;
36185215345252dfde834f84cfe1d210;;;;;;
a35a3d156983b056590b41ebbb0a00d3;;;;;;
db3ab7cc55021b336f2d7bcbc9d4a91d;;;;;;
a0cfded421b2d2bedc65691582e46b86;;;;;;
2ca8dcee60478346a08d7d8738f67603;;;;;;
32c8ecf737be8d515cb4e37945541b39;;;;;;
5f55ab4f621f9d13313366af7a4b537c;;;;;;
71e7215e6c871ace79128cfbb1219bcc;;;;;;
a2efa55d7bcd4c04fa8d132d1c74c75d;;;;;;
afd2ff25ad075749a11769ee0b1b85a4;;;;;;
5adf7aec7a4a5d3ed44520a61826ca54;;;;;;
4ca1c053455086ca265be066ca2eae5a;;;;;;
587a8d7086d4c98e0856c26a5e9f1308;;;;;;
f57145fe88a84257060200a151869bba;;;;;;
9f6ba2b40a8692a32914124cf16a0e2c;;;;;;
daa97c2f273a8b8f1ec5cc3ae72c6f7d;;;;;;
ed956446f55b3cf8af8a2d3ca9155bd7;;;;;;
5ab0221b0a2a2c34484a9f1530288e8f;;;;;;
a67f3c3e468846dbc277c34ddab56394;;;;;;
ac0ad6115859fb026eac888cf03772d9;;;;;;
fb68f7ef580850a570174c6931b07d5f;;;;;;
845ed492af26455ec3b464320395d076;;;;;;
b6792f2b3ca5210481f92567aca07832;;;;;;
52e09c25091830016b64d29188f162f5;;;;;;
c0915d3d3cae174dd1c0b3989c1d7133;;;;;;
9e8a89a3d96067e8d1f099626da6a5ae;;;;;;
742fa30e3b2000fce78c8c88f85bd043;;;;;;
1bc77105e86e89c7861dcae6567c714c;;;;;;
f13147c4637551136e8e706d5f22e9d3;;;;;;
9fb71acebb756aa3d83c2c6a94092aea;;;;;;
0954f1e3e659e1369cafc3daae8aecf5;;;;;;
78a4927377f7e4f33ed72628ad5a9fd4;;;;;;
432f68b79f87bcdc997671c88b39bbee;;;;;;
746d77f91af5d72373a153ba5571e1db;;;;;;
8f26c8f12f4846b924c3f070d0c4650b;;;;;;
ad10fce2ede18908035471ee028260e8;;;;;;
7fc7e6c23fa2af0ee7c71a4aceb96291;;;;;;
343d1a4f87e516e3764647d6ec07af7e;;;;;;
ee6b6284ae7be3befa06930efc42ab51;;;;;;
594ce64b0270dd3c166d4ce60008af6b;;;;;;
0fad83d0c3f8d0d7857041a8fa42c32e;;;;;;
dd4896b251fda81815a65f673872d6a3;;;;;;
0d189603f713106e99ddb561309490c4;;;;;;
79c32f3c3a7c867628cab8ffb822bc6c;;;;;;
97712f6538ffe3c7e66eff09c73e8440;;;;;;
b31cec5f38a9ed37c44415f1a6f3890f;;;;;;
3fb40faf2fd891d28c681aaed64f90d5;;;;;;
edeb6bf4607df7def3af7d693852de23;;;;;;
f042864d680da201e5d1bcadf3fc1edf;;;;;;
5a9ef5cff0b37b89450e9b4daf423134;;;;;;
1b4df4278952a5be1a39c95081b13eac;;;;;;
dd0f4bb0eebfe2eacb78137106afa071;;;;;;
f276a7adc1239d9458d7f3f3d5be0ed6;;;;;;
02d67f0de344310d334284f3f79bfed5;;;;;;
3668ba4f9ab09cd805e9ad87181402c4;;;;;;
74f6f20fdcff3c511b3a1eb900d4329f;;;;;;
af85f00280f6d14d5a7192d19c6e80d8;;;;;;
152666d1bf3a56bf7414b55c480c5ce5;;;;;;
65fe4f142ef8714c9ec6c8aa253e69b3;;;;;;
2ac20bdaa63c84001a13c03528da2817;;;;;;
8c31502c9b66b90f3e4257acea7f2a9f;;;;;;
144df3f5eadd0c879d2f646a6298dcc2;;;;;;
25de7d2e8ec5aae9c61049aecb2fb49a;;;;;;
0baa6df6a8d75b642ae3fa1c64790a44;;;;;;
535b4d320101a4317d4ab6fecbe872c9;;;;;;
fb99dc99c396cf8ac9f3e9dbcdfb3fc1;;;;;;
0ca61fce5981c27977eabce802695370;;;;;;
2e3dfe0225029f1da5e9d091f8f9a46a;;;;;;
16349c88da417e89b7e589d85876deb9;;;;;;
5a0aa9b5d1e0cd0a0ca8246ed71ac4d4;;;;;;
88dfb0e8d11bd2590856948ebb27a3ec;;;;;;
45d55060afaa3d995798f5491fecb0d3;;;;;;
47b21c072ef278c1842d6a6677b9271d;;;;;;
b6006e3f9acce9700c30214f00d86c3a;;;;;;
b457051ab2a60d80243af33306d545eb;;;;;;
5fffe317d430e3b39703800a22a79440;;;;;;
8e6e0364ec2e946cae64ba96427b03ea;;;;;;
15594ee2466231b3494c5a8363268af3;;;;;;
44b4b55c656e909399b119b1c5751fbe;;;;;;
48be0442ace4d9e4d159174ba6b2e09e;;;;;;
e0fc91d50ed54be02f52ea47f9e9c9f2;;;;;;
c0dbc839fd36341e48844ef0f3a04e87;;;;;;
d7173d1ed24721dfcce8aebbcdb0cd6d;;;;;;
29937fa7283278504536398898903e5c;;;;;;
1ddb7433661e046bd042dd3f6e544d4a;;;;;;
745f9ca59630d2aa949e3b027cefb48e;;;;;;
295301a6674a338b82d0b783f60d2f25;;;;;;
18f03568e8d0c40fbf71e2ea8587c14b;;;;;;
dc122e5cebb5b3bcb01e343596b7ee08;;;;;;
63bdaee9682862f99430659af6d3e6ff;;;;;;
0697764f6c88da93e44db11bf2f463d9;;;;;;
81d7da39ed309b15e9d43370b7d5a3b5;;;;;;
1cc04e1739a3fce672d60aff669428dd;;;;;;
479b9f68e905267bfac0ce679d096da3;;;;;;
5cabe081d96f232f62f1a12acf6c5f05;;;;;;
5b4ac6b5015e070a6ba82e65dab59d4b;;;;;;
c1fd6455d046a638b0a9ed61c76ddeaa;;;;;;
0ff8796ff985720de70ce560bb687c26;;;;;;
bf3a834caeb923c19a35f7173ae8e57f;;;;;;
11713b029de9b72c82f4ec59f1736e22;;;;;;
2563af8137b79b1993b5e147682ebdb1;;;;;;
6403247e3127439cbaea078254b518ad;;;;;;
0370fc86ceb67b4ebbbeb43ff8d6cf58;;;;;;
a12bcc90e15ab7bbb4165125165d2f38;;;;;;
b14c056906121cabc69d7cce9f3e8a77;;;;;;
2d6f8ae403cfcb4ccc8cb99c5959512e;;;;;;
3569240ee710e755f49430e93393b993;;;;;;
dff87c1c417eeee7140b422e3ff3598b;;;;;;
89a31919025ff0966c73b8618155d39d;;;;;;
ad25834875e2b979f377302d342449df;;;;;;
94a0b0346d6d7d55b6b68863726b4d40;;;;;;
9717976cbe3e982122b9038135c372ed;;;;;;
7e1174db95ab9d4c0945d1bcb91f92c8;;;;;;
0ad7eb0c7daf33611675decf9a5484c9;;;;;;
26ef32a7ba7684ac9d2f1da5a0bc55df;;;;;;
eef5047a0790dd8062b0de2c45a047f0;;;;;;
336272cb5e3380fe8e074ede27a4a0fb;;;;;;
9d3750093d2abb605765449dfe0d73f0;;;;;;
a9d7a63ab8fe05b65fa13bde3ab0cbe5;;;;;;
91fc3589b9fcf716c37a4e12613cd734;;;;;;
231775a3f58e22522f90c597d32e082f;;;;;;
ad2e7fcad5dcf14e36edc74759399ef4;;;;;;
032ea08276d92719d76350349ed6459a;;;;;;
430e302fd067aaa2d4e4849297e6fede;;;;;;
28d0b5935099fe9b01e36873a8d78202;;;;;;
9fc3c9fb04fd4b3a842ae5f7faf58d78;;;;;;
92a59950cd2e0b642cad185e874114d0;;;;;;
8533cd2bf381fc9e5dfe7499e89a5a2e;;;;;;
e47a365df5e416698212d8f1a87efdaf;;;;;;
8b55685cf15c27abfd3e0816bf913d7d;;;;;;
784130291680200ab7730bb94c5dfb5e;;;;;;
67563670d9584fc8f519fcc9d1f60dd8;;;;;;
8d12e61e0878a531d6e35cdba3e99110;;;;;;
6b9fecbf8d17a732b2bc20f556cbabeb;;;;;;
0d4ee533dfe5abf0c37ba38d6d976499;;;;;;
e0f19eb35d9e760cc23fef34cf20c342;;;;;;
32a2d4799f334ec634354404fa046221;;;;;;
8bb089a679a41dbd0cf7de9cdc7b0864;;;;;;
a367f3c36daaa5186a575199e72562bd;;;;;;
830f9a789af7663ad299b60dff8ab38a;;;;;;
4d712d47d925212d25f08774b4f72e55;;;;;;
098c977c1a1f661e826d2fc7044fdda1;;;;;;
96522aa1692f72b3b68bcb7c8c2a67ed;;;;;;
4758a95dad8d8b03b7b8e1022e82e32d;;;;;;
50126bbeb0d2ecd47921343ab4edccba;;;;;;
2f9acf4b150ef33f9ee86fda92c4c428;;;;;;
a36e4cbd93ba9ff660f929956afc8fae;;;;;;
5c56a45176e080907280982ab3714026;;;;;;
bc7955f6d5f8def3fef2c5cff3b93ed9;;;;;;
642db60a755438062ffa6eed6382aac9;;;;;;
a7259569dd9117a74f5ea95dc5630953;;;;;;
2dbb26492102dbaa92ceda749dbd5e38;;;;;;
77f004e0c9bdf140a3eebfe3c7c59d9a;;;;;;
7208ec2c2c71020930830b649b5ad18b;;;;;;
de3726e7889c84f26c60a4c34c5544e6;;;;;;
af8fd4713fa75f90c4e487c0c655fe48;;;;;;
b8e82f3ce37af617082d80ae7713a52b;;;;;;
c601713d77536836c427564d1e2c2946;;;;;;
f0ddb02eb24790f80f5226644534e902;;;;;;
4554685dfd1a4a7886c7533ad8338cc0;;;;;;
9e78ea37518f4c9e89f9bce4fe75bc06;;;;;;
60f51c96adc168b6f3a3e588bcb30596;;;;;;
b80946faab755df142d8eef56b713080;;;;;;
da255ee20f02b431298b7fcd6c8f46a8;;;;;;
f6db50d845301e8cb45e44b38d114f82;;;;;;
0d3dbabe13006d5d42bf7452223f5af5;;;;;;
ffc1069a57f639f6d8d7a808e808f195;;;;;;
ddd3be869ab760ae874e0cfbc932011c;;;;;;
47a274f5f4c54d83d6be5f8be3b1db77;;;;;;
e5fb0d65ec993775f073bc4151f5c7fa;;;;;;
9cc4dd691bbabe33542bce88073aa587;;;;;;
39fe90eedeedf146365850311778d7e5;;;;;;
768da7c393fcaaf7e3a0d8e8c26daf94;;;;;;
775fd829594d1bcba4e399bf1056a3bd;;;;;;
9b24ff0cc2d3d05b0789ff00e6c89766;;;;;;
f6b4dbcb8dbe2035608772c5a42abc0f;;;;;;
f23cd08ab8fad92aefacaf60546736b8;;;;;;
2ede8960c7d944617a74fd03d18f37f7;;;;;;
4e8894c3bdb1ba31f952a7e0f39bdc29;;;;;;
afe5a15182efb2d7b42bba0942da474d;;;;;;
e51ad3476a165198588070932ad291c5;;;;;;
5f4762c17ce71b9a60959aff13fd8700;;;;;;
d50e8d434ff1c26e085446799be3661a;;;;;;
ab4d086d704f4279a382da35a9018072;;;;;;
b23261c6d91784a3eb57e6a75fb9d4ff;;;;;;
1f93515ad75dca158745d2f3f422c63d;;;;;;
d7af71573ee60e65d40f52ac80bc7ca6;;;;;;
f5c7b9e5ce0ba81367929a44ac4302da;;;;;;
153ce526dc77c6cc78165f1aac669c23;;;;;;
888891ba4e33fd3a680f92ce5e76c5b0;;;;;;
f03372de13ef288fb74cf333257653cc;;;;;;
c852356255d1be198109c3d4c3f77222;;;;;;
b966b0d716c45450af1f58c26ec04d0d;;;;;;
f73efc31ece130426fa175c290a39e19;;;;;;
a8dd11c565483e327fdba64ddad3080b;;;;;;
a73a47a676d3736ab9d91b883b92d46a;;;;;;
c53991308a5a8b0b65f7df3b7699d1f7;;;;;;
437be61b8142f8c25d80409565a24320;;;;;;
fd93b5a93ec1bd454568c4270ae4fb07;;;;;;
7d1a3939319546b3759a6a797477a982;;;;;;
988b09e8331185c5cfe427f7d8470e6a;;;;;;
59828ef3d6f247a0402dbc4888559a56;;;;;;
e7ffa8e03f1e58e0f8f5ef3db0957289;;;;;;
42607bbd92db812cd404096653b63a53;;;;;;
6e6b7e6514f7b4da613454e274320599;;;;;;
d127513aadd2f9e433833881cd460b36;;;;;;
f380fb8294fa86bcc5f94dbba5ea2e6c;;;;;;
c2ec7650f159d1fb9b7b7f0824a6f74f;;;;;;
79d53f51241efe3428ab9cbbe2f9ce56;;;;;;
54f11b3b8e103c73c1d5978d7040b2a0;;;;;;
e77e5efb2f370cdb65435ed39c6fb63b;;;;;;
f528225b64ae54d887f10a7b15aa7cd7;;;;;;
9d1f6a2f8d3e97fc732a08b1e24d5866;;;;;;
05c6eaaf5d3eead79d90a8a0fe66fbf2;;;;;;
f7353e88a4624c0d37d9b3388be813ca;;;;;;
5b303bdbe188eeb6ca550d0ed5897842;;;;;;
3cff80df7e5d55e5054c0b947c34f798;;;;;;
428e6107392db51cf552074bcbfcec99;;;;;;
42f372243bfa3cb059391ba33c98a79c;;;;;;
5e38b16d388300aa01c9eef36cb75182;;;;;;
78e3e4d672ec5fe23d268ec81a33d8ae;;;;;;
ffe9a7a450db601e24e24825cdd2aa8b;;;;;;
a2bc1adc9d640dd46d78ca7f664945f0;;;;;;
e70333f9b49761fae9d6e14445fdf48b;;;;;;
1c2dc5f58532d68d6bff8abcf908be93;;;;;;
ac80b58ec3c6e07fc45919cd9dfd3658;;;;;;
c0b873b336588e8f0acbcaffdc6cb1ca;;;;;;
1090fdfa9b49c3d99594618c94123cc7;;;;;;
9bc5a8ef616fda9d812d3843b02b79cc;;;;;;
1b0a7bb7815eb5edce2a3504a703c413;;;;;;
bdd6df57d29f3ac29ee094ebd5761b37;;;;;;
f513177b0773ed24b32637fa6ad69fb6;;;;;;
e49be543f66c97b8b519deb10d244e28;;;;;;
4ad04ccccfb611e53b6ae0015f6c58e6;;;;;;
085c4865c9aea8b05c5142038756e84e;;;;;;
70b9d9f39bfa93b4d130a587a47b951e;;;;;;
6c36d855ba7d9113a8bd10b858ea25c3;;;;;;
c86c59ead05dbacea7c7fd8f6b62c192;;;;;;
abfe602a9d06ee0f7bdd97fdc3c492ff;;;;;;
21880614b3c9664df2a39877e80f22b8;;;;;;
b899582baa59f56bff4d223a4da9fed3;;;;;;
2ecacdf979b95dd8a9b21e6d193a2c3b;;;;;;
15d0924820b433330e66550a6c313ab0;;;;;;
b6eceec83384e0ee4effa894947ce988;;;;;;
c4a315202204a04c8f1aab26dc9ebdcf;;;;;;
f66a7a630e7a699405d26012ef9cd5d2;;;;;;
2bbeeafa6cddfed0aa3bf7796f2a86c4;;;;;;
441080e4f5b6292d32f3df0ea0d97190;;;;;;
fcb97f1e235eda8ff9259735c8d19c64;;;;;;
44df8b082565ef27c6b783cb396cb3a8;;;;;;
ba68eed4e6f5dfa31d417078e0679693;;;;;;
2d7c566d4e9e4df567a6e075662d2950;;;;;;
7ca6950e26654142d77dee02244183ec;;;;;;
e02f0056e88eaee07961adb8ef01a4d0;;;;;;
fa391f018d24d4ed7e06d03c9aa10d8a;;;;;;
c58ce5c7530ffa482fe61387df8bdadd;;;;;;
84262ba4e01805afe00d829b5a896d59;;;;;;
ea011f301b40cbe1b0d749824738adf7;;;;;;
a18e97b58f942b7ad69806eec91cafef;;;;;;
20783b21a0be6705c10f73a0c7a916ac;;;;;;
d77d4e4609dccebc07a7f22888f05b70;;;;;;
1643e648b8e25f0bf3cf1fce5e2585d7;;;;;;
72986dad5f51f90f9ce08012df7a1558;;;;;;
dbb99e54f1aa1ef7242c70244fa24369;;;;;;
7589f239ff5e6dc17388a35488355a23;;;;;;
9599348cc47b2b94d1ed1f1099b468b1;;;;;;
d79a73612ff58aa3c3ed93e845fad013;;;;;;
9f1452f88710e42f81b943f6f64fe863;;;;;;
a890c5d64fc07c69c53b2bb991b2482c;;;;;;
c871274e8949394d073535df69b90098;;;;;;
e42ea2b375a1b6f54a9b3d9e77ee5ed0;;;;;;
72fdb4b4b45ae86f4918bf2d062b7b6d;;;;;;
535ad50c87d538eb62fdc265b5423711;;;;;;
a7e3415d44bca4455ce3ab0e21a75102;;;;;;
92005972a2076083db45b197a225edb3;;;;;;
7ab1dc5bf93e55523010993d8c9b54d8;;;;;;
1e6de7f154bcf4ec30157628e35a17c9;;;;;;
b4e86cc2ce8509782e3c790453e0d907;;;;;;
2276c6b2bf14c9b6ca6dbd0bd6d526c6;;;;;;
62cdd5aa51763ef714f3eec18ddfdcb3;;;;;;
e9191906fc1b3cf313803948c326a953;;;;;;
87d6cc5cba7dae7e41ef4374363be7af;;;;;;
f7c44d52e43277d898b5b51170310c11;;;;;;
e7e4065456233572cd1f0838378d49f5;;;;;;
e833675b7f60c1daa0e92336ef1d1d2c;;;;;;
d451fb108b7cb027d896ef1c094cf6e6;;;;;;
6614619c8021c93a2f82c7b107eeb777;;;;;;
711c5013dc81fdd96c21a0c3e3a0f1e0;;;;;;
5076b4ba332c9514f53283e8d5ee329d;;;;;;
2ca69e0761657c64fbe59e0f67cb1b4b;;;;;;
bfa5a09ad5ee3f797d0ef7a97a46cec7;;;;;;
fa637fcbe19d08915e777eedd9f3af1e;;;;;;
43456257459b75239e7e865a8a4f876e;;;;;;
d3456a25ae866bcb3fb029e1495cd7cd;;;;;;
154f49a3142320435b5c90e5d01bda25;;;;;;
fc506d1d05d904ffd5a598ffa9d93a28;;;;;;
e65189e8e6d917669fdd216b084e9b81;;;;;;
665cead8490d52de825e2d4c747aaff8;;;;;;
933292b3ac9c578d183ce32422a5a064;;;;;;
751b95e2eb86f0022cf8270948caafc5;;;;;;
3c63a149b4aad4864a1ad42be63d6ab1;;;;;;
5eefd2d5769a6f63ae30e71ad88aac7c;;;;;;
f4339bbea0a6fb78a52fb5948ddaf534;;;;;;
534371f2152cd05401adc1dddd2859f4;;;;;;
8f153565d5791c1574ae252c7bba6e18;;;;;;
b8404f554c8935ec29c136058278306b;;;;;;
4346e6a9a063d4c87dda2a26e0fd83c8;;;;;;
6326dcd93a0ffed6098ba4da973fcbdd;;;;;;
dab2ca472105d274a5b0e4542195f8ab;;;;;;
fd4bdf0e62c957a4f3d70588b118c775;;;;;;
2a74a8c51662d974476ccc69ab7a6a39;;;;;;
764fe6a996b3d2867914b44cee25e647;;;;;;
8eb274ad1c5c20713ff38bf3d89f8902;;;;;;
34344d66b3a132eab0002f015b62710c;;;;;;
9041c9f5eaef35aa5076bfbf781904c3;;;;;;
851dea669a160cb120442c2b6d113203;;;;;;
74d296efa4d9e8388525e9cd2ce1fac1;;;;;;
2faaa37b379e9a104bf2554d5df3e12b;;;;;;
70e500de05fa37aba218cddb157fc8c4;;;;;;
327e1731f07dc499bb6629344cf3a6b6;;;;;;
30e4865210d14b7e0d03eb22397d11f3;;;;;;
6083ab7d5ec217101190a5c31e269fc5;;;;;;
9a9ea437353df003820bad1a34225d92;;;;;;
a00f045315c43c1c115a49e83d27436c;;;;;;
773292a460847b92f0950dc362d462d0;;;;;;
12cee5a68be1b3278cbd74a52da95e28;;;;;;
bc27bafc42a70db76428a61b3e2249cb;;;;;;
170803f6d86878afc3adef90bd66479b;;;;;;
ce6967c3d13a6850cba0eb8942f5d229;;;;;;
7e3938edc3a6bebdda76933bfaf4707f;;;;;;
1fec2ae4144d9f902b8861a78c1cd75f;;;;;;
4a5e9e8280b56fcbbc9cd9ba5059b9ce;;;;;;
207f6d154a79024d01c702eb0c6a9d6c;;;;;;
4a2d83c01ecc62185da9240db5ac5bce;;;;;;
3d9b6263e1804ef3490574fe7649e9fd;;;;;;
d5a91685a60ef06d6142ffd42bc38edf;;;;;;
fc7a28707f0f858df0cf2400aee7e736;;;;;;
055afce15eaa338e8444d6a0550104f8;;;;;;
1d5107f201d0e67b25504c83f1064db8;;;;;;
9af1f0afae1533b5463e2047257edf19;;;;;;
0b7b90df45a26cf452b936003f73b928;;;;;;
d2f9abc6ba6bcf9e9a0916d7f891ea97;;;;;;
c8ce94ca5239462e8f295cf6d6a78cd6;;;;;;
a0ce4175382a2c7e3b32381b17af37e7;;;;;;
083188fd1e5e02db6ee49d49f261fdc5;;;;;;
06bd9a903f2aeba1a0eaecde10098a23;;;;;;
35ebb8bc0a918ea447a2c85fe08870a1;;;;;;
dfd45f50668da5d9c714b4c5dac7a8c5;;;;;;
018d9a6aba10e04f5fe680f10bd9a5bb;;;;;;
c60379c1801a4e8091d8c65a5169e1a5;;;;;;
6ed224e6b675186837381e3e8987ecdf;;;;;;
683e59238c937bf76c25b6bad98a0dd3;;;;;;
efea22b3bf4af43a8948d08077bdbcd7;;;;;;
a5287a78474f77093c6c90cacab0ef3f;;;;;;
1f8c496cf39dd64f24ecfbdaa8afc0c2;;;;;;
9336e6799dbc3bc4407fc19122e4d8a4;;;;;;
d3ec5d5dde6f0b57ff207f946be97973;;;;;;
89af7cac32f5016a937d72f114ef37d6;;;;;;
adbb19b86457d5d5a68604fca439a6aa;;;;;;
311372633aa729f1869308b843c98760;;;;;;
27902089718fe82e21c668a96f384dcb;;;;;;
704ef485e212d87df909de57ec00d031;;;;;;
3cdef2e85d075724b38a3327d1ccdae5;;;;;;
28eab550a6b426f570f887a5998b3688;;;;;;
22267099100f66fd8b133d006ac10d54;;;;;;
f6df8b7118d3ac4d4e8efd070a40219e;;;;;;
197ece8f793420b1b394b7140da97984;;;;;;
9aa618531c059e0bd3544419a83fbbdc;;;;;;
535236e31330b64eb53560002d8638e9;;;;;;
43e208a78898d60b6c4b8d93f6f80bc9;;;;;;
2c201f01e0a8c794c8f7764c69fa17b6;;;;;;
75ec2d2e91707598068f9d359088bff5;;;;;;
7284b7ac129850c79ae86913272f4c81;;;;;;
c3923a6654c05863b93c4f1b8e39242b;;;;;;
f7762561435b6627db74d3af27c4e270;;;;;;
b16bf466756354a2ca7bbf3f9303aa3f;;;;;;
ffc3b03be930ecdd7febaa6544f44b95;;;;;;
919848efc00bd9a004b48a825279bf36;;;;;;
6cd514d1ba9bc2f43d9e4c1e358d8703;;;;;;
a37916d179ee4123d62639ba7f0b2d88;;;;;;
ca9d2cb24002762bba4ff4673363f14f;;;;;;
930b7037d8021ae80ce0260726951715;;;;;;
7add061ca18f4cd0ce4e7dee5e816eae;;;;;;
89eaec550bd3e7dda4d5011a87806688;;;;;;
2c0b8ef48b29094eb1e722e4ea1b2c5d;;;;;;
523c9301739dc549c5b6b29eed1ce452;;;;;;
bd6710ec3670e6a5f22fdc87178fb3df;;;;;;
d0be01ad82fd6b00a521b4ba169065fd;;;;;;
a8bc4153f272cb537c7e3e39ba5b804b;;;;;;
de898bca2dbc49f8587d3356ed8fa9ba;;;;;;
103cbead4d8bb698074b1ff4bc28368e;;;;;;
8fc8b4615df4d08abea1de9d1e5ee56b;;;;;;
dafdf7021e7a85ef56eb8dfb6b3fd1a4;;;;;;
283ed3fb3b792e1a7a8035d058033cdd;;;;;;
7c2f4d42b17fb476e07dac4b69f7806e;;;;;;
06f033f145a6f80dd1cfe736d8009b84;;;;;;
e6b9e78fb864034d772041175c8173c3;;;;;;
48c5938f7bd0eb70a5ba49afffdca271;;;;;;
e36571fad8f896d5b0815b83c2568934;;;;;;
aebc1ec32e8ede621e4a5ede51e73358;;;;;;
f323c7d5287b6d8764c64b8a7a4bbce9;;;;;;
469e08da1fada194a81351fa3922350b;;;;;;
8bd09ea30341088fd0961e4bfb2294b4;;;;;;
d37e54ea10add98904d1e37a4d49d0f4;;;;;;
f7be9ac4a9a8009577691fcad5005d53;;;;;;
4a5a329e98f0c84985f51fa5e7339a19;;;;;;
bb03628b8cddd02cfe244824d8a3795c;;;;;;
f22ec341c893279c049a2e3b0f2576ef;;;;;;
bf26ed1ae839a6039f65107ae2980210;;;;;;
116b05e6cac811133399da8286b0fbcf;;;;;;
149d6fbfe0814de4482108087f347d0b;;;;;;
2e4b26f07e4b7e4f4d071bad2f760d7d;;;;;;
d9b84d626199e2e03346e275341168f3;;;;;;
38ce0ff692e3d6635c5cff00c3db8122;;;;;;
e403561644c8577979aebb5d45a668ce;;;;;;
eeb2cb0664a1848ed4381a17944532d4;;;;;;
e6609b8ef14f69b95e56b4263624784d;;;;;;
169b8704ee4b7ae2c55694dd1bd52a3b;;;;;;
1d98023bbd05849c5b5785c2028c6c2f;;;;;;
75446e134678f86b5f349cd0bd636de1;;;;;;
569a1da3ae1e86482dc295542982999d;;;;;;
4c44ada954bad81795a83bf521b6c3bb;;;;;;
85c651096d932263f018b4c8a0ce2065;;;;;;
31818f2f70854d4e6ea6bdc8b37cf92c;;;;;;
6bb6a8da7372d280b820a6db9322a855;;;;;;
29b9cf32ee08d00c89f9f8282798361d;;;;;;
5281fb230eb168f5498e8df1bf78f537;;;;;;
48bfebc49a91d917d4070d4b7072ec63;;;;;;
6d83314ddfed7ae7f204734b48aa9e3e;;;;;;
8eb2a5f330125f38baa9be0449b4bace;;;;;;
c56af47c429fb1bd99778340ca73d957;;;;;;
5317fc9eec6a19873911d6a5bcb01284;;;;;;
454293e2fcfe679cef6e99e54ffce6c2;;;;;;
9fa2d6e755d11db3b12911096349c499;;;;;;
3841c7ddbb6a45f20d984f733e97cc55;;;;;;
91b79b0558c602ac1b7c94a84b48a6f9;;;;;;
3b0eb8cdff5427966bf2e8be3deb372d;;;;;;
ad51ebcec830059cd0a77aa43635b28a;;;;;;
3e095c4baac44097afd9b8efc590803b;;;;;;
eb816b0e3b8dda2ce51d8edf3f92ba2c;;;;;;
9eb6d97396bf76d981f78335a06cc93e;;;;;;
0e7d2c851340e05339e055c8421d0450;;;;;;
2455fa49e4739248b6a70188e201e757;;;;;;
e5545b7e4b2e6b0c0afbb2d2cfd8b66a;;;;;;
64f11df75f0d361e243ff22e84017612;;;;;;
809e60a4112df1a533eb33a3f892723c;;;;;;
d987ea867a806c9d00ef3004704dc71d;;;;;;
4a24d8f1f0db65f561da62f430116716;;;;;;
1035b3e82dee95b289f5315cc294c7d4;;;;;;
766e64720aa950edd18b5c87d7140e17;;;;;;
0302c1497e2e4ec66f7ca5cfcce939f9;;;;;;
4de44e2efbef342463a91a4817e59172;;;;;;
a2c85b6a503f16bccf384b98b9d33e55;;;;;;
076b3a7a482cf52675ac254b13a6f6a8;;;;;;
f1ddfeb4bdba80a38ac9e6cb86aa7bda;;;;;;
4585938189597a912bfd57aaa5968b2f;;;;;;
d597122b7516dbade3deb04c116c8729;;;;;;
bf7facf1d2f03bc88c43bac9c14bfd41;;;;;;
ba82adc59c77d03ffbb8210af92314ba;;;;;;
69985954c4238977bea4dca76beecd15;;;;;;
2b74526c65b78c3a3cc1a48faec4d573;;;;;;
7ceaf91553b5399d24950ae4725bfbc9;;;;;;
4178e04864f68f261d843b2b912de4b3;;;;;;
012275ec24310b5f563b68d1b5808201;;;;;;
9b88f08ad1b247cd685a5f1468f50627;;;;;;
9b8b6f04132616a850cdf5fdbd4531a9;;;;;;
7609f72948eff88d4ee8e0a091195c16;;;;;;
f66daef5beb41c874f791198557c5299;;;;;;
e426d495e2c9bc8ea3aab4e9f24b5c21;;;;;;
a25e24ee941a2562fbf0299af03f5858;;;;;;
2fb5ec11f08b3a9f6068022e86722284;;;;;;
3b0c84f7139b5bbbc47645733efa1146;;;;;;
d84405fa241847e50d29007fa6380faf;;;;;;
d5a001cb476e26282a78e66247a9d198;;;;;;
a9f71f31bc57827010ee4438dbf81d1d;;;;;;
0d11b90c74d05fdf0cbbf06361aaf885;;;;;;
3062543a3c4ff1c0f85e6c9d56d264ff;;;;;;
d305bc9e3aa6b94b4853a2ef991ae918;;;;;;
c602ee46139a77f3de2abe522e10e5ca;;;;;;
796a0225efd5edcb293f954b07a9e727;;;;;;
570e46c812c8ab37b43f9c65cdfdb4ac;;;;;;
221f1af64344dec80d87bceabaafddb5;;;;;;
74ba52f96ed0cfa6f82673cad784d811;;;;;;
a65b2097e02ed6aff5150aca5a1c6420;;;;;;
f1f01d5fca75610f2b79c988ad27ae2d;;;;;;
5f25222d10e37f6368c6c077669a5634;;;;;;
c57254ec3b04f91a4b7edc6c9c6d5d35;;;;;;
4012ad8bb3f9cd2796cdc0113b8efd75;;;;;;
7f7bf93ec5facb88ccfbff302a44e20b;;;;;;
25e64897f5b3657b1255202f332adf88;;;;;;
f2e3f31af975bcece052acbb6f405a4d;;;;;;
4580ebe6ff9e5580e057c7e5f9eb1196;;;;;;
cbfc77b6dd8e1a6b194f328ef137ccb2;;;;;;
037b4116922c461c5e0af6e74a086f95;;;;;;
67c9d2172b7541ab7e948ba174fcc541;;;;;;
337118ab3d7a2b67ac815f5d5847f688;;;;;;
7da693448b893d8d76d841841acb87b4;;;;;;
d3ae1c88f9eab326646198d78a3b2997;;;;;;
8d44959cf5358027409eeb91173bbeeb;;;;;;
73790d6fe9ec1b6f6092ae8336f93eae;;;;;;
b0f29b6f4fd3cacdc3ed315b9440cf4c;;;;;;
a6f37b6ebc4ab6d93d52a013c857ffcf;;;;;;
7f32b8ccde313e544d797a0a5e5135ef;;;;;;
a53203c34b0fc2489fdb193bc2d92657;;;;;;
fbf58240be73ef93311e587011388d1d;;;;;;
f7a1131d3a185a85094b40ef0a372925;;;;;;
b0f8df0bb638fad08b7f141b5777e4b9;;;;;;
204daaa5d4325786ba43d6eed9b1351e;;;;;;
6065ca91a772272c67b63b68ee2b1c25;;;;;;
6d157de76742834317e614cec5ff3272;;;;;;
9e98ca9d92cdcce775f703817909f1d0;;;;;;
f034f4d60cd63970db348e6506a44572;;;;;;
1449446b864671cce2aa90002e85862f;;;;;;
5a1b1099485a2b2ed339a70697837c62;;;;;;
22dbdc98668290839e7610b9e5b0ac2a;;;;;;
4b452144f51b3b3350664eac774932a8;;;;;;
4d28956ce54eb02b8667b80a651502b5;;;;;;
9cf83d127bd146c2eb4cf19347f31bcc;;;;;;
a4ac6227c346a549d6be76d6ec695c5b;;;;;;
f2ce3802a0f3318ec757cc78a7ba7e83;;;;;;
0757d69b10c4d567992c855b22084b45;;;;;;
d2934e8ae4a49e7d43b0e3a4d8a5bd4f;;;;;;
b2fb9372df9ce4fd39f051f7346b7864;;;;;;
b62a07b70ac56d3dcfec38ef08359cca;;;;;;
3cf11ce9b7aa1a0ef00dd00307e794e7;;;;;;
146c636ba9094c5798eb8c930e0049a6;;;;;;
8858d095c92040d5a85db7967ec37810;;;;;;
62d91829b4e56b654963188de9bb731f;;;;;;
b8c36f0451b2b48ab536165ac352bdd4;;;;;;
fafbae8bc630d63a7819a377e5a88e10;;;;;;
23d8227b84c552ac0e6c9e2f42bd10a9;;;;;;
d55f34845ef34d1b55751463a9b42448;;;;;;
2128f7becdde13ce30d9a94d72cc37b1;;;;;;
e9e84aa866103fa0063e7e6152b99399;;;;;;
5efa7f104beca4991ca6e1cda5dfc0a3;;;;;;
8bf418fec4d9424ff72cd7816688263c;;;;;;
4935a772700c5b05e10c7a7553218d8b;;;;;;
5ad4b6357ad143c7453151972eac7b44;;;;;;
b6ac1f1deea28ad2f452e4c040dd47cd;;;;;;
c2c5a425ff7ad34932032fe6e6a0d1aa;;;;;;
a8e61a00c10fd3dffca8a247a3f21653;;;;;;
05f541a794e50aa00fdfea6b2293e2d1;;;;;;
291dcfeda7c28994166f5f0557778669;;;;;;
4b15b0e08f0a84594a7ad83bb725f0ad;;;;;;
649dcb482d747a45e0790def316a7e28;;;;;;
da009ec78498e462ab0efa5853d79d10;;;;;;
2d71300e594589090adb1e885d8ee99e;;;;;;
ab038e5bbbd2285641e571efd89cecbf;;;;;;
6d5cbe3b386fa299cc84fe307b2351d9;;;;;;
5474c7a7abce7acdcf83901165622efc;;;;;;
c21dc121009845ec8f345132e4b9c596;;;;;;
02b10be2b518ab3f9928f3a41670d2b6;;;;;;
2a04cd631be85b899d51929724fb5e22;;;;;;
9b972f9faef6f47036c5436c832475f0;;;;;;
37468f26692c083d60f0b4d70cbbd1f3;;;;;;
9af0d3c691849bb174261ec92ae2d3ee;;;;;;
5807fba90517fd32aaa2d833534635bc;;;;;;
205c39a525ba619a3e16bddecb20e86e;;;;;;
39cbeb392764aebcdf8bf0b0a21111c7;;;;;;
43fbfcfd1f5202df8259544d032183ad;;;;;;
68639dcb827b42cac8429c2b4315e29f;;;;;;
b847261b9a40887521ecc83a39a93c23;;;;;;
d90200a91f4aa26567f4c61313df77a8;;;;;;
2c3e9b5553d5fc6bef31d36b4bcff87b;;;;;;
3110315eec86d6e7541b3f2d3a810f57;;;;;;
fca0f1f43821eac23a2baa99cc301883;;;;;;
accf3f1d2b17bbbfbeb471760b6a38ab;;;;;;
baa0ea0ef0aeb4d9dbe6befd0fb7516e;;;;;;
159ab57a765bc7329e06f91a2154ed02;;;;;;
8ba34eab5a2562f511c40b22886102d2;;;;;;
d1967d3f0eefb7c865cd51d6d4d7123e;;;;;;
585c52520c0276969911b461795fd539;;;;;;
f2b90e6d131a4a8c31646c3e10418ec2;;;;;;
9344c34aba9b3f2c54a980d134493c27;;;;;;
430390d52d68221b1f6079c3ee0e3fca;;;;;;
8f21245847103da89e402c8aded4a355;;;;;;
52de66707bc1463da944d34d30555bb0;;;;;;
ca307239a68a3d7a4e7fdfb2bcb9a302;;;;;;
cca1fba3c0b5783f543be82995d2cdb5;;;;;;
d614139a311fc59ee5685d2d0176a1f7;;;;;;
d271908af81b8a7871d140317d09d395;;;;;;
effb77d0f61c0049f568be3c2c5c3cba;;;;;;
b0702c5bd94cfc8694e6beb3f9b0b9c5;;;;;;
261e64d9dc179bb388ff5da28edec47e;;;;;;
4020ff12af6bf9ec1f41d3c96f30de99;;;;;;
8340513d584a058e795c6131e87da3e0;;;;;;
467c587a5618f1790fe3946ad10c6bf8;;;;;;
09276c06f686be690f6b7d288601322d;;;;;;
79e4023c5817d12b6fd29df6aea9958f;;;;;;
4c6c8d352967ef5460a9e484d1726e07;;;;;;
fb33586931d6b5dcbaed29355de8443e;;;;;;
94af2ad309f5dd1f63bbcc1da34facf8;;;;;;
5d45c0b3b01ff2356fd7040a84a109ed;;;;;;
8c69d8926840e12970fd70588041c36b;;;;;;
eb6f43ea6733716e13e8a9f91e6ef21e;;;;;;
66641e7730ab41e8eeb316e27ed0394e;;;;;;
977bc1bf491e9df86dda72699a588896;;;;;;
f4c995a22f8262f562a3303c74f7d35d;;;;;;
040927984c2e75779dd74c11d4e33fe5;;;;;;
84b644b01973ca19be4fd81c2c58c1ed;;;;;;
e344d0c2e4da93ab822d80dcc2f56ec4;;;;;;
9149d163103291e96bd0376ce1829825;;;;;;
bec208e22c9224444e65cdc17fcb004e;;;;;;
7dd72361447b690248eed7460346f913;;;;;;
d3aac2f36aae9cc5551ed10b9dc3a20c;;;;;;
ac903536b58ae9e044e13453c6526e69;;;;;;
9b269070653163a7812e1fb26d94bd74;;;;;;
268f28adb0c4334894738f87bfcc6852;;;;;;
108ae1a7fb047a26a34533d2d66cca4a;;;;;;
b180432b1d23298077dd2aad3229c331;;;;;;
95ba9312f574d6a672d9c217489dd300;;;;;;
9ec2e62d4934af0e4f96b0cc1b446130;;;;;;
c4722255beaaefe581a1f2ec903d12ef;;;;;;
6d101f7529b82eca37661761dc67baa7;;;;;;
708bc1b7dafd73bbdf90ac9af402f544;;;;;;
3d4089d9797d046b9095ae99c8b4025f;;;;;;
a6ce48a34cc0fa36b53baa5507ff656a;;;;;;
1e6cda1697dbdc50d52025f795121cae;;;;;;
c518d6006ca462ebb515dc8b4dfefbf6;;;;;;
a52601a8e6ba2430152f8e365235d285;;;;;;
2039aa9fe77f93e51e39c9702cfe19ad;;;;;;
e284522cc7ca8d6053a2bef73b4bb8a3;;;;;;
4f4e4f3eeb93f1ff0913c5fbf0357386;;;;;;
128455c5ae9d6453b48b0b73ce2534cf;;;;;;
06bed2f05098c24a7633cd9360edf8bc;;;;;;
1c6ee4e5c44013ca3ebbd93f3131643a;;;;;;
55910966021b3de9a362fad73d508703;;;;;;
f2ca8eaa931d19d56bfda96980a76f03;;;;;;
ffcf41aaf803ba7938267a1da4f93946;;;;;;
d84e94b4169fedcbe586babe39d23c70;;;;;;
4e26b7bf880e3ac015ec5c9e8316eb27;;;;;;
2d5e50d406fa626fd0f7b511480c7249;;;;;;
2ad3eba1dc5e4e9d3ca13d81b3210607;;;;;;
f1b4b5de2242918bc1959d75ab95468a;;;;;;
aaaa828b2a30b73e67087649c0bffbda;;;;;;
33c57fcf607e1bf8afd8056252521af2;;;;;;
c66565fb3a8d09f6ae395cea2661fef2;;;;;;
301da8ce11fe984855a2bf67f4158a91;;;;;;
3d640dad685edc2e99dc502a5d329ad3;;;;;;
c494c17e1bf0260c0d3ddc460e6f80f7;;;;;;
77c13473b30e153155934c6ab82babc4;;;;;;
26ae70fe0a5f9124a059234e463a92c6;;;;;;
ee5aab539bda99c1bd3b87d4da251570;;;;;;
df4492a451c67b9a36deb088ff835b4e;;;;;;
74720869928581182993ca9cf49c2e36;;;;;;
d9d6b608b48c64dd85f556f3f7fbd859;;;;;;
8f7e2f684ba546cb624d9eaab9452895;;;;;;
b9db390a88cc972820ed0f67acd37d5e;;;;;;
61992ca7908b8d8eab3f691f597bba83;;;;;;
729ef052a339a114bc0f407c61bee815;;;;;;
d45328a4ccb6e76836f0511a1fc7adec;;;;;;
fc3d5ecb3b66565176de6e6ebeef503c;;;;;;
fb465e842329dd29a4718a3a0db8dc2c;;;;;;
20ca7fb48c4d96d3f8257550197d4007;;;;;;
0b5c9a1e5cb903602ca31dd68e24daed;;;;;;
e84d7e1a3687eb414d981297eb451329;;;;;;
23987c36401ed0f3dc410483da09eb41;;;;;;
77826d35bf3a321d12e016c4072723f1;;;;;;
db4d7e7718449e381cb6ee24057ebfdb;;;;;;
0bd828a7bbb7a794747029b466e4d41f;;;;;;
8ee3fd023aac092a77b6b954f3c3961e;;;;;;
fdab854265c03500b3581d5889a2b692;;;;;;
0f0e56c0760982dbf2af02dc254ef05c;;;;;;
b21ade4258029bb86b3d5b1927d0fc5e;;;;;;
b15b53be1825ce3bb13f318471445691;;;;;;
0ed3fc395fa52d05993ba5eedb6cd4fd;;;;;;
6882fce3c2cdc118221e3426913d9419;;;;;;
e6abf32a9ebe3c04d6b041a9ff7e94d8;;;;;;
67be0dd7a3a1de501029e1cb18860697;;;;;;
1e9bb8db3c619e434cc13886e8ca7401;;;;;;
20df817bbb00da40c54f2ebbf545ef62;;;;;;
2c94e5f1790905f7cf0016c9dd7e8892;;;;;;
45b27adf974694c3fe073c3785a8e571;;;;;;
06aa9c653dbdbdf22713685d3df54d6d;;;;;;
429a0f50535b693a8e8a4bbafc24726e;;;;;;
696b845fd12e4ef8f32f333b9829908a;;;;;;
a04168474efb2fb549e6f1de62e0443a;;;;;;
e866f9d6ab4cffd6366731f073e709b8;;;;;;
5e5d88fc39b222873e4f31b4982adcf1;;;;;;
4995d050812ef71227aa58e86bc0ec34;;;;;;
3f3c4728953bef7720b3fe47738818a0;;;;;;
7d811bfa7908738b651005eedfd6c142;;;;;;
2797e0f37e64c0c2ec0d93add125096e;;;;;;
7bc9f217d6c7d691000736121b8f7f4a;;;;;;
2f270ad8e1e5efb303586287e7bcbbfb;;;;;;
5275e53a2d43f75861c60950a1f37094;;;;;;
892f82617ad6e50c7ba8c52cd55c1772;;;;;;
51d8d9333b7c0e56c30397ae0185365d;;;;;;
db5db6d6477b52927fd58ca9528d6b68;;;;;;
58af70639ce1584272102ed6452e9ff4;;;;;;
84111021d884d5684f8e8802a81f4d28;;;;;;
5d98b4dedfab4a998a3453985e1dce1a;;;;;;
9c7e3f7a3869c9db009b8f19ccf377e1;;;;;;
df846aa604dc43a6a2ca436b036ab27a;;;;;;
119590884865abc90eec8beea195a5e2;;;;;;
b4c4a1facb17585a772d4024be9fd2fe;;;;;;
ac47a72b7e276123fa20b1dc5ad9819d;;;;;;
63bde36b2bb09598be6008da586b268b;;;;;;
f5a64dd5e2c42af540b3a0f71e4ed17c;;;;;;
93e736c6107f22f715ef4b7143afca9f;;;;;;
c44120e100d165a7130eb4cf0701e988;;;;;;
e4f821b28026b35432caa668f1e68d9b;;;;;;
f50819df4de1d0c856e23558c804d5f4;;;;;;
f2efd06af183cbb95a403bfba37f10c5;;;;;;
5ba12816c786d83fc6f0b91ddb7f089c;;;;;;
5223c91a1c83a5cf5771adb4a5ee26ca;;;;;;
80408715cfc846ea487b9355df2318a6;;;;;;
29ac8b3f8f31727f4f894fae7684061c;;;;;;
7e7837613a59625d3d7c1444a027f37d;;;;;;
b6fb94593de17a363d5042ec8167628b;;;;;;
9d5901b1f2b285246da099fa7233211d;;;;;;
3531223de16493a6cb274009829e9ed8;;;;;;
f00996e4cc8ea3c4d4141b514b17dfbb;;;;;;
c8926aad6ff11697e5e2bd099b977214;;;;;;
512156305983c456ca578a10509b03c0;;;;;;
b75a983a422c848636d9a2d692214df9;;;;;;
0959f8e46b43e3ac32422c4cfdd327e2;;;;;;
1a3f627aa4605b401873af228f3e0410;;;;;;
21eb3d05dfbc052c2b3d5902284ef21b;;;;;;
c3580078e72abec2ffd7bf645a86f1fc;;;;;;
ff620b1d9cf23a8bd89c30f332739bd1;;;;;;
9bd9f3e73fb6ef063914011b9da8a347;;;;;;
74e89d02e4dd1ca823ad9fc09f37bab3;;;;;;
255c3a1528e497c509776eb164c1b2ca;;;;;;
a4583ff0fd98aef8f8990eedbf739c74;;;;;;
6da7533526ca68fe6a492680a69b77d8;;;;;;
4165f3716089a513c5db93081a64c75e;;;;;;
94684d6ada70488a5f53a9a29de5ccb1;;;;;;
d64835f79ba31833a7773db97e7442ef;;;;;;
ec7ba79cae0432f5047187209b990b4c;;;;;;
1c372dfda3d0af2ff6928b5305196191;;;;;;
3fb08749e1000426df6b32e189d0e59a;;;;;;
8d74c2d7adbe8f5281334fa709797127;;;;;;
1a5152a86e7bb2383c67ab20866f79ca;;;;;;
5ab0e43bd6de89750cf4b7ba38421788;;;;;;
6e2d9180205871b0d488a1a35baf948f;;;;;;
0949971a34fab7bac3f4db509b4d38a2;;;;;;
1047e650f46b48d8b3b10108df57f2dc;;;;;;
2bf7a7ad220c24791433b6ec6e88f2fe;;;;;;
556f82e5bb241d0f7544294ee686fcdd;;;;;;
24acbab6e92dca909828e9bbf173134d;;;;;;
ef57460f5ca98500cf9951505b7bb52a;;;;;;
5c1229902074ed196830bab5abeb6d3d;;;;;;
b31e2cf13e941c14632d60378e8a9e54;;;;;;
1252adb6522e050c8f69e939c8fab22c;;;;;;
e388bf066f4312f86070754de870e205;;;;;;
3315bb48ccfdf6f37a9eb20330963883;;;;;;
3c9869463c4c6c717c7c50e127c29c33;;;;;;
1df4c0f0353e01fea68a4a1088a006c6;;;;;;
0f9e61f70c9755cbe71e2a869253a53c;;;;;;
6bea6edfea1b45e886c9b69e67baccee;;;;;;
45f0c784c1234719ddd370ba3678a715;;;;;;
ec4ce2c41f08cd45a4cfac90a7b8791e;;;;;;
9ce0008287f1f0a674705215e13056d3;;;;;;
d153c93ea54935163846a90f2fd9e5d7;;;;;;
0dbb59d3285b62449d3e8f44ddbf9968;;;;;;
7a076a93fc787bb50133998eb1c90eed;;;;;;
70704d0249f797482e2b614e934be3c5;;;;;;
60e2fd8a4cdcfc7d0f6cfebfab48117b;;;;;;
3b28d5ac9c0132c80d4b2609e67c6955;;;;;;
466acb3b657929fa8e087db5b9c45539;;;;;;
c894ea1bf44cd601ef82f645d0aea707;;;;;;
49efb25f487c2320c75b660d84902a91;;;;;;
4767e6a8a88aba330b97d72f9192e8a9;;;;;;
e11adfe14a580311beaf1e9325eb3cc3;;;;;;
e7beedd12583a7b604af656b54293f22;;;;;;
d3284145ae52a371734a1c915fdd8bd3;;;;;;
f8dcd6117f10dfd92461e3de8e30d091;;;;;;
3636a2f010e6a77f874fff9c93bf4757;;;;;;
08dae9c8e9b8377318f72f023a542357;;;;;;
1bde61427e9b77dc14d47a9cc3bad47a;;;;;;
6236f6f996c25ec849c095c025211032;;;;;;
e61c6752495048fceaf18e554c442ffe;;;;;;
bc4bbe52d91b436e846eafb921c5192c;;;;;;
7fa96088edcb8cd565f3210607faf2ee;;;;;;
fd6597722f8df1ffefd90d2e721f425d;;;;;;
9818e73e64f5a4219294b55dd05354b7;;;;;;
a12e36aad53e7841469e067fa473a187;;;;;;
44a7d94dcb26d843469f9ed679ad5550;;;;;;
e008a935e8f0a6fe518c9a22b95cde10;;;;;;
4475eb4a035233ea68b1450d1b020b7a;;;;;;
1a01d6e6f7042ae96caf62b5e4bf0c07;;;;;;
c56d72b94556cb8d3ba4fa084c83daae;;;;;;
40332ef5f817f13daea0c651e6082f0d;;;;;;
d34416f720d40f8caf6a6b45c523bc62;;;;;;
b61725b4c9637f97d551c65000811613;;;;;;
074687756252f8e9d50ac1480ae04ecb;;;;;;
34d0c85f10c6372d4f2b4f2f709bb8ab;;;;;;
da08facb402ae53487ac0c7aa6dd7d5c;;;;;;
e0c42872b0dfe00f539bdb619ebd8015;;;;;;
eb147116c5b7187108428880068808b2;;;;;;
9d036b6d93329b9c2dad650e340744dc;;;;;;
2aca2941d671b617654730c6f11f244e;;;;;;
ec9b0cf5b637a67f446b45d8d37da367;;;;;;
8c75e636d4c3de881356c88e4ca8d1b6;;;;;;
42db0ededfa31c9e9737820fb95732a4;;;;;;
2d6fa54699d1ffc6344edef6575a014c;;;;;;
9fec43809f7ce7b478551a743bb66c88;;;;;;
818158855a4c0bb88c89f8a7d4055da1;;;;;;
e22d050ffbf9cb99b5ab84d630d402f5;;;;;;
ca228b43aaf6071e524e2324cbb96f78;;;;;;
9f36da770b68e62cf42bf991b013e0f8;;;;;;
e6a4235d5f167bfa3d82477d204b7bb0;;;;;;
c7aa219c876f1288687752a2cd8c99ff;;;;;;
5963850bb942df6ee6bf100a9f581e28;;;;;;
41c137ed5e9e493dcd951583f2fb8a8b;;;;;;
99bda7154d2e603bf9a0529f0f4c4de2;;;;;;
d03abb7d61cb99bd410b332bde053394;;;;;;
276693165bb73a84c2b7e769d863f525;;;;;;
bb86e39b4405be0bafa5bbd2d526d1a1;;;;;;
43d41e0f8b529ad4859c31064677e28c;;;;;;
3b62009e4cc2657852ed963278841610;;;;;;
f116d86473c41beb89593116792a68a0;;;;;;
7e695d8bcd4524cd03f6924071d1c346;;;;;;
5c146ca8016cd28297cfa66d1d19a015;;;;;;
2845d6b1b4dd750e8f1a2dae62b06ccc;;;;;;
f8780151d18755b152de7f242f6f4e11;;;;;;
917a16a995282d56d60e4044a11411f2;;;;;;
62c4974d5a1f629a6b4b657875226b92;;;;;;
7994aa90a1f594857ad423dfc6d6ac1d;;;;;;
44e95c409bd1e7bf6248dc353eb01c02;;;;;;
41268bcf9f0a10d274f365483eeff549;;;;;;
9b12637f5aa3871d4a70718dad5a2311;;;;;;
ff1eec61a6e0ba9c7be151b4dab30b4f;;;;;;
d7d913b14116ce8fda4cd2d668da39a3;;;;;;
6b00ccd0e2480126be29f82ce5454663;;;;;;
f8fe7f2711c8b7971965f3f4834bedf1;;;;;;
0ff0eef3b156826644c98c54f8e56bce;;;;;;
ca01c464f2a161f1484d2267886680df;;;;;;
d023078ebb92a133858d88e3087b20f0;;;;;;
a07f7d829d67a769cae9908fff6745a6;;;;;;
2a266b78e9766d74fe1c44c6e0ba8433;;;;;;
89350429084410dac90dbef02e19bfee;;;;;;
f0b25565306640f4e9140f6f028f9a23;;;;;;
ec11ac3065951f8ffe5c691e62842c97;;;;;;
ef74ce6adae25b2dc6d16865189accda;;;;;;
d49f42ef90bdc18631d97e8552fa413e;;;;;;
97c670fc4bfbfbc7e5e47b6f4c576b0e;;;;;;
a95fe71088493537a381d779c79785e5;;;;;;
b0add524338c092e0679db89f7ede0d1;;;;;;
374763bd796534351ab2a48ddbfd2956;;;;;;
cc04c9f15a752e63f8d29fec71c10894;;;;;;
8867a3dbbb42a2a67fac5474efc097ca;;;;;;
51572801860dae4eaaec5d7b59597eae;;;;;;
a3cd37a69ac9b0e5160cdfdb38b35d6d;;;;;;
41866953c334f1707f4168f0dd14e183;;;;;;
b471e6a5932b6845f5d6a09512dd04ea;;;;;;
ddff9e73405542beeebde21b26291949;;;;;;
fe853d4a83f2aa75315de3a7029cf92b;;;;;;
d7edf53f2789b11de9c304ad066bc4ca;;;;;;
109bd7e2b7cb13a25afd3a24e301a7b1;;;;;;
db6b8f9f5807f7930c0e729ef054a491;;;;;;
9a7fc5b51d60517c374236bec0535dba;;;;;;
0749620906bfaa5326318367a714fe24;;;;;;
11edb6ed0a58944b5a47054cf6b8779a;;;;;;
7586f37bf9e77dc864be78f5b63888bc;;;;;;
e5cbb228fe27fb3cfac3deab1c19adfd;;;;;;
adb8d18fd6fd125ac2ccfbbd59e2f201;;;;;;
25c5902a22c7d4b9dd8539b4c888186d;;;;;;
d0f3b25269b9133f919fc7b9476327cd;;;;;;
7aa335cbf3822587c5c981d1921c96ba;;;;;;
9c212ec8465c7873dc11132de3780f97;;;;;;
10ae5d574a2ef403e00b3ff997b34064;;;;;;
9ccfec88deb7a1bdae5f70aa979d4233;;;;;;
e8b9de08fa78cfa45f7d17290edbd692;;;;;;
7146b1c11d0ad56abb60c6b9482a2982;;;;;;
4e62465e03aa8184e02c7fca0fee881c;;;;;;
09babde4a1b5cc5547fc70bddc295b0f;;;;;;
ff2777dad852b67fe1924e110598799d;;;;;;
795f12408fbcec3a6c4a49a2dfce0c44;;;;;;
9cda06f944c08170583c67718cc032f4;;;;;;
2fb3ab1224f1cc2dcd63aac203d86335;;;;;;
293fa567fd82e96a11daaacbf3941357;;;;;;
d34ec9f00ba24f075232a30ed9b58956;;;;;;
87903c68565963ae3e0389eb37521eca;;;;;;
a041a3efeab141a8b4030a97f82c4f10;;;;;;
0a3cf6fea9ff011d60ee13c2626c82ca;;;;;;
0046bbd302379f5079fd871b07198bc1;;;;;;
b17e415e92c1bf13314b8b20c60c9dcd;;;;;;
4bfec7675860c58d8db043015abeba9a;;;;;;
33d4223af70ffdba6bb746bfed2fee09;;;;;;
96dd09612e0cd2d3ab9ef05e86558ee0;;;;;;
0bdf8004a770f7eaa46f9e478fabf3a7;;;;;;
4c88f3382d8d321676f679c7068f1da3;;;;;;
575d58cbdb4afd7e341f2d13b1e281de;;;;;;
3ada6e9dd4d96f71de63c7dcf1be60ce;;;;;;
73d65463b140ac144ffbb59f526893cb;;;;;;
3ace31f86869f1e7b903b1373af03553;;;;;;
6c5e8b2ec4d310c122d7707542b7b8a7;;;;;;
e2fcadb79637008fe24ab333b3d87606;;;;;;
e5ee2a25b28bb7f29af9effc5897a894;;;;;;
a0492218ae6f3974988cf7ff221d18fc;;;;;;
22b6ed686a42ac3a4b2d6c825dfec2d6;;;;;;
d7046d9173ac4cbb8cac565704b41186;;;;;;
ca1d674b7958e5d45f1a219a5d96cbe4;;;;;;
7b55d9fa1cfdaa97f1f546a8f7b4cdbf;;;;;;
4f17f1f892946b36b512c2adffc264f7;;;;;;
4308cfc7d338a75992cb286d373054fb;;;;;;
71c5fe7356e13ddf34e928f79399fa62;;;;;;
d7050956b88f682b9f615f0ff3341e1d;;;;;;
9347ef5c62050ef71efe0e645d4e8b6f;;;;;;
c6e441d6b3f698b71ce2aef77efcead3;;;;;;
df5408e51b9721366325c34771646b14;;;;;;
45f31f4e169dbff76fefaad46db4a053;;;;;;
4d2a393146308b3c51b62f9fd564c86f;;;;;;
a7c97080e32291a5f07f176c8a4cf5cd;;;;;;
1eff5e40eb502f8a264b5a0fab6831e6;;;;;;
90742d382c12d8857e0a9bd5bf7e90e5;;;;;;
694f94292315416ed3ed21e2b95196fd;;;;;;
e6785aea7b05f35f5231a57817eb41b3;;;;;;
0932348e95dadadeca07b36c965490a3;;;;;;
60ce8f392b42d200eceb91baf69b29a8;;;;;;
921712354c2fa22f4dfbb255e8c090ca;;;;;;
46d0d63a84d1c82237bb0629b7055092;;;;;;
6c3455387790addfb6c51c6c65ce478e;;;;;;
1f51731c8463058868ab0939d96458be;;;;;;
f2dd2c1508b01654b52c0061bbad58e6;;;;;;
ee53c36e9606b0e0a50b6f6c4a46bdce;;;;;;
39d7d20ccaaa6886a59bfb1e8eb21b3d;;;;;;
28920b016b8cf67cee9fa7c465687c1a;;;;;;
b742aa55544469d846b74c7ff56b2296;;;;;;
2c2752f22b774f5e512100357110fe55;;;;;;
cd881025ffc99a584c801d845ac117ca;;;;;;
a0d2d764d1f6b4df1cd314a1d595ac0a;;;;;;
4a22e28f5b460a0a5d8173219dbdb411;;;;;;
d2a3ed378a36a3dcf97a6c3c7bf91fab;;;;;;
bfebd112af95b51ca26db9fa6a364c96;;;;;;
3bd260c1bd7fbdff09f3cb2fc5f463e5;;;;;;
1f747793efbb566988ccdc842ac25f3b;;;;;;
06e807a808f207ea015167672831b43b;;;;;;
1b669c6e1560c3e78e15170703103729;;;;;;
ef4f8da82bc87aca19b159db20bcdfa2;;;;;;
03f61eafa5fc8f78dc24797b8f774d8b;;;;;;
0115c55d1e7792662be1d5bad891125d;;;;;;
5d0545a6e424f3eb5068f63dee242234;;;;;;
9c58bf1b2e63dba1e8e37cfea791f542;;;;;;
5e858fe271a4f7377b05040bb89c1215;;;;;;
af19fbaa6329a5553bca77699dc68e3a;;;;;;
5bee65ee2efc117fabbfb1d52e1e9f33;;;;;;
567f3e77cc45ebce0d5454396a3625f1;;;;;;
4e990258446d5a19fdf1dd277845adff;;;;;;
5602717ce2e9db1ad79bc7910ca90740;;;;;;
8a22ec4ef1df40f4609ad6cec8e4ab80;;;;;;
c6e47fca10a43711ed3e6ab2ffe4d40d;;;;;;
918a550f089534515d700c12cc2d9a89;;;;;;
46f596bc839c126addcc877c94351891;;;;;;
8afc948ea9ac395a4308607f9a0e6b93;;;;;;
d71470a5cb2282d93dae6f8972cfa8ea;;;;;;
a8be28434d982cd0d7f01059d2c873c0;;;;;;
1b7f883e9536e1c1aed0a99575c8e986;;;;;;
cc53c72aa0b51ea680a58d4b0292119c;;;;;;
e5bf71454378521c1034304bb977f681;;;;;;
ca26d2d8d1f5c1385bae1d6076cec447;;;;;;
cd26bda74dfff8520d4f5e0072ca5009;;;;;;
355f16c818e740aeef6e3abd81fcd0e2;;;;;;
d1fd866645ce0451e51a268443da4ef1;;;;;;
f3f441d175b643cbad722013f5bfc760;;;;;;
d093c941c3e63917072645d4d4879263;;;;;;
aa0d112fa459c9ff983b7f56895c8396;;;;;;
7046d0263fb7176db785eaffddc35c41;;;;;;
137ce4632f487b63426200c2d3901ee5;;;;;;
f07820c7d542b7dc2b15c1e77a540fca;;;;;;
8d5379309a18f555e63e827c9ac42ab5;;;;;;
a0041addcc8a8b96001ad030f0206758;;;;;;
03f8fcc115669fddd371c2c331a43c0a;;;;;;
1462a14ec737e704be19045fcfb09231;;;;;;
6462d78ccf9c6d2d582a8be8cacefe2f;;;;;;
b94692ec6c87433f612fd2f8ea280a28;;;;;;
9a11811ec03c6e848ae8a455addb3898;;;;;;
483249ea642c997b063f5320d97cd66f;;;;;;
2e0572ac9abf07e6d74de26a5d774800;;;;;;
49fa2a6184411d8e8e8bd4d87e4ea97d;;;;;;
b12dbcefc060799681fe0cc9d70d1763;;;;;;
1d949b5c2a1a40a8a6b72aaf5b12bdc8;;;;;;
785bdecb452840bc557e4e1351694590;;;;;;
b10daea9412c895c328f12b04c10b1c7;;;;;;
5115329bc84dcdb192e7066f2c92ded6;;;;;;
f13aa8260ab46950b68809fb1e926b4e;;;;;;
ade2960e5913472b1d3412abe68815eb;;;;;;
a39525d251192f73ff3cab27ce1efc95;;;;;;
0a54278484bd2bd7df04e740102f9147;;;;;;
08fdd6c288d49b9a64e06695769be418;;;;;;
947952cd95b456c7f0fa6808b189ec7a;;;;;;
d66f619ea35f82b8cf3b27a9ca1f655c;;;;;;
75a5a53f5b54d259f8971536f45580c5;;;;;;
1b6741e1a6d02976fbf14ecbf0e53e77;;;;;;
8b3339e9923229476a91653342fce181;;;;;;
e1451abb1b8086a06f07a3be7ebcf6b0;;;;;;
cdf54f756b5842df73a9d69464857c31;;;;;;
3e4294d895262c9e55f29512f14cdb68;;;;;;
ed878aebf36dd324c3974bdab36b8593;;;;;;
a094784f532d00b7f974f8c72aeeaa48;;;;;;
345dbb23476598dd843e71a1362201e8;;;;;;
7897c90cf82c7aa009b02c18f3ccc4ab;;;;;;
9d010f1ba23d7b1b045a9074ec86093c;;;;;;
3635539350524729c638faa7d0583af5;;;;;;
37c4f40df4470e9a231f2823b3bb27b5;;;;;;
a94b01eaee0fd066fa4b3810b13dd0da;;;;;;
3c6894bd27f2d52bba691548abd4cf5f;;;;;;
07ee0cc3a86b8076c9f83ac0ae549941;;;;;;
5c0992cab244ce0a4a9de93d6bd8aa0c;;;;;;
762506618491ba100883968a15352944;;;;;;
f1d3f6afdac2cab690263ed42abf5d5c;;;;;;
3cd39d4227cb3d45153204e49b1f777b;;;;;;
87d550812269f48f576850d6f3b8571e;;;;;;
56a37fd276ade04bd0c7db27e43742fa;;;;;;
bf37d0b6bc842e372875f48bc734da26;;;;;;
673632e0b2b83e6da12828ef0434bcfc;;;;;;
a0ea1bb4d43e8ca49afc83a55fae6c60;;;;;;
953fda9aeeebcb359e1a61d19e84a0aa;;;;;;
11f94f45db4e46d0adf55446ba467dde;;;;;;
849aca073d9279ccb2c17608f739db86;;;;;;
9cf8b38869c59e2d3f019587e084b132;;;;;;
37f315669a79089c5a20d1b60151c34b;;;;;;
e60f5938ebe1231188c4434274acc021;;;;;;
3f9cdf00e977121baf5826b1851f4adc;;;;;;
207d9c4403e5d2bad931633022f7e2aa;;;;;;
fa6e0f47f82db22fcee8fbccbd645298;;;;;;
98fe18fae2766b42edbb87e9e212e154;;;;;;
b424261137cb3d8fd1325637d41c2e6d;;;;;;
6d1175cab62868d6705fc3bfd0e32add;;;;;;
ee564c51990e83aac96909099e95fddd;;;;;;
e3da096b4589c72bfd40e605bb093549;;;;;;
189e190512a0e969f7b84accc08257ee;;;;;;
0b3be379c98311f80ce9b6b448a992b3;;;;;;
c81288cb11d4556e3c8c29814952a568;;;;;;
6acb72f1fa876bc3bfe19b94793658f7;;;;;;
0307b838bd89e8af6a9659d3aef538e5;;;;;;
5b2c8e2b01e7b075e5ceae7bcef1806c;;;;;;
df6ec85af16c81cb59220a9f69086940;;;;;;
1d5b2e51ec96f5793d47c840bcb2da5e;;;;;;
03700e0bf4640d3af11cf549de7d1c36;;;;;;
17cb12d0e9a65b896ed3ec2191687c4f;;;;;;
3a483e592a3916f00210deb5eb3e44bf;;;;;;
06f1504cea64390041b77962a95ebeaa;;;;;;
02d8246290b4230bc64fd1a001fae465;;;;;;
54fa0d3d61c539d7c2c13dc4660a5225;;;;;;
061cef8071b708fa5a52164509f251d5;;;;;;
0ffce607414c5afdeea1d44cae1a3b86;;;;;;
478894ce03d11aa3f40ada6d828ead20;;;;;;
12b8f80645b79cb077900589a0b5786d;;;;;;
09e9af12d78ca9b916b8b5677c758d19;;;;;;
8272193bdd466a484f5cd2f1e41a59f9;;;;;;
bb29cc9aaf1b0c05e4fd4b3016ba83ee;;;;;;
5b53b917194406368a9ab5d58b6fde00;;;;;;
3a8a5dd6daa41ff1699d7a21d917c309;;;;;;
197ef7e9434e33e778ede5e5dc489f3f;;;;;;
ae7b6c2b663236b6705fbafd8fbc9c37;;;;;;
67d60f14d7fe3826a1fc37dfae837f4b;;;;;;
86d78ac1a36cece1b84d2aeffd26be64;;;;;;
8403f1784315b0f650544f4e344f62d7;;;;;;
80659da2f3fd5492fc0a5263bb64a2f2;;;;;;
4fc56427f94acdfdfa533cfc360d5d9f;;;;;;
6269bbf14b38c884501baf71128f1025;;;;;;
e5995b1cbc3fa53f12e3c5f2b02224c9;;;;;;
cb5ff8f89c867d43084000cce2f3c030;;;;;;
92d11ebf2b56fb9025e9e52786ea326a;;;;;;
b06e9efa75144ab85ffe8df441eff0d2;;;;;;
c054ec36eb92803b8dcdea160b37d5fa;;;;;;
7eb18e58d47fdefe083731dca59f6000;;;;;;
1b0fa894e20a7a17576ed6c9e5ca0d1e;;;;;;
ddfe86c65aa0576973782c6900cc567a;;;;;;
82956c4d335c0f63b2262e6661f005b6;;;;;;
ae217459548062a017ad2e538a9a50bd;;;;;;
3028390818e02892282e9cb313c33fd0;;;;;;
63b3a4e84ea6225f11a43bde2faa749e;;;;;;
57032748ce04cf9d3e89d120f2b6d622;;;;;;
60146e97a46ebe3222c31c51b3ec602f;;;;;;
779f6ea223db2d3afbd6bd184b0f26bd;;;;;;
673c7e9c6c20da8198b502c637ed264c;;;;;;
c32e50763d0a91e414b672b9b9ae6a87;;;;;;
0220181fcc8e99e66e9f2164ad1dbeff;;;;;;
49877852cbc9ccdf1612be7d6c0b7bab;;;;;;
ca9a27475bd5ac71af557c013b85d2cf;;;;;;
3098b91452727fe18a01b10c9def9905;;;;;;
be29bceb7350b37d1401e0416d5fa1ed;;;;;;
444ebd401c0c79e11d394e7863bdcc83;;;;;;
cf1433e6721784778abaef1627a3cc09;;;;;;
6a49040b10ec08281f824e59e1670edd;;;;;;
c33e5982f959ff4dc153d6131e92af63;;;;;;
de6074d7d629f8531d88374268ba6930;;;;;;
1144cb48bb47ce4f6cb9fc24f4b9c8f4;;;;;;
ed4be14b452bf01d2fcbb6d3668bd260;;;;;;
b5191867778b1c0f0404356e189f4cda;;;;;;
9707dffdb08cc8eed8980efd7d3fbe4d;;;;;;
3ff6f425c59431469a1bf7570899c363;;;;;;
5267d73be50eb653b7c8fb19c37f1b57;;;;;;
74d2ac278c71602983519e103a4dc518;;;;;;
f98fea171f23ec2227a94c37c10313a0;;;;;;
c3215c2d037ab19f68a3616f40db6fb4;;;;;;
359dd96517b5c6a2a78711f4855244d6;;;;;;
4b420c7ec79e1f5458757f156903943b;;;;;;
adc122cdc461b0edfc107f4b2a630317;;;;;;
b1c25ce3b4ce00d128363b717868125c;;;;;;
f24428df62f87beb91f36f38edfc2826;;;;;;
ebc1ecfe0cacac4caeb36da6cb221148;;;;;;
2b6854ad7116ecc46a3b68f580b9c8a2;;;;;;
e21dbb80f7b5e5dafe9d9746c2a9422d;;;;;;
da81e435b5c10fb3693adff357f81d65;;;;;;
ca03df9c4312e275ce213a7ce4d6c9d7;;;;;;
26f9bbf12cdbd631ca722b3db2c37a47;;;;;;
eda2bd9e9e5f12e2e988d6b0167d03ad;;;;;;
933fdd856195debd2ce85cd9413b0f7a;;;;;;
59b8f153283d2768aab442d1e836661c;;;;;;
cbd8b13ddaf950c81bdc2a45c5d455d8;;;;;;
50994e3aa28c467dfd2852ec1cdafc71;;;;;;
5bb110dd0fdf36331cb8c2a187665af2;;;;;;
5db796f0d0319e24006fc883558cc0c0;;;;;;
3cf258e5adcddfb624e92809381ea0f4;;;;;;
97c4e9a6f817f6aa206b143f2f0aaee7;;;;;;
b582682840c9e4556af1a456d4eb9189;;;;;;
6b9d110cd5480218afb966f9ab506025;;;;;;
b846d01f1ad6b3621b0f20ee5be683de;;;;;;
ee7bfb5e3ad67b8fa6d4a0c116ffddc4;;;;;;
227f80a0e5d8f206e74d0bde10615832;;;;;;
3da21b5f190493075111a48fcd3b2af7;;;;;;
886e49366696957720fc6ecc7816d3d3;;;;;;
8acdaa0cc9baa8d76842688d00836e38;;;;;;
64bc4fb185bdb82bbcf0624cda0850a9;;;;;;
8ffcaeea3471078f5c4b63dde51a7a49;;;;;;
fabc963b217ccced12b0b2005da9128b;;;;;;
9996acd518407147154d4d7b3ee88316;;;;;;
b1828c39ac248ffba7713ca93cfb4cc7;;;;;;
bf9244c9b6498f6eb673537e2af511ed;;;;;;
55531bb222feaa2c86e70d6cae07ef5e;;;;;;
04b206394a6646b35077f4183ededab0;;;;;;
aca70ec36aad8ed93f17ef9f3451c745;;;;;;
08727471fa88d835d274f414702fd2c7;;;;;;
c74e295bbb4d41e791779991d935ea34;;;;;;
ee51aa5bef8790df1110409fabdab4d6;;;;;;
f474b7d6a804dbf00366d003f6ac65c1;;;;;;
c643cb6c719b5844035f88c3670725c3;;;;;;
1e3fdb56bb5fa36ef50afad77a0a65df;;;;;;
6e61695fd6b6da0085e48970f1d34aad;;;;;;
20834711ea6e3b01bae3da0ad64c5dfc;;;;;;
1aa66c2b1ddb585e3b67c9a6cc6609e4;;;;;;
73821676e5b061f8d74026eebc9be0f5;;;;;;
1820e96808389625e968360c1d40ae88;;;;;;
7bd690a00fbd267dbf90e9345ae49d80;;;;;;
116424dc362209a6d02dd54cc46dd595;;;;;;
19c06924aac0c11eb19f149a1d311f46;;;;;;
8c22c1403ffdb2f4aa99a1fc56656eea;;;;;;
f71fd02e133e8495fc8c05978aecd889;;;;;;
f20dacb1deb51c28dcee379aea3e5e01;;;;;;
801f7647db86e0178eface360d3edbd4;;;;;;
8e017673c6b5fb0219d7912234861429;;;;;;
45ed502a17eeeeaf9d4955e7d5d78643;;;;;;
5c4c5a4b8fc382dea5acb180e457ac0f;;;;;;
3ccbe0d43902929e3e55c5e73c334090;;;;;;
108af7f92de62f647895618794ff5480;;;;;;
27c7306441e3ae5e330cd9cf17c331e8;;;;;;
ff4adcf98d7e77cca089ce8a1779ba32;;;;;;
54e02b63ce8e4a59efbc12d751d4da22;;;;;;
694dbb9e9420b84dbfc0d477660d2852;;;;;;
632c487d5bef7a7bd08a994f0a49fca9;;;;;;
f5e4e23295c450149d4bf3746e7e21a4;;;;;;
26c63c8cc7c6a156a264d92945f94df2;;;;;;
885de08815de4978aa4d047083f158a6;;;;;;
2eee3ec4c7073a20a409944a46200968;;;;;;
9d3142cd877e2075d6f5fe5f7d19981a;;;;;;
50468bf4ea0cd96c030d735e5befeccb;;;;;;
18e18c3539b71762f4a29e7ec8845be2;;;;;;
70eb947587b1b819398987463196d20a;;;;;;
25a288065180fcc366aae710c9d70938;;;;;;
9a86deaccc2b9018da3e831900e0a89c;;;;;;
05eb607248807312bd91283b33cb7935;;;;;;
cdc705a3dec86dd3d2d448c719f6f3b8;;;;;;
c03bad2c149f64a729f876257a2b3712;;;;;;
e58dfd581228b4f7f62aa0b26cf58803;;;;;;
76731774c72081af6a01bf811d445ecb;;;;;;
f0a0480d1340d5613b9f826e164d3f7f;;;;;;
df0e351b01ce99ddbe0dc59b02fd8108;;;;;;
61ada7c191e63946e59a23a1c0247f1d;;;;;;
96c730b0e46b18ee5c93b7e987acabb4;;;;;;
925551daeac5375b057a2100787ce079;;;;;;
d0a749e620d9856997af95caed75724e;;;;;;
f7d72a08949494c4b14a546a9a200224;;;;;;
bc9a74d8365ffb2e9e77efc1e9e725ef;;;;;;
6b77020499fea66be23b6a0e111ac4b5;;;;;;
425fe2c8c990a6c7cd18a4c92e34f05e;;;;;;
30e2eb947355f5c3202998438bbc2bad;;;;;;
77b892f905ca9e9a6ec4442a3c73dbbb;;;;;;
2c4b0e142a7cc827d3d6747d957a6455;;;;;;
fd0bbecc81c5253c46b4ae9031915d92;;;;;;
18ae83799ede8687db93b086a004564c;;;;;;
9fb129f9dfc8f8607a65dec64976200e;;;;;;
2393c2f2872cde1fe4e46d209ba91152;;;;;;
595404a7fe9cd4dd68f66802076378ff;;;;;;
3f0dfa90b5e22dc22d1770ccfc1051ab;;;;;;
93be934ff1ffa6c5e6f45a0fe17ba0a1;;;;;;
5d6db6b93f3d5baa423dfb5001fe8b28;;;;;;
a554df72bfc5a8bb354efb7188531671;;;;;;
9a827bbcb7185567c381e670cd64235a;;;;;;
d1d86a0a120cab1e577ecb176109cf79;;;;;;
45231ff45d7bed3e54915d2c293786dc;;;;;;
e48c5c6454733f26f5d8e40f95008e86;;;;;;
94416ac4c5c5bea4ba13b8213d9ef63a;;;;;;
1f09f54a1b9e9f6bdb2496dd7d694e5f;;;;;;
21780c231a3931c2c484b7caa9660320;;;;;;
5f763009ceb66883eeaf61fef6b52a1f;;;;;;
5d1a03ee7ace0ffd97ac8715ee73008c;;;;;;
4d49255e39b23278c80765e693918d73;;;;;;
4607cdd1c32143ba3899fbb5e026204e;;;;;;
8d27d1130aaff2ce87836a19dbd5a3e4;;;;;;
c479ba2172d24d834ca2294ebc2766a4;;;;;;
3485d0f0b36b1f7a0c4dfbb5993ab1db;;;;;;
f8c347bdc32eb0dd97696ace57855e7d;;;;;;
df3ce46a6cf9b31a3144069af1cb5320;;;;;;
e1c03d35a29c6b26a83203661ae321b0;;;;;;
11fde3e40ae9a9655bc7ff12e3c0c034;;;;;;
bab862a5ba3537b642e8fa421c26db96;;;;;;
1a00cd65565f1e47fe02494cf9e62c83;;;;;;
bf085e730f89bcdd578a069dc8893264;;;;;;
0b2f982e6a527afee6f285bfde920dec;;;;;;
5b4e9e04f73560bbec9384a80f748a57;;;;;;
8416aa95935aad2b8acb4fbd463095c3;;;;;;
247cbeaff33a7cedefef254ca9c31645;;;;;;
a0d3d64a3f4176e1c82b72388934222f;;;;;;
5d594c48042c67cd3d1b2cedb3640b92;;;;;;
cf7bae27c96c6d8a7cb8155b6e17c12e;;;;;;
e641f5fdc6546210175de5bd02bb73b8;;;;;;
228cd6cd90972794e6100527964c29d0;;;;;;
00772bc0cc13a5f95c132fa760fc8aa5;;;;;;
e3a422f165028ad833455ca4bbf1d1b0;;;;;;
fb61dbaacb4b3175e28b221b968d5390;;;;;;
3b526385387aa8e8ed8a710b353e86f3;;;;;;
9d4e8095bff96b9f329e09626e5f5ee0;;;;;;
1a18ff588af3643fe523f42d666d75be;;;;;;
988a1d24110c1e7f37f13caa26c95fa3;;;;;;
51f4a4562605e6b291f68ed57b787eeb;;;;;;
1aa2763bcf651a9d0a606b870d7320a2;;;;;;
9bfb448d38746ea00e293dfab1aa803b;;;;;;
b620631cab9d531b381155e86f826c00;;;;;;
46ab2cfad2eb308849a60b656cb3b7ea;;;;;;
9ae117b8b9e53d926091638078122c00;;;;;;
df92ee2a77f82cb435143a9a7cfc61bf;;;;;;
3828c7559ec614d449adcc695834a059;;;;;;
af438c3b959dbe96c44283a9c8f7124f;;;;;;
e6763d137700ce4bf7d67afb843ebe6b;;;;;;
a1b75457eee7d67cd9d775cf0359598d;;;;;;
a40aa53dc7d62e84189c9a5da7120ff8;;;;;;
bd27beea4dbab00ccb0f34aab7f684e2;;;;;;
57bf4841c41879cf2043f72b39136369;;;;;;
4c179c17069b168aa6e243fd1444ddd9;;;;;;
70b5603b9292402ff151435221d08d47;;;;;;
6d0dcd08f5598f3ab6a9da4eb2e214ec;;;;;;
dd5c4f507b707e7fb8d85d8be1318064;;;;;;
193ec5a10b973ebb01b710e5cfc24054;;;;;;
891f80e03d84f326925d9036df2ff418;;;;;;
c93343136c3c3e46d1d22a04d93ec5c6;;;;;;
34a6228a0ddab2db9f8f962f346f872a;;;;;;
d77209e885f10267001a7832d9f50fb7;;;;;;
018f8baa587095769bee96741b1d9006;;;;;;
503bd33164e09c441cb182e5a68deef3;;;;;;
a63219ae0b67eff5e051173b9c91719a;;;;;;
697f8ca230124cc621e9e8e54579e9b9;;;;;;
f9c2b7f7c90031343508b86cc99c65d0;;;;;;
d281642b829065ff691aea7ed8787298;;;;;;
9e4eda6566797405073c9f30c089524e;;;;;;
f6d2cbaeee5e883539e53fb4b460b7c9;;;;;;
ce283aff2ec3b85b40466c1190fa1a5b;;;;;;
9a37110f9c4cdaf288c0072b48857f2d;;;;;;
e3defe34d5d0d94527068b6ad80c54e3;;;;;;
5f767b523226d8fc3e79134cc0f4400d;;;;;;
8073462143c050b50b544aa755c760ce;;;;;;
2ac03c97d3c8bf6900cf8b2e4e896644;;;;;;
ffbab02da077cf84a55e60545581d5c2;;;;;;
4d3f97ce42120f930238f71c31108027;;;;;;
e36c1270f27af50096824f2e0f736e0d;;;;;;
27731a6100cd61083732053de946e80e;;;;;;
ad4033aba8922f7b69f35fe4a1fd16f4;;;;;;
d692c4907efea381fa22b0b1ca444b76;;;;;;
9f1596a4cd3c29eba7979fa4e5a1e588;;;;;;
8507a358d03b784319974747c0b397f6;;;;;;
f404d6b5ac8e05e4affac7edde2fa8d8;;;;;;
f7a7f0fdb28db6369e188b8ddc337dd3;;;;;;
2689b76f14f6fe01323f83894f2d92d2;;;;;;
a7d9996acf01f184dc52a8d42abc4531;;;;;;
c8f7ffafc0d8e1d8410253a2b8ed851d;;;;;;
c4cd9ba51332de0e375e7ec5211b1148;;;;;;
335f0cfd3a242111cf1d6db7fb2db884;;;;;;
5f133efd91c8f7eee8f0d95fbcc4027e;;;;;;
040b024f560b3b738b0315efd39ca9e4;;;;;;
08d044a20186fa0cb9f72d2f7f766bd5;;;;;;
77130a71c71c8f150688351d28e71e9c;;;;;;
adfacad65aebcb6601126232eda96608;;;;;;
f60871ef5275193d289e9dc2f336bbbf;;;;;;
b2f94582490c01a26dd579e3c5a9eade;;;;;;
96b5cea86f92cf3a820ea0542565844d;;;;;;
a624771f46c1a071a7b20a46fd34225b;;;;;;
36dfb2dc639e427dde4811c05b67d6a7;;;;;;
ab92ec107096fe6ef9865d928c100681;;;;;;
554cb1a3b9a1f4382a3bfaa36a9bd87d;;;;;;
799d625c2477934b22da182a53eb381c;;;;;;
d87ad6ea464e3da3047cfb2cbad1234a;;;;;;
c34588dd39a58a7aac94b1c56643001c;;;;;;
c3735271bfb31df85d0c0df973549d56;;;;;;
5205c61f410cc26cc579ceb9135e89b7;;;;;;
75b2f90d11099a87c9bdb4a983c69409;;;;;;
411acafeb2889955cd477dfb0768a22d;;;;;;
09807984f3429dfbe3ff948cec137315;;;;;;
01f227eff5b4cffd3c47f9c66d4bb80e;;;;;;
b05756073a1cfa058253276da8bd9e6d;;;;;;
1fdd6de61daaf77b2dd99bc4fb775969;;;;;;
1805eaff409bea10464675b58db46ca8;;;;;;
0cff46d76aa8480238e1f75b2c5f77b4;;;;;;
bde19371304aba6c985dafce817974d2;;;;;;
6276c79ff0e66731976f39b4577bf1d7;;;;;;
5eb42693b87ff18f217185d274a599be;;;;;;
e1bc2a9b387b6830364f4380d7a7d51e;;;;;;
f1c6983144897784dcc3e969d6a0b4d3;;;;;;
411cfc72d84f2220a90d7e9bc3124e47;;;;;;
d94a3862095d6bf00fe9970e3bb9e4af;;;;;;
c497ed97234b3c46cfe22df1d1c65683;;;;;;
80fc59fffcb5130d97fa939c9848e8cb;;;;;;
345590d0242cba1a1d9219d743e50271;;;;;;
52f053917737f73bf42ef10b299873a3;;;;;;
013808b9e150d110d8fde5f07d6f0616;;;;;;
34ba273b7e81f7c7523e352a3b12cab5;;;;;;
59bef8105bdc39bf109aceff88d0f87c;;;;;;
80590bab14e0340ccb66ac49e016a9f8;;;;;;
86cab0440269f875ac623a175ea80d79;;;;;;
666db63e1971c14533218eddc62b29dc;;;;;;
9200a251fb0c88aa27aad8f6954c8f8f;;;;;;
fe954fb1072552ba0dd3f5e8452e6653;;;;;;
7fe977a1a612cc8d7380633b57f66d8a;;;;;;
dd9fde879b2dd4ec1f77f9ea643aae09;;;;;;
1ed4fe2a73e1e2b1a1d4473c4fa5ddf8;;;;;;
f48f124e79bf8cd7af9532eeee23a1fe;;;;;;
a99c48405838f7891127983de98876ac;;;;;;
a2312aa5fed933d4445198afa59e8f2d;;;;;;
0b2a50d702f3317bd1b07c3dbb6421ef;;;;;;
7f9fa6599a3b489f325c2a79c5935970;;;;;;
7dd6692521cbfe8e760ff31c12711561;;;;;;
ce6a0824e4f6d6365dabadd9a4081eff;;;;;;
6d63cf0aababb265e9088aef8721cb11;;;;;;
4ac3078a18b9426ef49fdd86b1e54b15;;;;;;
db5c698f3f67ae33c11f2b3d21a90465;;;;;;
c492a803c2802c724984052dea9e382d;;;;;;
83d0066868f237bff181a4006a8b8c93;;;;;;
a1db17b710eb061ae06e5ed04dd35837;;;;;;
3651019bd64c208b19c0bfe7cca45a59;;;;;;
869e5f1f8b03160f64cfb9f2f1eb3bc7;;;;;;
5d574513983f9c845ba95ef6ef5c9276;;;;;;
1d4392a61f23f8e196c9a01cbff043be;;;;;;
518576aa9f3647937b2681cd9a51c0cb;;;;;;
61ab47b76b9a2af7db434b3af133c1cb;;;;;;
5d16317c9551b757b640d7c310789be9;;;;;;
57f76f95acbc02fe247da0891bf20ddd;;;;;;
5cc1bd26168d42e9e825144c425a29e6;;;;;;
447d3d0bd347039935098c39b378fee7;;;;;;
33db36e1fcbadc9e22e39ab5891b912e;;;;;;
e531cf69c3bcde3663b4512d4122635e;;;;;;
db7525185e42a31acb1b2710a0c505e7;;;;;;
3c584fbd491513fbeb057b6a25a605aa;;;;;;
6fc83c7727930f62d9b4c0fe9f173652;;;;;;
f8ef92f888114b1c227f988138fb5605;;;;;;
daae9d2124ea8bbfb4aa6c3c106a2790;;;;;;
976bc9d328d47be60c4d0b3b4f070e09;;;;;;
2711747d2e4801077701c2aa635021a9;;;;;;
5f2f7fee2fb74dcee2deaba3c93bd057;;;;;;
ce7f352714c296f6248530c4f933a221;;;;;;
5ccc408ee5f3f516de65dd1727d60bde;;;;;;
9bfbf861072c675f23f8d2bfb1c894ea;;;;;;
38bba4c9c24d3ba15d69c5824c2f6d22;;;;;;
c08ae19e8c07c1fd8517e78d88bc4ea2;;;;;;
37e246df508ebb40b6ada036835b3f1f;;;;;;
72d5f058e43ed30c363aa42380672f15;;;;;;
6f11a69e7ed2042db1a464a7f9334b4a;;;;;;
f21ff26ce85e73f818e4f94f813d53f6;;;;;;
3dfbcb814845b1c78b1b42498e1c6545;;;;;;
4e1ff95acff3534c1a400b44ff2a2f21;;;;;;
cccd7ad70bee4cc29d2a36f1af073112;;;;;;
14c1922bf44b0275194ed3242001042d;;;;;;
a5f52bac67153fdfb11e0833a9052027;;;;;;
0fb12348aa56f644199044a94dc88070;;;;;;
bd0b4756ab0238d8c9b1a724aed18e04;;;;;;
1ebf908e92344e6ec8472086147898e2;;;;;;
f743c6252c4d25d2260052453ba79b11;;;;;;
a2b9addee59b9b1f4212398398b9baf6;;;;;;
edb844fbbe38c6c481a08808c801d90c;;;;;;
1794ba8d2a02f50921a7f410d16d1156;;;;;;
3eecef6391d59e162da2cd50c951d070;;;;;;
0b035bd0b261b2bbcdb21d727ad6ac88;;;;;;
e32ea89106d96f83492e7ce1abb3cb9f;;;;;;
7a2f74855e1f87ad36f9b52f9dd8b65b;;;;;;
8f5dc4e7cc7c3e4624b0684d4064eeca;;;;;;
397b8cfbec0c4c513f58b512263248e9;;;;;;
cb481ea99befee6e1692a5272e7490f9;;;;;;
4d7d6c0655aacc05009cae62b5fb4171;;;;;;
15d428a4c37e103af8a6750a2f2ebcf4;;;;;;
9224b01b69a3b2c39574d4f82baa4d0a;;;;;;
94fa30f3b47d95c6e62de2cd6036bfe0;;;;;;
6fa5b0d030a0e45a5ccb5b9f8cb588b1;;;;;;
c3fc9d235634f99ea8d031073ad96db4;;;;;;
7bf0224cc211595ea914fcd6c92376be;;;;;;
9e19863aef13a6ed3fa381054a101e25;;;;;;
c62ac29b48f4d1e2af49524b09fbcab2;;;;;;
7ed9bec143ac126d7e9f328261c779f6;;;;;;
58fdbb4b3c88622c41bef83c46428230;;;;;;
27ec56d6d65ef601e7ce701cd7ab364d;;;;;;
84d508a2753b5a44054112c238e6d40d;;;;;;
9f8b71819e9b97edff029395dc314be5;;;;;;
650dabf7661efd47b904d48dc8dec319;;;;;;
779f51a9f0fb22fe4f532d481ae154f5;;;;;;
48ebe7fe677f2e347fe7ea9023b7a2bd;;;;;;
1ed99418202b90a80f66f41988209f0e;;;;;;
1129c7e12e3ac20424f6a4ff33fc90bc;;;;;;
4d92001c045612961c62379a9088dacd;;;;;;
df208b3881856a58f549e80d8f9ed34d;;;;;;
bf17351e1aac7a35917dc202c114752d;;;;;;
53855fcba435e594f148b65bc96d5b3e;;;;;;
54b8d078dd249ce8bf4ba87fc3d5f409;;;;;;
ffd987d5a58f694f2c3061ab1bcaa5cc;;;;;;
681a4e1f2121748373079fa52d58a946;;;;;;
ebf1610b2ca7dc947b99f075d445af58;;;;;;
3e965270bca38246720261979386e883;;;;;;
78b882c81fef8328982535b1e92982a2;;;;;;
7f0ab5d3da8e2f8493fc2353ac5b0962;;;;;;
26c37a0a90b848b6d35dafb67947afd3;;;;;;
76c12b8d9e7af0c7ad30f71b34b6c386;;;;;;
40a1580b4768809257608835521717df;;;;;;
31d97b8f391f4b8a5fabac19b0a5feda;;;;;;
0092b4aaa710095b37838b98da3c10ba;;;;;;
581b30fb191f567f1f8595815e99f0e0;;;;;;
2993aa09fe07c6b4d403119a1f6096c0;;;;;;
3bf0fb217acc9e3969487d947ae43526;;;;;;
3bfc188c1e1e44bbcf911e47288fdb16;;;;;;
e64135c3f45c7703bc1b688f82ed0737;;;;;;
d2a972b76c8756e4a0cb5766086170b3;;;;;;
52b30434b3d3084cbef93abd887710a3;;;;;;
34f628256bb20be40d59f8ce87b1fdab;;;;;;
20f5a40df413085472011a50f12de228;;;;;;
fcdf72aed1c0b0e15f13eb94fdb45d14;;;;;;
2c38f3b5ff9b776649a169bd86c5b7d8;;;;;;
68e3098eaedd5ae3696dc5ff82591bde;;;;;;
6f408a3ea5c00175cd7df79d2d38323e;;;;;;
262b71809fbc070b9c7bc648c12f35ed;;;;;;
55338b43f3d6a9474fd975c6b09e2907;;;;;;
8a676e97ada13a672ef938b9b07f6198;;;;;;
a7a7f2416b9e9cec80e9c11e408d62bd;;;;;;
b14f247e7b673e59ca750808ca8aa23f;;;;;;
8c4ba674c5758273aa29f5c1b06d90a4;;;;;;
c0523b51136b654440771b2e17f752d8;;;;;;
3f8de2ee457b4bc759c6a860c02bc10b;;;;;;
5909d0a9f7de433fbbddf83f43ba935c;;;;;;
99e5af2326e16216957b8f305676597a;;;;;;
58ae5fe906c0ddce65a8a720b35b7ca0;;;;;;
dcb815b7091b0c5455b7f1b075fca2e5;;;;;;
29292510f75c9133f0d85ed9777fe8f6;;;;;;
2807140378d1206270d9f96664ce2920;;;;;;
22a3649cb07ed97f75e28fb6581ef002;;;;;;
764a67a2bf3da1589beb7860f191eeaf;;;;;;
26de2c6f7c40a14233af3a8880524b3b;;;;;;
e8d4bf585d0b98421328527b5d014393;;;;;;
79527efd43915b030c742f95bd3de02f;;;;;;
87417da4bf988d8c0be5b1dfc80310d2;;;;;;
b4be1e74437a18150a533ebdba206df5;;;;;;
737c400b5832dfb2ca9b1cfc9949b20c;;;;;;
88f0aba5c26fc36a093860205fe6b29b;;;;;;
b57f4ec629f008c1761aa3e34f13ecab;;;;;;
041efd29cf669257e784332cab1383ba;;;;;;
54ca220fd7dba5a25912f0ebfbabdc7e;;;;;;
7f274b0cd9fd363210b0c1903ae5f940;;;;;;
7de11e1aea249d7e363925d062585ec7;;;;;;
636f41694d3dcb7d80eacdb65df9a945;;;;;;
bdd1bf95d7a74ca6ea3428ef0ae9dc83;;;;;;
12f117f22ac708fe6b0d27ec5e762527;;;;;;
cac0f30ea98a27638416030b77f4334a;;;;;;
26385be6101d177aefe10d40da18e995;;;;;;
3e9d81c3d9dd1eea55204d01c9e92cae;;;;;;
d6056b0ff232c10b9c6b220b80f36be1;;;;;;
97d5ec9daac41099cb2a2b59a43f72fc;;;;;;
4a4bcc7099b2a3360b97899635a636fe;;;;;;
18add7b003ea30c36ad753673dfd3908;;;;;;
bd3d4472f572671c6e23302caaa61619;;;;;;
201858e3e8df8f264c86c3f0d71f5e1c;;;;;;
71f850a6a0834e77ad93f9b71284f63b;;;;;;
f2cef4a947ee94dbfd904c91e217a51c;;;;;;
fe00585eda945819a2ac71676eb69b3e;;;;;;
54c10e950d662caa4d467c6d80a98ee3;;;;;;
92994a8b2a728e22b115649fd719ca16;;;;;;
52a176c4ec9e834cd83cf46c03b6b59d;;;;;;
ab30887635d6e151f29c92a1f48dbacf;;;;;;
32cf22a8b3852ba902a0bdff3fefec2c;;;;;;
9dcc0814b62b1617623e0635cd2b4a86;;;;;;
e6754d76003a15d0aa7a4e708a4cb09d;;;;;;
b6d1e0488c60b705c395bef10c255218;;;;;;
31f9d73485e59be2f1bfe8f971a6f331;;;;;;
725ab86d1d8b04b2cb357ea3ec931607;;;;;;
878c7bca8c86ff58e0db45249bc869aa;;;;;;
3066201f0cd579b302d2a34aa1f78c17;;;;;;
ca68995d83b1538c32ef0f1a315d4575;;;;;;
38b5564a9b31d4e3438ef6dd255f1a1e;;;;;;
26125e7c6d8fab6e0a0e73887c64d137;;;;;;
657bf85ddfbedd0224fb07e31210d2fd;;;;;;
c6d116e54c3b3159daf3cc44ec7ab4d7;;;;;;
e7a51b98b0f80af7ccd6fd67e6b5648e;;;;;;
37ed68c3b73f19fb974b0c6bf36bc77e;;;;;;
21f0561f0d0d687a325dcd41021b7e12;;;;;;
2c635069f90c77c6ac81aa625834e156;;;;;;
154a3a4cab150ac4030dcbb8c9cb1818;;;;;;
0701d9b8147bc9542f2c25d7f52cf518;;;;;;
9b74a00c883329c08e80596233952f0f;;;;;;
7b16dfdc75f0f21e4cb9d88194744aaf;;;;;;
151a3eb0fd5a1c5b3f6bd1d78aa5fbb6;;;;;;
824cfccb187ca19b339c482e19e3b830;;;;;;
af92f68e6c22e574cc6c71228d732c3d;;;;;;
3a2690e381ac4426dc20ecdeb2af1446;;;;;;
45afcdccf564b06c14825dae1fd10644;;;;;;
76736023cf4bcd04f77d590fb78d0376;;;;;;
70b46073d5908158a1cc10055b1b228e;;;;;;
9a694c49fbdc52319b4270f0353a289d;;;;;;
d624fa6f1275aeb5d15a13c6ecf7b08a;;;;;;
57f6876612d25ace704d97d0035b05e4;;;;;;
b29b0c68ad34a0f33c4ed2ef7e80b5dd;;;;;;
a1143f0e2d489d16d4546e24f1bd2ae6;;;;;;
2afd46643cd06bce559103b9ea0ca188;;;;;;
5dd5fb58bc6102b73ac635df27da7c21;;;;;;
dbccf439054efc6e8faa58074cd35664;;;;;;
f6bd57427cf99d6bca7575597c94534a;;;;;;
4c72f3c03009c7ac43afef4b919ae819;;;;;;
60d1f8d44fe241d1233b85e897a11ebb;;;;;;
5203b184cfce62cc5103e8406690daf9;;;;;;
7b5979644a8cbd6f2ed63ad6cf944a8b;;;;;;
94d40fe17ca7a7c5851345738e83f569;;;;;;
538392f4f77d6f6670e0309aad76d7e4;;;;;;
3ece2ce24888e618f75dafdd6c62bde4;;;;;;
c0332878f1998d98454034047225932e;;;;;;
2975fba87012beaa2366ea71c8a09df5;;;;;;
b9e036aa0f5c8eb17135be7f6d01eedd;;;;;;
bb78a518312b8e52dacb040b6e3c534f;;;;;;
9f8cd55ecc6a098b2865efa4d4f9f9ec;;;;;;
956fa2b3776bded5cdd601fc6ec6a31d;;;;;;
d63540089c3cb397b30c0202b85c7b30;;;;;;
82970ee89d4b0e6bd869c947f43cb1ef;;;;;;
df20a1131da8fd356a39696fb7f274c0;;;;;;
fab21df8efaf8e95fd9a9f561c856770;;;;;;
c0d70a5522b09dc769d6fea1ac564435;;;;;;
1906e6c553a91aba5d4a73c03b90b7a8;;;;;;
2f31173762e13671386e29f00cba9c47;;;;;;
b1d9ec6cda2263f8639ad674ea952bcb;;;;;;
bef1145dc11449a1124d2f5d35f8af80;;;;;;
a5002522dc7ae6e234d03ac9c547af80;;;;;;
54ba39cc3e7a0a84dc8541ae64ae7e39;;;;;;
bb0e2ba90358e6935a976b912e234ea9;;;;;;
4b9235e6c9c46844795abfe9d119c6fd;;;;;;
951d5a9b70100c07e16da7284887c5de;;;;;;
27b789e622a14e9fca307fce3a67e69f;;;;;;
d74f6e73c16d981040a2a356b592b86e;;;;;;
2249354133270054ec4f6492dac8f356;;;;;;
0eba5c459d915f0d49d6153040c09993;;;;;;
fa2bbc3f1fd2d1b3e4e7556d396ee21a;;;;;;
193473988c02401fd9404fe0ed473937;;;;;;
df15b5201264f0c785aba682dd916edf;;;;;;
7708175c43f8401c36f89266f0b56e90;;;;;;
3e4d2f9ab36a7abfd795e895bd55bc07;;;;;;
e9c06afb01d2feba35a9713b2706fff8;;;;;;
6df4ff72f9c504a4b413ab2fda28393b;;;;;;
af64d4c934bd29feadf147932b7a3317;;;;;;
b30274f9d94969e21f6ff111153448d9;;;;;;
42f88c87f8c7594eaf25d6baa540829f;;;;;;
d790b8a6491e06764b199f6373f14d72;;;;;;
eeeb1fb4d6109bb09793374a03693ea8;;;;;;
8f97ee0e8ca6318e178b066d20bc46b5;;;;;;
93e878fc11c80202b5f2fb31c4e1b874;;;;;;
d730f54e0b9d4027b0f5a03b4d63612e;;;;;;
f0e078cb8a00d50d035a571a83ab56b9;;;;;;
62807034dff27a8d8578161eb3af8a32;;;;;;
495bb8b3f2d28e8f2f4226319309edb0;;;;;;
bc2d169c5184b4bc7b8c40ac3aad7cfa;;;;;;
9e318bd468bf9ae03d02e22b3f59d731;;;;;;
d90a26634f0b7ba1c7d2d5ac437a31eb;;;;;;
48d28481f9d65bcd7a6dbf4caf534a65;;;;;;
f42ff83f95b1ec1ab0f95b24990fea8f;;;;;;
dbcdf82f8bbd0ea64a8d79f3976d62c4;;;;;;
03bd80d221179a5cee2df3d6728905ad;;;;;;
c45fb8a1e766e02c9f3764a7e551ea67;;;;;;
5ed7b6d0066ad74ddae417a31f377006;;;;;;
43ce73eab3cfa6ee168b39bf14234983;;;;;;
99d99d025ea8ef458486bf7b9b0ed648;;;;;;
b1cf16049c8396bc965a5854d7ed44b1;;;;;;
bbfbb15a1f306af8e32ebed07ec63999;;;;;;
ed6fcbc3602ec881a9dd1b005d3de4b8;;;;;;
7031d9020cf25d5dbea22d6ae5450f92;;;;;;
6506332ed39eb00c8a9f8bf8f9efcf6c;;;;;;
9d31c1b0774cf5ec25f8b91ab8c9f8fc;;;;;;
9ae617345aa8ba0ba979d0d55426645e;;;;;;
56ad5aa96c32cce8e001b3e70087dcd0;;;;;;
fadc8828dd717ff17411d68b9e34fd83;;;;;;
80d352e8611cc5c470fab3c8d8acf54b;;;;;;
8d3da76783e10e4dc9cdd044f64828b3;;;;;;
2b95deae29aaea3fea5b697971285dee;;;;;;
d58557ce34e48689bd948e7d8b6929cb;;;;;;
da3e16266dc7eaf93f6c6ffb9516c68c;;;;;;
3eaaa4800bfe625e24f20bbc84205a59;;;;;;
f3a79c41b62814081f662c82a5436401;;;;;;
c1e563774598907225b881fa11fe1a78;;;;;;
48c7919ca3f6454640f49eb1f082e12d;;;;;;
83b90a2e0f1f637fea20463f9790477f;;;;;;
d0ac87b613eee1ecea556d6a7bf7f74b;;;;;;
504e53045ca38d6ad74de348e6f43460;;;;;;
2f2b09f9c59a704b0f992f6246ae6f71;;;;;;
dc34e8f0a6ba97a15e73f5e4378697bf;;;;;;
a19f98c2de3e081a93e8fde068d52705;;;;;;
5a2b904e81937a89875d510ab1d1c5d4;;;;;;
cf9debb9a56bf1933219ccb020ce0300;;;;;;
c32fadfe4f81d757fec78a4561f803db;;;;;;
35f2f464b1e2cd268b22333a5df02655;;;;;;
6bed2fd94f79b925a910386fd034a95f;;;;;;
f45afa9cea9a330fe665022d57794372;;;;;;
7843006cc285b06722b576b984ec2c8a;;;;;;
a13c6e79f52b6977e6f962f7fc273201;;;;;;
f254fa24fdfa66cf6007de9df1130db3;;;;;;
11b736f60eacae87c14e8953a707e2c4;;;;;;
fa874a87af6dbef5913bada61f8a12bd;;;;;;
10f555ed2973061b469c6d5d7a306505;;;;;;
da5b51f0757b8b8c79430bbb519d1a68;;;;;;
3fbe75d6818488b65380d754a301d800;;;;;;
70e38783eabe75745f650b7b28ca0e51;;;;;;
b573bd5bf40a97606eff2f9391a5a191;;;;;;
125013db428f0d7703bee3628c2f5e3e;;;;;;
a662061905fde3bc7e6146585598a1e6;;;;;;
20c5cbae7b865fb70d8a0cf729730073;;;;;;
f03b2bf15e5061880527972e1b202237;;;;;;
e0feca58fac8497ec563cafe64a4d762;;;;;;
6389d9ab8c22b1a219a1ed763445bddd;;;;;;
894459ee2252ff10b76509a11dd55dda;;;;;;
b9f2693395f1c798abffc8a04c013782;;;;;;
5016d4e13ccde098034644694f250fd6;;;;;;
2cdccca3be478e2377eecf2cc2c8fdc2;;;;;;
5082bcef41b4368411af18637e4b78be;;;;;;
ced5e24de51e3f48adc17fd09ce81c5d;;;;;;
064b41f38b0882f9526077e513015114;;;;;;
576955cff46ed0fe3d6352f77b6629fe;;;;;;
a5e5e014491820bd6d0ce3db727c6870;;;;;;
2f1a30e1c59b96e999c1784f7cdf6cfe;;;;;;
c1314642569b82f502f978c2d3f0257f;;;;;;
91051474a836224ed3f4d3ad509a98e0;;;;;;
4dc032c12d75d0d99b1c6416554c7795;;;;;;
aefad32f8a2cd3aa9b4982fcaf9c56db;;;;;;
1a129a75ad47a5875d97f900c181e67d;;;;;;
294ed83f85747ad51fae9d6241b7821c;;;;;;
d45e51c3484e0a408acb5448c16985d7;;;;;;
dc5f4b41ed29e16fb519e67b40b676a2;;;;;;
a0ac3654fd67fb033f8395e4e4c1139a;;;;;;
d6453e18b0f9f7e9e48a4c69a6aa816e;;;;;;
a9d0a9c4b1d7bf5c65276b06a53c6d20;;;;;;
16067f39f307a315b4e77837a155eb79;;;;;;
5599743b7a90ab8769d0bfed927ebb24;;;;;;
bf46b189b6912b445609e06466fa4f66;;;;;;
ebdbcb7aa2357bc1d7547a520bbb1204;;;;;;
3117913ba8b86d6aa006fd297f31187f;;;;;;
a37db08c5b30eeaea171a4a6cccdcf95;;;;;;
ddaa95a3c4fcc0f7010411cb7e5ff965;;;;;;
0f4f2a121af004e87a4d6225e9fb80d3;;;;;;
15b14cbcc9de975635a282553aafd3c4;;;;;;
21cef41072826b676799403967dccadf;;;;;;
7c6ea2fee4dcdc6e4c06f4e40a8d4ed4;;;;;;
eb4e004eb5ea9113304f76c52fb1af06;;;;;;
e54a2155923770006de58a7ea97361da;;;;;;
df723112c49881bf5e1547fea5784880;;;;;;
102ae1e520f28bce21b430343171503a;;;;;;
f4fe9efe03366ace815c760843bcad00;;;;;;
b18ae1032cdb8c534f3ee2d4d6128bef;;;;;;
904cd2e8e730dccd6d6b9f35a0efe00f;;;;;;
38a65dfee68068d4ca07f927a64725b5;;;;;;
14ca5a0840ff1a2d32daabc409b2f968;;;;;;
c3df1e9e3b152672bbbbbe47ec841448;;;;;;
a9ebb06d82af817c8fd0245ec8780d60;;;;;;
3396f76ce136fe2d20c26b00a87b33c5;;;;;;
ca531a3a56be8d6499ccc7b93e029bdd;;;;;;
e8ca068d6da2a0abb2f5ed6c544e3cd7;;;;;;
411e0990f681e625d1bc24c2ae4487a9;;;;;;
2809baf1ed5db34f638070d64e0410f2;;;;;;
156051ee07b10ee949f18bfc9b38c5ed;;;;;;
89641346e372396e098ff09054ed9ea6;;;;;;
6194451053a78df10b984f03043bf59d;;;;;;
eb3808043652bc6d59f8d13371f82570;;;;;;
d88a050ca36c899800b7de3568a36eb4;;;;;;
eb72f67415cda3b8f514e51ff28016e6;;;;;;
a425cac89a4f257674db093f6cc4ce56;;;;;;
9ebf639d2f0c99732e28b39cfce82f89;;;;;;
fb68591d84c6ce32e54b9ab27eb42342;;;;;;
b5a7e79ec5a3d843e3e72cf4d36e9e67;;;;;;
ca77ffecc9f1e86a4780f9e902c72fc7;;;;;;
805c039bffc9d2f2ffa937d4e2a005ba;;;;;;
6d71220a696a0563baacb83e2c62cdaf;;;;;;
fe4c640c1417db8b7060afad8e2a89b3;;;;;;
5bb7813fafd2c091ee2bed670e602f3e;;;;;;
43a57c02ca0433c425f0b0a46811a92a;;;;;;
f03db35ef73102f2287897da257eef5e;;;;;;
f4685ed8c40f51d025c818c54821c153;;;;;;
c7bd94be5741cce88e07c6ec7c0e7b8b;;;;;;
ba712ad95c46efd5ce9c57e44919293b;;;;;;
dad1e01eb7d88a44b16a5cf3bbfe42ce;;;;;;
cc0c89703070aae55df566744797685e;;;;;;
54f4ae3f54f9616f8c4899a9cf3d104b;;;;;;
eb416ce8da5b32dd9776c148eb327a2f;;;;;;
fe5ee5aa9dad19818390478b9cce053f;;;;;;
5354903206ff0f2ad74a10781b67774a;;;;;;
3cb15d9c7868f0ca0f94f813d8938d1d;;;;;;
468b04e6ad919d85e8edf1cc83c34200;;;;;;
f9041abf492638ebe4c73dbcf790f777;;;;;;
1d98cbd7939133a609382634d2b190e1;;;;;;
dca47677ccaac1cc0756a3d74e680467;;;;;;
4a4d6129da1ddd69ea84ab6eb2cc8c37;;;;;;
61750b58a5b237abdb5bcea0f260ffcb;;;;;;
a1d512e70f2479f5ed78c106fc7d939f;;;;;;
7a56899b826905f5db48e3f93937d8c0;;;;;;
85b8e64c386e35de843d21ce8af9832b;;;;;;
f722f4dccbc6cc1c188471fcbe0f9ec6;;;;;;
a25af5ac3b83eb31578df36b2cac7cc0;;;;;;
38c63a5f2af70ce819e6357e7fbffd6f;;;;;;
0164a415ec7ff6f4baf2b8433f0690f1;;;;;;
84c84a43681f0c6ebf2b4c58db017587;;;;;;
208bb6628a772d5a3d856e9088878ca5;;;;;;
0a09639e428ce336adab498c5c7f88f7;;;;;;
a3d52221a6a08785f7b2e2c8b66727b8;;;;;;
0c09c07c5885dc833481e4555ab0530d;;;;;;
59867199cdf6497a47be8a0d96119e95;;;;;;
b932b7bac0fdc0709772948eec1126e9;;;;;;
bcd09b2982bfd7e5007badc977db9824;;;;;;
c36f205389503e7a4e10327faabba27c;;;;;;
b71d1b2282acdd775ef411e6ec75f4e3;;;;;;
0b14813d9d3a1ea5869361dc482a7466;;;;;;
1dc726443e9e3c6372909b95e35a57a0;;;;;;
8a4b799de393383242b271458d410653;;;;;;
f70151a8d485b19d83ddf9f25b4047e8;;;;;;
94c16cdbff486c52fc5844a3921b2fc9;;;;;;
7b3767f91a12674cded0de0130f76c95;;;;;;
3b223bb61da758fa6bf0ac6360cb5128;;;;;;
28e1997ba04c7d0d51ade00b0b3d3522;;;;;;
91675e2e785e124f1b77c62ce35d8ce7;;;;;;
5a0b890242cad745b892e01f2166650b;;;;;;
edd5b178e7e43ceb8c6a982c6b5833f7;;;;;;
67d9d6dab8d402b34721a5403240f874;;;;;;
52a3d295504e21a89963bb4a93a87961;;;;;;
cbcb3b4db5e5bb711b776b8d06f5ac32;;;;;;
cb3845fe1e75eae9ca62718be799c241;;;;;;
82fd1f5d86df11d03a74908a7dfc21dd;;;;;;
0c9ab5132bda89c4676e5be1f1c47ee1;;;;;;
634bcc0ca32d965bee09427a69802bbd;;;;;;
592331072e7d31ba650ac259e6e0a369;;;;;;
ea12f5d3f71dabcf23d2a826a77ab4dd;;;;;;
cc8b269414dc7eb14887658b5a07e3db;;;;;;
f3953a6d011529b8eb57bf076650d00f;;;;;;
d10e6249bd8df9e852ec24f0478d4f04;;;;;;
588e259c916348795cca79fa1661a34a;;;;;;
ae0694c88bc6a5414c304ec4315b3c25;;;;;;
14415c2f77a69d3e39bf85c5f36371b6;;;;;;
67547cdd97d161cbdaa36566d032104f;;;;;;
080ecd5a8545aed7ecbd682b60e31d62;;;;;;
3eb6e295ee0cfaaadb8db527c6e4d679;;;;;;
a7fdc8eeef342599594552d941ea669b;;;;;;
73acfc6c73d20ab6ce4f2491034daf3f;;;;;;
230895cf3869fa18dcff2b68b587c09c;;;;;;
a46acbdd2ec670ed3318b711c4c01ffc;;;;;;
ecd1e2e97951a63e5209ab1da9e9c581;;;;;;
a0ed7cb10854f739ad8b252e424d206b;;;;;;
41c353a2ef1d9f517f95b1cd5db384a1;;;;;;
fb00dfcd5392f33b11515a567a64e802;;;;;;
e3f42dd4a80489e52ce5f8d5b83808d8;;;;;;
192214fd6916b84e8c9b77a63e9e6433;;;;;;
e431fc7d9d7db986ce00b5afee696f81;;;;;;
d872733e2322d5a4d09ff0260e1a5f95;;;;;;
7c22b450f1951f7b0b0275975e6b2042;;;;;;
a5ebd673c5d2b8582a907921d56dbfb8;;;;;;
bcbfc3cf9cd310259ee573b2c8a000e0;;;;;;
b54a728688e4176d8f08eb0c2e4d181c;;;;;;
11d6454bfb003fecc22806264dca8d2b;;;;;;
90bdcfd996be72ee3d3cad25b7ab6ada;;;;;;
6b084bf969e2358ea37c9eebdb34c010;;;;;;
c6f226ec4ddd03077b02c352efd74b80;;;;;;
fe988021b41455de856bd8889e79b624;;;;;;
a65bf6c02fa4de98eeab599edd025cf0;;;;;;
fcd7afc5a1c2dd5778e29c0d17e5f1f1;;;;;;
66d680178f4970e221ed767566dd4f6e;;;;;;
d9b0a4161257e55b86d36ec12d62bbdc;;;;;;
fad572de6037687ef9bcc0c40e1c4fbf;;;;;;
dc95457d8cff4bef72e694a360da442b;;;;;;
dad97d5d8c357ca5c7e6a3ed7f8fae0c;;;;;;
6f36244f36759fd915a38f12e16e2e1b;;;;;;
96a8f9d0f00de0a5f5dbdb1cee41293c;;;;;;
5914f5b4e6675fa3244de5cf3b5e5519;;;;;;
406d4137b914621b2c14393b9a7938c6;;;;;;
d8e7e538aa8b49564e44d8e99e7db202;;;;;;
da0e3641801ec2b585853f240c39d3cc;;;;;;
750616f8d20c437b90377f2d245efdfb;;;;;;
4fbe0f47350d100d279c3f310c9e409b;;;;;;
f0ce13a3ed9f4c7fdb36d448bd6acc32;;;;;;
df2d25f1af26193ea3d7e596edc366b8;;;;;;
4c6c6d51760febbab9ac2615d5bc8c1b;;;;;;
3fe97e2c82dbbe1fe4c2ea7f3af417a1;;;;;;
6ca49a9405778ef1ff8646fc9492efbc;;;;;;
635f97f5a111080a21c90482621749b4;;;;;;
aa3eeeeed8802086e13336a06169778d;;;;;;
f5905af0fd4df5a3e857a52abe41be52;;;;;;
62bc523729be8eeb3980e7d824337fda;;;;;;
4c8a0cefd40a1bb37a0f3b576bb9ece7;;;;;;
5d55a94d4b82112b3f0fa87c0ff6fd45;;;;;;
7977e64bb3e04e600954710178e8d082;;;;;;
efdf805aee3788389f1e74e6a3c5063a;;;;;;
48204d901f72b578e2e31bd516a67f19;;;;;;
d453be1cdabfd648e3a5e9e67ce8faaf;;;;;;
8ad07a0e9fba773ce70797cd00a86de8;;;;;;
0585f32d0d6fee867ee06e63fbee226e;;;;;;
6ca7ac3123f8449b4dffc80400931f7a;;;;;;
54c17421df4af60d6818c1a82f9f2841;;;;;;
49a195b68dcef26f924e907b709a5147;;;;;;
2096111501c3495f4dd2909c92b8a49c;;;;;;
3eff1815df0f11f6998b740a0494c851;;;;;;
89f6645047119e59f2f3ed3b045890d1;;;;;;
ffc56d1000a612cca2267931e6369846;;;;;;
2d9aa0dd3af1e673aead9ff3f2dc08db;;;;;;
4d2b91044a1a8a126561d1c920069cb8;;;;;;
08f1e6eb4b71c46af4d9b21bbc7c2da3;;;;;;
0926306bbb6bda4c3db174fcac13b1cd;;;;;;
e048feeca1d26aa09c6d23f664f48e79;;;;;;
4e4976a8ed43ff73a0d72572748b537a;;;;;;
ec239956f8f64a50697e3e2e7ded02c1;;;;;;
eb92e55017f1c368412b2f051dbea64b;;;;;;
fe09bcc06bb70f6e420f9d460ed4fa4a;;;;;;
e397f173f41ec0db33aa4868d95bbf55;;;;;;
551cdb8bb62178fa96dec47e309861a7;;;;;;
ff1f607b18af8b3bc9433c27767ecf17;;;;;;
dcc78711b2ae2cd8bd8a489dc43d164f;;;;;;
6f00123c5f38ae981d267b1b6da68ab8;;;;;;
bd318a6cea4121dc91daccaef3eb80a8;;;;;;
a49ebf89881e04229be49c9eb65b71b9;;;;;;
edc9bcef5b69715b8e6f5c88eb921f28;;;;;;
69ba701e8eaf930f9903f6c4e4c74e26;;;;;;
639ebb3b8b2698c0877a99d279f97f74;;;;;;
14b7c7642dc8e8f5f3da9a407cb35406;;;;;;
172f1cbf5ed5f6466e282cbbf2b0eb37;;;;;;
88244e7db64268e234d36c0a4ef79654;;;;;;
2f261e2a83403abb9e631fe49bb5afeb;;;;;;
4fbd450a2eacd55c9b799abe653adbbe;;;;;;
c346c7148e98890fe9fde21572788c2d;;;;;;
1e5d712f73015b2187e92d4b2b0bfe66;;;;;;
d655c1077f8843c940aca4909915fc96;;;;;;
2d3272bc54a110187650557b42c34e28;;;;;;
2ece18e623002ebbd0ced9541d1bf137;;;;;;
13f15c60ddabb133fc10b411c834922d;;;;;;
70950d09fd9d73cf07c9795c7db65c70;;;;;;
f208264269e40cffbc04ca9075fa50a3;;;;;;
c098ae3779bb3806891f93f037e07b3d;;;;;;
a3562d1753c13a06ba6e244ae414b059;;;;;;
d01cd59b1b8875f73ca5b6fa00e371b1;;;;;;
eea72b089476fd3534832500828ee987;;;;;;
afea9d0cb03da6f0b8701e853a3b3970;;;;;;
4bc4107c2b03abe4ffc8f53533399be4;;;;;;
1caf9db048777bd1cde1ed38fc0e7eed;;;;;;
705d1da0d458a1c986bb779e1fe8ac27;;;;;;
4e6b7b1638de71575f10d9c64a289dc1;;;;;;
6bd86e75907dc7f8b8e24ccdccd8cb57;;;;;;
2c283967f2d632c093688fe49f2ca6db;;;;;;
dc6262898fb6f9353319ec225ffcf72e;;;;;;
35b3fac3f83f93005aa54eddb96ee59b;;;;;;
e2009db2b16afa5032bf1366f6567385;;;;;;
99e79385f4b36dc7c1b31324778d062e;;;;;;
80d45566e24ae2fb7a8839647dc97e99;;;;;;
6a95953b89dc09182460f341b6ea23db;;;;;;
baa09528129e92065b3c49e094813d64;;;;;;
1e33085f55f674c567fde68eb069e6c8;;;;;;
bff8e0517604d347d8ca8e03da80f431;;;;;;
5d0936d80c061fae9477cb88659b2775;;;;;;
86f089c919ddad8d2813a1361bf29f77;;;;;;
e1aff093d53960619b97a2c125e911c2;;;;;;
711d1444c8e3979d78fdf37a6e87fee4;;;;;;
c6e0d3dfeb1a045473e674ebbe0320ac;;;;;;
ae738c7ca2e0a55b25b9f254ad1533c9;;;;;;
faf20bdaaab51fe2faa026a0d68943b8;;;;;;
aa9ee7ad77ea5544953d60872a3b71d7;;;;;;
88de6ca08108c5bed08f2c74c38033da;;;;;;
3d893945503696a38812c29c84eab1f9;;;;;;
8f1b0acedab6bd8993635ac52e68d59f;;;;;;
4151e5d1cfc71d478dd4948a2ffd2ef4;;;;;;
e0064320484131f4da11c00787e053ca;;;;;;
67cee5c3b4c4c6618e3b8707ea297ffc;;;;;;
c0c970bbc15b19e4beadf6da6476c8fa;;;;;;
26b190b45450009b7877a39f4bb489a4;;;;;;
da854e586fbcbf0a91558def87e92cf8;;;;;;
9f726a0ba68063a7006fbae892cd0818;;;;;;
b78c68f45b50a7ca803a6015213a8be3;;;;;;
6368cee24dd52e2d3b29be81bb228a7a;;;;;;
ea5c4f8bc9fa00fe8763bdbf1e3117c5;;;;;;
b2c40cc78196765b2b0d26b79d74a85c;;;;;;
59d572c2b44695552bb647fd5d1c5c39;;;;;;
9e1eb2fce05689673f8ea5cd3c13cbeb;;;;;;
9b1e595d6e1ee323980b250e0e7196e8;;;;;;
f4727955301d2ddb85824c6aadbb471c;;;;;;
78435a6d4106eddd19a72b1e99b7f7a3;;;;;;
7b5b7af7420eb2231cd0547ad8cc1353;;;;;;
4e6c9e02f9c154cd1dd53e0baef89756;;;;;;
2c48dc333d325aaf590c34cab34c705b;;;;;;
4f3613c7be115287f44c666795182b29;;;;;;
e589b02aa7fb8ad1c74fbe3eedef242c;;;;;;
a50023f7ae4474a74d77b1ca1f7ec481;;;;;;
c82949acb31556e1a1ba208cc36b68b6;;;;;;
7cb3720c1c05c96fa2bf9aa2fb103c9b;;;;;;
53a3f7a4c790f6c2c4cdc003ea3dbbbf;;;;;;
b7a81c11be963bdec5a692dace1e97ea;;;;;;
3fd4a9d6182e8cd6f4f252bc8d08c610;;;;;;
7b0051c2712018e3fc5ce9fc58f98d89;;;;;;
a5f6fc4450765ba378ac8175f841e7b3;;;;;;
782a4b7120c187a6f2b215078218d300;;;;;;
8d241e6ac766d872be583e803e76067b;;;;;;
cbb0cf1e3413fa6a00962912dac401ac;;;;;;
fe96e2f4f82af5ecac28b37cea97a33e;;;;;;
c9d2e11cf69049aff46940bfda50131e;;;;;;
d010a2296ab69044f4fd0cf1d9338ba7;;;;;;
348101c8e73ead3bcf10e43c4f77d6e1;;;;;;
8a5c2cc5fe1cda5860e4a31ed2fe9c4b;;;;;;
9627fd9e7d035b456171e87948897f61;;;;;;
5f24f19bff477398e36222b2f83ed3a8;;;;;;
a0fddd303d40fccb5b6b45610d699098;;;;;;
6b2b560fb6a981847c3f6a6c03ddb0f8;;;;;;
87248cdcc123f77ddf6249942396a8fb;;;;;;
95fe11d73d2da87ee1ba3ab359388f2d;;;;;;
8ddf73df6a038d253af684148cdfa74d;;;;;;
38f39817ce28bbb90d075e8c04e370be;;;;;;
de55fbe63c842349c9c9a5bbbae09e39;;;;;;
14025cc550740f523a78325d9ac91cc7;;;;;;
e51431824783227e25f5462950afbf49;;;;;;
2a405accaecb5b7c9039a9fab450aa12;;;;;;
5b7f7f7853f46b1d81bd63cfca4e1a93;;;;;;
5aa3713f09a21334322a389773531b25;;;;;;
c866a7089211f7b53e7c08d519b82246;;;;;;
54643faf70c613efc47f0e427e131fd3;;;;;;
659406c3d6d00e018c23899f596ad156;;;;;;
3d19585c8b1568773a12ff04d6848e6e;;;;;;
8164eb058738c4209c4d7a186f77cea3;;;;;;
f663872129aa2602f69f379f324d341f;;;;;;
16fc30dbd804ac8de7a5c8cdf6094846;;;;;;
54ed11bd59dab593abb4f1bd2219958d;;;;;;
e3a136cceddac1146573c064c5382bb6;;;;;;
c681a6ab1326e20e2b44d355784f8823;;;;;;
c15a40352211c4117ff3f610debb9215;;;;;;
e5f8f9040c74b07c34648220ee141c0f;;;;;;
73beb2404a461314e0754ef4806dca92;;;;;;
ade1d462cd3ed59c46d0689818bbab41;;;;;;
e3fd8c8674174709be8f29494e5429c1;;;;;;
f39c1f26062d3446bcabf8d979de6cc1;;;;;;
344544d6c6ee90cbe9ffd1aff8bfbbb0;;;;;;
dea39079abbee34bf034b74633a4c7e4;;;;;;
00b405caf235cf43474aae95d283ca9e;;;;;;
7787f3293e0377169bf4e3cc370ff32e;;;;;;
af5115afb9c313a9c2eea6ac1f3ee432;;;;;;
f93abddf7ba16911749d8aeb67b4278f;;;;;;
f131ffbf571aedfa28307839119855bc;;;;;;
772480a21303d2e57afadf06cf4ca00e;;;;;;
3d83c356a49f8e1c8a63252d5e333eec;;;;;;
c48fec5d195a71a78c743bd8661c5f88;;;;;;
0ac6782e53a037eba54eb1b0c71e26c6;;;;;;
feed798019a7ac0b3af035fce4479f3b;;;;;;
9036423990195621b1fc528d9b0b289e;;;;;;
e1d6e1a6513921a93b296966c8d2c980;;;;;;
9ed77cb8cf02e8c35629aedf36a8b44b;;;;;;
18a522a5014ff0e5df7330849b6e30b8;;;;;;
6d9f5c1c5490d045fe94658e8fe15e68;;;;;;
28929356d00e9d6ffd768b65bf30980c;;;;;;
046f3b5a340b13f66a95afa615189364;;;;;;
a9884ec80afca9e07608c6f1a817626d;;;;;;
b4b8079c87c335dc53df1ade6c432f29;;;;;;
1a9810099d7d64ca81d292d9ddfd0e81;;;;;;
1549c7e481646f9a53bfe63b0d7a776a;;;;;;
110686e9c7c013d9d8149db522fdca9b;;;;;;
38f6a75fd00e6dbbf4bb593d4c9822bd;;;;;;
01c2c646fe91663e8ad9b4dfed2aaa71;;;;;;
eb2700051a22477e382674087d32931e;;;;;;
c9208c8e041a624cd3ec0b70ffba3883;;;;;;
6c68d129f7fed45a14fb06d644b347e9;;;;;;
45654b50de9dc2fbe2be50444a0e6217;;;;;;
6e4aea0831d8b12f24f520c61634a33c;;;;;;
70c0151896645d12b92ca2c826fa0bb2;;;;;;
6c3f16115b7c8334521df20174face0e;;;;;;
8ee15fdddea9923c77d97db0d44d22c1;;;;;;
b05521c95777bb6a704527dbbb8bd6ed;;;;;;
e8ef9221109d82c5dc21a1973d7036eb;;;;;;
3fb9fa22e1ec9cf98bc946eb8cc4d013;;;;;;
7b768578b7db2d32b035d0657ddbf09e;;;;;;
2b72414acc3f5ffe488509dd97f35720;;;;;;
85858458122e14e84cf78dac69ab2fdb;;;;;;
0a75cf98fc47f3b0eabbbf17f16d5c47;;;;;;
ab77c3caa98d70c5eb84710ed920be08;;;;;;
736e84e076587d5c832611d265fb9562;;;;;;
ece968f21139c7ca5678a257ee9065d3;;;;;;
d10ab197f742486dd48be0d55fd4717d;;;;;;
91537243897204aa50a676f8835eec5f;;;;;;
8a70977c025d436f31cbf925ab794263;;;;;;
92bae9bef141e2cfc5018594e52ecba6;;;;;;
8e946bf10ff0956a991f53e7c360a9ec;;;;;;
f7623f20565a99c9a434469af4540bc5;;;;;;
4e521b796b054d062e6c29d37f573cc5;;;;;;
116bc90931783a00940d40dc789a311e;;;;;;
75e601c2100de35dcfe74d9f94bbc95b;;;;;;
626d8d970c4ab8562ddc211d9ef6ad29;;;;;;
f6d615743f296f3c077fda0138f4b74c;;;;;;
33518693e40096f73b867b529cdaee5a;;;;;;
f18acc77c0c288a14810b219e143c52b;;;;;;
1f0bea6bad7427d2bfb4d76fbf467323;;;;;;
19901c2687b01e53354caac790c1c826;;;;;;
2308138dba1429af18a682c69bfd894e;;;;;;
294c24814ee5f7a076d9d61c914618fb;;;;;;
0051c225edf61919a3ef20ba1dcdf22f;;;;;;
359eaa14254e77c7013f874fa98edd04;;;;;;
dbeeeb1e484a6598c66dd11dd4b6d0b4;;;;;;
684e7d9f8b3969d1c5b8d91d392ed4ab;;;;;;
84348d574a628c1f6e4dd0f31372a335;;;;;;
2201767dd194f1a5bb14dd6638fdc642;;;;;;
8de36a069f4f7cb4ee10ea6370ebda6d;;;;;;
38b0a6d7f6bf535d52d5c4ee88d1bac8;;;;;;
205b7a8d0faa9c13f9070d327768dd06;;;;;;
0ca8a48a6dd2c76fd53c49bc3445425e;;;;;;
e754baaf9631f0f3513310058e86ca79;;;;;;
8920700bfedf6d3191b556c022848fe1;;;;;;
e979c049ace75104cec7463d77f09a91;;;;;;
3798db231115b2c817665b0376c6517b;;;;;;
f42e9be4634e831595a9d62e6123407c;;;;;;
61d19ada3082e8153dc80c84a87c275f;;;;;;
a247525b06dce8a9a09d4d7a50f992b7;;;;;;
6e6a9231e63b83a65ea305ecc3acee13;;;;;;
e956b118b5c8d3945c4e47a83c0a20bf;;;;;;
61b8d56667ca1aabdb7c3ba44b802e83;;;;;;
a54a609abaa169d28cf04c1fc47ee32e;;;;;;
afdb578c24d1715d3d0be58ed3a22b15;;;;;;
d17fc1ee08559ccc4c44931350f1b36c;;;;;;
2285389d3fef6e1a5e770dbdc484d4c8;;;;;;
3845ea3a589ccd9275c75b0bfd54a3f6;;;;;;
c6e58906ce97ed85ae9a9eb23a1c5a09;;;;;;
8fcf10408ea9bc5593547625782fb063;;;;;;
92f6ad83afbb43dc25dc9271457a70ad;;;;;;
083fddd20866b795ee70f1003e043382;;;;;;
2237197596cdb717a69d9660ce5c2dd7;;;;;;
ec10e57a064e712248e6907fa0f63634;;;;;;
2262053dd6e2aee970d20799791d098a;;;;;;
f7a1b0e8184f9916b6a423d9fa138586;;;;;;
2152269c5b0ef57365995f7b8619f339;;;;;;
e3b0a309922d1695e86f772c77f3673d;;;;;;
53f77c49fb1335a08c4e497bd795a203;;;;;;
eeb1711242ae53c0903958081a675171;;;;;;
4350761ec39ff01ab15b43f79b3be72b;;;;;;
365ce6177ad7b06707733e3158a47cf0;;;;;;
2282a7b8d5064b7c326e54d0b6492aa9;;;;;;
213e31cb346e41f87daeb929797f8c6e;;;;;;
edb8f02533593f87eecb64176ca41f72;;;;;;
be44b278b73bcb6296962a5205da2b45;;;;;;
264bba3d1d1215712333491aa3f9cb29;;;;;;
798f936c2ab268549c3c953f1d18fe6b;;;;;;
9800430a43840ed676df4d40f264192c;;;;;;
e032b920dcd430733efaf794c8c2fca9;;;;;;
6d4e694eb1714dccfb5f74adab0f3a1a;;;;;;
1a0552ca24866df9ea6adb3b6b29e710;;;;;;
a21826a07fbf8ec5a60137d8a5c7fde3;;;;;;
d240d0129fe0cee83c1b0e2c7c0fd344;;;;;;
62263c49b742b8a8d56c231537504c3c;;;;;;
2399a222bac75388bc6dd6a271609cad;;;;;;
636d31ce189ed02ee71e1b04f4cc6849;;;;;;
914435197168b22f1dcebf7268a3b63b;;;;;;
92d78ff0b3d3d1893fd8ca1c39872460;;;;;;
24d2c3a15f63ac149e63cbe227b9f75f;;;;;;
28b9af5f8ce2a87d2822bc4a28263698;;;;;;
bc911a72cd438a603b123fc8d80125e5;;;;;;
2301e0162dde7d2023211733f6f38b40;;;;;;
fe79540d1da37f5481fe151f3a016bd3;;;;;;
16fdb53799dbdda40c368f5fca561bcf;;;;;;
b10d8ef15d51a1dac0248aad5558606b;;;;;;
24b7650a47725ff4f5397fd252c88f0b;;;;;;
23e508d277d2055c4931358cab38f0f9;;;;;;
88bab695e75d22e9ca118051c4b021f4;;;;;;
b56714cbd26014ee815bffc34b915223;;;;;;
19163aa2256f84d6bc65258dd64d47a6;;;;;;
03b3dfc32f5d5953822399adb4a960ff;;;;;;
be41738e5170e1ecffdc4549933a541f;;;;;;
72c0714ed861cabf2c4a5dddee2c133b;;;;;;
b532f4a58035e2552582d8c7d5bae78b;;;;;;
0d4057da0d41d5d9182faae0d45d68e6;;;;;;
80dccf902706c1349232c472ae3ecdbd;;;;;;
eea9c990570674bb55ddf91184765eee;;;;;;
5cc05249ad50275b0b10939cdbea654c;;;;;;
790f31dc7af139d4f6cd199c58e35ca7;;;;;;
df5a7215ce6db22a071a66e574b23d99;;;;;;
0b33277c208305518a94762cf04d3817;;;;;;
d2cbeea8f75d9145d25f5b5c4c02ae5c;;;;;;
e806c2c4fef19da06dd71d54b7dcbb61;;;;;;
bab6e790f02d5cd6d5505bdf96e890e1;;;;;;
647a0b26242c06252629fcee0a4bf11e;;;;;;
a070e9ea06c3df7f6505a2086d310d54;;;;;;
7e7bc73db5259dfa95506f643bc392eb;;;;;;
db3000731cd2d4fdb94de3cafc48e176;;;;;;
6d4d8b52b2d2abb5dbc6f12360afd8aa;;;;;;
f822195e205e037713fe6ae7271d84fd;;;;;;
ae2dd54da280915f21c12c9a433cb632;;;;;;
bed61d72073dae33ae98e6fc67ca4320;;;;;;
70f1364aeb4b503f50093bb5a31fddb2;;;;;;
cbafa17f9e9baf9cc871484f9c185778;;;;;;
db0d88d1be16c89cda6176126a527a4a;;;;;;
5216ac1f64a3ed1449e64a3582385c18;;;;;;
602c066466ad9f0101d1000342378f3a;;;;;;
0ba632e8c98d18478d5dde0944d6ae4a;;;;;;
8a6abea6610a1c55b6de10ac3444bf30;;;;;;
4e455c55f21a07544c2cf65557eb9be8;;;;;;
b150730c823fc5403fac71b3596c7c7c;;;;;;
ca53cb88569c8be4a2bd1626f50d34a5;;;;;;
c90d3fceac5315471f9791abe18526b4;;;;;;
e2857191e6dd938ff07e93651cb43a99;;;;;;
c93513fb4aaed9e94f6b0d15452302fe;;;;;;
da187e4ca8116975196b5bca31776fa2;;;;;;
21f89102883aa16842c3fa67165d923d;;;;;;
b250d2b711e70dce8613f6583d51674a;;;;;;
253be58f57095cee874c9a4b7f5d51bb;;;;;;
b8bfcf3f984912e0459afdd2ee3ac1ce;;;;;;
cbd1944e1f0eab3df7b52d6d2aa0b19d;;;;;;
ba0fcd6188591242fb0a4e419ea540f9;;;;;;
36845043a10c401f64e910156261132e;;;;;;
b6d94576534e4fb7bb08c1652947b4b6;;;;;;
94752f1c4ae605fc37175b1e8c3de4b1;;;;;;
9d684905d593787efbba35cd6bf3bf49;;;;;;
10c14b8018989c74464fbec84cfb91d0;;;;;;
dc4ebc8b6f10a00420e22fb37f534cc7;;;;;;
3b77692a3cc319f5b304fbb6e7365508;;;;;;
a5200a0114cdecaf06739dab49ec1e29;;;;;;
deea381db3f96a9133f87e963698fc0b;;;;;;
76985e3a74f0cd983ad531a35f1faf35;;;;;;
c41756ef35c6b3bfa73c7bf3001f3e62;;;;;;
4a055c7a17ab3b843b58084b1d067e17;;;;;;
3bf5bbad3e37c6d497512aa6aaf27e20;;;;;;
a08128f264522a4deafb24ef3a094ad3;;;;;;
8a8460de963eeca7aed840b1965cc61e;;;;;;
fb612e828b880a6eab3a7280ad7bc3fe;;;;;;
22427ab389b507cf8a68bce3b3773531;;;;;;
2ca670a2e6a252f45f78ecad5a32a846;;;;;;
6fe917e6ec30a207826b584a57e9c4f5;;;;;;
cd8b09c9060087a175dc100de5c8d866;;;;;;
c27857622b7e104b99f96ef9c6951437;;;;;;
3ba6e41cd466150a54b344ea98d23c5e;;;;;;
26fca886b218cd6d92151cf6c578d03c;;;;;;
f290087955ab2c6a3037495bb9bd323b;;;;;;
3b0da54d2c7caecacdd89611bb4d544a;;;;;;
d195fb8fc965cfab02e897644a5b789d;;;;;;
a4b7b894a69cbaff9d7e0c4c1af8edca;;;;;;
a663956b77b450bca7f0988a07e9f460;;;;;;
68df946a350d3e4ac1c48d640cc27d61;;;;;;
44705e3eb6d133901be1da05c224a139;;;;;;
495b498f796971cea7b4028780a52f19;;;;;;
8031a193bdd9196d85aef15922185d59;;;;;;
3d58e47d4c7718649751d435b6cde69c;;;;;;
c462e78c959574033d2dc0e75923b47e;;;;;;
b0536cb5e971a4269d1f6935a3537591;;;;;;
d6dc2bee8862713ddc901b3ef87f2eee;;;;;;
b65869094dc721bd625e2d989ffdad6a;;;;;;
7a911cf8742b95565da868720f31d0eb;;;;;;
d8c7eb4d35b1ab0869441fb6fa770569;;;;;;
d13d699cbffec63ff66feb1c053622b7;;;;;;
a3e52fb974cb53595e5693d224051e9b;;;;;;
4417a75af98d7e61afdec276c347bb40;;;;;;
fe27486071f2c2ee046230a9d840a74a;;;;;;
7dd0e2268ec175db69bf572b592e580e;;;;;;
25f1cc48b3311d4ade502e3e5fc7d011;;;;;;
5a0dd05eb9b8127e2f344524d4afedd5;;;;;;
11f1488dd6456bf543dea05e7c7c5174;;;;;;
743bab8fad768a35320376688b1e8944;;;;;;
77be7c0c3785b708264acb584fe690a7;;;;;;
30a008c95647c3ff99b38666f6f2964c;;;;;;
31ec67882fc895a6d0039cd5bf7cbfef;;;;;;
1230098caf13dd76daf906ea863ee788;;;;;;
30fdecf8e34cb723d5d2fcce106f6116;;;;;;
a01263a80e164813a78eabb9b44b6527;;;;;;
935e00357ea9fe37b81786bebf4d0bb6;;;;;;
dc394cb87918da73ad26879e0f999823;;;;;;
960ff9c07b23dbe7eff5fdd0ea7e023e;;;;;;
94337cfd83129664fba8044593690ffe;;;;;;
ded1d1b5e1a84368556c30d6da9115a0;;;;;;
18af5da2ea542847de972ff08bbc880b;;;;;;
252b60a32ff1329ce47a8cee22105a2a;;;;;;
6d4df5a8ec311506819c94743942177a;;;;;;
1add67bccb6ed3d1a21e7f26573dfba5;;;;;;
4139efe6a35e6fe02bccb4a29ed46c47;;;;;;
0a9e10755eb0592da0b2e4bc37b5ef06;;;;;;
3066474afca876939c520dee58b7aed1;;;;;;
09a176ad972414ad10feefa60b23b1a8;;;;;;
c03828a475b807681a990fe6aaf5768f;;;;;;
0c3e18db2e5fcb6eea344e6d2e498544;;;;;;
10a5d5187a319887c2987ffe06d45153;;;;;;
680a041c550d5881577c292997c0a944;;;;;;
fadc1ea9cb0bb16cc0860850fc3983e3;;;;;;
73f66b59527f587b338f77d6a2757639;;;;;;
7dab05b9f6ea15fd1b97e531d8ad374a;;;;;;
c584f614bed9bbe51e2f26dc0a84403e;;;;;;
38e1a4583584a02878c8310e2a760c27;;;;;;
bef81d0651d1f9feb0b5509b85a0d22f;;;;;;
e22d6ccc50b42aef37a4b67a4ac95cb0;;;;;;
d2195034b9dec86f6a99c44b29112efb;;;;;;
0ead342c53b1a640598cf481c7dc468d;;;;;;
5050e3760dad8288aa72028569cd9268;;;;;;
83dca460f51ac1082ace8dda02f074a6;;;;;;
37ee10afe12d66a4de9d5c082daaf152;;;;;;
f7efcdccc1f4ab5086a402ad50610a5c;;;;;;
b58b42bbca832155f1097831eac47ae9;;;;;;
ab1a14ae25e1073d3a382e9636f0b7c7;;;;;;
2c0a20d1a3f7e9003b766f9106e78b42;;;;;;
b7ba2201e4ac1fefd81e4ee723672127;;;;;;
eafb26611a5d9787c90d1a1904b1b682;;;;;;
6f813378492ec5d692e12ca335547a8d;;;;;;
13c8788890e4861c648f708f3766f354;;;;;;
3dd9678e15363fa8cb78c62887f77d52;;;;;;
69c16f1e87ee84fff7b957652f7b16f6;;;;;;
d4489d0df137363d5f1772f02f5848c9;;;;;;
74e1ceb57b4fe32fe24a7afcf2103601;;;;;;
998a690d53ce71b51ce9d20d928984b9;;;;;;
4d15ca6671c7b1b7c564257dc4a3585a;;;;;;
48327d311a18843c20bc59d32222e659;;;;;;
89c8f82c2afe384eb3e84cf694ef1609;;;;;;
c10a3ced3b698ab7b75408293b8cb53e;;;;;;
feaf34421fc18476eb3d64d2859d2aa0;;;;;;
fb6cc074edf1fbd61d8e48a6d5675074;;;;;;
2327c2e776e7721dfa257786857dfb7c;;;;;;
64806e7bd68f314397d37752c1159beb;;;;;;
e56d4424ab57374ef3f27053ec2fa914;;;;;;
5c948b0eaca212be2515f7f96ebf44d0;;;;;;
9612453f98bd6cbea248eb54f6f290be;;;;;;
16b2174d8a29ad8460d662850daf95ce;;;;;;
efa14919fab8433b0ee13bcac338b5c3;;;;;;
44924e5725352d221c40b84d380474b9;;;;;;
c33f7963cf7f10341f30b39dd37f14e9;;;;;;
22be996dfe404573dee5661d0808535c;;;;;;
b8e67eee27e7fde8eb82b9c799502825;;;;;;
c94967882857103e1da2d96a6931e1f3;;;;;;
dd9a7a5f4e0b2d47c973a7ddefe5f85f;;;;;;
c12668f68835a5c4fa8b61348d57b1d9;;;;;;
8884e99087066b59eb45b0bc6e9304bd;;;;;;
a1ec8c800474b1a40cda9df2fe41f11b;;;;;;
97b02ca223947c51d62399f229faec8b;;;;;;
a6237f1a20cad611f235a2e6aea48d48;;;;;;
0aa18cec31339b4e06d02b179326f38a;;;;;;
12caa92fa4618130674ab7d12f0ab6f8;;;;;;
2182eb1567d0c5177c6162631eeb641a;;;;;;
82766976bd10bffd36d5e5147f58f8cc;;;;;;
e873bd393851e7b126cb879e8f509aea;;;;;;
013bb736b839671e28c89590bcdeffdd;;;;;;
5579e226af064a46bffe851091af68cb;;;;;;
50b6bb1843556e5d5c1822b09f0846b2;;;;;;
ad7c8a7298c4b117d60811d5c5b46fe3;;;;;;
7c2de3e8d4931163472644be856fce5e;;;;;;
6a5d007e62adc487b0ebeaeb9b1ae86b;;;;;;
d730504b06eae22b2cc8f79fe2288eb6;;;;;;
8026757dfbb006a0f9a2d6bbcd8df82d;;;;;;
6adc41ddabe1d0855d99b3522d60b28d;;;;;;
25678e1893c22a61ee1f71201bb23f51;;;;;;
573fc128150ee521a5567f38cfe916d5;;;;;;
e9614aa5a214cd45fe733e4cdb6bfad7;;;;;;
fc76c949488fa85ad1b0479685f9b56e;;;;;;
34a4e2e821c00d81bc957880c2974efe;;;;;;
82cdd96895f893b4fbd90ec9bb9bd2ff;;;;;;
f526c0ce49260ffb32e10026aa7998d9;;;;;;
964c7deab5cccf7241096c46cfd3c973;;;;;;
5b3029d4ccdf619172bb249053f3efca;;;;;;
6f25615431bdfb3344323a43e8683a9c;;;;;;
41c06f45d1b4c23e54e0203b8fef7574;;;;;;
fb7ba2708c6fd270c718117074f661ed;;;;;;
d1a0e255f6ea2351c84a29754273b3fd;;;;;;
e6a5c06d05ecd2c2127373a1d2908dbb;;;;;;
661571e53000195265c859a6b09024a9;;;;;;
91e994e669282cc3d25cbe6bc3a703c8;;;;;;
672c8b6e2a4dc38ba7350f9f5a1fa432;;;;;;
024fd6f71340ccd71f5f5e0eec5907ea;;;;;;
bcfb915e802fbc6da8934bd24003a6ef;;;;;;
ef1a1d9490df5525d107a122e84008d8;;;;;;
adf3466ae9fb612cc61b86da85b29bd4;;;;;;
ff93ec2617065d21a7d97a1f55beb4f2;;;;;;
883a5b7b508277c9800b2c3940bb5a1f;;;;;;
ba4dbd8e4be0bc66223ff70c2747df94;;;;;;
0a953f4c276898bb28929ce48dd2a90e;;;;;;
7c125ef06952eb0f6d4d9da667e7dc96;;;;;;
411ea1cfff1ac8e6430eb45cd903e83d;;;;;;
6d74adbab52b719d7baa02749ac4c759;;;;;;
175e98ab26152f1fb61f2bc3061a3148;;;;;;
e33ea61a1784ded751c76cd60249800f;;;;;;
3cbef418e27df714a7d3df3e7b09a57a;;;;;;
9831542b55521822432b378c52de9f13;;;;;;
26df51f4f0cd23e46b168a41cb6a322d;;;;;;
d2064726c481bbd0fdf7b25badee3ab3;;;;;;
1da4e089f996ad4379e52ee2798c5c31;;;;;;
8204c561c5ef488e7506589d21790591;;;;;;
802e999670eb70e96a0e31dc83f07e77;;;;;;
cf23cb4ee7abbde50cf382d35eed0247;;;;;;
3c36f1bcfa947f29b8bc7e123c52d4cf;;;;;;
39b7d60fb2f6b87af61b108a1ddc444b;;;;;;
f20789934c8773167bb7d155d909d842;;;;;;
2bab0dc04ebcd8b7b2f6302cd28e126c;;;;;;
5dabfcecb727ca4f3eb931fade9f40e5;;;;;;
d020a594442b287a115b61f9453d54a7;;;;;;
ae5d302fa2e8ecc5a7f0a87bc3505558;;;;;;
054fb182e7ed8b214c7e5ef46c378f99;;;;;;
b89515a96d8fd2f585f5eb06af61599a;;;;;;
75d4023fa3a4c6ed6cd780ccbecedf93;;;;;;
0054fce77279cfba3417a8d8c2d1c289;;;;;;
11b88d4219337f0ee73bb211e64bbe40;;;;;;
3565b2c4b1ac3e7c59eaa9094d5f4f7c;;;;;;
f0f0a04516db2d6fcabf46c9005e739b;;;;;;
94515b889ffdf2599a985c0a02349751;;;;;;
7b55157b4a6fc635203f09a2db23061f;;;;;;
40567d206ead8880af8e395c32fc36af;;;;;;
ef6ebc73a601c27ad73e192740246e7e;;;;;;
a05681fed2f9fd0846b7cd90689c0bec;;;;;;
8f147674fbdc2a0f064d10fe26eb24e5;;;;;;
9fda17e76bbfaec7e181ee779d29240c;;;;;;
cd104cae2c243d352f44c222715d1aba;;;;;;
7738f501df6103acea531cec20e57140;;;;;;
c163104afaf0457646ab6e68e8def007;;;;;;
b929c08803e21c13e9c462ea996bfc10;;;;;;
03671a7f99eec3f14b04af2f7c016964;;;;;;
6cefad7666db4237d6cc17645a4b401f;;;;;;
a1e57b03d0d21be357bc0d579f8ba013;;;;;;
9e38be8d5962c93dceb18f2f07078e04;;;;;;
c06807a34c582766a103f463dfaadb7f;;;;;;
4a56fa30f4fa8aae38485ac5782fd7d2;;;;;;
2481f22420c9494b5853eeb205d3b1a0;;;;;;
0ced1a9e5e476b944030a0c90f56341b;;;;;;
c20a6e3966f6b4d9caa937f91c25a6a7;;;;;;
64b03dc5bbccc599ed99d628122ad697;;;;;;
fc6c0c7eba6a3400bb9ea784c020ebcb;;;;;;
c010a13495ef0bdfbecd030452ec2cd2;;;;;;
29c44fedf781e4f68147ff84bbdd6a16;;;;;;
d8e16c90810670e751b0620fb618c28d;;;;;;
486441775cccacdffd6e3a3b0d39661d;;;;;;
277c355a9823d5d6072ad6441405e5cc;;;;;;
cdfe0347af37431534a077d439c9461d;;;;;;
759448e63a9209cea20bc2285da13901;;;;;;
1f9422557834003f3f717b57972c066d;;;;;;
d7d54d50d2b4631ef1f38e411e85c983;;;;;;
96c24c6a21f644c8a8410b1014ebc1f4;;;;;;
49425b440e4b89b35a72b47e511470be;;;;;;
48ef3ee20b334172a4ad9d21a7e93894;;;;;;
bf014a22f803322ae305a662f277a35a;;;;;;
a768188007806974946d20c2aec9f607;;;;;;
35f31dc6924a3242df9e0b615491e046;;;;;;
9b495c37af095b431270c9de2cad7fc0;;;;;;
c72847971d2d21fa1590337a3e767572;;;;;;
b247c9897c6fc062d6a626b606b53fb7;;;;;;
971ee66251c6a030b4928253430604b0;;;;;;
05a24bb144de699214d1cf4d657aee19;;;;;;
ec52312cb3fcead43480722c74a34851;;;;;;
e92a0b65e9e40f695971a74af706aa63;;;;;;
bd85d6aa4b8ba6a44e1e350e37421b6e;;;;;;
e05cded1f9a5dae25f47c817f0c7c425;;;;;;
54381f97b6909351f1b9371563cb1794;;;;;;
0248a4d29c87b8232a174d22c44c9d9f;;;;;;
1d3e016c6313636c88837eda05c85b45;;;;;;
4aa7d59bb71e0f1c930fe58e7d861bb1;;;;;;
60f6afbd4c9f43fc8c63ff2142d73e78;;;;;;
014476baeee544d0cc7f21c3552d3825;;;;;;
6fb68ffee4d10c2d8750386e876a2d9c;;;;;;
c5830ce2eac3335004012e0c4dc1e971;;;;;;
017e5c680750b1849624a182d1b71ff6;;;;;;
074f6e46ee0eb7e830cef863b3601b29;;;;;;
df8aa9810b26eeac80faa8d576c82a38;;;;;;
425f45d971d3380c4f6b04e93772a1ff;;;;;;
cc9aa6b46eec2068e8dae07bc0221a81;;;;;;
c058e2e584952c805d86fe3abc560395;;;;;;
0ca14f57662cdc3b4724981ba3fe5d09;;;;;;
23aaaae9b2cac236be04527afdfe9b3a;;;;;;
08f1d52ff48ba8dfac49d513dfaf0b8e;;;;;;
d8508c97b61362eb887678a3eea808ce;;;;;;
4c7f50fbf2957f3b08ea7c3aac378edc;;;;;;
ae18c19b192012d023d71f65f25d62b8;;;;;;
0c36f5d392f56fa3ef8f914ac7e94ce3;;;;;;
32f01ebc4c05c856626ebc78457ad285;;;;;;
6e70141e16c88ef60453a9a7b1d138df;;;;;;
1aeeb853e19b38fe39e4f6dd60a77d15;;;;;;
b5428ee706f3327396b1b55a78dbc08a;;;;;;
56a95387f38a39aac993c72a4c6cb421;;;;;;
767fbc4e109fa263ac64599af9dbc542;;;;;;
f04725ad4d7537f7fd047463541d3819;;;;;;
77b082dcaef1f52eec3116b9f709ad00;;;;;;
ca8f0cf3226785325d66093ca393da91;;;;;;
271e4f8d3f079788d204647b94f7a198;;;;;;
f7b084c088892e9b08cd6c19525c5425;;;;;;
96c60c3ad7c5764d247c35530c2d531f;;;;;;
4ff98c57f575040335d27b2ef258464b;;;;;;
39749ab842b22a480721a796a427eebc;;;;;;
b56ca59cae1afc0ca13b7fa151e90fd2;;;;;;
4460f87d9c33f5733e9e79eeeb55c2fb;;;;;;
90cea1e9c40268c00b92469cade95fc9;;;;;;
4bfd0a0d81c087134cfb1b2a7bf279dd;;;;;;
dfd5185de8791758901d7cdb8b6afb1d;;;;;;
c04ddde949e388ee9f264309e4cb987d;;;;;;
3635edf16b2e1b0edeaf3270270b39ff;;;;;;
4351089bb340518ea729084b6682cbac;;;;;;
5bc6684c9b80225e978a756f2732133e;;;;;;
4153237bbeb5cf60f6f3c38fa2592a8d;;;;;;
d7e8c262976e906341d9e8fabf6b38d1;;;;;;
0702de57c6998e50b380c79ea816c3e0;;;;;;
9ba1f9b4cc4023896c39ef3bd043432f;;;;;;
afb706bdae2810ba79924f96c1f586c6;;;;;;
cc3e864cf33111c8320c06f15d0fbfe7;;;;;;
4102f5f2cd1c767c97a8a9def7ba40eb;;;;;;
29f05aa472a95fe169b9b5b1a02c7eae;;;;;;
84b0d28fdfe19bb0a76eb125105c34c5;;;;;;
dd4b9cf6fe4dca7b5db4507ec1bfa1e3;;;;;;
4e542b2e0167b55a841ee25efa820c33;;;;;;
6e989bfd1db2bf0eab09c6a9f3d70ff5;;;;;;
653dc9218f265cc77d51e8b577840bdc;;;;;;
d57fb3ddebe8615ae1f2f3a5aa25af73;;;;;;
5b3e9bf862c66590869e144e7799680c;;;;;;
df3788e524882bdc28a9f0374ec61fef;;;;;;
4f9d17e10d4a6a6603e13e8f1c72c526;;;;;;
af36ad36944d00143b04621c6124b6d4;;;;;;
77dc3d8e94d0f5445aae8f79ac0a14ad;;;;;;
535cd34bc4e88d1c51ed636bea146de5;;;;;;
0fe362145bec134a1512c7cc622098c8;;;;;;
44c8bf25cbae56387a150b982d9e65eb;;;;;;
e30916b9ef4142911f939fca16e14e12;;;;;;
1f61f4b296e3295ac7ae02d481728e1d;;;;;;
2a7698d059452e877a5b8d3325915bf8;;;;;;
688f47c7c112b1213a08e8e18dab3a46;;;;;;
5e14b67c23545ac0ab42a5003b4015f3;;;;;;
cd7fbc7daf3ae0fde4e972839af2e6c3;;;;;;
208d1f8ef266cdc02d434f8a8e71738b;;;;;;
23a09a06adba216eda7b287787d451a0;;;;;;
1db2ddd722458cb211f32a28874ce59e;;;;;;
6940cad76cc3d0a57e3aae63ed1c980b;;;;;;
d8467c4d2a92d031161bff157543eef3;;;;;;
df2f6e71d7f38793d8eef442b17fa2ab;;;;;;
0ff39c335488126293d6f8099f790e5c;;;;;;
1b48298d4a2266056b3430d2d9da9ef5;;;;;;
ce1bd3096a51e1c92da6fcf1d153b6aa;;;;;;
bfe45520a04c895b26a8cd58c4d199e7;;;;;;
56cd8a5d87c816824020c9b7365a76b2;;;;;;
93de040f603963bd39adb74ea1b27d01;;;;;;
22c958a69c3a08503da66671b3585ac2;;;;;;
7414ab42b81f9625721b31c4b88bd7eb;;;;;;
22e837d50200bdbe6332a070a03179ff;;;;;;
d0aae67983a58f323fa3b45cd5fe320c;;;;;;
1f977241eecc0cdc0ea4da6511ac46d6;;;;;;
bab674b824ec9af4755e0dc4ccfc661d;;;;;;
a4cc2405c4f0a0a73c219635eccae618;;;;;;
94eaeadd7d94c8d775af48bdf3ec1325;;;;;;
1edb62ad9ce51affce93ed369949a71c;;;;;;
ab052a8afa642648d345a15c79934436;;;;;;
f1d6d891685787ebcae540e46860c821;;;;;;
890f8ca33c3efca032ace7f5fd85141b;;;;;;
0ddd71d8d13c75fac9e1ce24827a7b09;;;;;;
6de949b90a2f12c2ac012f8940546c24;;;;;;
a8cd9d8e9c0ad98d4282bd50d8dbaad6;;;;;;
2ba33dc6d810075934f24d4cf9ed3aea;;;;;;
3993ce79280bf227e6a1d1fd59511c8e;;;;;;
11ad1d64a3d39ded327138e6bc5f77f2;;;;;;
039e3f7355895edfcac46eeba0d578d0;;;;;;
d70009c2bf97efafe079e46d404cc03e;;;;;;
9879373fce168aadcce6de2464ce63a5;;;;;;
55622c64cf42984cfeaf831d317bf862;;;;;;
1e92c419859f1d71b5e549eefcaba81d;;;;;;
583549e8abccfa9f2a042f0cb919e2ff;;;;;;
5d2face5ac36928347953048d448a777;;;;;;
ad94b71410bd5742dc28db0fe5f92a53;;;;;;
73f7db2147cbe9a7b738a7d4d3b5e332;;;;;;
e8d15386ed107bb347d03ed9ce35cbb3;;;;;;
2affecb73c9352b0eaaa150c463b0f43;;;;;;
02a0b495850ae527b5c53dc5b4288b19;;;;;;
065a3020fc15d18b090aabc25c065ad1;;;;;;
7e2ef5cdb6eb5e13df07f22557e6a3a8;;;;;;
4369d85ed02619f0b444a1e39bb5b7a0;;;;;;
bf9ebd9cb5cccd00ddd955d44278f8d0;;;;;;
260b09b2b50d1a8b7197bfc8bb6249a1;;;;;;
cf5879644a24c7711b9017704d3716b2;;;;;;
3e1ac14c48ca29888ca1ad0776d76a57;;;;;;
c1b0686a83a573e8a1d23b4924ff852a;;;;;;
5b06437d8b7750b5080c53c9ea25aa04;;;;;;
c38af04fd8fc10605b287e7a0b1dbfbd;;;;;;
fd4051aa9c792e6e7a96d9c570b28cc6;;;;;;
4e51af976eb48faa8d4fa3e4ec8a5423;;;;;;
f43dc9e5adbc4fc8a9c3c4318aae74f0;;;;;;
a6ecc5dc7efa43f7a1c0477f6cfbe938;;;;;;
42d5cabd5bb7e9cffc45d59558b70dd4;;;;;;
90c6d70a69cadf73ceb6b408fc895e1e;;;;;;
206f415df386a8d6c603055539f4c8e7;;;;;;
099a60e53440a6ac9a6499ae07ab733e;;;;;;
20e4af60198fd4ed86f4d2737a21a64e;;;;;;
3a072c7abdcfec2305f0f57fc003d469;;;;;;
2c85ab0474da58d0c32102c78f332527;;;;;;
96f3cffd502886271d7ed195a687d1ba;;;;;;
24a50a3354f9d83e1fa1aed682d308fb;;;;;;
bfb0ca3e8f36e2c3f1183fcbe3b5b193;;;;;;
0836bc0062073f66b0cf7e9079d5818e;;;;;;
5d3700c2fad59dbfa6684ccca695e484;;;;;;
4ae117841e48654525d65eb3acc17c5d;;;;;;
7a68fb57b36d883a7d7c971c9fe38052;;;;;;
909f1785358a7c644c5abedd03fd7f04;;;;;;
e5d6218f80130e477d5a2fa98eed9d26;;;;;;
510ded5c737227d06b8e9172865f21ad;;;;;;
9bbb6566bd36e61dcd5994dc759c4fda;;;;;;
8503c0f2303d62502cbe41dea76e54bb;;;;;;
b417c55e4c4d461afc0b56b02b67ff32;;;;;;
df9021f0591b485c3bc6c2cd6243f7f4;;;;;;
fda57dca8216c3645a6db53cf2eff833;;;;;;
bb63e813e6c9a4630f9aa8c577392dc2;;;;;;
6157886014a7d8774b86fd4c1488c8d2;;;;;;
eb789441932d6ffca250bb1f5f34ecb2;;;;;;
2f1927c7d45e8ae339588254b887e9d2;;;;;;
148e0f67ef6444a1414e19591e8882d4;;;;;;
88da8cbba6706c31578c258f96825a50;;;;;;
02980315e48589ed9aa8fd9767755b97;;;;;;
ae6c5b21bdbc37420fece5fe0c99c711;;;;;;
5a4967a00f25a1d64cb75da788406942;;;;;;
87259bfdc0e8a7276cc452324258a139;;;;;;
ae57f3448550eff3ebb3f55192844157;;;;;;
ffcbfb8e491d7b5cf670292366a0457a;;;;;;
ab26602228333fa71de1f77320cc1d76;;;;;;
0262e361fdb31cec0f20f3db9c32cffa;;;;;;
f95487579fe8db3c842c9ccda4abe02d;;;;;;
e3e422946b2069d76741c800079afcc7;;;;;;
745f805a4a8a2a24561a6142f6783af9;;;;;;
d2b1d645ca11c3e04db4459fb5df4c18;;;;;;
f15d36b996cfa0fb2b07d919eae9d07f;;;;;;
eae978815c29d69a5895ef187b07af74;;;;;;
83fbb1e39b9bba5e3ef318b376bfcf4e;;;;;;
0557ccb753ebe19fba2272caacb723a0;;;;;;
d123ab11a2424bbe39c0a90ff80a5247;;;;;;
96d0eeb722f57c71bf60591d2b13ca12;;;;;;
c6dc503202197c0837488db428ae3c83;;;;;;
3601d2fd473a85e8b7f7604a589d64e4;;;;;;
c8576678e18b1da16febf5617c4ec5f6;;;;;;
10463c9f90c06477821b9404a6c8dea4;;;;;;
ccc7443aa14a8966fab1b21091f8d844;;;;;;
0fcc05f51debaf9cfb02d5397e7340fb;;;;;;
c5d965a8eef95d410380ecde561ad8c5;;;;;;
49e3e0ac1c77bbb2a609566dd81dc3e7;;;;;;
6011b137cbd06fd47033c0fc7c08cda7;;;;;;
304566cb099a499c171106d73612ea5d;;;;;;
9cc2e60694153d6c50b76c9c5a08db13;;;;;;
3f159a067592180386d7e7b40f9fc86c;;;;;;
8970e65000e7ea19366feffa7f8519ef;;;;;;
0390cdabeca9f27701daf44e60b486ea;;;;;;
a4851149de814f0a99ad555c936b4824;;;;;;
7946db236fef9bae35510ba689b443ca;;;;;;
91345967428c3047e1ce38eec6862b75;;;;;;
4946b18cdb29342eb223c3540965fff0;;;;;;
2785ca7d838e96c769c4b50347843135;;;;;;
bc1c798ddb77ab59d74f1567f89b506f;;;;;;
8f2ca4fddfaab225ec469edd1242f43c;;;;;;
c4638ebbf982a9dcaef2603a1bbe6008;;;;;;
11790da006535ad729ee2880031002c6;;;;;;
b4865414b2255c102ccd858a719c5338;;;;;;
00d92cff60e13aa7228a436753cdcd2a;;;;;;
787bbc0f60ee47950e335dbd34ea9c22;;;;;;
1b5792b037f830b9301478ac0f3cba04;;;;;;
6b14defe7151aeead55b9ea5fe0dbeae;;;;;;
11a7b16b493e5b4ce44cf983d9f22eb2;;;;;;
dabeb06d18eaa0a82017c6537d55de98;;;;;;
8a10b900452de6322547e84dd51ee339;;;;;;
5c91ec196fdf20967b846488b258e8d0;;;;;;
ca518fb37511c281296534536b332fee;;;;;;
0e6e61ef019bcc6bc9f11402508b28f9;;;;;;
4b5801538eb9726dcb77cfecfab1ab50;;;;;;
4337b5e1cb6e1c0f879e9841fee3c9f6;;;;;;
c88aac3292cbf2dce81ef5dca0afb514;;;;;;
b703b24348bff32e4eb277585bf0bb01;;;;;;
71dcdc87a64488a4823320ab5146d73f;;;;;;
fb27ff6f977ce625c55b65a546376ee5;;;;;;
0d7d5572c1d95b616b8651029634e74f;;;;;;
0b15081dcbe047e9c67aa8906c0b281b;;;;;;
292908b4153f627c8b21cd39cc04057d;;;;;;
34567e01814c33e04239a839a8eced63;;;;;;
4c1358377e02cff0a17bc2818c0d798e;;;;;;
defc4751c0d4e02f870b80ffaaa41e0a;;;;;;
ded2181386a9467b25ca3489e99c612f;;;;;;
da0b2aa2467132ec5b014ea9d50b532d;;;;;;
fd08a3cd44bb6f3798e487023ca1ec0e;;;;;;
0965e1e4db7075e457c6f11cfca2eefe;;;;;;
fe44693fe1852a2f2c0b2af0bca9e034;;;;;;
fb7a2b5bc96fcf395c2ab208695b2fac;;;;;;
0adec0a79de1e5a1db33caa621e7caeb;;;;;;
26bbaed2fff256f36c3aa0841a96786c;;;;;;
ef7621c1ef5d4aed20c9d9961ee83321;;;;;;
86d5ed6c1c77cf42e3cd53ba729842be;;;;;;
1aff2a30fbf55235f342e1c2975a7ba3;;;;;;
5281935362bcd90d23bacb22341fd7d7;;;;;;
f131d4b97a45789e2d544ada2221f242;;;;;;
802f847f275f03c1d0ab9827d3c065c5;;;;;;
bd1cc817346979baf9c899fcf7810fff;;;;;;
d40f74fa8d9ac3d61c383402261341f2;;;;;;
83036c85161738c3a14948f0f5b0430f;;;;;;
4cd3c18e003bc31810535f0d4e082a17;;;;;;
f7d8fb3d6c42ac9ab212f4b79cf72e5b;;;;;;
c5b833bc9fc03e07aec2e8744a30fb95;;;;;;
ff38ca53e2167b4de2ac02b2534d4b68;;;;;;
6ad46b9737de47e0699c3b6ca07106c1;;;;;;
8020af51fe87c49f6d33742e2f2b9134;;;;;;
4d8e71b0045178642ca4842053aebf43;;;;;;
ba66fab25af2ea8e389e91d0c7ad710d;;;;;;
c71d92623a8f0af0810100a711551b9c;;;;;;
553c17ede684c068c74fa5a4e33ad9f8;;;;;;
57858f57bfd6856a6d3924e2068ebb5b;;;;;;
295ab7de646d5faf4f841a8feac457d7;;;;;;
141f495f53f9bbd22f5d78f605e398b4;;;;;;
4c88b21d3a5c62a4dc4aae435f9e551b;;;;;;
94eafdcb6d1bd751d0623a973199cd83;;;;;;
391c4719ab9adf763058acdecbad230a;;;;;;
ca61406bc33b23c435af063c16f67ce3;;;;;;
a5ed9358a92ff5a637ecbfb8afcb4344;;;;;;
9c51e7e74426bc79877e2d3871d62b4e;;;;;;
63d91bb762c066e99512fa80332c5001;;;;;;
601fdc7885e03df6fef230d33b682d09;;;;;;
feea6a04cfafcd595ceb4431a23d6ded;;;;;;
173bad5aef8ac481c5fecf5d97f172eb;;;;;;
0f74d08f19918b2063d8e432ab86bd9c;;;;;;
21e959c83ce7154ebaafe182d79436bd;;;;;;
1b6bd66a810b340da41ca7b069a77c3c;;;;;;
de5d1a0f2a6b09caedfc5bc034fa0ba1;;;;;;
dff31c0b277ccfc3cdcd413292a60ce2;;;;;;
d0ef8f338e83d831a4990cfeabbf20b3;;;;;;
b9fb84fea69180bae06027b0f9f2bd96;;;;;;
1c8830393c211bc0bd05210ea8dd49dc;;;;;;
3ef8d24054c87f43a4eeca05097ea43f;;;;;;
5b5fa0aab556254d010b97b4a844d3c4;;;;;;
5ecbdc772cee0de390feb80cd7916387;;;;;;
0bf30f71c2b1758933a4f47e0d9675de;;;;;;
5ecd7d3cd36c888cb0a1a03dc14af592;;;;;;
7b52d7eaa6f8a186719bdcc4274f1b84;;;;;;
7689a45a4acc688ac6b12f0aae65ee80;;;;;;
f66a2307ea19a3254e45c7b4f6f7cde5;;;;;;
cc161cedb4c58ca3d32e3c1c9cc80238;;;;;;
81050989bee7f7fec5ca1fbc02fd23e7;;;;;;
454f0f17f3ce69c464e5b5af9ee227a8;;;;;;
428ba8a42f75d9f351925a078469bfea;;;;;;
d77138c80a8739252c9fd0445ce6236c;;;;;;
3c23c46235a448ca688e748469b4429b;;;;;;
e88b7cd47d292f598f37f5affee554ec;;;;;;
87433222dd472f8d64d5260f15cb0e4c;;;;;;
9464c72811806fa677c4c708c7918590;;;;;;
12ccf99cfc0305b7d7a7a8f8451cafd4;;;;;;
23ad7437c7fd8aec6485be40a17e396c;;;;;;
d9902209a3b6f78b9ebd27fec4e44e9c;;;;;;
896c464c6ca9a09f50d140831c5b6f9f;;;;;;
4ca2bcb1708b7bcc60673016a6317a69;;;;;;
d884cdfe2e1e740b59de9495707f785e;;;;;;
72e0748b999798e74ab548415eb6d438;;;;;;
12fc5fcc58b48c0b07d0ba8abc8cf9cf;;;;;;
85956d1d718a1573ce5d7f60a731f82c;;;;;;
b6f5268d4e0fd56e4ae67af53c972055;;;;;;
f7fddf0c4c420aa575945bed0f585580;;;;;;
35451d6f16d565f7849164e3e00ccef7;;;;;;
4f5533ba2cc443551101358d78a9e4d0;;;;;;
301257730493c363f3d676d715a8ae19;;;;;;
d144d365fc14123d6bd156e2913c7e82;;;;;;
4a7878ffd85b104fd71b69563576fbc4;;;;;;
7e0fb3618531970d7af1e0b1d75ca26f;;;;;;
45ae85b93775b8a124496feb3d9d49d3;;;;;;
74aad4b78e10c09cdfbec77360e555bf;;;;;;
d122318e61a70ec6973a0973843b6ea0;;;;;;
f341f1f7f631d26bcb87540359ef95ad;;;;;;
63011c6afe4798761aaae2f1666d137e;;;;;;
171f4cf8476148f438102a18e784e23a;;;;;;
ac0df7d813f4bb951e2e1423cf08df25;;;;;;
a49040120f4f9b03402ee0b87492f5f0;;;;;;
6a1fe216539e5cbc983c036f80ff3fda;;;;;;
1cb6fc63b90c26274e0a665fe62d0487;;;;;;
73fc3facbc9387292c279f278ad6aca6;;;;;;
9172fb20eb9a1cd46c76d320101143ca;;;;;;
33961aa8ef1fb2a6afb02648ff76841e;;;;;;
a51b9d1675ad464179f9e1dffb39a675;;;;;;
2c34a914042a46723b68f20cceeac1c8;;;;;;
474e0a4848936fecc62a7f93f664508a;;;;;;
422a351b93cfa73490473255040258c1;;;;;;
4cb7164c90fbe05f2ecc81ae667cb29a;;;;;;
2f345a3ec82d394e737f13b78b6ed417;;;;;;
be7c9d176f07f8d512d3372a9d68289d;;;;;;
db023fc5ba30a2962c78bb27b2c6a7ce;;;;;;
5c0f86583206c8c1020ac123c2eb20f3;;;;;;
42eaa330e93878ac8e19db9c1b3f128b;;;;;;
90cd7090e61eb95d90ac7aced2739118;;;;;;
132b80d0019a89e356a640e3446bc618;;;;;;
cc79c694a72a27e16cec766bedf641e5;;;;;;
35161f977c3a9436f5140bc4b2cdeb3c;;;;;;
91ea63a02c00ec576f2bdd60d43a06d3;;;;;;
d33f1f5a2b2a21b406a74aad6eb40959;;;;;;
0dfb322e3fedf02eec0ad9127e455a03;;;;;;
8ff3cf93f0c8a48b325338a5f80c7534;;;;;;
1b924edb798ee3a6c0ead506da1ed847;;;;;;
aa5970392a74d3162dd427459f574db9;;;;;;
e9f5a860d7a1c62298523c2b888f4451;;;;;;
d4319cd18f7a63cd5de0c4e3da6d48ec;;;;;;
a87c0f3567c25d313022b76ad7aeefff;;;;;;
143216faacb5261479d00470265c019b;;;;;;
667f5120cdf56cf974ae442425764365;;;;;;
e16b40adbf386b323fe75e2074774f53;;;;;;
0597508770f9f6597c7b6a8d440e9b03;;;;;;
1a39fde1707d0c63d0b273db4e9bd408;;;;;;
c85c6b65ea9b5a9e55d8abe589ce22e9;;;;;;
5b6914f938ebf6bf7f5a677b4090e2b7;;;;;;
2569274a0c2c6384035829730d9d7517;;;;;;
0bdd4f0a90bb2acdc3c5b5880a4e878e;;;;;;
a73a9fdd25a41bf60fc3f25921566553;;;;;;
10de00e9cafb6fa6eefcf9004c5f8aaa;;;;;;
d1523fe21b0501774108af26015c2ad5;;;;;;
118674a9568c9239ef9a5873a431ea26;;;;;;
a13420df98113214fcf5c9591afa1322;;;;;;
5ff8a0ab0873228f96845894b58b18d9;;;;;;
8ee1a18c5a74381b1c4247ad1d760be7;;;;;;
312df820206b3cf3a878b7aae08bfcfc;;;;;;
08a580e9243e73a6e16ef6570422b74f;;;;;;
af14df6e81a668c51b90bf971e71f468;;;;;;
deb0f73eb8094e7f469c509cca098e54;;;;;;
79d24161ba972d0258cfc96e0afac8ba;;;;;;
59916831476325fe72056db8b194df11;;;;;;
3ffc1fe7c4c859bb7566cc5eeb7dd65b;;;;;;
55636fb12f9aaef38b95673459219115;;;;;;
8f6db00bb192135e9e30978b195639aa;;;;;;
b68a47ac30fac4663ac4475b2710229b;;;;;;
ca5879cb2f00e7bb270d44240abfd82f;;;;;;
2f9eea33457faada6bdf913911bf7743;;;;;;
54aaa291c9142263cb7284f15bd5eb7c;;;;;;
7ec93e9373d8276abd71f5bf0ae75aca;;;;;;
ab904e9d2bfdaae692a7016d51f37714;;;;;;
4774758b506ba0fda51421d6173912de;;;;;;
d035d2b27719b30fc2e820d4510a4530;;;;;;
f0304153775246f7b4e80cd7e8ce81b1;;;;;;
dc22aa9ee4198826008b8408e983beb2;;;;;;
baab81f166360bdbd45095543a12de22;;;;;;
a5c061c1cb4cc60ea27609db49143801;;;;;;
7e72e5678d820fc2f57baede3b5db25c;;;;;;
dfc99886df828bb2c4947ad8e1c7b0d8;;;;;;
c5541cc4ca7ac5ca8a321a1afb1aacf3;;;;;;
303f2877bafde080160907cf9b325f65;;;;;;
3a8c72829a8626304409c3926986811b;;;;;;
a7e46358f438a49eef7555fc3c7d99cc;;;;;;
ecc44cf20dbed4ebd723ada677d65db0;;;;;;
9c43efbc78a2fcade0216dd93aa01477;;;;;;
b5ad1353adbf959c2365701defebc6a0;;;;;;
c2288536ed10b7ee4e734e6213808340;;;;;;
61638256f58d50465eb0b4d80132c15d;;;;;;
29544ff464919958cfa651f294f0b22c;;;;;;
3b27d902d493d4c5602d824bbdaa7ba4;;;;;;
8e3358577b65a32b20e93bb5ce8427fe;;;;;;
5e1543584d78e43390669c87b38e5eaa;;;;;;
d97032fbbf6860ab59b1dea9bfdb64b2;;;;;;
7c31dd85d3dccd13d20f6d66ac943fe3;;;;;;
94e0b852fbc8d63a001a32c76e945e73;;;;;;
58f2b9198abb995e110ecc1953144e1f;;;;;;
b3d37a67a8f43c2270bed734ddcd3036;;;;;;
6e1339d4090ee62c5ca63741ada6c198;;;;;;
571496d1e398c18284ac3c2976af4840;;;;;;
e47ecdeeb3183730f4f5808d15ddfdbd;;;;;;
7eaffb7be3fb420ba773a74a0cecb948;;;;;;
a37528304d132d9415d969da6686867c;;;;;;
0f2fde7e49434e52af2efd34d44f91d9;;;;;;
c55abf2394881220ae8323c2b65f40fd;;;;;;
8949a7c5cdebeea64efae29c042bcb04;;;;;;
7de37099f59645c4ab55aa4fc37ad5cd;;;;;;
2c19f7604a4013951a73ca23d560a69d;;;;;;
abe2027394a95c5ea8d1032c9c60f382;;;;;;
866f09642cceb1a8406c774c9f490f85;;;;;;
fa739862f58880a8d33d0ed814d1e20a;;;;;;
aaa44c79e0cf4584642157ee6163df09;;;;;;
af2efde8cf55c2dd326f4fb79984bef2;;;;;;
ad45b159a659d1434d10791e19f6ffa6;;;;;;
dd191e08b798e943d005642e4c2e6fce;;;;;;
6e97424737be6da4f693e952f0a136a7;;;;;;
6f929ae9eeae76bfb8cf7216ecc25a81;;;;;;
3e41b2bc9e00f83792b3a8efc86cb954;;;;;;
d176d521f9383f789e415b6b55b3f0ad;;;;;;
3f9d2a04bade5512120ddf22d19583d3;;;;;;
ef098de3c110b009b9d11b44cc41489b;;;;;;
ee1c903fa0fa85c22232470b9515d676;;;;;;
0dc21ffb5010a3a659431fbfdd6bdc08;;;;;;
33237465b241ee5f86aa2907a80571fd;;;;;;
a8158e5e887756b48140b0a32fcb0413;;;;;;
409a5b1660cae25841696fd253ed01c0;;;;;;
01cd64f7339249bfc6226e78802e5434;;;;;;
6d90ff0525251892f115bc86bf8d646b;;;;;;
17178c482e063c91ae04b35dabe08f99;;;;;;
e791ac42c54fc6a237f501b9584c7254;;;;;;
76c6c3ec78e1b0485b0bc203ac98f989;;;;;;
66ce5789947454c10eeb6f3219a68692;;;;;;
4dd8f16f9a8b988efcd91d507fe6bc91;;;;;;
dbcc2e4e4088c369f160d53a7bac98cf;;;;;;
8d0ccee12bd5f0d3e86435d68f5060dc;;;;;;
fe2329f8bce54ab32dbe29775dbe9070;;;;;;
536c149f50df5c9cf29e505af35ad9fb;;;;;;
0c4e3f283de59e9931a9f8c129ef593a;;;;;;
00f53c60918ff98c1cfdbebc9ea20c1f;;;;;;
f871577904e03b9876fc299ae5f22a6d;;;;;;
97c6cc9cec4ab976d6097bbe093f9d99;;;;;;
5569adefb0f347358e2c6143c6f9e81a;;;;;;
61d1ed0ae694c89987c691192161f2aa;;;;;;
601ec71434cf26bd54a3e390355c8dd4;;;;;;
a5d0a61ce1defa75879c02f913f4c747;;;;;;
9fddf337b21e193fea3e71d9ceed3488;;;;;;
3f3b687498d4e72d4c496d44cea479f0;;;;;;
bbb8ed0beb2674fa5d6728a417fdfb68;;;;;;
e12afde15db304fda4f7828f0d439387;;;;;;
7509d7108d2f85097f6cc40306a65dcc;;;;;;
14dd9b4bbccecb658a1b4597d2cfbd85;;;;;;
7cd225c3450c5eee107cf8581de2972f;;;;;;
c19623df0a85ac5d2876fc32d5837460;;;;;;
565917313cb5511e7003ecbddc67c57d;;;;;;
cb22ea9e732fee3cb846d09a4791f01c;;;;;;
7955a9b298307c6217b8d1edffe75ed7;;;;;;
4c9bbdae9894cd86a9b6dbb35f53f586;;;;;;
0ac30db54f4dcf525a5f5a1929fc1c81;;;;;;
7d13403e49f3e3077f4c5c742ac0a7dd;;;;;;
42b8dafa908e1483d7e0d925d5748f82;;;;;;
a53e9b6b8f9dbd63b01e4f61cc22ab7c;;;;;;
8546f3d1e85a61a3c47778b458567501;;;;;;
fd2d1d9f677c6126b7824eb1609a2409;;;;;;
a21f3b1c5a414f4d930ba41582078b1d;;;;;;
b9e5ee82c053031762bb6125c4583daa;;;;;;
c1e6834a3db6bf8016b1f2bcf22e5204;;;;;;
29c3ed7caca3417b27b668e67aa89c23;;;;;;
e5ed1220fc41b8f29c1a552902f227d6;;;;;;
4019f4a84f720e333cb6be9ef1faa14b;;;;;;
2e628b54bfa1c9508127f701292f7a05;;;;;;
5cf15e05330978d50ee02dc46268369e;;;;;;
b2fe380e6c0e61ee77bed15350c5e05d;;;;;;
fea4624538df8f102f2cf4084a794f63;;;;;;
a42b0f32af0cd6f3d4a92d504132e995;;;;;;
f543f21808443f883b549bb56d2002d7;;;;;;
e8a64c2cf53e5af61b98d3ba685fec87;;;;;;
04491d3f25ce0c9256f620a015bd1e2a;;;;;;
f51e5aa7a56b46a135514a02bde64c85;;;;;;
cc983939b164f5885d8b654aaa94580b;;;;;;
19cce2464f96e574829b2aaec992981d;;;;;;
048dc7c2eb8ee25c2d0b130e3272ff71;;;;;;
da9e363b905c0214646e844bfcbc7901;;;;;;
bb3dfcd6bd650f857830092d740de950;;;;;;
78871907c908dce88e71bc0081ffdfa8;;;;;;
2794edf0022f4b9deef47367c5d2d75f;;;;;;
31475bb0200ee88f552b08de005faca6;;;;;;
3ea655bf799046fc5749c2e12246059b;;;;;;
90aa10bd01c4f3df298a3aa08d0c33be;;;;;;
1304f32287f25327d40286ca0ec28446;;;;;;
6118699351044b395d5ae1a6bad43f03;;;;;;
1edae1f9fd5d796a8b4c143617d6773e;;;;;;
89a0ecd1358f7d21d23175739ebc3b59;;;;;;
8a9f429e90fa1922f91c5d0b7db7b841;;;;;;
339945b3729c970d79ced5767d33678f;;;;;;
8f8d078f18a3a13696dd2dfc5da55d36;;;;;;
0b802a3b592e2dde3b401eb0b1a00123;;;;;;
08697286841ec2542651a366e9aace30;;;;;;
0b1207ac5b080b9271a40602b7ef9811;;;;;;
6a917e1097623912a5d2d18b961e2df2;;;;;;
a1f3ded5db42619dfc467aa70f16d140;;;;;;
d62c83fc12b961d78118097ece9c5810;;;;;;
b09418b17c94f85afbdcd1364c222244;;;;;;
549c426af15952644033f5821d6d5907;;;;;;
ce5387912f0146f2b93146b7ebdc3ec5;;;;;;
fcb424315f58164a8d941a637068fbf1;;;;;;
6ee8c9da7cbdc1b1a75e96ae94d97812;;;;;;
e70d86137b640f74922a8522cd2cd180;;;;;;
34b9c8c99f6313eaef73dc3682b1f61e;;;;;;
bec01811066cb1c94f196a844ebb88ef;;;;;;
ff271a7772e2f13f61b963acec57e29c;;;;;;
fcd839958eb9a58eaeda57308037db81;;;;;;
a8a753f9bb0d3a6deca9dd940330a115;;;;;;
9ad19fd267788d5d4a70bb16056e6555;;;;;;
6e10d2fd813018f67849926988571c08;;;;;;
bb54acf14f48d826faef8ae7aeef1d72;;;;;;
1e0f0417f0b27be7b691b51a9dbd8453;;;;;;
a936697515a00589dd8d4d432778d2e6;;;;;;
ddfdc05e09c4f52345d20df4facdfca9;;;;;;
488fa8c8e7eaa3f93c5c0dcbec709e0f;;;;;;
311c75f634541f98ea23d200f05992c4;;;;;;
8d890a4e1e563157d7c9e8211fb778ed;;;;;;
7d0c1048195b69add6b85fc6306bd1bc;;;;;;
324216efa0cbec2fcf9ba6ed69b52b9d;;;;;;
0660c8891ee55eabfe0200d50761ca58;;;;;;
31121c68359cf8a169798c7218962ec8;;;;;;
0c27fdc71f84af2e60eaa8438aa24ba4;;;;;;
a8d8fe8272b887c616f48dd967fc2610;;;;;;
82fa9442b1893ee83fe92de0035a2366;;;;;;
db583df64bd7878dabd1269422d795cf;;;;;;
3520495e11d985c09f880643f165e79c;;;;;;
c3bf28926578c2a3354250c220d6fb34;;;;;;
28772fdadddc6be2951e9073ea7b4892;;;;;;
d91a82145f69c8cf40a22e6ca19330d1;;;;;;
43f798f0fa775cf3c402a809f3817392;;;;;;
3626c2f59d59c234b839126286e747b0;;;;;;
ab2fe67569ebc84b78823c3d856ad7fe;;;;;;
acf0622f19143e2b3a7ff1df055263f1;;;;;;
663ef22498d4eef4238760ba50456ce7;;;;;;
6eb96ced7f9aa6842faf285aa5c4fedc;;;;;;
7ea361ff5eb05cdb9f2b2672e9302838;;;;;;
15a323b57338aa70a2cfe8d7e7e23765;;;;;;
940846ff0739d2b77d48db00c1d30d59;;;;;;
47a7d1d5ee29729790d1b5a7a7ff4a4b;;;;;;
8aafbe598e6018af8b0df53f47a8298f;;;;;;
0992c66b0036709bf2138d9b5838288b;;;;;;
6f8d7b5b25b15007d455cf457c5d9f31;;;;;;
b9a7d34da594f27774d93844c9a009f6;;;;;;
590da5007d5493edd592a90aa823c61c;;;;;;
0eb14af96bcf9af9f9bdf9233331ec2b;;;;;;
05da16974cf7deae73df69c0e825d4ea;;;;;;
ddcd6fbcc0dff8f2f8f98778e84e276f;;;;;;
b535a0d96443f03a4396a8a062538c9c;;;;;;
362a40ceae1b2a92d12c09058756231e;;;;;;
88ca359ebc08e31a749cd8728bf53f7a;;;;;;
ee05720e2facec62339cbd2511ac64b2;;;;;;
c125de1996f2d154820d3191a64019e3;;;;;;
69fc27dea1d9bb461f8d63c7873c88ff;;;;;;
44349a4a38145e6a1f830d50b908b520;;;;;;
293be4a1061cecab6229882ea0bd8da2;;;;;;
1d3be2e9012944977df2e0dc729b5a75;;;;;;
82c2d97683173e93b49ef0114ebc79ff;;;;;;
bd5b2406f9c23bc3ae0c17d5c11fd192;;;;;;
28adc81c9693469dd02a0ecd139a1b9d;;;;;;
e5a72eb32b5a5afaa7d42d418d2f5654;;;;;;
0315d6a2803a91fd335bf0fa209ade6e;;;;;;
94634ab558c274f9e3f6e3f987dd8d93;;;;;;
f3da77cd567bf1373313fb482b5e98b8;;;;;;
9f91468d622b846f66404e6353bd4fe3;;;;;;
9e5a6692c97bed8287a4c94d7ef9f542;;;;;;
c6fded2e605e1057726abb34b194bd4a;;;;;;
a98b90f7be5b1977b472511a1b26e188;;;;;;
67f042b9e04cfff35ea3192af7a15b98;;;;;;
6f94d03bf1c6a95360efaba75430ba09;;;;;;
83a770669848adc28594f38ff342f9e3;;;;;;
04b651057e7f9ae283ff2ddcc8b7e494;;;;;;
9688721273a9e6970673ec1eb3d78479;;;;;;
78efb138fe62ec76fa45cd75e135efb6;;;;;;
0dae1f460ffa07b40c163d1ff1d78eba;;;;;;
8f10af3ee2bf986be2bafe06386976b4;;;;;;
c5816a68db1bfa8b9e3adaafbd81ec8d;;;;;;
0f1d7305a105eb4914585e686c021e78;;;;;;
8ac4b5490595216c0409566e45bdeb1c;;;;;;
62d8858de213453e7b0731e59b2607f4;;;;;;
a1fd99241a476a8dde94274ee0d80713;;;;;;
90d901a5683182ee04d662a34aace638;;;;;;
73209d9467a1cbc4f9983785b1e68262;;;;;;
27415431594ea1cae2b3512f48c09490;;;;;;
14e90e087d1605f6e6b1d84aa020a933;;;;;;
f73fef00731f1d7036fcfa3a2a9d3beb;;;;;;
3cbe841dfa9b181e965a56ceb5c141d8;;;;;;
1ff412ca61c2f8bdc0bd79ff116b0e14;;;;;;
f6c88dd2c15b99f9e36f1acb36a1ccc0;;;;;;
a097ea8f56e945f509bf2e2e62bc0be1;;;;;;
07e8124190abe36f590985da7b55fe79;;;;;;
1b2b56b2ce5e612bf197304c1dc2d844;;;;;;
f566af4a23636be6c0160ff38c43007a;;;;;;
cd5376e47ee4f58fdea0821a4d25c007;;;;;;
48f1df918eeb0be3817cf9efd8570fca;;;;;;
ce20006bd4f2d9af17704f8d47284780;;;;;;
c15429d0ae4111a900f2773c01430d03;;;;;;
9ba45093528fe8798eb5ac5d685080a8;;;;;;
32ab490340b8a811808cdb369803c408;;;;;;
c92f053a20a437bf08d2261ddb483883;;;;;;
fae33f0a4c668c7e0276447114c078d9;;;;;;
ed0b0d4564034fa742c4640c709d4b4e;;;;;;
270bf47438dc118ec809df0ad0d5029a;;;;;;
6e772ab85b40b8050dc6de93ef58010a;;;;;;
b5abbe5cf1d4efeac06f36f0aeb33a76;;;;;;
e425c060ec4c3ff6496ac24f4274f4af;;;;;;
28328c3b18e739a9e60d54df54db58a5;;;;;;
1d864943a01ba47b0a3a2d5bd64bc5a3;;;;;;
42b1290b3d3d04f52e4ef940b15eab01;;;;;;
df5ab5c03e84b75d8c5f9d40afdfde53;;;;;;
12409a841fb2d69861538467a584d72d;;;;;;
6ec647239cc5fa26de5b14801c77fda4;;;;;;
6acb7eeda91f0b88747fcd937696b6ce;;;;;;
a111b63739416fc78f920b9deadb59aa;;;;;;
2cd5d4da863a07795ec65a7b9bb66e65;;;;;;
1a73b521a846a554111b2da9cb45eb15;;;;;;
84c4f9effff1598aec46c538527e85c8;;;;;;
78afcf366347b44ae6649b7d91eeb7f3;;;;;;
e7ea98d3c05d7ba78bd3f885d7ae367c;;;;;;
c21151c0cf4fc661b926d070778d3892;;;;;;
601451142ec30380e0a66843fbd1bf71;;;;;;
ae2174ef68ac4c1e0864556348d7f4ee;;;;;;
2c308eedc6ed1170526df6b07c35b563;;;;;;
cf0273bc3f4771683d86afb8ad669809;;;;;;
439fe8db45430677add3975878c6765e;;;;;;
893b7c5da15b570f1d46c9bf50cbd38a;;;;;;
1f1f318f89dc119549bf21604c144643;;;;;;
a9257186dec4258334252667058e4d68;;;;;;
f9b9996331596e7cedab3a25740f1d3e;;;;;;
1cf150a01082f92d455e96d0ff2c1b28;;;;;;
1edc9f9087db92a88c24c74f7bbbba61;;;;;;
7577be35baee59124d15574feccc19f0;;;;;;
fe2dc482daf8373968f5df337f1f193f;;;;;;
14b039044892fbcbd351952040ecc4a8;;;;;;
7a80e108125a76c0cdcdeb611ba93c4d;;;;;;
40183643e0c1cfe1590d0d3415d49582;;;;;;
117d9eb53a1be2dbeb83134b6fed6ea7;;;;;;
d4ccd19fb60050d9d8c87c24b1767bf1;;;;;;
5a43077991a972cdfc301c125e5a21a1;;;;;;
1cf15ebab9908efd4fa0f70cc4414571;;;;;;
a868518b6c23b4c29ada2f56efc46e9b;;;;;;
01d7f42c89bedafdce9fe9db8f2cb74a;;;;;;
bf4d574268cf53d4056a840e3746a9d7;;;;;;
9aa70b748d1047f5ff8b1a25f4ecf466;;;;;;
02d49937d4bd18eec6f3b25069680d85;;;;;;
711b74b8c4acdb2bd1b37f52c62b7aac;;;;;;
247d4869d1a13ee0ba27212ad818730b;;;;;;
18fce0a8c19e2d99fa3fb3031ee80468;;;;;;
c5fcf73b415bb1f1d1899cfdf999055c;;;;;;
0c0309c104ba4a21f9f8d8964ef61b7b;;;;;;
9c7d4dfdcdd2f4a8beaa64618887bdf8;;;;;;
cb07e0c83b34dce475bb92f700a51d7e;;;;;;
e79bcaaa5f8ef0334409443f7abedca1;;;;;;
a628ff8f6bc8fc62ecfd50b115eed31b;;;;;;
62972e1ab8b4f26464e0fde423c75b93;;;;;;
601c3f5fd308c185a379f3d3b4437222;;;;;;
3d9b657a36eb6f7afcfcbafe1367e172;;;;;;
458caea7c9b01530b022c2bf5a556915;;;;;;
a8a05252413f80db8b94b2fd90621dd4;;;;;;
277d1a8802fa3530b89dbdb8b9c08c27;;;;;;
18376f21198bc49663486420f525b421;;;;;;
d0780c1e32175d66dfe78f3367dd3bf4;;;;;;
50e5ff47302f1daaad6e33ad8c56e40f;;;;;;
a113113a4ee141cd0f322362e71d6f0a;;;;;;
3088aa060f89038926a6a98a4a1e2e04;;;;;;
2c78bbdef9842259e423acba14b0aad9;;;;;;
16cae725ff419286e6fc196f715389ba;;;;;;
ddf9fdc8454fc77dde047412dce5eb80;;;;;;
dc504edf72d55c1242c09428a7c2fb28;;;;;;
f474786d2e0cd8536c491d33a35acb5d;;;;;;
acb91e95dc48038a0b61ae026efa0355;;;;;;
1d2ff63edc0e60897c652438ccfda84f;;;;;;
60c6a2e9b976ae1fdff463511a6d4a16;;;;;;
bb82d7b7177a819ac23facbc54df84cb;;;;;;
66e628576ff149c2575bd8c4baead452;;;;;;
03afe42a7f6fca70445fa2977fed2857;;;;;;
3a7e6d8182bce2855079ceba02720bfb;;;;;;
f0e6e0d64c87c8239bc20e6ceb1e8c52;;;;;;
ac9299585a4ff67be361f8051a47f5f2;;;;;;
e6b9d9fccfa311220f5fb8d2f0523d1f;;;;;;
625222ac2422930546cf30f799617b7d;;;;;;
21542214eed4cc261569fdd88bd2c7b5;;;;;;
4f50775e198fb78792ded580658543fb;;;;;;
394c0cc8182faf7cd0b3e0a28cd4b141;;;;;;
f60d865c2a46c4509863ae3706467730;;;;;;
f6aa659acb03ee047acd75c08f0fcf41;;;;;;
3b70aab841a7b38152965e03273a58a9;;;;;;
d2c73e7bd295363c199f5dc9a7c501a5;;;;;;
bcc03f444f2945534d91852b4022c8b6;;;;;;
d1e9fd8fa562db3bed194fd52996969b;;;;;;
5fa3f90d92860048a9fa094b9d34944d;;;;;;
fe04c2b35d37302adeb4a3c3b76cf852;;;;;;
1b6969f84eddc3041eaa71051dead1eb;;;;;;
1f805d9fc826f35c08c393fc7349f45b;;;;;;
57da96b134a4b9738c7df2c21052a7b1;;;;;;
34878aeebbbd433953c6ff9677884df8;;;;;;
057daf3d0a0810c06fd430197918b602;;;;;;
2550847bc5911c437e4efb3307148a53;;;;;;
e006887558d4d27f488e41d2e0f5f615;;;;;;
0cae049c3f4279b00cbfe26efecbf3cf;;;;;;
03d64857e7bdd792789623b63abe5205;;;;;;
965a099d0ea07d2d5059d9efef35b73f;;;;;;
b5a5e17ad19cc955747c8bc382a16b2b;;;;;;
535f6c333943bb48897e7df185d6bafe;;;;;;
dd1a8a1af2f367fb1aefbe14eb3bce40;;;;;;
aa33451d431ba5e4ac007503edc1f593;;;;;;
0807b54449de93e39e67a677b0fa9f96;;;;;;
1f933175eb5f40fbd1f246566ad3a236;;;;;;
66ee233ffc8da3237ee50111e45d1a97;;;;;;
62242fd606ded8710fc8b6ac68ca7135;;;;;;
e61a0ebb3b59ef5012d9a8b5eae26a01;;;;;;
6f541140690c691bf4a1b01a94da0f3a;;;;;;
bb0e201c5cc751e7e58aaa43dd387b0b;;;;;;
e609d57eb410a61b09039b805fb5c9bc;;;;;;
38054b7269a21148346a15d209ad61ce;;;;;;
f2936ad02fcfd3f881288b6c02c0c315;;;;;;
c932b1162f28da378970b2196aa0c2b0;;;;;;
9a48799a90673de70099d9125a68ad22;;;;;;
47642163ed3ff6e482e31039a8bb1b34;;;;;;
074897be0d0d9155afeef596a824350f;;;;;;
b4fba1799dfea059279f564ef6b0dcfb;;;;;;
75feb592d181edd7ab1f2ba201f9cae5;;;;;;
67501ce5791d0bf05b5e892c553e534c;;;;;;
b06b872088f2a3018d3fad47966af11a;;;;;;
114e8dd460baa0dbe6c19068d7331063;;;;;;
5ef042722971a36a41994da50fde3574;;;;;;
b8be336a8951b780b8cad4edb105db6e;;;;;;
9ad98627d2e9626eca140fd23ec9e283;;;;;;
a472f40239f89f379ef2eaee06b7421a;;;;;;
a1e579d0f5f65b0c4edc54d584aa5759;;;;;;
56be230daeb35549cff4c6167284af13;;;;;;
845315aa5dc5fbebc5424143f5f3dccc;;;;;;
b0e36e635a2c8705ef7e0db18bb949d1;;;;;;
a1e18e425711454a096d5bbd3fa875c9;;;;;;
f6d2a9a6eced9cb83818f32daecb0b2b;;;;;;
ab846d3d520bbb2d7b1d8a2572a17581;;;;;;
521aab88ecf7e5d099812bfddfc313d9;;;;;;
4d54adf68db4e5af828994b15a08fbff;;;;;;
41b5c0c98c44bb8116d5d3e49aae35d5;;;;;;
8fc0e07708aa8d6cffccb949a23130f0;;;;;;
b359deaf459858e39dbdf7dc7f9150b4;;;;;;
9a120b4a153e01410fadb72671ec2f04;;;;;;
ef48e771982c61aa86df1c683f21178e;;;;;;
e84edcd7a97ca7b5bee1e78198fe5c42;;;;;;
b3c689ab8f55dd8df415c93642b138d6;;;;;;
78a7f5281169589c42052a532cb03a97;;;;;;
c7af96737536e7f86a82328943205166;;;;;;
d51a929181ce8116570bcee47a26a83d;;;;;;
b9662117feeab4a4f6c1f4c8fe6e0ffa;;;;;;
30cddc766034e04fbc189b0db56cd99f;;;;;;
0b3a65b6e4d109495269df4298c6590d;;;;;;
b1e884f3d97f4e558246453e498277b6;;;;;;
a5b77369813faf81ae3021e5809f7795;;;;;;
18337987d0e0c293f9f243164ec6d275;;;;;;
e983de7b37c4c305b07dc9d887eb8589;;;;;;
38220a1ba20de6b7d0cd5015597c06ca;;;;;;
ba3ea9a85ffd2851a2d126e53cf338a3;;;;;;
dfe7f01daf97a7bfdb0f37500c0a5434;;;;;;
556ace62cbf6a8dc0b4999c224d8e8c0;;;;;;
71cadefed536f4132e490e9573c5d074;;;;;;
6d0dbde7c1f578cb5815959a3d917381;;;;;;
07c063d00cb5e69a234b9cb9c51ca821;;;;;;
af71fb8ab7975b07eebb5a1604e57f75;;;;;;
7df655da4ea4be3dc95b0d71b8cc3132;;;;;;
4b6e59cc8dd964a8e544c37f6a7c0234;;;;;;
11d5f76a5ba8ea0c7efb09717859259b;;;;;;
1791522edfbea1cf6d310820b55917ec;;;;;;
c604880d1fe2578840392694e2136f34;;;;;;
6a25a4ffdbe3540c471176f45a5a668b;;;;;;
93de217d5b3b1d2fead98e85f758ee62;;;;;;
75314dfe7ae546be9f5ac88e913b1469;;;;;;
e66cec9d7445eaf0d25e33fc0ee039f2;;;;;;
64402bb1edb513e5dd05f1ebdb648bf7;;;;;;
edcdb5cb96f56e14da1359fc8dca26bf;;;;;;
15f645ae3fd783f2c8c3ea267bab75e3;;;;;;
15fd9a15a76485399c22ef40ba5fcc66;;;;;;
4ae87717fe70a556460ff30032da30cd;;;;;;
46f67864d5f7f5d9c234ce8f88047e12;;;;;;
deacfa5f976c3cf2231e7f2c6bfde347;;;;;;
d77be8ce74db4e79ce0de1dccc6cf761;;;;;;
5c669f69ee411b925abab6e910d15376;;;;;;
cf8cd3140e448ba6fec17e0640811e08;;;;;;
e801f2679d6bbef67c40aee2b6b414cb;;;;;;
93b96c9c13a5103ba0dcb553247cfc6f;;;;;;
c3bcdd7e3fc093f7818d7a312dc07da0;;;;;;
c2f36f8a1f203d1fc0120566ec61d298;;;;;;
001877fc7ad01393a8541874b1cb2bbd;;;;;;
ae7a571738caf2c6c8ef166285e9463d;;;;;;
d398689581d79e9d5684017ca8e1ebc8;;;;;;
c98ca5e5afabe28cb50ecb34c8419577;;;;;;
d7f2d02579d61f112080eb830d86f2ed;;;;;;
636d8a34d677689251fe0e88e1b6c37c;;;;;;
fd60dbe300cd8ee81a2a1dcc28bda3a1;;;;;;
9e2b7d768dcaf024a9be44d2f8d1ba65;;;;;;
f90cd51c91ec2d3315b949d522bb4594;;;;;;
600a3a8789e9083fafbe0b3f07f7ba04;;;;;;
8011dd94d874a3929c01116ab25f7da3;;;;;;
c2009bac93332a7fccd125443962963c;;;;;;
4ceb12397becfdbb2155c955d89a7152;;;;;;
2fbc5ce10805e414b76cc5f81b8a7c1b;;;;;;
8c406abe852ffa04e60464ba5b483522;;;;;;
f65590748fc19ab6bc0537cd98919aaf;;;;;;
e4ef5e023911448ad2f068a953ad865e;;;;;;
935a39d09a6220a18f17d6e1084a0c89;;;;;;
20bc3652cc27f4d0e371c8447ef7b791;;;;;;
cda7774d38c31c8155ecff4c123169bd;;;;;;
12a4774e45d54d9e12baec9b3d1d70f1;;;;;;
8da8989e649191372baa7228a38eb534;;;;;;
119c6cc78bf81d02646852f4e2e86cdb;;;;;;
60af10679cd6ba89cb4b7af06a37d363;;;;;;
2bb27e95cbe48053e7948d765e8e8b41;;;;;;
29694898f94aa98c135cd863eeb66742;;;;;;
11f1b95cb4863a0f2a7cfec2a94ae444;;;;;;
87c449e0f87d9176ebd36b96ea72902c;;;;;;
e97c8df956191fc7031f6970b53e6da9;;;;;;
5ac990ae85d0d5eab8f36869c46f17de;;;;;;
73152246c1efe14e25154b887e2c51c5;;;;;;
0734ea9920927569cc183f0f1832e5db;;;;;;
f881faed4256d4d80b66a75a7e106294;;;;;;
3315fd9074d8991df1b8cc12fe628777;;;;;;
b722d0544654ab42485131868617fef8;;;;;;
144a1f644302071274796b4f866552e2;;;;;;
507d3b17b8c24df50dbd28a0c057f249;;;;;;
04c987ee29338bdb07783542737d7b82;;;;;;
50038f1b8f7010a4c92708dc0c91037f;;;;;;
ba2f6dc16842bf70cd002df4902861c0;;;;;;
827753af1909777e72538d6588512c5b;;;;;;
044d968693a4969a85ff007a21b3bab1;;;;;;
350bc3d2c3ea2e22b47cc514d73833d2;;;;;;
fd1e12b984d51db3fbd05962adc4d6f9;;;;;;
8c9b65805d8006d9764ebff02c3b7181;;;;;;
8984f47524786ac62f7d73d1f62f2b0c;;;;;;
b4826d90400a818c60299090f88743e1;;;;;;
36c3dfc8e71e9c114fb8b046a133bf88;;;;;;
516626d570b22c1deb79c0bcf9a3ca7c;;;;;;
625e383836c6d6fab814882695db1d70;;;;;;
0207c657eb46243784c2ca15a1db0b44;;;;;;
b5f4a62b6e32a55f78ff8894261a9c6d;;;;;;
677ed620bbdc331ca39c9c988cf4095a;;;;;;
6fa6574efcdc3bf741c224c1ceaca774;;;;;;
d0a0f193a1a65321b7a625e335f631ee;;;;;;
e33b408ac0dc2b1c91ef5be57cd78407;;;;;;
79409c28760ef8601eee78bf29d89ace;;;;;;
8fd3186e2e3fb7d0f348300795faac4b;;;;;;
7704a303ff0a8d175d60d08944b357a5;;;;;;
02b7397c1da197f07f2630db3b97d979;;;;;;
47a261924df70a6c45e13257b0d06f64;;;;;;
965a283c99425f31ec9de39afdb2de2d;;;;;;
52223e02155696751161322b1049f6cf;;;;;;
0d06bd470e0cc2cb99596f6d5f00fbd0;;;;;;
d0187b5ff7d8e2ddc01f1304d2525d36;;;;;;
132f5cf0b5b6d8e0fd34d4c00e8cba01;;;;;;
0be3f480c81cecb7814c62987116b865;;;;;;
0e68269d033600455dde3e287ae06182;;;;;;
2d65efa8d85b7a0195b8be46ea6cfc40;;;;;;
9d2d7fbda3816e66448d66ca1f24cefd;;;;;;
460f3de9afd06b41913153f0440cb933;;;;;;
3bee20697635daa0f48a7894c1ae74c2;;;;;;
4bc887934ea6124e7430f84566d459c1;;;;;;
f745e24ed2aa5dd9db47d8dde144ced6;;;;;;
1400de9ac1c38fd8f0fe72c49dfcc852;;;;;;
5fc782286630f12e646d93bec1c393a1;;;;;;
14d6a76fe919f00685c514affe822bf3;;;;;;
c88d5ab6c58480125d5671c3c28ecfdf;;;;;;
38fbe4e5a43e6f54fc2210ec156574e5;;;;;;
ff54c849d80cd42813c17244424493fd;;;;;;
70e27bf2d768af219db57133d0858af9;;;;;;
654b5310d48f9c6ee59d87a208eeb92e;;;;;;
08f7dd8c8723dc50094ab28bcaf504b8;;;;;;
8bb1c81cedce49a8d921e2245e05b610;;;;;;
d28f872cff8847d040dc04cfa0fc819d;;;;;;
f80254dd113819e6b5fa298fca8c88e4;;;;;;
5fd370942c5ea51771f3cfdd8ab35620;;;;;;
112ef8014f521d9fddbfefa9848b56f1;;;;;;
e6b2dc8029a549dfe3218f33d8b78de0;;;;;;
af333c754c5b0a79cc860735cd4d7d69;;;;;;
0fb2d3794c4d069fb9f107fd1dd74cfc;;;;;;
2d73a7d825631d74fd0c095af81d8e6a;;;;;;
bd6e5a6fc12a6b066d7466887ca8cf95;;;;;;
d2e0ec112d6b5fecf4375861ffb78c53;;;;;;
7762195043358249fe7bda1928d74e44;;;;;;
93c8cdd3c90890a30d6df69fc647350c;;;;;;
eba2ad45e7e06822456192d8ef82be37;;;;;;
26a938b3bbb2285f4f3f2afd84e9303e;;;;;;
000c2af2c972ce377c358fed67bb422c;;;;;;
c0459540df23b2120f8f6e57dfd2f5e6;;;;;;
e1d57822ec2dd373531d643c862d0b17;;;;;;
3f91dbe0f0a32f83e02c9dab19e631c9;;;;;;
4c527ab8e6ca61ef7e5e8176bd9d81fd;;;;;;
2cccf14a7c232a1dfd6e92ef13e644f4;;;;;;
bde0b4692c9f66236413e8d3465db3de;;;;;;
d0381b480d81ed12c638bd43767c3709;;;;;;
d4b5ebd2619afc8583d8b7bb02e3e5bb;;;;;;
c637cb00ab6c66db8ce578c1d17bdb3f;;;;;;
b79fddfddff43f92a8c3938ee4213eb1;;;;;;
0afef887158f0763eac321d7c9ca9cb3;;;;;;
0303c6ad429b11f5230b0214e7ed3f4f;;;;;;
677b56a2677d8f87651f4ebbf9d6f1ce;;;;;;
c649a8d6afc808a38072469971ccd1c9;;;;;;
a63d93fec6d3eaada0abab426eba14ae;;;;;;
d1b26d793539a26fad07720c2d2ee05f;;;;;;
300c7126afa20c627015eead9f5b5a20;;;;;;
605f82f4917cbbada125a0bdf5b4e63f;;;;;;
f23f3855078f28730d93c4260d31f270;;;;;;
c18d35e7bb5eee838d173138f57aed18;;;;;;
e5175d3170d6d6c6fda6869b808549aa;;;;;;
2c297419e521a00ae2873c350026814c;;;;;;
bef51aac739a105ea2c41c48bd25a960;;;;;;
c696fde41d32895148a9c947600b773d;;;;;;
2ab750ebff418f3476a22200b43afb40;;;;;;
5152f96aa5f53614aa836d87f82c49c5;;;;;;
af5ba93b136a308124b87098e059078e;;;;;;
ea4e72a6302740567d9fec10f0d9bed8;;;;;;
defa0203c4190f34a3a72f53c18b6938;;;;;;
ff17c68d276e89eb8ead060b6c4d2cb3;;;;;;
ad52ca6dbb58e0a544e850148ea51781;;;;;;
de2eccb9d498ef32f6b9fd1c5bae9abd;;;;;;
3309e53748f2aa18259f0e6f44c98c05;;;;;;
0ebb67f2f79219180f45b50daccb6769;;;;;;
e42da83b54bc7e7631a26bad898b6c67;;;;;;
dc3953ff899c7575c8e0b24627dce0bf;;;;;;
e6312a174a8512960511a57a0b3f84f7;;;;;;
5efd80507a7d266a76cbfa75931fc9c1;;;;;;
a77dd20dd497fd0bac1f71ac528294c1;;;;;;
dad3fa22462753de2ea9da6f6e755847;;;;;;
7ef046a83fe10b681d637b7749da0d32;;;;;;
ead269c8a82c60be5ca0ec04a41ac806;;;;;;
f0b183d24063400fa090cd34520ab39c;;;;;;
851146d4580657a555647fe536fe2055;;;;;;
5ff605faaca3d05c8f31b4757f9c27e3;;;;;;
6564bd18e6c0366fd2f6c9bcc26b4e43;;;;;;
d80e3c4ffb050fc337cd11b50c254017;;;;;;
05b263704b628a039e1199d122ddd4f1;;;;;;
3a4eb355396911f6ce8ad77019597172;;;;;;
ba9b2000ebbee859875c956f7e30aa7f;;;;;;
d1016b4d20dd746bcc9024af8e14c45d;;;;;;
ac75a1b7313b8b5aa51735a4c74843c4;;;;;;
d33a55f6b4d4aae0d26fa531e61d8cc6;;;;;;
33cf7947f17eb7c2b3205fef18655e4b;;;;;;
8c14feb897d5c7a6eff70b606e074e0e;;;;;;
843ce7929c579651efc9001a0c208918;;;;;;
a4f752499aba1c52e8d63acedef8e629;;;;;;
610fe89755a72f1b754c7ce3ef964481;;;;;;
4eecb8d1ead85f8b9c5ea4814e5cde60;;;;;;
5ec9354423b1a0d35f2472b2742663bd;;;;;;
dad1e5a4cb70345d70f26adee0bd7bfc;;;;;;
a4925d78d0015ad253c3d8f660ce6581;;;;;;
d71aa85115b84f6066bb1c058304b367;;;;;;
93b41a1c6f3894fafea99d5e6d671f65;;;;;;
e5eb71452e15c116f5fde3f3076fa022;;;;;;
2db40ab97da0bd37c3f003f47abcf34a;;;;;;
2fb08334c3d660a5e33b40c2aee06db9;;;;;;
81b4d322b12dc9afde09d6113d00ed70;;;;;;
4194e9830155e9ab524b50d570a53b28;;;;;;
6029c05a9050dd0f5528a53563b7c6d9;;;;;;
c17ae61e53c45c455442ff69a030c316;;;;;;
675432602f49ab9d0e8f38c9ec1f322b;;;;;;
47caf3e423ec09803b83f18e25d03b6e;;;;;;
d06a9d0bb83307703d623bda5ee713f3;;;;;;
85275b2916d51608357fb2ab330c292d;;;;;;
aa81feff2e13e4a99b7f6531f70470f8;;;;;;
da78747b1be8c6d83d31029cf02342b3;;;;;;
2460995046e280ff9dd5ce7fe3a6026d;;;;;;
ed631ec328d491a5bfc6c66bb56d226c;;;;;;
73ed4fc98541e6f90b811b1b70c7fdd2;;;;;;
e9c48af2de72af181952f5cd49a52788;;;;;;
67aa7702ec223ab834500d0aba818cf3;;;;;;
10a8fb5db2ec96a04393c6f6c41e3edc;;;;;;
462a029962ed44a180a91edf4b9d7260;;;;;;
c9c6c041d6d8e01d1606141e9e9611c9;;;;;;
ad0244ffd6f1e9f01d17b72b29afbb10;;;;;;
4ff90ec6ec96a1c2285aeb44473c84d8;;;;;;
5fcd0b30d116415f94520625b9033c94;;;;;;
1dd240d112abf66f0384acb6d9c62302;;;;;;
3464f3eddadea32db178c2da5a26ee31;;;;;;
feb3fecfa1652a04df99803aa40d99bd;;;;;;
4756c4888d7e1cee4ba81888e16c1fa0;;;;;;
924099cb047e50005f248bb491dd098e;;;;;;
749a2fcf256c5f4676b7ed2b06f39bc8;;;;;;
e58428812dd178a8cad8ca620e558d80;;;;;;
114b91ebe8fb1c465eff535e31c6ed00;;;;;;
fac0c4517d6317f0f0d267287d6c1421;;;;;;
785d2654360d77b4fb3275db77a8d6a1;;;;;;
d12c0edea2f10aa8e8732dfae73efe99;;;;;;
0a66a0ff09bd243fd70b786d86ec5ece;;;;;;
c0bd31a2e7897f5aed00bf24c28efb54;;;;;;
ca2a523df31fdea74ab90c9a698a3bc9;;;;;;
6c862bb3801b23c712059ea14452f207;;;;;;
030ad1c7fe28f596187ea76b2376090c;;;;;;
80b3b5425efe83d3f0a9af0aa8fbc1e0;;;;;;
a328fe85daed78d38a03ff5285f783ea;;;;;;
edc910c036f4ed98e5ea6b2015836957;;;;;;
ea9ef1e8ffaebb933d2835a583ae8b71;;;;;;
2a260cab4d672057e40f46bd5b7a709d;;;;;;
2e17493e8557b1798a5c25ea222c544a;;;;;;
ab461760e94d578090c5a39f302ad78d;;;;;;
9138f178ed9f97f09a4e7e5ba440340c;;;;;;
3e9168e3ab2bca574ac4bc5928b91259;;;;;;
45d9ccda7b3b92ca35d36336782f11bb;;;;;;
5b23e210230f9e298dafbb394c91a8cf;;;;;;
45f23595e599ea8d02a47961cf2099a3;;;;;;
77d208e00e70f5f38b478800712cea2e;;;;;;
fc49c62c347c553cfe7c582d82be1777;;;;;;
9d1a9c4e87f575b634bfec8de7e7e1ce;;;;;;
e5729bb848facd3f23c1bca7978686cd;;;;;;
7157eecfc485d37820e522a67af657f0;;;;;;
46c620158ce801a8937dceedb1916301;;;;;;
9f83bcf5bd77e200545bcd3cc3d429b0;;;;;;
74c462395f6d4dd33a81a3d297a1ee9b;;;;;;
dbcd169a00cef03b3a6253dfb08220d1;;;;;;
6b30831ec361c33dece0a91fe0d33ead;;;;;;
d2d256ff57de0469eace95ea785c6fb5;;;;;;
ef4ee6b858ea8e75d96760995c97a886;;;;;;
a8d1eb50bbb1ddd063ccb11431efaf7b;;;;;;
e7f781ceed1f306c86258b556ef9edf5;;;;;;
50c69deab57c1256fa175c96e8907619;;;;;;
49e27f76fb5bb637ef9b78b18e38225c;;;;;;
579831e3f5205755be0fc7a392a1c1d6;;;;;;
666f6e470a52ce128fa6d47ee9d85da2;;;;;;
ebd875da2979bd932b6a15cc66afb2cb;;;;;;
848d7c65048a4027f862f772389bd5e6;;;;;;
635484c7acdd431315195ff52baef403;;;;;;
5e83e85ee377db4279452d8863c34cae;;;;;;
5c0141f65ee3bb06ddb3f48f559c1a89;;;;;;
36f6a48d9bb936c81ed726613e4b76c2;;;;;;
90c85138643cfc1c250eb9fed33aec5f;;;;;;
e001ad9ca8ffc25979dfa9bc8f7112bb;;;;;;
d7def97aad4295248b311a167a600f0a;;;;;;
ea0e0a128ba74dcb0d50f9f27b2b6ceb;;;;;;
904ddbecf61385d70a4e7da68d688094;;;;;;
908c9e67060406af8e69a7a2b11a966f;;;;;;
fadabb9b7ecfa272d3bed0533f874602;;;;;;
5fe62c992320a9943a971909743fdfc8;;;;;;
5ec7346c15413dd25d8c1d84ab46ad71;;;;;;
88ce8edca02b3aa5e5950a1086651581;;;;;;
a78ede7fd95befe748f915159dd2ccd4;;;;;;
7c8d147a2e292cee0d0126ce815fcaa9;;;;;;
45d3988640bc5238b1fb235148a4467b;;;;;;
6f97becd2ca6acbbb52d2526ca8d71fb;;;;;;
1726530d1407370a224e44ed8f8eb857;;;;;;
a2db661e5a49d0f70215745a6eaea0cc;;;;;;
d4fe9348a5322c4f85739ea5dc117f7a;;;;;;
8e784036ca029b0c16f108df5917369e;;;;;;
aed19db7ca8e9d073df367ecdcd26a72;;;;;;
65fd45a0513fcdae6c1730611245dd5e;;;;;;
8e370eb0d785d76f31f8ab6055d9b26a;;;;;;
1d7f4d39071b41834645ace1c40cd882;;;;;;
aaade80604bb8a9f5db75583465b9f06;;;;;;
5401640dfcfd9c4fbabf0da746fc46ee;;;;;;
a25afc79f260590530f389a9e54deb0f;;;;;;
3652b4f3c78a0017e9b151e687136945;;;;;;
9683e8a043414265d475ac211886be16;;;;;;
8f5ab8169449120478356474f890bc28;;;;;;
ed457e9f12510446c32e2b834c2c07ba;;;;;;
8ae5f9345c99b557e8e9dcd4bf5c4df9;;;;;;
31cf78a14688d750186dfe222a098b31;;;;;;
99defb6353a0b614d396842df6054417;;;;;;
99a827231156668d4ce100ef200615c7;;;;;;
412357619171d8faca1c43bf4a674128;;;;;;
00a5980f4c69c8598ea9f828d59d8974;;;;;;
909a6b2b000df80b400909372273f099;;;;;;
a193fc3a4384be072a7a0df8e6a1854b;;;;;;
f9aae6eb94627fe22729a0a77f8f0532;;;;;;
34a8d1d10bbabb23428795106fc44984;;;;;;
99c7b1ae1ba487c7ac261c9380ae0a5e;;;;;;
3a160208929b7819a71f88f46f7540a4;;;;;;
8a5e26dbb96d0a9e05f91084002537f5;;;;;;
f84c748c25e709e69464b2f5ec1f4931;;;;;;
f4a068d698622d26d63276a59e326f71;;;;;;
1aa84a15a7e3ec1b0b20c5cf0a555a19;;;;;;
1f24344dfd9181dc2a364b48255b3a27;;;;;;
ce53a2d2fdb8bfd625bf999ce995027a;;;;;;
060e660f370c7d6114a52e1dee0a435d;;;;;;
0e604d5ce525e3ec93e76347f37abb70;;;;;;
86f7189a99f7da3b341fb30c2f3a5715;;;;;;
ef164aa5dc72c254d94de4249ce3f948;;;;;;
331fde9b2b50068c7c94c6d1f06e9378;;;;;;
61b4aaf1475745b29bde2ea342251910;;;;;;
75e647c575427cd3b02d79f377e2bfff;;;;;;
67b0f8e3f7c158a0a46836f462161133;;;;;;
56a95440330d91d3665ab6c4a62a0c63;;;;;;
e0f957e2ab32782c92f9abb5a64d65c9;;;;;;
7aa6046c96c94929cd0d69fe14e6a8dd;;;;;;
2e81e9cbb2d91527bba7a34cbc8b74fe;;;;;;
f6170150da4b9cc3c76bc5709766fd99;;;;;;
7a9a82895f61927b4551e9911494b051;;;;;;
0744ffdebfb47e167e6989fbdfd71ae4;;;;;;
23410f6096a242b314485b7736e3f519;;;;;;
58ca94b67a10162f196828e3dc5f4e61;;;;;;
276fcf785f6b14d5c20ae17f3672d762;;;;;;
bcb196cf3a5d88c7d5ac52cb260a7c03;;;;;;
3f6e3aed713d0758282a8bfdd05e20fd;;;;;;
3912b1c44175bc7382fbb7a789d5efe1;;;;;;
757573e58327b3cfbd11b95fe9026a18;;;;;;
2986c53adf707f4a18a42dd80314aca6;;;;;;
a246aebae98b4eb9d15c5bebfcf2455e;;;;;;
a7c156fa5280aabf2dade5d34e734094;;;;;;
162bd694337a48b3cddf1cd46b4da7d4;;;;;;
9f62bf6c2d61d443a7cd4f2ae824f585;;;;;;
dcf4cba2dac35e7534478eee356fbec9;;;;;;
b4db1e0d40acf8496a70aa22820bf6a7;;;;;;
41d04fccf3143316ec0b86fcdd8e697d;;;;;;
ecd03b75853dd4f323b6797b9fee285c;;;;;;
3157c3b5784334d3d585921680147784;;;;;;
43cdfed58925127c916e916913aa5f83;;;;;;
0469627a7e1063af7b327144222f7041;;;;;;
ccb11392e162d6467fa110eeaa49af86;;;;;;
26ed572bc5ca926f4d730577a9e79504;;;;;;
f56088aea3e02b6c2be4f18d0bf1e7cc;;;;;;
668fa916d67eb0bc49aa93ed4088bc38;;;;;;
e8a72b6f1523a7e5c569732d009181ca;;;;;;
91e1a67c153a8ef484be294de9041b22;;;;;;
69160d9c00ac082a8d56830e4f373cc8;;;;;;
857a9c2e943d60b2f194921a5783a350;;;;;;
75bb70572d6729bd5d1db10c4a13a3b6;;;;;;
09876fba8eeef88606fff5c8f3586ab4;;;;;;
21af172a9028b3fb11e856fe10e629a4;;;;;;
1f60db10b93cc216f957cad689a3e46b;;;;;;
4d535e59bb06519fe115d383b83ef44b;;;;;;
3c4162fbb49230e4ca30a2b5498e75ee;;;;;;
b0e62c7e99c24cc2e57b7877f6a859a4;;;;;;
5cccfeeb29456e6e62fd98afa3797cdc;;;;;;
3cc4976e29eceec1bee7c361c88cbb5b;;;;;;
0bca81c1ecd2463aba0563ce97da3ef7;;;;;;
ea8f6e14e1872f43e45229c447045e54;;;;;;
11b943d4a5cf021ab9093718e38f9b91;;;;;;
d5b8a9722a7499e26bb882a2c5ff8fc8;;;;;;
239208c357767d02f46d63fe39d4d868;;;;;;
0217c4cfad5e47e94eb5b5c410d83748;;;;;;
df3e7b51ecbd29d9a1088d74b02d6543;;;;;;
2e736df71ee96d110ce84b3498aa96e5;;;;;;
35c64e93ad957791e4f903e14b6c0b5c;;;;;;
b52692e74765d0df179cbd2194eeaa13;;;;;;
cb4e1d02e841663ab9df0d65eb54d427;;;;;;
47f58a55d282a6467bff6bce066e36f4;;;;;;
f79d40bdbbac56beac602fe9bb897538;;;;;;
d2a0ca7f837b380935561c0d4701822f;;;;;;
804b0bf579f9199960b1a7bd5141b413;;;;;;
138fc540270725fe04a49aaf8e9f3d16;;;;;;
71f740d5f2c1799b89c32c0ed94347f6;;;;;;
961f22d52d885beddfc5780e120345f0;;;;;;
70e0fbc668282f9eba6079a346962cf5;;;;;;
3c7839dbc5ef024ca6200f0812113264;;;;;;
c4a4b1cf185408a2b361f33971dbe637;;;;;;
85d200d658ce29c65bab95be46aec00e;;;;;;
864e1e2dc4d9a5c4942f5ebd82367e1d;;;;;;
a6ffcd9244b6a5ecd2714f5cff22669e;;;;;;
18b82b8b6371df75595113bc4274c583;;;;;;
c80e87b7c8d67024fc6f45deebbb342e;;;;;;
0a7ff79129813ae174cd9cd767756d77;;;;;;
56a60b7c72b3f59265c3a5046c0b5be6;;;;;;
e08939665ee1645ee2bba88e5368113c;;;;;;
8b3d5aa99559f7a69a7a896e9de61a38;;;;;;
a92b7d9183f733deae6fdde241c411e1;;;;;;
861687bdc179acde806c0466753c3eb6;;;;;;
2dddba197dc2927e9c36f694fa3f00fd;;;;;;
87ec2765d03bd3aa29dbf3d0c1bdfc5c;;;;;;
8516dd4882a76b24e4169c92d72d90dd;;;;;;
e672c9b908a2477fa245167bace17df8;;;;;;
1d3e9e0c3effc5e48ce112c0cba81a6d;;;;;;
c727f1bacad579efaf66509b26d625c9;;;;;;
2abf9adfe8f984078d6d77dcd6f2276c;;;;;;
e7012dbdcd55d07c33a02a0ef00ff342;;;;;;
58b702bfbd70c3a86693a107665c1e0d;;;;;;
df8f7239fbe20d993acb542316709060;;;;;;
092162a146d6685db24b6b71f34f04fa;;;;;;
37b3d112619da4377c888994db37c39b;;;;;;
192e9717c2ce3def526987e52486b393;;;;;;
33731700b9bc8d25f47ec8d2a1b0bc9a;;;;;;
0f666430f707070eac260f1a0f92a5fa;;;;;;
938fd674295cac43b5fc37a2c4a7e1ed;;;;;;
bd90fe5de762b810ba22063eea939fce;;;;;;
25c0195b928b26992e8835c6043b84ff;;;;;;
dd3ccd6a36dc586d5fb5d62e8ccf884e;;;;;;
7f76e612ae14785e64a887ebf1ff3e53;;;;;;
a6c42482128d6c615ee4271f4787a76f;;;;;;
bb825ab15c41885e165a94b0286555af;;;;;;
dd20831803f5eeb16df997bddd44f519;;;;;;
4fe2f651f4265f99fcc5d1bd2f721f47;;;;;;
45d31e79f91e1985206889bbe7d47e5e;;;;;;
05a4eb57c9562aaf052ead0582149259;;;;;;
53f48af55ac630d15a839fca5e236277;;;;;;
ecb971ab1febf4d2bfe0ee7b49a21ff2;;;;;;
6aded1f30aaeebaa2bd853be83e56d11;;;;;;
729d9b64d9eeaa5b22195aa759c765fb;;;;;;
6ca707c750548c5f5f2873ed1fc7b3fa;;;;;;
5663d942b7cdb7886b1a0318b544ddfe;;;;;;
2ce84215e0a7e63acc3790b2b10cb7ca;;;;;;
7f05781b0d391ff7b377b862ed4698af;;;;;;
ee3bf489006425cad1a3494dc4eba826;;;;;;
ddde3e1c93600a0aae92f17e45de4c05;;;;;;
fc18535a6df24d48b3612549fadd9ab2;;;;;;
cf3050daab0de5b67c72d137cd267b49;;;;;;
184096c6b3562f287a79b9cf3fa47cbd;;;;;;
f199f8c9756acab435902e718dafcbde;;;;;;
982e204bc5d1d4397725b51bc6480f1c;;;;;;
f33c6a5a63e8b9a40372237a56dca9e2;;;;;;
b9afa8e99c92170f3f46706ade21fbd3;;;;;;
63669dc3d6af76d7300e9d18df32392b;;;;;;
4d0d8aed05329ae794579f9175d964fa;;;;;;
7aa6fc69e139fa87ab7d26a1e38dfb11;;;;;;
3dc7f8513d10c9449ac7b4cd172b601f;;;;;;
bcf8f98fbda643abc9f64672c5c91d69;;;;;;
f5a140993c7e0e29e997fd8a3617a63a;;;;;;
a87383ba6b80f2de8c3e0fe2aa0641b5;;;;;;
3eab6b4f64c7e82a60f8d836d07f09de;;;;;;
2c5e892742a1bde092f73af7f5e94b18;;;;;;
e7a3c5658a1ed3e40ad81bed37b4f17a;;;;;;
fb1fb1f21738020c3da818efa3968f62;;;;;;
f86797c62e207f3a5e033ccf233c21a8;;;;;;
1bd709c1a9b3cfdd65cd52a3017b66c9;;;;;;
35c01c77c40f31ff2731585a40e36b45;;;;;;
2ed6ed1cf44ca305c830e46ca15d576b;;;;;;
dceb4ce7001f6d0dba26d2f3af65d066;;;;;;
8a5f6497b11d907495d2e928ce9407f6;;;;;;
b879166f2fb9e800df34188f38cd9734;;;;;;
d22c4bf22c8c108f51f901bd2aea8e9f;;;;;;
37e122e7d408865b3cd10b5ff41b874c;;;;;;
9a8b7dabeb83fcf81b513a90cb4434f5;;;;;;
b4b527e49b89f900a3a171d2daf9e1c5;;;;;;
bf747648ff2fac0b5245359792deb6d2;;;;;;
a80859b72cff41d9784bfef70507841d;;;;;;
872426baa499180d05c3d19b1dddb533;;;;;;
eed739c97aad399b56c9807d29361bab;;;;;;
6bac591bc7cd14da362ab133a9dda8df;;;;;;
139771c8b8da937523e845e082cf0a06;;;;;;
7e93c3b28ab82498cd3b274b05ffa41b;;;;;;
5ee04dafe447ef9be476b62482001bfe;;;;;;
55754dcb9a82d7c88256fcda93c3d1a2;;;;;;
5d806c7731aae500faac055474bd7da0;;;;;;
a86698978a435d37e9cd121bb6dad191;;;;;;
88ce0e33ef9d991872711ffded7d12e5;;;;;;
7c9ce58e3c6f28835ea50ffc4b132f69;;;;;;
8b6c4baf45bfa151bf5d18861cca7a86;;;;;;
7c8fc8af4e2f222238029b891aaa0e89;;;;;;
da817fbb3bb0442be84be6c8081fb876;;;;;;
e6b90afe7f22cf871feac09f30673f33;;;;;;
1290fa4d7a79362e41c9fc281e935591;;;;;;
e445a013d004cd3b8a571dc02994b412;;;;;;
985d09e75269b7dadcc2cdbf2e09e6ba;;;;;;
237da95a7a0ab8ac03df6a3e50bc92ff;;;;;;
ee0ad39db0b0457328fd13815dbb5eec;;;;;;
42ea33b9cdfbc63e9d97e11c3ed41988;;;;;;
afcdbb05729d34ab8b2c410c8fc1aeeb;;;;;;
26257661c8ecddf844192cd6572d313a;;;;;;
6b9c0c38811e9f0bb0cba5deeea277d2;;;;;;
1483dedba655309534fde4dedf37f5d3;;;;;;
27bd63b4c0ce3b7e712c3f95050bf736;;;;;;
dacf7e1428bbce41e6391a7b0f4bb5e0;;;;;;
e9624a0ae3f96dc2c2707a6908a8d770;;;;;;
f6571e1fddc2b4756e0a1325d7704e3a;;;;;;
69598a1f5807a50f070e3e1d4fa27018;;;;;;
4b89da495a2cd00bad97675a39d8039c;;;;;;
8f66a9b3046b1e3153c4dd32a986d4ff;;;;;;
2df7c1e9b5a4450be70f92879b010c8d;;;;;;
42f3be96265e7449258d45d8ec569772;;;;;;
096f000b2c02c8e637468f306db70101;;;;;;
295ca3189807e294367d8bdd6b031a06;;;;;;
bc3182254ded3155dca29ba61e302826;;;;;;
e105869045ebe539917a7adb58202e02;;;;;;
6ea2942635f045310829d89580deec0b;;;;;;
b9a46091b2c0f3910e2db5e4f9f7bc85;;;;;;
793f6dd9678dae662a9dcacaf79200c6;;;;;;
1e82aa4f44205408d1b3b979054a59fa;;;;;;
23b7d53ce488becb9db9ba4164e6ddab;;;;;;
651854ae3aa64c00433d11d8d0991d96;;;;;;
7cb9720438dde7f0f0f9978eb1382f86;;;;;;
96ccb447175063875a065e9079607879;;;;;;
18318a318603eded90c945bc55df8aad;;;;;;
c6ba1e873a7a14c1940004ef791b70a9;;;;;;
6378243ed4016ba6530c7d5e2aeaf3c3;;;;;;
0c562c5accf680ca1f63667a04f77b61;;;;;;
e2351a1d0a4a82e38d331c741a4e4965;;;;;;
11a5650d406623b2d97854f993e874cf;;;;;;
b781ae95934cc89fb0b9cf5c7f12176c;;;;;;
8f107a717cbb91994270ed137d372df3;;;;;;
fbd854c72c1d9280a6e30d3fbb2fc07b;;;;;;
df96b0f643596bb251806bb8b78b0555;;;;;;
b31ef1fa56cf687589ffa19c06fd6773;;;;;;
d4bc4e5c22c3a46dc57c92936bcb71cf;;;;;;
8bb4202016ecb4a5fe376808624399ae;;;;;;
6fd138bbcc75bd4889d3b99cdac26e15;;;;;;
c14b60eee710d1a7535cf837af989851;;;;;;
3d32f807f0a068037ca73a934443227f;;;;;;
f1f86bfc0b58e39f209a7de6bd8bc076;;;;;;
a688ca9f9d9b210e2eceacb681bb5bdb;;;;;;
59f21a5ca8c94fc66003cf30b38f76a4;;;;;;
2ca06dacb52c0818957bf1584e4ab139;;;;;;
84dad1009fc16d4cbe6cfa6a5a51e49a;;;;;;
00ca341842ffd0a59e209a8d1f838f63;;;;;;
09161c4a6b9b296954c32c8bcf50494d;;;;;;
ab261ac280667574559e17f6a60620e4;;;;;;
9a72e98b229b24e8c9ee0b0ffeaa3287;;;;;;
56110c1069ce85845beb62e060b40108;;;;;;
a460959492fba6c6e395867073d250a6;;;;;;
cf82325b40d82fdad9fa58e4202c06a0;;;;;;
a47a153c8ae869e8c31789524e73505e;;;;;;
f9d5f96bb7e30cb9bcd74bd631401576;;;;;;
6cb0baa219c57335eda9f8587689d596;;;;;;
d17d94be16c7ba4360b4b4e585b51ef1;;;;;;
31059b7e2ce7597d1df78bf24e927423;;;;;;
5720ba4e7a3e2ec66930156a4efb8eb6;;;;;;
8b447a9bfbfe52cdf52bcc977bd5d9d2;;;;;;
65c7dabef9d7c85e5d5729baeda0eeb7;;;;;;
a182c3df44efe75d4a75babebb6f5db0;;;;;;
addee87b47e6f93118151a468768a922;;;;;;
b27c2c60ceda99edeff833257e58d45e;;;;;;
98342e358bd203e42ec051fede9d1779;;;;;;
64a307bc185a658b0a8f08e953b07993;;;;;;
4ac4ec66b63cdd0b5e69148c593bd620;;;;;;
cf393f8bed8c3acf051367c04ad3d2d8;;;;;;
bfc10898b1d63fb2851ef69b97ba9941;;;;;;
456bc72de291135d3a3a623a24bbfa53;;;;;;
ad2b17080cb2a4edba90c021cb752950;;;;;;
37a4862f711e70159960d0004892b774;;;;;;
17749e98438c088b5fb956a17867ae6e;;;;;;
1692573ab5f8e22b3b9059346cc2b4a7;;;;;;
42cd25dad9b4cc517a06d95757c7b504;;;;;;
33fdd5e112a3d607ab37bc6e32485479;;;;;;
22052173aeb200995f55bd5d075a31e8;;;;;;
a872ab8d548004bbe7d34a7778150b25;;;;;;
5f36e72893ca960e572f93115437e210;;;;;;
010849ebb27f9f90545a90b0205b61ae;;;;;;
f111400119e99cda3bf0bfcfb45027f1;;;;;;
87f6c9875c3828eb927b5ea1d7216824;;;;;;
f0b60af5959e938d472b43844fa29393;;;;;;
84a713e3cf82f0f6e0205496b22b5a57;;;;;;
e02a56ba5a09f6004ee0b84f84355b13;;;;;;
e1d0f96d45ca2a01863c0f3a4dea41fd;;;;;;
61f45337abd3466580a995fd0e012aca;;;;;;
a0eb4dcb265bac2251a1db64378215a0;;;;;;
c385e772ffed46f5fde621e16bdd1522;;;;;;
f85b8fff80a61b73d4ec6d7153c6f78a;;;;;;
1689fbcfe7f89b865a54c8815676586b;;;;;;
7b15a0452cddf9c972ecafdb579d1445;;;;;;
494ddabd7a344f3057a2a1fbc4d7c586;;;;;;
939c29f4ee42fd53846f92ed558b5d47;;;;;;
20af594d88ed23c3474fa05e816056a9;;;;;;
0061d59f72f315bbf1b8c4deadd2ae18;;;;;;
8fb29a3f325dd8338ff6c6e3d32cd651;;;;;;
aa1d4d13ebd0794a4890f5fb86e69ccb;;;;;;
a186748686a5421498f0de1caa88269e;;;;;;
3f5d013b9616488fc79cd40890a6a950;;;;;;
b57653f92750e65be3cfa8b26f1dcfbc;;;;;;
718b6e450376eb81f726e54e0f6f33af;;;;;;
64f97cebf23f8d223486ccbce22539ee;;;;;;
9bda7beb5d25dfe834c26ad395fdf74b;;;;;;
bf46902d78b9bff183c2a2cd6f5f8443;;;;;;
7e8b300044f2f7c9d48f5456352f1c57;;;;;;
fec4c6faa1f6b3f4e199b8dc5930acba;;;;;;
2fe218979f7c02a8c5d744b71b290e44;;;;;;
5da552bb3522afb0921f338dac2c87bc;;;;;;
c51ae46b30983e304c7ebc89115fcfa7;;;;;;
5ebe8146bf1ca406b95cae09405d269b;;;;;;
eadfa3e5559d3be43f6fc3c447e7c231;;;;;;
d078f3db8950f8b76d700c0109348bc2;;;;;;
21d837fdcae27b837a3380b4b69ce8f5;;;;;;
9a148717c8e18081f2595a27572dfe5e;;;;;;
2756dfcfbc0797324dfccffd1c672bea;;;;;;
6cf1833dc9281077b734b9a225d20f60;;;;;;
82cbd8e2fe27d8b1468316740be8520b;;;;;;
0f6f77c24e78a45d49cac02918e47a30;;;;;;
0824f16f4caa5afdb5885d1f0b6b2246;;;;;;
31189ca91637e8d0833ed53cca29116e;;;;;;
a8cbdc7e39e8f3e9f3b119014e34a8cc;;;;;;
c4f8f4d6838ea544b49d8ae5fedcc2f8;;;;;;
5048f3e66c50fad8c09e20867359511f;;;;;;
7eaf1d2d9874a8ea4253320fd3af7315;;;;;;
a7d42111ba182cb9e4aa1ac5d871ace8;;;;;;
1108c7482dfb66917d1439e325b8bf63;;;;;;
db4cb35cca8d43347259b5ae62c1b95a;;;;;;
eb78821f836aa160ff9c63f10e9080d8;;;;;;
0d6da5c34e849e16554b4f4d61f76f60;;;;;;
6104d285f1a2686bbb0e807980e3124e;;;;;;
2b83aa7e8ee330e1c4bde7d10c232d62;;;;;;
b5bdee69037b422d83dab187918a793b;;;;;;
3e32db80a26a965cca5ea685452efa79;;;;;;
951945955d5bba476a5aadb0f83b6070;;;;;;
60fe72647202066c6d0773c7466fbf80;;;;;;
7b9d3c6308aa7b039381774532b9fc5f;;;;;;
d5b1ce408f0f25e9f73d4a1f5adf2af0;;;;;;
1f3c59cf6ee23e20c9ac28f28f7082b6;;;;;;
bd0a00ca31f5ad49ea53c022c3939d54;;;;;;
c107ccc678f8af5d4a099824f4c5422c;;;;;;
9052e3edddc0d9c77d6feea3396c8ffe;;;;;;
129d01a88b8ae779190c403001e78a41;;;;;;
daaab6e7f484339f1399144834ab91b7;;;;;;
dd55569536a5c8bf2520d33349984b80;;;;;;
d0f61610c0edc674f3aecf33d14f14be;;;;;;
1325b5501af6259f0b061af6cd5a1029;;;;;;
83a34188a2f015aefaa840931a7a7f8b;;;;;;
63a193aa419631762646348c809635df;;;;;;
3dcb1f2fc3300505d58570dcc311d10a;;;;;;
521a0a2c0d5d139667546629279f7f90;;;;;;
d013cb05002271ca513655a3afd59f3c;;;;;;
363b3d351bede5b5b34fafa973251f1d;;;;;;
7ddbc443e48574cac68b10c540ca2838;;;;;;
fb339693421b67e32b8dd1c06204a703;;;;;;
38d53ee8c366abf8cf6ac73e5cb70cc6;;;;;;
4ef7ce046a5483e11e0de7146fa118df;;;;;;
f54e72fe6ab04f54739e451afa0aac43;;;;;;
a7c4731248a4458d9044bc36b1a866e4;;;;;;
92c2e9fdf57ccefb060f0ee56ada6c0a;;;;;;
f9caa81fcfd4f8bca27eb6231b679eff;;;;;;
5db54a296326fa7b3f3ad6740f48086c;;;;;;
666af3f6cc0007f1c3586a73028d5ac8;;;;;;
aea26deb9a1110183b4f7ed3c4150d24;;;;;;
84febc2c49f06b3f359cfe07859d660d;;;;;;
cdaff4c4b01b952bf764fa9b177d1555;;;;;;
e164d4a0ab6c551b7a0ae72c810b5112;;;;;;
debd2d46bd8361d20f97df4c7db2aba3;;;;;;
e9a487df79a1a89c051eaea1ada2430e;;;;;;
5747c5ef124dd647ddf92a916107b740;;;;;;
aefa46a59db9cc6e6e94f4846eac5e95;;;;;;
2d05fc780ca0084243c3682782d320f1;;;;;;
f66c3848855089937b028c27cdc8c514;;;;;;
284ef74966b5168e3c28196f3b5e76a4;;;;;;
7896f7a288e3c6053d2e74e0acef7e0b;;;;;;
d1c76741f632303847defe75fc262f86;;;;;;
41a41f8fb8aeb33b3d1d6e6940ebb52b;;;;;;
a434c0cd6ccd3ba68fa0f12e5e73670b;;;;;;
d187028cc07549d9d0bdab92228ccd36;;;;;;
5074e07e438cd928903bfacf72d283e6;;;;;;
5f896c9969b62c13e89b84107d0206dc;;;;;;
fb676a9e00ee0da0628fa3001dbdc5f2;;;;;;
974f69cdd32680bffca5b068d02e9b61;;;;;;
c6d9f06c5df23ce01b8c710d5379276c;;;;;;
8273f44c15783f7e49814eb8d2b014df;;;;;;
806adfc57717bf42d2dd1cd7c42208ea;;;;;;
237688bb4240ca005d29e13acb0ace21;;;;;;
9f7855ba21024ea5de57f50680f6b7bd;;;;;;
9254be2d0f49e106becd899e1408819c;;;;;;
0f924d2c9272f00babb36fc90d695e0a;;;;;;
e0d9d5348fa80c594cb46466fbbdc4c0;;;;;;
02302fe22d3ea71ae4a700011de0dddf;;;;;;
28b8259b53649f87040b097fd9521acf;;;;;;
6fa32d9b16e852f9ef9d6f1a7cbddd13;;;;;;
a4e019eaa3b6b0b80a1a4a08cdd04321;;;;;;
c12c248e7c93a2d49e432c3d078c15af;;;;;;
2c563cfe7623c907c84fceb73c8d96c7;;;;;;
d442926d488a98734310a7ca53071e16;;;;;;
41b2a8e3f010368f493db864d0927b72;;;;;;
fd1cfb79fec9a0e301c26dd30c06c541;;;;;;
d6479c5e9a4762d87d6225964c9b8ca3;;;;;;
eebf3d3204488571c18f85cb3ca868ad;;;;;;
bb9af984e2f1db0b39dbb36b60ec53a5;;;;;;
e447703ae8fd6bfc07405be789e9a679;;;;;;
f857089b8429561af8942c1b352cd7df;;;;;;
1292a458de0a4df057fbea2a81d56f94;;;;;;
1668a9941739747b1d09b452054ee90e;;;;;;
803794708272e4a10f9994a05f4e98cd;;;;;;
f5c9a18b804c279d051119ed706899d0;;;;;;
29546976899274d1c4bb15215c41b14f;;;;;;
dd06fac00f63cb10175f6b1c92a699ec;;;;;;
956e924df05d2b167decf7186fd8ab1b;;;;;;
2c2364c5c8bb6971af867b3deaeaa0d8;;;;;;
f216d6071397c44aa0fd18766417b112;;;;;;
29aae98f76fb89f80dee451b76b3cb64;;;;;;
e66726ed3337997393afcbaf27d8a4de;;;;;;
cae2cf95c45542859ab2ba76d8e9a358;;;;;;
0cf3faac2bf21acca11aaefb0773c5e1;;;;;;
b22348ffe425ac5b22aeca8eb0696dcd;;;;;;
6e043c8862fa1a81b48f3e66e728b0fc;;;;;;
70efb0407ba59ac2c281063e2c91c76e;;;;;;
7086b44844b5f411f89cd3b1075317e5;;;;;;
ca947e4c1a3102e2e7bfedcf1254c60d;;;;;;
f2390e2b6954f8689992ae76b1476d6a;;;;;;
4b852526487a69aecc47e08c1f2b63eb;;;;;;
756ffce1fabe69f4874eb1f84d15b89b;;;;;;
a3b3b0979536ec41d29d31a745944d5f;;;;;;
ff058446c1b592cb1fc63205bb5d5871;;;;;;
daba0d7e7fdd298f14128e3cb65c1f3b;;;;;;
9c9cc885bd4e07de0864ba7ce07241b8;;;;;;
cc129e7fe2689a1e343282f9144021a5;;;;;;
c56590ab476da1209ea54fc08d3d9f3d;;;;;;
2cf90f22ae3cc8fe98882f83dea045d9;;;;;;
c5e03049b2945c9fde79c522fac3319a;;;;;;
d3e507088ea0ba0a67c9075cce43e2f4;;;;;;
2accec0278dc39a0e89932a7583e640a;;;;;;
5b67665d0ff743fadf2f3ad43d934baf;;;;;;
074ebfab4717cf1d4a560d543e63c8c8;;;;;;
57c11516abfb293c140ddc2248204ae7;;;;;;
e89519ec7e61250bfdc2db30e738183c;;;;;;
ea2fe6de49893cfd805f73164f155761;;;;;;
9631ea9077857ecd20679e5f35c2f928;;;;;;
ea0fbe63287512932ea49bb8cd7356dc;;;;;;
3a1bf52f7e23ae824e9dde4ac330cd29;;;;;;
563fbc6a09609751220c75f52d0a687d;;;;;;
fc834ec22712ea761bc29841b9de6950;;;;;;
4ef397a325086dc2cb7cc9bc54960804;;;;;;
a799d2ea5a65b02417fd236cdc46b307;;;;;;
d927168865b7329911e9f49a285b472b;;;;;;
59de0916b1e972bb3528a173b630a390;;;;;;
90370c379a0c08931997299ecd152699;;;;;;
f4f9c21f312b1a0c3a26e06a382ea94f;;;;;;
5559fde6302f10cf78107c6ef091017d;;;;;;
734e76a50a6ff0b34be4f49c79736074;;;;;;
3ddf17d62f2deb7ed18be270a33527c1;;;;;;
d506c01aaf8f01bc96b5a92ae560c4f9;;;;;;
3f54fc3ede61f9c29340c4376244092c;;;;;;
0cc8e455c6fc6276f7640064c4f6441d;;;;;;
bafd215fbc9de376f1aa99dae48d8d7a;;;;;;
66c8561bd451cd0c3b331dc79f07800a;;;;;;
d655f99a6326ba1d4f78b001d6250052;;;;;;
d92656737b1075994797b984696bfa28;;;;;;
70348a6f7e5ddda074c8cdca0b61169c;;;;;;
463d90089fc3d3197dc6112006ce279c;;;;;;
2ae51cdb1545695ef6c5d4d95238099e;;;;;;
9323142a467eb4328a6eefcfdd4ceedd;;;;;;
9bd72ae02594dcd33fbaba9db362f013;;;;;;
73ea9c8ef1a943c09c25b872e7c2abce;;;;;;
b507bdfcd6a9ad5f3ea1572f6f0ea4c2;;;;;;
111339e07481fbad5cf0f0621dbe1360;;;;;;
debfde63e6cef97f306371bd0330abf0;;;;;;
bfa50e54d6fab6365524a1936f882e40;;;;;;
edc326c4abdaf31df7142f9c67a24cb9;;;;;;
de7134acb9cf70e3205055ef49d38ce6;;;;;;
55043f78fa0185e489362c7c0676b5ab;;;;;;
a7ae5834bdeccb5eb1610d050df4367a;;;;;;
cf4906d03c28041521ba8436984a54db;;;;;;
64bbedd8f928e7619c56804f89326148;;;;;;
3bbe14dba8e9b089e36fa2c6eadf09fb;;;;;;
d38eec3a8dc54a892e198e82568c9752;;;;;;
5ee5764230e8c86db52e1131fe5eb7ac;;;;;;
4f92ce40f4404f5da22bc79c22707348;;;;;;
80168b31792aed8dc6541e912c69800a;;;;;;
04f9e907ad8ea12ca7b95db2fb1603a3;;;;;;
c1ac95946dec2fe623420e2df8d4a90c;;;;;;
221c187b73376827502261db104f29d0;;;;;;
e3db72d064987a2a76d3ab9564f6f648;;;;;;
b0e3e6161cb4e05ca0dfa348c730d5c9;;;;;;
5a53d88463c6d11936cdad5409c36d08;;;;;;
e446b13afdcb634590a098d2589e09b9;;;;;;
949ddec0e3a7c2e21a32b850a1de1e68;;;;;;
9fb98dddc8f06d899e56e6bea7736f2a;;;;;;
c61bc08868f33da7cdb79a8827d60162;;;;;;
a7a390122653c492731e07b9249827f9;;;;;;
901a39edc7d25c8b5a20944ac377bb34;;;;;;
c2ae8473e83090c1d86d9084dc64bd78;;;;;;
9f401e4ad36db0c47c469741b2305aa0;;;;;;
2a38901a742333632310d181e42adc63;;;;;;
c73135e3dd3939f4281caa4c5d72a3e2;;;;;;
df82f13acdfae3dcb9fa3d57736c2a84;;;;;;
05e815b903c8b5af0fd06a832a80a739;;;;;;
9a587097fc6dfe617929105080a13365;;;;;;
6522597c056c04165dad2a23ce74814f;;;;;;
fa4b10bb3db59de00c3cc9a50d9c18e9;;;;;;
eab108183a909985a94756a0ef830202;;;;;;
4eb51fda37282e94847ed3d8657e871d;;;;;;
07d708ec4ef8346e55dc0e10f59d6ff3;;;;;;
967c305182b642e5e7531b5b60eda9a4;;;;;;
91f378620c14600ea222383219199312;;;;;;
794d40ca73dae8c88f944d1022fa1b21;;;;;;
447805764b98d8a0e0a6b945a3eeacd0;;;;;;
392067810bc70367c8222c1b56d338d6;;;;;;
764577553125f02b1c1b95b356d1bb5c;;;;;;
cdf7851755c47ba98aef3224430bb740;;;;;;
86f39a5a51e1ee7a6b542f41d1c8b749;;;;;;
0e7385795e3cc0f05ee29135c87b32c3;;;;;;
c0ba478a17dd42e08c4d728aa012389f;;;;;;
d6ffddd0cdb5238c1d671f44af90184d;;;;;;
1b75d7ece4ffe7d530a193ee0e0f746a;;;;;;
0ebc546d796afb37ff4adef3fdce7c2b;;;;;;
579288a2fee88cd2c97ee7ac5060d8f1;;;;;;
c47c4f07dedc132fe7a3022032d350a5;;;;;;
df37ee1eb9177c0f2f6d0913e0a0594a;;;;;;
9f66b0137f4108d2a8569d7a5f1bca8b;;;;;;
06ef2da3d40ce6ae265b0bcd421b01e1;;;;;;
b986c3f68e36eb06a11ff69991370c73;;;;;;
dfb24da6d2bf0f041b884bba0fcdddc2;;;;;;
5dd592a6a47d30871f0a1c23c2664de8;;;;;;
f8900159cbcc847766ee2af9eb124385;;;;;;
a4e1ff36f72e7ef09ca42c3a9ed2a8fc;;;;;;
b731c1f0ce6d3fdfc06b8b300baeb4df;;;;;;
872b2940c2d7f6e9df68e78b21f67964;;;;;;
bf541b34d0703c9048f758c347a4d5ce;;;;;;
5a7e2bfdeb20a2886c461c283d3d4fea;;;;;;
5755649dc0f8137633c23511efb99098;;;;;;
2c8960f1e3b07e09a593f12edfefad78;;;;;;
025a26fad493edfbb9a90079227f4139;;;;;;
261f8bacab43f1e11db1365a662542b8;;;;;;
55c5058e3497a7ee8bb49d22482290a3;;;;;;
ce6a1a0e70a794c0bfeffbbf27062421;;;;;;
d58b9f729f34233d10d2484ab5b0dfa9;;;;;;
20bf6ee091313af9b0e568424d3b87bf;;;;;;
35f3520c119add2d4e929c00640c3720;;;;;;
3e550c5ddb7ff36def1276f522c2c94f;;;;;;
c13fde5f466ed1f76a082d9a6d2138b5;;;;;;
90c7d986abfaae25b397963b4e2059ff;;;;;;
638d140ec89e6690c31c328768960fa0;;;;;;
84f307426a6922c655db9feefb482402;;;;;;
a3471ddfe2902cd968e45d41324cc7aa;;;;;;
f5e2fc79d1eb8c7fd117e0f1b903b8a8;;;;;;
527ee5529e5cfd04f0aa0672b3a581e0;;;;;;
e96396cedbaa46d1ca9e97b3212f1ebc;;;;;;
b4e1ce9339816abd3c01d28a0e65a314;;;;;;
29ac89a8551054569cd78783b869b14f;;;;;;
963d0aec6a5be2702fcda6228b1de7cd;;;;;;
724bd818138729d55f456754fca1f17a;;;;;;
54f0259225e4eb6864b9b7fbb44cee28;;;;;;
147a5833777fc890e19577b03a69bd82;;;;;;
b7ab1c99673228aaf4e404514d85cfa8;;;;;;
14326e84167d84a74c3969cb116f96ac;;;;;;
71c719c59ee552f10c73aeba11c0f022;;;;;;
57b5bfadb3c003846aedb4ab743f8554;;;;;;
fe0d0ca8072a12f56e42b296cb3ea0ce;;;;;;
3a4a06124b04f4a173f5cb89ca9f5f1b;;;;;;
46377080588545f1e3e218daa56767d2;;;;;;
4f5022cf09bdb579194d16a68bf9d4fd;;;;;;
5a53bb6e6e82572183994f1d6780b06e;;;;;;
a31e62211dc28c7fe418d5830bf2d577;;;;;;
bc68ed4a0471f0189dfbeeb38a381a61;;;;;;
b303eacc1cc47faefe32f2dbcf4e7237;;;;;;
4e12d6af6dbef3b2d186d6f589071a11;;;;;;
4ca1d271ee127a8177abb0c767c61ed8;;;;;;
521e89d15cf8b4e8cfefda73b08c00c6;;;;;;
576db5a028a6e6bf0a02356f1b7d428c;;;;;;
dfaa3ba17c6d8aeb7ab1e306b954c69f;;;;;;
53c57b7415af3c12ff5c5ee1d15434af;;;;;;
31f06aeb6f6e37e3a7626ee992ef4d2b;;;;;;
94a446fa1bcb99d96c39d6501aaf6740;;;;;;
d79c7a13968001b312ae27acc48f9bd8;;;;;;
36ba2a8632c37b360c933bc78bbec9ac;;;;;;
155da5847e4404b92c01b7313000ac55;;;;;;
17366c1054d4a969581e642a5cef3aa7;;;;;;
c83a1aa716e60c1a5144938340ee3daf;;;;;;
310471a2f8de99d02cf757569fab720c;;;;;;
42d834433b30bcfd236d8fe71522612b;;;;;;
ba6c368e25bff4729c923b89d59267ad;;;;;;
2cfdbeab0beae56fa9d4cf04151b50ca;;;;;;
c953c35e96783d2e1590ac3c8805f6fb;;;;;;
582a04f1eeb8c41d14ec45d180046744;;;;;;
542ef909097a993fb69d64e278e5609c;;;;;;
e8090e2f25bc63f5250cfd9455d2470b;;;;;;
570289f0135739803ed18cb899323247;;;;;;
c6ddd8d49eafb7df7d366e1dc56d967d;;;;;;
d3555e60409d1b7d9152f593f4833324;;;;;;
aa5125db6cfbdacaa589cfa107defcb5;;;;;;
89f8f198cac2e6bc2260c9a6e158c9c9;;;;;;
97e11cc30e0e173624838feb3807c1ed;;;;;;
bfe6ae2ee075b3523d9c8e5658fae7e6;;;;;;
b2b2ada218e800557dc5af23034d70cc;;;;;;
7a9241c0e545dce2cccb1a97eb5aaeb9;;;;;;
b7eea05f50f2df162b1877f6690dc31d;;;;;;
7266a79b6ed761f4f03667e27bd569d4;;;;;;
ad3361b78294e71e8222644b4153afa4;;;;;;
1f26d16c2b1a4f80691e4a0768a11027;;;;;;
0c581d5b0ee91bdd6168fa77c9bac87e;;;;;;
12ac553ab7edf185e7e86a3558792778;;;;;;
0b94ab1d1d9ae0dd7fef482cda4495ab;;;;;;
64915416991f22100b415f3a2c82630d;;;;;;
02320bf3bfe1b3a584e533e4898aa550;;;;;;
b745b8b5a2cf6d6d46c21cd23117611a;;;;;;
0d7047413d48ce1348cc35bc6aac7644;;;;;;
2089e6fbc000c1774ae445a820882dbb;;;;;;
58faf79f52e820fefc46fcfc2607bdeb;;;;;;
a43ca4adfb5b92e40722f73d06d26f49;;;;;;
112ba5d2e042eaaa86457eae807f73a2;;;;;;
15c7038b567b454fc77cf18e62f8abf5;;;;;;
f60bf496e35844767ddb94579f0d8b20;;;;;;
beeaf2b289df8a1428c170c7e300702b;;;;;;
8fdbf4aa6f54953e513a08a397583d96;;;;;;
1e1fcfd99cced395b2941105969f34a2;;;;;;
173d8182a66a03921fc397840af1f187;;;;;;
697dfc3524ee4161c37f18f86689d1e4;;;;;;
2bfb897772c3f8c6399dfc25dc4cb16b;;;;;;
0fabb20de2ced213e5e0034ba2925da8;;;;;;
f6547d8ab50daf92a86f405005e23424;;;;;;
41e86fcc2063ee6a04a15f486c32c39a;;;;;;
a6b86f7dd7072f85ad95093dd2426253;;;;;;
2ca8742590308856a247941ea728f44c;;;;;;
f9b9212bddc7e52a9c3abbdc93ad9421;;;;;;
18b30ee18cad868494bd5fbf4cc7f836;;;;;;
8a13fcf5fa53fa27f67abc07583e3c0f;;;;;;
5423893ff129f0f8445298b5481f9a8a;;;;;;
a1b8753c452c7d2d8a48b12fbbb42269;;;;;;
c6f647c32c251d5f4290c5af5aecc989;;;;;;
6c7122772423f9ea9e4cb4f9a3abbb55;;;;;;
b851b1c680a763b22456a91d45c6e599;;;;;;
98f052f8a609f4f6a80ccf06c563cb08;;;;;;
b8cff3293ea0089b381ac5961575d813;;;;;;
124cef3db9f32e7b4b846b66af611e39;;;;;;
25ff60a55aaf830d6372fe4139e94696;;;;;;
35b64008001e4c253685a3d832457e06;;;;;;
8843551fb2fa45718fa2166f845faff1;;;;;;
f1cb9f03cab0268f4d7d34775645acf8;;;;;;
66c3999ecdb4a6e2ed1fcd15ef2c7e97;;;;;;
a0a8e58b5bed317be084d55980a0ed6b;;;;;;
15144d653641cbb550bd4453d2dd232e;;;;;;
87b8eb49afd29b2bd534aadac81c8b6f;;;;;;
1aadd2777b1b861aaf598704666c58bd;;;;;;
57a724362859fbd05aabb28c71b23b35;;;;;;
09aec3d5e4a9fee8c2a0e4d06f28f99a;;;;;;
52c48a952635936e7862ddb479800020;;;;;;
1aeffc06cfd3f715bc5401fe3a0f9f61;;;;;;
cbe186b010f72f01be666c9aa8ed8f8e;;;;;;
4fa55490c143aad4e67a5f6edea6c25c;;;;;;
515c6264dea5ad89330ef64c6e66aba3;;;;;;
152096642145cfd005f99c067802aadd;;;;;;
719d8b937dbe1d6ab769a5c072fed9f5;;;;;;
89495bb87ad3797467850d851c373ab3;;;;;;
bbbaf5865622cb7dd20aec8e34c218ff;;;;;;
79da3e535b331d21cd561b81b9fd6f86;;;;;;
b1ae4e89b14e979a6b06531915cb31e9;;;;;;
8ca063e7a3f05a7a8516222c070f3d59;;;;;;
f05a71e103779fbc752366f761feffa9;;;;;;
acce666de0a5a7401546c3b7fea02fd3;;;;;;
b8185d34fb0d99552aebb69305ea025a;;;;;;
5d56c7fcbffea233f5f72ddcb064f667;;;;;;
3da8830b6f95841a97d73aae16df21f9;;;;;;
d2a1d85b696785038fa98c0dfb2853bf;;;;;;
fac2b49a52660bf393bbbb0331898582;;;;;;
53f1197d2383e86ccb5f3f71888053f4;;;;;;
69de755c91e64205be8e058f9051ae63;;;;;;
0a3854acf207a46adf7ed31d0dbe7d57;;;;;;
eb453eff4b7935fe77f0be1cfb35e8cd;;;;;;
a1d507f55630e2c6c88b3577807b2613;;;;;;
31edafd19bcb7da11f7b30456253ff92;;;;;;
947b2013be6589648348c2c274ccd6d5;;;;;;
cb1b35120132787a85772df68615125f;;;;;;
2c6f0d6272d2cfd873d65ae7412d3d71;;;;;;
b4a36115d37bd7591f23019a43512b24;;;;;;
3b0ceb573f9e0d4bda28e0217751acd8;;;;;;
690a39cc87cf2fa2ceede301ec710044;;;;;;
7752a27fa656cdf9bac667d6fb599e5f;;;;;;
33662875bd2542e6426341012af84a8a;;;;;;
5962ea17c5cf35dec4ce22d673910856;;;;;;
8d66b38a6c533f93ab0f15ac224e6f41;;;;;;
dff08159ecd4fcfddea5aa5a89360705;;;;;;
4db4741ee76ebf15c60a08c543e7c572;;;;;;
744482e3b57683024b914b6dc5df776f;;;;;;
d34d683471d6941a36c8f9baefe43f03;;;;;;
b4c1d5636d9283b4f3017ab7575107a4;;;;;;
989d5b197e8b5f91093ca4861eaf0e4e;;;;;;
9453b578f036b1b2e77d8e4dc38871c8;;;;;;
92db4162b8d3b27c0f1c385196ac5cf1;;;;;;
aa5493c18b25c764e860ff5d2b38b1fd;;;;;;
15703fb4791533d8a6e6ad4443d65d78;;;;;;
1228f386dd41297d83a1337360555796;;;;;;
a5ff5ed661c0f564d3c27403785a2730;;;;;;
a471441f80519edf40116a29d16edefa;;;;;;
098639c4f93d3229b1c4740f7f0d2ea2;;;;;;
ea222df842e57863daea9fa6c6a9ef38;;;;;;
a4a82a9f654891b198225edb9f49a772;;;;;;
819baef4117ee1b13c1f212c8a317b91;;;;;;
feb6e42e19b0fd03976512134674b54e;;;;;;
f94b8b765f23df710458a58aadd0707c;;;;;;
bb45f3f4cdf770a52bbc9d26e1d05655;;;;;;
0f792c08ac89c791e68588627bc27cc9;;;;;;
ff2f901a7bd9f8eee9698ddbc27e053c;;;;;;
871a41df7869f7177350f51e107d2f23;;;;;;
bbd84992377a65f5ad5402960f72d6f6;;;;;;
0cef844c0ba59f35e63ad92bb1b0835b;;;;;;
edc401a97c5cb806849f0ed6986ddeca;;;;;;
ad6238b3b0afa0ca616e96ef9cfae269;;;;;;
4dee1aa2a26307bda8c55d5426ce6d3f;;;;;;
8156def879f17339c243ff7d88313618;;;;;;
e0251aa068adc1732f4330c29239b416;;;;;;
1491955d14c1831ab60c225b4fead2fe;;;;;;
1140e763e3566f9ce5d7fd9b17ee05e5;;;;;;
f3ab2972640a2de43937cf53b5a3dd7d;;;;;;
6604c4c5953693eefcdc3d6fd7bab2cf;;;;;;
34b27583bd4e6d2962c34e99bb6a9322;;;;;;
e695093bc56ba72de1eddf7e5baa67a0;;;;;;
eecf98a1baed027a982228bdfc9fc022;;;;;;
5d8661bf518e990c0d5897f0252c347d;;;;;;
f3690d8c3015a712d363cba056696f83;;;;;;
aebca1258001a13d5fea1545b998e4dd;;;;;;
24c7dce653751344d46e510601b8752d;;;;;;
b237f9cb1b1f4b2c4b95800b01cc4a1e;;;;;;
a5dc55d7e18b41948cda8ef59d74fba5;;;;;;
083d877da4477412c3aeec0fd69857b7;;;;;;
54d2e0c1368fa228a08bca23793ae1aa;;;;;;
ba5c3f999ec2d9c30b1ea76353f5d3e5;;;;;;
af1b701b25df548616d910995cc5a498;;;;;;
65062ca39c7151fc5185957db7b45974;;;;;;
44c18a5ad0fa7406917e0bf3d0ea7a30;;;;;;
741359ce63638ced2b031c8029c99ef7;;;;;;
d36e8af2cc7f60826526c561fb62255f;;;;;;
5dac3c8d70937791131c5c2841397adc;;;;;;
e9e030b0c988add98fca687b5a535c18;;;;;;
7c5c52982d030502c112ca3704fc57dc;;;;;;
ae84bb67b9e97408916fe41618d65ad4;;;;;;
1a508729b476f6088847645208dc7976;;;;;;
94996421b7b7c709bc28de289ba89e2c;;;;;;
676b868e041601a089d8c5d13643521a;;;;;;
7a7148f7cfa93605f00ed7cfc4d0ba45;;;;;;
aa87cea4ef47e63cf7d473592e841a19;;;;;;
f213ccb4ec6c9ad09499164c32a9cf59;;;;;;
99b1b1f3e651f59869fc3abbb7b9014a;;;;;;
05c5ea9304348b517979dc82066a81d1;;;;;;
2943683e62a9e169f009074dc5e16469;;;;;;
85808acc3376914bdb2c1b43a61e353f;;;;;;
dc3ec8fdd64f85e28bbc5495fb6c252e;;;;;;
2290486444c94c763aa465115a43e190;;;;;;
69da680c0304136a7d5912e7fa256916;;;;;;
13c40c26f98b5be7cefb9b8f2ad3aa60;;;;;;
394b4b7451280fe9bb6e87124d1c4351;;;;;;
d823229abfe9381fd05bfcbb0f48748e;;;;;;
d840fc8c96b88ca2eca049b394197b8e;;;;;;
4c758d5bbac27733809d23b6a619005a;;;;;;
cacf05e069b958e8e68f4b16752ef77d;;;;;;
225bdc0a50b81bf9931293f2972a460f;;;;;;
1e7b71420a8cfc99445fb95be5bd048f;;;;;;
5930154437c2df2b335ec0f95711750e;;;;;;
d6cd4493e7c8540fefe3a84511384089;;;;;;
86fe9ebf4cd1fa2f9429cb87dcd45dd1;;;;;;
b259bdd404e74e170ed65103ea37e10e;;;;;;
d8ae24493f0a6b716edf9dc5c0118d44;;;;;;
050163078cb801a3f4c20e6acf832570;;;;;;
c0a3ba91e6ae10f3b1aea7636cc8c42f;;;;;;
c1b0179777686afacd81b2bd5175d3ba;;;;;;
ea203ab0ccbbf992fbc17fe1c0046d1b;;;;;;
d359f8d87828b023c49f7fe0dfed4dc4;;;;;;
713a985a403032686e1cdb0df525d6df;;;;;;
2e1542bc8fe141385258e7f813517f8e;;;;;;
5b987ddffc42f2679eef1053b995eb03;;;;;;
90e1e2e4883212a4feeabde2b0882c73;;;;;;
6137f6dec19fb24b51be5c73b9b30614;;;;;;
a770a476c57f2d53e82a94066587d6c9;;;;;;
8d0a6d58e37a9e2b3b54fe7cdc5e8633;;;;;;
c4d9641520a12939d11fbbced3a32be9;;;;;;
b8e7fed30f66506f77aaa45e64d47797;;;;;;
1b593c107757429bfe9e764a85e8405b;;;;;;
1a6029a7c0088e0b6133c879cc0b9bf7;;;;;;
29cde7e97583f1a860c913b0ba4bc43a;;;;;;
c0b527154bb32b3c5170e7e3acb3000e;;;;;;
67907bdfc6ac5148eb5aa105e7ab8fbc;;;;;;
de3c68229a4590799de096af640f5f9f;;;;;;
09aaeed36d67f954bd2810f4599bf842;;;;;;
aee004643d1399198e90cc76ace90fc6;;;;;;
17760d7c1a14380274ebff54493029e4;;;;;;
5514b3e3c7bb5f6ca4ad17b7ca9d1cb5;;;;;;
29559555339d142a3d3f367553f0271d;;;;;;
24ded6463e6a623fa6a826b6435be73f;;;;;;
7f1e848704a361f87abf885669355520;;;;;;
ba803e94cd77bee7c2124cf0dc0013da;;;;;;
a381a190622c2ca093d79600ca0fd9cb;;;;;;
c134d0154699be6462ba40eb46e1e275;;;;;;
9b220b973dc70ff2b4b5e3fbe571edff;;;;;;
2df063778858f66145b8103783d60ed9;;;;;;
3d2e84a37e8e12d8786d394bc3d15041;;;;;;
82857e8b06ed2bd6ecd1f50af2cafa5e;;;;;;
da9c9f31f4090d18ca4902ff03820cc3;;;;;;
84cb5cfefa832716d2aab7c61f474a89;;;;;;
336161a7e52e85ee41be28604b4f806e;;;;;;
92ed2ca61e9e42bc6accc2282a415871;;;;;;
b5fe82e73fe5b92977c7a8a6264b3e25;;;;;;
18c88cfabdc489c0c6b205907f16d300;;;;;;
b18cbb9f8cb1b4532013aca6c84f5540;;;;;;
f9d0c3fe1cdcda43087b9b802d5cab3c;;;;;;
8363802942d976b7da4a978863f3fb1c;;;;;;
892bea8bd763a873606330343ee44cf7;;;;;;
560d2d2c4304b1e08eea56606afb972d;;;;;;
91b21512df6fa9b53dad73d24b4abf1d;;;;;;
435d1091f01cc4808a37ab606fa213fc;;;;;;
f659fd9997fb56455ffa626fd01e7454;;;;;;
494b23ae9af458e09ca1b3372b16b6c1;;;;;;
2d6287c3c7a63883e0c48e81491bc6ae;;;;;;
8e24045eb521832d4d53c3b0bf72eaed;;;;;;
18a934861b0373764f7fd7601069dbf4;;;;;;
7c66ef7a4fd6154176f1a7ab71b9c3b3;;;;;;
262b629ea883ac5c4a8dce25e80218c7;;;;;;
bc151b426d845d4cd7583955b20e507a;;;;;;
0f6335f02885abdfc86f463bd601095e;;;;;;
4e81f31b2b45d4d2cd6ca5b8ac4d8872;;;;;;
9bdafd4b196f39f0008673a124930bda;;;;;;
a563192b1521500b0120d9ee50fbce66;;;;;;
c99b758a233ce5a4363f9b1ccd6e8974;;;;;;
df10bf76a9b32cdba09263c8e2ed2a0c;;;;;;
44004ddb350d0958c05fa4fa7995abc7;;;;;;
ea248e502545546fd245b2aa1f26cc1e;;;;;;
99a0381c6f653ea1bc3b73961c367de3;;;;;;
ea2e8cb6db0211072cb100358fa8331a;;;;;;
a137fd181ad23ee1bccbc3490d5c580d;;;;;;
dccabed09c696e3365932549a6e1015b;;;;;;
591292af55f5fea3fab0882f95a55b5b;;;;;;
d42852349ff21d5ec2f1adcd1c7a1c0e;;;;;;
917951f9c7c788e7fcc3a944fbf70a6d;;;;;;
1fee5551ecd46c8381751b576769d9d2;;;;;;
b630864a80d46495c87e595cd75ddc2f;;;;;;
0bb41ddd1b2f69561d3baaea2f7791da;;;;;;
ee91a7fd06c8274a66d25007e15bb6f6;;;;;;
850cfe48f6541f5e7c5e810dbe53ae8a;;;;;;
cfc5cefaf474c741c6a49f8041ee097e;;;;;;
73953d88c54ac63733ac51040396286f;;;;;;
b02d879d5b84fbb4da9c26ed299a7c0c;;;;;;
9b741e12768b307a56fcc79890898f3f;;;;;;
bc985dd59e9dbca52a7185660264a77b;;;;;;
686c407d74035d5d150c27d6d002065d;;;;;;
5ed821492e27097d1198a074d2dcca41;;;;;;
966b0b07cb7ad2b931d303a9b08c33ab;;;;;;
a8f10efb9a23c693f7dbe0fcb0f97a37;;;;;;
5ffe1699fbbcbb2cb694bb0fd53424a5;;;;;;
8041c58627774ed39c39759f2869926a;;;;;;
38d49035dcddeb6d5f799593302044a6;;;;;;
936085f2d413dea2e0536768dd16cd17;;;;;;
a6ef9b0f805b295055dd23e92bef66d0;;;;;;
9501c5b2908f412d17aafc5f08419146;;;;;;
84feab7ea4c391e9908b1dfc4b78010b;;;;;;
8a4ab48b1c69ebb7b89b3c3d907bf7ba;;;;;;
a39f12372df6bf986c13a98dccd2774d;;;;;;
ecc565cd60c8ea1d69a6f2ea57ef03b2;;;;;;
b3ab9a52feacf33632233f907c551238;;;;;;
fb1fb4ea5e05144be1fd5653a76f1d33;;;;;;
d488f37fcf6c3bd9e50c827f65673bc0;;;;;;
856acb8ac311f79e8874f981c3ad3d3d;;;;;;
858e7f9f9adce2fcd26035825bc29982;;;;;;
5e6b2461895b0280354d84e6b4e3ee8f;;;;;;
42f70178ffdcfee155059b837f1270a9;;;;;;
f05b9952a27197ddce61767f88e60585;;;;;;
50f6dfd4b0272d2be9832b21e1424737;;;;;;
0064e6f9ff925cee4698e31449474ccc;;;;;;
728f1257b7366260dab296ca1380aa7e;;;;;;
b568b2cd7abbe5f54736623820663056;;;;;;
cd7e1c74a9e04af4855a20c9b1688b5a;;;;;;
a9e8b083f1a159f3f1baba436bcba358;;;;;;
c44f3c5ce588eba5956f82a684b2c363;;;;;;
b096ce5991f1e6dd703145c2eb7f64f6;;;;;;
832a1f5cff53a0c4c8d04cff901badc1;;;;;;
91248d095bf1311353865d2efb3ac44c;;;;;;
a207f425192a12d365756d3e79b54f8b;;;;;;
b62b7d3289291282537d03b94ec5beee;;;;;;
dc7cd4bf3b335b56929222a73f9744b7;;;;;;
77650be865a31c65044a3aed4ee89733;;;;;;
7b33207c0e2e36d2582178c96940b2a0;;;;;;
80760a7f55bcd2d090e8bcfda732ade9;;;;;;
a6d84077b93b797b396753ee32d32e2c;;;;;;
e5b158034ed7eb0c68f73709022f705f;;;;;;
f5a5e51fdb768ec5b4b715f92cf89247;;;;;;
142e7956cb9d87564426c1e4a0bb7379;;;;;;
1e65156eb9c269b43e422eb4e046aca3;;;;;;
bd93f552a618001809e0faaff6221409;;;;;;
e0851b1650eeba49219bee46974bbcfd;;;;;;
9c6a8588ecf9f68cc0349129ef1fde04;;;;;;
00e02f026f2dea0373bce1ff456d00f8;;;;;;
184e69ab33dcfd1225322f91a0659cb8;;;;;;
83cc08366c3a60e3ccc41f1ba10ffe4f;;;;;;
ae8287289fe1d76cb3c4d4b558aa7cdf;;;;;;
9ba776f1c5ef6bdea1d48aeab9b63437;;;;;;
2acfff0fd60914b4b209b48116fe38cb;;;;;;
26ceb21e912b45f4eb318a6796496f0b;;;;;;
ac127216fe4101a2383be0ce62d0b111;;;;;;
dafd8ea9e4e6c381a81d313ea6b1a711;;;;;;
14810328e893903336ee11dd91bb3333;;;;;;
a4d133bac0b75a8dc9cd13e65c05ca99;;;;;;
269b78617f8e70a3443487850382bd8d;;;;;;
346ecf12a441e00bfefed59a7af7a804;;;;;;
28b4fddf7f67ed115a2d90cdf8e8e392;;;;;;
6007893bdc31fe284a2d35c475e14a1a;;;;;;
3c76c806e6b4ae89137b23b569dbb957;;;;;;
37ca27cc38bff1f95759d2bb7a0ff56b;;;;;;
4e541a417f211b42139a2c64dc732ac9;;;;;;
510ed013dc76e89a2173b4dd4aeadf49;;;;;;
226129e4d6708443b133c89747f777ab;;;;;;
261b3453e158c437b4d46480a9e580bc;;;;;;
5453fe0a07baaa05c33c005b9b254e33;;;;;;
fa6181fa064d98e5f69319d70a2880ab;;;;;;
ee0edefe8d170231f2f4708263de3da2;;;;;;
5a82944a5916f1339fded9b07bff9ebb;;;;;;
fbe30cf212b362b49b9642a3e425b1bb;;;;;;
b006565c80f3eaa5cc0bc0834de4880b;;;;;;
25d70bf317dd99392f158d67e50c095c;;;;;;
fa534cf47894814d48dd9b028290253e;;;;;;
0b018e0ef0bb19d53e81c10c97974bff;;;;;;
408b10a22d6afb592b7d959687697473;;;;;;
74d250f078efbe62d6d44aa3ff23c870;;;;;;
0883742c180600a10006450d2e373560;;;;;;
dca250796f2e0598aa2091b2db74526f;;;;;;
3e9133288970e0561562a14881c98269;;;;;;
9977cf94270b532d791bf535c87cfb17;;;;;;
ed4e233d006011821f7b977c36077710;;;;;;
35e2bc703bbae553e1971fa370af060d;;;;;;
94318713d83d1c3efc26ca8fe055a113;;;;;;
a55b147a4c76bd4744b15070788b2447;;;;;;
b0f584a0b75f1d11891f0cf80bd9b2e9;;;;;;
c26896d97d91cd23136497a32c38eb4a;;;;;;
ff73570e6974b56e243b737974728598;;;;;;
d425c7621de0679c4f9042415f64a47f;;;;;;
96f64575c278c85a1feb88b76b6cb8db;;;;;;
fb61e182c5b7d660e96719909c4615e4;;;;;;
480324bacebd3bf42027ba85e3e19433;;;;;;
cae89493132579cac1410e0de5acfa60;;;;;;
4a09bb4b91ae76f87816da0000dab6d7;;;;;;
37e864b33b645ba1b535a279cb3da627;;;;;;
e144bf18905a348d800549c48135f4b2;;;;;;
d9d79c56f9ca6643dd45d09423cd155b;;;;;;
919fe3bcde9185be37d25635c4a3374d;;;;;;
bb02f365ea83b658144c4bee0c74c2dc;;;;;;
424a14ad8c54ff49b21f5be7322831d4;;;;;;
8ef9fbfe6927a260055ef5f6e97ef7d8;;;;;;
992fd5c2939362c03ce9175fa7d1a1ce;;;;;;
b4cc52a24801f7ba30728464cd6cf5f8;;;;;;
4ad4cff9e1a7064601e867bc8a29c712;;;;;;
7bb8d90a7f33fb916703c1bfba2c8f7b;;;;;;
9cf53338af8655b1e959437e8afeecb2;;;;;;
000370809b49c9c48ebc52bda26ddc4c;;;;;;
ff979c33fdb1888016f65264da8668f9;;;;;;
292913fbcfcd463de395eaa0659f6311;;;;;;
a7716e8b7bcbf6f4e38f32a0702eb2ef;;;;;;
923f6d004af4a5b2a5adc99cd87ec98a;;;;;;
544c242e724d3616675d4d6ffca15433;;;;;;
40f11a77ebcbd4f4f9ce7f7786584d3d;;;;;;
27af26670aecfae29bd4411cf66dccba;;;;;;
4fc5f3f77ad7e4e6dda98792eb232d6e;;;;;;
cfbd1e5f712721b03021faaeb6602e1f;;;;;;
f93e200cd5b288b07a44caeaeb51bba3;;;;;;
01a62a16da44cb00488d3802c7337254;;;;;;
bce08747d0a27cbea8ec205df5722c84;;;;;;
22e8108368f51d9da197c27d5604ca53;;;;;;
390d999e73c08574df21bbe8188f07f4;;;;;;
4a4cf9fc069a64eb3cdd96831af058ff;;;;;;
27e86427902ecd0c96bca978f6a669e6;;;;;;
6bd0fefbd078f496b759b9f869ba7717;;;;;;
5eb8674cf230ef2377a7b0861388632d;;;;;;
d004bdf19653712c3134804718163699;;;;;;
46887d09ec68eb41a2e34795fe9008c2;;;;;;
0ce22750815fe65937eb6daab0ba04ec;;;;;;
8baeedf396edc16d45d1d278f919a224;;;;;;
11adc17fcba03201ccaf3e5427c1684c;;;;;;
a6539e1bffd98ee90169b1db746b754d;;;;;;
344b475495420ed201d2cf8209c38977;;;;;;
49b73dbc10f83bde1a8b9ac853248493;;;;;;
20cc72dac9d6f9c826fd01a55a012ff1;;;;;;
214d5ec95ac5634a19204fbd6f43723d;;;;;;
78b208dfac9c468a7b7071c881a8f3e5;;;;;;
4985b406788961b9ba857ec4cf43cc53;;;;;;
6293b0c12cd6338d128a3155f63893d1;;;;;;
a4bf0c714e4d358d143f84f2a39ad809;;;;;;
7dfb901c0ffa6b234316726a461ebb30;;;;;;
a37971ca9533689a6cd13c8a79812458;;;;;;
b7bb9f260d5fa2ca23158b2856423f31;;;;;;
7c37f2138abf21383602f0b2b0ff8919;;;;;;
658b90f98512e5899469578bb85b90d3;;;;;;
ed3e61cd70e9f430ceaca9097e290f07;;;;;;
ea5fe4c1f828410d413fdbae17f13720;;;;;;
13cb3f34da6af4cfcf75b85ec15fe44d;;;;;;
6793fc58a17561afe76dd0ecda9fb0e4;;;;;;
04e3c0c4757bed84e1448d4edeb2622e;;;;;;
18f202c535cdd90cc813dd0bb4730c1c;;;;;;
b46cc67d14260d8d53d6fc415551f0be;;;;;;
2139905a0f39e712710e016c220a6a1e;;;;;;
d6824259d7702fb407ff55e4493e1686;;;;;;
223e1a9152763ce21399347dcaee1031;;;;;;
662d7bf2e3e8b5a0c27222d3c352fa81;;;;;;
fced489eae4e41d5a711bfa1dd8d52e3;;;;;;
463ad845fc631d24b8faa1acc7386177;;;;;;
a3df71dcde9b7b0f26090bcf312f206f;;;;;;
c0531e284bb7b1678f5d7461f0467e05;;;;;;
8c22e64fb4b48cc4974d5acea742ba26;;;;;;
eeb2ab68c7697d4d3e880734422eef3f;;;;;;
cbdc4cf149e8a47ac8be9b305170512e;;;;;;
d28789930948c7f8b70d75acddc6663b;;;;;;
e86751630a4d97943b8770b836ccdcb1;;;;;;
5d7a29e9f6c13be25a37f1ad21abae4f;;;;;;
e8eab5aeee23b016457cddf577e26526;;;;;;
ebcdc1da181709aeffe1d3f92ed0f412;;;;;;
cb20e0bbe71529640d5374efb4acca4c;;;;;;
f1a27926ae4e53c8ac6a868efd1b4e8f;;;;;;
13ddd66dcb9b132843475cd6d0665a81;;;;;;
1ae276516a1cb6069f512301e3d7cebe;;;;;;
52568f1cf405037b5f61e254b06e1335;;;;;;
792e5ee32f7bcc1c7e487325e79bf9bc;;;;;;
9304221de0128e73d0afac3627fcb3de;;;;;;
6bd0a1618f6ee32ff3444e2f6ee36545;;;;;;
a3c24c6743b009631416bcb1509350ee;;;;;;
548a6bb2356054710cf48db4217bb42c;;;;;;
d9d83bdf48c6e758e69bddae2e0f46cd;;;;;;
9a408641a4acd9d124407faab20fa872;;;;;;
49539dfc4ce0080edd3013e56d71873c;;;;;;
5d2d53031e79815ebb888c5174229e99;;;;;;
fab83af49126c62b1706a9ab33edd137;;;;;;
a32f76ae4d8a674a724951b58ac03546;;;;;;
ab9aec714063f4c43d26e89371e148c8;;;;;;
aba8b78f07894ccfc804d7bad62e920a;;;;;;
ea26f0401b396d055008ae5d3771dc4b;;;;;;
526c4c3c464abfbffc155ecc1388160f;;;;;;
36c477df9b23e74cef3aaf7f27decd2c;;;;;;
d51460ef7907ad4bd0d444d4b2f605aa;;;;;;
7e116e3955ac53a8323697577cb3ccfb;;;;;;
e53edeac320431c1eae231ef929d638e;;;;;;
a73b65f5e6f88996bc164d6c55dbbce9;;;;;;
cc38354866a5c836d1f70f1c55d33871;;;;;;
a5804a55ef716533058d224bb3403e7f;;;;;;
9fafa12662987fa7cdc84353845453bc;;;;;;
eda9fe45e4b6e20ee70836c7a0918461;;;;;;
b46164d7cf666fa14eee39bb4976ada0;;;;;;
30cb4468b66f3ff408fdab5d514f9822;;;;;;
ace66c357d5426d090231da0ab64c80d;;;;;;
02f7bcd929a7c5d60876abb190fc37d7;;;;;;
519db5be3b3804f4ccf16eaad585da5b;;;;;;
954ec41265ebaa216f4406d306a7f3d9;;;;;;
e326706df6dc60c88764b6e5c7afe922;;;;;;
f85f0369d8d5e51eaec15dd299691883;;;;;;
f9a383ace11fc9e090fad8f85ce333f5;;;;;;
ef86519a35599ca9be7f6916aad71465;;;;;;
7f7e82c3a534f5438abe89525eb70562;;;;;;
590e516f15a58a28e3dc14514ed446d1;;;;;;
792152880cab0b8993eb1bbefe4da4cb;;;;;;
b18b034745dd4b5798f1c9fd6d72aa1b;;;;;;
f17fa09fa5317ad3f36efe48046c4002;;;;;;
c3970e7699ef4d9363dbd02dcf61fc3b;;;;;;
3e83cc00d2841cb78f9ffd5136c4ab92;;;;;;
243166eb730cd0328b1ee438748b3ec8;;;;;;
ba9a679f572bf8db6bcfe7f0036a1438;;;;;;
4e6d1e257afec822ca49f3b52a342989;;;;;;
a50cc3cf0ec75f7446390fd533f98e2c;;;;;;
2f1b00deb4a629aa3f6d120157a2752d;;;;;;
a89207703cb9e3ab5336eb812fdff597;;;;;;
76904c677f07ca6f203f349da059deba;;;;;;
a4652af8f1acaab8b6a5822815b58f98;;;;;;
1423290624fff032441cbf5b97cd7582;;;;;;
fe1732efecbfe9760d027382c35545f2;;;;;;
37cdcbda19c609e285b8fb4ab99a6718;;;;;;
d2db63cdbdee9f341d6926f22435674b;;;;;;
1e9a6d9ac4188efc62d5048875dc5962;;;;;;
bee485390f39755d3d8b122ff8fd4ee1;;;;;;
c625fa6daa4a88e39b9e2ee5d4992513;;;;;;
cdef75a3c98aa9f55fdbe2c896029448;;;;;;
a98817794459e80908811724d58954bc;;;;;;
439a739512d4ec829a9eb2a02819e503;;;;;;
12e728998ac59d301d16d868a0cf350a;;;;;;
7986a50999b75ab2e3af42a93ef37546;;;;;;
d7f00867d056bdf4086285c5926757c9;;;;;;
0d0a0c2c8f9ad9d0dbb4210dd4652be0;;;;;;
a55109fcd9ff1f4bffd750b0bff4c307;;;;;;
5cf75a168a3724f58812d446ca1adc94;;;;;;
210788bf027c944f78fb86927b055c2a;;;;;;
4bd6b3a68e35d31a35aab2beb9b65a7b;;;;;;
f3055e4a81d86975906b03c7f7f2d546;;;;;;
df6e54af5a0d2c0eeb6d62f960697f84;;;;;;
df938a47903d89320181138a6d5f359e;;;;;;
9c824425a6e232bb6dc6747a1d1b2e42;;;;;;
ed640d1211cf07eeb63560e3a6ed5305;;;;;;
a352b4c71a6e48e5ab54de4178a3f96e;;;;;;
7e6d9b3040eff1d07bc21a1201f28314;;;;;;
8c8df734a44061e6f3ead92e88988334;;;;;;
f22481b0a66a4bdf07c0f658fb5f9ee9;;;;;;
8ec74ac91762a877377492503f3bd229;;;;;;
ab09a49d230bb77a2e6d950757918ada;;;;;;
a1a438ceac5f59336099d9ffb836b204;;;;;;
4c8eb8fd8d26ea54e5ccd0bcfa7fe998;;;;;;
4a0ce0af6902a652b0958e4636856845;;;;;;
384b35e7a0fb44792e670bc84abe72bc;;;;;;
9f2af86d43bda21e08a105c428ba1930;;;;;;
0336cb6db9a5a611016be63a2963c334;;;;;;
f1de51c0bb307de40649822202952395;;;;;;
00748cc4ae8a50857193f41442195464;;;;;;
fdeb10fbc98669e68fcf62826c7d0ca9;;;;;;
b399ba7dd63810d07fa2cf73c4adc050;;;;;;
5a3c85ac3d9e4e9b7583fe6e1123fe7d;;;;;;
fb9848a487261fa7af773260f7b068fd;;;;;;
27179893ccfe802a24374a6d6f4aeab7;;;;;;
d0a40f673c632fe8a4a1fc1e75c41804;;;;;;
27fdc3e8868455f356632eca9b179ccf;;;;;;
4199e100060c5b676b4d9832539828a3;;;;;;
ebc6e6613bbcace6af1271c28deb9550;;;;;;
461fa1528d01365549a6604bb9e35fc5;;;;;;
79520a573af952d2b4dc377604b85993;;;;;;
a9832fe48570afcaa79e673f7a021418;;;;;;
d11efcca9ccf89cb06f0c38d55588feb;;;;;;
7a8d6e9522f34d98bc0b011ddc8672d4;;;;;;
79a52c76a74b4cf5e77fc3c84d952e04;;;;;;
f1b461a399885de23c8a101c6805a82f;;;;;;
0a381dec9e0d429a25ce3ad24b5acc96;;;;;;
35c709607cbb7e14b578b804e9bb2e35;;;;;;
0652def49299b439ffa31eda8ce69ab0;;;;;;
3310189fbc68adc50df5b931928094aa;;;;;;
70a3af1d03ea80c490e9e96f01f037ea;;;;;;
3bfb2d1f28acbe5c30711b20ab00258e;;;;;;
a243a6659bd0ea792d87ccda0391add6;;;;;;
5ea6ff8b25b435794bbb373401b392b6;;;;;;
bf2eb99698d9571852a866223ce9e82f;;;;;;
945a1b4da88285de908d0bc9bb60279d;;;;;;
3b8d9502d95dcaea3c4d56c27773e266;;;;;;
36d91883c90a31f6adc68344331f85f8;;;;;;
b637121803e9293032a140d7a7a3984d;;;;;;
5ddaa73f2b06c29b9624db5ffb15d134;;;;;;
d5005eedbd3a3161c57ac6f41c6f1334;;;;;;
54505e970915b81ee1adade42633bf2c;;;;;;
f5a25a11b77a37042d2d1dff98d3da41;;;;;;
e52f25319f85f5b1398378e283a82c2d;;;;;;
0e4145bb315154bbf190d419aa354251;;;;;;
2f639ff2b46f9905f3078c75fcfc4f38;;;;;;
5b4d58053eef6575d85b7e47d2982e13;;;;;;
163fe542bdc5cd25b71f9be869da3c42;;;;;;
63069944c4e8479aaa4e506428ee0cfe;;;;;;
aa07280a475e0cddeff5d355f135be87;;;;;;
2d4604753f536a8bb234bdb559e470c6;;;;;;
fb453f1a232e083a1b0f90fcb18f001d;;;;;;
d6c6dcac65381a60bf9bffc014d2f2de;;;;;;
fc48387fa7e531614abe6d70a2a43535;;;;;;
baf4dbb52fc7f7ed5d80020e231ca2ff;;;;;;
4ea604c3150f5ab1f5cd08398334b63f;;;;;;
5d52fbf513e585647d0e4f596e236252;;;;;;
c438c53d457b666c7880a735ccc1e61a;;;;;;
dea5b0a620b25951446290c71c3782dc;;;;;;
f4f9b3bf387e228f9351f4b8ff818973;;;;;;
ab6a0872ecd3f6afed0ef8abc249a70e;;;;;;
c939172e6dec76f952e7bb896ab2c166;;;;;;
d25cb62cf6801e857a4dd3b77ec68048;;;;;;
60479f7a0f06a0c9f418ebe52b1a76a7;;;;;;
c9b2d14b91ba6a71c8c6cbe914533e54;;;;;;
1d0ff02c4ed281289231734370378f07;;;;;;
fba50414c176a87d879a1df317abbffd;;;;;;
844d0b9c53d06d4fb1e572bdd1cf0593;;;;;;
191531e0cba39597f5681568ad1aecd7;;;;;;
8de63f64dde77f4370aec6461213cf97;;;;;;
bdb850b83c9cd1c3aeb60dd801b59c45;;;;;;
eb73fd1994b1d54052f1095ac099de76;;;;;;
180227ca90698e4267ab0a3a8b6201fe;;;;;;
e6382efdf030af613daa4a92f1123a35;;;;;;
0455bf3201fb886df3e500ac01271e7e;;;;;;
ae6ed2d9d14af97000b074b9064ca674;;;;;;
3f6d54c97173895a9dec2b10a19c34ef;;;;;;
d28d1b174edc0ebbfb04fd4535546d72;;;;;;
ec5781e2192bd9f5b3a893290178e540;;;;;;
70e34b122e2887e31b4a61cb044db97c;;;;;;
12cf7f4f4c907ed685f9fadef5bd2edd;;;;;;
384180fd1e5644a01e5b7ab9a45c1823;;;;;;
1db891e4d0a0ed2ecd127c9a7362fac9;;;;;;
c3a25d5d2bbc848cc53618d43e307c77;;;;;;
df864b407f3d5611d8056f3364586a71;;;;;;
641a281250f49d45aaa2d99b35be65d9;;;;;;
e12091d33d315ceb7b9157abfdbadb30;;;;;;
3c7d069b910d09c1db0364ba4e10cc97;;;;;;
4b8423e36329e3ffacc0e4b76568be4a;;;;;;
88c6f3c5f7e98d7e8e8a7e38c49b594f;;;;;;
8b921f0dc97ac40ebd26a88a8e75d698;;;;;;
ca56df5f2403dc84d9eba5761922b4bc;;;;;;
d3f56375a530976aa0753fcec6ff24df;;;;;;
20935909856185b0bd423d8b635d6e1e;;;;;;
f7cead96db745334e6c78dfc1184436f;;;;;;
915480182c1dcdda4ccfdfc7a5099b11;;;;;;
4a9f041de3786f6a0ea8bd7c205110f3;;;;;;
7d32a99498bbf29f9fd1dec79c4ba641;;;;;;
8ebc465b736b38b5127adb2cba2d1f74;;;;;;
a1577c0c3a4b03632303d0e24d57b954;;;;;;
a2b2b4eff7cf02bf0caa093ae8c79ed4;;;;;;
8c80943f4a40092374c017a37863b899;;;;;;
7c6233c1fd793859bf898e749416a151;;;;;;
1d8cc39f5832ed45d7fff0f179c8d944;;;;;;
80f6d23331153a0009515e548cc5cc3b;;;;;;
bffce735ca80ba71900a614184a76be0;;;;;;
fdf5a0f6925d67a2af09b4a2cb93f41b;;;;;;
cdb51ddeb5104362813e85263bd18dbb;;;;;;
fb7ca8b98cb897a8175d465c1a7f022e;;;;;;
e9443c92575658b9e773481cea64a2c2;;;;;;
114fb3710f47aa4d66ccedc38bc6dea0;;;;;;
c8a369f78e06f2f90087dfb1761f9e7d;;;;;;
45ccfc656e1647503754ef453225e784;;;;;;
a0bcca64cc5bbefb761ffa1b051ecdc2;;;;;;
ed5a7d0af124151eb0c9568103135b5c;;;;;;
b907c1988ea52053b28fd078ca70e071;;;;;;
d0d409261109f8f58000cdfcb6dec557;;;;;;
63b0fa19e9089309c93171c07f92b8a4;;;;;;
9d258d3dfc56f21fc07d27fec94d4f9b;;;;;;
bed685ab038a2dbda47b2f8793cd2828;;;;;;
db27ef7efc7eaf7daf81a6fc6da06a9f;;;;;;
270291b973c5fe46db337b4d9498c5f0;;;;;;
96275730a4808487d54965c381787990;;;;;;
b674a2d7f8e31cadde72089051880437;;;;;;
674961e2536da0bfa87b311739ca8e93;;;;;;
104ad6b3b01faec82da6708ccad0d95f;;;;;;
ae43a924231b426c26c6a0a085037ae4;;;;;;
76720b9f2f8b137ab3430bab343603a0;;;;;;
9534aa5d281528ebfbd83774c0921eb4;;;;;;
f25403c0fc7cc557ee78abe4cac39df0;;;;;;
6730d4fd11b1104fd9d1462e8553f8b8;;;;;;
64e2ad578212be79a60d9557b759b72c;;;;;;
e6f9256316988cb6d02da9f68dd2b86c;;;;;;
255fdfa0bc8df3c7142d7d02267f0077;;;;;;
031b15242295e63eee115d18468d3fc0;;;;;;
14c19a1bc71ad858e6ab77624a984312;;;;;;
af82f86c7ce86eecaa05e85abb9ca7f0;;;;;;
5b9391278e7fef42187bf6970570e732;;;;;;
5c0a9b103647667054e1244272f1f7ad;;;;;;
52a0ce17e8e7ee7dcca672777033a2a8;;;;;;
b61c06e3f44ac09ee1a5c564edfed548;;;;;;
d6d897b8ecf084a09b5ca1393bce7e8d;;;;;;
ea94c090fc24ce4ff550fb96a0224248;;;;;;
60c36a42acc66532735d6289f19a5657;;;;;;
d8afe0f17696c98f401477e4e54d69b7;;;;;;
21ba0b63a1654fcd3c23dedc00fb433d;;;;;;
73963d1eefa883e6bb4350159a4c2aea;;;;;;
39d5421d19222760c71c2b996013c8f8;;;;;;
e5614c9f9c3bea2487b544d648cf2c63;;;;;;
b024699d02e4cb865408df0335a51f73;;;;;;
ec80ce94865b152a0fed66c5e4a073a1;;;;;;
1efcdc872da8b19b38c929d5a518ff9c;;;;;;
f8e74959adf9a2d7e33afc58e6596d59;;;;;;
a4df38a18cff841ba5dbb47c74cbd32a;;;;;;
19b504219e7ef06e465cfb06bba53581;;;;;;
5606ca7983da7aa6cd57222622eaaadb;;;;;;
cb22374ce4b704ef91491af56906584a;;;;;;
1501db4b21a3eb372a50257ec746dde7;;;;;;
971bc408f8a752d2fc582d89d13ae1b1;;;;;;
c8b134d02f37ae152268ea865dd9edf8;;;;;;
4a118955592c621a510ee41e597e9666;;;;;;
86f2bc0265f3af388898bff3989da4a1;;;;;;
67285831147c6c5b7239c65ba6a184ee;;;;;;
8be7cc7f5d114795e25ed6c251cb85dd;;;;;;
15f6e1678c3f35a97d734c918f983476;;;;;;
15ab41e526c555c60525453a58cb619b;;;;;;
b781992f9cc5c2a9809a117e6f8b420e;;;;;;
22fa40d3697d1596112da755f55cafea;;;;;;
9f7d662378671229be0ef841a4f31c4e;;;;;;
66bc7ec1fd820d64e6a2a4c18b2d9307;;;;;;
1c51bbd1be9a751ebde2e65c7e2d6fb0;;;;;;
0e5e0a9f1b17faa6bb029400572aa311;;;;;;
bebc050894632f8ff4b1a415766d61b2;;;;;;
b9b70a645b80e3036e8072d9680c29e3;;;;;;
908bb7a916753d2700e4764bcc7d469d;;;;;;
bd6bdf27bee9eb3af4d0d4fdb05bbd41;;;;;;
8b04c3e018c4da8e83cca83eace3593e;;;;;;
cb9cbaf79de58dbd9e2a4f8b1a44f8a7;;;;;;
4979031358d32da2d55c74e3d779010d;;;;;;
be800a2548302da94971880f0156b185;;;;;;
7203a341fcf214d3a6099ee129fedf5f;;;;;;
e391c8c857a12be7110a16b8b7ef4901;;;;;;
080cb3e9e07360a49ff5d949b2eb9178;;;;;;
593bbe9f967163e89f62c915233e4cef;;;;;;
51629dd1fc246d9181a1fcca8b28bebe;;;;;;
9f5581090d237dfa290da4d30bfa0552;;;;;;
ba8cce95ad74e1c43db9cb48ccc6c444;;;;;;
0bb7a8cd54aa17ffebfec01b31cc3f90;;;;;;
b6dca8d7a34b136c2636e704bcb520be;;;;;;
1d50d965a29f119e5aed1ba21c9252f1;;;;;;
9c3d950f7a9cb1a329cbe2296185ee6b;;;;;;
adb88f8e052b2026ea2717c446b6518c;;;;;;
4047cafffe51a09c695d41fb35d295be;;;;;;
e3c598d2aebf078bc17187822fb96f90;;;;;;
9ec8a20c80f5402dd0ca32b9b629c6a1;;;;;;
b959f346efbd08662ad2acb61515c881;;;;;;
981eedb3cd4fc7f09b6b7c5261ec47fb;;;;;;
9d85c8ea4cfc01ebaf15b310bbeb7f89;;;;;;
63afc93048edf7ce9895b1f1a604a98d;;;;;;
5223481f3af6808befcedc2c9a4e6adb;;;;;;
0835d146166b4d7ee66c0f6f910e8c0f;;;;;;
4577911217a43dc00ac8e6981ba489e6;;;;;;
ff457a26a582b8f683e39f3c7cd7a19c;;;;;;
6039aaf433e58eacdccb0f103199ca9d;;;;;;
b59db7db1cfba0430e03e19c36cd5068;;;;;;
6440395b67f830e704e682c7c56ef3fe;;;;;;
d3b25c0d8bd5bf51923eca811a07132b;;;;;;
48e9dd9ac816e5ed030b32347f80c8ab;;;;;;
4b635be6eb15feee52cd356599010582;;;;;;
f48b7f4af83e10084cc08f4fc3e14668;;;;;;
b20c7a1a7d5e57310e41456bbf260669;;;;;;
0cfd39470aad5077886d3c2b80374b34;;;;;;
7355b8adc73151cfb76117d3239980aa;;;;;;
7b36dac181c3c0fdc897c3ae63d6ac17;;;;;;
75e417a48f250c0ab19683aa6bcdf382;;;;;;
814d8f1f64c1b6d686546adfd932a8bf;;;;;;
5ac21f82dae6f34b72c850e55b833d03;;;;;;
0234856e938b49fbb3483cd257982345;;;;;;
b6c6907019d6f38f51c90553f98abebe;;;;;;
ef02d68d386abeb7a868a29d3118f98f;;;;;;
7811cf7b27f7115abf883f9947db2689;;;;;;
622481e72263a7ff876a7112a87f0d9a;;;;;;
8dd973adc375850cb5deb922ba46fe07;;;;;;
19107e3904643dfc626ae585ec2fdd2e;;;;;;
b23030ce3dd8777fe72fddb5328dac00;;;;;;
2d51e6d686511150ba7abccdfc972858;;;;;;
c7d46ec15adf14b2bf8ce88e2cc3ea00;;;;;;
eb562fa53b4be78bf98342cb2cb3422a;;;;;;
b5edd3fe4975bafe021d9d6bd78a2a86;;;;;;
0a9723e0d100877601b33c9607806dfe;;;;;;
bb954fab9265d5061205035cc026028f;;;;;;
bd4e07aaf0dc0fd9a4a8881b5b7b73db;;;;;;
9060797a12efaa967b2f07de5f23bcb1;;;;;;
d35d83dc92dcc6201ef16afc9390054a;;;;;;
794f14c172b89a2c1f6a5c4796b707b4;;;;;;
38b60124ba68d230932522cc25cbf51a;;;;;;
5913664f6e6fd1a30b355037be69496c;;;;;;
c375c2073895694e8a11fdaa7aac0987;;;;;;
af358f6d13227426356513fd9c95f146;;;;;;
986df0a2db5935de777d2044ae5e7819;;;;;;
bf869d10598da32884932b1ff19abd6f;;;;;;
714283a057e88cdf4b08e073d57dad3d;;;;;;
5cd9f8572d8207aa06f3f89636931717;;;;;;
23e38f399b516ed8f33d99f6a3da2b28;;;;;;
eb195cd5cb660fbc7ec0626ee6447e78;;;;;;
32ea1ec4d4418946e5381b9404b438f3;;;;;;
a645a5918d567abe91994e6b947ee671;;;;;;
c53653e1a2690fd9f5f2276cec5679ef;;;;;;
034ab78a770ce05967fd42d215166efd;;;;;;
a894d215fe1fb3630deb6158ebdf92ef;;;;;;
9915c5589878e01743c70e4d567ac179;;;;;;
1bda78ac4ac4d978a1c01133d1267446;;;;;;
1315d5bc5b15d023356043a5d82cbe68;;;;;;
7bc3ee34556405c6a6e12baf33e5b833;;;;;;
ddeb257f79636bb0f271d5ce6aa449ac;;;;;;
b99ca6289d0b8481ab127b05651df2e8;;;;;;
71709c286e653104634548262e69b6c6;;;;;;
efb3b209dd46f11f62cc825c6708e534;;;;;;
435a5d98ec0c2356f57c78c0969f8986;;;;;;
fd371065a3991d4eb80db3fb99c87f0d;;;;;;
caf37f89a70cf484dbb904c7f9c12516;;;;;;
cd64ca6395d232561ef6582e3b79c36f;;;;;;
7b2d7f487bfa8da4879bc87679d54cd7;;;;;;
6250450aab90f593260053d0a9967067;;;;;;
c8641326c951fc4aa626ee747742e964;;;;;;
59a9f5a7be2a774d531c1dd17e3b7f60;;;;;;
80767a63034c4f444a0d9443a695ffe3;;;;;;
6f3c161f3e67d84bc250e0a49494119e;;;;;;
08c29ab07a793efd78358165304c2a54;;;;;;
33d02982e50d3686f8701fa0661d766d;;;;;;
7e85dc7f3665a53ad1eede321170da52;;;;;;
bd7b1cc5a592733dd922b63ed797923d;;;;;;
9cd8ae6d28a060be39cf8772eebfe95b;;;;;;
ca83d9f04422a66cd83f45a5b03810c7;;;;;;
84a2d54cd5a52c9f2575c67c1b9c8ab8;;;;;;
a642ea23c5f28cbb0abf91ceadcb2b09;;;;;;
da77061d3f20c1a77f19a7d1eed9d40a;;;;;;
8370d5b44b808442777c8928b54f7fe1;;;;;;
1e9f2aae864089ecb93022826f4d8b4b;;;;;;
feb7f8f7560dfe5741bbaafb308d243d;;;;;;
0b90e675a8507293c34bf803b630f1c0;;;;;;
ff1f325ed489b3cf8ac2910c82450411;;;;;;
c6ca5f5b48e85a395c63bb87312a94f2;;;;;;
3aa7d722487519d33338ed3977837298;;;;;;
f5aae01df8c0b6d43c0fd29872cd1603;;;;;;
53cb6b939b8bd7d4630279c13bbb7a7c;;;;;;
257b5c78fac6a0eaed286fc012856fc4;;;;;;
0078ee570e84239c0e61e69739d36f05;;;;;;
d23c8a86f756765a52f7b184f8f8703c;;;;;;
b3a8ea5e77e815cf865b24ed9d7f5d2a;;;;;;
6224e3585ecc6137cbc9194bbc115710;;;;;;
fadf5437a9d264e5694d7260f9b81439;;;;;;
940b10a9b272e76a65c1b79e115ea5ad;;;;;;
6142c9ca75f6cbd5afe9551260b5c703;;;;;;
aa50c4524bbbcc3b0e83996ff5d5ec27;;;;;;
6a5499a8ddf0b754d9258858a96b8f41;;;;;;
ff0da74bf4fbea72298e346a304109e7;;;;;;
fca6f2d3783bc1d5159d41aa1e1e7e9a;;;;;;
5832146efc52a869eabcfd88f1bef8f6;;;;;;
746e41b25d855f5d381980831e62ecb7;;;;;;
ea5ddc4134135c81c81296831115950c;;;;;;
a1fdfde51018673b1b84ff9f437106d2;;;;;;
1f6f0ef1db1e1b6c9559b494f43dcc3c;;;;;;
c4047760384837ffd191c1fb58e7f592;;;;;;
d431e574aca2d8018917388b139f9a5f;;;;;;
650bbfe428ab8bdc455db0f4aae3c882;;;;;;
2364323409ae495105c6e15047d8f58a;;;;;;
916cd4ac48aeb61309c805f113c7ea18;;;;;;
620c729ca1814923525a02395a028117;;;;;;
22741da330fe5d5726dd09d69e60ceb9;;;;;;
a79e84e05d1dd4bc1ec2385c3017cc65;;;;;;
9e2aa9fed009525fa5c7bbd04201068c;;;;;;
a865e11c2e6d7b0d46898cc36844cb77;;;;;;
296172500825573bfa86899b769499d3;;;;;;
ae2ed113792f86930c97061d783c0a6d;;;;;;
718e9eeed50fd0fa82b8554a0ea2dfe8;;;;;;
ff710d436930ed7f187a41f4cf34839a;;;;;;
486c2978a188998fcd99086ff546cb20;;;;;;
2b23e1b64ebbb9e8ce4e7d42326aea2b;;;;;;
59ad98b2f219efe65932c72b8c69d05f;;;;;;
ebf50b994fdae0519818a23da4149384;;;;;;
96b70186b90eb28849a85998907f8bc2;;;;;;
9964e2dc01fa435c7651e79e5a660d80;;;;;;
fc688c4bffa2cbdbf26e2681fd31378a;;;;;;
a732e51497af312dab984f2fd91cce0a;;;;;;
8b0044977fb53ff62343ea86b9a2284e;;;;;;
b3ebd40c10a74ba00d8e8cad05a2a127;;;;;;
9e02bf68e2bd7b96f391335a0f0fa58b;;;;;;
df9cb04e9d5c9aea6442296506be6cb6;;;;;;
ffd0ec84586bf77d912f36974b66def5;;;;;;
5511aefe80cbbdc4c35b161ba7b995dc;;;;;;
227a16ab0d664376891cff504b7bc4b9;;;;;;
8146533eef78d6d277d3c0f8b27971c0;;;;;;
152921bdb7e4bb1e0184e2d68b92b298;;;;;;
f6d7f5812fafcfe229ad964bacb5556c;;;;;;
bfcebad795639767d185333f89b08d8c;;;;;;
a299ef87d68c1e1cd323e72ec676b1ad;;;;;;
23cc0fd535957f2e15b7659e12f337f3;;;;;;
0a31b3442beb40a1a3929c0cd69a0efa;;;;;;
966264f51d9834d72a46edeb9ef960b9;;;;;;
a20e1013df4a3a183e5e6812ce0a5697;;;;;;
4ea9c5080170a8510dca7faae11e4a5d;;;;;;
d8eb1ed6b8b06ff59eaf8d7ead66abc0;;;;;;
f1d9f0c6d2094ad58bf928c3f70907c0;;;;;;
30020174abe2a28fca32c77bc7b2903f;;;;;;
c830ab3a0e02c0957a4b941bedec8b6b;;;;;;
2522a7c0ea11d6f01427e348dec44243;;;;;;
9f00c5cfaa0bf8713aea86998b8323e5;;;;;;
a93d010f4868d198ca127de2a959770c;;;;;;
0f779a9a7685f7ddde466da049c4b5f7;;;;;;
180391df5e1572315ad46a766aefa549;;;;;;
721c02c0a75b7f7b6fb5566ff6980631;;;;;;
93acca9fe263b94146c78f9b598d2a28;;;;;;
5b74406c871caaee7b305ae9db443674;;;;;;
62d22003a6106fa0a5b6ae533b20a441;;;;;;
74e871c99a0b2dc14adc6aa7bea6d893;;;;;;
9b08336708d40cb1078265dd4fb7a7ff;;;;;;
08dec27d7722f83d7e12a1e9696be7f9;;;;;;
8111b28d4819f1df804045f4f98d9e03;;;;;;
660e19d8447ff5df4a43435e629eef42;;;;;;
f45358feae7ab7514e24f3036dbb8058;;;;;;
6c6d042d167c14bb28fcfc50d36468bc;;;;;;
9459035b1f29a345f252b9cda8433932;;;;;;
79659ef7522ce268ef438e91a76149f5;;;;;;
6ef69a3141ba91c38b380974e503c4dc;;;;;;
3f00fc35c4479546ba75a2550d3cdfb6;;;;;;
ffb864340e63963b12862ae034030e9d;;;;;;
7fa710f4f5cc0d86bffab0d40899b305;;;;;;
d710a52e785790828ac4dd2c40cb0f56;;;;;;
bdf924c958da44afdd21813f6ed80198;;;;;;
8940a2c44acd2f955786201e0bd793d9;;;;;;
e7927b8c868db5da98f773162cb2eb23;;;;;;
fffc34d0b88bace5cd12897b4c6f960a;;;;;;
d3d4bc7879fddb80c37596da00dfa3a7;;;;;;
b8a379aeeb97cc8fbc32eaf38b7d36c8;;;;;;
48d50bcd7b50dcb6736f914b2c01a7b3;;;;;;
1c6839d7247016e1cffae4b7b1d312d6;;;;;;
a5f42bc591dec7775d5bc10dce61d7fc;;;;;;
3f4429efcf26155990bbfddf46a018ed;;;;;;
1427c0008bc529aad859c0eb3cdc832d;;;;;;
05327e6dd27e4a3d50b96753700d4062;;;;;;
5bed963a707d462c2af96814e61e4581;;;;;;
81a4ee29778830543ea95d0c4ff6dadf;;;;;;
409ee01cd5ad1eb3a9998bccc3bf62a0;;;;;;
38599f7383f203a5d36d40c52f2f8b7c;;;;;;
7d27fd78ac2d1a4a8e0372152afae363;;;;;;
7b9daac2c18c5f688a888f5a20d9fe5b;;;;;;
1a0aeacce8fa9df6075df91dbbd48422;;;;;;
a56706b3001caf6baa315582afedb47c;;;;;;
862f79d1f19ae1cedc90b1e4d827570c;;;;;;
a7cd5a4bddf5d9ad42cc0fc67677e053;;;;;;
b550fbed06c21ae7375a33fb80682167;;;;;;
e506214e75e4d37307579363bc4812cb;;;;;;
fb053905cb8846d7bb53fe9016e2d2e9;;;;;;
fed98e5caac7e635123ecf55c469e249;;;;;;
8633c2966f6904a2df1ec7af71f965b3;;;;;;
cc948821c7910f0fdc4bf19fce89d7cf;;;;;;
9121d24a64d61cd21bc31af04aca01c1;;;;;;
a76fef8edf640935d4dfd1610babe1f4;;;;;;
8cf673a82e498b4d724e953b9f0989ae;;;;;;
9100cd7e8d06791434ee78c6b40ca11a;;;;;;
9ff9934178d5cb23bd2138d94d4a260d;;;;;;
ff4425a336de5cf80d5ce57df8c68a10;;;;;;
496ba8290566f9da84162419db6f034b;;;;;;
237ea5a5ed9eca77492c7c634f4991f0;;;;;;
093e8910aee64d2f31c08381730eb32d;;;;;;
4a922b3d46a4a436e7e860ba28b4d5c4;;;;;;
ab02f75f5dc4f094768f7e24f00e9b7e;;;;;;
0b7a181f60c4411e330d5509fe93353a;;;;;;
f3b627b0597c7a96eab6b816a52e256a;;;;;;
f5668d79837147fcb9b3cb9831145f08;;;;;;
14dce13271eec592551e67ed606328ce;;;;;;
a7bfdd72ec24ca941b2f0c6c25ab0cfd;;;;;;
43f6cba7412460663ddd817aeee23b9d;;;;;;
b29f2842d707b0d6eec6e94429f150ef;;;;;;
7e69bff23f568e97008152aff91af3db;;;;;;
16d5b97c08b0958ee7cb5972c97745e3;;;;;;
3d38ca554e304498f2a6075db7af673a;;;;;;
4c2d260a27a1d5b668e3d2ea6bdd7ab6;;;;;;
5c3bcefaecbf6eb4068116942f88bf45;;;;;;
860e7b23e6928ff5c9cac154916ce36c;;;;;;
834800b5949398225e579703e0b822da;;;;;;
7d095509400e60381e5ea64053e63ab3;;;;;;
a2f92bb2fefdaf24116aa1f50f79c370;;;;;;
2f3e3daaf0e1926e1415f61971d8dc4b;;;;;;
34634c6af509befa2f7bbd0efc1391ec;;;;;;
3b0802a06be148b7f90554a1c2c8e645;;;;;;
3d5888dc3c66c52e35c9bf3d7693cf1f;;;;;;
a6fe4686cc54685edae74e01a5574bc0;;;;;;
c115932889fa39145a162c7a12ba3ea0;;;;;;
1fc3628523a8627ce0ecdcc080c1aaae;;;;;;
e6ecd849ddc56357d1dedaa8c778c5a4;;;;;;
dc01b471bcd5bad5af5a7d2b44635f18;;;;;;
437c58dc76e83f1b1ab2beeebfbea121;;;;;;
4b85d4c4739e331947020d10bf1bc014;;;;;;
daa6fad4f8c741a2087fc8bb8c18a3f1;;;;;;
0d95fe54f6110f99a2a6492b8a7507b8;;;;;;
b1d10abbf8bb1c670bc7738e32ec7fa3;;;;;;
e20f55c7826b4d75ea40978e9723e521;;;;;;
5a78803ff90c577c9c7bfbbb567f7f18;;;;;;
f4b7e731a09f6979ff2f71c8a36b768a;;;;;;
68d9d2e0caf052e957622c9bac87098b;;;;;;
dd5469a4e421d466921941cb988a1b8d;;;;;;
4b5bfcd514cb5fbe6aae97cd36fa92fd;;;;;;
c20cad97df71709f9d0500b9e263af94;;;;;;
cd11788515975980d3cf3a392ea1c425;;;;;;
a45fc64a2755747130d6ea84ee232e9a;;;;;;
bd3211ab5cce951f15b65da1ebd1e5a5;;;;;;
a34df5f25ef4f7a4eca2cc8c276ce712;;;;;;
fc8a13b7391e73547d66f904701abed6;;;;;;
e9002a36a96afd9dbdce62ba0064d9bf;;;;;;
c1698a6a54595bb98f475c84529d2bfe;;;;;;
46fd39cf07e5709f17cf5fd576d04ead;;;;;;
98a2ba6ccba4bbf25e68ee197a18736d;;;;;;
7aed254d1a34fc32b437a0c5375d5a2b;;;;;;
926b8bff58faa910e03eb941d5a76eba;;;;;;
54c43252e41e71ec52a6a6831508e62d;;;;;;
cbf2167b7bae2dea080c2e12c6686a80;;;;;;
ce55858e0d7498f530b36f54f9be711e;;;;;;
9230849ff30e411b4efcdca6db0adc62;;;;;;
198df70ca6389124307b2f6e725f8d06;;;;;;
5ea75ccb83c668bac59777789f6f38ac;;;;;;
55b5b0178de1723d832d8c8d610d275b;;;;;;
fe467b2855dd79e9e1ceddccc2db4d53;;;;;;
a4958a63cfcbde4e408c0e88f0a0a4e8;;;;;;
0bc85acd1660ede0ec3cae72dbabe95c;;;;;;
941e307b8eec83e71f288ae9750cfc6e;;;;;;
d4101cf631a26d7c3ae7603616acc953;;;;;;
c38cbb514dfa8db7c19c765d98027cef;;;;;;
7c220b252d1e6939a0256eb80cca2e4b;;;;;;
588a011bafe6f75fe73a3e987cb2de7f;;;;;;
34112178772a9ec2ec9b38497cf1f567;;;;;;
36c616fb9414d85cff798049e9248d2b;;;;;;
8cf1dc386749190aaabe912e86313412;;;;;;
54d0bdf4802442e4beab9f53820206a4;;;;;;
545048819f4db06ba73b7b19ef68af25;;;;;;
4a6b71d390251ae78de1e047fd21134c;;;;;;
6e346137086415de3184d3c02f0f0b7e;;;;;;
72a9124b7b9f2156099950b048127a99;;;;;;
5be991599c671a66c66e5f3cfd27865d;;;;;;
07b865a3d864de53ab726483cbc91d80;;;;;;
90e9324f25fcd6feb7e26604620b121b;;;;;;
fdc6bb5b668462902ef3e82b3705b99c;;;;;;
13f45d3937df8e3cfe2d29624b314669;;;;;;
04a5f986e37b19c339e1fff4647419e2;;;;;;
c2cde2a7986baaad1209e32dd305b743;;;;;;
f44aa54b10fdac8390eaab43262c6fc2;;;;;;
7f1bd49c28ce9141ba0ee42496a4b8bd;;;;;;
fc39909e7bcb787798145432d423705a;;;;;;
bfe5dca11d084e93f0d2ecc7c6f31ba1;;;;;;
9be3920dc8f86a96de1b83a2470f4db6;;;;;;
c5b2e2104fdb2199208d73372fc075bf;;;;;;
edeb40a50574591411169ccdb6819616;;;;;;
133c19a7ddfd809409f586177d2adf14;;;;;;
7796965147e2281eca18b674a9d366ab;;;;;;
00f19f68e30e3bd0968953af6f08dc06;;;;;;
e6a84ce4990884d770baa3d7f70042e2;;;;;;
f587064eee5de186d389ba145233ab4d;;;;;;
d8fd5c97f580bbf948b0faa757a46429;;;;;;
6de8d38f6c80ac02ed987aade344d4c2;;;;;;
c4541e21fa5c8efac46bba8ea635372c;;;;;;
1a096869c0ee04f87fcef2715b56148d;;;;;;
36b5022f3cfed42af675584cfadb86be;;;;;;
c00597f3a62ae26c9fcfb83818fe7acb;;;;;;
a7e37ea83f52c5ac2d98b8c1d9fbbe2d;;;;;;
b5befa6691e3512bca7c9f0272153178;;;;;;
91db5a850e9d97cfb2aa06870408094d;;;;;;
b9be19da51182f9ee2fe3b4143c7bcdf;;;;;;
4efd930467fac76ce4308f8ea23792fc;;;;;;
5f9c5ad88a38bdfe0b8e97aeb32720a5;;;;;;
b709e286e78fd1c81b65c148076edc64;;;;;;
e7a6011ca4f761041d268c5d57c104f1;;;;;;
0fb1287b555f3a67f584bf1c84f8aa52;;;;;;
f674d1659944c6f04473be9b5d52a722;;;;;;
1af0912a3d078651627b109cb1809d31;;;;;;
5cbc3ffce766d14cc922cada39924422;;;;;;
4a971d81706b4463de22a2e765e338a4;;;;;;
082aa8c63fb8f8ca109a14f88361498f;;;;;;
444bd856b5135a54ffe5df6346bea2f6;;;;;;
0b67bc4bd72045f9e8a1fb92108a2c23;;;;;;
9a3a3a9c043915c6ed54f79b23ba459a;;;;;;
1f3c6092a9d53180d1ed09c3852a92b0;;;;;;
c6d2588c71fdc7a086c8991fbebfab6e;;;;;;
73bbbd0e1f04eb3346866790f93c8891;;;;;;
ad94677ab75838494dc7509d3cbbdc4e;;;;;;
9be6361f6cfa45329071572af193ca39;;;;;;
3a6693dc1567edcaf42cdbbfc222a8a4;;;;;;
d8c0836f3bac27be26030b167294e2d7;;;;;;
4614b3de2bab8275ce728e9c8fe235ed;;;;;;
358179485cc95c9deb54005cd62cb441;;;;;;
ca8ba89565e8474033c7324ba394011c;;;;;;
bab0163f0b25abdafefb810a7e3dca53;;;;;;
388ba5fa75f887d0f24c92cd0c221089;;;;;;
ec3af500c0fae3c657c678088155e446;;;;;;
4f7d577b9a64e32db2dafa598f583642;;;;;;
14912be0022a45945bc83255efcab528;;;;;;
b410beb27a0880e88835b6cee2bc5e19;;;;;;
4bacbb885f3804c1c97c75e0d95b469c;;;;;;
665bcfbfbb087831c1928164339cdd7a;;;;;;
6d47a0b25bc7e5afb6c97d1e19980b4e;;;;;;
08bb63ed453fc592d626e75107996775;;;;;;
51b81986daf2afd594233593aed704d9;;;;;;
28bb5a0847e23685166985028245cbbb;;;;;;
d9c0307c0b1795be3032b7998768f9a1;;;;;;
247bf5c4d4a4d204e2d56199e8f08734;;;;;;
7a2d2f013ae30e278b36539619ed2956;;;;;;
0790aea816c2724981044b0250dbc70f;;;;;;
51c5291374f9064ed3289290f5f5f567;;;;;;
0f13138ca52b7e8e5149ff6df7cd4eab;;;;;;
428d8779e50305083dbb91d7325cadbd;;;;;;
d539e370852ee2350a5e31aca0874c42;;;;;;
caf68317da8f7c3089d4d446df132c59;;;;;;
a71128c6d1ce6088b93ef97e4a987b64;;;;;;
9c5af873764a95c43118917bcc948f46;;;;;;
e4383f5f93173d459c4079e1afe3a97d;;;;;;
0557d0ddc1d2db0c7f087f3a520fe48c;;;;;;
a2ea2e562d6b0eb52b7a1ebd133c1d54;;;;;;
490589928f4e60f28ec1a8d951ab2ff9;;;;;;
55df4e95d4c8c50e1448a4adffb0dadf;;;;;;
376efd8d2ffc3d32a2ca99dc7b0f4109;;;;;;
e36d2e6f197434bea4b3bf7407baa8fd;;;;;;
40f046bdb22637dcf3067d7c1dc7d165;;;;;;
c8e94d939bfa896eb9589d7a3c271dbb;;;;;;
2fd154f79f8bd2195088318906cf2e41;;;;;;
cb640b295a93646e51a4af322bf8ff27;;;;;;
1928545cf7034d6f644acdf5376d63cd;;;;;;
3cd9f1bca880883d0ad2b8370a9ca472;;;;;;
4f3ccdbbba84997c36d8f084d252b238;;;;;;
f22af5c5633959d92145e6d96575c7b7;;;;;;
ef68be3bc152f93f4bb34a12298fbfeb;;;;;;
7632fca34d81aafb9ce44d9a60aa5891;;;;;;
1e6e03f5d4b9324fbb0f5583f599484a;;;;;;
7f24d5601188bf38ff87277b26ba4167;;;;;;
61ca0f911386d9a1554474e76324410b;;;;;;
e50b549d1efe42313176928386ab4820;;;;;;
a61a5866c6f669169b21acd4cb713e35;;;;;;
696fbc237b763fa62a67e9a7bcc5333e;;;;;;
bef229f1f3fa52d96132b05163f502dd;;;;;;
2d85ad463c8b0717f2c8eee8b30f5879;;;;;;
49d82f3b1cb14affbe88c24af970bb9c;;;;;;
a8122a20f5e27d79d795df8b79d53e5d;;;;;;
3da902ceef372eac687d88a21a03be89;;;;;;
197da2d907739af3e79ad42d22529f90;;;;;;
47b1584be81563fd25af45badc890316;;;;;;
5837766fc0b90ed21dbed3cd69d14880;;;;;;
c1ed85828018271e8adaae01f5ef787c;;;;;;
1af88e28469d09174cc8c2fb7e37aa06;;;;;;
d7cdbd2152f2b95f6bbb881c92de9779;;;;;;
8486374d2d9dc2c8ca6dc163a0ecd480;;;;;;
c2b29093f137ad37bbf7b8400f6b4d08;;;;;;
158d2bad900bdc2d177bfbb92a731ad3;;;;;;
a49b29d7a00923f2c149c608d2cddbb8;;;;;;
91402d853d571136e35ba7a646d47444;;;;;;
e6855329aef22a1d502b7aa4268352cf;;;;;;
029c248b8632613074be17c34e4a55a6;;;;;;
5facce411ce1a187d44bcf8192894293;;;;;;
f997b6b621a7f05436fa6637b0f8328b;;;;;;
70ef9128fb972c3600691599d2b3619c;;;;;;
c5c82a6c921d4851998d6fa2ed37b635;;;;;;
2b3659538094829ed61e7126b2349b22;;;;;;
2ee0765662363921bf8d50b805c97268;;;;;;
60a4a866b22f4254498e79bf9edb64eb;;;;;;
5e0fb653ecb395e8dcf7e48601f70c07;;;;;;
084ba06092a573b48fc732a9e3cf5399;;;;;;
ba33ae8fe0f4e0af27ff72e96d11c6bb;;;;;;
45af937bd4c5873daebec4776bd32700;;;;;;
7a6462c31a4f7fb6f3d2e2f561782e62;;;;;;
02fb5fe6ba3b6b3a62f23b703b591131;;;;;;
56da09cc9e2fc4fe0f8615921864b2c2;;;;;;
f41945ab92da7d64e7cf5907c2e0bc5f;;;;;;
f415848810098a34711ea285b9772ac7;;;;;;
6328af66dfee3d13f397d872cbff2f32;;;;;;
e8b282133dd35ec4d6736ecd7674a09a;;;;;;
86c865a61831e35fda8116f74630a907;;;;;;
5a0fbe67501cbb56f20b8aa634d5173f;;;;;;
82a4e59a5f063a2fd020722164b597e1;;;;;;
8145b1782d6b9bf28cf2ee94c6a07336;;;;;;
a0f056fbf66e75d18643749adfab0948;;;;;;
b5cdd0f4a858770fc343b6b1fe2db18d;;;;;;
8a8128810b6d582fd339153370cee7de;;;;;;
bacefe53fdea02ecb7e0be7e506c60db;;;;;;
c0c35dddef0a0bb5bca063d1e35c971a;;;;;;
6ee488cc61b2c2d3aa51d6d31caeda61;;;;;;
cbb5c1ee7a7fd483a150f8d9f20fa4c2;;;;;;
d2e055dbf5fe363acdfee0533d152c35;;;;;;
19b9c1886745843e409c04cc814d6ce4;;;;;;
a7b68357be96e1cd870626f751c0dc19;;;;;;
c4232b40f97c3c56fa123f147e931cff;;;;;;
c196cbe04c944fa13174195291933a54;;;;;;
79928f80e6f1c1867828ef38890f1373;;;;;;
3b7c4a142d6f26440b750d07bce0a858;;;;;;
a0c6ce8608aac21a1d763824add3c578;;;;;;
72bb5d465cb55f3721290ead5dbfa5e6;;;;;;
7369c9f3f0b30c05c2555545270290e7;;;;;;
47bfff6a2643089562f48d0731ca3590;;;;;;
6fdc20cb3c3a94219c878052f6493d69;;;;;;
47a11a3cce4a99367c142be7a063c55c;;;;;;
9f592f7c8198e93c7f12b5de04b8b9aa;;;;;;
b412f5c015c9d85dc40361ddc73cf3aa;;;;;;
1c67efa787f724440ad898c85239ff86;;;;;;
3e184d0378e0667899463c381f23e78c;;;;;;
52349cfab313fdc4d8b1d275a45a6f5a;;;;;;
d5b4e306a0bf658ccaf566b5b77f7aac;;;;;;
0eb4eb6fb888dba8a4eb29f6a1371bee;;;;;;
6f2ca9825f15cca1dc72beca92c74c09;;;;;;
e3872d5062c3108dcd78d0ac58ffce4b;;;;;;
ae3179988f829f631e57c4bf6da67934;;;;;;
18674105241fd71ae750546f9edc3d06;;;;;;
3f758e15168010b0794ac7af799cb23b;;;;;;
1f9378ab0c0fc8eb3c6a2d8dee50eb0c;;;;;;
f3c871a86f78cf2a1f680ee63093e282;;;;;;
bec61064189d67259727d89d3b234a73;;;;;;
b0f7badc4d541562d9e0b2908db360f1;;;;;;
7583e5a91867a993ac7f11a743047eaf;;;;;;
555092667882de269c19a00a2f770164;;;;;;
62acbb6e180ac8b21492a7c898461706;;;;;;
ce7d37aa93ab9ec1d7c8d5115b759450;;;;;;
7ae5c4def840c9d749367d1f35b82bc2;;;;;;
1e3408e4e15e89068b1468d6c86e8aca;;;;;;
ab7df1cd26ff7d3b08e139978010b370;;;;;;
c5a13eb1e96f1a0aadd4fcb552e1b825;;;;;;
5e1775f5d9a0db56fdb5c1bc7166fbbd;;;;;;
bc1443c8d77bed0a5716f1c4e4ef4769;;;;;;
78cdbed81e765183baf7f8de1d03c935;;;;;;
ecc2ed0c3e4555faeb8dfa56cb68a7c6;;;;;;
2c8994eadf0cb2dfb58083a256047679;;;;;;
5339f460432b12ed1986c20ab0d3491a;;;;;;
18419383b711bf3b808eb502d9ff7922;;;;;;
d3929debdc92bae0b8dbe47139590f43;;;;;;
df1f8c76a0f6238de59cd295ec9cf97b;;;;;;
3285297f5e0e3131dad83b60ee245d83;;;;;;
e10847675d9acea19f6f76163f2e928a;;;;;;
182ba02cbeb7fb654f1371cd78c20871;;;;;;
258e91b6edde037e78b54d272cc471af;;;;;;
f53675d9b2b0f15159f3f6cf2cc4b678;;;;;;
280edf99ef93e8700c80eab741e793e7;;;;;;
21e9379a97c171219406e55e099cbe90;;;;;;
92e471f2cb54e36b33c07a2c495f1bc0;;;;;;
46059d2ac368b6fefa8505bf5831cf4d;;;;;;
456e29c25edb5e6abdae6c3726a50b70;;;;;;
539207b7979eedfa8deac9ec6bcc9565;;;;;;
9ee8a2bf8bf70091d35d394e20cca55e;;;;;;
be4e51b3532517d29a72901abfb8c47d;;;;;;
5f0d0f98e60fed1a512cab2b1b805d6d;;;;;;
2a8dd30835d34087b85be71e8daf8e10;;;;;;
c219bf39fccb07ada5a347d1a2c81e3e;;;;;;
c8def26ee9163adfcddd99b0d064954b;;;;;;
80e871a1e6b941a50219b591ca654de3;;;;;;
7e9f950390c1c5c2c3d7aef3889b5965;;;;;;
6f0199edc9c9fe82145f542211e40bae;;;;;;
b445dd980436b7cf5f948d00fb431530;;;;;;
98f0370ddcf21f981c97d4f2bf6cd405;;;;;;
f9930cdfcce70c8273d1aa22812abf80;;;;;;
a91f1250c83ac27c574124c609795d9c;;;;;;
e76729b91948ea4884ba82788e79d68a;;;;;;
0b59a23e41f92597ef9a0d1b77a11875;;;;;;
95d8c71cb6130ab781a1f8993dd3ee6a;;;;;;
63239e3310b7855051498352ca1ccca6;;;;;;
92b5ce186a910f8826c48dcdf5291e79;;;;;;
76cb846472ed592be18bc6a7bbd8463e;;;;;;
cfb2e2769c02263c8e83a993bfa3c4fe;;;;;;
501d6050d7b904419844d0ff99ebe4e2;;;;;;
da881b7aba7c24c06a32d82d3e52e890;;;;;;
9c3a6e596e0f3e5c90fd944246b8077e;;;;;;
d64a4b7f17be19b1c06664e400c247bd;;;;;;
116278f4bf079e77c8d14fefd70621d8;;;;;;
5b107fe4a2e7034bdc1b61805c6ca3a5;;;;;;
349b74ff766dc161c62092a1b4d65c0b;;;;;;
9db64a351dfcdfd00a9a8694ed300bce;;;;;;
ac8a85bd9b1f60d1c925834db30651fe;;;;;;
61adf3645dfc42c5df69b933d65453ee;;;;;;
5e3db22f8d8961334af401801a111338;;;;;;
a9190806529c1c08eeccfa8aa2d60c6e;;;;;;
0e353512f50c389a92e047c0e525c4db;;;;;;
5a0844d344118e10f03fc244cdf503f6;;;;;;
ee954be9edb4a06384b7eebcee1365cf;;;;;;
806518fb67369e127e59af3058fabfea;;;;;;
8be31a9b05b8c26df8e5feb1b8b30814;;;;;;
e9578f11e5b239e63a8f493eeed5b426;;;;;;
a63de4b9025caf43e414111109c18f47;;;;;;
d8e99d10ae343f262664b6f2181712a6;;;;;;
bf8a24603687d9b406324d01f3950d8d;;;;;;
30da2a48ab3e24cf4d2993b28091e1d0;;;;;;
38bc40555aa449baed49bc7a97d7ea46;;;;;;
bf46b49e910a199cece7207f8637d0bd;;;;;;
79ad7687d90d82a2dd5e7a4060ddc397;;;;;;
da52d97c7c0cb9e41d899ce6fea24a3c;;;;;;
c0740efbf0318dbb2be8cdff61780e76;;;;;;
fed350e11ccd45c38ab101d67eb18b04;;;;;;
7943285916f3ece5c01b8e10e1ea27b2;;;;;;
4828044bfbd5ae01fb9b27bb8c0e0f74;;;;;;
6a88aec1d3858c229150a5e893f8c02d;;;;;;
85c40ea07a9fb37852e9fa31c1323bbe;;;;;;
e1e8cd2a1a29606d6ffd476c73ae0a58;;;;;;
74f80c49b8392eb0fddf93d0b051d686;;;;;;
b43da314bd856643e04e18f3af2407ed;;;;;;
eccc40c8a8c63f7e3c2279ac687886ff;;;;;;
f38653104d86a96cd3a181cfd66378fe;;;;;;
84192b8073db388ef308793a32e73477;;;;;;
dbec40f026d9dab52243e0c53322af1d;;;;;;
76832baac0d3f019f61cde1c786cd2d9;;;;;;
5062b99f1aedf40e81880243d35b176a;;;;;;
6d9d9281a00db02464a963df2fe05a7a;;;;;;
eed52e191fb7c471997c140841d6fcf6;;;;;;
9b4eed62686934f5c43adeb1522f9c15;;;;;;
0d3a91df33ed65e69621931571934d5b;;;;;;
25f51889d0c7edd1108435bb58f601f3;;;;;;
dcd535a2cf7ef58c1d4a0135ba7c697e;;;;;;
bc3c04a7e5c43b0329bcb820005876b8;;;;;;
4e27a10ccb708183e1e43a90e63cd9d6;;;;;;
639ba72e3b75336893093664aaaa61f6;;;;;;
5900f8cdc7887b4b09db12c31bbdb5e8;;;;;;
f0a8b68166d0d7d4f3242cdbd966a979;;;;;;
473a975e63013b66e2d2b5f8497bbb2a;;;;;;
9ffe2ba12863faff53a62f778e41c435;;;;;;
8b16b22eaee55000339ffb959106d921;;;;;;
d8a8ba5ff12c61050257fa0aa2254bb2;;;;;;
bfddf729d36fa436a500a0a3e94ed907;;;;;;
dd44896a9a6a518f427fcf3e744ac593;;;;;;
9ec4b1b36d1cbf45d90852aa097f38c7;;;;;;
a3bb8c779c77ef781fc1710b780fc3a5;;;;;;
f3b63914bebab637de2a0be3997a4d41;;;;;;
e28efe78ded4d5eafc3d63390b1c9014;;;;;;
c743ac5004073f82d27352c45a740df0;;;;;;
9ed57077e49d39a6175e859d14b583d9;;;;;;
9ff4195c8c7d08424a52274c03714164;;;;;;
f937995654f7209ebbe69875fd580114;;;;;;
000336fb20389e802b0062bac68e343c;;;;;;
63660a31e7d5d484dc18b1790d724554;;;;;;
3edd70080728d542ba327a0bd62e85c7;;;;;;
42dee0d4662efe0af6a733cfb096aebe;;;;;;
739dda0653c7021b98a8d2c296565bdb;;;;;;
ae7f65aa3bb32ed28a010967fd753ee3;;;;;;
1ed9fd494c07aacbc809fac201cc4c6d;;;;;;
36248be15c429e15a9c7e8f68d66896d;;;;;;
7542a8ec2472d5cfd2c3bd7a4761b645;;;;;;
deb68337e0c96164a4686c5b31896c67;;;;;;
cce12aca3c143e21c071a7d099ceac65;;;;;;
6791cd72c192e15694b6abf7cb26a5c3;;;;;;
28256ccf83a3e1f549a345d68f9f90d4;;;;;;
5722a31f19bd4a4a3a96e65a8da9948c;;;;;;
34abc7a27bc8d7485e42117e64b8b533;;;;;;
20dfe7e9d813f33658bc53678139b8b5;;;;;;
46775e7744d1f019ebbdd2a27641ca94;;;;;;
38b466b302e2f8ec743c59d0936a6663;;;;;;
c3b5b32a3e7970e63cdd54af6409fbe2;;;;;;
3d1eae711f00c2ad121422541204e509;;;;;;
8519cbfe14e256425278c3621b8f8740;;;;;;
a10e011b17b41c2bfd9015826739c823;;;;;;
9e7242c65cb079334f61e243862c705c;;;;;;
f5b77e5b66e1319d1f34d25a17a36568;;;;;;
1fc83dfcbb5034940cfdc89043364b2f;;;;;;
4a4ec9a8078383db5fac62c1f859b20d;;;;;;
50c2f2049618dfc6e915f9c50ac603ef;;;;;;
5a7c2b2e821d8a63527f10eeb7f70cf5;;;;;;
30ec55ff3db6c7b27d497a950d7ef6e0;;;;;;
b4bb44df8e5edcaa11ad4f650add81c3;;;;;;
025566d8154d26c9c2035f6e010a11a0;;;;;;
16bfd3b4bf3b071d872f8b51dc5e3cb1;;;;;;
9aab0f141471b2c0b96cf6184fc5520f;;;;;;
7079786706b56c3bef44d62778d9eb8f;;;;;;
94b06e2ac6e6a4bc102e1f4bbff52ae4;;;;;;
583df7bf8b1f2f2c934a191d48f4c019;;;;;;
49da7471e6878a1b6882a365a296f67f;;;;;;
a98f8aa84efcc51034d28e7c3d51bd12;;;;;;
71366e89781c0ff5597f18ae4c32cdda;;;;;;
c2cc5e27d2e6571f8f6dbc842839ed2c;;;;;;
dd06574cb53a9c5e136fe8706687ea55;;;;;;
d4e2a4de82ea8a84028c0e7a226170ea;;;;;;
afc4e15e1ff0e00de68cf33f600999ab;;;;;;
94c993ff88d905325f6461d5a397ded5;;;;;;
3aedf82a667acd57101f9bc1a306b9fa;;;;;;
35c4f43fcce6f7a748a8aa22434c3e10;;;;;;
26f8b5cfa71e33bb371aa0837fb3ba87;;;;;;
67182d9fe48924621d0d9aea9f0e50b9;;;;;;
ebaafd748a5062297d771352bf1c8a8c;;;;;;
e3589bfb4d732b185d3cd83dc477fe60;;;;;;
190d2c0ba3790583b6b6f6ce1f326706;;;;;;
11e6cafaaeb58bf8827c8c4e55c26495;;;;;;
8ac68577f6afecf28319e20131eba042;;;;;;
79b4ee3f528f5ef3527762e76a80ab8d;;;;;;
a830ed3a5ae8f4369506bf137ccad50f;;;;;;
ebf8157190bc67c95f4eba975e28be40;;;;;;
c1186ec636ec06103bc600b2f787d0a8;;;;;;
f7a5349e0da9d10fb1a99428e100d38e;;;;;;
02da49b0c7ce87e84649de2dab02e3a9;;;;;;
0025a1342277358832308f1a353cef32;;;;;;
34b72d047874803acd8d6c32382f08f8;;;;;;
e3f3750efd36bff93bd3f1dd91f6034c;;;;;;
7a07d6b314fbedb8a2aa056505cee3c1;;;;;;
d1b0800bca814aa371d57d57fc18d8b1;;;;;;
369ecbea2cbb8475927a98527e8a3f35;;;;;;
a381b8d43336e6630e8eaab5982426ef;;;;;;
76d3f71eafbd619fccf842c6ef6cfe52;;;;;;
f1c5670e30272166ec485843adff9342;;;;;;
b3a3748faf030937f8833b756d9dbcbc;;;;;;
65e0eb12e5aff82d6d58f3633a86785d;;;;;;
b7f2785ece111838ada17007772636e8;;;;;;
e8cc6744a071533c736f8a0f509dad53;;;;;;
19e2051a5541abce27cfaa6fe0947490;;;;;;
aa49e9d827189d4ba978054a7324d10e;;;;;;
183d8d46cd1d17ceebdcb6824d441c3d;;;;;;
2b1a70e011ff8ebceb76f0a91f1f4a28;;;;;;
5ef0d1d1eec54cda3b4a8639fc7a5fd5;;;;;;
415c457d9ea6467012a50f7b99b0e0a4;;;;;;
ed2dd5180aff1ec16e14c4bda10c01b7;;;;;;
52286a789432ff3e423a397ae470c632;;;;;;
7e2abb37877c9a3ef7a07e889467a134;;;;;;
c8f3811924d31ba8aa74687a930388be;;;;;;
b910885d34f76c3a74f19719f097b2d3;;;;;;
e72aa61d398a825696d4f513747e6506;;;;;;
f4cea074c4c7d83efcddd330891b8ff2;;;;;;
1b40d7e8dc5e11a5002249e5eec6b43b;;;;;;
ede852f933ee6b0b6149a5266d17fe09;;;;;;
cc08cb10ee3d290a482e4ecd2cb0ba23;;;;;;
5b99a1e9b53f1cd48c32053e96fe3476;;;;;;
10f8e6070d7662ff0ad3b81d99dd27fe;;;;;;
da36c3bb9fd0071c1707f9defa9b67f1;;;;;;
19f154cc29c6a25c35533b7f1b7663f9;;;;;;
0c2f2544ab0c83d6e44a42bf552d0fc6;;;;;;
be6c04afd9b075d6a21a4f7d5a666159;;;;;;
b65ec7d5e5c61dc9421b39c26375499c;;;;;;
fe6d1002163b2f0bc55cc20da1bbaaaa;;;;;;
fad3b2fba2a5f6d0d85e20e9c902005d;;;;;;
03fbb1a7efb208672f26696059b9a3ac;;;;;;
9ac91f6bfd72aa3e4fc1f956a5b6a71b;;;;;;
dcb5f1a8647d309b7405e16574b91e5e;;;;;;
2d77be84dc1a2da79fe539223dbc2ca3;;;;;;
544cf68a4be4bc3405a12b5020f55de4;;;;;;
31d1b250d7ba31bb75dee998b11ff26b;;;;;;
098e5b78c0af563f994026b5bd01210c;;;;;;
f488d9c37e1b118fd6a572bb7fb5dc20;;;;;;
4290efdfa3019ece4143d5640de350f2;;;;;;
792a22b411f910900457e27e6139872b;;;;;;
1fd7d4fd4eb70d23db620b745b098012;;;;;;
dc4549b4a600a902711a8c655624449c;;;;;;
14548dcc36ea2fe9ba5814521c53bd29;;;;;;
686443261c4ff7a59b60fea0ada79bc0;;;;;;
8fdb35b31bf2ee4843b17ed84f611cb9;;;;;;
983dcd7bba48cc59f61444f5e59b7b03;;;;;;
6000985178752fb881ca774215421cef;;;;;;
e01f83ae412be40127134e02942a2faa;;;;;;
e5309eee0b6c9621624e1de82f3097f7;;;;;;
96ada3eb38b500bf3002217fdffa58f8;;;;;;
0f409d503a5f80fa4fc4d34b10a7c6de;;;;;;
ce7c1d2fa27816740c368606bed70e81;;;;;;
423fbd023fae06ef60853875ee36cb7c;;;;;;
1445ec645677dae4fbda69440843ecea;;;;;;
291685a521130e5055eaf51562dbb1fd;;;;;;
2701c769fbda7adb03ee6310c8086ef3;;;;;;
0b3facf09ad2c4860d1014665c383c5f;;;;;;
6227880faf48e546ec7bb52d41ae8121;;;;;;
b820266755856279939f067094b20ff4;;;;;;
5511e22f71173801d6eab1c10b1ecedc;;;;;;
280f23c73d58b6da9d96d3bd91441f15;;;;;;
946259eb7d64dd88c97fe74c32df69e0;;;;;;
481cf29273c049f2d2e989edeb4ed03a;;;;;;
a453d0dca7521be84f9eca161f479dac;;;;;;
f735b0173ea31fe3d115666905c94f8e;;;;;;
c3ec7ec3f8e16790f19763929f3e9eef;;;;;;
3d3356a0a4fccd6426b186976d32ab78;;;;;;
2ec01305cc756fe22ff82b0b8acf0ca2;;;;;;
61adafff4a5038873dffb036f1644f66;;;;;;
5a87249b4b5378cf7533386bc59796dd;;;;;;
0c0fbe98205cf1dd720e09b52b56eda0;;;;;;
9eb572a29c7117e327ca1d565c2108f8;;;;;;
9db49eeb2ed59e4c6fabfff11a4e45e9;;;;;;
987986e03b161e4b4774e499917c0294;;;;;;
4c8eb4b16d384aad6d9e70a65bbf28df;;;;;;
589bbb9a8696d04157597e37c2ada6ca;;;;;;
d8b4f786795625853a9ecd0e9537626e;;;;;;
10b0da4db72bb64f33580c708de3ae02;;;;;;
c89d5077fb09c6445b4c1b8858aab8a0;;;;;;
0222dfb233832e5bdc4b600bc31b764b;;;;;;
4b15f1478d63c2dcbdbfd918c5ff3e7a;;;;;;
97e9a8ce79a802c721929c85ec928e5c;;;;;;
38adac132287350f0f857596c54beda1;;;;;;
10649875c8fdedea48ccf78cdf49726e;;;;;;
d0a87e9a6f36b48f8df202f8fca18987;;;;;;
bbfd66e66214ea80a414d2ad4f527077;;;;;;
162acd57a7b153bb5b5e65046d1d5dc4;;;;;;
bd591b44952234dbc2c232cd9b9b7d6e;;;;;;
8bfd661995e4b2e780947b4904d21c0b;;;;;;
c03c43f45e8a3a187c9f55a9e51f33b1;;;;;;
948a591f11532d2ea24d669aa18fb132;;;;;;
b4ddfa404aff376ddadda5cf5acbe2b8;;;;;;
023e44cd61b4a4f568651d63fadb95a5;;;;;;
ac8c0ffcecda4d6f489c239f557b8bea;;;;;;
6df04b380d1bc60e13701fd8f6e90469;;;;;;
2f58c147d4e6c2fbaf1a0f6b11bd3e59;;;;;;
92c51b95ea1d7720c3d44ff84a89ba14;;;;;;
de3a76427a198273e7699eed7b0aef24;;;;;;
e67c6d1f726e5495468e20a7707ece7e;;;;;;
71bc388226eeb2af6b19da007d1d8990;;;;;;
b282ee1781d1ac61464b204abce478e8;;;;;;
1dc82bb86a1267c46087fcf4881796da;;;;;;
bcd8f6a7a68e9c4a104218d0157173c5;;;;;;
accfd188b550e8478a880ffc20f5fa73;;;;;;
907f51e8c956680efc163e75e629f8d9;;;;;;
dc7f1587e5f5bbf923f565fb521f54fe;;;;;;
73c8e9fe20318dc45e48ca689a986008;;;;;;
250e84774d4006b8e46f3e9421dfdce7;;;;;;
c98c413afe78263692a1b3425c0aec99;;;;;;
2b6f32d39e3b6517673ae513618832e4;;;;;;
8d0c2733371662567e7d49fb7e371724;;;;;;
6f4eb1fa8f0f9b48a7e179b831d39315;;;;;;
924eda5c6b91cc7f770a065032b70745;;;;;;
85f70f325c5934ffe5d978cd52706a4e;;;;;;
d3295ac6d742f955ce9f44dab44ae378;;;;;;
b81f77bcb25b2b48023c44af2da9f3e8;;;;;;
2281ddfd9009f7e6648758f24a8cf50c;;;;;;
c3b1d5eb555dcfe22e25bd6dd7807eb7;;;;;;
a2441cc303b229733de181d0eb3e1262;;;;;;
80c9a96c972a1cde5ed3edb7ed768b6b;;;;;;
b54b9c59de7970921d9738df666d0f16;;;;;;
80b54b885b9dfd1149ace5a05773305a;;;;;;
05afac4fc6a0ef623b23f648f0b78fe2;;;;;;
b2dd289d86335f759a88aa95b2e3757f;;;;;;
b0febb5efff87582fb10759df43db4fd;;;;;;
23ec45aa75dc8262adb0ed313d7dc696;;;;;;
5ffb3a846df7f7b17ccc6ceacc27e481;;;;;;
10cd3854d853e27c14fb0f56a152f586;;;;;;
2f6ef9374ef9d547daadb2d839df4a5e;;;;;;
1dc2342f920155f35e482a954f6b9a3b;;;;;;
158410520bd31c153843b90f89c4f5d9;;;;;;
0b0bb45d8c55eb3e5d3f99efa26628da;;;;;;
399e87ff85c04435697b58361a8503ab;;;;;;
074c437090996f22d31150cd39ef8ade;;;;;;
fb1719fcb236690698324ee0d9922764;;;;;;
1a2ee5cd168958ed1e47ae9532641091;;;;;;
9e7b0e63b68a987593893f8c8830ccff;;;;;;
4fbc95639e90c2d5ca9253abf4e46e1a;;;;;;
d4df04fdb190805616d4cddbf3240158;;;;;;
300b10d20f31f7be8ee6da6cc42cbfec;;;;;;
2e3e3ee938e60307ed7ece7f13171c3f;;;;;;
38125d0ea9f304a3f182406a007ede8d;;;;;;
c5d9103f0ccc8bd3dccdde0b59ca0941;;;;;;
710db263a29cf222196b692b438c5944;;;;;;
b211ea2217db7fdd87e06fba5d1e9bc7;;;;;;
058780078cf87a349ed708196a76f615;;;;;;
7346628acfa4ef14eccdc0c21893a7eb;;;;;;
6df9bd73618b69d78f426e91e21917b5;;;;;;
00fa8c8a41fb5f26a29d0b65a1412e4c;;;;;;
569bd31a1025bd182880c238e84b398d;;;;;;
0427fdac67b42b12fb33d8972d482d04;;;;;;
9e2b59fdb8dcc7da98a5b84efd4fd5b7;;;;;;
ea8533a498be527878d270a06fab04c6;;;;;;
02eead090848df1775efaee5f8046b13;;;;;;
ee62be995e77cad3774943bfa24f8689;;;;;;
fbec1c98005f76499dc47af0a0383a4f;;;;;;
d8f953ea5e89cd64d700e68c089285c8;;;;;;
41c2af8cefde17a3de7980abef22bee2;;;;;;
d3fb9733a48b8a5d19d5e8f33b596fce;;;;;;
819618e0b0c7a355b407c1caa14aee88;;;;;;
405e833711289074c158143f23a48f64;;;;;;
0a932fe8d8000563d08bb54aae7fe7fb;;;;;;
f4e2b38a0d14abcb413c7882eb9723f9;;;;;;
64e4fea7af981ea7ae467becbb86884f;;;;;;
212e413d61369f8e0d7f682b1102f3f6;;;;;;
e5aa07598b693582891f00e59640dd98;;;;;;
898c35ac246bf88659ce31b2d92a88f9;;;;;;
f4f5f42a6b7c1b37bd7379044115a9b2;;;;;;
16fd157431d54780e41948c1e01d0786;;;;;;
d150c8e3aca30875596020cd606e7806;;;;;;
2419b5a63e08f6dd6b0a5b61c345bad9;;;;;;
bd645e6ec369202a61a8300d3d57591c;;;;;;
2833daa9f26dff82f34747a0fd3d8ec8;;;;;;
c6c75074a3085845442b3356aeaf3f56;;;;;;
c7ba0f4fcace7135506110df2783b45f;;;;;;
d0cb29dcd3c6210bdcb91d2f4115fe9e;;;;;;
ba9a990ab85be9a87ff57fae879b4b84;;;;;;
3141d793b69db9b38c440611e73b3f53;;;;;;
88749bceebde7b3a02fd7e68711cdb96;;;;;;
5a9577963212040232efe84263ac8936;;;;;;
18d0f850383672c84ae8a512ced1092a;;;;;;
1603a081501fee604ad4e739ef6d40e3;;;;;;
908425574564ac5fa3be5955b7678bfd;;;;;;
7e2c1d5aa762464fbd3dd9bd33077097;;;;;;
6e6e552f9273a48a98bcb12c172de914;;;;;;
18ce0792c805bf52f4c54ad86ca51709;;;;;;
065c832a41e53ab1eb284e133b65527f;;;;;;
be39953d46124e91b7e62c4e55ba0309;;;;;;
b6e606396ec7fd8cd8f4f50b9e0e1bf8;;;;;;
3f86678a864961e229a5dbd6a105a284;;;;;;
400f992bbdc1ee5cea9f767d8ec5c330;;;;;;
86d22f5e0e1018f799c55043bbb65a78;;;;;;
3fe05dd389cc9189a66cac9012cf187f;;;;;;
a084df08ce8df349d4128e06c981a520;;;;;;
088c32453fa9c430cde5fe894a883f99;;;;;;
6dde3da6d079565e0a38edfc59d316b7;;;;;;
5da645f0654ab04d1dbb582ef75314be;;;;;;
0d31d881c5ebfdb0a479a668a4c438fb;;;;;;
5153093e32e4246b97b6f06295a40c7f;;;;;;
fbeea528d93d3bb6f9d394db3be1674f;;;;;;
eb124c7ac47f866cb22af9f6f8269ec8;;;;;;
a319140b915b80266b482765fe6e6f71;;;;;;
b79b070f37728648a13ae30751967447;;;;;;
8daa40b18a766542e77b3611c3a1c7ba;;;;;;
a332557b1e8c869746e42d374c738c9c;;;;;;
0dd362655c85bccb42e19a4b9c09def8;;;;;;
fcb7b775e3e200e8b021e1449bffc70a;;;;;;
f8d56a481cd801f325f58dc966607198;;;;;;
1ff5c39fdf2b52608d35bb7e312862f8;;;;;;
f82aa0a7776e58e974339b3d4acecd7e;;;;;;
380d958376c5eb12c6724c6bed994d55;;;;;;
47c8b0cc3642a526df88d85a11968584;;;;;;
e432e3582b099fa2eb5a6c27befe0e5d;;;;;;
2bccb8ba470cc6b651ba765aff2dca81;;;;;;
bf1f9d173746f98cf4f459c130d3c971;;;;;;
695d16df77ad8a6618a920b41c8ff6cf;;;;;;
423ad0445d4e4a42fc7ef2948041888f;;;;;;
53e655a00210ec8290ff8870ccba30f0;;;;;;
51375234e17be7f52305b82936226090;;;;;;
2aabdf5e7a16e8defcf518e466355f9d;;;;;;
d2c640d392651c22acef77929738075c;;;;;;
1e3903fd27081c951130b11e852138b8;;;;;;
2112d3132790789bcbc30c0d7f4c8edb;;;;;;
4e2076b5a7871c70a7156e204a2a8961;;;;;;
1b2bbb9e8f3b62358464a3ddc7c3d0c1;;;;;;
53a810489add0b2d0866436f4b9b82c8;;;;;;
46fdcba3e6a6590506a7906fa75d8547;;;;;;
3bd8da9475302c7e7ad67c7dd9159fd8;;;;;;
7e354ed9cfa47334d496ca4239772873;;;;;;
c9991db611128c7eed77be05c3dee269;;;;;;
533c390ea0ebf766b5868ba7ae32344a;;;;;;
f58b313de97c46358b1846c3cd16e84d;;;;;;
85c7b7707e608bc929ce34513f02d824;;;;;;
fefb15036721d31a6468b8010cf70ceb;;;;;;
896a0a6edf06b814c12e6a37cde76ce8;;;;;;
6b01a2b7051d88894fb75b6ef386f238;;;;;;
c1a1461f8047f44572923f8b7658b67e;;;;;;
8dd7a5a0830414e0067cc98575ab1b32;;;;;;
140bcb7e7003be91c1a6e5d0fba53f02;;;;;;
9940d9135d5320f4dce4605f24a33156;;;;;;
21d06e3f1fe8a6de500e124b9c6c8be1;;;;;;
779d76b0b8a932611145f9911893cf97;;;;;;
8ed0104aad1cd1c3ba5d60a52d59ada9;;;;;;
6037be7bd24dc07281d713164d346b79;;;;;;
ab6a700018a8590174a217b71c12edea;;;;;;
26852e474e56791ff29141458e4497f8;;;;;;
54c60503cf6eef6e65075abb11fecade;;;;;;
1f187928be70aaeaa1b762189d637d53;;;;;;
5ad6901fa1e637130b8d34f9e39a1c1c;;;;;;
f5ec44d10342ddaf7224cda5b9a9b21d;;;;;;
7921c51a88f88ce399a2dbb49cb814d6;;;;;;
385802ec1a63707c3ee77d6dbb4efa30;;;;;;
ba5d7aac2cc6cd791dcf222a7b92e5a1;;;;;;
fce2701dbbd3c8af7fed9ad2fc99b96f;;;;;;
111d146bb8c68fa521f14efc62b2cc90;;;;;;
5a9517681992a9ef10f1116ad04fa55f;;;;;;
f415c89af2da2dfc88255cb9ac3291e6;;;;;;
795c7ac738b167af968df542a0bd53a9;;;;;;
17b3616f70e58757241527de3a297025;;;;;;
05ccea124e6fad91e053739f176d0dca;;;;;;
76658c5531f4f9c261f1c8937db0be36;;;;;;
71ee741112c81f84d8fce17ecdf21093;;;;;;
b9250c05df858c0b50c3b7097ad0a4b8;;;;;;
2b47c5decb310390e7e38c68afcacf0a;;;;;;
42a0cce2b1c26552ab8b6d00f08c1348;;;;;;
26f77c70c62263e7a999b7f8771abf6d;;;;;;
f40575c71578c9b6186724f841b142b6;;;;;;
1517f64f94263a19ba7d51eb835f4419;;;;;;
d830a68217e1cf3b1b1264c50b9ade8d;;;;;;
fcc0affd08b30b799c86761e23d1eff1;;;;;;
29b51110c76ed41e3a9f428081118fe9;;;;;;
6b8fa8b2a345f2244d9878942ce36357;;;;;;
5d870a0506c0c52ce8828dfc2f085084;;;;;;
4da8cd5f986117ed1356f9545c4dfb9f;;;;;;
774c10e243fb46e8ac4a2df47b368bd3;;;;;;
d5b36dc487cb8daaf706ef87c69eb6f6;;;;;;
e76786c4701b2a21747458d2b59a301e;;;;;;
65cfa74121b5e950394ad1cc06c90783;;;;;;
1c355cfb55d7a28db311c0f386e1005d;;;;;;
77784296f81766f2c5fd56325f5a6c5f;;;;;;
d9075927f0d40c043828436a1d6cfb8e;;;;;;
29a2cd9dcab123e0b7a4f095ae4a3114;;;;;;
c1320dabf7742111731c3e58275e7b9d;;;;;;
136d3f9fde6ae0e71b7fea5d2853d3e8;;;;;;
b0369416973fa72e629f34887ce43b67;;;;;;
e8a57d3ae4d421e202ee6d068c7d7b15;;;;;;
0f9e24a023aff57657520a8fb023aca6;;;;;;
26b8f6df2e8423ac76c9b832c1e68efb;;;;;;
a352948f68636a1386e9c3f226dd0d61;;;;;;
c596c6781991562011d4108f2425f66b;;;;;;
74daf9e42894cc2bb1eb77c274164323;;;;;;
703667caa066a07e970e0a9a57ca2578;;;;;;
6ce6c370080533eb6e4cb6311cba3ddb;;;;;;
0191c3d2fb4c3e4a5c38aa3b4eaffd44;;;;;;
0230cfd6a2f68d48325e8be6ae56344d;;;;;;
b1973f1216213293d941d5a3be8bbd73;;;;;;
0bca4a01fb5f0af83244a5c40410ae6f;;;;;;
f2247861f8ba18c174b843a594f83d5c;;;;;;
013d666bfd08437b3c617ec481a10039;;;;;;
b1fb2dd982968fb455ba40b7944298d4;;;;;;
9511495fd4d5436b4da4e9d30270cca2;;;;;;
dd350314c0fc7c944152e3ea624d889e;;;;;;
0af81055d8ad325100ddde9489c4676d;;;;;;
2afda86b6b241f4dafa3aab1178105dc;;;;;;
0514864b6efff5aa03a08e59baf59b3d;;;;;;
9e47e126baef0129ca268648cb2f8696;;;;;;
603267ba335cdbec2e5e8e4d598dd275;;;;;;
b56ca42bd01d4c2d2797289884d72a70;;;;;;
bdf06129922452a87fa5b1390e69b2d0;;;;;;
0b07f5fac5427779ab95a31dc8177aa5;;;;;;
3ec3c06dcaca1fc53ce361357b8c683a;;;;;;
04d37292bdc81d97136f718f701dc470;;;;;;
276efc5099c682edea7280fd275a4363;;;;;;
1a14b7e92ad6f9441f25ae94266a9576;;;;;;
eb120760aa7bdd933e86f6b1429a303c;;;;;;
5a3c2c623c7781bf9610228f56e78712;;;;;;
8cf5f7ba45bda7696f391c86f3956530;;;;;;
940bd6db67e9a1332fd2f0661748d366;;;;;;
8a7045e36c76fd57f405e21ac1147dfd;;;;;;
3af2a9dd84180c0c4b55c8631c55ad41;;;;;;
0a55ff6413b5e505d081e7a357785b11;;;;;;
ee5fd87c7f117cde67a578275d159a78;;;;;;
5c1cf7fcf63040d30344cd68c208f2f2;;;;;;
2426a980475e3521b93745e1b19f145b;;;;;;
76da83bf3faf7943e6ebe20de2c0e775;;;;;;
4f6a6b6f2ec483bce2b0dfa3026fd66c;;;;;;
5c37c65e9f82fd4ff374f35156134c2f;;;;;;
3e2adeea103855982202e8a857059e71;;;;;;
202ea216b017f5af8cb06b448ec1b4a6;;;;;;
98082c86d1f18064851fe53c197450da;;;;;;
2ee338219ced285ad45323157d5080c6;;;;;;
7f436e4062f68e73bd04f1c92987e5e0;;;;;;
b2576aa1dfe166827f36781255aed03a;;;;;;
da99b235a51f97d549bbbbfa955d7e3c;;;;;;
dea9c9a43fea0e3f89d7f4a25fe93a3a;;;;;;
a809ddd152407542d664dc7cf8fa219a;;;;;;
9ab0776ccab01b070a9e6923b516bf76;;;;;;
823b4aca7857446995d59acc68a78935;;;;;;
cc4088f942abab4a78d3a755312e5701;;;;;;
4085b2f040a52a40dc553b6658aed50f;;;;;;
88794b8fb029c5ce2662a207f9df6992;;;;;;
4ce6d3159a404c2d9d5af42e157eb21c;;;;;;
7eaa583bf6f10cbc7114214c53584de9;;;;;;
46587f983c85d2049f787b8a79c31d53;;;;;;
597d0d1a1adeca91282525153db6c9d6;;;;;;
3e605f6f27e586ce0a9a81fdf44bd71d;;;;;;
b52cca6e83d37de1926afb4f007c3378;;;;;;
132817856d88fa9a3aeb4bfc10fd2e8e;;;;;;
c482d71e062371b85a011fc8d7826e57;;;;;;
0a5e24005ecda1355f75f3edc951eceb;;;;;;
46002f0cacef882298854a2f18d7651d;;;;;;
e6c5772fbe347cba3fc65dcb5d6b037e;;;;;;
2c65edacd6f755e34b2c1b8fde47faf6;;;;;;
5981b850e8fb100de89444f8336dbbd7;;;;;;
4cb1b3c808d44d2d12ff18f740f8bbad;;;;;;
15a9acc9ec1f40c1dd502a03f2af64d7;;;;;;
7197ecaa36f156c5bec087f5968b6671;;;;;;
de40736510da04719b4dffb7f9711455;;;;;;
1ceef26b68f90c0e9bbd7066dad8ddd8;;;;;;
1e5e158c99deb4223b8911e78403cb19;;;;;;
ea668abcef074392a2b9278cc6839355;;;;;;
661ee8d0aa488876322d640f6320372a;;;;;;
c385eba3323cc43c7becaf0be06f285f;;;;;;
ab8da48e7816cfb3ed5699e10c486846;;;;;;
f36ed41f64b93be0318f123f575bbabc;;;;;;
eb3203aa76bca87cb9d937df4f5a435e;;;;;;
f92a9bd84601359fee44b8cb3860425c;;;;;;
731163c45cf6360426b4f1136c319ff8;;;;;;
5c5be242957e38ff7c21d3547a6dc2a6;;;;;;
1453673c025ca503de18d1539dc3a916;;;;;;
cea2f58ff3b4034d1a4a19d34ddb4788;;;;;;
861c2f84bd36504e8f77016185f367c8;;;;;;
5758ff13be7e14756c28e145a1ac0d92;;;;;;
696c225355fec66937cc5d3c3e0bee0c;;;;;;
7b8640b84deba2896250b54adaeac23a;;;;;;
341a6ea17fdf7fd7ec85cbaa63bd99c0;;;;;;
5584115d79c5852d9757dc2ad64dc6c1;;;;;;
e3816adec6e9c54bcd9f7bde592ca207;;;;;;
bff9504bab8bc277c5854650f04a6e1d;;;;;;
9235a42016680fdd26bfa42b89a39343;;;;;;
bce8d37aa38f3fcad2065056437c11e0;;;;;;
6d33625256f10abc24fd1e0e64fb4c0e;;;;;;
f3730fb7f74d5a4db4ca68675c37922d;;;;;;
7572522789fe2b34d6507d1a1ad5e7e1;;;;;;
54570535b16946964af2ca242497deae;;;;;;
dc7e0afaab0c77844226596ced77a9d2;;;;;;
caecb67f638afb8d0cc794ecf9bbceca;;;;;;
186996e703a9e22362e246ff1122131c;;;;;;
751b4b2b824e72663e2ec68e89800719;;;;;;
e6de3d30c87c39c116d540d88b7ecd8e;;;;;;
3c9afd068bca6adb8d8b9f64d5113a90;;;;;;
d46c32cd6bfccfc46bad6477a3202532;;;;;;
abef337f24b2eea8b3f220a6054fcd0a;;;;;;
f636fec0bb8404b30a9e74b13365f25d;;;;;;
ab6d90e4a61623d4e282dd4586f27150;;;;;;
060798a12f5b1f14fed545dd745b8568;;;;;;
cacb7f7db73ad7f5aa79c5d97623daff;;;;;;
43796c81cf228a1ac9788200536dd75a;;;;;;
7a440086b7ee10f981314097963a9e3e;;;;;;
799fc8360a85dd43ed4bbc19132dd985;;;;;;
318adfbbb9a25fc28204a79a8de0979c;;;;;;
3d2ba45f15c9c815c82b654617df3cf4;;;;;;
1549d04a81b774e136aade36d98832c8;;;;;;
fde15ce2db4b0c6135aebee0a585f4ab;;;;;;
74cf2e5e585be446f8a58137a5b55d07;;;;;;
d2150b39875d4b23ba48fc2d8f96097c;;;;;;
b324126a85fa8d84e2a7dd56ea6b297c;;;;;;
e7dd067bce50f43000e094b6c4304dd0;;;;;;
2b73b5bc42224c4b624d3cbcf65c88e2;;;;;;
c243cb9863251feebbcaa11e39ed19d9;;;;;;
2703c3df63d5c14a0916179746d6cc79;;;;;;
22a420662df5ac1209d0afc1cc72a07d;;;;;;
2ff54a1c5f379fafdaa32e8b75388686;;;;;;
964472d298658ecf287769899d1c4ab2;;;;;;
69f0afa509f10c3af20b8ebd51114a96;;;;;;
da93b060dd6752c68cd790472e4ffac9;;;;;;
80fc7d0930a7910f03a7acf3a426ded3;;;;;;
00dcef8818890048ca93cf8466c0a058;;;;;;
d704ecac06c2180bab8859ff8901bde8;;;;;;
7113dd5794e038b8207be1764bf0b13b;;;;;;
01febffafe4af402ef930091d6d34e08;;;;;;
830223f54973255177c3030f70b015bb;;;;;;
8eb251459c163fa2288b938619ab2479;;;;;;
f17af2ae3dd8007a459ac3e079f52cef;;;;;;
aa5bab0041c887dcb32aa96e8f8d2f60;;;;;;
ad293e2c96fb5b659961926b831b411e;;;;;;
7a8696975cc0b80a1d133d293960a6ad;;;;;;
23593da5d92cd0d59058fc10d80e1c7d;;;;;;
a2e54efaea3413907ef28b8a93fa6b92;;;;;;
98aeb743b2f179f289c229cc00c2bcab;;;;;;
3060a452c1ee0af9637449c62bfa080b;;;;;;
02fe0879df2905f547ebe86266a9684b;;;;;;
3a7533e7cfb0c213aa0c440a36e1b6bf;;;;;;
fc9310fdb1c503fe05a9d343bedb7a7c;;;;;;
ff85d74cab691000c696034bdc880d72;;;;;;
65d36b20478209f86d4307d74e930c11;;;;;;
a080c7a7312d5709b90d2299a288f201;;;;;;
9d53d1c6cdfbb2b2fa98bd269679c418;;;;;;
2c3765a6ad605858376b80a0e2a3a4f2;;;;;;
8bcd6438a14815c22c058154115dde58;;;;;;
b7cb251f67fb6d3fade3e010246f1e17;;;;;;
db58822b3ad9b7e0ce077d49ad9f80fb;;;;;;
56ebe2911d6a8f293dc9c77dacbb6fc2;;;;;;
3664d9153161fbd76842a6e04c63b831;;;;;;
3bfdfdea11b7aee27142165d07470839;;;;;;
479f7bc0fa525ba388175042c47111f2;;;;;;
1543280f777ee1b38d887aaf6d514981;;;;;;
e66699c7f885acffc353252843fe88c6;;;;;;
27c889fd3c9029e7dad2a97e4f09a290;;;;;;
0d9c14f5f47245c328cafb1ade5581de;;;;;;
cd189706c269177e9a8de60962a4bb2e;;;;;;
ef5e53bbe290a707a23980a1e1a9d678;;;;;;
fab3234cae885933325e28b262d9fb23;;;;;;
514620b084947fa97f58753ffd74881b;;;;;;
5de7595235c1ca578da35b20cd3e469f;;;;;;
2edf3d168ed8a69c0939bdd35b38291d;;;;;;
f905577e3b91a8214c850802c60841c2;;;;;;
5e4c22e473ab177fe428b03686625d9a;;;;;;
46f8f5efce8e52fca214d7d1c8b4f2b4;;;;;;
06e482f27871386bd6db9da951a1a735;;;;;;
df7cc94f9a9cf092e639a9ee3ab33786;;;;;;
648ee81724bb8844ff86441a8879faa7;;;;;;
43ae074d6e586da10f8b0f114bb51daa;;;;;;
009df4a9687f1544dba78ba2777d5f60;;;;;;
c611a81bc89754df565b0f064895386a;;;;;;
198a3301e3debcc8f78c6f77319a14b1;;;;;;
2a360fc2719780893b991c88f4323e42;;;;;;
dfdc9a6535d654be86a135f96f0c02cc;;;;;;
5888c79f59c2a4c408bc20470af2ac76;;;;;;
0dd615fef45bb9319b84bb8e3dd0e78c;;;;;;
b3e277b8272ac90b6e556d8ca2a498af;;;;;;
e67bf9ae52da1713284fac58980e3415;;;;;;
1517351616af649afbfa9b220820eb3b;;;;;;
d470834f0727c98dc2f1323acfa0b958;;;;;;
5d6fb192fb002a72d585d3fcef47376f;;;;;;
16090921dec40eb363d40601628fc5a0;;;;;;
7cbe04ad43e16a9c0b8e6edf6c864b79;;;;;;
e63d82b01ed7b316fbb5832525d3a269;;;;;;
32e24f30371b5b1995ef738670cf2f76;;;;;;
d75e474f701bd2cae4b1e49d16ca742a;;;;;;
ff07eee07667550e902ad8e74eae1fa3;;;;;;
9d652cd5b4b8e524e2f17c9771414432;;;;;;
f18d975b1b84adaee5ed5de4f2dcbff6;;;;;;
b8d009fe134f2979b235552ee373c556;;;;;;
b471ebbe4cd90f6e9f32b911672b8e9f;;;;;;
3dbb8925134f5173455559fed6743e58;;;;;;
2fdf4b138d9d2f37778de34d1cb2f945;;;;;;
23f060d7ceb9cc865021932e4eb0d6dc;;;;;;
8119cd9c8ea0955f58f32a1f6d81d8f6;;;;;;
e36e37113f38b2f2afd0e2db773dd246;;;;;;
6684733e90ee1f600a672d9825e9ae63;;;;;;
14c272b93b168f1abb12add601f314d2;;;;;;
84235009903ebfe4a1daae626fa7e214;;;;;;
dce9c0907e495e21e6288245168941db;;;;;;
3c39bbcdbbcf8286e0b19bbf0f33d468;;;;;;
35f3bd706415c4a038395de2d4bd8499;;;;;;
cf72b60e5deb5273adfd88850a51837f;;;;;;
ca6ccef7e53d1096a14c8645de1f13fc;;;;;;
50ba42c915192627293cc00afc407136;;;;;;
0fc82c90266a409a34953e11bcb6e92c;;;;;;
2baae00417870ed56c597b5bb0fecb9a;;;;;;
6655e81a8d7515e01bb6dd3576194bd2;;;;;;
568b33752a8cc0c27909496f445f6d39;;;;;;
fa20c73bfc43afb62b91a14c96e5274d;;;;;;
cdc5f846d078d202b0c90bbd4102a0e2;;;;;;
c5dc91935ad56fd4e9019663e90f6995;;;;;;
65462e5e47c0b438397da169a212df8a;;;;;;
bfb503fa4a59ecf72ae1f501e55f25fa;;;;;;
79a7fd393d846e2de24ebe6025cc1857;;;;;;
45475b136632fa227fae874107a560ac;;;;;;
3dcc8ee4acd3b644b8a033db5ce207eb;;;;;;
3e756c5d8bb6ccb88b2a01180cbacb9a;;;;;;
7ecc14d336746fb802547f831296a95d;;;;;;
286ba7b9bf2cd0c0546c396ab5f59c61;;;;;;
a31a3ba2c81c7b894575487548b963c0;;;;;;
9a61f1495a849b0a634bc96399974e28;;;;;;
6c8e8e93832d38880c42f07fcda9aaa4;;;;;;
0dd6f7598fb5ac8543e1ad577dd67937;;;;;;
512877246cf02d9df6e3790f1c8db16d;;;;;;
4d390a51a7657cece6fafcdb63141581;;;;;;
304e9ce7423c335d30a65266dba26a29;;;;;;
1c83a2d67004adb22af8231d079ce7ca;;;;;;
74211a3d5af7f2ce329d85bbbad6e44e;;;;;;
c54aed7d2a0d8d3281bba37097d791b9;;;;;;
8f53f3a0e772b29c08c78be6f8a8d03c;;;;;;
f426859cf5e65c75a48eb7b4cb607f2b;;;;;;
9ba172141a300fcd6583b5d1805769eb;;;;;;
f131855aeb5b221c681dee236c60ae5f;;;;;;
21e8c8a39140779bef165c7ebb87b65b;;;;;;
4eb8381ac2d4c4da4ceedc5089ca203a;;;;;;
8880daeb88eb349f1aef362dddd6ca92;;;;;;
9c70eac7aecae11c466504a13bd9ab28;;;;;;
d4fb2ee3b76211e8cafb3868377d9a84;;;;;;
133e5d32528d47d9b836606159d94a22;;;;;;
579aa867437baedf0e569298e01c18c3;;;;;;
8d701695a857a3a194e7c78ec0507ac3;;;;;;
a2225bc6779fc951d8f246c0bba1b15d;;;;;;
766df49c64b45f626849b6a8d0a94e35;;;;;;
f5e88dfd4477fa33484ffa0fb06e9d00;;;;;;
3c96accb9bc8b9bc24c944ee3fbdf26a;;;;;;
2cf4ed1e3b19e32d1c7cf4c355c89382;;;;;;
218f9b6428d4f0b7183c9d99582c8967;;;;;;
16170831b631ff868d20e7ea9100e93c;;;;;;
0fc51e355cf4bb57587d7db901f20c38;;;;;;
157969e10e3d028650bed54653f2848d;;;;;;
0b916476201c10d30d50ebf548148c16;;;;;;
cf7cf58a8ebfca99d31d09498584152d;;;;;;
cc48d54363e19038c5fb2cbc1df11290;;;;;;
984df3f5e06455dbb4dc0f6452acba5f;;;;;;
443254216043c1a954c9755e07e22263;;;;;;
f28de09c8c00e34f81db9cb51a1ce2ef;;;;;;
ec3407d58c1743110e3af49c1b4648e3;;;;;;
6e3ab87cb063b131ae9ec0f87db98556;;;;;;
6869a6b7a1155fbb100aa7c8e9de61ec;;;;;;
82d7ef9b00795bd6d043b2422eed7c40;;;;;;
d65ad44fc61afa850b141991a7fc200a;;;;;;
5539c79ebd14b999efe8e11945b02acc;;;;;;
fa4e3748da9a5cb953ad3b899ba6afba;;;;;;
ac341ecb56f355cec53485ceba542954;;;;;;
fe744ee76a54fffbfdd5606f667a7232;;;;;;
de65aa4b37a9d7817bc22bf08aaa07ad;;;;;;
dd631d0f8933c68669f2e6d84c20c54e;;;;;;
af8c2512f4edf7788357bb0dea98529b;;;;;;
9db7fa2b204c306a0e078dfe59161753;;;;;;
9e8f10844fe0ced33bd8febc7f64e80e;;;;;;
571693ae5147100902be8dea21ee9e38;;;;;;
ccd4827ce35c72303af1084cf32837bc;;;;;;
8c94bcd201868f918030670071f3c575;;;;;;
7526af63878e3c6d0588be1d50b395c8;;;;;;
805311b7014f793627707f5d88ba4a46;;;;;;
46a2dccbe06f490eb5f376cd5e937a15;;;;;;
fc23df83ec4dfd009f77b3a793263647;;;;;;
a55e94d3a38afb6ee396ae1ef1ad0b8d;;;;;;
6c4fd7fac35a64fa3cd8170dae4a90d8;;;;;;
5b8d5117007478ce45f2a7cf353e6046;;;;;;
ed8bca69f8397f6b46106207b4025e1b;;;;;;
a4c2866010d54932f65d9852ce63bb4d;;;;;;
9b6b7478edb1885d6690b0dd5258c495;;;;;;
4d7a9886b7af00e11f93cf67fe1ac4b4;;;;;;
21a045d0bb2cb76ae79c91aed49e9293;;;;;;
fe4c89662645d5eb625a3309a74f39ae;;;;;;
877ec0591aa0bdf4c89e074440d4acc2;;;;;;
5fd87d8b08196043886d07c43ee09624;;;;;;
546548d330a6e450fd6e4026f455dc77;;;;;;
7a840f2ac0cfdb6244a6a946b3d691bd;;;;;;
437cc0b14ad9154e3a88038d11f8873a;;;;;;
80847ab587117b8d2a08e2f6921eb026;;;;;;
bd553e9c5b849f5ce58a45ccfc635fcd;;;;;;
5179611ededc4bb04a2398cef6510b50;;;;;;
55247f876b6f64d4f0370567c155b110;;;;;;
7d9e1e61cd563c7e76e3655b80370155;;;;;;
7d47ee39406e30e71006846e71da79aa;;;;;;
079d3490279697b1e6cfe4198f61e2f4;;;;;;
f86f393932d91426d9d39bed01717566;;;;;;
778e762e97627331c32fcda2deca3689;;;;;;
d68f9dcc68f4281ac77a87ada625f7be;;;;;;
92507707e6c181ba81ddb188b1f9ecf6;;;;;;
e30d9867715548394f1ddf3d49626532;;;;;;
9d1fbeee6a0f568ee111a711e442d024;;;;;;
945ad281dca1b14fc3fbced547a3b112;;;;;;
a3db330a4dc25602940ce01521c7f47c;;;;;;
64d27639318f43bc775fd70a4e2316b1;;;;;;
16d469d16e7e1ae669a8b52f48d65e0d;;;;;;
cd98a464be61d115de94e095c9900597;;;;;;
15175e8cc8f5ba18d1b781396ccba6db;;;;;;
b95d98d8d2d94fb446e96c1329e0ec8e;;;;;;
6198ecead769451d4f3d52c61f5b9f68;;;;;;
696525de810c73f56814f3add093b908;;;;;;
db769f86cd0f0845439e401a0caac62f;;;;;;
d15549b0f4018ecdde341be24e75ff8e;;;;;;
f69a01fb8b72cb889e6b6ed7bf9b792e;;;;;;
a5712cd22c9290a99d61ff850814ca5d;;;;;;
0e0256647d951b3bedf3a26e08e3791c;;;;;;
fa1f69275d47bc8346369d2e18da897b;;;;;;
afb3ca4f0f11493dc76799660bffc282;;;;;;
40c8d3387c6a3a9eebacc23a3538c287;;;;;;
984ebb823e147be264aaef6ca68436ee;;;;;;
31d55cc4ec1e3b3adba434cbd6d3d3bd;;;;;;
fa649b572caed1943a70d94a28f746fb;;;;;;
6e327abc484ee1ebcbdadfb5f2be9720;;;;;;
5904d6861d9e2f19b947f2c31f1e71ef;;;;;;
6da47a135816b1347f9405c2bdd91ac3;;;;;;
ac9364b1f56b3635fef3dfbd7c64867d;;;;;;
2d72d8143a406c0474e20c801f017642;;;;;;
bda7cb8c533986abfa478e1386930e1a;;;;;;
58b87d01bfc7a21bb7733d32627c9441;;;;;;
58c1e706b16c1c802304c0610e2efebf;;;;;;
3dcba00f6ba028d7b764667984e62b51;;;;;;
8f7a966ad3065c2dbb40c476447d823f;;;;;;
02372329b4e81911d569f327ce642547;;;;;;
647370908810236ae5b953351eb9b9f6;;;;;;
b6bffec915671f161276325c126a7390;;;;;;
ee5d242619d97a43ecd4ca1c0e2cdb96;;;;;;
2b6de4fe688c7e739b1f180ea038b49f;;;;;;
f104da9a7a646e9e9cdf20b219307969;;;;;;
c95045f18118e664c4e6457c117ad7d4;;;;;;
72f0feb524189897daf43986c6d1d0d3;;;;;;
a4fd9fceb6ef583b1f434e9eced01330;;;;;;
7c5e9d3cc9dafd118fb5866aff4325d7;;;;;;
b81d0624cf115ed1c69045e45fe2af38;;;;;;
24734661e4ede9b85032ec7b1b9e1cd1;;;;;;
9e3265962e09eca139aaaa95177cad58;;;;;;
9481b5f4c65c6a226ea26b9307d2dd09;;;;;;
ed39cdfca8f243f45e19cdfcb4dd5dd8;;;;;;
96dcae5a15dfa1113d0bc72776fe2dc1;;;;;;
331bc0eddc0c8ca5eed6bc1e1d2608c5;;;;;;
699ab3803eaafe47a229d8d12da2deaf;;;;;;
a93561cb38740dcfbf4b8dc4313ce946;;;;;;
bc929d3506b2235cc135f1ba7c56731c;;;;;;
881359fa590c02b3944d4201f46b3a24;;;;;;
b9f77b46df4225ba6b42e308a6c0920e;;;;;;
9feb22fd148be0e806e79ab1d9d5b454;;;;;;
dfeca731eef7f06dfcbf27b8c1640ca5;;;;;;
bebadfcf39b4bcd823f3abd08981469a;;;;;;
15269f420323efbdb38874caaab16df7;;;;;;
988110d3c51d15e6d6bc1af79e9dfa8c;;;;;;
96f827dcc72d6674c431cc2cbaf738ce;;;;;;
9a6ce74dfc998d5f31fb42c398b10fba;;;;;;
c9dc8bee3dcd9111f4b7b7d3ac1512b0;;;;;;
64072f7ab31cd5ce8e2825b71beb7c34;;;;;;
825d46bdd95f535cfa4d0b2ac9071428;;;;;;
474fbada42f14b538b94b0f92f8a6651;;;;;;
0bf5422778d9a931e1f4f7d815e481d8;;;;;;
537cc2b2fc77a1facb06d0fd5d04c5f5;;;;;;
32a05e1f046ff2e24e181f575759353b;;;;;;
de8be049fd683c389a65865e31c3346a;;;;;;
22424cd4fbe300eb23f78ebb71ca613e;;;;;;
6c69d11e0c6aaa8dfda738a0eecc42bc;;;;;;
3709b441ef27b6f987a5a16c272bdb03;;;;;;
bd7eea4d563c2277799c7dd838b7c101;;;;;;
315a18f3c4f5c1cda58c492d3662c8d8;;;;;;
bbd2eb188a6a9d9e142bb1efd478048b;;;;;;
29033a677c260423c49c8946d73d3904;;;;;;
0ac9cb6830254aade6e1d5aa837072e8;;;;;;
15d22fc8e801a93cdd9f299138696814;;;;;;
94e72ba9d12bc922a9c06a3707025f23;;;;;;
1b205e276ca39b3d58cac3e4c534e354;;;;;;
e7f15a2c36e256d71ef5465efe50239c;;;;;;
3ec1ca5247b2953ee771f85a5ec39ac9;;;;;;
6156329ff119d2ac347bc3a50a8629dd;;;;;;
d38e0ecb232caaa7b5b88417dc8928b5;;;;;;
7ea113f491c688ebc4200909a483f9c4;;;;;;
103c57ec2213c480745242c5ff7c94a0;;;;;;
98b59cff1e6a7382950d3c3caa941617;;;;;;
a2287e11ca239ba28de766bafb9bb9a2;;;;;;
5529e535f75dcf16d9569b318dc1702d;;;;;;
078bf225c950106c5827be04f3703d75;;;;;;
d5508ebb6143747839fec7544790f46d;;;;;;
a5ed78141ce7a6fb6cc6eb1ce4760bca;;;;;;
2b4d1e169f4b1eb504088eba41463337;;;;;;
58bfebc26f92db3cc988905357b8c42b;;;;;;
d32fda477e6f15565aa655d160a317ba;;;;;;
7c4c3a8b5630beed6b663309e2594a08;;;;;;
aa54310d55b739d0040af1f8fa227f6f;;;;;;
8b875c1b1215ea948ce7cf8f9fd602cd;;;;;;
305960c850f7326abf1be202dc74fbd4;;;;;;
66a1238e7b999dcf2bb072f61a7d235d;;;;;;
0df1e6d895dbd320bc29efd5a92b6368;;;;;;
e11f2c224c2425f165e363d61f3f7c62;;;;;;
69820d709b1ec4b7c2a9fed2dbb94b06;;;;;;
1b935e22c1d0891df1c5d367dc934425;;;;;;
f371ed270f77350545791c2521c97bbc;;;;;;
60972a7b6d600d34366b1fd8726cd10c;;;;;;
c9f6d4f105d98de70ff2b5491f7ed175;;;;;;
8a48224fa08bfc2b769e538e893b9682;;;;;;
2b2997aa5d1df3a011fc673f7ca3ccb3;;;;;;
8390f6285830b26e246b64bfeea47729;;;;;;
5b7e29af7b2afbdce21d90e2f128f125;;;;;;
733f432b7095d6074c93bd4fd9643662;;;;;;
fa8e29d5638e1fef6e29f62f1ac07dfa;;;;;;
12656c6c2f79fec54339002143e2ecc0;;;;;;
159e30381e9530763e2a7c9d2fe47b2e;;;;;;
a2913cb2b3566bb558a4c4451a259893;;;;;;
f877410a92a0c71b4050bd4841b72963;;;;;;
954f42aa73f5effc3c8cd6bda678b8cd;;;;;;
ab3c1432a49c28994e755dda28adabab;;;;;;
89546e2dd992689a33198943edaf2773;;;;;;
d773b995106451e97b0e246d8f132f38;;;;;;
b200fc43670b6e136fdf601cf2eaeb93;;;;;;
17a1666d0c795c1c047ac0c27c2420ab;;;;;;
ccf963e22ed8a120e347f379ba41700e;;;;;;
bd7dac3e95df3e1be41275b090a1c141;;;;;;
671798880650d30fd5d86cf4ac9c5be1;;;;;;
07da68da28afd4504b67417557f62f79;;;;;;
d60aaae9761ef78b7ec0512a9aae969d;;;;;;
c9035695641c4d80e86e55769537b35f;;;;;;
5f5a71f8a68fa85e75b0dcb27de9b852;;;;;;
f65d07f7360abb359ad3cc4905d76999;;;;;;
dae410bd39378552262872f1b4e69e4d;;;;;;
4ec78cea52b75b52f977c6575d9a473e;;;;;;
9784428422c7b83f82f47329cf6f1471;;;;;;
6d4350f17b1c911a8cd4bd83c0f876bf;;;;;;
0276b2c02b2556d7fdc6b6056284ff3b;;;;;;
03ebcd02c8313f75a8d18eac270dfca2;;;;;;
a5c3b382d9cf69ef59d134eeabe052e4;;;;;;
fdb65e4a2a7aa8d8cc69260d7f0a55bd;;;;;;
cd77b1cab458e21d9e75708277b70339;;;;;;
2bda8e74c0875857325c391020717c27;;;;;;
9a69f8388836cfbf41cbd5dff6932745;;;;;;
96eb485840f5a561fe1dfb1163defb74;;;;;;
7f244d0f9a36aa72750746e110bd6104;;;;;;
bfcaa1618f7ae68d897fd95b288e1795;;;;;;
56d0aeae5f07a4562c2ec6a6768f6d9f;;;;;;
3dca354e21a79b012ff235aba1891aac;;;;;;
f068358037b25972735694f07866d805;;;;;;
734e0d1d2e348780c19e3e56f268b8e4;;;;;;
c8788b2abdedf7810910f244ab0751f8;;;;;;
e9d1c52083e88e1900965bdec30bf599;;;;;;
eac2bd4d3f61b1bfb05b193397a0953c;;;;;;
2dde0d07732acb18ab290d9d350ea484;;;;;;
95d0af0c132a1ffee35f5387e225d1d8;;;;;;
bb03826995666ecb07c061cb07ae3b5e;;;;;;
3ea1f5c1576902e132e29eb0fcb0b972;;;;;;
4b4b0e52deb11283fc6b9a925b82ba07;;;;;;
d3c23cbe2618c5cebf31d9704a202197;;;;;;
f9680ec8ce0678be986f58052598be16;;;;;;
af41ecc93bf1358a13bb1b204ed6d00c;;;;;;
59a6e40956c0b68766d609323094163f;;;;;;
aaa05a1f1f7c1d6847c16485999a36a8;;;;;;
44a4d86ce6fb9c0deb38a5a99693967e;;;;;;
91e5bd40cd3196dd81c8caeae4e5c70e;;;;;;
ff77fc892aa0faf46317c8e3d448af92;;;;;;
043d821359ff231e207a7bea74eff31c;;;;;;
b79d36e72bdc68a8e8cfe676930d6201;;;;;;
8df2eda1b89c8e368327ae0186f85b35;;;;;;
1fb32ba894a55f0bf102756e44d91dac;;;;;;
07ceaa464516d5c3ba5781d0162bb1ff;;;;;;
ec5999b31732f149831f0e2b4895b728;;;;;;
686b87425e260213bd57c58101b48946;;;;;;
4c3a79bc0cc1e7119f454b8f91747604;;;;;;
a15f542272e6ea0b4efaac6ed9a3ee3e;;;;;;
75b1e96713d200c4ab8a3412841b598e;;;;;;
43c314b43ed566322508468fbefc5710;;;;;;
f0ad791b5d0d13a2dd32c8ab07e984f4;;;;;;
4d06c88204fdcadddbe37ce219c338f3;;;;;;
b967d862a75bd8f49cdd4f1e7b0b040c;;;;;;
0d4e9a1b3442367955c65799402698c3;;;;;;
2fccade7c3282ca437d6f54b81db5b22;;;;;;
69ead86b4c7941a250f9f8ec4105f1d9;;;;;;
4e4b57f4fcd4455aec2e10b6fab96b3f;;;;;;
89e54fe2b966dcc53d886e36db9153e8;;;;;;
19d0f601bc09a891affc3aa240de5c01;;;;;;
40931119a751362ab90debee80731f7e;;;;;;
e9799b986b8252d1c905903f26569b3a;;;;;;
3b0a047e340567d84f071072e915b566;;;;;;
c8b4ec5dac9e8a605aa92c0e824ebfd5;;;;;;
bcb30d448957249c5fd442a4abed964d;;;;;;
0280b2e7cf8d67fb29d877ec03a0290b;;;;;;
bd204f9f348175184ec4795137f41d21;;;;;;
08788838bfe07b56b9b44bf3ac1b4aa6;;;;;;
ccd9528d1d434bf3ab4c22874283f0b0;;;;;;
65b8d1f5eb1f6b89bc89a9b1cb359f7e;;;;;;
3f2bd418562d3b4dda33d890f67877dc;;;;;;
0dece846fc43406ddbaab730c0129bfc;;;;;;
d9928c76a21a9e2160de20abe06720be;;;;;;
08a217b5007e00f05fff0c351d5b5ddb;;;;;;
37b6d7970dd670e25c0fff6fa77f32f3;;;;;;
c17b7b7952c683af2791ffaf0212ea85;;;;;;
8286ed9bd08ee088e6180989455d9378;;;;;;
ac9a856a35fa0e7fea5c2ca528551d0a;;;;;;
4041119ae05b85cd586e47525576ff04;;;;;;
6ed592cef98c9f4c2320feef64ca897f;;;;;;
bd5b67000cc4a6ca43fc433fae789c8d;;;;;;
8d7376702a8fabac84a7e7180becb01b;;;;;;
940134a2fcdfbb74576d5fc709b04b9b;;;;;;
22c9a56d10f42454c7f2f9b61cc1922e;;;;;;
e79328423846ef9edaf8d5227b4fbeb2;;;;;;
7eb820d2519a10fdb996ba0976ea7068;;;;;;
d2d680c8f20be3a1a4f323265233158e;;;;;;
12c4efb1877b5dc3b0ea0f4f54175130;;;;;;
b862ab4c02ca292ba712fab5a598f374;;;;;;
57cb12aaa4aa520a0ba04e9aaff46ea7;;;;;;
ddfd52b801ec9d4e9c3ca9f7fdc545b5;;;;;;
436cebabc7def4a6950815fd6f7ed893;;;;;;
2ecd553466b1db9e9b77a1dc66d1b5f1;;;;;;
53d90aa2556fa014bce2dd40098415bc;;;;;;
d72d3c0e645dd7855e465608f4a1a913;;;;;;
f8beaeb8def899deb40f461112cf9e46;;;;;;
8702d36a26d3442d5f075f61b019d4f8;;;;;;
0a96e205d9a15e6f0438ad486c9a08ad;;;;;;
70e71e1eb2bc74a6ec76fd7aaee924b3;;;;;;
e0ffaa809a0c997563f246ff5b9109da;;;;;;
659bdd9335b3cd94e1ba61109047abdb;;;;;;
673988d9f1051414be80aa886b5f7c93;;;;;;
b8623a0345ba87092c09ec6d94956ca9;;;;;;
cad585c75d3e7e8d18efc1f84e20c06e;;;;;;
76b82377466651ff95575be3bfad2219;;;;;;
47b01968f638c63e8d7cadf6846d34ef;;;;;;
12fd0238b8a6a3e8b09816c9da3392cb;;;;;;
6208602092d8ef23ea7d34aae2766413;;;;;;
5c490bf5068b4266c29016dcc8a5eaac;;;;;;
f315e5b4d9e076c941e10263379cb2e1;;;;;;
143f1855fd19bd56f465097e4fcdacf4;;;;;;
6607d0ddce11f249378289725bead4dc;;;;;;
b6a946e8f9b6fded6fe1cc1afe1c57a3;;;;;;
4a65fdda15d7eec5a238566512040ba7;;;;;;
bfe7d854eff710167d8bcfafb418f34d;;;;;;
dca26e6c042cb48adb07167dfe7fbe9f;;;;;;
9731042feca6879a91d4e5d94f68964e;;;;;;
8d8a94396f163a7bdf3e904e2b74ecab;;;;;;
e0edfdd8639350d5c20abfd4248b1b96;;;;;;
dc4e82a03499f7aa8a7515db9df131c9;;;;;;
1690dc2b62cf27a6114faac8058ad41d;;;;;;
5c6e9abcdb901c25865aa0f686e0149e;;;;;;
1492d084c5188aa02a75b4354eb488b6;;;;;;
a9527f36e03d886a64c4fab8839739ec;;;;;;
944f47a7b5c15eafdfab17b7f276f82d;;;;;;
b9649d049ef3b6d6f68d7bc693445b61;;;;;;
638c86184077be3db625685636722666;;;;;;
bc7027fa27780a3358d4cdb4f2d6738f;;;;;;
085517f397ec3c3ed68117812ec5ff72;;;;;;
0889fe33c46f5df975029e9f65b3ed76;;;;;;
a217d69818ff4846586bd0f6d3fd9693;;;;;;
b82f47b7e3624762ba485f64669682e0;;;;;;
217132a9576f1a14a5ae227c87b752db;;;;;;
78b9147181cc12b28a651c6dedfde364;;;;;;
36e6f2b302422c43969092bd8518c167;;;;;;
5c784517916f68cfaff1ec207e04d9b9;;;;;;
211e8fe38e219a01a2fc28b82813316b;;;;;;
c751bce7ce0f139e8eb8b918c312f1c2;;;;;;
254370f71b06ad0d3cdd45fa01e07c13;;;;;;
8ccbc9919b6d14b17a8b3d844cff2e12;;;;;;
71c42e638da35791c120b625c6380db1;;;;;;
115f3946bdfc6e39e7ecc3d5532d8efd;;;;;;
83c42e09cdb3a13ee0792904b9a6cb91;;;;;;
ed3e265ad8c7ca640a76cb72ed8640a9;;;;;;
5fc19d343b4f42173986c1d03c5ed5fd;;;;;;
ec568c7ec4b1897de7f6bfa058ad2163;;;;;;
1e5fdb6de5180f0fa849f07207ba096f;;;;;;
ca49dae6a7a4fda5e5e12fcdaf6178e7;;;;;;
ee0cfa8b4500e731832344b6e0693287;;;;;;
35e244d230ba1c5e1707c9ae2391f363;;;;;;
1d596207d94cf7101160699ffdc1e578;;;;;;
4fa7f1d811396c8b2670d9d3e53b0c0d;;;;;;
095e2d8d08020f76e841c979f90e3857;;;;;;
7094ad0140bcd3370d06563c93d630df;;;;;;
38f8a3335c778d1fcc669c9ce8a037cc;;;;;;
0d3394eee1963978daa17b9876b435ce;;;;;;
af6d643a2b4c57270d34a8bf33f9e11c;;;;;;
8e78f6d25fb9fe011ae6228814abf468;;;;;;
00fd0e4d0a05a4d6b0bccb540c230766;;;;;;
ba99eb650f438fcd79770cf1a787ff44;;;;;;
bb559c921939201ce266bade559856f4;;;;;;
6f840ac59470d4a124e87863e2c6a332;;;;;;
095b615e14473ac86546fbb1d40545ab;;;;;;
bf42dbec9ac26061e9dac84697a483ff;;;;;;
60d790d26a602b5af1bc342109f1357a;;;;;;
912a0260bb6779dc323a51f2fc4ae5ab;;;;;;
48230a43cb8b52318917a8ae1245911b;;;;;;
a6d9550b0312ff5b374b4c968c4230d5;;;;;;
d67abfa02f6255865c140c4e25d18302;;;;;;
e2b944effd9170683379098f8b05c1d1;;;;;;
7572e4b7b8e4974f686ed3d3056587fd;;;;;;
a2c16f5f0f496251209941300085589c;;;;;;
27f3a8abc53a9db79e181a63ea3ca6ba;;;;;;
5a6cd51ef887b6ec92e18c9528fcfea9;;;;;;
7c5a6d69081c3cf5830953023fde2f74;;;;;;
b4136617e9a3110585e39ff5b7801db8;;;;;;
7089706380158d1c3c7474da9722a8e2;;;;;;
1f0dc289bdd65fdf0bdf881f257345e4;;;;;;
cd54a358b5110381e350f92ec0997e86;;;;;;
ba8f90f47b42a6e9623e74471f7321b3;;;;;;
18526e1cca23dfa1cfdcc6ba8db44580;;;;;;
505d336b4516677ecafaa71ef88da395;;;;;;
f3fc1e9b64bdae6763084156abf1f02f;;;;;;
4f00595f6b03f815b0caf8e6172428fd;;;;;;
8545a2b4813802c4112c83a1371ffeb8;;;;;;
8392fb3c423290cf911061e596e739fc;;;;;;
9803e0ed8c459a0e01720dde7ab5efbb;;;;;;
c93160f3b4b3dd6cc915a4098c9af2a1;;;;;;
233aa630a85145932aafa5d970ed7f06;;;;;;
54b46139776fc58a7f2c0f0de54c8929;;;;;;
0b7e0e96ff27ca9ade5ead17c9a55ebf;;;;;;
34ea7451a684aba65e32683828924688;;;;;;
dea1c8aa6049fcbe319012a41001c35d;;;;;;
de2207560764c4c4030c4a4c4850cc9e;;;;;;
211313c59c401c5ca76009cc70daf360;;;;;;
0fbeff6f96dbbf1112a2bbd41f493303;;;;;;
9979df20586e07287d36869edae4527e;;;;;;
96aadad03ff1157cd951a5f0ee9f612b;;;;;;
752017b30902a46ec5c4dc4506548f5c;;;;;;
28e82a76c50f121a8999182afb56fa3e;;;;;;
65c4e7f62010f3cccc997cb221254bf3;;;;;;
0839cf667b3791d65a600801fc22ee4e;;;;;;
43ad6746b5690468fe84dd8feeeea1de;;;;;;
62239cf747fa9d5045421860b762f615;;;;;;
e26a8d1fb629ce23a558dc71eb3efa14;;;;;;
5c87f4fef1ee0433a44e6a9cbba80f4b;;;;;;
58396bf5d5907454c84f4164b1171537;;;;;;
3212d6286cb53697d14f159ad2452f97;;;;;;
04f6f5aadf52fb349faa8320ff49de5b;;;;;;
1c230310ac7f291dc80162685aef4e10;;;;;;
d8976faec5035832a1ed5b070e4bfbaa;;;;;;
9ff890922b98629bc6aa5997c555a1e6;;;;;;
3135e555d5e4732f69ffe52c7927c1c0;;;;;;
2cc34cc0173a8ae43d823bc7c5466321;;;;;;
c8ac284157ce82a7f82b0abe35948172;;;;;;
5c597b560656227c6d8001ae0bbb45ef;;;;;;
b68493a6ac5d860404b231e8f4c8c5fe;;;;;;
ab07ff1086f525b341a3bb4abbe420f1;;;;;;
b3b535be677c5f27677cabf23974c2f4;;;;;;
5efdb2682297eb56ac36afb966a84f2f;;;;;;
3840617f7dad186342a1bb9e8e850f09;;;;;;
b899b8b6731188faa9963101cb48e62d;;;;;;
ab9b13055e31cf8a887231ac521201c0;;;;;;
7a15a743039f8a133dafe2f973029c01;;;;;;
09aececc6ad0255149446defd32611b6;;;;;;
994bb285479924ba58f463e31e49958a;;;;;;
b9000ce58ea2df1725cd9d89c262fab3;;;;;;
1e7b8bb3bb7849dec76a23930ceeb31e;;;;;;
51ed15fcf83acbb3337defae89ca3119;;;;;;
11472d3e7bbef26f0cfbf1c88a428643;;;;;;
b2e1a8fb33fc5ffbc9d756d052471ae7;;;;;;
5fd6219ac4bd9c17765648c69fb593ff;;;;;;
6085d17ff12824a3fbc22f86238b84eb;;;;;;
e618bfbe1f8c1fb1f6c951ed8fdd142a;;;;;;
ad0eb9c2190dfa3e461cf6e7049d3c7c;;;;;;
1fda27d32768b701798a033318b596f3;;;;;;
b50906da27ec4144adf739206e134acb;;;;;;
cb9b5a89b7a5f628c44b21b6547f2749;;;;;;
bec8497400d9cbd31195ea9ff22624b5;;;;;;
1210e4b1915fe8a998af493c452ce370;;;;;;
694cfdf458073906c05623fff3fcd3c3;;;;;;
72d1711f9965271291ed77e69d1a469f;;;;;;
46eaa375d5210bcb252a9cd4623ad20c;;;;;;
f63ee991d8a2c988c214fa28d15cc528;;;;;;
348edd4adfe03301daf30af2b166f128;;;;;;
6b95e5babf48e501f78a4c398a5ef3c9;;;;;;
7ca4c57b07d79f6fedbccd7ad3189641;;;;;;
ce4943e22818abc4886552dc0881d983;;;;;;
51819ea8804f498962480ed53b2534fe;;;;;;
ad9325452b8e2f5536cb9df98a6e9ca1;;;;;;
e1b4544b5f1858103104670850159519;;;;;;
d9595d4506803b4ae414e7a507e72a46;;;;;;
92b47fbb73402fa9e0dad31e3d08f370;;;;;;
8b824d8ef69b130a5c8fb9d8ca79ba33;;;;;;
a4a06bd3fa17cb77021ad387ae383a3d;;;;;;
0701ff068a35e0c0e508ab4e26574d51;;;;;;
b61b188d9ce16f82112570413635a778;;;;;;
18410be9f9a3c1ccba1c09f063f5b541;;;;;;
d58c25b2db7464404d12f3d01829fca8;;;;;;
8e61f2f0f38115584fd690026990f3b8;;;;;;
3f6593c0861f38d02fb0634798516d6c;;;;;;
03e705fc9071bc19ad1c802cefeacbff;;;;;;
81df44fbdebd90cf4c105073311f5514;;;;;;
37225d51239b5179237b5ee4a904e805;;;;;;
468ed5b4f1327a8980eaca067f25d583;;;;;;
fc80c24185e0f0bf14b31f17d0336583;;;;;;
3eb6aa6e104c30421c83b6a2c8d040e0;;;;;;
1ae6714fcf992d7004f1c6067c7df61c;;;;;;
dc0eb7bad57e81677aee555191c3e993;;;;;;
80a1085e3987282f9c04b371ce8e3e98;;;;;;
a53904c07792bcd0502589c60a6467da;;;;;;
bcb6414bc2c6caae9b54d62db02807cd;;;;;;
64935aab48e36ab50379f269a9878daa;;;;;;
c27370cc52752880b427aabb796f9247;;;;;;
20799ac700726b8dd8f92ecf55835abf;;;;;;
7edabb6e189904317232f9ecbb41a77c;;;;;;
75d61a643e48f4e91950b2614b999aa8;;;;;;
071866188a53986501392b63e000598e;;;;;;
3c799331e81f3043b05699ac3ec56f4b;;;;;;
073327aedc844bd0255bef74f607363f;;;;;;
de3b97ea2b55baced966c675ad5c25fb;;;;;;
2f7c359ebe195c3c7ccc5acd6a661bf0;;;;;;
4e5e330869e0b7fb7c01b8a7d85ef335;;;;;;
e5e38f127c5feaca23182444a1de67ee;;;;;;
f4c2e287b4f61f6db056e99fa362b483;;;;;;
cf6ef0f93a094628ead4d3875bb68e7b;;;;;;
c8243e0aa903432a76225a473247b824;;;;;;
1315d0747e1b3be5098c69c7bda485be;;;;;;
de74811eef394ec9d39f91d3b3dd20ac;;;;;;
2334cd1055e1dbf18890fbd812523ed0;;;;;;
0ccfcc844e7cdecc467e1946ecd1a52f;;;;;;
1a868a8c8b868023f3161ef061e62d6c;;;;;;
0359c8f0f44542fa652619c419be3653;;;;;;
d476e2ff3a6681f01614c6cd55975c19;;;;;;
5f24048f33c0b3a019c2d7f935e45b0a;;;;;;
867e1c05ebaf7e9eb7ca0db54d1ef617;;;;;;
1700b11df364eb4b67479e4f0de2710d;;;;;;
54168c54c828ee3618ba8a7a9d75ebbf;;;;;;
3ce650f260aac29ed9dfd0fc6c76297f;;;;;;
2e3afd54807f062aa47dc72a2c65863f;;;;;;
6d1f2efe1d9ccf9c123451abe5338828;;;;;;
9e5dc627ee441b1a7a50598a13e4b772;;;;;;
ad4a331c7f4c782928dce9d1d7d9fb56;;;;;;
021952c5f535a1b018a1ddbccd70d032;;;;;;
859b471c6833f7c87a2242b18854ed3f;;;;;;
fc56183484445b3a77d11a81dbe152a7;;;;;;
9d004fbd564e56fd446b78940e4cdf4c;;;;;;
262609e37527b672aeb8bf9fb6876674;;;;;;
1ef80b96996a3e7843f8ced3ace09c07;;;;;;
397011295a85a82676446b1b08b9e5b5;;;;;;
50bbe9c0004879d570a54559b7fb25f1;;;;;;
80d0c5fb437636deb82e3f0a33d59059;;;;;;
a7f696aa4d9408e3550c9bc883126b26;;;;;;
6e3d76ccac8b67c0c7d3b6910ca70a16;;;;;;
ed919d6bab707714fd4f3203b81f2d27;;;;;;
8d24500b95ffd2a03442e0674d833c58;;;;;;
8c5dec197c73964d9a274c6d4e0a36ac;;;;;;
4fb0471bf28a0c5a5e3ddfa131c07059;;;;;;
1b25ccf918c9a0a8cd098f08f81b8f28;;;;;;
1b10391a6b5e4b28afc0c12aacd1be6b;;;;;;
bc89d70921916999a00e1241a84cc85a;;;;;;
87d07d42cc8da4ffe2d9c2de880018a1;;;;;;
02e9cd3ca3686f327f72cc37e0783c72;;;;;;
44f13da31cc9fee8df9ce9ef40f6074b;;;;;;
43f4a5b4480e056141ea430f2d23e6be;;;;;;
5a539ed5e72e592bd337a668762766ce;;;;;;
0b02cda099b2caec2aaaa25bb33720ff;;;;;;
73911a4fbe3664c3c5d6e9220ceed1b9;;;;;;
73fe080221066e89613521766e8eaccd;;;;;;
768a285242e85b72cc34866ef84ced79;;;;;;
ec8d317b3e8a9493ddfb4c449bf24235;;;;;;
a66b95d9eba27ed2213f31a4a377e9ec;;;;;;
d69d3947cd74ac8d76d11e24aa5829d0;;;;;;
3130e0a781e04eb785e769f5b550445f;;;;;;
687eca9d288f0516f542e95ff2dacd21;;;;;;
c2edfe55d7ceaf5820046616c282bcba;;;;;;
3d3510893e99b83d426f592bfc8426c4;;;;;;
2120e12a6e0abdf623bbb8456413b2c4;;;;;;
91558ea5008f53168fa207ad408cbdb7;;;;;;
7ec3b7aa81948f045e90c84e7aa659ae;;;;;;
a93d8f8f8b39c20aed997c6db31fcd82;;;;;;
6fed4a5246ee03296afa6d502049132c;;;;;;
bf34cb92d9fbb46640c81bf83f8a5bfa;;;;;;
ee75ccfe43d6de810ae76e5eafc83b54;;;;;;
a98af7a623a44ba799136ea69d84639d;;;;;;
01f1254d11aede3a00066f70c450903e;;;;;;
8042a502df26d4c498e401a7fdcbebf7;;;;;;
ee7619b1117a688fa5bb36015cf98499;;;;;;
4b4e9d09d87ae44f5b36916d02677639;;;;;;
2c2462941b023a736082dfbce8cec008;;;;;;
aa71d1b17d01671a56b3799a2e69dc63;;;;;;
a1f3d787eb6d473c23163ca81e1f0600;;;;;;
f31390981f5e2659e4f26457da8a1065;;;;;;
67eadcc8b1cc0c821180418527061513;;;;;;
02ffe25147f4e14a3cd3ddebc235fc16;;;;;;
f40858029baafaa55e30f2e2be9b8da7;;;;;;
7a5cd076f11e7c0aa239803045f7e9a0;;;;;;
7abdcecc34ec1ff1ebd8333001d98082;;;;;;
796324a69bf0257c2640c8ae57dc7def;;;;;;
7645384329a9efd9badabb5712881db8;;;;;;
abbfbcd36ebcf03f3f896390ae83379f;;;;;;
e5e4a86c24b6704383d782b2897d2b85;;;;;;
1c10f20453de262d66c0b7c59ed32c8f;;;;;;
465c7022744f109490e19eabaf32191f;;;;;;
e3a68a1b4fd3109f0a2c752572a07884;;;;;;
245ab65aa552e98ee08542b40daca629;;;;;;
a4c0ee21bf2d4f6ce64e845712e042bb;;;;;;
150aacabe5b8678af5044ea1492a5644;;;;;;
d15e8ad8e411a79b35262bcb1a354502;;;;;;
a252f3dd11b52df5120fd2fe28f50a7b;;;;;;
607b714695e3368b9d16cb2e035b7ff2;;;;;;
b82a203e3d1ec9001b5d0c8a8ce76b5c;;;;;;
f32ea242d952ec55e6dd7a0f048f9256;;;;;;
bb77fe13109aecc1226f4b8de7c98dfa;;;;;;
4e41730a5a1875616105a93507367a0a;;;;;;
e944593a695aaddd5a97135a53769090;;;;;;
1c2b9970ce73e9d8426ad18f893785f9;;;;;;
2178997b876dab7ed140cb579eb04574;;;;;;
19560bf5e44ad3884d3a64ead686fc1c;;;;;;
93df0889021655ecf4446bb2b9306ab2;;;;;;
31b55b3e33825df946e5d8988247539c;;;;;;
13732f1a7209112137970a04c8c6e6f2;;;;;;
a55ddd132dee87a7a62ce7ea5f0b04b9;;;;;;
882d4ff955bff69356ace84f1e6ab7c6;;;;;;
bfdddd67575bece0343a6edab3a1bc25;;;;;;
fbfea3c3befb489f7b77832b8b31cebd;;;;;;
3c2376291b6622816e5cc1d4b4ea2a9c;;;;;;
69e2f1cbaab5bb0343a0f0bd15b8f269;;;;;;
bebb3fd7268e5a21be032141837f02ee;;;;;;
08593546516640a22c7965c87701bf7c;;;;;;
ff328b092349b5304062ee7a55fd2ff3;;;;;;
37c9bfe547b1d5edab58c81204fae848;;;;;;
577cf08bea515c39bb40ff13f02a7546;;;;;;
f4e28636cfac635ea9a10511ee47ce2f;;;;;;
3e1a546f6d0ab9c7bc0baf1bad17cba3;;;;;;
bc8996a2637ba1c224e0c3222df95c05;;;;;;
bfbde40708e4500185158a8ad3b647df;;;;;;
f0ecea349aa1a5c0f28333c175f89908;;;;;;
8f6009991fb52afc694bf964b092b580;;;;;;
0272c52e07544cc6ef21070fe22fd123;;;;;;
b757b3a41b9c1182d10169f359e2bce6;;;;;;
1465affe93804b9844b9956510fcaa26;;;;;;
5e7c9f7b4e4be59b6e676147a4a966ad;;;;;;
471b572b007d8d5b36d5683ba2bb9f61;;;;;;
09409f8e3aaa1fe7adefb745bd6bf524;;;;;;
01696a0be696b776553071e89580d039;;;;;;
176b52e98306aa9a3924c2b52656a9cc;;;;;;
d52237c73710f45cf2a0e479b59cf629;;;;;;
b731587cc25e4114d01eef3b063c7b89;;;;;;
35234f7b4cb026737e93273cd49494e7;;;;;;
401a45f50a17d266de9c8bd6e4a10510;;;;;;
dae33b2ca13d9663a781b406ace54e14;;;;;;
39f82fc251024d1dafa60e4d14fd68a8;;;;;;
c6a5d5ef8f5e1cfd6d1ef25e72ad02a2;;;;;;
c33ee8ba5d06cb91ec805bb4fc79a690;;;;;;
a49279ea4a1c6f716f117db46e87a674;;;;;;
a5e074b5b038af921340156e093f06df;;;;;;
1762d6da9ad87c3f10f1ac2ff5415a70;;;;;;
b182aa07cd080b04b907c1d42c72f01d;;;;;;
2591a492497d036ed99632f3d8976578;;;;;;
bf26c633b5d81a98ba55347a0fe99598;;;;;;
d8d392b413920148fd9be9b7d6a97b56;;;;;;
96274c50338c227dfbd1cc5d5633c8bd;;;;;;
ca5427a683ea8e5d05f7f5823b8ea88d;;;;;;
08fcedc24719f804be178ecbd9b33878;;;;;;
9e22a47414cef046dbd6148a924668f2;;;;;;
03d50d7b352f88b4361d404cba1727c2;;;;;;
b60592202bf927bd84d5deb65d957ded;;;;;;
b6424735c2e4360e20ab75f725b6280a;;;;;;
a907371e8288bee128c5b479aaaa76d2;;;;;;
0ab3f1321a13c90490934165362331de;;;;;;
58f765e3337c0b47348f5d19f4308eef;;;;;;
30a96a244ba7b78537da9c277d1d992c;;;;;;
daa3d71121a3de93307db070ee65d750;;;;;;
9da51e35f28493d78a9e6fa9cd1d2d8e;;;;;;
1e0e37a613de4c66dd93977aaee65a02;;;;;;
b682968d4763140b085cab19722cae01;;;;;;
f71296e0979afbea0aec7ab7d7a4c002;;;;;;
fb377ae4c621ccba3e5e469af8fed8ca;;;;;;
3de03e8181bb901b27b2d43696c5e1de;;;;;;
f42eefce12b7f1673217e95d913d3125;;;;;;
ccfc412f782dcd9cd19e954ff4f9591f;;;;;;
a48ceacbf28cac3fe11c426f423135b4;;;;;;
d0d89652185c0c5c017bdb826cf41d4f;;;;;;
f5b762889ad4e94af250a7b91b6657c2;;;;;;
21c2be1aafc34d243c7f2ccc8e0af1a3;;;;;;
4baf258adadf6731f3879f9dbeb46780;;;;;;
7489f320e93f106335d52d554b78e15d;;;;;;
77ea76d2e535c68eb442abb21560c2df;;;;;;
3cfefda9b755bc3544d0ff81ebdcebe9;;;;;;
f0a0cdfe58f035151daaf50a418848b5;;;;;;
bf2437c8d31f4fd2707a9fcaa9aefb7a;;;;;;
4df8f27f615b251c12c875f92d8c5fff;;;;;;
7704466200af3f0b0adccb19d97bfbb0;;;;;;
e7207e5eeca43daf9313be0071aa5fe3;;;;;;
266d2063710729b0f2a3c1b3b400316f;;;;;;
a9fad7958a7051ca9d902163c22083ff;;;;;;
493906b21bca197974495cb22f659543;;;;;;
9c64a7c5a81f0231bbbcc96f93161f27;;;;;;
d60c283d2f259a30214b311fda6192d3;;;;;;
2cfb94233665e24b79e7e7c9fbc0040b;;;;;;
b67f083436442845edfece1fd025b324;;;;;;
95301949c9def2078471ea6a926c8502;;;;;;
9da929f512b32ccad8468879c14faa6d;;;;;;
e65d7ebbe4ca811c18f74a0175ea254a;;;;;;
605a0fe66cfbd2144bd134ba7fe0affd;;;;;;
8e0ab8ce5203b7d41afb4a0eb20ccd93;;;;;;
65b3a5d8e50f0f99cb7050e040cecfe0;;;;;;
fbc4c62d94b7f5fc53dda1041e033375;;;;;;
f6c2c4f1b9431747059d056291243867;;;;;;
68eba7f65012167d81e0f0ed6a777961;;;;;;
2d8e38c9c796889eb6665dcf5fbf297f;;;;;;
e05d5c37d1c09b1be66f638206230d13;;;;;;
45b9ee4b839b2aef019df34631080c3e;;;;;;
b1a448263b068bc4bef51decf813e444;;;;;;
3a6a137d74abe17fc4679380e0844375;;;;;;
48d0e6b0a61993c16e778e1b7410f879;;;;;;
04db1bf65a727a3b73c1e2763b991285;;;;;;
6213164e6c34ffcfa763e288b93a32f8;;;;;;
6333743a6c690baa51db60611066e084;;;;;;
8f96406dba26de4a53811e8a5cc25d07;;;;;;
c292d9b24d458cbaca5cd6e77e67a94b;;;;;;
f9c434af3e3932af7b0fcbef8aee76a9;;;;;;
c255c2a9c3cc6a681058c8bd8d43c5ec;;;;;;
64b1d847e9d20fa791a2df92de37108a;;;;;;
b071de4bc5c463ac3ef43a1a709f85d9;;;;;;
04d5358be3de970d2b9034dee61f5956;;;;;;
70f195f7825a40326e83c17cf3e98f1b;;;;;;
66fa419eb25129a3da01f79b21ca353d;;;;;;
64e4850a447ac52b9bb7affe04e02680;;;;;;
ecda588c19c04782d0b64b0e6e314c85;;;;;;
3abd210702893502c965bf23b58062a3;;;;;;
ebb6e2d1aa69605b0f75638a49b7f707;;;;;;
ca9350c166c33604b25d1c840706c0cf;;;;;;
60b7e6329d46f3a9d7d10551d224129d;;;;;;
cc4123c563086d08e4f0f4d756857ad6;;;;;;
aecd6455ee6f157c35aebad2ebdd9c93;;;;;;
f1b31df2a095720afccaacd8ca8ecaba;;;;;;
b21552fd51af6a21898f01e360920441;;;;;;
95cb09808d3d20ccff1c170a3bdc85c0;;;;;;
616d767fdbf978898f8d64ba46924f18;;;;;;
ff14aa5c9286389f52c6125c4e28d8e4;;;;;;
bf47b771b4077a2b17ded95af9d74c8e;;;;;;
6154b0a0d0f3f8713f350ac9a142cf7f;;;;;;
53471595eacdce586a623f4bd8890b3d;;;;;;
e37f0ec91296f906307795241ed601ab;;;;;;
ee1f4d9a98725760976f8ea0abf2dda1;;;;;;
a791a7a382752bbbe82f4e20bd26cf00;;;;;;
604c49ff1bc4436bab441754ce3395e5;;;;;;
bb542737e0d01fd6e7b541e28bd318fc;;;;;;
99098bd0c336c7e14adfe24aa7618bc7;;;;;;
d51bc2c2b607f1303f5ee6d48e9febfc;;;;;;
cee829d24375135a60a28606f087cff0;;;;;;
4139735326e3e1bc4fbd2e38099f1e2a;;;;;;
f040c55b77d87c73d84d78c4b3cd7993;;;;;;
91790d68eb2e6e31118941fdd49e688c;;;;;;
ccc0870b983d3f0b7d743b76107c9008;;;;;;
6b5ca0ea142d7e45b1cce25901fbcf94;;;;;;
007894cf00c866c77ee1da8cda89836f;;;;;;
32bd20dd0fb6bbd96ef0cbe29abd2a13;;;;;;
19b9c902318feba119e0a1718068c58d;;;;;;
e14a72bb3050aa09cff5dc29e2588379;;;;;;
2ccba903b033f12608b80dac129d1fc2;;;;;;
ff28a27f1fac7eb54ede3fc4a165c19b;;;;;;
7091a9603ccd1159bcdd5020937cab56;;;;;;
f90f7fea30fd5315b34fb645f21457a8;;;;;;
fda35b156fbb894885c9410c57cba85e;;;;;;
28bf4130ac066764f39e46a12a4f99b2;;;;;;
effa39a7986e591b2593696b1ce5c1bf;;;;;;
f7af1bbf53e2a2150b03b1dd484508f3;;;;;;
9a0df8e9c0eaef811b9c112e1928bb52;;;;;;
0d8c8f51603b26947438af3fb8d4525a;;;;;;
111e5c179b8da1f0d4f92aafa2a68ac2;;;;;;
b9014e3d21eaee6978ac1fc7d070ff2a;;;;;;
ea1cc18517f0d60165a7a012010504f2;;;;;;
be14310a1298d4e3b11e20c6dd2cbb47;;;;;;
663c78f6c537117a28b76d0ca4cae6be;;;;;;
ac4fa0e76a59aaa4960beaab7ec59fa5;;;;;;
cd37dc8238796c277332fed5c9fe573e;;;;;;
b9d5bd2ffbf4b5a2865a9abaa4850a9d;;;;;;
3c11fd5fffc9d4eee46082ef1bc1073c;;;;;;
c05901ab24ab7021e97bc07c2596dc47;;;;;;
6b72502c013cd458bd5f487d093527b0;;;;;;
06d66ee5ec0caaa16ea65f2f76a86f47;;;;;;
4a1367fd1f82c013a77e31ea81235e41;;;;;;
2fb7b9895722d084b8eb0ce8c57725cf;;;;;;
9512f100590dcdbf80206a9d7eaa4003;;;;;;
6eed54de8d5b47a965fe95d0a8e8a77e;;;;;;
68af755e65a3b200d7d411bf742e51c1;;;;;;
fb68b7aa80dc8378a9ddfd1f4befbe59;;;;;;
5f13f62a4eff8098a1cdc6c9b5dfc19f;;;;;;
a312edf08a814cff4c49f264f9e09204;;;;;;
59d4a567585725326759edeba64ce509;;;;;;
312602aed2ea65ccfeaaf11bcca6a0e6;;;;;;
520c2fa45e9110a45dc1dad8ce8fd6f5;;;;;;
db37cd88cf088fc7fa61e9072a962536;;;;;;
d18b24a2832428178ac86b382f036ddf;;;;;;
08f804a0db98f52cad23efa0840992b9;;;;;;
e1e843a190c268e6600c2e4c8d6147f6;;;;;;
58a21bd5920e52e700577243a990f147;;;;;;
19ae657cb8622830f917d5d470c4fc71;;;;;;
fe7fdcb64428a9e2717f783d46bbb352;;;;;;
fc59413fc17aff1d961c3d4a3854591e;;;;;;
2b44a99f4364f94245e7f1800661c8f0;;;;;;
dbc5dd125da087c641f0270d851f3208;;;;;;
087bb13c89f7f7799301d05079d422cc;;;;;;
cf7a34b0d3c2b85dbb24d8fa81f950ca;;;;;;
2bf9d67706c7adf42d2b910ffa661e50;;;;;;
9778bebf5ccb22cdef09b33a53de90dd;;;;;;
133d493320649ab56af635ea9cbf5c2c;;;;;;
9436e298ce8b80d18da5b482cf2b9dd7;;;;;;
9f218ae42dd9d3c1bbe414bc08dd9759;;;;;;
cecf4130929f92194fc5c136f1be57c6;;;;;;
c3cb9ba88b7d52654a23f77eee80b0fd;;;;;;
45b520cd79ad3b4dd474a5356804409f;;;;;;
28377b1438c0ee944b18deed38e0d51a;;;;;;
53cd4e6c6e8348cdf8b0e84717b25299;;;;;;
ba3a830d989bd222dd9199d40faf85ed;;;;;;
a22098681dcb6c3e052ef6c9fe97f355;;;;;;
fa5375e22e54c266e81989aff6217118;;;;;;
d08981bfa2dd89b3b73c40f8c471023b;;;;;;
2b195c56bc260c31cd429c181ce01f97;;;;;;
a9d25fe5bad83e8471c95247ac3739b2;;;;;;
feee34a2b78567d7387b4af295ecb1e1;;;;;;
545e3ece1e6725bc99e3773dc16bbad1;;;;;;
8761a8aa36ec0982455b7d97270a2e2d;;;;;;
3052e25905a6ff690b1ae2213511d38c;;;;;;
01e2e4e663df220122c180a91761f9cf;;;;;;
7aff5388dc56f81aaadd45975c0c2311;;;;;;
fae5b62fba13d1ac0fcf8aebd367f0d8;;;;;;
25656b3f31cf7a9ee2923f156e03dd39;;;;;;
6f31eb95adf9bc08a0a6b51a022f6613;;;;;;
da508ff50958acf07c4082e9e8638845;;;;;;
230dcc090315e3cf019a36ba016a9573;;;;;;
950769aa5c65511328f658125366944a;;;;;;
71138b1ceab1504f9c0daae3af65be96;;;;;;
536710683daf4d6bb08218c729f6878a;;;;;;
f4a74b10074a3f9fb88a278137dc7f06;;;;;;
c08309768f194467704af2dc590a3e7d;;;;;;
715b69d71fb43c765df8d86de7f2c193;;;;;;
06186f29d62d18530cb6960bfa339535;;;;;;
1f0f3bdfd2ce7e67e5361bde1aa2b152;;;;;;
2ace72f335b289ef5bfacb2f6b0da8ff;;;;;;
b8e84ca93b261fb651542f005e2bf51e;;;;;;
5d2c2fb8081365fa5df82a555b2b6d54;;;;;;
9bc636c92029fa8c840ccb2aaf888f3e;;;;;;
7753ee328505da8948c52e540a6a7119;;;;;;
620b47dbd0fe9910b9ee2ca3df1af965;;;;;;
117e1629b5896059a701bba80db2990f;;;;;;
a0af955bb4c086b9229035e7ad4968fe;;;;;;
3f1d8d11b166fd84ac35a1cdd8009c7d;;;;;;
1772f462b1cc876652fc256acfefdb11;;;;;;
82b22de274a43158a48587f701dcca90;;;;;;
a24c9cfe96273cf05a98eda97641b133;;;;;;
b25f67bac592f705e898264c0963c188;;;;;;
0dfb74818df450a337a8c6ad18dbf986;;;;;;
b8117c8f4b9fffa254473c84f78d8a9e;;;;;;
4fe6dad49348ecce6f2de708af9df913;;;;;;
a9249cd03618bbfbe0d02eed2592780e;;;;;;
cbfda13e28d199e5220a90491782ae5a;;;;;;
74d179f680dccb9ec45e550088c05ca7;;;;;;
beae001375d4f1ef808ac536acd19bac;;;;;;
253ff7b895c65284e13be7c2bee2d620;;;;;;
627c0240937e12bf7a828f470a359da9;;;;;;
6cd4d851dece89ca8f45f0101f661101;;;;;;
db43456e33384ad8128f26dffb0620c6;;;;;;
ba813c35b22148ca944d9cd46baf1ba2;;;;;;
76c9914fa931e984c2f9a3a520d6bbfa;;;;;;
044292738f0af40170f24181f2ee2984;;;;;;
a550777d4b69be94aefbeaeeb36b42e9;;;;;;
259414f243576be731bb52443d58bb42;;;;;;
a01de4f851e862bd13a600f7d2a5a096;;;;;;
8b3d37792f4965e34af39d1a534bd376;;;;;;
6819bd5bff3a36ed00e9b7533321ad25;;;;;;
a6e14025cd90f004a74ab250545a3602;;;;;;
db6b023180d41f5ebef0474d906828f3;;;;;;
8c0c64e4f7288b9641b79b492693ca9b;;;;;;
f67735f05dae01840ebfc5805718a609;;;;;;
dc09dc7f1a3536fd8c339d29d690ac1c;;;;;;
6c76582ee9ccfad57b4e3825bd81f1b0;;;;;;
bf9046380441dbb7d6c790aae98c8b0d;;;;;;
b7399dabcc68c2e301d9e1f9b3753b4f;;;;;;
f807fd17388d1b3ecda65ae9c2061c94;;;;;;
da582471c8042b8764c538eb4611519c;;;;;;
d43f2e2106f4d314de3ea5c10a22cc65;;;;;;
c2311276e9fa3efa8e7ea502fef9e926;;;;;;
a1450c552c05c03d5993e97f44cdc10e;;;;;;
af3e8c21dc12c2eef46b0e6ebcb146c9;;;;;;
9f9c61c7524e13bdb5cd759ca734d782;;;;;;
a23d1c9b8f4bf9746c36c4c1f2bc6dd4;;;;;;
a8ac19e179b05f5bd996453591c3a89e;;;;;;
c4cc0fae1e172eff48cae983d6219d6e;;;;;;
dbf413b7f5c21d8ff71f2fef1183e528;;;;;;
b32b33fddab18d222e0f12781b8055ef;;;;;;
5422dcf3f8aebe063481d0bd2a22e158;;;;;;
cca00360e28d846d479cdc9a3a20adc0;;;;;;
8efa6b8bce28106d2e69c33baa0b41e9;;;;;;
2f38635771ee4095e1e1e18ef1343fa9;;;;;;
2d251d311a0e930330aa412b9c23b459;;;;;;
fbf24f42ec408243b9f018269ad27fb9;;;;;;
16035baf309d2ac928cfc2fd59f2babf;;;;;;
33708f98a3c1e90114495819abaa5e97;;;;;;
a7e96e18ace4afbe78abdefbdc99eee3;;;;;;
566f4dd19ac55441702c2bd57fb1d6fd;;;;;;
acce8114a4a52d5c2849d9ead2d0e3b5;;;;;;
62bf798dfa3819da972b6f19c6d152d7;;;;;;
d45c9042bfbd57fc1890db9416efd30d;;;;;;
6c79b2786dc61f459a629c551365a514;;;;;;
6d2f5c540b86a7331f70b83ba6b13cc8;;;;;;
8dc09a744d2756c0f50619e1b7b3e584;;;;;;
30ad385f223e67724b026842f490e919;;;;;;
29ccfc6cf3fa1d924cc36edfde785e32;;;;;;
dc3adc98ce6bc4c7ab56b6e815cdc239;;;;;;
5ec82a18c4f4c45bca1645b94d1aa1b1;;;;;;
db55f40a973cb59d41147d79ce9e294f;;;;;;
7a862881972c2fbfe3cdaf95c1eac3fb;;;;;;
1d805cf62ecd4e8ebdc2785499a2d30e;;;;;;
763460eb06a8a2b0bdc49a5adcd9d9a1;;;;;;
6c2124900308f078c5dc12907b9dcdb8;;;;;;
260a8f734d76d32610d0640669904b09;;;;;;
57ed3fee836ed5b128aa42e320c6d6c7;;;;;;
3bf1e0455457c258d45bdee1c59e6cdc;;;;;;
419ee17b6048f17f0b1e098a4f01e94a;;;;;;
ba1a59f05f85f7fdeff209cdb4d707a2;;;;;;
47262bf4f002a51020b28ba71ef95d73;;;;;;
821c01994700518f5fab7daf0d657c97;;;;;;
a7a78840669bb66fd3a93b6663159337;;;;;;
402260f0627dd0e3ef94cce48b03beeb;;;;;;
952a9dfb47ef3c2e88abbd57430c56df;;;;;;
77bf0eabe7943389414f44ff2a520e6a;;;;;;
046cc4bc231295c367ba671c34fb6728;;;;;;
3850279520ad477265545e267e2eeb87;;;;;;
c69b13d4ad102cda354ef03dbc56fd1e;;;;;;
61dd23c3e1e7908e401b3d5df08493c7;;;;;;
88a9d01d5ea4ae85885752bbc6538f67;;;;;;
8c0c79139c1f0b8673d0046b0fb9b1e3;;;;;;
cc6ab323c2c5bc47ee289b91e72f8e26;;;;;;
a08d3ab7b447d8d56cc806f917054bfe;;;;;;
c3a92941f6c2729515d3533dfa3a25c1;;;;;;
7c54ac758963c2a41234deeb62737795;;;;;;
c5b4a72f5558edbfccd792a29769bd9f;;;;;;
9c14a99b730e74059cdc05ac6be1111f;;;;;;
dc3857941792b54c7bd93749eaab7096;;;;;;
a5caeb13e32be3a02b6e8e6e0d1e8af6;;;;;;
10819cff9a0e887d2e666b12cd2339a5;;;;;;
68619f03f79c4a9ed09a15026395cd72;;;;;;
873793c15e2a5b33ca7bae173afc11d1;;;;;;
1b119fb6a0218bfc87bf56991c2db6e5;;;;;;
7b5d35f91fa68d4eadf699e50a272eae;;;;;;
2583d69544c50814d9c5ff67cf080cfa;;;;;;
ce32eebe38eebaf96a61e222f2b42b93;;;;;;
0f773746d47bd0987704eac8212ed326;;;;;;
28a065f51838c92cc836ddcb249c8a14;;;;;;
74683aed293cf4650f2ae17a3deec80b;;;;;;
224ca836d459a1f73c57a535dadfefbb;;;;;;
768a8a5ee23df5a7fff78ec0502edb29;;;;;;
a7953aeecc2bff5c46a6d5de307d095d;;;;;;
4e00f324c15673cfe9589bb74ed44668;;;;;;
4c49055c5c44d596ccaff34628731215;;;;;;
5888e98e6a2559e12098d4c00e59d7ca;;;;;;
e92241ad5965e13f6fd03ab11a1ebb6a;;;;;;
98affcbcc2f13ee6e8253eff73849800;;;;;;
ea90ba180f28d9adf25977fcf1137aed;;;;;;
0b12a47421a3a63944703704c31c3dbe;;;;;;
aabd0ef5415a03365695c7e1196b43b4;;;;;;
453bfd615cc9a5e98ad5b989b27f3512;;;;;;
d48dafcbe81f5b71622bcf0e2c9ef586;;;;;;
c7be565992d19bc38d1ed5bcb8390be4;;;;;;
524ebb71c14dd2667ed4db5f37bee5ce;;;;;;
9d106062e835cf3f27d8ae47f6d1fb87;;;;;;
9ae5a2bd0ba2e9bd03db2abe13d394f4;;;;;;
1ee09ee54969eabbb004bfff6e8a07d2;;;;;;
12f92d1a2d06faebc513d0f8353c14ad;;;;;;
25ac8270100b8b474dc5b22ee558efdf;;;;;;
cd062f8bd5181270b28249990f8ee1e6;;;;;;
c81586f560258fcaae23e80a5eea2818;;;;;;
c83798ae1dac67f2f5ba28d359022b0a;;;;;;
6160b4474978f47f760655c5f886e43d;;;;;;
5b5c6904728422067e86149a652ace98;;;;;;
5601e33ff324a6c28beb8bcbb1183a7c;;;;;;
255adfd3af73aaa7e5522c46f9850959;;;;;;
ae038119575f8a0fd6418868cf5c3cce;;;;;;
56fb43cec61f46ff5772c70fe24b64f0;;;;;;
3fb25bdc9908909841016de90ee78b1b;;;;;;
b480b138eb787c0d83593f3e67194a46;;;;;;
913cf01c27fc0754e80539ec19135184;;;;;;
d7d3e25d87503c1dbfbe37074a841f13;;;;;;
5c98f3e7d6bab0c29157ff36daa065f6;;;;;;
8700f39bacf1e7cf8fca4d3c0f686ee0;;;;;;
5f3bd8ea7b9ea437143ac08e1238a8fe;;;;;;
5c48fcdcd50815ca4474309ca26027c4;;;;;;
2fd1b669406a0b861f7e9dd841df3913;;;;;;
f5d3fcca3db59bed0b3a71c5f91653ea;;;;;;
a7a23fe562df9688b2a2757032f8ccfc;;;;;;
e28536a265a2a09794a7a6809a689f5d;;;;;;
ad26f3185248a8d9ea84322413698483;;;;;;
e4599544b1683783828fd8f583c1abf8;;;;;;
0e53cee64a1989505bb2afa814475163;;;;;;
b458b0ede60aa835862b5c6dfa1b7f33;;;;;;
5ccb3153cebf83f6c2af90242217622e;;;;;;
881d61c87ffb989d02f6e600cf9dc66a;;;;;;
93b86e311798a1f58bc8cb95aff17ec6;;;;;;
093e672c579f41ac93036f7041413de0;;;;;;
caef2fdb587a8e56ee3858f70f9ffb38;;;;;;
15c137f0f072dad42405ce533237e874;;;;;;
56c8d7b2efbe7cbf18d86e21841783e1;;;;;;
c4d0a9f8cb491b6081749626323046d7;;;;;;
c351d6c0ffb216a0815a03a8fc597e4a;;;;;;
5446c3db21207daf5727a1868a53bdc7;;;;;;
83a31bf348ac1ae17accfbbd30f818f1;;;;;;
446fb7540096b7ef099f86ad71a978b8;;;;;;
50bbf7a3387c74771ed75633da146910;;;;;;
3b33092b29db2370638c84247b880806;;;;;;
a1ef70aa3a8777edd2d6caf8bf5cef1c;;;;;;
f01e5a468216b0b9b7c3946fd15d6eab;;;;;;
aaaa2ba944281e7346d92d2c1ae8599b;;;;;;
ba2fba0a3ddbd2ce9fa01c67668b46ef;;;;;;
601ec19452ca32c427ff63b72ba1b2d5;;;;;;
04c50a164478337c0580cf0e596871bc;;;;;;
3583ea050206c5dff32ad19ddac8aa99;;;;;;
cd4525a2e185b540615768692f1bb574;;;;;;
0128744b84347bed57ba3376f9d9af3a;;;;;;
c5324edfc3210ecd1a1d7e41f8714f61;;;;;;
e19e71c19e38a0134af74cbb15fbe38d;;;;;;
9baf1f4975fbb5fbafa8ef2a1751df24;;;;;;
7dca05e3ea0f403342553af8ad2e94c3;;;;;;
48bed4a38f6e109c92859da1e1f0e92c;;;;;;
94d20cbd05d803fc22b0d633e4fd86c6;;;;;;
c18535f959f53eadca00e907ea9cf581;;;;;;
feb7d73d2ae747c595f4625170cda634;;;;;;
07c39235b0f41be388111d65a8437ca9;;;;;;
d1130d6a7daa3d3872bbfee3694bbc43;;;;;;
0d9372c44fd372fc519bf5e2847d0f1b;;;;;;
6407e372ef5186314a197d68326b1c18;;;;;;
f05e521ebf286f386557bc9959a6ef29;;;;;;
87f3859c52a4608bf5b939484dbe1a38;;;;;;
408164294b944d68d2cdd26537a7a090;;;;;;
c16774c19fa52dd9b36157ff55994f33;;;;;;
87d1e915b20f7a658a7c06fdd666a53c;;;;;;
c6b91d99688975113a6b0f28dc52722f;;;;;;
d8c617b3cc11325a2c12f20dc539746a;;;;;;
55d6d9d169ec981d1085d515c3f56566;;;;;;
7e0b696ca19e8e9c1a8e3c820c22ff87;;;;;;
8d8980409f5d5596a6e1a03b0676f011;;;;;;
01caa91d60b2db980e4d442c1e3d42c4;;;;;;
76afbe50139ff85ca1c1befc3c3cdaa9;;;;;;
6e0b67431c7a4ef17bfd1559cc3d474a;;;;;;
8822306400121d8e108c59f525e49d55;;;;;;
720f2e46037cfbb67c36f79287fd7d79;;;;;;
3dcfe67cad3ead7bc60f91197711d19d;;;;;;
ac153b0d3b746d2a3af0dc31cd3f3c7b;;;;;;
ec888e6a9fb847c5501c96c3afbbdcd6;;;;;;
728fbbec92b01b5e2fb3563b826ecc73;;;;;;
ffb68d99b18b8c4838fa952afb6f65c9;;;;;;
9abeb4ecd990b576642d5a68b81025d5;;;;;;
1f443e475a303adaf59f235ba27052c4;;;;;;
812a890104fae0ef52f7eebc845cfcf9;;;;;;
e908b544bdcf25290afa97a7ea380a31;;;;;;
50e4ec8ba078c81791f79f175a22bc3e;;;;;;
765848514f978a9b0190ba9b976f91e3;;;;;;
23363d693ea42e83e41a58a660b5c7de;;;;;;
3ce004b67ab4a9f5eab1eb77a7ad6303;;;;;;
1d106ca25d2e5076f133eab3d5060379;;;;;;
61a42b83a4252ff7a823061ff655c24a;;;;;;
4c8a4c008e90c6e40ae357892d07a27a;;;;;;
4248c38e4f06039aa12f658fae262699;;;;;;
5b20a71beecb7057a76cee44a235a80e;;;;;;
4418476961af2862fbff532889987c4a;;;;;;
1e2e71d236ea40245f959c6981aa5d95;;;;;;
cf30f12b8f31857b35e776aca07a39f8;;;;;;
dae22684877c374192e7a0bba0de3e37;;;;;;
2944ef693636637fe14f4897d3334e66;;;;;;
0e37be073c7a32af8b9c007026c2cb03;;;;;;
5ee02ddddc10d48d6da702733c67b746;;;;;;
830587065cf1a20381361461a4bc86e2;;;;;;
c295cd9abff8637207f65c3a5b479b30;;;;;;
41a88c3128a4673ee9607763fd18a2be;;;;;;
b36dd8d574ea0e0b8eb7abaadee8ef32;;;;;;
96671bf4cb20a16daa777c7e45a868eb;;;;;;
3088d8991b0180ea3619f9e5beb7d083;;;;;;
ace9a5ce04371f079d210867ff9b75cb;;;;;;
aeeb6fbe3abe023d5b74acf7541c0b41;;;;;;
0a7c90810714ed5c4b524b1ebcbfa4ff;;;;;;
10230377bc2394ed43c2b39259eeb7c5;;;;;;
200b99c6dc31b98936222863ee5b343d;;;;;;
eb3b505b123081cfd809840204b7e83a;;;;;;
9c284405693e4458f9ca13a80fe3bed2;;;;;;
ebe3d42aa057404ef682f31e8c9f6ac6;;;;;;
62646bdac28a73e27adee4040eca1e5d;;;;;;
176bf287248593a6d03529f8789b05ac;;;;;;
5257185c95a1f4025eee1ffcaa1a12bf;;;;;;
9fbde4f3ae751a6a4e6df6d63b019357;;;;;;
d57c7cc09412045a0d432ba735b03815;;;;;;
14d1c2191776004a0094582f96f7c532;;;;;;
5f1ce6eb2563109167adb00726701003;;;;;;
79be1900bdb1d48afb7816986ae76877;;;;;;
e6e49c44253aee7770a3f3f256d54f3a;;;;;;
1d73e6113795ff8aaf1bab88e06a9ca4;;;;;;
3e6a655296d87700950a8ad1c266cc57;;;;;;
844de0551f94ae7065cf1299bb902ddb;;;;;;
daef4873002b470c6914a674555bd563;;;;;;
1a2c7b2d3a1bc6f73646f74677ffd4fb;;;;;;
4dc8211647667cdfc5b5eb04169b2fd1;;;;;;
bb6a02ca946b6c3d48489f983f511788;;;;;;
a8da0dad450e63eae7a8b78098928e28;;;;;;
f029cc86b3982713704e9b325227eda5;;;;;;
128a3643bb3bceb5afcd46df560c1534;;;;;;
614d0bbe6dff60fa5827c30b9f35fc89;;;;;;
e30cb03b54cc38d87baf3619c44119ee;;;;;;
acb185e2788511f419a671701013e0ee;;;;;;
83b4f47a8cedccaff379bc498ec93d56;;;;;;
fc3e44baf6db9ea5005a6a59d4aad4d1;;;;;;
a604b7e416cc998f88bcd5b2f677afe7;;;;;;
06e0749bf344f3edbe375f05775c828a;;;;;;
fadb16c052ae2d7b97e477243e5c660a;;;;;;
b2bc8c61de6ffd0e7e61a45669d03d3d;;;;;;
abedc5bf7f72a8c7bfa1d035a00df291;;;;;;
8d2106aa4e31115ef50798ab90d9087f;;;;;;
58e8c309e337ab2d622f3484ed8ad2ce;;;;;;
f77a39b4a09a5c8215a600c1d7c5f379;;;;;;
91ed1c21cb572fdf0b8a23be7995d4be;;;;;;
2e99ef6afe8ab2fc9e603a0c2461b3e9;;;;;;
f1b5f25cfe16cac8eb1243879b78c2e4;;;;;;
aa0ed951c121c29dd11643b8de404849;;;;;;
79e821d1793918e54604dcb7e355add0;;;;;;
03584f1154f453efaacfbfcbdfce3aa9;;;;;;
989c1888bc404b93de19c6519b9cd5cd;;;;;;
dd9d6862738c594bf2e0760f6d9f6be8;;;;;;
99d658b1f3adfb6e3218f01387980ebf;;;;;;
45408ee5c1aefd8c8878d3b66a46f21d;;;;;;
f036cde995b0fada06df8419ccef2f76;;;;;;
94edec22fb5060d0560599d9785e61a7;;;;;;
4610c473cba1f17ec031797bca185344;;;;;;
7f53cb2b2f23014c8322d811875de5c7;;;;;;
aa0d9151e2303457d47b4ea054afd772;;;;;;
ad20d21397efae738585ca3046d5dc6c;;;;;;
a3f4b4b5e2af6697904edaf10960b0e2;;;;;;
43f9dc11a5fc62e0fef1f13571ba5aba;;;;;;
b54669041354305db7b8939c4b9123eb;;;;;;
72df5d1dc418cc83608acd111c9993f4;;;;;;
8e54578dbb0e520b0c4357f5fb239bef;;;;;;
b103acc54b1fe8ef53f7991355414b1f;;;;;;
50674e12cbcb2a69765c25724cf5f881;;;;;;
e46e77225579e6b71f48b3cc4b71b811;;;;;;
578ad63434756f6abbb802608ae793f1;;;;;;
3a119ff3cfba048f4f1d14ca8aaea3b4;;;;;;
a571bf204e7c8e8aba05a8005a4a20f9;;;;;;
dbcf9437fcae4a384b33f9ca9e601553;;;;;;
c1d149a5cb60257d85d0a2b392ff543b;;;;;;
671cbc3393cbc7183c6ca655028ca958;;;;;;
976b91882db70dcbddae709b52ef87e3;;;;;;
816cd3575e00ad224897f8dc51d36e21;;;;;;
0efab4d741d44430e8188c87f24d419b;;;;;;
640f6dfa333a6a7bbb1ad5b3158015b5;;;;;;
c30d4041b2966334dc468e9819b45b58;;;;;;
ea4cc99594f47cae21f6fe2a597d58bb;;;;;;
4d5b3d4eaee2738467eb35a2751d323a;;;;;;
c58a4cc186cd32db3f4f1ab26fac09db;;;;;;
3d8fe383c7e602a4c7abf96e7ae6c5d6;;;;;;
5356adeafe20e4e0d85383347ee4bab1;;;;;;
060ff90b7af99efd4fcd8482e1bb0a9a;;;;;;
85b85ba77cf5edd122c7a994846daeca;;;;;;
23a25b3709129c5ccc6343450f88a504;;;;;;
86400e4ea8b1745e1804f21d4991abe6;;;;;;
f83c78f184cb7fa88ba7a40622fde391;;;;;;
de655d8e361d560a3683e547817484e2;;;;;;
23c210c5ac670bbc26447a25a46b4afc;;;;;;
cdbac3c22fbf26eaf0ba6e9d84907b6a;;;;;;
34a4ce2c41bfd691c04cfa3c39e153f9;;;;;;
11933ca8b338920dc328a524db45c7a9;;;;;;
b0994688a18e0b70f1f7cf4f4956c884;;;;;;
70544df30d314cb0419ce897f445a9bf;;;;;;
0b4e351d0fdf8db667ac492070bb32b3;;;;;;
60d68f795fa614abd8b7e32ad5e8d05f;;;;;;
4b55bf528e813f71d91a751b5c1d01bf;;;;;;
9149e31951dab8cd8d7507c247ed5621;;;;;;
ba41fd64c5b56f12073e530b51213103;;;;;;
c852b11d4aec3a4cc41b677dc8dcc584;;;;;;
080a987e5c6bca98bfe6f1ba978c97cc;;;;;;
cdfedbc56cec30a3405ece4147e32eb2;;;;;;
4f8bd1851382c4cfc5426348cfbc9fad;;;;;;
90c3748ed1ae6db8cc72320450e40688;;;;;;
fb7409527734e41ff264ec4b9f4d70c3;;;;;;
8ddd4810550a74e4a41936f3a2f784c9;;;;;;
d34de55242111b2b106195476d65091d;;;;;;
943003d142005d456ea786816e6119c8;;;;;;
8e9d5ec5008bfeec03aa792b92337228;;;;;;
3c58b630ccd441f633fa2e099269bf4a;;;;;;
6954086a538598ee542f51456a473cfd;;;;;;
091656da88990067c30ea37ab814d42d;;;;;;
41d0710ae1407a43e499458f98abd3c4;;;;;;
d15afc801d9711d5835cee2fb364ee88;;;;;;
33a8ddd8e1e4c33e3123a8accceb19c7;;;;;;
50af1f8132da48b5bc0b9eaa987e8c97;;;;;;
811e6fb989f12411f830e6e5ba7d8027;;;;;;
244dfc05e56ce18721a24d06a59b2123;;;;;;
eaa9f393417cc77883e6f244a817cea2;;;;;;
f04672ab9721a2e6ecd88d405bbcc0a7;;;;;;
e5c6b4fbb2b6cf8168047556491151ee;;;;;;
8b780262f4052501cc17e211bc151417;;;;;;
bae9dded07733b46e99a962661091694;;;;;;
f9bf8020bb3e6120537c969ccd7aafb8;;;;;;
e07a569754e2858f72d67ea5cc335362;;;;;;
1c373495eb72f6787d26676defde4f4a;;;;;;
94224d53003824caac3826c6235eca01;;;;;;
1dc2511ee9f3e04df4f7891ae6901b1a;;;;;;
cae7bb5b2b956c1f685362f002298572;;;;;;
fbbb37d65fb2dbc59d917c9e053b28ad;;;;;;
abe659edd299f01a8ce0e2c93a705428;;;;;;
b8f6bc344f5bf048e96bd0dc38d4fb6b;;;;;;
18e3a188eab180e355151f7b25e39554;;;;;;
e381b125fbce7259b361fb0c915e163c;;;;;;
da381b05acd2d9dfde24d17a1893e4fd;;;;;;
e32192cc59b9d2ab7782c51f31e518fe;;;;;;
3c2ddc289dc643b8cac177e15fef942e;;;;;;
918003f2b6709ce06c5b0e47d505fd95;;;;;;
9ea628e35ec5fa1b5e571207a7c583ac;;;;;;
88aee430375e575c2233f8ec8112f97d;;;;;;
3d4399189c452d2163b0e6886a3be6d6;;;;;;
2fa7ca98b25bf6090aeb5150f80a20a5;;;;;;
34919381dcd6a72720a64921c9f4c27b;;;;;;
34f77298553cc6d69c3b3c9f18bd747b;;;;;;
6534d0db1a7d7b1505def09872399f3b;;;;;;
6b395c5cd225e205689d315b18e66ab2;;;;;;
687faec340587ed9ad10395738bf8334;;;;;;
692d478bd1c5b2ce6df9e54387ee595a;;;;;;
adae973e04b6763f9ad018eaadb8a36f;;;;;;
ea294550e46075624cf719ec01e9a0a0;;;;;;
b881ecbe4ddb652a1f1f0cdd383783a3;;;;;;
2a3d75d6cd444e3d6c3cc07e27711e6f;;;;;;
1390e3fbcb58f8a6799605c006e8171b;;;;;;
c6730387192d00274bef3f467ee1433d;;;;;;
83710aaa236dab327a31ccdcf389cb7b;;;;;;
fb6d660b0be532ca8f39a35dfc4e91a6;;;;;;
e7734ba9265137e03e629969d299b20c;;;;;;
eaad823505fc0d626cac2933ce03a9d5;;;;;;
032dc41f5aaa8b3960ed8126b45bbbf8;;;;;;
7de09b70819bde32c2d76210b108e7df;;;;;;
cf9de19c4acda56365c4172441757015;;;;;;
98f3008f6eeb9863611cd8c73a8779c7;;;;;;
a8ccb1f7bf80daed190fcb19aedb2ce7;;;;;;
9991dc0d900e20366f5b86d9c04e3dd0;;;;;;
be8a29153964fbf18353013483df41ef;;;;;;
dacadd1b5786814b7d8d1dd2a05d93dc;;;;;;
72c92a505f3a7d6c0a183af413f21d3c;;;;;;
44248130cffdebe71c2db74b03feac72;;;;;;
422856cad601aebaa40792f99f46969a;;;;;;
13a3f33e1f4a670a270ca919d777256d;;;;;;
c43ad879d9b5dfb9308c44eb6b3af5c0;;;;;;
04a647558f980c42cde97a9aa23e4820;;;;;;
8291fb932362e97c56aa525577733136;;;;;;
8e4cfc604eac6a9169675079333a45fd;;;;;;
7407ecfe31ccc37a5649ea5617c35ffa;;;;;;
dc9a6d2fedfc1571dacd04a4ce733e23;;;;;;
aa3d4860e54627fd8732edb88e4fb887;;;;;;
0d3e580a02b72e16413db41dfb6ca950;;;;;;
cc3488d441efaa694346bb76422cdb68;;;;;;
245c09a2f931287afb84075a6a21e4ad;;;;;;
7af685a85980dc13f808f839bf927412;;;;;;
43dc1e6d416d96e23f999e20c243243b;;;;;;
6cd566ec8215f49cf2cf28c6632a4a7d;;;;;;
55c0a06d4874d3c19d30f9af509d7a99;;;;;;
be5baf61ac1c45ca3e86be80b5a42bc5;;;;;;
34d2286de3493b200b0b60d05c3ec828;;;;;;
b2c08dfa244ad3bf322b228e143b0b32;;;;;;
b562ffa679d34b42e29411d1dc4b6b2d;;;;;;
10d5dc69c0840739738b3990d05cdc5b;;;;;;
0478c4e415642cab66097f45ead48141;;;;;;
75c7058cd3835ab72c234d1d66f1ad7b;;;;;;
3818bfcfb11293767febda3af9d6111d;;;;;;
c0071c2c24b99bb71fc69b98c4fa5eab;;;;;;
00d94fd6fddf1b12ca2f0d9087447241;;;;;;
a60511d1a80c0c2ff1e4ac71c23b76bc;;;;;;
d18a7e33dcf4b62a5c93e9eb49c4fcf0;;;;;;
95062c60713bc3ea958ec4be9b907a78;;;;;;
585629f22089f56c31fdcc7af8dd6110;;;;;;
8dba7b24ed86a983cfbad0da40e283e6;;;;;;
5ef042c1d2654962fc1c5f6009331f89;;;;;;
e14edd7f914caf1d082aa3247b587e42;;;;;;
be82c461d9e6e3999073f6352643addd;;;;;;
7f14580727c719e10a888cef815e6a1e;;;;;;
2d3b7697b4f6caf718596d13615139ac;;;;;;
153439442fd05411cdee6d6633994295;;;;;;
48fb905ae489d7f12d8b4985dfdbb331;;;;;;
8757ef1baf87d3f223472602975cb2c8;;;;;;
ea2c1be1d729811beeef8c414ef83c78;;;;;;
9ac39767eb11fe96bbf6406546aa161d;;;;;;
fd19e9ac5da8c708de6fbbba4d1a3ef0;;;;;;
0a297eddf31be618941109f116889fe7;;;;;;
c3995a88fe5354d56bf205d689db05fa;;;;;;
b522e4315d1adebc0e1eb2caae4ec2a2;;;;;;
fc0c6427f96935f2e5b13420b87f00dc;;;;;;
60500c5b66ab411107b0cb1a76530e17;;;;;;
02f4b1be51925568e96dfe46dcc78bee;;;;;;
d95893a813b4525e84fe59dbbe42264d;;;;;;
77aa9c0aef28a8e2c69d86a1935c787f;;;;;;
a0e769949d11e619f9998e65d77fec77;;;;;;
067795cac6f961af140da273b0232cbe;;;;;;
d00d57b7da8a07211f37011bf4abf61d;;;;;;
7321bc94f58c91c9152fbb060205d2ae;;;;;;
695d6b3024a8de36c455e01c0f041b90;;;;;;
34f7e408188a473a3f975764e8bb5adb;;;;;;
4f290d39d127465df908f72cf9f5c07d;;;;;;
8529e75a283dba2ea0e1839f91c5522d;;;;;;
c0ef1e1ac8db484650152062951eaa13;;;;;;
3c29927b2c37056419de50e0c93f3127;;;;;;
47a1dd5c03cf622287850a5b13ce4fef;;;;;;
af1d187b812d014c0391e96ab28649eb;;;;;;
b2d9b0b8e360d4f75138e5975dae7c69;;;;;;
08c8776a9abafc5c137bec2abd0ef7ba;;;;;;
4328d56849d3ac6449edfa9263b55d60;;;;;;
1f195cf92858356787a58764431f1f94;;;;;;
0d4a5818ed045dccbea9a3cd7aed5a2a;;;;;;
f057e87ced374145d774e2052d279c4f;;;;;;
b5ed046d9707c8beaa42d3f339cd4a61;;;;;;
74656609b0add4bd39bccab5b4b05d80;;;;;;
c37f6cd5ea2efc4d73994166ed92b0ba;;;;;;
4787024bba14c4a54c41d77b13c48976;;;;;;
3cf7ca347adb034355d783fcf60474e3;;;;;;
5b1a35d4949c295df8b1d8ffcff9a229;;;;;;
8a5d413b1296c9f60757e729a3716de5;;;;;;
dc5eb7fcc8f0deee4d89897948ed2c3d;;;;;;
1a66a70fc410b91014d0f5b2b99b2003;;;;;;
e1063d5c152438d2dbccc80dbea6f5e0;;;;;;
307520bab06a19c9847ae76f0cbf74a8;;;;;;
4b78cf3a3c746ffdb083f2a7a655405f;;;;;;
c272385ed3e9c480d9f364dfc545f628;;;;;;
64ddf506b545e0d56b46584d39a6b4c5;;;;;;
6016f88167dc22e3433ef223293e2e0e;;;;;;
d76f6489acfc22f03a5d4baecad93d5e;;;;;;
3e05ace65e56d6781851fd2c5838b782;;;;;;
23eed92f9121923eee0307dc6b97e1e6;;;;;;
5731da9211109dcffb4aa548103f0de3;;;;;;
95f8afd1898e1b4b89c2f162ab1a5060;;;;;;
cf8b167ac4ddf6de5fc47823c32e72d6;;;;;;
2a7b090a2914fa749cfe33972b4ea758;;;;;;
94ec2e31572096a043dcc514a3c75973;;;;;;
2fcf8c9fa38e09d0b5676f02906491c7;;;;;;
6c215777b0641d74fabed3d7a654d394;;;;;;
aff525f2e0621a179c8c2d7e88ecd793;;;;;;
b5b75f8ba34666af31e4a8e5b1e3f67f;;;;;;
bbb9bcb7eb878f63b3bc1334279d71c6;;;;;;
f92b25d7d9dd5407ac8321da38ce1334;;;;;;
0a66f8d6b49fd9e8247d9b6bf6e7a092;;;;;;
0f6a15b432ce6f3aa7c09e173d105b29;;;;;;
8c4b581badcac3c8b3462e56b729588b;;;;;;
071eefd9beddd2ef9c4f0c1c9775c211;;;;;;
675c387a86872a26d0203d34c50be393;;;;;;
55eb1a48b68e0cd05eaf49334a3f6945;;;;;;
6d6d3425c6f23d566c47cf84927654b8;;;;;;
daffcd9b05d075d6943091c8303e059c;;;;;;
c7b34011a3dc55b49c7d5df0eb6ba4f1;;;;;;
c48112b2955fa856b8710e0b039d3f9a;;;;;;
92d3ba8cb032487d0bb7a966493888f3;;;;;;
1cdeae3970b504e250f3f4d88c752a50;;;;;;
569664409052ac0f0dda439c60c777d6;;;;;;
1d25274a57599d5d31d2c768b585d61c;;;;;;
12aa27d2a8a10193840cae1b337bbce3;;;;;;
4c0dc94601e4afcbcd8f1f82a6c508cd;;;;;;
1595d4f22ae147413de9c144470f556e;;;;;;
06c304f3e522e95d4a41533e5e30b1e3;;;;;;
44ca51207c1814a4a5055d3371161497;;;;;;
64ddfcd2741a99bd9c9ad8a9b071e95f;;;;;;
7af2e3a6da8c07a1db2ba1f6171a7b26;;;;;;
a847b32ffe85e1966788aa8cd0c3d3d4;;;;;;
74ee0cb4b7de6f1f62e026d9a9076a3d;;;;;;
c219b6739a0dfca21175175ece50f7ee;;;;;;
cd7623bf5886eb0147cc22e8f7089074;;;;;;
1781321c1a393541e198f83f7abbf3a7;;;;;;
302b9811b54a5736eaab5051812d42b9;;;;;;
72ae98d59f92640f25cb88b8d4d98d35;;;;;;
4916360ac8b9ccdba4c238b5f611bb66;;;;;;
b3f50775fa1abc08e7edb72e84e9ff7b;;;;;;
889e544d87a182c84545e17643ef2cbd;;;;;;
be68adfa05efb7eef0b9b558ad749716;;;;;;
ae49e95d528b0d15dac75d5d6522fe8b;;;;;;
90d69a7329bfa826acaf00eebfa1eb58;;;;;;
36ec30e5778e5a404eb7411c491bba9e;;;;;;
d70cb662a24727f46ef65ac61036a135;;;;;;
08dfcb06e570d72926a81cbc04ee3792;;;;;;
5ea8d56c75dbd6b76a0d94c150d1cf2a;;;;;;
0a8cef6b2b6214a3467dc6ef0de794e5;;;;;;
825350378303f2f86ecad3ff29114508;;;;;;
ffa211f53c1a51ccf950e09a8d534ab2;;;;;;
6dd303f7a46ae7fd520b37f4fb3223d1;;;;;;
066505afb4743db3bdfcee1871433c76;;;;;;
b813ffc48a1ceefb567c88bbf96ee9a9;;;;;;
a10b9c932d9950f1cd78048c16b70502;;;;;;
6317daeb3f8c4eb9576696f0909c2ad6;;;;;;
6b6ea1d324c9a8dca4889828cb4bbc62;;;;;;
be41df0aef3572fd49b752c16ba77b9a;;;;;;
e4ff54206ebe599b810f4b85f871be2e;;;;;;
489fcc0fbdb5949a554ea6520614c61a;;;;;;
a4e3f375ec142a0ad1413773443d773f;;;;;;
f3b580843250aa84f2fcb93f5311f483;;;;;;
6b1e6b665e9b20c5eeff724b161fee62;;;;;;
653edeccbd9adc2041df7e3d2783d221;;;;;;
b1a7dc3b5a4cbda25d0796d8c936051e;;;;;;
60765e5127385a52a036cdd49e6ae7b0;;;;;;
5b2e1b805fbb7712dfa49646f9b463a5;;;;;;
4b2a2648a124887beb72b7e9c813757e;;;;;;
a6ff52e2039474db2bd4dbe7d9f6b791;;;;;;
ce77f6c8317dc468695b6039a948ebf2;;;;;;
35e43d1453bfbe1b136e5ae08868791d;;;;;;
a8c8b744307e83982232adb1cfd97c69;;;;;;
3178f4e40b9fd584444a7de9c3d7fabe;;;;;;
6ad56fe77cf0686eae3c317bb4f5c61d;;;;;;
7865579e81da70429df3bfdc3cfc0f8b;;;;;;
fa78b333925a7b85ffe152b83e4ea610;;;;;;
9cfb3138965fe59ecbead3777b7a97d8;;;;;;
7e98bed5861165347d4abe8301d52b08;;;;;;
ebbef5e1e91b848371796c366d3153ca;;;;;;
4fa64d74f80b9f30408c313431e51a17;;;;;;
7ad2c2652bebdabe69f85d68c7a64c70;;;;;;
7faf5d8c09201fd73a5742250aa4e03a;;;;;;
260ff08dde7d8da03f1eaf5efc782ace;;;;;;
892f0b89353d5ca29e8f40cfd38eb535;;;;;;
1fbce3e5d0d396db8cb85c9e20e11953;;;;;;
7c5bca365d6d487f254b8e66e72e25cd;;;;;;
6038e47c1ef8600e03ce91bb5c35a7d1;;;;;;
edcdd0b6ec9b5c3f0b1a7418053ff3f3;;;;;;
4376049ae094ce69a114f01283db9773;;;;;;
8b6f48f1e61206b13c82223e25105c8f;;;;;;
dddfb35e5835ffe2154d3cd971ece7b2;;;;;;
a54c6fc89c4f7fc53530b70349b81ee0;;;;;;
ce0442e55a497787c28ab8d24f700cc7;;;;;;
8b157df593cac6652e035c88959e0d2a;;;;;;
a6b92484743b3dda44695c5aec65d90f;;;;;;
e94f52893076ee56a7da54a549d14cd1;;;;;;
97e5fa542ad93877a7dfc7a43c12ef14;;;;;;
f4f626729dfd44f28578024a8126b00a;;;;;;
1b6e6237d4cd548fa01697fe7c1a30a7;;;;;;
7f5462290d70a1694e01c6c893467f14;;;;;;
40a2866e87d3993787b26a973f23bd2d;;;;;;
8340b29843a09416a35edca6d5726255;;;;;;
5794e23f10083b20c71bd7e9774b8de7;;;;;;
3382e3db753b70b0185b24ff7df7782a;;;;;;
8daac06bcd9a977792af9ac058ff3ae3;;;;;;
1d4c111179ff8ea0a4d353f9b641a410;;;;;;
c64f9d7d2a8394e8e921dd610707837b;;;;;;
6bcc1ee2c8ca2d183b228f315ad2f3af;;;;;;
41c58b754193a1f8121ce3150f7dcc70;;;;;;
576203d47ed110e3fe6ea56e203f73cc;;;;;;
a7486d62c59d645a57860704f054161f;;;;;;
e706727a1c21294b710de537ac49a4d6;;;;;;
e672a02f947d0a2de42f6e52b984c28e;;;;;;
297a452e991386c4dec712b3ced7bf78;;;;;;
42552987d0a4187a96c6aca2c86d94ec;;;;;;
566cc6adb37474f8d7f07adceb6fc6c2;;;;;;
07c5cfbbcfaad34fac823eaffcc79a6b;;;;;;
a3ababdb2a1746d7e995842788c159f6;;;;;;
19a5159aadb84fa643b4354a2f351f2e;;;;;;
6efd81dad3f27273500e0f94c7236ecc;;;;;;
a4be4e5d1957c981438e6716bf98af45;;;;;;
9b3cc1aac676bddde95490c62e108852;;;;;;
d8b7f8814c726b6c0ba270879a8c6b24;;;;;;
a6c9947fec694da41ff128c0c6abc8a7;;;;;;
a7667b71456e2efff3ecfc1f1969524c;;;;;;
a4a531dd68f3013987d963c557c9cdae;;;;;;
c0cd8ebdfde980afabcb25203c963040;;;;;;
11abb0c2ea7b2c8676a53fd9c3a23416;;;;;;
70106eef85a48f00f0e32144885a4e3f;;;;;;
8ef3fc54bc2b8ae31adc21de920a2066;;;;;;
99fb57a637a95093ac6ab9095d708d59;;;;;;
ce36b0ff7ba955b5d6763d539467c990;;;;;;
e9011d75bb9d00fbc08b6069ca1667db;;;;;;
9153ce3d5c94958f21ce2fd1c81ffeb0;;;;;;
54b3b60e9c853957e9bbb047311324fb;;;;;;
c101065d02d65fa707c3e19d9fdb949b;;;;;;
e0f59cde30c47e8804d8721bf22105ac;;;;;;
8bdd45e91e74f5e50658fa1f73753267;;;;;;
ef3dfa2a5cc1553801cd24aba0d0d671;;;;;;
1e07fcde45dc25045fd7521a18646619;;;;;;
3dec6f024c3151da7712ccb261c5953d;;;;;;
bb1e66b9bc0396f7f86f70e31852f181;;;;;;
5de98788a8af74e107b27bcb73e81fd4;;;;;;
42e64652e9f38c364c2c48985bebbd20;;;;;;
e7e35c8daa5cec2b6f6397eb3e3ea49a;;;;;;
983525cb1087e4f2629cd217c3cc404d;;;;;;
f8b82ac965904e930c0e91d681dbba42;;;;;;
3e92a7353af8b4beba53d0de6e35ac3d;;;;;;
e0c21a3783d663f56f1be083b49f315c;;;;;;
c0696be25898f10d9a2112cea283a1aa;;;;;;
f49be85a4d0c205d8f7c08dfb879f22f;;;;;;
82862b3e2d39c163ac34357eafdd5a70;;;;;;
d5e90d15a3e51a59b27dd3ff2cf24f59;;;;;;
80de4ac33f1b2733b6fabc05f84dcf2f;;;;;;
e7ac4d00aeaaac6537cbb4abbe429823;;;;;;
eda6a3fb1c1e936aa7f276970da8bf2d;;;;;;
69c476bc5442fd55a557ca795f1bb8b2;;;;;;
d3b71aecc5b6b55b645a90faf84dbec7;;;;;;
223b7666e5881fcb4ae0dd370e29ba80;;;;;;
44e12186c172145cd66fa069f8237a5b;;;;;;
8e6bfea5429bdf28fab5daa38155cdf1;;;;;;
31fc9346dd780cc2619cd04efce0675b;;;;;;
17f42313db334f4adef85a7fd7009716;;;;;;
1c8e5edd8c9032a52ef436a5a545e8b1;;;;;;
a5ffb299a52455e473b4d6c79a4e4fd3;;;;;;
68ccfd4d59a09572f4055053330e3449;;;;;;
52c319ead9459af54838fc5c915f6106;;;;;;
1ea18a07b70c8d14729d93df22ed7d1c;;;;;;
16d7503aebce6f6696dbbd4a8e7f16aa;;;;;;
d95e515fcb1b7fbdd766aa0946bd80ac;;;;;;
fa7610f8d271b090623db3d02de41377;;;;;;
a9c82b44f3258edb589a595afa8bc158;;;;;;
978e38650038cc47bc63d0310fbc2680;;;;;;
7d5be2250736815572c68cc57cf22b9a;;;;;;
cfcf7fe77fb9032b84dd5927cee8718d;;;;;;
2a3e348bae5daee39553ecf23f525273;;;;;;
aacb4be6ff3bc76d3e6f058e56f3503f;;;;;;
8877c649b3643c7f1039da8f8dcd42b2;;;;;;
2894160d053a0ce63af77cb25625a6d9;;;;;;
31b8b0403a59b25f8761f69a2c517381;;;;;;
a026b8140c031a4d92985c177d795558;;;;;;
1f48c40f2c87a5a5470f547342f3fb27;;;;;;
dda8a829cad3cfb66e76a26abad65a72;;;;;;
0d99c3238d0e9ada5ab2f9fee66c7745;;;;;;
3668c34d374e8210a3f0a0b3142f9c1b;;;;;;
88f877d62b55719d37083add6bd91e3a;;;;;;
0be69d83bd5042c8ca1abdd864851095;;;;;;
ef227602f0b790af3f8a99194220a75b;;;;;;
987e899b377418398c4231b79292e416;;;;;;
4c3863c85b06be3d58097faf75ef91c1;;;;;;
5d4c3028ac556fb3e09f38e6bc8fa885;;;;;;
84813deb87ec5493a55502eef4925f69;;;;;;
6e38cb012e40dec74df77e39396ecedd;;;;;;
800e85961d3fe646008e2f7035fd97c5;;;;;;
07410d3b6af29e690c0da402a54294ce;;;;;;
f497d9cf8f5e7cf05ad8fef51438fc6b;;;;;;
9d37389294acaf1b99e7b5b3151aff1e;;;;;;
fe0823b9ffd023102dd6778cd1180c86;;;;;;
ae304ac072e0f657d75058bae47f74d9;;;;;;
6f70434efc54fb25cc1edc22536fa874;;;;;;
c3d05c703345235b743942f1db567d86;;;;;;
981ca6ab2ddc74141973883bbad601aa;;;;;;
44cdd27fdbb177c630f182363eaef875;;;;;;
4df548ce60967a80be78c0d1f9bf2605;;;;;;
5ca18efeca7f1d1f2815913b4a9aeb0f;;;;;;
f6e14274d466fd979acb5d8cba1388a7;;;;;;
62ee677ae42a2f86fd9e63b3df1c6f5a;;;;;;
c5ba55140482da13bdf2698d6e74d7fd;;;;;;
d853fb517ed60f2ad8f8a9d3db181162;;;;;;
e35ae1bd7ffa8f66189036743357f0f4;;;;;;
d02eb9117ea446c746c54e9a42a80c49;;;;;;
d44fa5ba7e28127697a7e463102ed6ff;;;;;;
696a3eb34b3a489c026d546d812f2021;;;;;;
464c77d159536cc9b79325aca02fdeee;;;;;;
d9039e6042873f5e87cae50c54eafdce;;;;;;
1ec8406f0e04aa4e7c5de2c088fac69d;;;;;;
5a7f5bd3a38d957ab6355e4dee07efb4;;;;;;
6c74b324b8409a48344bbd278d946c8d;;;;;;
1be3fa6f3743120d6c4198fa6419b7c8;;;;;;
1a44e002855670bbb1a795d07862471e;;;;;;
754fe40cb50e30474d3b3c8a5b4c7bbb;;;;;;
d5a2d3cb004256ab59b0d78680f62fb9;;;;;;
e6c3b8af3bd2f716868b4221be74e330;;;;;;
71c88c1e79bd7d9e97b2562fa119a374;;;;;;
a6048df89db4cf91c6d6ff3e738825cb;;;;;;
7e0c06949ec6b7dd74185270ee549bf1;;;;;;
176b13766f4eae6c67e08bb299f999ad;;;;;;
9b080df6b34ee1494ee40fbb2d798095;;;;;;
b6a24647c41611d4a80cc77fa9c23a55;;;;;;
d7ca97b677fdfde09fd89fa997e68001;;;;;;
40be356ce97e403eab54bb59c855f7e6;;;;;;
24e353c6300b331d5da048733b46e5a8;;;;;;
f194abd2c0f95bcf88ede3f72860f841;;;;;;
c6791b7f00d02394c416406ed5cc995f;;;;;;
96af05036462c4f4a89b9bd3167a4915;;;;;;
06a2f7724f6a6af6a20b7154154925fd;;;;;;
10a822d05587ef4dd7a898b445717a96;;;;;;
9033ebdc3ea7aaa4987318ad8995a00d;;;;;;
385880233ca011b8649cb8e85eaf29a8;;;;;;
ff21abd8bb605ba8d52fe5d74e1a41f7;;;;;;
b9cedb3f476a1b7f4c31d0dd530bc86c;;;;;;
c668496c1e76c825be3d1159cc312650;;;;;;
63fc420660e874a39a3206075d37647a;;;;;;
639731c2e8e5d75234a9797c2bee1e20;;;;;;
12699c1d460a1912be0e32072a74a9c7;;;;;;
ac5a78b6d2c701a11d2a7b6fa78634a4;;;;;;
ab431b5ad033d977958416067f05aa1f;;;;;;
0813de966fa4c05a900a125df4ed8c13;;;;;;
7865700b72b2cbf1bbb1a8a2d71cbde3;;;;;;
06e99c4d0698f4bb7975da30b4018a21;;;;;;
ea799483e361f321773a0d58a18d48ed;;;;;;
db065bbd57c739c688f2c18205b76bac;;;;;;
0a355cedaa73b4b7ca2135babe18964f;;;;;;
6f51b23b6439770319dea6ecb4d51dce;;;;;;
d2149a4b782f96b076c3a4755d251bc7;;;;;;
51f9ce13f3755e7c4695ce4757680165;;;;;;
f65ef9634c3119cfb9dedb6452c83072;;;;;;
a25ce45d4d13a07ad069dadc1a958a4e;;;;;;
69393896a240d874ff6220fa919a08e4;;;;;;
51556fe3943daffa53a45ad28f3f39a1;;;;;;
20955ec66270341c1bc16fab466aacde;;;;;;
93272034e7846a410e3b5f7304451ee3;;;;;;
2a2959ceb2db51c6e0f5dfb9df232aa2;;;;;;
9fcc770bd526bace1b32c447db7f0ac7;;;;;;
379803864b9a09d3aaa4de5b8349f36f;;;;;;
fa89db2a630912dde4eaf1e65b24c925;;;;;;
eb67fe671b32dccb9f0a412f5c39615b;;;;;;
94ec4a79739ba4f16382691aa24ede17;;;;;;
f7999f0efb43c266048610994a169061;;;;;;
889b3ff83908178904744917416a615d;;;;;;
9cac78eb386224dac650be81f7675668;;;;;;
8052264848bd569652b0e5c992943751;;;;;;
b698952fa08e333134fb02a076ac23ed;;;;;;
ecf24e85743d5c1b9470e29bdada5e42;;;;;;
2e6ee0ff68f95ce30a0f4e4fd6ac131c;;;;;;
f88f5bdf2bc0afd4579011f24986d894;;;;;;
c48013455b2e5a5bf40dd5bb8ecbf054;;;;;;
e0cbf90b0361200666ba4df3c5974bfd;;;;;;
120b6eb88684e3d931b5323cef42b9bc;;;;;;
a2aa77737d3d55658d25408349c01801;;;;;;
377540e612507a27219a17b3d2e22d38;;;;;;
be22428f3b1e8ee1b4a4edf77c257649;;;;;;
d13f1a3070eedba6f43b14e04d0e2a80;;;;;;
4e8ef336cfbd40071d9cb4d547dfa2fc;;;;;;
5ce9f62218575fbab4ae4ef0ac0da2d2;;;;;;
ae94f4159e79ffe80dd0d6a7918960a4;;;;;;
880cbc0131311daf051df6f854a0bf1a;;;;;;
943025143a77d52a799c0d9d7095a010;;;;;;
f8c01b7a4d905ce3373ace8bae63fcdc;;;;;;
866d294c7a875431297e3848ab6b9b71;;;;;;
eb5a79439c4fd5ddb7562be6389b61fe;;;;;;
f224461c23acb0915d1edaba5272ca9e;;;;;;
cd25bff9e5540493dbe93c5f436737de;;;;;;
c20e1477a39b65c934e6cc0354da694f;;;;;;
bb0d21109054e1c64b63b23672de4cbb;;;;;;
5d948d6c5929fbf43b383f7af8f1d18d;;;;;;
736e11ac1d58df92dd8487999249b25e;;;;;;
0ac5c38c38b1041a158fef3be7518ae2;;;;;;
d16ddd5d0a331679d8fa9965b8ffbcb5;;;;;;
fc2f4171016ac283440c49dc8e5bc1fe;;;;;;
1edc14a2fbdb8727da6ac95b1558ec31;;;;;;
6366cd7fad0f921fc352cae841b51a30;;;;;;
70fa8b16b0decdf66d521a3938de51df;;;;;;
d15a601e3fb394cd9a23971b9fc3a970;;;;;;
965830ef24518680a8fa77ca16f50c85;;;;;;
56b3bfffe1234de3d5972f1ec6e46891;;;;;;
3dfd8421ec76b1b5dd69846b418228ed;;;;;;
485518378adbef1169af32c86cdb7259;;;;;;
f88aff17b0e045bc283e041840b93714;;;;;;
b7a10605d413433dd09acad6d9e0fa84;;;;;;
795d456b9c3615f8fc48eba2ff7895e1;;;;;;
61db0d62e3d944a593139efc18814e96;;;;;;
896fdf38953b143fb5b6497f1996e89d;;;;;;
69b30e6718124d822678293949b8e373;;;;;;
554281542d8dc95af9e7815f490825f1;;;;;;
57747204d79dc1b0d7979251082276ca;;;;;;
6297ef571a183af5dca489981e753c22;;;;;;
21b2b783a77943cdf553e313cfe2015e;;;;;;
07ec771893aea1993f117e5e617551eb;;;;;;
7053f7b0132760a57f40d9b2518df7b4;;;;;;
21d5c8ec41177557591942981870da00;;;;;;
d0ecac8c0fe3c554610c971ab13c69cc;;;;;;
40a29891a7346d78726fc4452304bcdc;;;;;;
e3f8797ad7f06b59e41bd09c90a6215b;;;;;;
98228e3f1f065c1141b2448ca9bcc0bd;;;;;;
4a5e94d2204603d0e669f6efa7fe58be;;;;;;
1b52994c6f3e16c006784f9e89c19882;;;;;;
fc81f3d423d21f9d92c9d41b7f277f07;;;;;;
8b0d678f81b3142a6940416a9653d0c9;;;;;;
be3de3ec1d2ca8e8623be6e6ef32589b;;;;;;
e634d8848e50a950a70df98e72aca931;;;;;;
2583e593a2a9c00dc9f25a4ebcf36b98;;;;;;
d4955e97aa8896893073fb672979134c;;;;;;
dfa24db44893c20d202ef9d629af575c;;;;;;
a95af8fc75ba68dfacfc42a45a3c246d;;;;;;
f94a58dc0b02cf92468bf0ecaef3f4a0;;;;;;
bfa389c796e9b625673031a8f75ee46b;;;;;;
c53da13d83e98fc37a5ee852adfcb470;;;;;;
5d8b7a4a359e351816e3e03035c8d29d;;;;;;
e202eefb3c90fa8ed00c9614a1bd2443;;;;;;
4f21e17d29f2e374034a288562c1b749;;;;;;
5a966f1f89256a61d46842aed0e7e376;;;;;;
d8403814d00ab285e72fd506b55f4fa9;;;;;;
114b93c618902d091e8e55ba0a91aac5;;;;;;
c54e1634374c0c8a24f0eb762c9de5db;;;;;;
cedef4fe92297472bac7e3f759a077da;;;;;;
48c6b3daaceaacebf7d8646105823d2b;;;;;;
bf483ebb17f3feeb0edd9f3652850bfa;;;;;;
adda17393b30b3572635beb1b9003d5d;;;;;;
55a58a6bce7163c30ac79e0586af1617;;;;;;
4bdd3c3159652502cb9b723ecddf5ae4;;;;;;
c5231367ca0b8aad61e1ca8102fa71a4;;;;;;
f3ca3a8e4c6d23e65718b83a8e46db64;;;;;;
929bdadc1c51cfc06252638a3eeccd8e;;;;;;
9d22951afd3baf2ee53878cc6efe9da4;;;;;;
0962e6f11e01dc2427c21a605d281f46;;;;;;
955a9b4a68fc0ef85f30e25d306d7a29;;;;;;
911f76dc18e1cd19abf66d5bf9266aa1;;;;;;
ebed89c6ac33c14669b46a6af61fdd3a;;;;;;
bc5aed84129d93943d0a64b7f6ceb79e;;;;;;
39b30a9122e678e0b8c3785f0dc8fe75;;;;;;
0e94dbf2c88134ef7fefba2f263f4437;;;;;;
82defd12e63e45134548550919754a2c;;;;;;
afa27d889c57b6c719f1e8c147cd22c4;;;;;;
fa9240177db049049fb17c345816cb7d;;;;;;
4008249d140ea3e596618ea7aa0ed8d9;;;;;;
4af397c56227de8290310f0f255c7a84;;;;;;
fc36ecca6b2f9fa254c1705bdf0b0675;;;;;;
435f7c0e4c5156d02a4d2e34b21d9c82;;;;;;
a0cf79eb36433373ebc2c6034abccd5e;;;;;;
154e0f502c0071bb267a5ce661b6bb0f;;;;;;
e12deb11023fb07bcc767cd2d27e3b2c;;;;;;
48d3f3261f5caa95eea529d6f28dd7d4;;;;;;
ce5e1ac18e5995753ed747ede399ae86;;;;;;
7d5fdb609a85e6499b8fa5b1bf252bce;;;;;;
4b87cce099143fcdc96ef1b7f2322178;;;;;;
a2c2155947d2101f5df1a1110d85413f;;;;;;
4952f9b873aa08c1dfb34286b7e35426;;;;;;
8a5a2b15ca57d2c0ed4950ec936af1aa;;;;;;
27986c1e020341d4432498e309232a9d;;;;;;
22fd5f5a2cbc855b63c62cb9bad274ff;;;;;;
f21e7a6966e944e2e1b68442e8cbc556;;;;;;
41d859a101babcf445f760eae4104792;;;;;;
125e9d92610f7fbaeadd97affdf2ff58;;;;;;
3aba346e03c9cbc1375450e64b6dd16c;;;;;;
efe2b6f20f93a61583937f1fb568ccc5;;;;;;
6e3ec7c6a2547accf0da55e2021aad23;;;;;;
e2c219e4993a9438ab3ae420b1828ff4;;;;;;
13ee975f759cfb2724ca3824a1099121;;;;;;
cddff30ad968ad3fa29457d9b0fec761;;;;;;
7af66c786cb786065fe09d228d50fca5;;;;;;
09d9072581667907ddf53e2bf58e3f01;;;;;;
4c4afc8c34a6bdd94e4fe6c427d88b6b;;;;;;
8b81f9be184131190397557a16cf397b;;;;;;
c7d02ad1b899f4c1b2b2ffcafd41f226;;;;;;
8d2042b37dca58bf9250e656590b2948;;;;;;
815e1439865df7b71e4dc99d4d48011c;;;;;;
2afb77f229d37b43c4899db814f5823d;;;;;;
af8beab54cadd5a9bd590d5d769017e7;;;;;;
6fdbfeea3922a9000b5e1ae62fc7b9e7;;;;;;
38723e90d5e833e7c4da89a0fac8b8f8;;;;;;
57aa092d8e35bc7e74367b5afb543ba3;;;;;;
90dce3497cdb3c0d44514337f3e2dc2f;;;;;;
7173805bbfa542d9f937d4db61b0e480;;;;;;
6c4a131a2fcc503840f3ee9024004742;;;;;;
bac11863aaa61a3d76e52dd0ed53d135;;;;;;
05464c80af4c36cccfde630fa49e1100;;;;;;
9b2b1592065534bbb09b6e8739210559;;;;;;
b4363f324ee19bba5963b54750323dec;;;;;;
78e52c77ebd1ac2a2d840ea8f843c856;;;;;;
508251a3295a4451a327dea9cd8d49c1;;;;;;
c8f4a4a50d9dfc0246a34926f173df08;;;;;;
ac9d39a16093a8c3f59653f90a2a5f10;;;;;;
4345205a0db9d7f3fb54afdb0de9c9b4;;;;;;
f28c075766503d04e07e937cf755b1ec;;;;;;
3cfa6f8f0e075f1bbe61278edbdc8d31;;;;;;
fe8604d263fe132581c970b1ec032e16;;;;;;
37298b1c577dbc06293c132ef5a73bd6;;;;;;
6a009c91366510ac2294bb2edea3389a;;;;;;
98dc2cc625ba2ce30aa95fe6bfd5e698;;;;;;
bb39da9476b8c5f3854914be4b433b51;;;;;;
e31a7f13fd618a041e1c120fd8c05e64;;;;;;
96985a40dff278ee5d45b78d3389f844;;;;;;
2942b0f7567bdc3f08003ee637a7f6d8;;;;;;
21ff6fd6b827a24c29454fdf979d3889;;;;;;
113e28819245c6bedd0745754e1d7776;;;;;;
47a987f0568602208fa97c372809dae1;;;;;;
acdd80255fbdda697816582dfb0f59a1;;;;;;
b9e9dfd7a8e4946352b1e23bd0a23b36;;;;;;
60f084de34205e01a5d2914b3dca5b4f;;;;;;
cf2074eea8cc560b7a5729bab2fb965b;;;;;;
6fb0f31780053f40186948e404fee79c;;;;;;
a66bf51b025add04d49a6524c3daa0f0;;;;;;
f6f0a7ce83dae12e52e7a480e857e154;;;;;;
0963f1e509f4fb48423e5d529d668dbf;;;;;;
7bbcbed6687feddc0d74e8aaab3316ce;;;;;;
4fda4fa0f390517f7a567c70fb6d2952;;;;;;
45eeb1027d2eae8fb47cdcd96a20c7e6;;;;;;
8867bdd7145cc15125ff083b455e2df5;;;;;;
abceca83375bc11c7910aaa350b40fe6;;;;;;
6aa9097fcfcd3cd7600022f1a13ab5e2;;;;;;
707c90c74f040155540309b4cb995b31;;;;;;
502b0e61881d0534806d09f005730a67;;;;;;
4f9a7e063117f83b83a475f7f6316af4;;;;;;
d2b87de216487a85843ef6dc881ea9f7;;;;;;
3b891351b9c74c24b9a93c6dacde8362;;;;;;
b7270b3352611d5da02dbb9f46295a35;;;;;;
43c6f101de05fee0dcaf82fc1a3fdfe9;;;;;;
d8c5533b4a7b1eea82462e47f17dc44d;;;;;;
d7294373e737b7e7de77172cd70d6175;;;;;;
cde4c4b78871e7109dcd8e5962cea98d;;;;;;
c8372c2d97c5288361097a20f6081b88;;;;;;
559457758e033d68de124c9a171ded21;;;;;;
4552119e8f9fc54a7c68e2d611d9a8c2;;;;;;
e848727d450cf1b671ced31876988c6e;;;;;;
79222d9c297d98119a9a7ec9b790eefb;;;;;;
0d3e29d910708ac9c239022cda1ac5ed;;;;;;
a0abbcf4df63e25de5a1cc86f6e77a4b;;;;;;
f5dc283fbf1c1521fd1588ed35bd3240;;;;;;
055512821fe28a32d4cabd2677d40900;;;;;;
bd80a471cd30c39d4a37891346698c3e;;;;;;
be484ef4f9fd97f3185981cd734cbeb0;;;;;;
2c1e3fefa44a2f62310ce765278fa6f6;;;;;;
dd2eb55609d1f8333e76f762c86d8ab4;;;;;;
fe2139d258cefdb96f015aca71e4d445;;;;;;
2b3d3f691ba92415561a7524436897a3;;;;;;
2b507aefaed75adaa659c4a6b0f2d44a;;;;;;
388e6759a431d17992a5ce06a720ab07;;;;;;
340712bf38a81a8d48a7a836872f7f25;;;;;;
59672a9e74754d12c6b39c8b81b71aa5;;;;;;
79ced04ef3cef3d148f919262112cc7a;;;;;;
b0213667a27e8fe6574e1379ff8c820b;;;;;;
4d228fee282764920b3a3e3797aa971d;;;;;;
f99eda07c79d71c6f2792fe262404385;;;;;;
4ea7c74b020a2d53b52704b641b42804;;;;;;
f7a86e9edff617c82a1c38e4c59f4c59;;;;;;
72532f8a3aacd9cd1c52874c2197c6dd;;;;;;
88741f5da8a55671ae4283829de9205b;;;;;;
46cd5753b19a04f7973ce66bddd3eff5;;;;;;
f6c309a322d18f7152d1ed1381404298;;;;;;
95afec571102fde5563cfe676479a3b1;;;;;;
8049c1e9f3272cd65d829a521d84f788;;;;;;
346a4245e73b694db90c2ec5c94b2208;;;;;;
b676ae45360062c58a6649729de88c26;;;;;;
24aa9f2e037832edf4fbbc26567be1c3;;;;;;
199f35200a970c386469433a9c4b8591;;;;;;
725fc47a7a04cd14d6584e1bd9d2428f;;;;;;
390e4e0424ded7c9805c6e86d08c2182;;;;;;
9de40bfbcb7c9fe0f2f01c6d0e6eb760;;;;;;
7e0cb517972c9ae7094596dc1b7d623e;;;;;;
6fd8ad8d1b5899b337a01cccef0abe34;;;;;;
335dead31346a3236e8888067eebe61b;;;;;;
91e52202599c618954bf4dd4fccda0dc;;;;;;
63d68e02e554f522f22676126d516cfe;;;;;;
08c5871d2fc8dd177c5f7aa7189bb51a;;;;;;
286bb9e5cbae54b05c6fba7de0ac0110;;;;;;
1258921ce42b2887351918de9ce1fd1d;;;;;;
2bf081e866a4b5dd9bbcdfd776d66878;;;;;;
b1b3d1daa8c10123b6d0db3a3ae6384a;;;;;;
e2b348aa5e8231e5998b0b93e6b3bab5;;;;;;
fe18b5c6ebfc845baf29cac1719de1b1;;;;;;
751354d048d4bbc381356833c5b233be;;;;;;
a8193bfad29a3979f5606dda0aefa3e1;;;;;;
4726020f7797c80a91dcbb03875cd65b;;;;;;
a62f158d6e2ee4d24f1df480e9bd73da;;;;;;
383fa743accc650b6bb3db4d40b6788e;;;;;;
1473f649363843f29b21c08ebf0ba3ce;;;;;;
6dce07bb090a4fe0aa7072fc71a965bc;;;;;;
c8f1f7187e08f5443163096b16bbdad4;;;;;;
37ecc2c1a7e12cc5fd6494f78e9737cf;;;;;;
54b1bfd888044a16508a671865428acc;;;;;;
6a7ac41a6846da5814ae7912d85bd15d;;;;;;
cd1c2443560c059f53122dec25bc8350;;;;;;
7fcd17f6db65b01e2838429f75c929b4;;;;;;
9e7ab3e3195e84f149c53495b01d89f2;;;;;;
4571da1fc93f3732b4119bbe6d73d122;;;;;;
9429e449c8abbe52228fde7e3f1a5671;;;;;;
8558779923a297bb4317c26ef96ac95a;;;;;;
1557267f5207f5dcbc415ed76c8868e8;;;;;;
c7f420b6e674c6c3b1eb1c53c4155f46;;;;;;
251c96e2d799926a9e6c890ef3fa3d4b;;;;;;
35c70b61666ac085cf85379fe2dc0c44;;;;;;
8bba18f8de1e5dd877bdb8d3c6a14aa2;;;;;;
4e87b0b522988953afdc577c3875b0a3;;;;;;
ac0151a89905931839b976655d1ed0cf;;;;;;
e413bffa2c307b84f98b5aebb5b4f2b4;;;;;;
5998431a8dd43bd6c4661d8376216856;;;;;;
5fdd58f5d82c5847d9eb3818e320f1cf;;;;;;
b61261174b4568b0f6f8052e8e10332f;;;;;;
cdc41c8f255fd92a7ea9eee0bc9b54db;;;;;;
42f24d13bd0661f6fc762311c8ce2ee0;;;;;;
3b52641badb786ebcbeaca1b5bad4a14;;;;;;
c1137507680dadc4cce48b321c553890;;;;;;
7e04b7c353eda4d2abae29492335ae29;;;;;;
7065884ebe4269d6d4847cf61605750f;;;;;;
d509d2c78badc4aeeed20a1729de4269;;;;;;
f7ff92b91c2aa9d3e1556646adf656af;;;;;;
0761ff86145a582385216e35200e8670;;;;;;
7460284df9704fe01d5c45b70d293f5d;;;;;;
b8ff1572b6b23f623daa6dc92037e875;;;;;;
a7dc25d372ce3df5ae16c2415612f42a;;;;;;
922ba9dd935da1f0587ba2929f41029d;;;;;;
d7e496f32f899d0f7f80075d07fdef84;;;;;;
cf91725ab9a6d39757515a253c581cb5;;;;;;
8755ab0aec26dab30b3c010ca0c8b868;;;;;;
6b0631192e3a51481ae13f8e6b9147d5;;;;;;
b5759ec9a8fa29f33927f8c1ffec13eb;;;;;;
a1e36c52b328c5ff67b0aabbe8f31086;;;;;;
59a4df1774a702c4d1b5ced5319c1944;;;;;;
e345c42329e89172c399a06cbc43838b;;;;;;
041e0cfcf46794f7140bbea553b505dc;;;;;;
dba1f1722e231c38a1786d0903734274;;;;;;
ca3a1137a1d4e92346816f1fc9d3c7f5;;;;;;
772b7998d39ac495bd588312f2473d2e;;;;;;
d168cf19993f06f07930a5fb3be6a858;;;;;;
45a6f9b422b9c1abbdba957653ffe955;;;;;;
65daf55f622a46f7fda031dd290db165;;;;;;
a8e041129585f520bff567faf974e8ed;;;;;;
55a0b1a16751156c8e95cbbf1c501ef9;;;;;;
4165d03f5a5437067d855468a2a50173;;;;;;
f7beb7b9cd0c5f4e95a87b9300367afa;;;;;;
8658b15b211e4ae4de9f0ec2e6364212;;;;;;
aef36d7c07bbf1b7cfdb03b92036baea;;;;;;
06b87bf4dc0d346afae146fe87dfdc5e;;;;;;
539896298c406ada366cfd1f7eb8a2e3;;;;;;
ca5cc2235fe49ec360863150dd3b78a4;;;;;;
be7685b0ae0ebc4b08bfcdd5002aaae2;;;;;;
40a900e1b905972f921e713c3a0d114d;;;;;;
9135caa6265d09f916c23f79ff2797bc;;;;;;
16d50480e7838577b2098df363d50441;;;;;;
f987bce35bc80141e3ad698e3c6b84ea;;;;;;
38c211ab6bc12a193e6c1495779f5ffa;;;;;;
5c4f2c5a80ab46736b0988058e558a90;;;;;;
28956aa5620d1e5826e47cd84b182fc3;;;;;;
5f9f3b23dd51b8ea59f84310ce1ecd19;;;;;;
13ddc91041dd1991774533668e822642;;;;;;
a7f4a7fddba096520af482749c229b91;;;;;;
cd1b4864fe43124f90f299bd1fbc2c81;;;;;;
4d3740a2aa7a3aa34df9b445796a07b3;;;;;;
e090e8463c6dfb23c476d1ba660ae8a1;;;;;;
ca0b62ee1f03e53d1c009c956028ee48;;;;;;
0be19daa66fe40e1b8c017d66a1e1dac;;;;;;
51efde4de81e1221ddf5a298ba28eced;;;;;;
e729dd121375f2a0cca9dcee1f56a206;;;;;;
42126f17c7e25f4fea2b5118b4de34e3;;;;;;
2bbd294d61d6724635d7e89864a578af;;;;;;
aaa50e3d154df8d4b4c4bdcc8336dc37;;;;;;
a7376fd88fb6799add7694364a1f4773;;;;;;
e1f1bda0418dc3cede4744cf8e0f1cec;;;;;;
87d08815e3067b13aced580a49d0be86;;;;;;
bcb68b617e5a303b8efadc2555d577ea;;;;;;
5c815fd0c83af2b0cc98966e26e9ca57;;;;;;
5cc75fdf8ca815892aaab1db061201b8;;;;;;
b8b89fb489cb0079122c08c6db1d4a60;;;;;;
c8feea1d6cc907be5838ecae1428c822;;;;;;
2ad5e488396dd42e7f5ad0ca5677966d;;;;;;
0e755a87ed00ce77e402c0a79a769c3c;;;;;;
81003f375bc2b2f32c098d6e34d795fd;;;;;;
e9ad96ccee0625df6372f5301a6133e9;;;;;;
bc1ee51aae026797bbffd2733947a331;;;;;;
6a0f2cf58c4df070a3460366b2f9e469;;;;;;
36b19c64d9d74c02e0ef82b95b360314;;;;;;
b0163dd0076bd538d390ed4a65c35a5f;;;;;;
30410265fa52888e58a50c0174f3a9d1;;;;;;
d262fff3d9de6cacc1983f7fb240899e;;;;;;
9043b53d5876b0c86fd5f61dd167ffa0;;;;;;
9fa369b8b4db344b64fda0c14f329fba;;;;;;
eac59f3c24b1d25392e4eabb5917f33c;;;;;;
434a07b52bbaa5f1606ca9945779e6ed;;;;;;
f60eb7699154fc565d7713cb40fbdd21;;;;;;
2d828fcaad941612a8bb931c75d7f1d7;;;;;;
90ac9c5a660f2782f0ac5b1e1e49eb9c;;;;;;
2ed9e2c5aaf646ffbdd4ac2ca275e675;;;;;;
2364bada94224304b8d16062cd11a41e;;;;;;
2c9a4278d27bcb839af815d03a3b21ce;;;;;;
e015697142e86af6f104cea576068351;;;;;;
53d7382a0ac38b028cefc1616cb21f55;;;;;;
b21cf4187b35254d9363696cf9ecd0f5;;;;;;
e69b176a92e809e15a73f573b08944ca;;;;;;
10225fd8bd9cfdcb0fd7bbdf6bf10656;;;;;;
ff40e7ac0f22d83cf346033e5dd290a2;;;;;;
72c2ab808b9683b20f017743cba3aec3;;;;;;
4462a84edc2aef1e67b96684af2dd014;;;;;;
f665e6ccfddbcb1c30bbd515dda82c50;;;;;;
93b0eda3606e6e31e630cdc6f14c73f6;;;;;;
6d776c264b5924c54fa85f1db88efb48;;;;;;
f70faf374bd70fe49c167d9f22720215;;;;;;
b52ec83eeb36e3af944ba7ff4e07c17e;;;;;;
a2745f1e4b3b59ae1c1528f544a6a159;;;;;;
e0f9f220afa8403fb450ae24f0bdd124;;;;;;
0a931a3735061b16d63663c5d8b03897;;;;;;
0dc6a314af20be56469658fb2daead9a;;;;;;
18beefe2e7deb661d104ff6cd5b03850;;;;;;
3ddc3b758304e41c1483c4c225419cf8;;;;;;
81aac69306780acdf5d09db44c2ff248;;;;;;
6f0d5366dde7777371dd096e80832ab0;;;;;;
155a1b078786fd5e040559f6259e8ff7;;;;;;
262531c4eda8fa55638b383c4339a62a;;;;;;
14f432d3550381e36d539299536cb919;;;;;;
06a29bfbeff16135f1d0b01f40450017;;;;;;
189c5cac67a8b99d54a98fc65ba4a19f;;;;;;
235d9b1619d2470f901da2fe8227fb74;;;;;;
dfe2a73b8b00116ec105c218feee1932;;;;;;
2bdcdea8ee4ce8f72eb53e984e0af062;;;;;;
51debcded6f9a2d83b97765481aca527;;;;;;
c8c977fdcf64ba0e6d2f8b44946411ff;;;;;;
01d4be6b4d5f8803a4134f71bf66f4e6;;;;;;
c5e7a2d4c5a40044349d9464c1d6268c;;;;;;
123a03c7ef8755a680c7a90106a14263;;;;;;
ef226c500b649c9a6b618600e855f8ae;;;;;;
a2225840b65908278299ca7c485af91a;;;;;;
ae36258ac823f0fd7537e1b15735d81b;;;;;;
f5c24ba17c2bfe992e94988b8353644c;;;;;;
16fb22e8b28997d171e39cbee6b461b8;;;;;;
6aa697d598fe62cdde5e746f5fefac7a;;;;;;
dcbd342a1e1be0e5128f1c5b90f866d7;;;;;;
a4b4b13e844d1a20a6e3b3c7daaf994d;;;;;;
595aeb94f5242144285d42ca82789e47;;;;;;
f4da9e65e9b06c5712ceec242d61ea3b;;;;;;
84754c544bb0180d1b964d078554960d;;;;;;
b1cb51d410455fe2d1e0ff690c2e66a4;;;;;;
6f33f42d61eebae49c4dc930144598a4;;;;;;
2555f6d79da4e16f7383798fddc4978d;;;;;;
662b42ce83013e6ea7963909a99a43b8;;;;;;
28d9317ec3f76e60e9bab6d74535b927;;;;;;
1a928d22b80f5a10f0d692b54e1fc386;;;;;;
abd8787ea2a2441ec1e4597823fe13ae;;;;;;
51c1a717eb1a250623c1b89bda07a30f;;;;;;
10f245190b3a5a6a2b60bc6b4ca87820;;;;;;
3c9348e5e724c34045181ab76383605a;;;;;;
56ea8b400286b21c920840d6f188c479;;;;;;
7a4811376ab0a8ccbcfd4a531fb29130;;;;;;
da88ace2588d6557f47c6854351bc0af;;;;;;
a557d891e09c8644420272649618bbce;;;;;;
20b76ef5fa0fcba672c808ff902a04d7;;;;;;
d3724e9635ddda8d9d24b7bc10e699db;;;;;;
90939330226b0ff5217c24427899f11e;;;;;;
9d9c43be992a9a6e8ea6be86f0d13cc4;;;;;;
8fe3aff623a9ae72288b3d89d5fa7837;;;;;;
a5f67ebc5df2cad36ec82a26de8a2667;;;;;;
4382e61e9c9c89473f6349fcd3afd2d1;;;;;;
258c786870e0e3618f8499e01ea377d0;;;;;;
e9ee867fe85fec614119a2185f48cbf6;;;;;;
ff6f102c7ef0de8612bf822c74f44ab8;;;;;;
676ae171df57f9c87954e5f3297351aa;;;;;;
b76f8cde0d7b17b36956f9d209cc6e43;;;;;;
d41314d567e22bdaa46ef2f7bfb7a0d6;;;;;;
0d4106258e3feb9dee3eb36636569c37;;;;;;
b455cfb6c67acff13873f9901fea8b16;;;;;;
dbfa94af7adf17898bb1efc266509005;;;;;;
40129b78d050758ed3213824cf2049c9;;;;;;
05a1fbeb5422757cb6c2ca34300d1ab9;;;;;;
d762f0f3a6dfa41bfa26f24a3db17fa6;;;;;;
03a4f71d4f24aeaa6a0ed0faeaa567ac;;;;;;
b99712af495161a3dd308d68e36eafa8;;;;;;
a40a4f4dc48f8fb105deac37c75565bc;;;;;;
1d6aa43f93031a7eea2d6881d637ea0b;;;;;;
b4fb39a23c17380441cbb4e123d8905c;;;;;;
3f7855110280ec267b44f6d387933bad;;;;;;
31cd741e3cb69e2be970b962a066c587;;;;;;
6bb3a052b520e84e249d7b89c9885094;;;;;;
5f513450fc9d1fde07cb9c5e8a0e0f35;;;;;;
b563d5d7ff771f25a0a1ad70e364cce1;;;;;;
93312053ec9395d8ce11d48d2eabacfc;;;;;;
e292d80c912bcd39eb5211f7c122c8fa;;;;;;
7a27993a74cbe1b7f1a804c9763a7ea1;;;;;;
6598167fbf16d96b1d05e941ff7bb88d;;;;;;
1f018c274c4ba9ccdd6d52d41168d1bb;;;;;;
e1561095e6b0eb21ca7ddf271f16ce68;;;;;;
55ea830d0db2cd520a9885ee1b4e7773;;;;;;
6d9c5b527808a030fa3b4cc9180bd075;;;;;;
b1c89639826b1566c1fd99a072d7aca4;;;;;;
ca8b7dee8789b7527389d1319ee0bcb8;;;;;;
341f9207c7278010f1fa7be6fdb39ae7;;;;;;
8de7fd3773e7cb8ba27ceddcb3d9215a;;;;;;
f083bb8494453835394ce30e8830167d;;;;;;
3156686ef84c9636d0e8e2335a87f662;;;;;;
dd24ea9fea9beabd85bc8e6905f2f52b;;;;;;
1d348d1631ed27aae31f515d52736277;;;;;;
56ab9e8bebfdb6c095e4b986e757a9c7;;;;;;
e200f581744e62091458d127eddef80b;;;;;;
6dc477184fdcd9acc11db82a668c3796;;;;;;
d0d8975b8ce310e2938f15180b9e558a;;;;;;
3bcce82c41c5c3c6e605a6322f2a495c;;;;;;
f0d951b93a8f2374cc1002d34951d283;;;;;;
25849e74cb993959231243a8b5de68dc;;;;;;
570536fa24391656d09c9423645aec71;;;;;;
704beae1d1329fba9d99fe16f623738b;;;;;;
cb5d0b33a085836eb0c7639f3ab3e94e;;;;;;
d3d296a2efeaa4056d623bd6e1e9bd77;;;;;;
b40022aac2ed12381d51e3e425daf8d7;;;;;;
a1532bf0ec01aa3ef79ceba59566f123;;;;;;
4cb250929dca03f105a406bd3e4fe2a3;;;;;;
4e39c2501f4a33cae97d467a9d1524e6;;;;;;
baeb07b220c6fbf8557dcc383ecf8607;;;;;;
529416a7e2f70f8fcde2d1bc8947b962;;;;;;
210deffd2e58a069eb1433986574648c;;;;;;
0ae8ffaeb2767d40deac41c0d73e7a99;;;;;;
02ecd33400eb23fb3b9fdf7cf012962d;;;;;;
8b72d41bd47213f9539bde28cc42c072;;;;;;
a883f46c495adc86e5affeb83e2a0380;;;;;;
2c10ededf1aa05ef2c14dd469867bc0b;;;;;;
44679d89dd1bbe77887f93c34e0747fb;;;;;;
0a70b41bca2a72e709eb85dd3957aa5e;;;;;;
4c07e991cfee3b1cbe53cb39e9f252b6;;;;;;
33509606deeb74ec9a404e63611448c6;;;;;;
38e42308f7240ccc4c767e18b6f0f97f;;;;;;
f65abe5ca8cc55d5918d1efa5dc564d1;;;;;;
9c6abe2cb2f31c66da7e6fc983a5e397;;;;;;
0eec7175190de3c0e70985d432d5d3fe;;;;;;
1774504f363af4dc6d21be3985c60f89;;;;;;
c12eac71cdabff1acc716ccb52db2f7c;;;;;;
49b6621a85ddea9c77ed1f2016862d33;;;;;;
e164fb351abf0254fe33fa4684dbc049;;;;;;
ce887ffa6136e480e08b8f51f250729c;;;;;;
96faffc9f1fe55c2c138cdbda504cdd0;;;;;;
89f2a7c421c786032417fb162f0f1539;;;;;;
312b7653461d3e1377e6128042a2dbf4;;;;;;
08b61fe059df57d9ff4b336971ba1ce8;;;;;;
32823c8ad898d5057288c2796d7edb88;;;;;;
3c9b7d2b7e67f811cb3dbe89c39904aa;;;;;;
4bc206bbeaaf21536afc564ba6ee10de;;;;;;
47da502cc082a25a4c83c815b120dbd6;;;;;;
f02691fe6cfb4bd0ed4aaebc69d883a2;;;;;;
e3d69340a523a790803f2b10810d9286;;;;;;
76cb9984bf57002619dfa4bc7a380f06;;;;;;
5c4001e557d9356d8392bc9a9af44081;;;;;;
f09f55a0e4068b211cc8dd173cf54121;;;;;;
8f9af90912ce5c9962dca7c0e0ba9c3b;;;;;;
4e4b2a5af7079581198cc9ec2ad53941;;;;;;
9b8f24136bb6165dfbed48c80171e6d3;;;;;;
e49534f7b0ea885d1e970a8dc28915eb;;;;;;
d73761c9aa35faf948810ee57e72501c;;;;;;
4f5e78e4ee34acaecd25dd01f7135f6b;;;;;;
ac35491bbcd4f605915abda4e2fd4eb1;;;;;;
a01ad073c00fad07596bae123b137b31;;;;;;
583b8a058628570f62a0d246d5b41ffc;;;;;;
f1f785f151313b080f802c0fcc601b9e;;;;;;
37d8a0f923837fd32b0f348aa13ca59e;;;;;;
bf887be6538def28bcb16d6ea3f10491;;;;;;
47c507deb21a26f1c150cac140c493ff;;;;;;
8e6eb0abb297c76fbac6291001b42f5d;;;;;;
f7169219844c625fd47395ff8390fb8f;;;;;;
5c4299edb245e5b89ecde07170e5068d;;;;;;
6014e302923b811a4bc21baff61a2857;;;;;;
dd6ecbe0ff86a6fde68a50999ae43b2f;;;;;;
1562b5f0a48251ea369d10317a2c14af;;;;;;
74ade8bf04730dec650b5bfa1b577d76;;;;;;
a99ce9bcc853a2b0af7b69d5873d3104;;;;;;
28328dbd3e87ae2756536e89f36fbb57;;;;;;
eda935ad46f83a462b710c3efb9fda3a;;;;;;
85423b7396530c71478b010187db3887;;;;;;
ea4e82d9f4134623afbfe9ca6815136c;;;;;;
c29a7e0ae6c193f1d541f57b06ed5f0f;;;;;;
58b39b34b798b6b6d90ef32ac50d99c7;;;;;;
9bbf9b53a580616a07b49e9ed3b36865;;;;;;
d12a23e8b32bd001d9342955e38164c2;;;;;;
9ba0bae5a2deac9382d18fff1daa164e;;;;;;
5b05306ede163fdf475005d60da7e0f7;;;;;;
8ae656488eef2c85bd24815b40e32931;;;;;;
307729b2763295a16b0fe2ad59e00ed1;;;;;;
ea0b30dec7ae43ca4af85062cdda40a0;;;;;;
aa6c1121f15386d33aba1469c77ea01d;;;;;;
011a70dcc61c0cf9df698a52fbf69499;;;;;;
646f8b887119f648de043d974349ab9d;;;;;;
202e98e5cca1ef872d3b69b3e65dc355;;;;;;
34b6cd9fc4b86b06c9bdbeece207ed13;;;;;;
354bee9a1328464221914db1eda99643;;;;;;
9b67a738ad3e6583c20d6ff969da891c;;;;;;
a48445f6664232d53c76a576b0c44c27;;;;;;
a0ba33e0b9961f05ff65c17f5805cc4f;;;;;;
1e2620c53f5d2ed7d21bef778a0ceaf6;;;;;;
6492b52d20d294c0466deedbcfb1b016;;;;;;
a617d3cb49f3464a3bb215351196fd91;;;;;;
09e40f30055db84045984c7532b75596;;;;;;
9be95d2faf13fe282b030e7405fbaa9a;;;;;;
cfcf31b04ddfa83665b2f1fb2b48e1cd;;;;;;
2668b272da7f51dd517ac5599d37a3f2;;;;;;
4cd7ef5ee253812c9a7c0de8e5b6e2ef;;;;;;
771c380a200894d6a58ec609f71ba246;;;;;;
527da3d4eeef4350e85506a248931c02;;;;;;
a195905cc91f6c84b36743a7e531d0fd;;;;;;
2cbb4e865e1c3fdc006fc13bc7b2b7c9;;;;;;
a8f5c64fa8351e81362250a48413a010;;;;;;
4a6f7ecb80e7e8e534f75f336a4d5632;;;;;;
b0cbf4e27daa326887efbffb616cbd8f;;;;;;
314f7d955afdac6374607d764450ec0a;;;;;;
dfdf56cc20034c520d62fded48549058;;;;;;
ee583647d23889b36f7151c0b99c17b9;;;;;;
3eaeb65a51b5718e3bf776a3de3394ec;;;;;;
c1262214dfc0012eaa5e87f9056793ec;;;;;;
2479e6d8166208a4968103217c6dce0f;;;;;;
20d4b27827a979e3defb1c610c9cdd73;;;;;;
31cdaeadbef07384f5d1f6fea2558097;;;;;;
64f682df90934c03527352d45da249d5;;;;;;
ea6ad725ca561034f122d580096429d9;;;;;;
f9386ac531052b0b49547558e5f19ed5;;;;;;
a965ef5365bc01d9d1a927470b8d8c25;;;;;;
70634e956c9fc810399e51beeff6f511;;;;;;
3140e5d2420ab20ff0a7fe81a641b3d1;;;;;;
a1e5b23d136cf381e55696a8bb844b1c;;;;;;
d5367ea95788ef827058acb2c1818329;;;;;;
ccaec6491a87b2c3eaecf7c835a48880;;;;;;
4190c1dc6e174bba4fe233155937a9fd;;;;;;
6a87cd13a957a9a0fbd70eb5ff7eb29c;;;;;;
fcab651b6fec53991aa58c10452cc78b;;;;;;
3765c78ce1941fe90d99b405932f551e;;;;;;
6292d8690cdd6c1b510377d76cc6e0c9;;;;;;
a5aa88c5d39d3b94f2b5ada262af8ab1;;;;;;
d671d9eae916718509cd3dccbb6e288f;;;;;;
227ca77b4ed5d3c2e2aeb91cea4110ed;;;;;;
b108b8328b660155df254f2cbc964ed7;;;;;;
d839af1ed7d1f9f8899c9572f85bb6ef;;;;;;
aee09a19bc9f6032d0794263526e309b;;;;;;
863b83243d067b1e8273fd0d4e7f6e30;;;;;;
875f3f30d7d721cdcc4bdc828a853bab;;;;;;
b18f0c5e6c3f3b545c9987ac8196623a;;;;;;
aae25d6755051aa41f0d1b8cac8b9996;;;;;;
9b4a8a35c83fe3abb3ebdb819589d3d9;;;;;;
8dbf3f6eb0d96584292cbdaee91d2d8e;;;;;;
73d4f1e918832cf1bac000f2ebf6d609;;;;;;
e0f08bb00f4968cc0c38b445a6f0ecd6;;;;;;
33ffcec2088d21ec0c52b4aa31f4e4a5;;;;;;
ab425dc257795aa3a9f11d1df037e6a0;;;;;;
494400d52064f60180a4102d92110bc0;;;;;;
c6dcb825eff51e4e63d4a5c399bd5f46;;;;;;
6777021a6530d1eb9c517c234b49039d;;;;;;
0e0f31c64dff553c69dd3b48a57ac3c4;;;;;;
f66547e6760d9e784c387593a638de4d;;;;;;
66d8023aa61c131158b6efdbb8cdcf7f;;;;;;
4193023f6cde181e620ef1ab64799840;;;;;;
772a6477d6e2055396b80749390a588c;;;;;;
fff0b101880d0adb05ba357f9a7867cf;;;;;;
a7b0c337c25d9cc23a018f9f718a082d;;;;;;
f84538d91ce5edcf77cdf4b4b24b8863;;;;;;
3f2fd9179ff9091aec17a5fa60247817;;;;;;
3e61d385d16352500f7d16dc72acedbc;;;;;;
43a2c28e53a0092edc44f1165d2f33c7;;;;;;
a22eaf7f25f4aab05009eb5179fd54db;;;;;;
71d481d6d27286c83868ffbf416ca57b;;;;;;
f5ddd10cf63c83b1ce989beefeffb4ac;;;;;;
957c1a5da43d3c48026481225e5a6029;;;;;;
f4e79e3d312e93fc3affa3b3d655f5dd;;;;;;
eb4f8065bad444c21a7e9f07c0dea314;;;;;;
9b11a6782fba4e8f74057c1769f94d4a;;;;;;
5357998879bfddc1a28f366ae9ff81b6;;;;;;
38ac31e1f5a1481a526606b338cb8a40;;;;;;
247e474a2147ae1e5c9c3a85f8b13f35;;;;;;
c7a39a48597debfef9ee22fa88c905bf;;;;;;
77c5a7dccc329ec7a8f8e13dfe91c2ad;;;;;;
cdce0fc4e25967e0755321848600ea4c;;;;;;
daf6acba1e3d210feb6b33e623a7d423;;;;;;
1b6a3a6d456d16862a32efc9cda396e3;;;;;;
6bd375154a48d9dad431fad6c9e29cf0;;;;;;
123b317b15d5d991ef398de8fe908860;;;;;;
89942aaed6efc1721d37a1243fab45c8;;;;;;
e96c2e234f570c4c1d7cffe0f48eaf2a;;;;;;
63687d4a2fd14dbc0f58e1da8cd779a7;;;;;;
e7af402cc31eb1648e9217f9f0b86adb;;;;;;
defebfda4e1560dce316e057df486d88;;;;;;
06afbec9ee5f241060c4ddbaa68281a4;;;;;;
fcdb0217880c4da01a7f5fee1a56ea1a;;;;;;
aa55d1c19578c0836941fb54c65d20b0;;;;;;
f77ea1fbef11ee436baaf7ed4bc5b9fc;;;;;;
336803b4d03eb86f3e432ddb65813174;;;;;;
ce72adebc7e97543a8ab6d2ffc6b3e52;;;;;;
451de04fc4e4187d589e7349471004b7;;;;;;
c0ad5379fb6a60f0e344a4e9e232b36e;;;;;;
435c7e6190a222bbee793bd849ea7cd0;;;;;;
b9c21279ffd9594a7b3e60d632da3a22;;;;;;
077ca8aa04a54648096fafbfb2803680;;;;;;
e3b7546b50229af79657a3580621ef7e;;;;;;
bd6a528d7402717177315b203e7e6b03;;;;;;
59bf9b3ac84979f3bebbfcc1b00a0ff6;;;;;;
adf42808f58190a785ccbd3ffda5df55;;;;;;
7a091aa03137e7c2bf33720f785d6f3a;;;;;;
9c4d493f3f79a1dd4de91de0f5e8da87;;;;;;
3429e166b30d899375f6852f63ba1c1a;;;;;;
aa3f226f32fb2f75fce424a001ed9261;;;;;;
21eeebcf90dda543937a899bb25c1baa;;;;;;
effa7c63940aadfd67ae19377c0b2a03;;;;;;
77676e9829f8d7a9164992ba66945044;;;;;;
f8ea0dad493d407093ec19ed05b75e8e;;;;;;
870e9984115981e14b36a80141c4c85e;;;;;;
adc0d917c0411c3b4de7d8130da3f3ce;;;;;;
6ee9cd6f29e984d195ea97194b63e787;;;;;;
fae6182b7f776df262fe238b568ab964;;;;;;
136177247b96d21e63762265e0c5f22b;;;;;;
3cfb4e206e591f93bc07f24a16dacb64;;;;;;
51f092e6dc8a1d3a154ae8da54ac9096;;;;;;
d1f1a2e81ad4cb9dd1d2610a83614131;;;;;;
a5491c581c064a2455c0476eb11aaa08;;;;;;
d2a1f91b1d0e607c2432b7177c8a63dc;;;;;;
af805e64d7dcfdc26151c180bb5a65ce;;;;;;
cbe0dd13f225b299869a529a10ac2746;;;;;;
e40305c6caf46c6d3a39d1f8c8cee7fc;;;;;;
addcce2adc24a5c275f4c8c0f687f647;;;;;;
e883b3bdfdf4b028211757d8720d9acb;;;;;;
2554f34b3827b3a3be32867081d0e769;;;;;;
18895ef4465be9815f138b2467d072cb;;;;;;
1d76a0967270ed1b9408f6ebb0718ffe;;;;;;
1f1231b60e31cd00ddf04b0703af7e29;;;;;;
59316a7af9ed7dadb9eeca1a995eb6ed;;;;;;
5270801de3c743e459ff09e90b0dbf1d;;;;;;
dae31a48ed082f521e68dc019ddfff84;;;;;;
f27d5db6c622188b421e75474224bc9d;;;;;;
3dcc29387b53f8b85f5f1bc9749f2b22;;;;;;
62e18822c59e97a1a7352d51cc097eb9;;;;;;
f8a903fc9f4eb343efcc6c79bd7e666f;;;;;;
6d5620ce739750be663a0fc83774ed1b;;;;;;
615b9d46058584e4eb82dd3ad5ed566f;;;;;;
6950273c9df381b1f0b5fc0d8d62c4b1;;;;;;
d0059763f0f09a4142725c295fb25c8b;;;;;;
f2f63351efa93977b3de0adef9defd14;;;;;;
131fc80ec7ae4a0b864391efb9b268c6;;;;;;
539712a5eb517f7cb0308d4f3c412afa;;;;;;
b99d6a5aac2c889bb11f1f963db4b068;;;;;;
9fe78eea2d32521009756d4c7ea966e9;;;;;;
e6772d050e5a6cf3dd94d66e41f3d296;;;;;;
12099b3fc18612f8ccc8067cbc3f4acf;;;;;;
58480515d4b862f0d16618851fe7ed54;;;;;;
ad1f5efe0222f967d4e994042448bca3;;;;;;
ddb8ceee78623f5ef969575750de3861;;;;;;
d01a7480ffa8274483b48cb8c9bcb155;;;;;;
d6c0b1b2a588dd1e55ded294f81ed109;;;;;;
ad9323fd6539de78718bccf7ff00b798;;;;;;
1cf968b9141cebe23bcfa7b9aec37097;;;;;;
f8d03d2c07237671d2172b7eae5a0dce;;;;;;
fdf94748e9e6fce458fc9109f6211bf1;;;;;;
d203411d8837a2cc8214d8d820dd45d3;;;;;;
fa462e194cc963f4c4ffd2e78bd72213;;;;;;
7e9519329b0d359f6e7fbf66413c8657;;;;;;
c39a77f237a058deb773ad4e2b37e56e;;;;;;
fcd4a3da2711893782c1290687ee9b80;;;;;;
6f1ec96f185c75e191a7183fbe4df79c;;;;;;
5562115e48027b92d6169d35b025e8d8;;;;;;
336f8fc821de15737417d4e647dd74e1;;;;;;
ea03328554742251d610594e85505f54;;;;;;
47baa3ea2e0ebcede69b632cee59a85f;;;;;;
fd85e9c0799b16e2d0608340f332317a;;;;;;
9692b60ffb66e14ea1c04a13c8c9a956;;;;;;
44afc24a422f6bb03e3909bedec61469;;;;;;
f249be5b001d4b0e35703a879525a501;;;;;;
b79812eb6f8c2a68ee44a1c74cc0e20c;;;;;;
953b51b84bf4894f2b0c22fa189590ab;;;;;;
0103998326c76bc6443fabd37b6a7bd2;;;;;;
7cebc5f53987fbf3016eae859af50b48;;;;;;
9194472a844f191fce11795cfefbc1e0;;;;;;
eba97001eb8ac4c0ad7d4f1dbdf8d6f8;;;;;;
02b32c4e907eefad662e4f7fc3e948a5;;;;;;
67b11e5d09954021b7c56982f94111fa;;;;;;
a3eb1b1c57b9eae794e0f9b444f321a6;;;;;;
67ed28ca525c7bc767eb1e46aa559981;;;;;;
bfbdb546f864f390a86b12566362cb99;;;;;;
081d74d0a0d4749c088089b56c0d549c;;;;;;
c38020901470df43ce89f2ab679624bb;;;;;;
6fcab9fbfe4ed2a1089988844b30267d;;;;;;
8e07f412431947ee2fc8a1188ac141a4;;;;;;
b28fe65e3e4169eb10fd0d28dd71b260;;;;;;
15bbc5f761ce993753a5c537f9ac1e17;;;;;;
8eb11b521bd0c0bb37eeaaa48a8dc79d;;;;;;
b5ce5d7043e8b668fd0ad879ba54b5a7;;;;;;
91b3266da3e717045ca8014638b57b1e;;;;;;
bc336ca55e4e56710b7c992aa026dee9;;;;;;
6cc6afeeef913af7ff0892b61c8d1811;;;;;;
084275f80efeb62f1c10e26e866a5fa1;;;;;;
a0db288e7532934d3b9e25a403d27b26;;;;;;
d1e464b4a965c1eb5a51314407b68a45;;;;;;
8f90d65a777683822f2d029306458a56;;;;;;
c5561249b6161a84045d8632ed746fed;;;;;;
4f0fd91d29fce2dedc2f3bbeebe01c96;;;;;;
9277cde8d26cd64a4f1558094e7c4917;;;;;;
f97c3fd3d240b62885fc685c17cb5d33;;;;;;
831cfa047ff37997257d8985a0483c38;;;;;;
5d5ac257f577782b75f86e977c9e37d9;;;;;;
31558db28d15787c15e9309212ced954;;;;;;
1d1361124350beea77b118206eeb4679;;;;;;
49621ac4399fe130018ed85dc459ce09;;;;;;
9e6ffdb2da007f6896c4e5f7ec0b8589;;;;;;
c3574d8095cb20e852cd72e2b8f3e2b7;;;;;;
cc37e3c33ea63fd141e96c7c88c67a2c;;;;;;
4c047a84a56f822251211414060a865f;;;;;;
67e20ac66395233ecd67b8c0bead21fa;;;;;;
00c35c795a099c45a9f24dd29ea6b6d9;;;;;;
a68e3f95283f4241f4669ddb4979cda6;;;;;;
986ad6df947b202d401f96b8b91d0ea3;;;;;;
c75248fa54f3aa0b17225571f89a98a4;;;;;;
f938a115ee80652b87cef6cb40ee168c;;;;;;
837de4e88d7a1b20830019df5fc28940;;;;;;
1378357f829d9edbec647e333288759c;;;;;;
8d1280a601624a33292967aa71238c72;;;;;;
5caba144af0c0bbd1c3ab1261c65c901;;;;;;
c8a60a3951b69f9e115c7cff4dc6b315;;;;;;
41c14722e0a6e3e36030bc0d2b737ae3;;;;;;
56b931cfa6d676e9a000306cdc9ac529;;;;;;
dda17e99d1431ec162e959c2e328d790;;;;;;
88d047b5466ad8e7afb265ba547738d8;;;;;;
60fe70cf91f7c39d4ea222fdce0f2f40;;;;;;
54c531801983178978912ffec9320520;;;;;;
9af70146d29bd61c2936b1af82a13a2f;;;;;;
69992cf336358b6ee496e140137d3e48;;;;;;
b508c672552f7faa62e0c1cf078f937a;;;;;;
c8f4b7e068a78890ea80bad4b28d9a82;;;;;;
390be132e682c1b4fa2dd2e992e2154d;;;;;;
dac1a0deebb465befbdcf239408aa0dc;;;;;;
352574942ae5a0d95b2de87545342471;;;;;;
6ffa69a48d637be12114cb1293036a21;;;;;;
09536fff4e638e9a830f43aa8c5731c5;;;;;;
06184b2a82562e00cb55305466408cb8;;;;;;
8e5a0de3516a7b92a6136a867a6229ef;;;;;;
a262854f25a11a09692031e7c3398432;;;;;;
4fc8e6600ff954786cf0ff4742b83fb9;;;;;;
3983ac8d49d40dfadd6dec1db4d8a86a;;;;;;
841c001af6b9295f45c9d1ddf9fa67c8;;;;;;
d17999fad68fea7218de7b02b0c4dcaf;;;;;;
3594db2859e374261b7c620e212bb52c;;;;;;
00cfd80e9bef17f8e50362062e0f21af;;;;;;
51dbcba6f9b0b0464c212ccf22d809eb;;;;;;
dec7a6bb03c109aaeae2bf3854e1fe82;;;;;;
43c77fbfce2da2c39d0d68eef46d021d;;;;;;
11d3ada89ac55e5e58263c807aa38a6e;;;;;;
9dfe179d9c8edf48978552f7a0b4eb2b;;;;;;
cf37e00cb169d72f02b837ddb5ed99e1;;;;;;
e15d2ac21b0813fec63053efdfe04726;;;;;;
241525c462ead5689b5ad83f46361305;;;;;;
a4717971618b0a861bc1760d79cddd1c;;;;;;
66ab99dc6e49b387c597d5bd2e7a189f;;;;;;
9c2870dd0c86c98b465267ac37ba470a;;;;;;
101ddf75db6b5cff16ae970c8c416385;;;;;;
11dc14932536b475626a2d42a35f04d4;;;;;;
74d6d5d355e0095cddb5c9818fdf47d0;;;;;;
a98ca7c2af8346dddab697828345f8b8;;;;;;
a3ba368c657ca5c0c6b9f36de443554d;;;;;;
e6745bc02279ba03385b04448ce003a7;;;;;;
8719ac23dd80d9e5d37fdb3144eac4e5;;;;;;
eddf18005ecb0ed00ae14b082ec28356;;;;;;
d54b8ee065d411b7568ff5b613423865;;;;;;
c812d1a293475a5b35920558de256b1b;;;;;;
f84c81b70ec6524b66f0a20eebcdcc7b;;;;;;
e4e1fd61ec78ebe10580c8cb1b6da54f;;;;;;
78403525f733b369ca91c5357a507104;;;;;;
7cc6f68b44f9499c50c958f9ea4864e9;;;;;;
a6d4c79834b586cd380c4f61a8e45256;;;;;;
588cfd7f58332c5a742e494314ec77a2;;;;;;
ffe579fa2a44a63c7ecd11413fcf69c7;;;;;;
20f49461fa1939d083163ae7e6e6c869;;;;;;
a6bd555ac879a0a539202751199ea150;;;;;;
00fdf2c521b41ec27f51543dad21050e;;;;;;
33023a2e2aab7764d5188e0315c6ecb2;;;;;;
723a7abce343779c4c973627db3462ec;;;;;;
24733247b32749cfc2d482d82a2133ab;;;;;;
188dba020bbb3fdbc91e2c25e8eebc01;;;;;;
615f79741866a8749fe33c3b778e1b8d;;;;;;
8d8749e5f6e832bed2953763c5298cf4;;;;;;
e3dcd4fc313e2bf3efb08af71cd168cf;;;;;;
8c18643522b167d2ae5d800dc9d824b1;;;;;;
a80f5d0118750af3aced2b467f90be37;;;;;;
a028ccdfc166c725557a082c00ac6836;;;;;;
0aab7a6123d5ff4432eee3e594ea8c5f;;;;;;
46cd0df76c4292f35b7314de0ffe1332;;;;;;
d2d3f775a273aef629be024a138dd225;;;;;;
caf18297e47006ec5672fbbd6fc6b247;;;;;;
03e50a8f4cb18e04d7cb1766db6ea74d;;;;;;
52bbba7f2a2c69edcd381c6b0149e137;;;;;;
d9ff7cc7601ba9df1b6a110f08a4f54f;;;;;;
d0fc5f53278b627115f8c5a9d96965a8;;;;;;
2ee00fb5f7d9763f2563d2b86b552cd3;;;;;;
5786bdb140f0e45b2137e6c87d8a46c9;;;;;;
029d1067d14b9466f7b1a0e1a84d2138;;;;;;
33417b8347326ea64612981f75d4bbbc;;;;;;
baa2e52973913a7cc0555cca8d97bc26;;;;;;
4d9450d5c74a5b9a54e20e4137af6d68;;;;;;
13e292de735ad351a642eeb97ec18f05;;;;;;
e84f089ac1503883d76ff7be5aee6a6f;;;;;;
e35a99846cbfffe0378a51522bcea7c9;;;;;;
9d51efdb87b287b7fc6786cd7d43d8e1;;;;;;
386c1bda4605f97c5e1c52f61872302e;;;;;;
1c2d382f00e1b52ffc6a9edd31c56e56;;;;;;
94764e37cf69c8647abffa128eade7c2;;;;;;
3962ce1d3025a0f29c3b11e70e39dc19;;;;;;
e9494cb3c96265f1443b91d7d2bf46f8;;;;;;
ce6020680369535348a139f1dcf8a621;;;;;;
2869c03b328e0952dad61823f2432660;;;;;;
8d9b430833b6c3e165b8e5bbacc68e6c;;;;;;
077405484ed849c94c1b28cd2b702bbc;;;;;;
02a785ee1e7e751bd99e907c362dda1a;;;;;;
c2f7c68c98ddaab56f8eeef2202a53a0;;;;;;
62279e372b0f8727d57ec7490efcff63;;;;;;
068d8f2a34ebada556c54260861cbe87;;;;;;
9bf94d9a305ba6bb19c64af032f11980;;;;;;
73ec4d8d8452d39ee5078219c05ddae0;;;;;;
d8266b949f59b5be48c86d242b0a94d8;;;;;;
8c14f260962dbdc35b67574d708cff71;;;;;;
6dacc8c569186aa248c268a9764996a4;;;;;;
8603df39ecabb51563f7c9803f0788ba;;;;;;
7951b9027e07266c639f598841148139;;;;;;
326d030a2c2c37e1b6340371467e3f7c;;;;;;
8c79856ea4f6f3c652e3eeafbf121205;;;;;;
4fe7056b89a158d714f263fc52b4584b;;;;;;
a4f055e15d91b0d78ac484d63e6a2de0;;;;;;
0d5d74d1ae164ec79a29d0d8a4146a62;;;;;;
9fd16be598c8065a7da56476c3debc01;;;;;;
29349a28178479cc2d652a3fbd381de1;;;;;;
6090489b883f411b043214ff43834411;;;;;;
68754bf964078144c5d65f99d5426f3c;;;;;;
6dd79c179cf638547b31c6f00a1ebcdd;;;;;;
2eaafd560f286e4089032ef4c46890ba;;;;;;
3fe88a9e8fed53cb59e5ec405c327acb;;;;;;
467d037f869e30a1c9b5b0bdcb9631b9;;;;;;
56491f5c6ac90d042dc8799f0fd7e325;;;;;;
05a21276a31496742ed02c143c5dbb51;;;;;;
3d17c81c5ec3c40e0bc5f11a03dba392;;;;;;
c6d25e5c604b4f847aa70693cae5c67d;;;;;;
68f7bdb43b0d144c4151cb603d2b942e;;;;;;
2f603124334fbbabc4e5249b64715648;;;;;;
1748be15d12e240ff7f3d6f95ee06278;;;;;;
e386ba2dbc50d5bce1c4fab36dda062d;;;;;;
aa27bfed7dd7eaf3f5cb106cd3b7d69f;;;;;;
b88abb6365da4d260fe8cb7762200a1e;;;;;;
88c4baa4d13d6ae998fcd57530428e73;;;;;;
efd5a2a8ae1352cbeb9d2d9137c93f9c;;;;;;
46574b106d867786ce824a799882db21;;;;;;
a7407896d628c33a4b9a51e78fe71a8b;;;;;;
8b8c875e821481b6e2c7a4ce2cf13322;;;;;;
a57e6d0f4bc82aad367ecdd2d9bb360f;;;;;;
536badb85233ed5fbd842afb71493455;;;;;;
cfe0111f42df83d0a87af21bf51a4a40;;;;;;
431f3476c87ff3c97fe642f2811911e7;;;;;;
af6b72e13e999605ac6cd0872d662775;;;;;;
b0ec5dc8e8eb40c8a51e92a21aef8602;;;;;;
a637816b4d8066687de5e7e8f9370674;;;;;;
a361f3d9143bf51e798fdcf93b3b34c0;;;;;;
424ba6ffa3866969ce79db0d5d0d447b;;;;;;
10102dfeb0230b1bb3908f9cc00f401c;;;;;;
60bd5ecb4af1823999ac49d47934adad;;;;;;
caa183250d7843cd7abf33c373efb740;;;;;;
ae21f043f25a92094b74b4fdac2d1096;;;;;;
333636e86a378bcb9c4acca5e446ee42;;;;;;
32a335c5396a16337c88e54bad7a1be0;;;;;;
52db270e3c4b07392eeae3db04435166;;;;;;
3ed742c54e4c0fd26f489eb9d2a3eb85;;;;;;
7614a2a70e705618439182703a72e2bd;;;;;;
e3070b2772c02b4de202694187af793f;;;;;;
fcc8e34fc53586680999a67870f8a011;;;;;;
c358492550a299de93d14361b18df5ca;;;;;;
3bb86a55edc782f5c0bf5525fd06a659;;;;;;
53f3f54396bb7c1516c6f8673ff90276;;;;;;
d14950ef081cd6176f46df53a1cea14c;;;;;;
5a0a319491f2819333149c45cb49fa9d;;;;;;
5cbda82e1c046541a3a64e10727ce3c6;;;;;;
5fbdc4b5e5f035c6d916071419d9506d;;;;;;
b3daf630342aa1cb6d218cacfdc7730a;;;;;;
58782e2f69873fd17a2467a7ba56e850;;;;;;
23bfd367ac1e5fc4037f79ffd0de8027;;;;;;
158d78860c85eaf9960adb658cb8de29;;;;;;
88d6b7b6daea7488b54baf4a9ff34cad;;;;;;
aeff5f446f61b687faa9b98cc7337b8a;;;;;;
ba5f4cddb1ffd2ba36173e0bbf794d5a;;;;;;
46aee73ab39035977e926dbbb8f325f6;;;;;;
fd9966ffdeebee7a70c12e8581dd9730;;;;;;
8d27ea066538f6b2e27944c721df28f3;;;;;;
b5f80083c1c4736a070458ec64f61b49;;;;;;
14d96f19ba928374f0026ec75b57afdc;;;;;;
46bad83de81c2f92e1dd9e64ab49fd65;;;;;;
486372f3a3119d56bd1e7d46e849e864;;;;;;
f26134007cef0507e5764dda823e58f5;;;;;;
14d0de90b5ba71ec3ec487d4f392871a;;;;;;
b15e6294182b1237f3df21e404e83e64;;;;;;
a4f82838027f4cc347870750e34e2c18;;;;;;
c47d068bb086ea1425534f9e148512ab;;;;;;
fcb0cfbe24b0d3e60f026a99b55c8598;;;;;;
5b32cfaa4f5ce98c29ed0f47d8994ac8;;;;;;
13b98ee6641f8dafffac36f1ef16de7f;;;;;;
b97e66a381c808762cdb0a5d07c60741;;;;;;
25860d0f81d6cfbfd9eda551513c7553;;;;;;
883162fefa565b9c7f62859d9c022c58;;;;;;
62e029a3ae2428d85db32a8313e4ca3e;;;;;;
000dd5da6052dbcb88ddd4fc2bbfe8bf;;;;;;
942eba2636de24a8826cee478866c390;;;;;;
7d3538bc1e246b61ead3c0b96a603ced;;;;;;
21b48479ec5ca0801f3d6be1fe9a17b2;;;;;;
b80fd3872404cbf904372f061f495f82;;;;;;
e19984acfddd81d28d678bd50ae2243c;;;;;;
68c7ab8ec6bee8acebb1bfe5a64906dd;;;;;;
9a537402b994835add3926c0b3dd8093;;;;;;
f17ec3b229c76965bd77c1cc5dbb01d9;;;;;;
3e37784140157517010298e93bd89953;;;;;;
0dc196b76e75f67cd0815859326e02c3;;;;;;
b0d672e8b4cc56cd94f9116f6bf48c2e;;;;;;
a30bec518612af69247c4c1ef718907f;;;;;;
520ddb858815142e311089ff33b9faa4;;;;;;
539d40905e6a2bb552a1f382a30c015a;;;;;;
07e9238125ef6d162b5835d7857a0c57;;;;;;
f523e1733a16bfa415be99ac9a051340;;;;;;
6d794fa7df687fb48a9b9e50552b0fc0;;;;;;
d311fe82d7ee4744db22f9841be0e335;;;;;;
219bc354b72c3ebae961b74d98ac7f2a;;;;;;
b25ccb6327d2795d2e81958c02d778a8;;;;;;
85258d78fa8842041f70ac53a08bd579;;;;;;
90bac67c2485b273d751c33d2a1f3575;;;;;;
82c2f5fff967283a9dbb14e5f8243e16;;;;;;
77bc50f6f349c9fe4fe4261cb9957bf3;;;;;;
7eca8046c9cf046f82ee02c25fc7cc70;;;;;;
3c45da0b6a1650da50d3ffd1222c09a8;;;;;;
6955b0bb187ab90426d18fbee4cfd7aa;;;;;;
efb27394c99f223cfb78ee924f6bece6;;;;;;
fec1b389dadee680ffe20d2aa3e8ff1a;;;;;;
dd088842f0afab02705dd99d43a11884;;;;;;
a391e0f2ffda48fe71d36f5afeb033f3;;;;;;
ca0cf30768ecc47d90d0b79c5a3e4f3c;;;;;;
18a795c8be7341af8a05415f3f5a14b2;;;;;;
855260e11253d55514b23c661fadc771;;;;;;
ae2b5f547bca4fa114e8700f68f07510;;;;;;
29d4bf29f9ea075d86f7c9ecc8f52e84;;;;;;
14aedc2e7329996f05d79eca8f333a47;;;;;;
adde3de0450ca38304cd4c831cc32ee7;;;;;;
9f41f088ec5c169b7298db9ef6fadcbd;;;;;;
fa52a44a5eaaf596718f9250fddaaa93;;;;;;
961bacdae1c97f51ab43a4f920c584f0;;;;;;
501b71875914b41fe2b342cb09319fd9;;;;;;
adc2911c9b22865f6046261ed0a3ed3b;;;;;;
40a3edaaa39271dd61ec201151ad8875;;;;;;
9e47c80e20b27ca44adfb64ddd864211;;;;;;
b3817c16ce9cc08f08dd931823af41b6;;;;;;
4c34dde0e1b6c45bc26a8dcc171a9ce3;;;;;;
2392189983634c20863da6b0050889f9;;;;;;
e0c2a1c1f1262817fc82f4fba1d049c4;;;;;;
6827675341742381402a2c2719d56f44;;;;;;
1066cc75f511c1c07ebd964a0964d825;;;;;;
67d075aed0a470e3230f2778f0f68d2b;;;;;;
ff83585baec8644ade652f7263db300a;;;;;;
a9e7fc110cc45202e86b2e30820803f9;;;;;;
8c37cc204036049091a422854a49c5a4;;;;;;
5a36b041317667afd3a435de6354f989;;;;;;
822dd9f2b00f1cd78a8e86a123fd59cc;;;;;;
35326085fd2078a9ecfe2b5d0fac123b;;;;;;
95f4ee65a95339e842e96f0934f3c72b;;;;;;
4eb6fee632233d91198dfbe6871b33c5;;;;;;
fe83228a06db2010c6bbb3f160e42ea4;;;;;;
39805cda135a0fe5f738ecbfe052ea26;;;;;;
0d71ccc26efaadf21bdaa50971bc0fa7;;;;;;
1373a1d8a78565320b21983be137a0ce;;;;;;
c8a3ab91fb5b598ab60265b7ee0f4141;;;;;;
c0f8ae7a58b641bfe00a9b6416ac759b;;;;;;
f2cf9ce60b3ee243c5b161401f40965f;;;;;;
bfd6c5e150441531ac3a41962be039c8;;;;;;
7cc4bed646c2fa06cd027faa38e18c4d;;;;;;
42d3b55902a74908d53734bed38dbc78;;;;;;
d502790085377805384afdf81b85ff98;;;;;;
30be4bb193ae85c5f23bd8268e3e4986;;;;;;
91b2eacab7828ceada842f9446f4bbd0;;;;;;
c636619bce378b287fd2b0aac0eae17f;;;;;;
cd09797955cb567ec321c39cd78b4f07;;;;;;
179c95ef54c7980e623e9ce415d5aec7;;;;;;
877152ea38773cc643e120d749abdd4c;;;;;;
0ae2f3f0d7689953e9481e0e30022c85;;;;;;
0e413eeb3775c0ab180f0d3e5b3bccb6;;;;;;
98fdaffe7a0eaf5c949399588fe793be;;;;;;
4dd812cf97818a98f60f65cb732e1fdb;;;;;;
91651a6bc005c4429cd903284a9b24db;;;;;;
4e26d79b6a87cfcab7a73e9c42881ffc;;;;;;
a18b4a7476db2af12c74426570f3850e;;;;;;
ee1593b130dcfe16410e3be455b6af4e;;;;;;
c0dc5c0250294ef1aca6b091b3f7a967;;;;;;
de99bbb9adbd8953347df08d46fdbf20;;;;;;
3657d4947949abc123f8d1946e18c16e;;;;;;
a0e8d5568fedef12ac01a9585729ea44;;;;;;
df9d3ae6aaed7286754c171abae436c9;;;;;;
9e8160f3686bd94ca4d9859f7520d7c8;;;;;;
334a18b23f17d6df019cc550965a2765;;;;;;
29872a1b8e215b1faa262460e3975db3;;;;;;
10ff58b438f24dbcf9e8b26729a8c020;;;;;;
c19a84836d3fba97dae0f95b0acb850a;;;;;;
1d23eba4aab75c279b664d2c01ee2bc5;;;;;;
b8b5a53e015f936646145d2c71366986;;;;;;
cc5ed4e4a9e48129d9efccc5660aa7cf;;;;;;
a80dec77fee76627a1a76790bf1624a6;;;;;;
75a0293e327b07c487a2d16feb7f760a;;;;;;
247c4e0cfadb0b067819a448b04b38ad;;;;;;
b88e34860947df9d24ba4b82cb83ce12;;;;;;
45c2df43b5a97ea653134de0a158cf7c;;;;;;
fbe158b622f1f9af97aca45536cb23ad;;;;;;
074c5bac7829264afcda261b33be870e;;;;;;
9035a3565968b661ad00c465e6121c35;;;;;;
05ab2565112502e643c865395f4d692a;;;;;;
547932d2d62bcaa3a3599648716eee59;;;;;;
a8deef5ffde727531b7d9da02177aff5;;;;;;
06886671b0c60308a3bfe67d670b4419;;;;;;
7a74bc023530c52d842e4734dff6beda;;;;;;
9008ccf10ec9df054d8857481deb26ed;;;;;;
0380f84c66165073de6b798f5616b66a;;;;;;
4471f7b124a78e3852ae6b0a9bf636e6;;;;;;
a2cad339391b79a3f52a39408aa761b1;;;;;;
fc284039a2244257c048bb380fe617bd;;;;;;
363f3654d94ec3107b4a7364e78aa519;;;;;;
b01e01d8d0823348d5d624c169dd82a7;;;;;;
fc3adbc20bc4c951fa921321384664ae;;;;;;
3afd2c1032bc8b7b400da136e539b8ad;;;;;;
e5467b9f0fee5a6b23666262fc804cb9;;;;;;
77cdccedeb85d1a530c475366783a3ea;;;;;;
9990219bf70bb83343bdb6dc4dffe3ac;;;;;;
759543a83c719134e2792ea424f16a28;;;;;;
0bc3f17b02d3425cfdf3481b48cb4d36;;;;;;
7e6fb3e9de7a21a6e427962380fdf0df;;;;;;
16ce925bf0c2f8e73f00d83141a90c46;;;;;;
841e0974c0d60ae43c921ebdc92f4ca8;;;;;;
272b2e64b51772f1b63fbc0811d8c0e5;;;;;;
15183b1fc701def221c27a1720a81c75;;;;;;
b2a3feac8810d7fa039dec180ca29b5f;;;;;;
cd1e8e8fa4eaf9160417eb56bd7e31c1;;;;;;
1191b517ce8a7620797729650a9020bc;;;;;;
1b8e1924aaa6dc75545d5cc8d79d22dc;;;;;;
538fc2591d6cf9d7b7d72d38d1c86eb2;;;;;;
fcf9b7dbb981eee7249c3c2cc3ca3e07;;;;;;
9af943d2567be17fb0af034d79fa1403;;;;;;
6163ca3d3af24f5e719cb348abbafcf8;;;;;;
1846c81a8f3ccfdd7b4a5c68ebd49e5d;;;;;;
39feaa2e981184ae3fb6852f1df4d141;;;;;;
1a4d54121400607b76b7e81bffdb6a97;;;;;;
4678155b29b5eb6eb437c2a6e4a52125;;;;;;
813f578307605a2051e4f4b3da9165b9;;;;;;
fc765966c37a054f89a27ed31d611508;;;;;;
495d591393f4be91fd124959ca68d5bf;;;;;;
5e4ff60ab75de37ae8639ac3b1ec0905;;;;;;
e65dbf93d0353219b8a0c1c3befd7a04;;;;;;
54bcc9d7c28744cf9ea45971fcb4670a;;;;;;
20848a37af2e77038cb1d1437f265041;;;;;;
181ef1b420d93054bad8042663829a3d;;;;;;
913fe625c15ff3964bdd947691e1efbd;;;;;;
d7381b69bf36bf4959b9b6160f61a9d8;;;;;;
a52909278b56d5239d01a5bcb7daa787;;;;;;
cbb9d148052d602582e001a2ad18f3fa;;;;;;
93ac211e17ce4d2d814b3f1cd0b49dae;;;;;;
4e6b53ccb876ddc2f578282406ca2327;;;;;;
cd3bd378422aeecc112fd6bfb62fa3e2;;;;;;
f3c49af06d20d793fa38ad382e08a4bd;;;;;;
ca939e530d0eae28f2eaa3f69622cc4f;;;;;;
ba4c3458d7793abe172dcf7f423f617f;;;;;;
c95fb88fc1f42ad24e88c81b08d1380f;;;;;;
ef37b35553920783f91e3cd618c48db7;;;;;;
c502fd076b8cccb84f1e1986fece2b2f;;;;;;
fc3f846c7de1659c86672649c26856ab;;;;;;
61090bed49fc66b067e8968d3b495c9a;;;;;;
6620f0730d97a73caadf82947b117e9c;;;;;;
b6a957e7cfe1cb4b31b462e90ac6df0a;;;;;;
882fa6f2eed6cae5cf6837e3e803d234;;;;;;
cfd1de95a8305324d48364a41296fd3b;;;;;;
f7628c67e8a5d0066ab1b3b1fd7c2b0a;;;;;;
27de6a43a134993d1f935c687b591efd;;;;;;
9262d9ef94d170e7b49ea7dc4f7f0b85;;;;;;
7c87768e881bc2bd387f7f0abb83bd16;;;;;;
834be0f6bd6886c56b93f097e3a734d2;;;;;;
86979f9035ad4e84ae90f4b5a89fef8c;;;;;;
9561c8feab19510fe3a5a45c721efac7;;;;;;
35056175340c2286919638ba64845c0b;;;;;;
253367b0bf6e02c785d8eb9046c5abb3;;;;;;
aceae028f69dd391a26d24aacd4f7719;;;;;;
79fb4aeb1c8005eca072a04bcdfff879;;;;;;
39946bf488f8de604329fa680fb6e2d5;;;;;;
ed73f5e25f429004151cd88a1af2c5c7;;;;;;
22cb77ecaa43b1ada52d97d6b1df8e00;;;;;;
38ea51229bc27172cb7ce61b49cdb0aa;;;;;;
7b38f86a79e3e2c9f972b931164b5736;;;;;;
07069b67de7ba0bfa33ca9e0b6eed1dd;;;;;;
e2369ff957b773d42bca3dccfb345a70;;;;;;
66a4e5e99f1ddae1602ee08250d7c5e4;;;;;;
3de93e0b60dac764aab8384949d88ebb;;;;;;
823b557a8670c8c6234a758b4a90d572;;;;;;
e9ef956ed694e752e611281a56ef1908;;;;;;
60707f6ecb8a779865e4b46aaae8e95d;;;;;;
dabf7e12b7b2f24cfefcd5901eb1ffbb;;;;;;
c8aa0debf9cd04335a75fca2e0f2f9af;;;;;;
275a6a8a7fb1605728f3f4999cb5102c;;;;;;
0085e7a911e70e4334a71291dfdf8f7a;;;;;;
52c3d7bd7ca8838b957d200e9512a51d;;;;;;
81d3f9f56b1021907f6379241eff14c2;;;;;;
fadc414cbb1660c3e456218440c3d4e1;;;;;;
50624aaf71f56f0c24b6b3b8e1073d69;;;;;;
2c7a52551b8cc0f14e3565444ed6f0b1;;;;;;
3704f6ef38d995078dd407ba45d67e0b;;;;;;
3c866105c4ed5e4fbb15ed7a62478955;;;;;;
a964f0e984100969b63b527cb491e6dc;;;;;;
f7224c95f02d3765d7aa211edad4c99a;;;;;;
79b0daab1211bb371114bc134cec03e4;;;;;;
bd2d779b5e7e82d35701896cf71d9759;;;;;;
b192738c8da0b23a54d0ab9a8eacd8ad;;;;;;
b032c8042fd34d2626d84aee2f92453b;;;;;;
06dad378b61c5ad05d2afdd82d071f33;;;;;;
0e557873770acb0cde2351bde196276f;;;;;;
b1837a6711f1c153da96f9822251bb6f;;;;;;
12f2c83b29476d0bd65d16165d728107;;;;;;
5da5ed6e94e3491895058d41e0c3beca;;;;;;
c8f029b3cc42ecc497440c21c39a6649;;;;;;
d939b9150814cd535d899d01f295f3d9;;;;;;
29202ff9a7d84df20128d61a635bf52f;;;;;;
ade1798c3eaa90761490fa9445f9b5d2;;;;;;
ec593bde32658515291926017879548b;;;;;;
1c2c79f9028e4ff0ec24635145d6e69e;;;;;;
a137e9c9921e12250baff0ab4bbf55e5;;;;;;
2a1efa0f2f29502f376e9fdb68f718e4;;;;;;
be6b0d1b91098d620f4c79570d067d5f;;;;;;
76b61e8e1f30c421c7f43dd7ad41a08f;;;;;;
52faf69f22e5414a8e37fc59d86815c4;;;;;;
d205a9311103f0d2278950d4ceb931d2;;;;;;
0532e3bd747dd317e9a9deefbce37bc2;;;;;;
ac1711785255657beed2dbaf14432d36;;;;;;
f0cfb11960a43b08f74b25f2b48b7b98;;;;;;
086108ec5aafec2d361b5e49bd846fe4;;;;;;
27d8fce6059b29069cd3c5dcd67b9e6a;;;;;;
ea1b74ba89e9066df0291e121c2d9586;;;;;;
4e9386e14f41d11bf96d9f01a1dfbb13;;;;;;
b19d0b6aca79134e46b4a4479974851e;;;;;;
58bbfc201a19e764f3e449e964cc349c;;;;;;
9f404f4c13cd89712e1cf44a0cd33c93;;;;;;
1a1de814232ed90a90d8f30730edbc59;;;;;;
314e089ea1d1f3bfb6181f7361fc3ef3;;;;;;
75fd0795de4cdf39bf58a50e28b2d664;;;;;;
9d8fde4ff64934bb6288d4bd85507565;;;;;;
23eee5a7c43f5f495ef73ee199958025;;;;;;
4ffb1c3e42a343e5e58db4e3b56cc563;;;;;;
f4b38a8c04ed6d396c48427295a96eda;;;;;;
069f31c1407e6883e80be684e40a5a92;;;;;;
e08f9002c680ff15fed2f4420557ac5d;;;;;;
e56157060517e054f51e2f226a15548b;;;;;;
2d2f9a8b5f72905be5bf3f0634e1d1eb;;;;;;
e107e203c5df751a9f9792a5042e20cd;;;;;;
2998b595e438f55fbc7e7b433e775cef;;;;;;
26d61ebbe0b09aff73b556f1f674758c;;;;;;
428aed70b4a8d06894dd0c6b8eb912a9;;;;;;
860dee91836e8b1cb889c9e41a3c59e3;;;;;;
7722466a52130e52d5a2ed64ac3a7c61;;;;;;
72c7587d2da1f02ed110ab2043bdef72;;;;;;
ca40b68af5087bd9b440de841e66d8a1;;;;;;
332636118ced0a4dd9df1d9be378fda5;;;;;;
453137038f5864450ba8ebefc3052089;;;;;;
9cb8aaeeb612955d2bcba2070960eec1;;;;;;
b85b366718658962f5d4d23fbb88476e;;;;;;
8f5522c477777153881798ad93f39027;;;;;;
443fddc9421ad112dca62b2fc5eee316;;;;;;
e5c7905e5fc0275e696ad1903a34fd14;;;;;;
ac9892ae095e236b4a12cf54521ee283;;;;;;
8aed0487b6a867061ea4545a37b72e5e;;;;;;
6920d3fcc4515ebe63d123074233a700;;;;;;
5c0bb9d0e035edbd595e8d55c63c3d27;;;;;;
4e746e0e55c587cfd6051f8e1fd60dce;;;;;;
c6e6ced3033b34d01e13e00cb693f5b4;;;;;;
6054515fb5ddaa6a626904eb99ca1e20;;;;;;
7e8297a0a59176db909b2e1fc3275cc6;;;;;;
02eab22793a2e990eeea9597076317a5;;;;;;
33de6b3daa09b476b97cbd5631769176;;;;;;
6def2d0576047e70befb967693288c85;;;;;;
cdc4f9dc570082cd37413a672dbffa72;;;;;;
1a8b1ff5067e9fdfbaae4a6b4d7d3aeb;;;;;;
da29a475dddcb96ea6a36fa4f847b366;;;;;;
c9b0e98d35073e3f734740fca1c1e6d3;;;;;;
17acaa71c8fab258b1fecf013f4cc8ad;;;;;;
77d6099558d1ca9e982464f7cd71d58c;;;;;;
d746baea3890b41660735135ac97d546;;;;;;
93cd07e8d7380622d1d8282105d3e18b;;;;;;
bb79f3606d8ef5bfe69e86e27d55fe10;;;;;;
7a474250d00c05ef74d2aaccdd0455d2;;;;;;
f553ca30088d0aeef993a98cfdc6e862;;;;;;
b497596478c057d610b2ceff30e9f1c1;;;;;;
755f030da5df5df9b4c3e43b9c14187b;;;;;;
bf1118f7424d82857224eb79c41cdbb8;;;;;;
555bea21e20bf31917d1dc63434ac09a;;;;;;
70b8220e58d09ab30ff66320498bf1e6;;;;;;
f22320570c3195cd3a0f6005c7961cec;;;;;;
a2bfbd509f98a67982b5179e02096d3f;;;;;;
4d46e544bf1b6d21ec23a1190360731c;;;;;;
97cdd793af633e39c0585c925cf2b6b3;;;;;;
1c45f1a373066198cac9943de3de1d21;;;;;;
eb4447a7f7a85d49b80041fb75ee1733;;;;;;
c61315cbf3bc833318c71fe2b34d4b59;;;;;;
a0f5b1e9cdc0827ea92ac4ec758049ee;;;;;;
c6b571969f74b638352cf9b199f98645;;;;;;
fddc489f1952c94447bfe4816a09b9bd;;;;;;
1e6152468dd94bcd94b049781e16324a;;;;;;
f99fa2d34b431c15df318c2aa0bf5f80;;;;;;
63a2a33af076d15a81933fb2b8f3d994;;;;;;
eb37b7358cfa5bc3479872994a7657e2;;;;;;
544b8187ca66abe6c0a18ca92cd9993c;;;;;;
0540fe030f61499629792d8331f5b6de;;;;;;
fec8aa11610d6dba6a51ca371053eca8;;;;;;
daf502b14a879f61791708061ce07585;;;;;;
75a98926a8605c203b07f0167bdbaf8c;;;;;;
d84583aee4ff2a8b61ab01cfaef3d1d6;;;;;;
3edd1ef8ea4f063a49d12e1f6f38ae0f;;;;;;
8c5f43efda42802c26d5205d1533e71a;;;;;;
d1600bb673af9aaed044ab7d6228f995;;;;;;
d6c0728ce64b5f8dd38eabbc78f3808b;;;;;;
48b180a67d1f2b9e2281435acda77b3a;;;;;;
f03b24806679391879da18119efde37e;;;;;;
583284b7b41f73613fc4fe091254dba7;;;;;;
af371aadd493da7150283e2e3357d2ef;;;;;;
517c18b76af99545f682f716f76a1ab0;;;;;;
c02affa2564df1eeb26536c1524d10f2;;;;;;
f0225cfa444c72207104ee3d75f931a3;;;;;;
6b3da2f685b2301708501789db9385ec;;;;;;
5daf5d5bc1b01b3da94891a3f30421d3;;;;;;
b9731c552a988da8ef448b435a578a11;;;;;;
70180d8fb49148dcfee778f8bd07cd47;;;;;;
f1c615bce66481483ef41b4cef3c4e49;;;;;;
812f036695dda8dad7009dfe723fceb2;;;;;;
9ebd198581e7824cf8a337b248e1b985;;;;;;
55bb46778049c22761733cd7dbe91030;;;;;;
81e7362fb49710e5b1089d6d5a1c9784;;;;;;
88d871c36fae070ab368cf874c0c870d;;;;;;
b7801e7fd8ff17d3dd91ba4082aaf459;;;;;;
b561f910de89b6551bc3e9d534f64b4b;;;;;;
a72d47cb86cf45008d09d6fd2e12f523;;;;;;
6b10905baa12f6bbfef85abb0410f6ce;;;;;;
6601325a9d6fead9a19b8a16b14bb9a8;;;;;;
f04887b0227a785d271763e41b0df71d;;;;;;
2aa8cf1e24fd8cff8c41574c939b318d;;;;;;
2a517240acde7066c1492e583cdfa63a;;;;;;
1b4954d182c7c6d39353eebfa83e068a;;;;;;
57923096b4db673b62697be473ff470b;;;;;;
054a8c809f640b072385882ef904699b;;;;;;
5f89f0efc41518f67fab3f88101b9ce1;;;;;;
b8303748f564d8c2ebfde862a49bcaac;;;;;;
0aae636ab28f7120509890d53c6a93aa;;;;;;
943d1f1fc3cce4eadac3c2d6820a1161;;;;;;
10129876c7c839ddd29d3ebaae2e84f2;;;;;;
61bf6a604f2d09548c0eb5c39a02943d;;;;;;
c617c44ceb1775cdb227d7c90783e00c;;;;;;
42d23e4f2770bf9f410f7c5903cfd6c5;;;;;;
f8387463fbb81fac6a8c041b0e7f146b;;;;;;
0b066c58dcf2c5a0925b3fc0e2c9a360;;;;;;
f2d49d04f6760bac589ed380218da699;;;;;;
76964955da00a75de65879cb8d35f4cc;;;;;;
11348fe8b7860603f52fe07e702c32e0;;;;;;
46049bde37489a0f18be8808d84b9045;;;;;;
97ac002f28dea318bb603b010ccb072a;;;;;;
c77b1e272cf879776f2a1bd875a6e34b;;;;;;
1b493bdcaaffc3b5a291e95140892f0f;;;;;;
a27f06bb0356b966fc3642ddc2e4f160;;;;;;
849a8ece47d2b9e78f6732a9ca38a8ab;;;;;;
34290280b111faac52deefff081a40a4;;;;;;
b95af0ae38e2c98e7b665cb434ec4842;;;;;;
2bec4ec60e303efef684e7391ec5c0b4;;;;;;
2b0b28e9f558409a41c3cf8871ab7e43;;;;;;
88a96d7935ca463e01e9f64d790be245;;;;;;
c9b0127cb2cdc64ce517238a0e9e9c3c;;;;;;
1cf5de46e11bf777046ab9bbab6889ff;;;;;;
8fef0671dd886c80539611eb1effef36;;;;;;
06c78af72a81349a1857215246c4cea0;;;;;;
47d807d81dd30e66162fb84f1aefd1f4;;;;;;
df7778237f5d82ffd131e0ad73e27dab;;;;;;
a9a7cf542263f0c3900bebe0450c0196;;;;;;
25459c7921340773e91298b0f55d0d35;;;;;;
d5424a987789b4f27516f9301fd18d01;;;;;;
01cb55d6b6346537c13d8fc1d6a15062;;;;;;
c1ad28ebaa99e879bc798795ab67610d;;;;;;
017b6e1ec37f3c3031d56dab6f6baec3;;;;;;
a8bcb87c5421001de240eec6dc6c989a;;;;;;
1a57f029e25921519e27344920763c8c;;;;;;
08335e3036c61ed5805f4e36a88c08b8;;;;;;
85773e9f3453cc5a3026e7e07008d36e;;;;;;
44ef6d6a4d09aec7508944e63174ed61;;;;;;
1ae13975ec7da02676ca08c85aa2adf0;;;;;;
a781875444dcc827d0df955d18b39ec8;;;;;;
bda0438baf9c0614d412113c9c8fe220;;;;;;
b9a663487749bfedf9e93c9485e417ef;;;;;;
4028032cd4e90c82a052ee55fbd1ccdf;;;;;;
64d8c9d91d750295a8dabb35c3249a74;;;;;;
dd7ed2390f2c1632a304e31ebbb25a7c;;;;;;
cfaef57ab281d96a5a125beb4b902ded;;;;;;
8a53004f25d6da0ce7eb5b2a808bb39a;;;;;;
77f4a665628116e4b6f5e0a25741fb80;;;;;;
bca9918c1700782c0eb27ab2892fdd01;;;;;;
3df23f17ba10258df1766d8fd3dd23ea;;;;;;
74b2caaec314cac4f05090395c986772;;;;;;
122987abdf51291bc6caa93a5b580539;;;;;;
138cf040ca1c85776289e2c5fd44f2a6;;;;;;
f9f3cdc1cc48ed5988f5ad4917a27ffd;;;;;;
344b09d86361121026bffd0d16588a60;;;;;;
f01e6ac6e15c2631f0178a8179860b56;;;;;;
f1f1f26f775cd7d9cf4b535367bbf5a7;;;;;;
2bbf0a0b028a0a5ed4f3a7d47e923e2c;;;;;;
8ab55b08c1656e20fddc06f252b15f83;;;;;;
d1c14121e607351256712103aec1dab9;;;;;;
0bc11fdfb347eb994c5f89cfd99d763a;;;;;;
e42d27387a59abf0a845156e76cd483a;;;;;;
edd0abef59bf642a2a1add468b5f13c6;;;;;;
79f7a4787197ed90f167e4b8c2b5b118;;;;;;
abf2183032e16a46fc8d3117a0244d7a;;;;;;
f443cce4483c53ca6ca3d9c98e330c70;;;;;;
f3c520dd60f017ce152328124792ed68;;;;;;
28b4d6dfe6ae02f141d5a905c51a378b;;;;;;
8a9d62312d79d8160d438d8dfefa3ce7;;;;;;
486e9594bcb4c406df878a8c7c25b0ac;;;;;;
f713ac0e8c185ec74d6000c28eb91a52;;;;;;
419e5b4a80100dd0f04c9bc75bc5fcfc;;;;;;
03f35c7a4bcf74066d1ca46716379b5c;;;;;;
b2c60a915187a33c7878fa08052ceb73;;;;;;
155e664c7753ee0433131149b2f5940f;;;;;;
f95b5d3034cc7a97d36010ff337b1022;;;;;;
c5c68f1b2a3a28352baf87a51380f516;;;;;;
019cbabb4e5a7ab24b17b33d2d478c75;;;;;;
f9fee412800cc6e56295acc7487d1efd;;;;;;
9868a0f05e6302cf211cd9953b1fd639;;;;;;
33dee5d0047deb4af46a4896e5a66d73;;;;;;
ebc931012a3e818e9da618968f40395b;;;;;;
fdd57bbc9fb6e4c7837b05248181e276;;;;;;
5346f7fdccc3ef9be35574caaf2e3db5;;;;;;
5233f118d07f0066a53bdfa09356ab3e;;;;;;
5880f18abbe3ce70bd49774c5c2e80bc;;;;;;
da80978f200242a6233960180ac3697a;;;;;;
33451da3f8293511ec2b67881a2d9a06;;;;;;
c3976cacb77f085bd960af16a326944a;;;;;;
80c2022412d498cf466ed48f02178217;;;;;;
9dcdcd9a9e4ed759dba409f8a2c9bbd5;;;;;;
5375f9bb5447f3f184beda58f86bf246;;;;;;
1326a841f9e4fc56d1c45bd5c630b99c;;;;;;
7cb8ccbce4c9184a36091b4df8155ef7;;;;;;
c2778a0a431bc4b583385be195db2264;;;;;;
5d873296e86c0f191fb1e1b498849039;;;;;;
9aa5fedff717e74500fdf9f45c3fa5c3;;;;;;
7aa564433f132f724a5959275c322432;;;;;;
73c6d8d0a75e3f242d81c381ef763f29;;;;;;
58bd99bef9a07ec0981d5c9879653aca;;;;;;
50d37ba8a71d0ecb23f2222c5dd694ca;;;;;;
4bcc33f9c00f218c52106e2ff830ae59;;;;;;
2c7cabe08631d08558307af0f4073919;;;;;;
38c24e8a0caad589f77a1c288d4b2b91;;;;;;
3ff718395d059f7b80a86dc44ead43b8;;;;;;
c8233d159a955ddff10afb26a332c4ca;;;;;;
fb19b52f846850710b36c493d189d42d;;;;;;
c6c4dc6bbbe6c2200b3282dd4a10dd64;;;;;;
a0e526a9598e364a0b1229fff5946db3;;;;;;
3a1b9ffee1a442510d06a8a0b02fe544;;;;;;
e4532f88ef8369a10e3a65d0209cc6a2;;;;;;
9b696c2f5fc87661c6801bea2f8644cb;;;;;;
f3b5951fab559622937721205ff73cd5;;;;;;
80f9ce943f593d6054350ac1be982cd7;;;;;;
1ecea25f3bbfb20529b9fe1fad3e98fb;;;;;;
2a387a814d14fbb7cae509cd10b76e59;;;;;;
1afd46a5dbb8fdba61dd4cf3d0bfece4;;;;;;
e3081fd36d88910c05c809ed1185bcd3;;;;;;
9b0f6ae61bfbac7072bec0331bb3340c;;;;;;
9e381424e7ace0dc2dc95d117fd802fb;;;;;;
810670763aa1e5febc87a0688a198fd6;;;;;;
49b6706a8bb6629c472ff9ec5d89b0c8;;;;;;
61addcc112ce7fa3babf33cba5426267;;;;;;
398d9e9c5b11ccdfc7f3c5f031587106;;;;;;
6e510f66f5d455ed67ae7f29f8ceeb96;;;;;;
49f597bed50029e3ef55c1eef0127fb5;;;;;;
cbc64544e0e2263815dd583e4517bfd5;;;;;;
605dacb0be225d4bfb846e4a546fb9e5;;;;;;
9e45fafe370aa424af990b39f753ffc1;;;;;;
5200a89e71c4003dcff35ac308dd8545;;;;;;
5c44a942570774af767401625f28ed01;;;;;;
3aa914021bc301857e5e9a77b8736743;;;;;;
d5f85f8f1c8a6b91098b0d0ec6459680;;;;;;
caa962fb0dc9a59622b66166dcbb7ab1;;;;;;
5b8e0b639f6e8ba3a868b431e4d8b261;;;;;;
4a0949c90ed418ffc7b52c3cf21ce147;;;;;;
784606bdf31bb35bd9baffbec6f05118;;;;;;
35342e150d3d6c1ea5a4b4f2b09d6e47;;;;;;
5ad9fd8e6e616072e8bca37a983c5898;;;;;;
65ae87cfad140ec4df45be593363dffc;;;;;;
145257c744306918bb8ffd43ca7c698d;;;;;;
a6fbdd616a816464de5577283d4ecf51;;;;;;
be82d260b1007a51ffc9ec1679da533d;;;;;;
efe17e85176e9c002d1837ab68f805e4;;;;;;
902b2e29da1e7f564bab00aa34efc75f;;;;;;
1ff9035839f8e1d754d45b024ead0be4;;;;;;
640bad90cc245ddd5c7f1ed7856ef50d;;;;;;
08bf11eac090494a6b84a7dc40b28499;;;;;;
ea16d3138e0f1dbdf20870337aa4f666;;;;;;
c697f7ebd51f21c85a774b8f89c37d96;;;;;;
d97645a510868911f0d920332c66becf;;;;;;
8698e780ba8bec3715ef7b4826c858e6;;;;;;
96ff6081c9d848b0916e9b743d08e0d3;;;;;;
96a660e6cb4784545d64ad5e4782b946;;;;;;
471d92de6214b08683d186248a28fabd;;;;;;
d1370f7780587a8241d75b9921edec82;;;;;;
331e75b11d84d356add81279450f4839;;;;;;
269fc2c29c1c2006b6e780b7ad2e3e6a;;;;;;
9ded8e550f17b8bf64b279701eb71862;;;;;;
7e7d5a56eda54346dca5dd02d78631bb;;;;;;
ccf9494031ce7b68f4d74369257ff805;;;;;;
f33921ae64a0dccf4b67e8d30548184a;;;;;;
bd908ae8db7678aaea7acf6bc30f1a40;;;;;;
6077cfefad608c6fe3640ebbc5e24ab9;;;;;;
4582661316029c66a2cb26f88b18d0a3;;;;;;
bd01eb090d7c3e01963dc982f5c0b952;;;;;;
5b0167b5c1ba9bd80fb3f7ad15070340;;;;;;
b4d9dbf0bee28059ef99330467ce2c86;;;;;;
e35f35a01f86a2c8656e6846fc4baf93;;;;;;
86290b2b5f6f4e8c6bf9223586e1d768;;;;;;
44509f3210d6866bd8c708dbb8559995;;;;;;
46c94f9480afe0dd7a2b20893b677886;;;;;;
86e725a4d594afc9c0478a4757408304;;;;;;
76eba1ad1bcbef00a9d2284e203b87f1;;;;;;
cf915873420c4c3c27d67e32b8ad973f;;;;;;
3675d22037cd6ba9a8be6e36a4d381e5;;;;;;
ccbe22787fff0e7552bc2edcc127dc37;;;;;;
6e1f248c918487949ad40613e7d9aa9f;;;;;;
58bb62507c650178edee3ce9891cd5b9;;;;;;
5b1856159032b56378a61826296d548b;;;;;;
5b6c2033dfd6816fe72b3e2431584fc2;;;;;;
f0b7d6fb60aa33b04f65ec175bb5f63d;;;;;;
4e390b6f071a726caa674153be0fd91e;;;;;;
aa403e3f702fa01cc81c57e3930e39bb;;;;;;
a6d32c453389094d17d259f80a146a79;;;;;;
99e2f03d9f2277dbc15d82f8be2a6981;;;;;;
841bd0a37c77d76f18008348404b85aa;;;;;;
684510aa315a1e51cdb16f9bf21e6b7d;;;;;;
de2465e0d3072f7583c99709035f1e18;;;;;;
ae9b04365deb80613476a72c015bd64c;;;;;;
cdae3730d950725110c169e1d68e864d;;;;;;
044594cea4a27b96f81eb0b32e569091;;;;;;
af08c2bfda42cb4713565007c2e2007a;;;;;;
cc9d8951a11b010c706b01b67a33dc4f;;;;;;
76a87eb966fd8522b70cf703a821c3d2;;;;;;
130758b1f5d17ef07e44d2fa5198490e;;;;;;
74707d35dfe58be335fa667ff1ffcfe3;;;;;;
d543ceb625e880956fda0f0254511886;;;;;;
4f581477d9e2548c64bd3d7ad8140c56;;;;;;
0a712c7071e7530d7449fc47fab32544;;;;;;
fafdcfc91cba221a43008a56af385080;;;;;;
5487ad3e20a06eb65384d1be6bbad204;;;;;;
95997a0f9788490fbbb462649f369042;;;;;;
f40386f70ece0d53479cd059865af27e;;;;;;
9a91e2122a2a999d1f7d79d38f001471;;;;;;
c21ab85c4b97babfde13e39e01fbd43a;;;;;;
de7418029a4d7f13661babe932b99f9f;;;;;;
f54a399f3f75f8216b1ea343f04307c7;;;;;;
1c96a06df551960b4c50d9e832d48562;;;;;;
338a6c2ec56d040961bfbfb13c58a1fb;;;;;;
1f213204de4e9af0a28b2c379d7753f5;;;;;;
02c7d970022ab5a48caf275024128d4d;;;;;;
c4f88fd9f21c11ddec422bcda95e5143;;;;;;
0da6f432072fefa38aa03225976d1503;;;;;;
9123c78a2997666e6d374789d438d136;;;;;;
7920825a3d5b984b2b0e4f03cbd46112;;;;;;
7b0369ffb9dea3c68cb18234991763de;;;;;;
de9c0898682689227623c57b251fdb71;;;;;;
f0f488fbbb2a63ed763045bdf9d1ef53;;;;;;
de4517937dd387118dd047621d68c3fc;;;;;;
d04ffd34a84126d4eff56d562d23c94b;;;;;;
c37c83ef881443f0b6592645494b0589;;;;;;
258f751cfaf289fc352b0e2e6422b2c9;;;;;;
0b85c471864b0179da13425159f03095;;;;;;
51a4a1518013d845fbc208740910dcc5;;;;;;
7c6e8efa6e1722f66c9918fa95dbbf3f;;;;;;
de8ff4d4788ec92712cdcd24b403bafd;;;;;;
76acdab3ad25198bf6fc0703667562af;;;;;;
5a845a71c2106b86b00bdd83a1910db0;;;;;;
fa20a7497d083ceb5736fd7d490ebee5;;;;;;
d3bd48ac64287a647952e1a234ac64d8;;;;;;
50defb29497fea0425a6141d97488b73;;;;;;
3f126ab6aeb4888d97af16ccf884d03e;;;;;;
fa0ac68b20257f9ea434b3e9a9494c1f;;;;;;
c2d4648fb0831c19cb321c3403512911;;;;;;
ab578346c27711e5bf25192653caf3cc;;;;;;
47ddc449f5807a6b5b47c68daf5c0e9c;;;;;;
21340735a188b72f49116999898aba09;;;;;;
1269897741d0bfd5a1eaca87ba6d7735;;;;;;
99c3ea6add7eee4de1c6c2b55f24a1fe;;;;;;
a2d38d3f85842060835a2c12d69a159c;;;;;;
841989ddeb88d72eee06727559ad6540;;;;;;
4890e2966d9e7b6c177d60f11402643c;;;;;;
3eb69e68313a86bb69d433b534d63428;;;;;;
1e8741f5364eaaae1edf5e03457254af;;;;;;
1b63454736b5c217cfc6937746260916;;;;;;
7ce50a2e98cb805feed7264be84cf059;;;;;;
277ba7d8c9caeaad40de12a4fb11e227;;;;;;
53c2f76bc3bf196883f04901553be2e7;;;;;;
9b8855824e5beccea610341e85378bc4;;;;;;
123522e6626bb35cb78c47bb37f5259d;;;;;;
19e3d9bca46f41dfc798de3b66e8fa18;;;;;;
51e9112c8f369972c7c8db22d1915d87;;;;;;
b75512cafcbed17513e7fbd2c3bd06f5;;;;;;
b18392b5cc47c8d77d9d11ccd6ab1a6c;;;;;;
0274483a48fa298c7cc32f1e3dd9ce5a;;;;;;
fb3db6ca538aff202cbf54c3c90e04e7;;;;;;
3c45a2e5737a782825ddb61662ec97e7;;;;;;
cf1cd0363caa3f8bb30dabfa2d4b55fd;;;;;;
ed9caed2b3355d41a8fa95423352413c;;;;;;
2cb242aeeef0122a29f7f2bbc3d8d8e4;;;;;;
3b8d611c8147f5ba716736a62fb9eab1;;;;;;
656e89b7ad3a57b5e35fdc335252ab9c;;;;;;
9598f57c1c3b741abdef6089df55d889;;;;;;
0cab2c6a30fb9defd6e807c52c0b518d;;;;;;
60c27db0cc1ba7b09643183d50a77c8c;;;;;;
d6aba5d4d22d0bc71208aba2249ce77e;;;;;;
fbf10aef46464ae3f0fda50f74a93e23;;;;;;
f0078a3c4fd41c465bc00a92c49a9601;;;;;;
ef0f467051ca356120b07e81ad5c3d55;;;;;;
631efbcb72d5b00ec29ab7b89d822c95;;;;;;
668ef75510deb6abe6412db1a43a6555;;;;;;
771173f5d44216160a2eb203a98c9bef;;;;;;
fb660a92b97dd8342834c48e5e709279;;;;;;
ee864b1fa84d8eda700fd992a7d617ea;;;;;;
b4f4796a3600e85dbd4b5dc788bf585a;;;;;;
618f05f5f4caf0aa5d205d78d6689916;;;;;;
5d50c9e9db77a80148822b5f7ffcdad5;;;;;;
408e948aa6111451eb1adfb42acec776;;;;;;
6e42d31d81e580b8b7e409ea4a7545bf;;;;;;
91a09a562e65ca077a515069ce35e071;;;;;;
01620633e2a04e79c43c176ebac9ec56;;;;;;
2aff5238782dad12808b6cc35b9985ec;;;;;;
2cc136cd5fc1cce1a32a0814fb5a9407;;;;;;
b3a44445adfc625de0d2e36b4cb8d155;;;;;;
5ec9a8c8f65fce0a1ca1727eac9063b0;;;;;;
15469c181c3b7636332eddea1d731e8c;;;;;;
37377e0d88dab70b7270ec47d6bc26c3;;;;;;
65e448e824e2ec5269363738eee4b349;;;;;;
930e5e935fd3dfd6e7fbf7c445405a30;;;;;;
441df11c22a0c87e504d2a5229a6cd75;;;;;;
5e549dfcc8de24c30dd0ad72b6a5473f;;;;;;
b350c93143584e861610e0377c86cd53;;;;;;
df312b126c520e888dc1217564a3c62a;;;;;;
1ec1de6c0bf39ddd1514be50d044fbd1;;;;;;
af63f70d505d376909c6c0f2f036403e;;;;;;
f9ec4cbf24bbe1bf64a3fcc9521f4021;;;;;;
95addecdff87458fa3f8a44845e3df7c;;;;;;
e19106b08c01cdcc47be5e36300a1eca;;;;;;
809fffa1871865069dce81028c5c8b1e;;;;;;
a120a2e51eafd9a5fd4d8160971bae60;;;;;;
f4138af84cef17e1a5d5d5582f2b316b;;;;;;
047a62ab71ace3a3bdc70659350a3036;;;;;;
fe1602a4cbba554d211466499fd041ab;;;;;;
441f8d1f74e48bbd2cac352d964aaf33;;;;;;
bdedbf79e6ba8fb9db676c107f0e4b29;;;;;;
b2b1420213814ca175fa2b0d34b650ae;;;;;;
518165afc4d6749ef113d531dae5e5f0;;;;;;
2d35d28532e812be92375d36ee829735;;;;;;
78eed8b2df28f6407dfbd24f295bee5d;;;;;;
eda75bbe3a2feff4ff1fdc8b8ddbac47;;;;;;
fde44a96b8ab29cafffc5dcf36986f8a;;;;;;
8a75a18c11f9b98facbbc8c54324aa68;;;;;;
ae624533d618bbcb08e0745f75396ffb;;;;;;
0be7f24b4774a1d5cb6caacdc75b563b;;;;;;
9e4502860bd4d5fa16a7c2c5c94ab641;;;;;;
16b87f906c0795f5fc060c61916ae8eb;;;;;;
90a08159c9b17935c4461c756505cd0d;;;;;;
58328b3276f53e3c02a0d928ee043536;;;;;;
91a47faa8509a755a669499f760cd9ba;;;;;;
40a465bf2218e8328c7a32053aa444f5;;;;;;
c9597c8b864c273511b6b395f14ef5f6;;;;;;
c1b84f3b75c0a92f791c52a472ca393c;;;;;;
861d6a7d6f55f0bc2056e719af7dfa9b;;;;;;
db82d161650e8dfc67a42297be18a2eb;;;;;;
1a1c1cb06c5ec0b2b725d92b4e1f55a5;;;;;;
58958dbf673f4943240fcf1070337a41;;;;;;
b8c5208102b7f4805e8e9d38e3856547;;;;;;
3ea745b67a163c50c834c6e250e025d7;;;;;;
fa8a55e9d54987f81598d03a3406221e;;;;;;
89469d1fd904d46e076d5bd3727eec58;;;;;;
7de7f60836f731004de21c69597dab67;;;;;;
561d6576a99cfc6d6b90ee5f20f520bd;;;;;;
f65f59fdc4169cfe4f6255f6dd25d683;;;;;;
e38b3887ef78ab32a2578e5c1c936572;;;;;;
fd16f225d56365408f4350494113644e;;;;;;
0cfff8733932e985b0720e125d2a3711;;;;;;
9c297a3596f2ffa0b9e328bceac2ef12;;;;;;
1a51496cd3cdb333d9f6f10a59d8eede;;;;;;
c40c451942fe43cf1e580bd3c245b97d;;;;;;
43853b9bea3d094e2c1baedf8272e5db;;;;;;
963de7b85c4b38262731102fabf5eabd;;;;;;
14d2d1532b4a1070ace500634934cc8a;;;;;;
cd5144b098ff8d39ae24d9aa4bb33cbe;;;;;;
e2b8d3665ad034c1640ae8f7097efdd1;;;;;;
339c0fd22c07d611ac848e7f5ae131a7;;;;;;
f5a22e51961f50c0d2006ff9d0ab5b85;;;;;;
61ab9fea169655fe9a0f881e6ffefa9e;;;;;;
63e22f4a65bceef2f508682d669bd5e6;;;;;;
a259db19ec6da6937fe61f23521a7bb4;;;;;;
da3570594c8759eaf0c5cfe1a844777c;;;;;;
d0e2fd8e07025fd11b43b5eb7949612e;;;;;;
d18abf21243b2fab6f87a6ed69bdfc57;;;;;;
7152d5e158cce83455e32d83e862138c;;;;;;
8d522e95999d2dd7cba1226ee5cb06ff;;;;;;
94891844e86e5b234d0ab538d4885b23;;;;;;
3575184ff1a192fd346c79ea7fd2e7d6;;;;;;
a4833d3b319b60fef900a4f63739e624;;;;;;
4168a83152c4cb7cb4ee83be589353bb;;;;;;
83c6fe7ee4b44228565f168098c87652;;;;;;
775d3a126286f770aec91e08645dee38;;;;;;
006643e976b6b26e78e89f04a6e31181;;;;;;
00b0927284686b1ee2c5f1ca31333270;;;;;;
042583c99a03e9b73b515cae930aa85b;;;;;;
904374f9ec6ac938fcd6f6424524b46f;;;;;;
b09aee6504aa2089c8f42897cc4d24d3;;;;;;
9257858772a3714448912776e18f199e;;;;;;
a492bd180d2306023577c85d81b66d2d;;;;;;
4913e35d209177c7927a577c3c7315af;;;;;;
b5e81718531c357be03c6449e74561fe;;;;;;
e45003d780eb51da00d525df246d9724;;;;;;
cd1ae5ded1e5fc9b7e61e9253d2c3eca;;;;;;
d05a232c3545a1c769ab8b90a0a90fb7;;;;;;
65ef1c976bb73ad064ac1b854c57f1a6;;;;;;
5dbbce4627abf8335268c3e75b71c30a;;;;;;
a54c9e6be304e6dd0dda02c3e5c8d647;;;;;;
801d20b21de44ccfb50dc517a6a6d47f;;;;;;
11fa8cff0e5f3eda37c440c44b91ee34;;;;;;
069fbcc7387f388ec577d31fe3d209ff;;;;;;
6aefb86fc9f10b8393ae2f4a4300307f;;;;;;
388dfa49d0a27da86936ee9aa931348e;;;;;;
2b3b77d3a441338f3f19fdefa50c4a8b;;;;;;
3c485e66fabe58a730743aa96859086f;;;;;;
ca6efe7ba8bb8fc33dd4d59c4cfaed87;;;;;;
c1efb0b85948c933c58091044eae4295;;;;;;
662c18e3851b91ca668246e41d94d696;;;;;;
1798b186f7fd22918757bdd610a7ddf0;;;;;;
adededc0fe3f3b6b5b0c572841a18028;;;;;;
d533ba1f2ccea5dadf84393488b742a0;;;;;;
54a4032fd47913484d5deb9991cc799d;;;;;;
f349c32a48bc774c8bd29e9c68e75b5e;;;;;;
d84fa991dfe6e3a618ace65b6ae625e2;;;;;;
7cc0da64007d83e7759960cfc80dccc3;;;;;;
6193c4f803591d547acf64254a4e39b3;;;;;;
e4dca64a189cedbbfb4aa5bd360c2c42;;;;;;
10935812f6af89dccaa9a3813c42e990;;;;;;
132fb0ad99f5f934976affe86071c2f2;;;;;;
3dad7356fc53243dc141899ea1722f2e;;;;;;
6943952d1a034eb81d8ef8e5350fca07;;;;;;
1ef2321d7bb5322e45f12f7b6ded34c5;;;;;;
88db839b7bb3dafc754e3a486bc76be2;;;;;;
3e7143f9650b38d9f102f2bd1cf18289;;;;;;
c9b166813c443c5961027cb83e28902b;;;;;;
b8f50adcb08c4fdaf920d05cf8f1e41c;;;;;;
16a618a5da452734a416bd6f678e50fb;;;;;;
e612b7735339846c0c2e357308222638;;;;;;
e10f3000a7753d96273afe43fc76529d;;;;;;
3f8f71c883167e1b252b513c29948206;;;;;;
90be763ccf6ff2953562f30dbf9884ed;;;;;;
b86257e690bd0aae0897e29eb0058b80;;;;;;
ada7864a20d4ea9f0c99c436fd6675a7;;;;;;
f01d8058da11d0d1b7d2e4074e47c198;;;;;;
bb86597639620bf4a6068c7d1d125ad6;;;;;;
36ab903f9e4452444c4da363fc37940d;;;;;;
2d58d3128107073d0e53aeace8c08f5d;;;;;;
e3a9e4f9729135682e2b98f73a595104;;;;;;
b7b2ebcea546f512d08dc17dd9ddb07e;;;;;;
fb50e188100ff8a93e63e30821158531;;;;;;
519087312c59144997cb06fe0c44ef13;;;;;;
79c751d55d98effe64f2bba477fb52a6;;;;;;
92bef98737a3917281379ca1c60f1649;;;;;;
35c8bb5f8c5b5cc570a522cd48eded71;;;;;;
022c6c97a671ea10be410c6f9c1c61c4;;;;;;
fb8a708146972b7531b030205c824fa4;;;;;;
ae82e780d3ae63db60ab7ae5fe93eeda;;;;;;
ed50cfb171fb2350776508f299538888;;;;;;
7b2b9107a2e8aef132cd8762be7b1933;;;;;;
8d5cb0a7883f16a6f973582b50e4da26;;;;;;
92c5a82180f575e521088c1d22d2ac21;;;;;;
28c2a49a64058b24e8894df34e4a2a39;;;;;;
07647bc98312ecd4db3600afeb52850f;;;;;;
d1e40a2b85205afe51b021d5b54ff0fe;;;;;;
c01c7d7dcbf7231cdead2dddd99b6e2f;;;;;;
bf8ddf2ddd0dbf0fdd65fca19e6b6636;;;;;;
857aac0523473f55e48dd3dabee8e5b4;;;;;;
078d6651de7dc242687c16bba4daa15d;;;;;;
25812fcd4fff9f1be04dbd60ae0d0665;;;;;;
f88157754a598a8a5f087483625cbe6a;;;;;;
bc2f0bd0af97798736e64c63a1bdd98a;;;;;;
753787a885586b3a37501083afc3e548;;;;;;
2e87b63509717da4ad39286fca62d3dc;;;;;;
2fbd3cd2e42ce514a6da680fc793876f;;;;;;
d205ba147b4c5737dbb419167eac86ba;;;;;;
b619b26e1b574f9686baaba83f913114;;;;;;
80cbad12c0c63cc74f77dc977879eb51;;;;;;
6d9cb32c2749770957d0aac621a67503;;;;;;
640606a8a0593d31e270226772d47f07;;;;;;
068b03df8a29a3fb54e5357a4b186d36;;;;;;
0a0ce17a43d71979bdb628a73d1db540;;;;;;
72d3f0b09209e617470a7caf15b11d78;;;;;;
9f22384422e46e508ac95810dbeac7d0;;;;;;
d45f809ac777cba56e36067b092b6b8e;;;;;;
1cddaaa29c53ef7d043eb8aea3638c67;;;;;;
5279a0173f0223505a9e536f9e8b2df8;;;;;;
56d7eeab6b57d929ba8d794d21fad780;;;;;;
f5dcaf8f6a2386463748f93280642ac5;;;;;;
8ddf0e3c0d079271670d44a9a789e61e;;;;;;
4bf71a978b1a518a5290e0ab4fda8311;;;;;;
7099c30a1dbb732cbc602f8cd20f4ae9;;;;;;
b926a90aa8ac3242b81289d721819bcd;;;;;;
f583c03ea73f2ee048f67406b47803b8;;;;;;
a0d65bf8e9442ff811040c18aa2670ff;;;;;;
79b216f14101c63e2694630f73289f0e;;;;;;
3f89adb5b65dca775bc2cdd049b1e1a1;;;;;;
a79f175fed61237007f8de2c5c279a09;;;;;;
c5b949ceeda48cec2fada4411462ac03;;;;;;
71081114862fe5915843fb338ee9f8b2;;;;;;
522f1009724f94384c472f40c5ea8a12;;;;;;
37beeb5cf6a75e936da6c01693feca9e;;;;;;
e51e410f40bcc150e545808e72ea59dd;;;;;;
7baac64a19a52a7cce66f095330a6205;;;;;;
dfe204d437e0d1091fa72afdca10cc34;;;;;;
484ee69ef4eabf795a6de35489605c72;;;;;;
05f1211b903d3637cfe4582d515f2ce5;;;;;;
93a54f91030a10e7d485c99f07c1343c;;;;;;
c4799b1056eda8831408d9060d726317;;;;;;
66405eb4d4ebfe30de70b124d7afe773;;;;;;
6c08691975c247da4391d5e5310607ad;;;;;;
46cd71f6e17ada7b6d8c737e7cb220aa;;;;;;
e2711ba4296079428a26381f4c957caa;;;;;;
584f822978d14e6833497324b1287d74;;;;;;
27e7d2a8874deda4136dbd113b6c3935;;;;;;
cd1494d2dfbb93a67f5f973c438c3a91;;;;;;
5e0c56d00030cebdf2d68310252d75c3;;;;;;
5f601fc831e6d365fd1b11304aeceaf4;;;;;;
322031128cced53ac000c1a4acf19c85;;;;;;
7a23e2d6341c78f10aa483beeb91ade8;;;;;;
064301b981b39741432de42e1c915864;;;;;;
1dade7fb04d5bec98aa8215a7e36cd56;;;;;;
85d60956d152a6bf0a434994d9b09c97;;;;;;
04ee8dbdac3b89c13e08ae98b14e5e79;;;;;;
a15a85b8a3c9ca79f76cdad5ed7f121f;;;;;;
7166abac0d92af7f6b75831b9b7b2a53;;;;;;
a3a8711ab78d65456fa2fb8da3edf294;;;;;;
23bf3149e2a08b6df9692be25cbdd693;;;;;;
b22250079e7d82ddd6ac02951e31f398;;;;;;
7a9ee7d6aa224604ea3608070ed197ee;;;;;;
01c1fffa7e472721ab0d9df393cd3ddc;;;;;;
7ad52e3e5e961772cd207e890969cd80;;;;;;
848cfcf09c88d86b1a968e1b6994664c;;;;;;
396b4bbc03a4e32832e84ab940c3a9b6;;;;;;
50ef5c4e857fd4d466e927d15dfad3c0;;;;;;
e46849eeadf0737415f6b207f573d0d7;;;;;;
259318080665652f7c3695f6e808b0fe;;;;;;
0f1d2cc5e88cd71b71c557b521cda13c;;;;;;
009c67509c9675ac1989f57350737816;;;;;;
22bc877a81f8701e529737d33a2f0c13;;;;;;
d21ac71fe8cc6555a12898db03a00975;;;;;;
aec0e7489212be67d666f431d048270a;;;;;;
47e698359efa304e6c27cce4c32b544e;;;;;;
b732406eb9edd8a32061c21f1472331e;;;;;;
ab6018e29cd18c1e8ec04fdaf57ce03c;;;;;;
f1d309995085e5bc14d702bdddf595f6;;;;;;
8f8a148d028b1c29b2d6a074ae08088e;;;;;;
b8b2a0ee306bceb91354f7944e79f9f1;;;;;;
c9c64b22ded9c76b81019a07e6ce645a;;;;;;
aa8acef7acc2aa534ef192706563080a;;;;;;
30e8e7e68a842d78b87cbd032b0ff72a;;;;;;
5b96a8d737158a35d85d38523f8c5a13;;;;;;
f26d5f80e27273b11279e3b34b803cac;;;;;;
26014738941cc6eb2f72d437063910ba;;;;;;
ea12f523dbb5b5102d32f81c5dc76c1b;;;;;;
ffb8c0df2fef67d71648c96f293ece38;;;;;;
34dc179aac1afff78aa43a7c01b1c769;;;;;;
66e174f388f635aed2f194d493d6ceb4;;;;;;
364bddb4a92ca9b115e2627c8f13824e;;;;;;
c0c1112527290d00c9cc4d1e55a65294;;;;;;
e612c46355a07b73f8306c4ef022be42;;;;;;
b3fce7424f57b72e2cb2ab69fd3fc674;;;;;;
4e6eeb0f4852cfc37c6e29207922ffea;;;;;;
8e32e3625cc19a2b287e8a40138cfc74;;;;;;
66e6559ca3bf6b41a07b4d9af6bbea88;;;;;;
cb075c8d3a1d067eeca130f6aac15a09;;;;;;
bfd1124b6cfa42742a2ae45716e2a59d;;;;;;
cff1551e10ff11459e39eb74d85f47e7;;;;;;
505b39c3f9ddaace5e9c899d8825969d;;;;;;
b1b1f2adcfee173b2724f8a5b749c72d;;;;;;
d3344458558b0745c0c21d289e4c4ca9;;;;;;
ec9c73900f273099a6ffec210415f18b;;;;;;
16270506a75efd6731c5a3c38b3a5ed3;;;;;;
29f2ee42b1f9ae2b2a7ea2b72b3e8581;;;;;;
a2b3a6947c9d097f9fad3a7ac1e35434;;;;;;
d8cd59f8fa6a941db39364349b4d07a2;;;;;;
e5e7dd94ac7d4c580984036151f98469;;;;;;
f86922490dcad8878d8879544db678f6;;;;;;
677d1fc1cd7bad6e12a0304687201de4;;;;;;
9276544187ce49993d6bdc59a05346f6;;;;;;
b15579f95573b893bad28405f2134ef9;;;;;;
982f23bdd1d28e70f01e869cdd25a99b;;;;;;
887076568cfe45b284b2d9cfee9f0e0f;;;;;;
fe4ac00e2110d58db98956d045dcc5db;;;;;;
95fcca6e1f4cc1bfc23fa8949d7624c5;;;;;;
cd9eb6902ac1e8c2b270d1e9b6cc28fa;;;;;;
e0cfc87fd89d26e02eb86b42c16caa46;;;;;;
d7a73657b4638f711d6c89a03a037a81;;;;;;
609f66c39f1c9069f3dc03618d912f33;;;;;;
0ec27f4c4cd80a158c34f7c386037aa4;;;;;;
3a947ff2f1c46522111efd8b556d6f4c;;;;;;
29e62ea93fd202009c51ca857f82d047;;;;;;
390e4aeb4a23ae768b856c81cf2fea8e;;;;;;
33eda7aab4e6fdfdb34b31e180ae7806;;;;;;
11d6a708c4afcf8c561ce7eeeb622320;;;;;;
014530b37b2d7a157bb0d1071055d50b;;;;;;
db099233be03e6efa0b3bf43f2b0daa0;;;;;;
be473a654508ef95fd4553f85aa43d8d;;;;;;
c9fe63760c0d234fc82137652ec0c2ae;;;;;;
1ce62635e85e400cdfbd5331cc102f22;;;;;;
ae1e769a82a93d95b86bb6f12ba72eb7;;;;;;
d84233ae60d3ddda1bbad1dd027957c6;;;;;;
cbff209562d57a152fbd3ef8a4de737c;;;;;;
f048c7bd41a05efd62dd733358a0648a;;;;;;
3b8151eae82bbf378bd6c7eeb3dfd6ee;;;;;;
513d841197ab4efc86c9c2e0af82e1f7;;;;;;
3174db2505158a2c8232c26a36314926;;;;;;
79be88d75e6b98aa147a6ab47678160f;;;;;;
ef95b14bc2b7170ed2efe3b9e07b93c5;;;;;;
0b6d97a5f5600bafd7f65e8ffd6eec53;;;;;;
08035e6a2cc60b143bd0ea698ee7d446;;;;;;
8a0fbd325c09ede6d041651cb65e55ee;;;;;;
b5523b3c4f13efe5a74b89d02fb85730;;;;;;
ae645f1301d24442fd4dee17efd15aca;;;;;;
43d5cc898e06de3b7ac570f18b4f33fd;;;;;;
598659a1e784c4df88435cdf7846cb4c;;;;;;
a50edc7b80dd1d9e5396151e48d6c082;;;;;;
4853d27521bebf174a7862f84666ae28;;;;;;
26ea1b9b79a674201bed1e9a13f7a5f2;;;;;;
5d21a74a5aab1e7525949b1e3d9ff1fc;;;;;;
2af27c72a4dad3c86db205dbf6bd2bbd;;;;;;
7e942d68656c53dcc890da314babd166;;;;;;
7aa45a34b8394864047dc5990e8c57c1;;;;;;
c2bdc71125abd290aa11ef682e787ed9;;;;;;
9e9feceb6a3bff3b09b63f81fd9fa5e3;;;;;;
7cadb52ed7d72944bde58d8d02756f3c;;;;;;
869463f3aa876804ba1e0b797174070a;;;;;;
33a0708f74bc0ccba4709b8938f4508e;;;;;;
9365ff5f5b08c4be2b648d46967ce55d;;;;;;
4b3683c361b4480d30adb47fc0cec4f2;;;;;;
aff81cf9a9f663766a2198adcecd0d0a;;;;;;
88583b9382f832af2381aac1c3b386e0;;;;;;
16d48af2b1c24a93c9dcc364b1112ad0;;;;;;
5bba185537242f68c970e46b36bb4d71;;;;;;
0a8d1eed4fef28abb495e12cffdd7ba7;;;;;;
1ab2d10ec051cdacb0cb1aa928478fe7;;;;;;
fb53cc2ef80442b318dcef1412fb2ce4;;;;;;
de9e32b4851a392beeee03c68dff4ee1;;;;;;
dd4cacdcffe6cd2410c8203c0a9795ae;;;;;;
eac8702527c87d86e48b80f146f8808c;;;;;;
dc51d9a3a382ac17bc4c54512847f3a8;;;;;;
daa6170876d52f879c2dbccffef92f5f;;;;;;
5249131abff1c611ee09e163e5686cc2;;;;;;
709634f9bf3c504e2b872b28d60c4fd0;;;;;;
9ddc42ab58956ff4f7d47069a1c4972e;;;;;;
284731da970fcdf3e5df9877143b3574;;;;;;
f19b49eb22709143ba666d13091fb2b0;;;;;;
d3652ccafcfe94893ef04226047401af;;;;;;
e765e61c4ec9cf8700dbf12975815551;;;;;;
c111eab15741fc5376999d55d3c45fbd;;;;;;
2eaaebe3c34247a1de0ebd24b001cb77;;;;;;
88dee3c1d40e2052aa635e13078625c7;;;;;;
e6d13a3b6bbf71f48cfb3b81a03e30ed;;;;;;
56d70aa4acf5a1045bc4ae96bab502d7;;;;;;
5e4e8bc772f3eb2c83220bb2714a7fc1;;;;;;
5a62c02a608d893858394c7518a78ac8;;;;;;
93d0e5e3ffdb7240170321bd576c7fa2;;;;;;
0de9e6b7788358e210469b6f1ce98a03;;;;;;
3b756ec24c0dbeac0e972048aaa4f8b7;;;;;;
a8c2a93a44581b83d60f003d87690108;;;;;;
5130361bc98e80a3a53300b83a93f491;;;;;;
925c2b50ecf3ae5de9b99954f8db0e89;;;;;;
b8cd92a19bcb87401a6cadeb63c44c85;;;;;;
11ed767bc8bd09f009c6b3e4571cb3ba;;;;;;
e2ab5b52608fa4d9727e7ca63dd65767;;;;;;
d8c0b78354b02840fb8a42dd7aa023fd;;;;;;
bd9813447a012207b140e8fb63194eac;;;;;;
6c20eb30d91029be6fcb0d5f486fab17;;;;;;
e0f6bba7761f5c65174daead3d5b938a;;;;;;
2a1eab772a3cb184a37e45c601676c2e;;;;;;
3492799119dd7257802ab3c3b1d33e9f;;;;;;
324855f274d1785e5d3c19824164eabc;;;;;;
7f1656ee4475466b5876bf1f6ea3596f;;;;;;
77b6870aff02d9a573fb4d5a3b473471;;;;;;
846fae94c082400209296f18ff92c3be;;;;;;
c11a1b7f0fd5866f5704a34fbe281e5c;;;;;;
7c473c365e77c1ea19a75e3f7519f430;;;;;;
6c94c1abfab073036b0e8c175fbc9f03;;;;;;
241cc0759051dbcf8435d2abbde156d8;;;;;;
e57bad0a8fc0e4c270bbb72cb42a66ac;;;;;;
1f014b64a7bbf378a6adcd6be7882455;;;;;;
c3bca6e632f409c5928efaa8cafca1b3;;;;;;
9225c5336810bca5f5dfa1fb24026119;;;;;;
c28fcf7d956d1d2a9f30dd70cfef82b4;;;;;;
1017c4ba79bf48f894825886d22ed342;;;;;;
51fddafac2b4120af972905a3b688636;;;;;;
044d5d9cf52cf5990eae88e7067bc956;;;;;;
a59e7b59bffeb54394a5c6f6c8403ae5;;;;;;
8fc269c7d21df81ccd3c290a6789d1de;;;;;;
b850c9c7fb2e4afa9e82956dac53bc9e;;;;;;
a02f0637b7eebd8c84cac347b55ed415;;;;;;
43de0ac9d65de20aaacaec3cf84580ef;;;;;;
9c91396b5791074c02dbf9b3149b54ee;;;;;;
0ac3a7bcd81df059adc9579ff2ed6ab4;;;;;;
9d9a4dd82d713cff34f074f802f5ce28;;;;;;
411dd872579677a463abb53cee8eb5f8;;;;;;
cdf04e551d7105fbdc984d53e695f015;;;;;;
46a3f1f097a18062b3e74ee9afd0bd9b;;;;;;
3fbd199aefeb8f33339e63741ab7e0de;;;;;;
3b1f77e55a4b1a5699612c88850a4ce6;;;;;;
7eda83a5aa63614d8de0a843146036ef;;;;;;
ef9a355bf37026351bd280263b89a0eb;;;;;;
3d36e497d792ff51e3c9e4a384c2f9b1;;;;;;
b30df5469ffeb83b0b76578d8aa7089b;;;;;;
5ad9b8c106bd276d2084f743af19846f;;;;;;
973c7d2bdf2b25d7350a59a2ba5d73c9;;;;;;
359419d3199a18a2a224d5cbdcd7d803;;;;;;
3edee8fa64b78fd7e6228cbebe3dac11;;;;;;
cb5df7c4149da80351e83fa69cf6fca3;;;;;;
2da293ec08145418f51fb796d8d42b6a;;;;;;
236e6e4536ff3afffc27237324453757;;;;;;
e5beed8888d9c7d9eeec12e82e94eeea;;;;;;
fb3dedf775f02c5b2a2e7156c97c629e;;;;;;
e166de297ca12200406df36905ecb0c0;;;;;;
0d46373dc5dd57dd70b5c6f2061e59c5;;;;;;
119138529a6da5709e703a84e9cde75d;;;;;;
7a3e7a41ddbcfaf813a5cc091dc1cb19;;;;;;
ea3965035ecaa0f1b0f2f566242a7252;;;;;;
60870203b4af1438fe438aabd4c3edcb;;;;;;
3aa5a401addb178cd9bab7c97ac1fadc;;;;;;
d1f0f1ed0ad7072a0b92f20fabc630b6;;;;;;
6ec3f3186b6993294dd8bc0b2e1df2bd;;;;;;
1e2e6ce00b51420888b6aaa70f7bf670;;;;;;
045af478f9ebaf2d1068adc4faf9e58d;;;;;;
840f117891e44a85614c07ed174575c2;;;;;;
335f2d3874cc7610392bec694b96f400;;;;;;
6ba928d26ad6dd874bca47253248b7ce;;;;;;
cb962d15b7d14615c0db0c3a0ec31cc5;;;;;;
d3ba11a6d709a58d227cf316276a50ad;;;;;;
7c24a35e44eb9b5c196e866ca8b94dfb;;;;;;
38c07295f1ee5ca07326d8dc2288f1dd;;;;;;
7da0c489f8e547652e3f24c96ff2abe0;;;;;;
36aed1dc1323b81bf3de18afe2b449d7;;;;;;
3dd9b193642084318ca9b35d6c9a1b35;;;;;;
c495f5d3c71d9437e05466077731a805;;;;;;
67cc19c68b99aed95b5c00b19350f74c;;;;;;
e5e7df4df7527bd2090635e44b7be3ad;;;;;;
01af0cdfc3657e04da9403be45e82bf4;;;;;;
8181807296534d114426b05937646f65;;;;;;
de7e6eafe0c6ce7d3a14f7d35d24f700;;;;;;
3e9da69a3720b029e5f561be3682eae4;;;;;;
83a318b61a173a4a47dcd8dfe44caff4;;;;;;
4a826d0976e4e443053b8218ad16bfbb;;;;;;
3175a10e6be0e4f83972e6b54662643f;;;;;;
d8e55f629d14325bfb1560a2bb6ed549;;;;;;
57491f08a07d3604f0a869b0517221ed;;;;;;
84cf0490daaf4b05f048f5ebf8145722;;;;;;
74b85883157846797a27d3e994e82125;;;;;;
d29c1967eb9cad97bbc73d316228a858;;;;;;
459223b736bd454a6ca1af75f610cbad;;;;;;
8a6aba002a7408173519bb9d5033c3d7;;;;;;
1710cd88c46f08c2263bb6ce8e419826;;;;;;
76a260447567df54452c1aeb1d45df22;;;;;;
07373716e34c78b169bb85cd2bd3cdaf;;;;;;
b57675b4c7aca4b6087bd2fbaa12d7f1;;;;;;
539c94db90d467fb41247d165baf39d9;;;;;;
be5ad00907c9ee916f3727a4ca7b421f;;;;;;
99b69e1bd3c26399e20e0534d4976ef1;;;;;;
dbba52f46398e302afa0047e6b6dfaeb;;;;;;
d653a525427b33679863683936fac9cc;;;;;;
615e37d72e03bddb1bc52172293b0230;;;;;;
2e4c61f80c233893cf2a084cf0967963;;;;;;
02056276432e62d903e0ab9844a3b66c;;;;;;
e3048b54767a05280489e57617293bf0;;;;;;
95cdef705b7995e436c2cbb97b5d5b0d;;;;;;
72724c30b235f55ac188b82aeca27e8d;;;;;;
41e19656b7d1959224ff0e14adc5c34f;;;;;;
57a9949c6b152dd4fea73771e4036d7f;;;;;;
fa3322e316074b045fb82398251a749f;;;;;;
d9f77a259d033635067bd2adcab7180c;;;;;;
22d796ce63b48455d65bb1075caa20fc;;;;;;
2df1f15e5417f404076e77140079bf4f;;;;;;
8dd0ff91c4789b94b855a21c4fbf8252;;;;;;
202bfd19f937a74bf4d669d04fc6cd5b;;;;;;
a269c10fae25203b8307f02d53cb96da;;;;;;
a78e759829e7304ccbc22b09428df4fe;;;;;;
871ba1ae6060c8f49681548d9ed89a28;;;;;;
29befa3d48d367735dfd1c43e16d3ccd;;;;;;
ad80c507fa0a39e9f2ee56fe498d3178;;;;;;
b6e1d60d3b8fdde04d3b6901fad1b0d7;;;;;;
59b952eebd40cec46bf9c34cf1484da5;;;;;;
6a18e12b71ca6da25e7688f600217db5;;;;;;
d2a93a6d74c8d7e7e8562dbd26ed85c7;;;;;;
340ddeac7a0cd251403b8e535f2374fd;;;;;;
467ef39b36805eda86f36ceea24cf0f6;;;;;;
edbcb257e0889ed1b5d2b080251f8167;;;;;;
7c4e0ed15c3004f8851552078f86e551;;;;;;
faa55d7ea01f9ebc9bbea07055eabf70;;;;;;
be9e1e6159599141d5228361165d6f49;;;;;;
58db2650f5272088f6126d840f5f8301;;;;;;
796d7bbe47a5a02ee4040d1ad74f5af9;;;;;;
8a4907768c1298e8c1bee1a4eac363bc;;;;;;
ebc86480484892e96a359e63b76d727d;;;;;;
997f2ca6a9f812fe17a124ea510bb1f4;;;;;;
db6d169b5fd6a3ad098c735e90a78120;;;;;;
14e12206d2a4ed62405b33dbe3402402;;;;;;
f2b3083b0a32a1fbfb5dd2fcbd2f7ded;;;;;;
75a20ad86133c4aa2a9fe1412e85161b;;;;;;
4d5631ccd11f21ada3fbaa61cabdb77e;;;;;;
db5fb1daa4a0f5e84532c6cc406459e6;;;;;;
6ba7d40043f286426f6209f84a59f53e;;;;;;
f40005511c1fc32ad7721b0d63a8002a;;;;;;
ba281f7792c276287e96e6d0801c431d;;;;;;
42da48a43fd71c1b3046c05992271abc;;;;;;
cb9100378153f3a5d5a8a446fd57a360;;;;;;
aac1bf906de7b66d299d1900a016a807;;;;;;
eea6f7b040ca2a7a9c38c8b7553dded6;;;;;;
5655c7cc41f6965399a391677b7bc831;;;;;;
1cd93bd219a91719e0878c2000ab961d;;;;;;
c9a497d7a20a3af655ae960c4eeeabce;;;;;;
8490c3921e8ad3a3c1d195690690f01b;;;;;;
043133ff5f6f6595298dbddfd1c61c22;;;;;;
30e4e14b37d113b32c368eb3f7180ec1;;;;;;
2531b14be0e9c73bda99b26ce8bd076d;;;;;;
2d1553704674a5ba3231cc98206d708c;;;;;;
5bf04b83c1dfb1a4ac680e0820c241c0;;;;;;
68e8ac481fadca2bb93ae9d9206eace8;;;;;;
57002814bdde06f2d029634228d73291;;;;;;
3995fd37b4e672bf6589b3402b236839;;;;;;
2140906724930c46166650baccd14b6c;;;;;;
5fe4227bd1f7923ba738e0fee36c111a;;;;;;
3ff0180d7661c97314b0f077d6ea9ce8;;;;;;
cf94150c22c653bb171bde92dac37fa0;;;;;;
7365c4fb08c3ccfdfb953013c337a157;;;;;;
23c3fa386369d8fd20b93d2ebeaf159b;;;;;;
d78c1ab5f04c03a0974919d31f2fe890;;;;;;
581c90f1fa7ab90815e7e4e3d864ea1a;;;;;;
8a7ed40a08c1f9b0a36e8ad406f199ad;;;;;;
611ee04c565d054ad47aecbc5e5366ff;;;;;;
4fc5eb826a6d8977cc8960527d9fdcf1;;;;;;
4686440150769b56c397f42e90d3f2db;;;;;;
b2bd3641d53f9519643e3a064d999f73;;;;;;
63ba37ecf18b03a8352a625575beb691;;;;;;
3b178d5385aaced268b065a84f0c6b23;;;;;;
38bf73e9a0049594f175be4f191fad9f;;;;;;
9fc92f2d9ffd0f1fa6451fb80aa2deea;;;;;;
70a67a8131999b4b10af55784de9fee3;;;;;;
5adae022ad6c3d7505f24b9768a81968;;;;;;
f0ad03f43e1efd4ce8e14071113d704d;;;;;;
20f8d2a7d18393e272e6cd657bf42832;;;;;;
e90996bec032adc75a957008adaa9c51;;;;;;
104bb2c9275cac9ff3f498d225ab4541;;;;;;
bc41185d6090c82be8a94fab015434f0;;;;;;
080d74d33198a35c22e532e011cc0d03;;;;;;
77df29e91249a87483361a8c0138ee45;;;;;;
daae83bff9fe425b07369e55f0f0db32;;;;;;
f10d800faf65fdc3b9e3917929ad8d2c;;;;;;
a4e0798a228828ed6be77353696f2d00;;;;;;
bd9df09e5f10e948d6a71629a2dc10a8;;;;;;
c7ccfdeb5d80e26e7817e6d54183882e;;;;;;
c5a7f785bc5b04a94592ce1df9efd54b;;;;;;
8db482a8afbf5d2c552a068ea38625e4;;;;;;
07cdf453e5c556fce7415b1c910e647e;;;;;;
69146eab29b62ceafc09e2204f8f686a;;;;;;
3890948c6d75eb69d05046eaff1ba5f1;;;;;;
c5043117d948971a3c2494be13c1d083;;;;;;
b8c4b2dd7a2af486d075899d835bba7b;;;;;;
da916ab616bed318e5c6239d4700525e;;;;;;
400447b7e07f03866a2db417663b1084;;;;;;
67017bfff3b03f4c542993855fc3cc37;;;;;;
f1edb649bd7cf8a4344794e85c2d99f5;;;;;;
21ebaac9bfef462c8c8de4a69f837478;;;;;;
8bd4a1da70854558b2e10ec5d9b1c7b0;;;;;;
aa72c1731fed825fcfb1e201b564d979;;;;;;
400f14ee900daf6333e7fc18ffe343fa;;;;;;
75b14da02a384cbf21af46589a87a7b8;;;;;;
d74ad707388b14a2f10544d28e5d6b48;;;;;;
29bf4f2f4a3f36cc2cec60073df5eeeb;;;;;;
c9daed37f17dc29334d6fa21c6ec00e0;;;;;;
4822b510b49a876f38d41fdc9554828f;;;;;;
4eb73b7cface8e13cc87de48a99b3683;;;;;;
7d2c995107796007da855ad4dbcfab1c;;;;;;
35a697921f8a3c7dd06c31a51901b319;;;;;;
e92d2520a7fde4360744b10464beccbc;;;;;;
c0c6755d742e08c51b1d2c66717e9dce;;;;;;
0503801f2bd543b2641ad2324d6d2929;;;;;;
1b471b36b6f8669a6ae9f4cfd03b054d;;;;;;
7cbfb48be894eb93a464251c6b40cd43;;;;;;
9cb9e35801df9771cbdc43eeab2c61fd;;;;;;
7260d58123df32820bb85ab7b6745eb6;;;;;;
daf4fc36f00dfee32eb9ce690e77a1ba;;;;;;
654f85e5ebb9bea95542f64e143dd8c2;;;;;;
fee51478d3bf8bae3e32e419150e4b0d;;;;;;
36b2854818174c15fbe4087ba87ea876;;;;;;
1d8f9822f4b19d1f47da6a59c80ed0ef;;;;;;
3fc1d3ce297a34be93ef6969b19a04ba;;;;;;
2f3ed28f08e4ac45684f9b97474f807d;;;;;;
247d469a3b53a592b33e2efa733c0327;;;;;;
5e39de0f6afa64b9ea520797d9654d66;;;;;;
e7d5c27fac3e60a3f2795a8a1b0bc657;;;;;;
2442653661f8f4615f31311ae834dd96;;;;;;
936bb2dd493c8808b8c96b83a982c32b;;;;;;
57786208b50824e4004e8cdfd81eda53;;;;;;
613a28b3de1ad203fde42d7f157673e6;;;;;;
43f55d92a84bcafb92cdb362c26581f9;;;;;;
a5d2e4f4469fc635cae32971e9bc1272;;;;;;
5616bf10e6772fbf0e409cf3c8d3c39e;;;;;;
528bcbb659f376c1dc0f301b02fa505f;;;;;;
dab96753df7c67131161c1a7ef052b6a;;;;;;
acd1b8c08f3cd7985b54ae9fa4e52aac;;;;;;
806c6499d66f0486e6bd82e4db61039a;;;;;;
aaacd15904861975a39177db78a2db8a;;;;;;
aff95f510d13ee0319b4baff7343faa3;;;;;;
08eb2a1a871dc4603ef19e8bc312e5c2;;;;;;
511b24064150d870028e28db4e06d42d;;;;;;
684041c67a5b0ea7e41a439c5cad9240;;;;;;
6f38911f80d3930e97d20917cc3e35f1;;;;;;
e4c6f10749159717ef8da3af68a8ccba;;;;;;
4ed3bddc5b2325543c5fcbd1a731d940;;;;;;
e8815095920c16893a4383af5dddf151;;;;;;
6b00044ea3e1096794662486d67848b4;;;;;;
96fa5ea6e3e7c530a7189722cf5a50a6;;;;;;
28a25c0664d4612088f38b047c257ca1;;;;;;
415a1821ec551c0c94e7063fa366f0d8;;;;;;
02c8f43fb47223bfddf3517597776b70;;;;;;
46ac2b5b49b15b0358d8a160b97bb340;;;;;;
31bf8420fe3f1bd5574a6027cd671e0e;;;;;;
53754ee3009cb338c633754a922bda6f;;;;;;
3340a183c2f3a4a6f2d978a661ae3b1b;;;;;;
0fbe4fdd5e3f263381d45f348889eefb;;;;;;
05dbf3de4085610d09d9bf22d1a74139;;;;;;
1b4b5bf9498b31f75c5441a8d172a8db;;;;;;
e90849e0f2ea0f672362b657db3b7700;;;;;;
7b93403af2a384fdc6a32e30990c89d2;;;;;;
8ee2463c50ae01547cba2059fda3bdad;;;;;;
d593da6413d6c73b737201a367d59ae6;;;;;;
d4de95b1416da46451877022bf5df51e;;;;;;
ad0a0b6797a0f77c3624a106f42828ed;;;;;;
bc6b858252e08fcc4e4bf578619c57b3;;;;;;
b391856cd41ee420601aa9fb667a08e1;;;;;;
3b8bbeb15f7b29ed5fbf3b2b7951888d;;;;;;
b70c8c00d0a658e68bceb0efdd54b7fe;;;;;;
ebf8cfebb132b0de691c49bb1069a4f4;;;;;;
1eea7ce5c690005cfdc3e9b418de79f4;;;;;;
afbffc0b4211bebee51dc19ff46f7141;;;;;;
545dc57766c7517a12bbd0afc72fd836;;;;;;
63c0974dfc60f5f198a8d68e33ea5839;;;;;;
11c8251b8eed903573488d7e8a30040c;;;;;;
7bac2191629cb9493ef7036b8628cc2c;;;;;;
8535e534c02f15037aeaff0ed063d83f;;;;;;
dcc8cc3372a01a2f4cb917a35a91a952;;;;;;
c8a9596868f4be33c253018b7cee1cac;;;;;;
26c7c3ee9e533972b80474991a4c21e7;;;;;;
89bc4f1f87b3af0154203f1e1fe168de;;;;;;
400351e3af056694d07a4994ca467079;;;;;;
713990f69ce975c227d4f29f6dc9440f;;;;;;
20b5a744de537fadbf50d84d0f6d9efd;;;;;;
98b7ed579dc625d8bcded64bd884319b;;;;;;
f144d628ff56f332a1dd5c9607a08fba;;;;;;
b51e740c42b73e92ec79cee6f1b80d90;;;;;;
655aba78b5cf416e4cda1068e25238d7;;;;;;
f80771ca4cdb6667fe7de7b05f9de327;;;;;;
1aa509ab5a2113e847ac2fb6659ae33c;;;;;;
a81380ed677d04dc6feb7e40af7448b3;;;;;;
d8b06c0dc61ec9b178fc57498c50a523;;;;;;
ee3e71718f9dd6b074474cbc99b9f336;;;;;;
f0fe7c67fc5f8d3bd40ac727db256769;;;;;;
f4c5c20da83ed8f5074545f281928fe7;;;;;;
dbabf400665945c9f3f3a3a4c33cb6e3;;;;;;
a2b1379e687e35e4e8ea49b476384888;;;;;;
d11c7ed55245a5197134e2cdf22b89bb;;;;;;
4c6a85b5f1bfb9adcf26d0a9cbbebee6;;;;;;
b66c449165b47c7ae7d28c11a71159d9;;;;;;
6355cb0f1ace2802a5f24d3caaabcff9;;;;;;
5f3f41980ca47661140b6ccd17a0278a;;;;;;
b07cb7b7f3ef6f02b3cb5b83a220ca65;;;;;;
535f057c25793af774bcc7c17d5288fb;;;;;;
ab3ba0e7d90d4533c258b7e0b6eacec9;;;;;;
8895c1c4c39a6c02f7a8245feb82f2d7;;;;;;
4c2b4b51a9de4c9dbe119dd961744d60;;;;;;
8c427058d897e68bf71e116134468b5a;;;;;;
fa9b2070f2b85c2d9cfc6138ca62b6e8;;;;;;
d17d07a565b2cd5d47e4719ffc8bce50;;;;;;
87ef47c829d17fc4093e2434f9521222;;;;;;
891b39b9435117aae18f9f27db7efde6;;;;;;
813c8e2d74abca66eb8d11960be82cbd;;;;;;
da8d3b81976918ecca4a64b9cfc0fdaf;;;;;;
e04a92e398a906884a84771365b4dd9b;;;;;;
8e6d61475988bf1bef6af9f6fbc67fa4;;;;;;
8e95e16f351909fc10e64e6649ca27d9;;;;;;
15119a04aec6215498ab902542a65982;;;;;;
b1abd0eb4653a25bcab61e3390b33c19;;;;;;
ab272ea7d108a3344d02b9d141ac1ff5;;;;;;
83366ff095d4ada7b64af64d7f685b0a;;;;;;
f671ef1a9e201e91e4c86060467c607b;;;;;;
8caabba5281040b0390ff0a9a6c9369e;;;;;;
21c3bac72da711b2c9ef5f613959f4aa;;;;;;
176876094a6b51d1c0b3e3971cbb7aca;;;;;;
1447354b42860996576780827a937fc1;;;;;;
9af76598ae42def89e28a1e3316ed9f9;;;;;;
3a0008108cb79ba4b5b96d8c14440a19;;;;;;
5cede51a2b155b7f738b59b43bf6cb5e;;;;;;
1952191f8b965cbc4a6f4272ba111bd4;;;;;;
866df70a623048b5187bb4a035c927d9;;;;;;
49ebdd8479f3429f238a25c06b9798a4;;;;;;
8437fb4b481950cbff2535d461035704;;;;;;
299fd66b57f2614bfeb996dc2380158c;;;;;;
a519ca93bd18785cbe4e8e05921d8016;;;;;;
d230ea0e36de216d2fa1833cfe208cc1;;;;;;
398f6136ec28901f3af713a134d504f6;;;;;;
3c1634ab287e600464b2496602ea51d5;;;;;;
f8a407833e3c2f74c77bff7a02acd396;;;;;;
6b805a4f4e9f197948f52c45d10c70e2;;;;;;
dde994f5e16b28c3e3e78696d270bece;;;;;;
e6d47d3796b1e8b6dcd55abe1497ddce;;;;;;
26763ac6c305a8d099845e09ebe99cf6;;;;;;
a19a6e822f3527d2c386d0c579b4d19a;;;;;;
c499d42805d8e74eb9a45f7255532d3d;;;;;;
d40181acd48b4cc6775c728472accdf7;;;;;;
bfb61e3e7c3d3998b96c7b0f0466617d;;;;;;
f859156367ca28216ea62ab9d7f3fc12;;;;;;
d74596f053293a4cdad27c1ac13c11b1;;;;;;
a1e6d2fba572ea311794a5e8aa37e752;;;;;;
a02139cbbacee51e7fb276596eac1179;;;;;;
aca491c98ee671cb6f74239c1ebd4d21;;;;;;
0640be0e832a309c7ff93b2cc48a5552;;;;;;
2f320abe55e45280b69e789b3ccd42ee;;;;;;
5c070a8a3f1415b808a64dd9d81ead14;;;;;;
97aafda3178ae2b544cc9fa5b82d5b8a;;;;;;
6f3cac6a4b0068cca49e919d538983b2;;;;;;
07456e00caffdaa8c5679294ed01b3b1;;;;;;
57e7b96b5930b21581367c1cf359c724;;;;;;
47cfe7bdfb1042ca63b3edea72360dcc;;;;;;
8b75ad1781b669b9cc43e1acea0f2f8e;;;;;;
1e523ae61b78b6a0634fe2d204581642;;;;;;
e7d59620a95ee2bca8ef5bf05b5a8106;;;;;;
73e0cbdb2d2fb304abc40633b159ba92;;;;;;
279d992554a65803c714aba75d64becb;;;;;;
227f8ff7a9b6f1dc79605ee25e227a98;;;;;;
339c1365e8126a187fa7e9fb7746df37;;;;;;
561881eefcd1488e8bb73bb33fe9a4fb;;;;;;
a9740a6f4e8f90e65613ee648037abe6;;;;;;
a0591ec5ad48aa77d4862578af8fc998;;;;;;
292bca8b801fb05e0b6f74c41065b006;;;;;;
24223cf60135f2091b21537f828d5c2f;;;;;;
9b602bf566a43a7cd86f49c5335f8dac;;;;;;
18d8f47a2a52ededa823b2bd594f14cd;;;;;;
fece97c6cf0f5dfdfcb20fdb03fb09d9;;;;;;
493a3eed44df218d995fd005f2657c74;;;;;;
4bd090afa5b6f4bfbfccb67062105c6b;;;;;;
1e1d86aeecd861ccb3d74ade958a30c4;;;;;;
9d220d879554fe8410b2274d44fb2b4c;;;;;;
46b980bb28815b2d10eafe1c35eed06e;;;;;;
2fab723040774eea0a9f444a93ca7ee6;;;;;;
5f6ef003f79debb7adefdd6726bd143d;;;;;;
7eb6055ac1344485f924ecc2c7fb2e9e;;;;;;
744d5a4036b7883c3c57fd013b0fae7e;;;;;;
fac874bfb85fad6d8fdd3cbca1c13cd3;;;;;;
f314fcc0fab5032a14cdf0ea41d13d44;;;;;;
26a5143709ee71612231c014f288540f;;;;;;
cbc63f837630c4c7935d4c9f9b05ff6b;;;;;;
f3c0dc3da0b1075ce04f7c282d288c38;;;;;;
16afd51eb88f1de2dc50af4685b9de44;;;;;;
12d9b5216c1e6e31e70677e9ad04a4bc;;;;;;
a93aeb426e99037424f9ad0ed3ceb10d;;;;;;
3d41f6765ee99b694687b3a3f5cea928;;;;;;
4d69d618d62320d6ed0f98941684ea87;;;;;;
92946759ffb498a567741fe86fb242bf;;;;;;
9e71bfcd873b5733e481ef9951d4c00b;;;;;;
7e755e5113f6b1ae993429e99ba998d4;;;;;;
95721dac1ca56dfefbca1d9bc1fb4fc7;;;;;;
2e18d4824baf557c6002e7978bb2a6ae;;;;;;
672c1c90e3d0539870e27904e4b5e0a0;;;;;;
7e0c544d42400b3808be72947fb5d0a3;;;;;;
60ca4d92e600648c183d7c39e10d40f6;;;;;;
75d42d15db446ec2894debd78b5cd165;;;;;;
938ccab250e23725e117779663b63adf;;;;;;
8619bdee17a95c2e2e5a3e93c778e088;;;;;;
792fdb17aebf0f011a17bbbe97e1b942;;;;;;
b092abfd87cad79a39412d276328346f;;;;;;
b4b574896f03247618c74774f59cf776;;;;;;
7d4efe42e79eb138ff9443cc009c8064;;;;;;
8e82a7662b0da9508f37a000d1cb15e0;;;;;;
0b0b98e65d20a3f8c1ae5c7db5d1b8cb;;;;;;
97ce13ff32a75e2c9df130903fb0b83b;;;;;;
f4f5842064eacd731963951fa83433b5;;;;;;
6921dc68222fe6e0e533267f4456e39a;;;;;;
594750e979f12576beda8ab608c59370;;;;;;
4723d8e704ea1422518d621fe29c2c1c;;;;;;
0362fde45b6e56d19c2fac1d04defaef;;;;;;
0390c9a6242477858ad10f848eb7357a;;;;;;
d19e733ebaac0d8a2fc9f9c3e1f0eab8;;;;;;
3c182cccb64cc4c9bbe199c5bc562450;;;;;;
9b48bf2ad66a3eaaf9f6d9aed8ecd3fd;;;;;;
45b1bfbdbbb36904cbba41f97c5999fb;;;;;;
4720a09a6edcb57a25429f51fbff34f9;;;;;;
892e770e79ac838364f8a3cff3d18afd;;;;;;
667b40a116b910f10f8e9b35f4b61047;;;;;;
0464304bce84c9a23a6d6fecabe1bf1e;;;;;;
d006216eb8bc3c042a5ef510273069b2;;;;;;
21914ed15306f8e6fe117fc9ecd6f0d7;;;;;;
77b3cacca7ac2b474842910cb152daef;;;;;;
352d9a9b0d38613fb1056e775390d341;;;;;;
1d7ee8edbcc3ede119f0bf9daccc0e0d;;;;;;
0598e5980803938bc435be3d0a5679e1;;;;;;
b3585e66d52b3285d4a8f572df8b15de;;;;;;
58f1343de0c70c35c96455418af74f76;;;;;;
4de63667967c8dd2fadc07f7d9b2b962;;;;;;
b789b314b2872fe0c9e2aacb297a09c8;;;;;;
7e372ceedf52eed7fcf993ee1936597f;;;;;;
e0c71c26ed7b8c7b04e62d2533aa6563;;;;;;
a07e9946b0769ea37ddd7ecbe1defe02;;;;;;
64dd9f91a00394d1b466bcd0fb046851;;;;;;
b3bdca41bd2b22ef57d4ca511852e397;;;;;;
91d3463982fcc53eb71368102f715bf6;;;;;;
6cabc893a7e2ab610eb7745d2d4c7169;;;;;;
65b3b08be0af66d54de3b9e46136b632;;;;;;
dca0773bc160429084c271c6aa62138c;;;;;;
7e3c84d6ca28d1267640f8d4999c86a0;;;;;;
c86d0f5de244abf14c0fe77ab270aac2;;;;;;
6da29153aa6fc9660a76d07a2a30edbe;;;;;;
a4731bba3b438d718651d9de98da37e1;;;;;;
d5051c564efff317912e000e488fcbeb;;;;;;
580d293849b2344ee21afdbaeb35877a;;;;;;
41c0817848470431fafef75333b4c954;;;;;;
278ede0cb378cd583ffe1559d176d58a;;;;;;
57658213896c3fec9d34266eac469433;;;;;;
e25ee0e52c4df310d81c16d0eaa5bb3a;;;;;;
3e940e9cfd9f7371ceffdb22880fb23d;;;;;;
bf430020b4d0716e9e4c57667145dcb4;;;;;;
dad7d830a3474b0bc46c1091d0a8aead;;;;;;
96f7df14a617086c86718d8129b5daf7;;;;;;
fd1cbe6da6da83037c8021887822bc8e;;;;;;
9d3ff4926105225f0b0120f7f120f379;;;;;;
417bf207b85dbf15d3cdbaef88a35b2f;;;;;;
ac876e984bb64da9496ed9640c41499f;;;;;;
2f9485d1724adc14e5b9416f308807f7;;;;;;
27a45564f64a981b261c8c836f61a615;;;;;;
136465a158903cb84ff9751f035dfa26;;;;;;
063681b226a1c19dc1e7482dfae38386;;;;;;
cd7cde0417070476c1b25dc609f03748;;;;;;
71f1c875c72d5e8a54b24aa6eb5cd729;;;;;;
1e1d638ccc3a06974838b3fe30bc7b98;;;;;;
2b1defb8f9cb0b5503b48ef50fa30eb0;;;;;;
3e665202f0e3123e15fd65757bfee97c;;;;;;
ea2d133780db03700b7df603cfe81074;;;;;;
b9f0e1db62d5aa1539548b30d0f37367;;;;;;
54c117d56644a2a11c4b651339636857;;;;;;
25699eda050e330eb6a6a68b65c6cf3f;;;;;;
a76693271fc3e6e9a00052a0cd1b871d;;;;;;
6b452e5a38bd484666d5eff088176fc3;;;;;;
db92fe8be44a704239a3425554773fe4;;;;;;
e1c2f0d8dbe3cc1b3dc93c881bc81eab;;;;;;
afdb257f715be4356dec55f4ac470c61;;;;;;
b8a2c8840a5d17c887190ab3ee3adf6f;;;;;;
0972b0190e097b4512d3dc2486addc5c;;;;;;
03a372c3ec8594d12a48020abeaa9652;;;;;;
4fda948bfaf8c647bb3e17b6431054f0;;;;;;
0cca070d2589d6bfe0094f9395fe61c9;;;;;;
a3b3fe8e602d1c24c3db771df178c471;;;;;;
91b762e00c2977a673a43f84c925c8b7;;;;;;
1cd659f3a5cbae05c881cef5e0d6e5cd;;;;;;
9864f98e19dadf61ef6a353e8c536405;;;;;;
3ddd7c4a3d9945eab4bb427bc93bd903;;;;;;
0ae1d74f7060b43d9415ba4f1d87a234;;;;;;
86c1577e156b0737d8b44ce720dfc7e0;;;;;;
5f5fe5def58c4a0f29b29cda9a7d1632;;;;;;
f274dd7c07350aa605e50e215afa4d8f;;;;;;
1d8c420c766dc3f7c9980a0eb1d6bdd9;;;;;;
c3d254c9111cb61794596ea5c6518c15;;;;;;
9e0c2faffff7cb4ee4107da7c47b6c86;;;;;;
84de5dfd144096f2bc07e2eac5da363d;;;;;;
dac13b50a68086d7a6f4de97290f2863;;;;;;
8b77731d2a950ae2e729c8d8498c3dd1;;;;;;
1f620258cd50cb708e1f5627550078f1;;;;;;
9cabdc6bbba777d38f1306be22b97b4e;;;;;;
af3817a0e7becb44964e30ffb430e55d;;;;;;
cc8f528827599676145fc653e570f40c;;;;;;
728ec9fc003bf793bdbaa07ffb156c48;;;;;;
eeb6246db842461af1476f5d5bed6ba7;;;;;;
1916a0b2a3967a19ee19a75682d8181d;;;;;;
42577fc1890695fbf26215b9710760ab;;;;;;
10a1106008548d5b97c2b1cb74f5b6f7;;;;;;
fc1479a60a09cbf1845c4bd8502ff9fc;;;;;;
4154316e503914acc0658bd15af591d9;;;;;;
5739590dc967fa2077031b0bc9e622f4;;;;;;
a8f058d172176aa76255d79e79485f01;;;;;;
294e0a13f553c73ec38f3cfd1eb749f8;;;;;;
b2ef0a07bd200dd26f6584ac2aec9bf4;;;;;;
1b739719e2d7bdf39e9e9c7b3250faeb;;;;;;
af884a7539f065e88e6217fbd0e30579;;;;;;
433847298b753246270689fdd733e59f;;;;;;
3bd07026478b937648fce2d980fa47e2;;;;;;
f8717cde374572670af0a94b4dc8de87;;;;;;
7cc28969297424f9d152008882515cf3;;;;;;
9c0ea82a17831db14928d402e0a58cb5;;;;;;
15af2d124b081b78a44ad1d34f41314a;;;;;;
889de1f397d5a1ef3fc1ff695d2aed91;;;;;;
6c5f7493b519d89fc86c9772d3d2d0aa;;;;;;
622b77c54e73c5c28c2f3e0e3715768d;;;;;;
1554816cdcdf19ec5eee2f7a3485d88b;;;;;;
97b35af72590cbfeeb694fdd2d978757;;;;;;
dd9808d07ff90cdaa81e8054f232a1ba;;;;;;
b2d3e3504c8d5093e535d74185eb769d;;;;;;
28e670de856e85aecbd9fd35d742b5cd;;;;;;
51592b0fda9f96db80f982f563811732;;;;;;
87e492922431e29fe5a4fd314bc22d74;;;;;;
b677945134f29add4f9f9afd584c735f;;;;;;
b392441be9ffd125b19742ea1b01b35e;;;;;;
9d23b70329b6f63df9fecd977d0d8b98;;;;;;
a60bf7a5545ac41f4a807a586170975b;;;;;;
e4c0274cfaa28c8c4f01ff900520de09;;;;;;
df7202664e6d22791846b89aa7320344;;;;;;
d2109d0df4328d83a561322829f4ff2d;;;;;;
afa3a018c6d80c63bd632acc04eb0c46;;;;;;
98a16f13f08a906c19d9a41d8e82338c;;;;;;
4ec58dc7e16fea3ae53fff56bdf80c9b;;;;;;
ab02d6f8d062464a4904964ae4a5d5dc;;;;;;
914fe3cdf11ac92b8dec2e80bf3a58d4;;;;;;
ce8d0b88c1b9918e54c9d60963dde814;;;;;;
7bdcc78c16d48cd840982385b643ade4;;;;;;
78b1ebf6184fde2fef054fcd94f86a67;;;;;;
e85b7e8a50557f61e7a33a4613100274;;;;;;
98c672681dd669b02ab573200344342d;;;;;;
819d95a66a0260860935615492fd39ec;;;;;;
21e919f0ad1065dc2fc880af791190ee;;;;;;
e25bc25003b02d9e14e23e20ee312371;;;;;;
a93f5f101c9ce7fec7afa50174b3a81a;;;;;;
02d0e9a9283dbc3db319ef4ace0f919a;;;;;;
6252a0fb9a8d31259836d5722b4adfa8;;;;;;
37b0c2513c544e75158dad0e580fabcc;;;;;;
44e749ab2448e026cf9f689d88e370b5;;;;;;
a84eca761a33f9588fbbb80c2572a71b;;;;;;
a63f12e498203c0e1d348e76ec90a515;;;;;;
90864d5a6c1b5022d9e7f51e0b6b3611;;;;;;
16bec42353330e64b030c0f5005260a6;;;;;;
28afaeaeff52edb842177ca3def4649f;;;;;;
69e3016bde34998c3d2244330344035d;;;;;;
a79d9aa32007c4c9e566e3cadd5b0691;;;;;;
25ec90f2bfa2b62a4b8df5ac4d2ade60;;;;;;
4ee1cdbd438ae663983d3b79e68485f8;;;;;;
54b3b9e3c9793daa5640a00761d8311e;;;;;;
bc792d8f2f6a5c18d60ab41439a3eeb9;;;;;;
96dac02ba47efcb8735f94e9fc14ea1c;;;;;;
093ab3a7f74161d366a914dd0837c9b3;;;;;;
b8106888a838bdee76c27136b1b42333;;;;;;
cf9ec505a0bcabcd1a0c0fa908972b22;;;;;;
0d5a351084623ace9864430d15edfe84;;;;;;
a4d862db2975e0a93a32af84e9ecf8c1;;;;;;
e622c85c478e87ab662e7fc079d6d0f1;;;;;;
388a9af0cafa59d9af2dcbc7e4bd3355;;;;;;
876c79bf23f546aef16934bf19601905;;;;;;
ca85571766492bcd7c97f04b4ee0d1d3;;;;;;
55841a383cb657819b8223986316c80e;;;;;;
374df2088215d89bc144b8b116160264;;;;;;
be79523aacbd26736ffb7ec2e2355dd2;;;;;;
2ff40cbe9fe41f874abc907e3a5d8966;;;;;;
f726ed12c172455719c41381c0b9fbf1;;;;;;
29aef3b89bac4bef156ab267798f70f0;;;;;;
4565a50b4827f1a657a6086926c24ebc;;;;;;
a943454dccb00b2a3ab8abe5f8983415;;;;;;
03bb6f3a0e8085ec2b0f5259a0cdb926;;;;;;
5fbf144453dc83b57a39d441d1ebb2f0;;;;;;
65465e8ebe236c630fe3563579407b75;;;;;;
db5b912da254dae54ecbd952ee560c13;;;;;;
ba50a6af16c7a930d7da5de1d1b07431;;;;;;
79157df450d5f61ae9bf496f6f1dcf70;;;;;;
539d5edc47b6bd7724bd76ec483abba4;;;;;;
661e07cf8cc0feaef4d3416b23fb45fd;;;;;;
c9eda8fb1f273f07fd28c795ebbf4a3e;;;;;;
87b14b1b99e3086f542d046e7c9dd9e6;;;;;;
6e96cd245a5f8f7a8aae3271306ee92f;;;;;;
b3292d8538a18495567adb11cbb528f1;;;;;;
1b051d9693e4e79bdb96c71a228d25dd;;;;;;
def3f2fcebd89d650d9a8ddd1535968a;;;;;;
2d3ea96e6ca5f07b03cedeccb1839529;;;;;;
00517e1704bdd1b3b4aeb34df226b7fd;;;;;;
2f22f0f4b462ff1590db4b4f9cc06a61;;;;;;
047194866c0f2594d998aab11e63ae27;;;;;;
76130f0d8fc15002f2113ceec9d58a80;;;;;;
804d8199a32ce0c0ce4b93a0afee612e;;;;;;
46b8cb77b221db4728388561d427c076;;;;;;
9b1bb694be1b0e24b68686c100486245;;;;;;
8e91a4134fe3b5f001c91475f871e806;;;;;;
aaa3257638dc99ab5fd52a94d433f2eb;;;;;;
791d26226a11110fd0af085c176f1505;;;;;;
1b68e8b36b55ff7ea2d211c3c6a47075;;;;;;
9a2178b25acca690aad967bee050c991;;;;;;
a11361a1f6f6ec8b4386b59132e14201;;;;;;
8e234edd826b85ba99f6158780bc4a49;;;;;;
20948b34136a0969dfd5fc2bb2f897f2;;;;;;
c8f8a62ebe386b7252c23cb8d594ace2;;;;;;
9e5286aa61478bdbbf297600ed50abd0;;;;;;
a33c204f6ecce76ad469b365ce22c121;;;;;;
6153707fd7d8c6532c1a924aa0e616ed;;;;;;
81c7ff2c6e3ef8f1693d8e4d86729243;;;;;;
12cd222efa15b4d7bb4793e2fe9d1665;;;;;;
3ddfe598a4b909fb2e11d763b3638210;;;;;;
982a50bb1f7500721d022e7b1f2c17e7;;;;;;
fa6a90d93d005bd46a47c3b94ae7e8d1;;;;;;
b1a30d8bb66a1b986d3c8bec98cc7f23;;;;;;
0722a0102d8d5775bc4e1b230821f2d7;;;;;;
9e8914a94ced2c9a9a91a8f619979d6b;;;;;;
eb8a48c2836e781d3f0fb67d087704b3;;;;;;
f9ee3a932a7b1180d160cdb5a85d52fe;;;;;;
ab5db0d7a07499a5425d713490470f7e;;;;;;
a6eb35516ce0ad0b04f713c6b4e6b90f;;;;;;
9476cd5a374438ada44d0025241903d3;;;;;;
c6e3dc8347caa39fbb9b4ad006ccc5db;;;;;;
d253b9c47126b82b2892957f2cc8b19e;;;;;;
0878b19fd65481a25a0a7a9ff1ca6482;;;;;;
c9eb5d081fc216e0a78338681d3ddd46;;;;;;
5263c29100d4c3aec9bc6a9925aa3ebf;;;;;;
48fbe858859b4680542d070a91b6218e;;;;;;
c4a3b038e7ae0704974281069dc34eb2;;;;;;
cc582f6c05fbaa278ba68b6ab41dc363;;;;;;
2a55b8804745695fb725c6f5657e54db;;;;;;
431894432db4898e92e8b9ac0d0250f6;;;;;;
7c8b398a1bb1160ba1b30b62a5f01c1b;;;;;;
89a8fd683bce737f8d6a816fb03864dd;;;;;;
69820f8705c77993534102a5b02f832a;;;;;;
1f574e54c9efa4731ad161ff37194472;;;;;;
aec12aaff9d287d7e3a9679492a8ccb4;;;;;;
701c612278a9a62abc88dd9167bda913;;;;;;
88f7c3c75cfa3805fb9db76b64df0a32;;;;;;
510c290e574c0858b35c05240c6d8d36;;;;;;
d60566598c121feeb4ec49967e35cba1;;;;;;
2bcad7757058e969693f6458d4575680;;;;;;
d6adf81e8c1baba7e2723050dd291ec2;;;;;;
14da8262564256e0a23655539e897c9e;;;;;;
7e51e45de89fe6342f72e0c6566e610b;;;;;;
787781c2b9a5773fe9aa1c5cf82b2aef;;;;;;
1cd63879bb8bb78aa7dd33f008f8f2c0;;;;;;
7b24a414f01baefa231d59c8e6205bba;;;;;;
33739c091eabe0da95916d4d01e980a3;;;;;;
8ac0c37cad2924c05c295d9c507c76e5;;;;;;
9e83ddc4d4b599d4c82ef05b72de45c4;;;;;;
29769fe06dc501ed751137278d75f10d;;;;;;
59d154fe9ae22618a8a74469f084d4d2;;;;;;
de01341597032c3dd928251d995a61ba;;;;;;
e1a3e35a13fc3ddd79746512247243d9;;;;;;
f7093d8fbc005da6a196832b8afb0c5a;;;;;;
013856b9d34ac3894e3cf4da12ef5fe4;;;;;;
ed3b9cba1a386ba969f9b57126ded993;;;;;;
a9bc750685a7cb8a0f7de5610f5b3050;;;;;;
261c76bce95ff62c582a6b04713d4b02;;;;;;
208a152e5aab071d0f4cb09b38c56aeb;;;;;;
fd319e33ff1d13001dbb7e9ef155bb4c;;;;;;
717461ad6a2413801d82779e5c6a9649;;;;;;
8661a7a75cd84114b12ac58cf5e0662d;;;;;;
93d3d690263ab25c946e5735e4caf4bc;;;;;;
21732dbecc2a561e45977b69edc442b4;;;;;;
705db5111d83c2fa82af14cbb7b5c4bd;;;;;;
1fb0cf27953d0e54112153c627ebf4b3;;;;;;
ea3a4491dd4fece3c5b3ff2c4493c5e6;;;;;;
40bcb54d01e7375376dfc581fa525a36;;;;;;
1e8de6a35d96fec6bd7e1b9d19ff3bee;;;;;;
1a7921369bd3918d7114c3b3d76959a8;;;;;;
87dc6cfb2c61a66b327971e52d6fbe7f;;;;;;
de280172c7aaccf3c1a7a87f93997395;;;;;;
ef192c2bec9e3c3fe1b34a16849bba32;;;;;;
ca5f555333a7d461108704db797056b0;;;;;;
c54cfe920fc6c5c869e3ab459a80a2b1;;;;;;
7c0fae4f9906371449bba062123b4926;;;;;;
96733e742c3b1e5f6cdac2f0e9efc032;;;;;;
f90c3b1474e3cfaf9c89154dbdea56f8;;;;;;
294076f45528350f41d5c565a4b78161;;;;;;
93ace14ba48203eb0689e0c6135c268f;;;;;;
4bf6470b5184004e8b575f5a377d646d;;;;;;
a7eb2c7d098b0bc9995591fbbc2626a6;;;;;;
91e0b3f650b18c9eff9567143c185ef9;;;;;;
5d34557e0c8b19bbc34318bb32678d84;;;;;;
1aca2866416e6c1b3140edb22971968b;;;;;;
0737192e6817c5be50efcc98428b70ca;;;;;;
23249dece80a4b4238d7d29ba6fc03b9;;;;;;
2e480f0af2a231bd9b6fbd15e967cd27;;;;;;
35082b7a86d40340734fb620f73683da;;;;;;
900c6319b6341ffeef196a54e266636e;;;;;;
e8cc0bfddc82b8d2b85b83e1595dcdb1;;;;;;
c569b0b4da419aa9b6289c87d32517ba;;;;;;
3129771653aceb57c398d5445a9361bb;;;;;;
9e9a0eb956ee021df9f1816ea2562dc9;;;;;;
6d76f298dc5db55e044e728448cd258c;;;;;;
05c833b079d98392a8adf4ca829ae3fb;;;;;;
ece5e5a0a01e8e784bf95714264f4e53;;;;;;
4d6a04679a31ea7133997a089c84b042;;;;;;
ee5a54a1971b21839433f7151e639dad;;;;;;
27eb121de29481a9982d25a13cb07ac9;;;;;;
38d38cb14a96961ca9baec9b00ea5696;;;;;;
6223418e6a36fd6ddfcdd4318364ce54;;;;;;
f1c878cec99894b837e4b4a8026b46ad;;;;;;
c0030916176973d383da66ea4a320033;;;;;;
9b149b902cd7a81fbffc1d4f2be8828b;;;;;;
97337e19a9ff1248815458c09902d595;;;;;;
e7fd0f12b2ecdfb9f70fb154868f4477;;;;;;
f36ff5b38c18b4081f212a9e8f54287f;;;;;;
11771a8a5aef04cc9799c54154669165;;;;;;
d995344ad2e69ee637fdef7e569711da;;;;;;
6d22a2109315e8f3903f370015a1de08;;;;;;
953ee8ca2cd7047193341fee3f455957;;;;;;
967241a7dfde3b4d4bcfe0f38f8690cb;;;;;;
11ab34bd6434581ee2e6b1f9cf657e9a;;;;;;
545dc1acc665e16c34b50819a5177754;;;;;;
c991dcdcf3e6eee7c327370a7b0899d3;;;;;;
2262bf7a7dde6590c1d21cd5713ed153;;;;;;
5f91c13a303379bf084b07b810e3e34e;;;;;;
45831dcd591c09da7c29d7fdc2e04808;;;;;;
128bef0843eea415babe9ed06f07d6ec;;;;;;
83223afef1b714a66a5a7913b2d06b1f;;;;;;
4a1cbb375058cec96f67e2e1532d37d7;;;;;;
82f3fa47ad1a8f3eac62057978babd00;;;;;;
5d524e420b6ecafb20915af66e0bf249;;;;;;
1531d4d341130b7483c6338b005d19a8;;;;;;
04375f46011e953a2f40576af9f395ae;;;;;;
f77a600acdc4a588e697dcc92b3694cf;;;;;;
c3df2a1cee25326f5dfdf7f522297c3e;;;;;;
3409be45eec26e4f6e133f8bb74c14e4;;;;;;
83a9a8d142c9cc2f282539ea7341581e;;;;;;
b172dd2fdb427b574d6d83d8c843b0d1;;;;;;
3a31b180e9c36585a1261051dbddf3ea;;;;;;
f6e6338dfa909773aec24e2faac27e26;;;;;;
0f2cb6d0471e92ec2369513d02725a54;;;;;;
ee603067801cc28542a15b8c4a905b1e;;;;;;
9acfb763b455227aaa1c2acfaf5512ab;;;;;;
9c9ebc1b34cb03b9a3de89b505236b78;;;;;;
12676f6a497193fee8721f7867ff1864;;;;;;
c653ac13f0bff7ce56ab9865fccf177b;;;;;;
bfda14b7e49db77c200bb50c61f6b7ae;;;;;;
f05ae7d83f22e8fd46757bcd8bccade2;;;;;;
e1f49936d5c8b74cf99aa5db44a30e16;;;;;;
64896770fa7fd93b39f3ea98be258d2d;;;;;;
d81a6efc65131ad2b5494b8695322005;;;;;;
c4a01504857d72f4343fccf8754a2e0e;;;;;;
993c991753f8f4bd1e1eba9b6acfc4dc;;;;;;
c9038762ee2a2b54b69c96d6473b6c15;;;;;;
4447893ebba192b780cbd6b0e89513fa;;;;;;
4781c88117fb6744486d82e32ba9369a;;;;;;
6b2f63975361da4c76424f2a91299cc4;;;;;;
08c6fb808b427cefba9db887552b771a;;;;;;
b86826a60623128e9351f6186e0ba764;;;;;;
ea11e17aa6dbf569474faf04578e9457;;;;;;
b99abc085bc079dcd5f702d2afa84b5f;;;;;;
2b7cef3d31dcfa8d877107a39a99f6d3;;;;;;
f45e8f7757cc1e4a1a365f6614a27d17;;;;;;
14f677bb7f8e47bce0273009d9f9ecce;;;;;;
0445881a9aab92cb362540776997efcd;;;;;;
f5be3a95f14d74e5251ffd420061bd22;;;;;;
b30d7f691ff445c14625589987ede658;;;;;;
61196fa93ba698405be1ad434888f13f;;;;;;
4611c3ba0ad7797aaee7551aff3ed3ed;;;;;;
4a79ecd1877516d178ab9e65dcc2c6cf;;;;;;
07a994866c492db8d8e17d81cc4b4f40;;;;;;
b7a1d5617269397329dcb09958b4a7c3;;;;;;
df50595b5b26aaf8ec6b657b8e0b8c36;;;;;;
f004921d72cb463d098a0931d5c6e016;;;;;;
9d8e7e2444b0d9d998773ed794db7fd4;;;;;;
9e1b7078bc3b64ac72f729ecc3fe268f;;;;;;
b4b6c0c4b25b980d843b97d394f2aeb2;;;;;;
7ab265e724436c1d95a86fa7a8177da6;;;;;;
648b5e313e9e52d49c3c7672e2a1d0b1;;;;;;
f7b80a29e58156c16acfcddddda399a6;;;;;;
bc210ec9e495745ba91e1d1fad55fd92;;;;;;
1f238240912270c3e2be853a995fb9e4;;;;;;
170524b42938bf97b2280771e9a2a72f;;;;;;
832586aad912032d7f93c09565309c0b;;;;;;
1be05331001d0793bbc06c2b4d94adcf;;;;;;
5b1d5900704be939c896211c1a54dfdd;;;;;;
760232bf8dc2bee81da9cd213930adc6;;;;;;
62bd5d2163ae078fd86f76de03496eda;;;;;;
5f526b0ef2fab4342392b5cbc042a05e;;;;;;
e6a8a007a5a039f187476804bfcfb3cb;;;;;;
bac7ff310e193a45cd521695fd50345e;;;;;;
6ebcef922e346c4a7973774b1af99554;;;;;;
3c6a4b2487a53170a90da68adb57e024;;;;;;
5587bae5513b16e86666d6c372a15062;;;;;;
0072a747cb9b6b2d60c63a0d65635069;;;;;;
c6251766e6aebabac7e8df8fb9e1b376;;;;;;
a3a541eb11e795a79e08d7d5d586a0a0;;;;;;
3aeae70bf6722b89ef506e31fce2b9ce;;;;;;
f19b9afc28a824d74a6ddc4ed3938242;;;;;;
56b98d134ad2120d34a0177c8932a26d;;;;;;
b74ab37f6a6cd85176aa66bfe6c3c0ac;;;;;;
d1d9de9bce9a7ef1f9183da8f54de727;;;;;;
a2f25ed0efae541ebf5f06838a2ce487;;;;;;
cf6f510d6038ff42208fcebcb31d0c35;;;;;;
82b52af7d3de92d567896b6aa594936b;;;;;;
529307ff35b749c12a430ea95bf19554;;;;;;
a5ab25b78f0f049b7c0f242725895fb0;;;;;;
457f3e356675d5c4e082f14355f24f51;;;;;;
7a46370bc9db7cdb017f4a8a59884077;;;;;;
7abefe13aacdedaacc6156ab4aaf28cb;;;;;;
90f57f55108f87a0e3e3a6b903436004;;;;;;
51c1a801be1727162dee9072e2358806;;;;;;
111a7df6d6882da71578d33a9f30e2f8;;;;;;
a439fde46fc81956647aff60858bf332;;;;;;
1c806cc9272f818aa411d0c16ce8df20;;;;;;
8c0dc8c60c78ca5571fc001d0bbc45b4;;;;;;
c633bb7e3de199ff25c8dbe749ffb9d7;;;;;;
fa5fcfae7c8119731d6d4ade05d00439;;;;;;
1cc9f82765cb0c6d00bfb0d04c0790b5;;;;;;
739be7de6b3c70a5fbcbdca63ba557fb;;;;;;
2e7b5665fa22a2a54ae3f3ec4c975bb3;;;;;;
2fb11c7ae84b688e42f2f04a9323df50;;;;;;
a136577bf18e3ae52702d104f9a56ec5;;;;;;
3cd165d4c4dbb8e6e18d48374e9a9f86;;;;;;
4a54c2cdcb4b347faa52483dfbee20ad;;;;;;
3ed7406062ecdd69338cdb27129b6819;;;;;;
792a858c7b3b67df9af9c47897bb25df;;;;;;
96b8f23def25a96b90e3ac4a4fc26112;;;;;;
876317bf2784e1f377f7dc69469adb87;;;;;;
2f4762506319fc2ad5336a5816a2194e;;;;;;
2114fe85fcc04445e6ec82e618aaa162;;;;;;
8f970a4419595031df3df75f4f502859;;;;;;
56a8792e5820a97ef90ff8232663066b;;;;;;
30942c775e4730405d0406870aff7ec3;;;;;;
3a777cf2d7c8755db059bc4192e3f23d;;;;;;
f487939d2f4bd02660f182c204c5f62b;;;;;;
261f90c5dc8850acf3a2770cbd6426b5;;;;;;
d0a509db2e5b7c587b19ff896fae421b;;;;;;
6ff4a4bdf738666bdd6b42aacd51a360;;;;;;
bf7d09c385a8e49fa0a761862d12354e;;;;;;
7a49a683274afd8938a4b933a8d7d4e3;;;;;;
61b811f1c81e06cd4441df2462e5ff9a;;;;;;
55250ebdc5d03e7d24a8cc835506a3a7;;;;;;
1c4798a347ab280970369855c929dacf;;;;;;
6f53adc200127056cec3d25d9c5c5c1c;;;;;;
e421396b1d1db8454d37b54d4152754b;;;;;;
6c6e4c35dd09e8d87d9c925540e5c628;;;;;;
ed6dd4236e8048bdd33a13e90c087c17;;;;;;
03c7018dc6cbf96980510b515b40bb12;;;;;;
bc9a394bb0f1778c3cc4e368100b4ad6;;;;;;
137a97b3691b7ae4c19eefee7d9cde22;;;;;;
bf26fa6d6d52655c9f9974d91cfa1006;;;;;;
9981e2d1103c28f86bc84a6a479b417f;;;;;;
3abe5ad9266131e290d98fed7d77d133;;;;;;
64da1ae0ba6feaafff2cb6f7dc2d469d;;;;;;
e97bb5fbb6e0aab41ef39492baffab31;;;;;;
b17605e1846d777ecb66f617537c4d79;;;;;;
f8df4419754065bd4d46981aa8882ebf;;;;;;
5db1b6c6fee4f7b6ca3f040d9eb191e0;;;;;;
ac9da51afdd68c5166d24c921b770cb7;;;;;;
9358dccb130ee6688dfc0a9a78997288;;;;;;
1ead94b773770ea04bf87434407baa03;;;;;;
1ba5387b85e56c680f9e562521301d81;;;;;;
170bd8a85dc3e869767de0935845db77;;;;;;
d0686f919a76a28ff3ebce1b67808fb6;;;;;;
b90105031f9d662c45fe9bdcfca2d584;;;;;;
1d5fdf9331a4cb5cc21a0bb6b7415748;;;;;;
5807c119d43b27388dd6ed55f253648a;;;;;;
c2d5ce0c72f8c1282d3b90e4fe979938;;;;;;
fa14111f9e78cc638a0a8b37f6ee445f;;;;;;
106bacc23f80dec499f7434bfb45e39f;;;;;;
c866173078d1580d966b6ca762adcea7;;;;;;
027636261f3f289082f8e96b02a194b7;;;;;;
0dae67e095d447a50b29cd7d7eee9e32;;;;;;
8bed8fbbd1a6b17943fafa7ab594fcd8;;;;;;
ce37d672dcf2bc037fb80a6288112b32;;;;;;
7e6e560c45ae8cd7f0a0e9ae914d3475;;;;;;
2af47d5a9fc0beb61d9b9d0edab149b6;;;;;;
3f2dd54fcf73775e6a30c364fa9ee37c;;;;;;
d947e3a5bfcc69046f5d419560522951;;;;;;
8f65c3b76667ddb5c65b919b9e7a1d12;;;;;;
743adda39294d9283a6b58b1a3a4f80a;;;;;;
6cad60014cfa9af2f403abdfd57abe96;;;;;;
d2dc90f614240a488b2e91f6787eeafe;;;;;;
35d381d63b375f29e8616ad0a1475507;;;;;;
3de1969570bcdb14f1963e11bf16d463;;;;;;
de7d3088c1869a5973733403f730dfd9;;;;;;
481d7ebea14bbd3491db0a3ac2b72c3d;;;;;;
adc8566d91b530161867fd063fed98c1;;;;;;
85eed5317d4c471dd0a9c5adcf3c4010;;;;;;
2f0da1fd890fc79009b86f680e29b259;;;;;;
498590bffdb72445290ede678183cd73;;;;;;
2b64ed21cff1560fa1792d55a7a232b2;;;;;;
6bea915ea702ad467d5a88614e39c9b3;;;;;;
044722bbee53008d297331b1e25d47d9;;;;;;
6ecf4d36a82982d27b1998705e0f10dc;;;;;;
6af75c158ea740b6a3a75d94e32da745;;;;;;
2e6f93085ef651c30f1a35c87214b5cf;;;;;;
06f086b55f671365c1ade8a0fa64a853;;;;;;
10e25d5ef25c02aec4bd419b980ef761;;;;;;
535e8b3a0be9154511a866c13ee82674;;;;;;
0bef6e55e418ea1af64f50d824068696;;;;;;
124104b465f8cd4d7322312e40740387;;;;;;
f6e98b5da680397571a984b5c19e7f7a;;;;;;
caf8919d6542e903c5804d0d674d9c54;;;;;;
71a1e439d378e569014ac94f14e68946;;;;;;
04d6127d1401813b3280fff6d3de7809;;;;;;
2734f79588163eb2cfafffdb9ad3c2f4;;;;;;
2efa9551597d15b9024ccc1613553100;;;;;;
e811ef6577e9582cb7837fc6a4790c6d;;;;;;
3862eb391f63dd101486b6239f65838a;;;;;;
3d0e98f46074e6a6b92a3e2a49c6b2d3;;;;;;
633e5674b2a8b8bb045033f9869a0619;;;;;;
52d53184c67d08a761ccb551af7b5e05;;;;;;
dabd9587d70402d3d33b73c5b5d75985;;;;;;
c1fe10a5e689b057a29caa8efb3925d5;;;;;;
7ab12b631c17b323922b0d6dd355e6a2;;;;;;
41a25da1d3844e3660d1d5b00599f7cd;;;;;;
29a9701ac780e7a24db31a847f10bd51;;;;;;
eb1f6716f323e98d40072afdc85a7379;;;;;;
0fe691fae1d091412bd8fbe79e9dbf62;;;;;;
52c8eea5d60621263c00cca9eb4d8142;;;;;;
d15c65525d4a2874fcd38a6388f36adb;;;;;;
0b33f7acd299ddb667472de82d836c4b;;;;;;
e2f45900fd2c985f1c3f68e3ee9c1db6;;;;;;
6876fc73ee80a12d1035e090b1afdde0;;;;;;
b9292855dfa478c35450680544571c1c;;;;;;
6a9ceac518f12e373fd32f7ee334e0c7;;;;;;
112d0babba963433ad56a2b0991a90ec;;;;;;
e66e8fb56c216c0a1029d184c62ad533;;;;;;
412068e532a40bffc43427e8b117b67b;;;;;;
91a536789ce184c35b96ef05ff88b44e;;;;;;
9b00c92025da7afcd8c017a98bc54ae1;;;;;;
d35c1213c4cccdcecc72205848adaba6;;;;;;
d0c6c5f38dafcb6200eef73a7aacd910;;;;;;
29a391b5df84a6067b0361d5918b3b92;;;;;;
684324f09fb794d69c02320f96175814;;;;;;
425317b0d37fc93b55d435ad279b91d2;;;;;;
4e8bbdd9231db48c22b56794d9684f5c;;;;;;
1f191c7148ac33d0a1c1c10299485547;;;;;;
6a5a559588ff73a5af056bec1a285855;;;;;;
84d1610acb73059e182ad53a90c37ef4;;;;;;
93f70ae60492cc24c64fe4ab734ad510;;;;;;
b0f6c448afcf0f83f2cae91e35b5328b;;;;;;
a248d4b2f4314bd98af481978fa0eaa1;;;;;;
9df8a96a34729a7bf9b303a6965052a0;;;;;;
ccd151308462dc92ffa408422f9bd754;;;;;;
86194d8edc160caabe95753bf86f0d43;;;;;;
a4aedf44a163805dcddbc7f67f27b914;;;;;;
9bb346fcde6b4f04ec033feb69be9a14;;;;;;
f7de5e4ad1fe6e5ce44f073e81c69950;;;;;;
91c321aa355118443d28106c12ec4cc5;;;;;;
eab234cacb8393542ef3836cb529636c;;;;;;
8a5bc5fdb3121d561b858c8048086d43;;;;;;
4ec7163b1b9b73a56590f4e4525c6985;;;;;;
6c8cbb5c785f18fe718ebd0004768d88;;;;;;
2d40303978b62f69cec6254ef961081e;;;;;;
d5b4c866aedf0d2e2107fe437c296955;;;;;;
b0852d4286610ee3174de2f5cdb72109;;;;;;
3a77ff5b9d7348d7e4376f1c29a8144f;;;;;;
692c1992b5ef84ef20ba786d765cc9c7;;;;;;
81e48725885f5d66b1f42ad672ebb661;;;;;;
fcf208d53897f90cc995d3260136c793;;;;;;
bbc4362966505c38d9beaee84de675b5;;;;;;
173aa452bc9fa9c83e832c365d54276c;;;;;;
1bdad412eb88c6006e6319eacbdf21dc;;;;;;
bbdafe1530680d0ab29de546e278b176;;;;;;
d38f43c1e1b6c56afb2cab065e48a9f4;;;;;;
b2c8b9e893c3b4e648b908fe8df500d5;;;;;;
d8c4df8ff677cf1cc8101f7bccb38f34;;;;;;
b34bc2b469312c97d13233eea2cbadcb;;;;;;
77e17dc66aedf6a1934b9b28b8ae7dc5;;;;;;
a82fce3ed5fae643d1ee71ca4358356c;;;;;;
f9fd3803b7265cbd011d4970b57738dd;;;;;;
dbd970f212ee6856406a7a8c45e59269;;;;;;
a8182be738f164c1cf1eb123502a8292;;;;;;
a32d9d18ceb9a79af6ed632ef7460a0a;;;;;;
15879c097ab8aaa6b8faac31d6dc1424;;;;;;
46a0b8d50cb1bb98b518f488e89a681c;;;;;;
52bae4a9265a307d6d9272d52118b084;;;;;;
1befdc51776adb541f287c2189ea0c92;;;;;;
1896fd938ba92816ad4fa93f56e8ef43;;;;;;
3059b037fcd8a3d2cad2f1a345e3a74c;;;;;;
d285a7629e69a117c6c75f45d1fd01dd;;;;;;
41b4ca98adf512e7e363fd746e9b4d5c;;;;;;
848119c25bc9241c9f904aa137bc7881;;;;;;
21b9ef6f0b4b7373f4b8d3fdf0422ff6;;;;;;
3e14a4a3b8566990382d2fde04d63563;;;;;;
126a95ae84c0e3daf3f1098d4f282732;;;;;;
34f046e7012cae52979fe7e8737a64b4;;;;;;
7ed6c90542d357adc63dcdd6b5d616d7;;;;;;
806d3cb3259c29fa623de6ab1b8ee4a4;;;;;;
cdb9a181c907181058b75122197da0cb;;;;;;
04473c9c2a385fe3d69d35c7e66b5c02;;;;;;
0f8c37c3aba82d0735b9547dd7abc9cc;;;;;;
3249480b8ce1b91f57b790e08688160c;;;;;;
7efc2a98cf4548047a25df75be35c060;;;;;;
5da0a250035685bf6b7eb07fc6eb4dab;;;;;;
be49836e54921ca2e8a76ee96adf276e;;;;;;
fc7843677faceb9d0762b5e7121bca50;;;;;;
6f032157d38859cf417dd23b79987d4f;;;;;;
35bdf33556319c0ce3592379e2a981f6;;;;;;
47309cb6d168982ec1fb5de6387c919f;;;;;;
c8f4929625da703f7beacc93f59aa4aa;;;;;;
b5e02d3b8d9f94df61bb420989163606;;;;;;
78ae3d5adc9d91dde2d2bc5547ddd795;;;;;;
51e257b20f9ee2dbdf959cc8acfaa211;;;;;;
146688687d7afa894031f49a9f0dcf41;;;;;;
a7983ff73adfb5da6eb1a53c53dc379c;;;;;;
bc8ed5eb644c95504ed4ce585239746b;;;;;;
7eae9ff6918fe83fd25d34acb8eace3f;;;;;;
3b76f79fccdb941f78b40055a3dfa20a;;;;;;
49a2fce3b0444002d106b068b19df0d4;;;;;;
b7a713ba65c7d82fbb54d95a987e0700;;;;;;
314133a177a6c5ec92540f7504e63fcf;;;;;;
dbd42ef5895ed1434b0aa7029a4ecc39;;;;;;
9882c1e05b3297357fbb0423dcd22514;;;;;;
6d72bb32d496274a34a9e027f499135c;;;;;;
8db449152669bce702c7435479a8a982;;;;;;
53facf20970e0e342b66f76b1af4d885;;;;;;
a4ef21def1824109a1ca7e143272606c;;;;;;
6dd0a5aea08bb3f79fe6db8c5fc852e2;;;;;;
31b7cc078e6e40aa5420b8d298ece1cc;;;;;;
91f2ddf3dae119fd3b4193d310502d06;;;;;;
1df609fcd3d7490863f429126149c60f;;;;;;
35e453cb42ab34853ba6cda32c47caa9;;;;;;
5111fd9a1a2d1e32588b31e06323b072;;;;;;
0853620cb056d49b7df5a54387df80c8;;;;;;
8ddd34f757b52c390ce37b1c7f1193e3;;;;;;
488b5c296e25412c1774938ed2eeb112;;;;;;
8f1ca501ae5a21afe341df7d536be265;;;;;;
0cc8173999efe332a4106b8c0af6942d;;;;;;
6ae2f0572b6b07fac2e9c21b4db454cf;;;;;;
dcf0b454c92d4d67566bc56f9332b814;;;;;;
319b2c6ad405562899664143449b513e;;;;;;
191eab4e25918c13f7de67d7ece6a8a7;;;;;;
852a24c64d1a171fc043175c09fa6c14;;;;;;
6886c5ad4e9f8c556e5fc412282134fd;;;;;;
a9b29ab530c55148733106779891c0e8;;;;;;
bba7f92dbf2bc23a2a8924f845729e50;;;;;;
26053ae9597ec0383f045cedf34246d4;;;;;;
34838d1fb7415015434463532e4aa19d;;;;;;
4830534dc3d95d07f81c1c0f29c22174;;;;;;
95dd68e317abd6db45204697c230fbc3;;;;;;
54c8f3d79b96852de37a263577c2b794;;;;;;
351e32d23d949fff40c0bdebe180ff98;;;;;;
2645cb565316b79a77464d1caa76433a;;;;;;
f14b8e39594ecaee261125476becaa0c;;;;;;
43092ec7db0a78d0ca4d9eec8a374cd0;;;;;;
20b41f78a4a6bfdc21f9024ae31e6d0e;;;;;;
44927dacd47d2f8557352c7f16f65930;;;;;;
a31ac81dd0bfe060992ee71afabe1292;;;;;;
d9cb0ce0e8b377c87fdbbd33ea71210d;;;;;;
ba48896a64e0906efc7bb18b2b52bfcd;;;;;;
4e83761bf1234511492015c1f3c946df;;;;;;
3d423dac207bbfc6e63ead76f895e5bb;;;;;;
05a88c930b54b062dfa2569cf90402c6;;;;;;
74aa7b6a33298050a29542dc06d75864;;;;;;
6db7e8f2bdbe3907b36bb9a46dbb07f9;;;;;;
18c11880555b74c9a58f5a0d168556d4;;;;;;
77464b2eef717a11acb40a8fc39ec05c;;;;;;
03939df929e348c11d5efc84d7b1d6ec;;;;;;
6fafc539746a1a976cd1584d8dbb1951;;;;;;
e3be4a4b444e673fe0302554e51b7f5f;;;;;;
0ee7efb962828d44efe9a6787d226412;;;;;;
1e1970e1a2432378d8fb8847499bd352;;;;;;
a985965a4429257ef1308bdd1fcf0d00;;;;;;
a37fcb9ca843120bd4a02f9a056cb245;;;;;;
303c8a8564c11f0a218896337d02c4c4;;;;;;
27ee1b82091e8e94ba4e742d9fef0c79;;;;;;
57e6a286a42a7e039ab9245fc96fc5c5;;;;;;
7ac3650d5ac654d7de1800a5451b4c02;;;;;;
d07e41526409116a2f2d6ae32d844822;;;;;;
ce10b241a4a1b88bcf5dc68fe516383d;;;;;;
8404d3976b39c66cd7589e96f30ba331;;;;;;
a848a9459434bf3f4698e4fa7379da39;;;;;;
b80c5f218211608a682356d4aec324b7;;;;;;
4c1b790c33f8e360a6d0d38d4298f086;;;;;;
d84c8b07cd846e1d4e730d5040eedb7a;;;;;;
fb7c40be7e0e0367fcdb77e0cf20e56f;;;;;;
1ffdf662ff84ce4b566996533cb81469;;;;;;
6f9284e5a53f1f07c165afca27f6eeaf;;;;;;
867a982368952d0a13c4f2e9e0b74ca4;;;;;;
1614909f496f32dac022dde790112480;;;;;;
12654725e858c9eefe7fc45a813f3506;;;;;;
430a70fe47eb096eaeb9a0e0835df9f2;;;;;;
6e727e20c1c55ac2e09f3ca5ea9ae638;;;;;;
1efb3d5a438b557aa2b813ec4b935b37;;;;;;
a29f9e5b613ecb4d62761be611f1c7ff;;;;;;
468bf0bb578c9c7cb291c5e9adbff025;;;;;;
da4bae058c3a077631a7207e248b4858;;;;;;
94a7f853f131dabbe21811450be66b48;;;;;;
69c5308f72bb6510a4bcdde49f436b69;;;;;;
67c29f09b2dd407d59d360daaca0b6a8;;;;;;
5f1cb80fc9521dc3e6f2cbd54ad20788;;;;;;
70c5e50274a32778ce422d0e8edb60e3;;;;;;
8d208c80fb751d343eed2f5431cb9f89;;;;;;
c337bf636c878ea32e2527710891c3a2;;;;;;
ba3edaf7b7821e4d9cd663ccfd59fb99;;;;;;
8366d65fc32224b4cd614c43992973c1;;;;;;
429960f7d800d8c42e216f07c8d15ead;;;;;;
79780043cab87154599cef5eb5efbdd1;;;;;;
043e219f999955e99cc94010c9c9173e;;;;;;
00d25d314fd80302f4a72ff24e4e52ff;;;;;;
6da10834128abe62da48f6576db44a86;;;;;;
80e75c23ada997f4c49656e8fe651814;;;;;;
6d29713cb56ef74026ac9c9382f0a1f7;;;;;;
53d3f9e6b575c5d8060c1de4e341411a;;;;;;
e3d64c6891df3aa2429d0a977039b256;;;;;;
a03db54c3e70c0b44309fe8f029534e6;;;;;;
26eceedd0bd2c7a829e07004e858c279;;;;;;
8458768fda316c91a295437bb0229626;;;;;;
41d534c160862d26d411cce882cd33e0;;;;;;
b21bd7b1a31ccb69a4fa8a64e3444ef6;;;;;;
a7267c9c035ba687e25730d4ef9bac02;;;;;;
5e52ff6a1cc4d7807e1f93ec49d52888;;;;;;
867bf939569d883a0d16c30e74f03b64;;;;;;
81e4c055f6337823e010658f82048d45;;;;;;
2bb9320f5115e94e1de43b5654b74d51;;;;;;
79eb0b7b0e7bb28dd14e5e4410a56008;;;;;;
f29985314810df5149ba930474885402;;;;;;
f9ccc3edd2141ac43b3943f5725d1d9b;;;;;;
59b291df1f1b8995a52b27b7edfa93d3;;;;;;
311b0bcde002ac8f91f4283696824a79;;;;;;
7520b24f09cece2071da4d3f1cb42d57;;;;;;
c42b8b4499696d140939f5b6f6eccf35;;;;;;
21df6fce2619b4aa8a30494459e09360;;;;;;
0b26d762bbe9ec88b8941dfa0212cfd3;;;;;;
400e567d9f811c38265aa73d24f8f4f4;;;;;;
3f8f5cdb388be270238e53743b17cf2b;;;;;;
2465697121b4cf2a51652c13a4f5b4d2;;;;;;
a902416de6bdd8955993d23792ab047e;;;;;;
1b11d7fe772bc0c7a7f6ad75f2ae87ca;;;;;;
67b4e54b1ecd7da913c39dde162fc0bf;;;;;;
093bb4f60ad28f3b2ef08556607915f6;;;;;;
29f850b68499f4793c533733eb753106;;;;;;
d4de011ddf7c4068cf442f764da392fc;;;;;;
bcc7b721969bb35af017847ff4ce73ea;;;;;;
016401f24569644cad679f840902842e;;;;;;
d7d2fc76ada0b196de7606830c55dca3;;;;;;
0279a2ec0265b4a08978e470cfae13c4;;;;;;
f4569ab816946402fe4af73101f010ed;;;;;;
b268b5e8d704e6112dfe4f7753917e5a;;;;;;
11620de726bcfd1ca03af7815a4932dd;;;;;;
095803f5bc5f1089a7b3e36f91d7cd53;;;;;;
cf9d15de8888c5091d1c81c3fa55957d;;;;;;
2d2bc69141eb4211431692a101594cb0;;;;;;
175e25242969aa36f24310c76cc43617;;;;;;
f7751ccbca27c43aed5f2ce4982c8c2e;;;;;;
e94346d41a61d63c6281c0a7ffcc8103;;;;;;
f1f29f7ba82146d0ae914a0214582528;;;;;;
41661f9d03465705d60744fd31eccc3b;;;;;;
3e6b8cdc313bb9b4a6b45bda7601aab4;;;;;;
9629869b3bb89d5e694bf7d55c367969;;;;;;
c07f5582d2d9b9cc5484a88d72037083;;;;;;
665f3c087ba1de583123ba4937840c78;;;;;;
09d1673ab41159aed41b5f0e9f5e2173;;;;;;
750e5606d01c304b5c7b9204152b43fe;;;;;;
85f4eacad40f785316989ac2feb1819a;;;;;;
e5b87c50b706dfbb9c103beaef244ba6;;;;;;
91643cf5f23248ebf7fa90576feb6475;;;;;;
80ff21f81e7d14c0f936bb6c8261e489;;;;;;
9e776f724bbeccf483673b4f32f4c6af;;;;;;
acd731cf66a1727d7c3aa656ad95df5a;;;;;;
cf88ba78dc06c481f11ed3efc1d18b64;;;;;;
b8565aafbbcd3b0c2a1d00e243b9c454;;;;;;
bbdd88a4ffabee54c03f1792136306f7;;;;;;
8495553229bb509dc18bb8d9a3fc7e72;;;;;;
29b167cd84dfd415b6273e7861c910b8;;;;;;
398fdfe1f2c436cd790d477ec99d3477;;;;;;
bb587acfa533f1b3c06099a7a733a751;;;;;;
6799df761827ad901e612a0d8d0b88f0;;;;;;
3a9df4f0c5859d5646f96ab5c258e18c;;;;;;
ebe8f14407cb1ec36d934fb23b9e5223;;;;;;
d0b41cf355829a01d7b299c666320ae3;;;;;;
75c8b226e094510291ff55d7211f6cf2;;;;;;
c55ac18a89e26bdcee898838d43545ec;;;;;;
859f0b01de659d20058ce3f9e247f3b8;;;;;;
e72e87e4a0e9f7249f9dfd23b961e341;;;;;;
f0def1160ef3e90bed680e2cd9824257;;;;;;
3e588371601fb9ae053452212b452c9e;;;;;;
ddabc6bbec99576a73b3dc5ad631d248;;;;;;
04219cd5aa0f7cdff53212f35762947e;;;;;;
307c759dd7c2be68ae434f60e36a9c08;;;;;;
e8d752503ac807f54da409e620865409;;;;;;
37d30e1773560dd7d43ba563a87f9f1d;;;;;;
79461e58fe380740af95ffe714a47330;;;;;;
cc4a73ed5b263d857c67a02b6a035f2b;;;;;;
ee48f101f993072d1b12d084446e607c;;;;;;
1d8979953d1eb377e094ad8871c73054;;;;;;
d4164d694fd8a2bfa639ea587c173cf5;;;;;;
45d4f5fea9600f3884783c04f56cb919;;;;;;
0a5d4a269e8569d089971bff285e6433;;;;;;
0882f51c8760c57f851fe458d7ea0580;;;;;;
12e6a62490b5b2ef1a5dc38d58742842;;;;;;
408f11d7ae34ef968d7efc753e96b4e3;;;;;;
264535414fff5844a45a7991b1d21989;;;;;;
326f84862115cdb1fad00e388659f2ec;;;;;;
5b084a78497901e7df605e1680b3ab95;;;;;;
9861b2931fea09fa9f4e42701d768b49;;;;;;
ef3f700485678bbac392c1be619ea345;;;;;;
91dc64ac5e06e8d3fb05b5c18d9e5fe8;;;;;;
3f2a74df3d953955b6bfcc9506ab6d09;;;;;;
0399b98db4075db0e23a9310b5441449;;;;;;
c2610bc1fcfe6ca14da67364436042e3;;;;;;
887f399770000177b21bdb32f137354a;;;;;;
085da12094248cefd8bf2669615e54c1;;;;;;
e8079979809d628e8c832aa48f9d8488;;;;;;
cbbf223d06dad755c28b9198cf283f05;;;;;;
1697baaff39fc58c652584831ba2f7b5;;;;;;
e3550a950d8305614bb6df99b9e31416;;;;;;
a24c19b455df96006675656eacd4e7ff;;;;;;
9becd228cb74a5a0e2ece183ffb03ef6;;;;;;
0bd0379ca4da301c160535a1f04dda1e;;;;;;
df028aceec02b9cd24fea47426105957;;;;;;
1a14792cb2aa8f557e3c814cad06885c;;;;;;
fc982bafdce3c5dddd474b93997a1a4d;;;;;;
df3ac33cb633f9ee42d7e8f3c39386e4;;;;;;
82d93bd2f48c1411e644cd096416a6bd;;;;;;
8e552660635179487ad972dbb5b24b50;;;;;;
800c714ae96cd9a6b6ae516826a79e80;;;;;;
4ce5a65bf782ee6807d0bd4bd6e71bc9;;;;;;
47d054680dcf4fc8e5bf94b2919b2782;;;;;;
a06def0e75c59d115f267fef9cb04e0e;;;;;;
802648653176a74dd644e1504dc6bef8;;;;;;
dbde9f784e0b790c189a6c71b24b425c;;;;;;
d2ee182c397e1ac3cecd58bdd56485c5;;;;;;
79b006a9f1bfb8f94d2fe95139a17da6;;;;;;
6772383834024d3af0278dd29a6a701d;;;;;;
d955e89055b6832cdc7dfe599bdc36b5;;;;;;
c18d4aaabe27511518327d316f4396bd;;;;;;
6d31f4e15fcf678ee402d330a96195bf;;;;;;
85a8d759c21f108b20190e3e576c398f;;;;;;
4cb6f7921a02aa0b6e6298d1541c805d;;;;;;
0ef0bc7c4686fbb1ee494a6a16b0e57c;;;;;;
05befc0d2793043f5b820a340cd1d595;;;;;;
6d0682b5a90c5465a3574339a309f80d;;;;;;
ff5e88f24cb429d4ad6c94012d5b41db;;;;;;
ac8a419792cbb6603570f9e140093b8a;;;;;;
321eb0b84597a7fec98a753b29302ae8;;;;;;
29dec5bbb139839a8e70106114c6dca3;;;;;;
0a5c5302471b08872389742a41317798;;;;;;
61a83c9204e4f574d32ec97a5e67dec7;;;;;;
b0a62e08e909aab653b16274c94cde05;;;;;;
121426b03c8da0ce5d2974a3d18a3084;;;;;;
eb747ea9ca8331ed8da583632392849e;;;;;;
c17f3a8eb45ddc6cc7e524f8679e2284;;;;;;
36752d718c6f2e353f3a4bd9616546ca;;;;;;
8e28e5e4b6b8900c0bc7978f4e1b4ae1;;;;;;
780c8d4715ab6024c74f4cd5eaae03d2;;;;;;
9e2a89e7c9f1b250abeae2f462b03090;;;;;;
a456a3aaa313fa9007af6ea1ad31be8b;;;;;;
4c14f07fc0836308aa4e35906f636915;;;;;;
c57eaaec3890471865215e6dada27a9e;;;;;;
b9d03191e49e6df38027da059f83f36e;;;;;;
5d329eff9ac466008fe3199168c85029;;;;;;
daea16f0c5663c06a647da6c4fabe4fc;;;;;;
2afbde7605f30608b5ff97af9e9b4de3;;;;;;
9a265152cf63054b2bcbc61657d86f6e;;;;;;
46a18443b5432916bd38dde488d9d0c8;;;;;;
16c2bd366a98ef7fe4af7c2134de841b;;;;;;
ad34bb5ba91d02dac06c940abd4fa890;;;;;;
0eeda3116fab501038a900ed453bcce1;;;;;;
6b6fcbb3fb4ea68f589ce5d04d23df80;;;;;;
fd688362a19369364b9dfa33224b909f;;;;;;
a35c8ce5ce04fd80e2d7a2ff620bc652;;;;;;
76876862f44d91d4ba9022c9013ff329;;;;;;
646940dedd7ec3a37ddf0db84d718b63;;;;;;
362e32c3654eea6176db247b17558f2e;;;;;;
0f36634ac03647730e329246484273d2;;;;;;
bf001c327a0df72f5b12a9e3813ebbbe;;;;;;
a1eb105739f2ec349d98c4f5ce8fd33c;;;;;;
aef2ff192ad7f1f715816c9ea838e5ce;;;;;;
3f2c273460b0a5e47a26e29a43270fae;;;;;;
dde01516182c329c7d31ad9f651879af;;;;;;
6fc5ee7a706af50c8fa7a97bcced22f9;;;;;;
f7ea98698ab14590315a7b04eca3ec19;;;;;;
90d7e61d30dabce8a53bdda7f69e6312;;;;;;
bf01c8561f983e5baec921b53fbf8eb5;;;;;;
a5035538dfc6214eb0f91848f810f78e;;;;;;
22201240bb854048f999c0aab05e844a;;;;;;
b42e3f93dc92537a57a26285ea984ad8;;;;;;
d44909da58a863edff55812e0ab53c27;;;;;;
adeabf2aa6bad5a920220fb0fdcd8089;;;;;;
458d5edd4507cb279e2d0e7a8ed6b834;;;;;;
a0b06f11c85ef81c59ade0bffea4c858;;;;;;
b3ddf9fd037d5f3951bbd7683aebf1c9;;;;;;
d685179d6c5c94389b44ab3745689a52;;;;;;
e00604eb751f2a5a7aa4b196ae320cfb;;;;;;
0bafbfbfae4186b4b3bc08f695c73c98;;;;;;
b46a4ba71b43c09374f18dfd471af63e;;;;;;
710e718499d4c62d4ed4c0f3554b0657;;;;;;
00092f4f2e295681894fd02259174bc8;;;;;;
c8244fdd7dcfb124ec9d40add89ff87e;;;;;;
73808e09ca50d2b298f173bd3178e029;;;;;;
03256c23126873ba534aabdb186b8e4a;;;;;;
f9ae3d18ed9e4b24266f51bb520993d6;;;;;;
9f239072999786c45573b25cab01ae41;;;;;;
80f5d0cf5c8c08b62a3723dbeebbec00;;;;;;
13bf39d2cb8e1033dfe37ee7a39e8554;;;;;;
f755e3cc438d5d4293e587c6431b056e;;;;;;
28d3b56d5c7086bfd9b5ea5c37ae2a6a;;;;;;
a465721e94ba354a73493acc87f381ef;;;;;;
a83e63d0598075102222277401115781;;;;;;
96c8feb409886b276d053df1b68a3613;;;;;;
82c6dc709e8fd5e77ad8f1a8c4ba07dd;;;;;;
b6a5f38622322b5448190e5718ca3144;;;;;;
5a6db5c242754dfe947116a265c4a53b;;;;;;
50f6a745fdcabc8249e8b30607417320;;;;;;
431a210b2a49317909958a3d009cf735;;;;;;
5d2612e09ad4332f0b11a568a9ebbebc;;;;;;
fdf007f63edf0d883fa0ee584f212382;;;;;;
1b5c9c252c0faf70ea300947548c6bfd;;;;;;
f05b261604eb99c697e287c6f3603d06;;;;;;
028684d9facd07d4ceb7dae24b46658e;;;;;;
749ec442a52a3d55a1c6d5536500caa2;;;;;;
702feaaaa2e9b15416f3e37ad33de35b;;;;;;
0133e993ae46bb16c2c5cbe389b98559;;;;;;
33114a61dc4eb2f8345b53b17f1eed37;;;;;;
be11a2bc37041107b3b65f221151a1da;;;;;;
e29c33deaba225863607b105c7d44802;;;;;;
69596f98070ea7e5e0444478015e25df;;;;;;
28062cb5b4e8bf344806c4cfc3d4e8cf;;;;;;
2c81ae32deff2489614df302185b5d7f;;;;;;
5504fff57b3f29b076a60d000b0abe50;;;;;;
ac1b1eb22bd23462b8a4752e99af9637;;;;;;
66a58665cf08671d24d00dbc797b0130;;;;;;
bb0aec44eb48e1b44726856ed8efb1ff;;;;;;
00f82822ae21996743e01ec6764d5f4c;;;;;;
5252e789bda3cd4a5469fb37a9a9ede3;;;;;;
1a1362826ac8e72ccd1d207788b6aaa0;;;;;;
84a96da8a175c2ed12c8bf7ab49e5e87;;;;;;
894271d06e6c53234be6b60bff539c29;;;;;;
d708a497e5fc10416376790a07e91671;;;;;;
af31e54b648d9321a5e4c21b6e086014;;;;;;
2a3ee4ea2a64aea0afd7bc1f36ccf216;;;;;;
760f221000f4984e964f751fc55fa4a4;;;;;;
4e99a4b171df89896f6b8e2d8aba7521;;;;;;
72045e817fa11cf2759576148dad1442;;;;;;
10c7ed467651320c14892d0b51ef0861;;;;;;
af77df6c232d8a64a3d5ed547b589f08;;;;;;
fb893516ed378853afeece2344515326;;;;;;
03fc1af20a734b72e866ac51f7804b85;;;;;;
6f3beceda45692e117bc7247edd095a4;;;;;;
4fc6fc3c786609ace4e2ac23d216e8b0;;;;;;
132013a105a13e163b4ce37661d01fc8;;;;;;
684982966e47bf9bd82bb347809895f9;;;;;;
f0a779efaeeb03201130e79f27e0badc;;;;;;
193f634ca55dfd35d9afdb46ff6a204e;;;;;;
f7cab2c13d2ad5d8e1a64bff1470117d;;;;;;
b40c7e3bffdceac87a861da4309531de;;;;;;
a39911d5def752f98d3df19e50e91d34;;;;;;
7ee67a1f6c6a42ef25bf2a71af1c688f;;;;;;
f4d09f9d44749e00f049d0c0b2fd38ce;;;;;;
d3a1761bbaa03112053a430790411684;;;;;;
865e4a0f8b9d0748a705782000a0de88;;;;;;
7f533a12dadca95b593b8d90fbb7b684;;;;;;
ca25b610c089d869739d4def92a6a948;;;;;;
8125dfe63e68cc49adb6827186432801;;;;;;
48460aabbda6b7eb5896b4e6cbfc3732;;;;;;
2a401c0a9f897e97cb7b563e6bbf7458;;;;;;
ca48b661b30fe21eeb2fd7ffe383a9d3;;;;;;
a3a2029a2ccae777cf222626e85efa94;;;;;;
38a39c53af1240d861d55cb55eca48d6;;;;;;
6391de78ee56e3ce2605462365ed3e33;;;;;;
80cd5dabdd495c99b01c78b6b5b76e8d;;;;;;
6ffa611a0be2c3502ecf93d1b90af126;;;;;;
46b175f837d6346c6c65773add4052ab;;;;;;
a96e0716397dc353fb6a81a410237206;;;;;;
ce31a0bd92349af9ba953e9e066ac5ab;;;;;;
7457e2e26d6ac02af3e34bf945793c21;;;;;;
29e7c150b5e57c7cc1a47797260f7b10;;;;;;
cfff879a34a990a41a16977744bd3cd9;;;;;;
7c5ee3118480f9185f9d35618f3d22d1;;;;;;
14eab3df2b72d61e364f1924edec0ee2;;;;;;
391ab48a6a4ef57692d83fea7540c3e0;;;;;;
fd621294033158ee4cb7929e3a829ede;;;;;;
451acaa249d4949a3ea4ad036fd0213a;;;;;;
885d292adbd2c42cc235ae5600df5ab7;;;;;;
62bd12f5f0f8881c93d45586b509804f;;;;;;
1160eeb7609a39de2384345ad0c3d0d9;;;;;;
4f85d2b1630fd239caae89dbb8e413cc;;;;;;
51e64dd307db4ae22d7feac3f17361fb;;;;;;
d81fcf1196f2bffb7ab914fe8b6eb75f;;;;;;
b971c52fca5cbfb0f284ebf8c5a71d4e;;;;;;
b40845f76bc652d13733816ddf24fda4;;;;;;
4ca8e6e7e7e08d83465ef95393e42528;;;;;;
a84e70064ad976899c877f40d919e1dd;;;;;;
08e3b6a00f3c77ed0496fef99ed746e0;;;;;;
01f746bb39d97280f6c348fba6f1496a;;;;;;
a32eb13683d1ec715f832b377aa58da6;;;;;;
3e9d045774bf6b392b8fbfcfc8ddb276;;;;;;
f182823c85365cabaa2a929ea0d80ac3;;;;;;
32032a98593f55a84c25ae7573347855;;;;;;
d1c1a0e0759c1e97bede94d7cad717a3;;;;;;
976a3dc864b9a125eac4857db8193159;;;;;;
09a12218a7077ef0d99d3116288510da;;;;;;
1ac68f57cab346a2474f8cdc5c2b6575;;;;;;
a315f36561a07a96f3af28fcbb217682;;;;;;
78defedb8b1af22d972ed3af006dddad;;;;;;
c0ce62fa45830c815a2792c643698e0f;;;;;;
ee1784b059e3ff70107bf44d20003004;;;;;;
5e942521b90a5e0775329cf4d5b2673c;;;;;;
89689b1cc75d6c3eb8939df73cf61217;;;;;;
dd2723b1fbab93c3e4a9a1536ad4f8b6;;;;;;
0c6a0ff1fc68302d1c6de10d893f10f1;;;;;;
de8680348df8b54ba1413af42615b59f;;;;;;
8f061f2601a8a395beaee3d1e03d31d0;;;;;;
2e9812bb4f52c0a0714f784640f1aac0;;;;;;
d1e742e855c9f5d865fa8c3442f3f607;;;;;;
578111c7cdc7ef612bfbf4957272fc8b;;;;;;
a3f95776e8378005244cc026294405fd;;;;;;
baea39d1bbc734e4bec3f4a68f295366;;;;;;
1e302dfd71f83297ca3a4e26aca2d6fc;;;;;;
89cf4db899475816b4fd2f677363f873;;;;;;
2d27d984fc98f35eeebbf89719bea8bf;;;;;;
3a592e6354e32b6dcdcdf4aeb7a9090b;;;;;;
5c4ccf48998626bf67e79d083e37c4d7;;;;;;
68f6e02a28fb1219b2ab71a6003749e6;;;;;;
0df8b4ebd3d8de7b106719526c2d30ee;;;;;;
740eb44b3e7eceee752e1cd644cb37e6;;;;;;
6d21130fb19ee0099252fe1e21d6132a;;;;;;
6626b52d0f880b8a299213be57f6fb98;;;;;;
c73a934ee513f8bdc46405d9ee5dccb1;;;;;;
51e61f4c87e819d2516bc1fb813d143e;;;;;;
35cc572f4814d1e4824c2da3ee1e3a9d;;;;;;
457a76182008e771743a109319584c41;;;;;;
ca12381db1eb0972215e189af92356f7;;;;;;
d641d2de3d96cba99ae8ffabfa661871;;;;;;
98e4fa3367060483b156d39716a13d9b;;;;;;
69a886785742c30e8d822f137902a17f;;;;;;
9a3b1af515b14841553ccece8db9e72e;;;;;;
d6dc3884e83873848a98c92d4ce2074f;;;;;;
173c0a57c8fcf36a705a73e8b20a3c55;;;;;;
91c63547e8862f4eb7aa2ec7dd321c18;;;;;;
763ad9bc5a4b66183cde4585006e1728;;;;;;
5261bb40d8ddae908643ae277dc9d1ab;;;;;;
49d646d93a750ce2543d93d9355588de;;;;;;
31f71bf1e722e4f5cb3403126053c484;;;;;;
59982c8f7e2f81f383aca6e800e4c0e5;;;;;;
55507839525dc4d6df13357b03602921;;;;;;
ad37da6821c60f5958151db399741d47;;;;;;
29f7d6ebb48c26fad9ae7035f68ec8ab;;;;;;
d75d80a2403a4c888dda40f463d3fe10;;;;;;
195615fe67965c3e1b54f9e161a84b1a;;;;;;
9e900b14295d7fb3fbbd6ff206940581;;;;;;
339b9d3df65f565afdd51de88793b964;;;;;;
6c60d0de161dd9869c2de9948786d1b4;;;;;;
a112010d3a0d12ad9ab7ec2717595453;;;;;;
f6b5b729cf421f9375488ab9eef32dd6;;;;;;
9fbd84a7a59c738c31147a4415972aea;;;;;;
a068a23fa3fd79c7e44db5907c981efe;;;;;;
2df33ddaabf69bd1c62d5bb4e8d26929;;;;;;
a12b7187fb49eb42563876bb3467884f;;;;;;
688a9a9c43b449336b3b91ebbd8b97cd;;;;;;
7830614ba0ccb07803a1ab5db8dfd921;;;;;;
f20114e2c357c90639b2d7dfacb9da19;;;;;;
7f3972bb1507f0efe7982c8349297cf7;;;;;;
f40755d072798446b8c5f3859c5d2995;;;;;;
731f94f292d0aa12435008566ebd28eb;;;;;;
984c333ab5ac09089f3b1a0c452322d8;;;;;;
d7c7c72f77c3e2d01d14888898785e2a;;;;;;
83b24d489452f7412a57d2fa40b084ed;;;;;;
c2691d49a9319d34332b590c9257c9ca;;;;;;
16ef8b53f180853c0e8589cda5288eee;;;;;;
74c4003fd0148f074095882a1db795be;;;;;;
0aca30bfc8fea4e7ee5223f4833a9566;;;;;;
d0e60680072a9603905c88ad20d52fca;;;;;;
d9de92fd0ddea41231aa963edcc61d3a;;;;;;
4710a309677fbe183214fe92230a4de4;;;;;;
84dc93ce1397964b44497853cc8237bb;;;;;;
dfabfc8527a36effafbb9bddbe386d4a;;;;;;
fa743c6d26cb2352eef1e1be6e5d9598;;;;;;
5cfaa1c89e9d73248761789aa68a792c;;;;;;
f22ff6838bd393096e91e0fd6019d901;;;;;;
c064e60e94e8c1de5167fc8bc503ba50;;;;;;
342aa412c204e26839f85075374c3089;;;;;;
fbde7c9ad538b6b386f899005d2f3dae;;;;;;
a4fb405b77fcbb83dffbe66561b3c491;;;;;;
da84e07cfbd4716cdfe6a43ef73f27fb;;;;;;
cca8e9dfea6fa8e37deda9b9c3d4a42c;;;;;;
7d172e0d8081d612fcd47de24ca55044;;;;;;
ca2aa643c645a6da8a4f594a00f615a9;;;;;;
b9eda1f9e8e0e8505fa3cfa738b64427;;;;;;
233dfe6c307bcc05583e9ce134acfcc9;;;;;;
54d5ca6a44a595b8a327e13615460022;;;;;;
3020139e1a3a32bf478787c73fecefec;;;;;;
8495ec6905bd2f269d0930ce57c1d79d;;;;;;
19ecaf9bf84fb562f491b640e936178d;;;;;;
623635fad474636fae808d6b406384ae;;;;;;
eb00c20ffa3689ef182b37e173f8b8aa;;;;;;
c79e32478a93a0786b5edfcf2e6c8f34;;;;;;
64c5be28b90c448ac3e0cb58c697256a;;;;;;
6a8291c503eeabb610695c9c7627c7b5;;;;;;
f6b92aa141fc5d80b7014170d017edbe;;;;;;
ecaf99d65628742000af108fe1328e42;;;;;;
65dd58d727e4a871af73e6e1acc8824e;;;;;;
83c54df98bf148c24b3ffbb01a51fa56;;;;;;
3f941e1ed3d7319620387d7685e3bc67;;;;;;
31f0db883b445d2f42d34a947e0b4afe;;;;;;
7a211a092e513d80d99e62bfe30e4f7d;;;;;;
a34fbda81f48d7d81c473641ea4ac9c6;;;;;;
ce800b259e6618ddb28b9160dcf94975;;;;;;
90100ac711f4950164561a91d6e27925;;;;;;
3ae3ddec00fd986b9d517d9a87a7d8c5;;;;;;
d9675c52dcc9ddf530b817eed934fcae;;;;;;
607b197e86d842b999f42b1c823d3ef2;;;;;;
152ed2be416ce4610321f13a944473ee;;;;;;
6a284f257577dfb775649af38f26f6d9;;;;;;
efd3c27022ee607475d7dd34ec9a2e4a;;;;;;
9b16364f90d7f3a093108700bd4e874b;;;;;;
f47adab1fc58047653e3d666ed21d701;;;;;;
47675e7572696627663d9f29151d13c1;;;;;;
586f75dec36ce409550c8590036117a0;;;;;;
176ffb6126bf7f71d45c23c2a625d957;;;;;;
1be50aeca57be49516ed06a5d4c4bdd7;;;;;;
4baae7e884e2a3c7b629b94670f78e8f;;;;;;
de869efc12960108bb2749456a447c1e;;;;;;
b374e0c724ee44cfa5d34724bcf2eea4;;;;;;
7a6db1b2c47792b5d3657ffedce5242a;;;;;;
7a2651b0195cc7824c6af851d5219bec;;;;;;
38b778ea47300b45fb36f90a6fde5bba;;;;;;
9c2bb44a70909fa530f340679f8423fb;;;;;;
f941c2738a5d8b7085b7bf362f326df0;;;;;;
404d0feda027238e879963a03f2aee48;;;;;;
d245c3ce53703d3a81003f1d968c3ee7;;;;;;
07efe91062e6239ad3864d1877cd8812;;;;;;
c8b2196d5c6f9a79c058117d0518ad7f;;;;;;
3a9b72e1865c47ae37079074811133f3;;;;;;
21ff06316f9ea38147c65a4a3465542d;;;;;;
9ddcc6a50e724fbfa0fa2e60af54abfd;;;;;;
584fec40c51987dc1934ae0dbbdc32b0;;;;;;
6388b50b49807f4d0dde7b7356b4aa27;;;;;;
159b507cc78f8cc72132dfe98f3671ad;;;;;;
747de0baef106da0f68743320b85ec81;;;;;;
d8054ae28922c75a14c69d38fd9c691d;;;;;;
e9c14c6845fc03a2a2922fd40bb533d3;;;;;;
f8a7f9edee2cc11e0d5c423597aa3ea0;;;;;;
61801e2a34e2fb8bdc8534fce41a6cf5;;;;;;
93f53dfc6dec2a47b6fcd7bb9d56a269;;;;;;
5340b606590464a1c8bb605cc9aec8e2;;;;;;
9e63d646bdfb2ce5795a39f6c8f456a7;;;;;;
1cd0dabbc280874cde57d00faf866af3;;;;;;
ad61870b6307c3b692a1178bdd34f8d8;;;;;;
f66b8fc284ae68046db510790504e051;;;;;;
c6ab1163fb7aad4eb117d00d8abc220b;;;;;;
9a358630ed1346508d27ce04d372d286;;;;;;
4330a046ff20d61e55fdcec03c330b3c;;;;;;
8b8d78291b120f9438015c24b45b40cc;;;;;;
c04f41cac2a1bc36e30ea1d64a1de703;;;;;;
ff98f26b899c4af2aefa8326e7129798;;;;;;
970402781b23177d0f541f201d85b41c;;;;;;
39cdaa1d69e3657200cdf9cbd5f825ae;;;;;;
76827868815ea44816141deb9f033531;;;;;;
b4a281b2dfbcc7e58facbcb410b7cec4;;;;;;
77c7ecc55b9236a0a869c3992443190c;;;;;;
53ca27ba45f6a7df7873792e67dc368c;;;;;;
61ca07779ef7524ad422995f934b9b0e;;;;;;
101c0b82c0bbb8db95e10a8e28d5a3f2;;;;;;
6f754c336ef3e6bc8fd98934bdeaa563;;;;;;
3d74e1df3f8b4fb2651b14ce8b19129f;;;;;;
24b7d945d9ea83467d0d3b01399f07d9;;;;;;
fe2d8586fa8c009ebe8cb227cb1acbbf;;;;;;
d3deb1b32b5e9e0f72bbdba72e30a129;;;;;;
86fcc532ed55fcebd61f4f5fc1f81932;;;;;;
8fe1d60f4f42ea351202297a5303c0cb;;;;;;
7fcf42885de39d6fd54e21eb3b26a707;;;;;;
3831ebc191eb7d98cba8ce2db11b9a38;;;;;;
9358854d266fbf87f582771f7193c04f;;;;;;
d570c64bfba21ed52245fba598c4e457;;;;;;
df11b80805bfed0002d7ce469e94d2df;;;;;;
ca592f86291889885f1fae49d94064e3;;;;;;
82a616bd730fdb655d2a5a435bf71b72;;;;;;
3d506628b3c8e8c5ad9376020fd91873;;;;;;
4de57ceeb2356dce53e6c1dfd8ab2011;;;;;;
e4a07975d1559818701afd83a1518955;;;;;;
fcb7862d23dbe383503399b4210e9580;;;;;;
e300ee0dcff178a6fc54550d8d05ec35;;;;;;
620dc3f42c48c8f9bad3500bc0e0a154;;;;;;
68c8c76ef3f649812b3f5da9762a7d90;;;;;;
c69b9f0255bb6bc7c152a4ead83c25b8;;;;;;
bde670bbce8a588ddf285253a4e36154;;;;;;
2eb48541e4820bc4dd41d2194b78f680;;;;;;
cef9a27cf0b061af106e9b9c08830719;;;;;;
b7de7f79b006a63e87bfb945f373909e;;;;;;
0c3877e8c4a560e824c34e9d7a626285;;;;;;
ae92528385103c029609d675cac8dddd;;;;;;
3f45d86f36ee296835ea0f995281d5a1;;;;;;
b08f65488ef6a530586feb3c4b56bbcb;;;;;;
e65f37ebf8e9f25aef1e084f123a904e;;;;;;
15ac8f64fd89ccec592852e7d1423c98;;;;;;
34376105081d08f9535c374667326785;;;;;;
0986c0aff70a67a7233e3fd0583bc252;;;;;;
d5b0846350cd16fa20ebe2560f61b3e9;;;;;;
0299759c490baaf33c084cc238da967b;;;;;;
bd984deeb950d0b6630711054a7a28cd;;;;;;
c4cf5568e8d6013f2e86c4f29be5a9a5;;;;;;
3f6c3a7fd825ab62273cd89bee5d9861;;;;;;
294d7db0493834550e1a7d2285474d20;;;;;;
81f1a165a5e492c3996ff0a3b55761cb;;;;;;
8595c4da0491b91c10b1d12f5ba3e2f4;;;;;;
66bab6f03f1ed84e74be777e3f519e6a;;;;;;
519e9ba8b12df5e7e875e573895b28b2;;;;;;
b4c8a4566cfe6329728f834e54dbc102;;;;;;
30021fd09c18a3edea4e4898224acdaa;;;;;;
af99f7fd994c0c1b9ad2790d6384033e;;;;;;
a1131504d8a08dff0d810d9be214bd12;;;;;;
e5239791a64fb6319863ef2a9e1b0333;;;;;;
c50675cea9207c91d3465fc76057001d;;;;;;
0e7a4b99685e96bd671edbaea4bf323b;;;;;;
d6eecfb41f6dbaa3a7ecef6a61070d5d;;;;;;
c746db39e4b4e8e445a6eb6056e1beb1;;;;;;
bd3eeae7cdf43b0930ed098fb144e768;;;;;;
5b773e9b77144a10fcffbede537d85cd;;;;;;
2e81f512009d3a41c3ec8054a432fb67;;;;;;
8cbf2f816bfbeb725dbb7cd21ea1fb0e;;;;;;
687755fcec78a8b4de82aa1f38118555;;;;;;
d1a79044fd2be9103e63d4ae1f06184f;;;;;;
cb3a7824ba22ab088f590baea25f955a;;;;;;
cf7e506b814711f406a8e7fb6ffb5a8a;;;;;;
85c66f816e78d0153641b680ff7f7003;;;;;;
ffdfd6fc16934bbd0f968379a6e552cb;;;;;;
ff27f2ced35d7c70b171173785c9ede5;;;;;;
44f6cef7588fb680e92abb6e9da4834c;;;;;;
e29e72471e1759b609639eabb123ae77;;;;;;
955c66d6c06be54d43243a3d8d704d9d;;;;;;
167b31215d66581f7c1d448bdbc69944;;;;;;
0fc2a18ab9f377d68de297215c3a4420;;;;;;
bc0847d39b5050b2431fed17cea018e6;;;;;;
847bf66b6821bd6f4d0f4ee28e83662f;;;;;;
a4886527a1c0c18d8ee9654164d3ca3a;;;;;;
1238aeb5941a51e0c18937a0d9ed7dc8;;;;;;
56b505a624b6b5f920de478c357f8827;;;;;;
f0d27d7bdf0c5eb7e25828873709d269;;;;;;
dcd326e0db321dfd1df4a850cb55c398;;;;;;
3ebff4b506bd2af63cb16c5a5fcd117b;;;;;;
085692facaec364f64f52ecd72b3a07e;;;;;;
1e4f7eee1df7c751751990336a2a5f16;;;;;;
cefaa1ee8bb365a46e8cbff854ee0702;;;;;;
a4b8bfa54b17840ec17198314ee31888;;;;;;
d68c5f3a99e920974bc28ee4f92de160;;;;;;
316b967fc225e2677957a3259da2bfb4;;;;;;
55613f9f38a5c9030ff3e2f81dc3bea2;;;;;;
14213e7568cfc279a7932dc64324817a;;;;;;
c67e9f5b8ceea9c5a276dd9a047eca8d;;;;;;
a9e2d6a34e3197fc1f9d83c008143dfe;;;;;;
67ce4162deedf49c9175c2b94c22ece1;;;;;;
6d3042965804b938ed68d4e71a28909f;;;;;;
b52fc3a2ec0aef9d6fff616dfb3565c2;;;;;;
dc9222510854a5440a73a452e5c514d9;;;;;;
6a366cb65aa647117d812ac8debaefaa;;;;;;
64724321aed6a402ebba2e0c7dc25b20;;;;;;
7987c53cd7ef151df1abca980dd31c21;;;;;;
8b2002960bc6e82f0f9e342bee6f365c;;;;;;
f0a815a08cdbd7e46e4e030402baef63;;;;;;
f08b6f4b6a684989b8fd5727415e8bc7;;;;;;
5ffbd6fa781004204fe9c3494ca93f21;;;;;;
631bc1a28b1f88701f5cbbe16fed913a;;;;;;
b6caa131e4d4541e8ddb2f7d3bbd6731;;;;;;
50a215cc50caad20da36b5d3e9837616;;;;;;
52ecbf5a7271dedb5924812370ae32b7;;;;;;
25455632cce1a89c4b793773369cd19b;;;;;;
b1af6f4b4c3a4e7ccbef22218026afa0;;;;;;
5d05f4c2ff3ee55915db87c187b16d21;;;;;;
4341ad437fad91bcf15a9731e88222fd;;;;;;
3f1f43af61ffdc6047d9d3ac477c04a1;;;;;;
3cccccfa2ac4fb38809a1a53d96f03f3;;;;;;
e591aec161dce7ee4316acb152834c0a;;;;;;
c16fcb2302b9e853e40559abb0c2b510;;;;;;
d6d213d4e51fab065e7723bb2ec28df5;;;;;;
bb88c71805704adf076bd3a471221db8;;;;;;
cc061749bbf8e2d5ba07a7b170c1dff8;;;;;;
f01fe9696faca516424526b89ca49d6d;;;;;;
b47e59e4b4d7114db2f67e7bcc98d6e1;;;;;;
aeaae4ae9083c37d4791bcd4d3f84fc6;;;;;;
84285c1ce1345ee653d85728bd83e6df;;;;;;
10535004aea5337acf8615bca725d7b4;;;;;;
f5eb6c865e6b767bcb4b94103b477c0a;;;;;;
57e869a7d85a2368a88a1ff0fbbf3485;;;;;;
97f2e267e1ac0edd6138dec9bf6315ff;;;;;;
0c954c39072a06a0f78691d031ca94df;;;;;;
4fd724af7e7b305346b96907ffb1fc2a;;;;;;
183e6d5f9d8a9792e97a8e48ac99407f;;;;;;
c9d4b5bf5e0341095f7b2d0484fa19e4;;;;;;
6ad270756816b91e6bdd5904d79001e8;;;;;;
5dc0d1a932eca92f4152fb32f200df74;;;;;;
999b62bce7d0212d0cf0c988bcf2a1d1;;;;;;
421c945477942e83fafba4b32f2b82bc;;;;;;
be2efb9ddcdd5df83fdf1f9593c7581c;;;;;;
befa915d11724aea527350298d552b7b;;;;;;
d8fd5121d16c23628ef0fb00a538b18e;;;;;;
87d3fd9a0434538b77621c2adb35dceb;;;;;;
c7288aa5efe783f3e1f6443d023e9eb5;;;;;;
d95adfd57f0f7f66f88c6eaad3bd6f40;;;;;;
2dc4d131fe4dad3d33330b8d0a240ee1;;;;;;
d495744a2bf4a7b3cf684a5675fe784a;;;;;;
e04ec95a19c35687c191de91d702cdce;;;;;;
3c4359aeab0e20a97d046cde3057fd0c;;;;;;
0c1b2748ede47b43f23b6affb53fe3ae;;;;;;
1dddbd9957ae1dfe0267500f03163dfe;;;;;;
67b26224c66d85e0e622a57da9308f24;;;;;;
d33b165dcdd1a0507f40b83d92e68537;;;;;;
ce943e32d850378875b41e2b1c21b578;;;;;;
adb3ddfd8d9f4ef636050ffbb590a667;;;;;;
b6315a93446c8044e79a47c6cbb5584e;;;;;;
22396aa86ad94b5abf05fb980a4f3ef5;;;;;;
044ca72d050205df1bd264ee0708fd5e;;;;;;
a425c323a5c0d0ad1ace085ed363ba12;;;;;;
92ea3db10fa066e568f0d6f8a8de466f;;;;;;
22eef96548dfe7344042215f9be3f96c;;;;;;
1d3f61360f6316e07086941e2b7b8beb;;;;;;
30f717262475dd7427974d86a4429c6e;;;;;;
bc3c4e5af78fa2633a0225d2ee445254;;;;;;
744105742b5fb8c1589e10092f51e007;;;;;;
c2c251577132a78d23e844b14507daaf;;;;;;
b16ec2d7672a2c3419b1b0983c7b7616;;;;;;
1073b0f5f178999771ea3caa20215bc3;;;;;;
c797b449f70c416ff57c7e5bc9a62243;;;;;;
7c5ba980d6b3c94ebbd09c7157910cc8;;;;;;
7b609a81e249d4e1729d43c8b1973d50;;;;;;
cdbafd75cd12137f6d8a31fcfeac5da5;;;;;;
64349e3f1ab2f6d6fe89453a466ebfb3;;;;;;
baac75b1d2fd39b7e28c993599121e6b;;;;;;
82b9d089d81aeb56298f1a366a932146;;;;;;
aa62a33c5d2aaba9cd0d7cceda2e7780;;;;;;
e4594df366c8098c70a77ca8173018b8;;;;;;
53b5230c1202b11efbc6eb4942fc0932;;;;;;
8253b092bafcf92af18e87a7d189cc09;;;;;;
b20a51dd41534b8b65be98aea347730d;;;;;;
5d57901970e65ed5452bfb04444526a8;;;;;;
db2422fde59ae390f1a246f048254a5d;;;;;;
e8e475dfa091b743deeda4718bde40b0;;;;;;
90acf50cc5e5a6c081b3e4af82258368;;;;;;
157af18e8d756e72c8e83c0e9a7a5ee1;;;;;;
401a76497e902113531f46aa2819748b;;;;;;
54a2646b77c1924cfe84fb27d0bda146;;;;;;
932f1510594af0e716f508661d6c688c;;;;;;
13eff5f31611d836d3fa327f025c0ff8;;;;;;
8ce7b9d0221da0fe75afb5ed7e16f1e9;;;;;;
ece0c0660da1267035b5d6ed64c06090;;;;;;
79ce88a13846ac41cdb8189c8a684e11;;;;;;
b19949663815865ca882a33cc632ef48;;;;;;
50c4b038b1482de0dbdeaba72ae36bbf;;;;;;
5bbc9d12223908c111316f3f15952982;;;;;;
650759eaec780445be807d4c3241b675;;;;;;
b15e427528500bd7fd762ed35567fe96;;;;;;
c2e59d45091505757935aee2b9e72d63;;;;;;
c9fc716a1f44515a3038041278cff06b;;;;;;
8a4a0540d8c02761065f4ab513884c12;;;;;;
201fe58466c3533abc7ad6576c5fae72;;;;;;
13c01c2f742560d9a6400d46b7b5d14b;;;;;;
3bd086e972077bd852919bde25083de4;;;;;;
b5b032de1e44b99c87661c14d5b69634;;;;;;
a3cf28c4c5a2feda2122d1cd72635033;;;;;;
1e0fd3ceb322c207c1e7bd6a0153dae6;;;;;;
40b92ed3741e7b850c44e2849272581e;;;;;;
d85511af6efff321a4e41304dcfb1f06;;;;;;
9bce7fa3ac17e3f420590e089cfb7541;;;;;;
2a86faea06b60a160a1505749c1b6d4a;;;;;;
abfd7cfcc7c1ccbfb3c40e8e6290a7d6;;;;;;
8ad9e64ed4703bddda31897e21d57af0;;;;;;
e05eded87cec4bb052866c89bbe6dee8;;;;;;
68d06b46687356ceee754d743aa11057;;;;;;
59c4f238c3fd69889b06e639beeeecf1;;;;;;
90fd2402090f329c19aab5f0db76203f;;;;;;
7d40011bd6d71867fe09beb3eb077466;;;;;;
e2cb3d02dceb968c6611bd3feb256c45;;;;;;
efed44e66e9cf469f8a5bbb254d37f8a;;;;;;
57ee8c4c2e03ad5ba63f90aa3299bd35;;;;;;
34ba6dbcc3677e21492e62a5cdbe58fc;;;;;;
18c8692a0a5693a25666292fc29b7202;;;;;;
cfbdffebc9ff7b6b1fbcdc15c00ab507;;;;;;
35f1377a637776dce0d11f491b09d761;;;;;;
6a342297fa55807edd42f3f52395ea8c;;;;;;
5f3e462d5cdac073cfd24ff5bd95e974;;;;;;
2ce7bef5585f7c08c01c5c35f9bdb934;;;;;;
57452f5f24a737781424ca8f5b3cba28;;;;;;
583bb0c7cd917c112085a4afb026ebd7;;;;;;
d15cf439a6b60dce3976d81866bcf11d;;;;;;
a14ed3e6508045be72c98029740aa057;;;;;;
bdd29e6bba95fd0837f233090f133d3e;;;;;;
4ec3bf24ece2439fcc7e38221b7b6323;;;;;;
3df335fd652c38f873fcd2d7506c9754;;;;;;
9a7876c7c0f058bd161831cd42351217;;;;;;
c63a17cbf17c22f4aa0633a39432e924;;;;;;
9355c1e5c15c3449516519267f68363d;;;;;;
05712643243912d5d0786f4405578d2d;;;;;;
a2e097043804c41c109df5e054f74ba4;;;;;;
b94085946d58e0d94709650bab77c8e0;;;;;;
54e9629525f9b35c387bbcb4097322bb;;;;;;
82986927e049fdcdfdfdba141dffe6dc;;;;;;
0fd09f4a77a1c5f20f0c965c4c6fbc3f;;;;;;
c846684a38d31f23dbecd71a6bfc1f90;;;;;;
32d0c9421deac8acbc920a8a36dfd4a0;;;;;;
41e8913a14209256f0120f5e9df27ff0;;;;;;
897bf937cfcf96b15d313276779f3d11;;;;;;
dc527ba3788aef728c06152927c547f3;;;;;;
794d6cbe6ddb23c987df7fb6365ca003;;;;;;
96e3140adcd63c0191b6e1b64a573a62;;;;;;
356912b28f4b6b3b15f01a08917d125c;;;;;;
242774dabbe4e606c9588ee4dea6ff78;;;;;;
430024b2853ff3a4d8232ce6f4ca0149;;;;;;
7887932556d873089245fe04f0ca5f58;;;;;;
a6ad0f6a6d7b0663b46b3ef88a73d58b;;;;;;
0bc16274000454ac531ec4c231321ddc;;;;;;
ff64c923b5a8629c6b5d6d7eb66dfc9b;;;;;;
0c5a68b4e51abf2b3b683125e2627365;;;;;;
5d92f185e8e82265587e326f0b280ed6;;;;;;
4afe59b6a73e4dcf2a7f784b2a1be0e1;;;;;;
c4f4bd30beef90b75f6525e0d473eab0;;;;;;
0ffeef1e1a53b4a623c82108d7b4d2f6;;;;;;
02527e4496a6f99944936269c5f8bc04;;;;;;
dfffa4dcb00f91eab47036f749129338;;;;;;
b61f1c9150f96736354c60095eb4be33;;;;;;
1b96eb983e58d141d9753d6a148506c0;;;;;;
957fa0122e18bb1af67ee53c9025416d;;;;;;
5847694b4928ae4a719220341c82d3dd;;;;;;
dd519fd6e228457cd3ebcb96e89b7c14;;;;;;
9c2eeb03344201a485a0fa745b8729fa;;;;;;
f735baace72fc756a941b4dffb4c58c2;;;;;;
7f2e71087fc4341f4d8df4f80e3e6163;;;;;;
77c44a24d3b1f25adee6f20d84840589;;;;;;
b7340d364d584f53d8ccdce3c385fa0f;;;;;;
81f8703f67ac1e59a8e1436f39e408e1;;;;;;
04a7425e741f86c656b5149cdb2b831c;;;;;;
2423a2ecf190b051bfb41db84413c844;;;;;;
9f6ad385f7bc71674575a1581edfe52e;;;;;;
04db57b0850f42e19907f0b2da042b1c;;;;;;
47aefb1a90d5c3bda3f8b8df8015b832;;;;;;
d6848a908355fb83f76feccb4e76852b;;;;;;
b8f0f177488aa87cd01e1f2b9760d104;;;;;;
eb50bb075035790875d9b64272a2c014;;;;;;
c6142bb20c8927f8bfdac122bc32488b;;;;;;
f90ae670b8f3ac3cb42bf2f6a6956b9d;;;;;;
83ba4bea8e0f62afe727bf401fff59b7;;;;;;
14353a853e51f723f3ad04f6b5dc0659;;;;;;
2776de68606e1fe6cd6317424cd20f48;;;;;;
25991a5b6c726738ee5842424b69cc1c;;;;;;
5ca216091193c7e9de6c7623a9af129a;;;;;;
aaf37500d6663146a143c53465cc3907;;;;;;
6a05a219cba543ab1823aeb0f1e8e91a;;;;;;
5f09baa31864be6dc1bc0e71084ec8b7;;;;;;
f88f974fccf3e652c40e60c2c7ba0f35;;;;;;
4874ea248e7f60cda181ae1e468a7c1e;;;;;;
1e9390c12d69122f5f50effdbea4d338;;;;;;
4f261bfbd2cdd22ad61d57fbc00ce8b9;;;;;;
601c25ab02cd733d8661ebd0f9ea6f9c;;;;;;
7be784f76adb1ea486f14495e197e9b5;;;;;;
10c99dd562861410b82516ecc66b4f76;;;;;;
d60ee08dd9a05d82a3e807b3fab49770;;;;;;
d1b6990ad7ad2fa687f6110a8d541fb1;;;;;;
0dee0955aeb673bef885707ea55250ec;;;;;;
f34698e0643b076eb4a58c1049dc6158;;;;;;
fcd662d8ae481a85636e7b2ed6414219;;;;;;
56d372eb47a4439716e63838338b0351;;;;;;
652488f2e03e2526d6a72d8e23874129;;;;;;
5b2974170ed412e329e9094845bf1dcb;;;;;;
93dd400d765fcf971bf61327c0f90bd2;;;;;;
aeb735d6e9fc33c70e86971237d06ea6;;;;;;
44b1f34e1756cca9bfcc946f7e09e976;;;;;;
2ebd9aa51c525519e9b725d246a2d204;;;;;;
c6c69afd3469e6ed811f07629f160b05;;;;;;
9128ac006a4fb8725da7c75c2cac8232;;;;;;
0e451bf901ca7fa38646fc2ca6dbbbcc;;;;;;
18f3e1a13f9de4275df1377957c2924e;;;;;;
50763a097deb92835d8a307326481c36;;;;;;
a7b968cd3d2272e3c3909642c1762b8d;;;;;;
fa75f0717d892ab7bd3eb0c32cf1879a;;;;;;
df3b71bf78e5034c6bf7f6a7487e1d0a;;;;;;
328f1ce628793432594d920a38acafb1;;;;;;
e4bb7aa91e7f7768856416d1583c3dc8;;;;;;
bc87b0bc541c28aac0b9def29bc7718f;;;;;;
ef11751c0fde72d3fa544966dfbd4114;;;;;;
0e78804815e1e8507dad1f71b6dc6db7;;;;;;
15e888785f35d48695d41927c0025c10;;;;;;
52df13fcf3bd9d0b9e16e309c2888008;;;;;;
4f3ef034f4dd6b123391620b81e68322;;;;;;
8543770188739bd435d23307111e5337;;;;;;
6165723f50fbf9a3d5b26eaf040accdb;;;;;;
6cfbb66f207c7fbab3a3973bca32fec1;;;;;;
f44997be39281147b3d7518fdfe4e8f1;;;;;;
72d477f5a3de43cf3ac4d507d7df5fec;;;;;;
9848fd4c4fc92585b42ddb22f1f2e8f1;;;;;;
1952a4b220b305bc5db3d319b173ceb5;;;;;;
044f5584d3e90c697b3c7d1b545fc854;;;;;;
5fdff5283aca17a4e60c40f333d4d1ff;;;;;;
b6b45c4652b1dff844496b6baf3911a6;;;;;;
d697ccbdb404e7dcdef44c838ba5046c;;;;;;
2ec707acaa023bd1fe8e6c1942c7830e;;;;;;
a9f5d638dac917cfc8670458145782df;;;;;;
e425f239b49049d3f219f60e8ad2e54b;;;;;;
4fca1d133f50db284014273b6c19e890;;;;;;
d8f6f1cc22c130803aac4720902a9058;;;;;;
1df8e86e60f0bf12125f8145c3becdbb;;;;;;
1038da04dd223fcb28f04fc6000edac1;;;;;;
6af0a9382e4f0beb5fb4922bdc79ed8f;;;;;;
693fcf49f3ce90dfed199aa509af06d2;;;;;;
f8ef0840eeda7a3adfb8d4486635d6c9;;;;;;
76d96ee533b8395e2ebe1b144ea82b08;;;;;;
7f3eecd58493bcd6f95b4b03321b826b;;;;;;
e9dbd78e8395f6ce86d1c7642a38f272;;;;;;
5984ed9b00389c7a92e676abf337293f;;;;;;
f63e762c73561153da4960dda73e1173;;;;;;
4f4bb6b9410b2b81966b7a8cabeeec31;;;;;;
af71e6d9f284519787487f1402ba8db7;;;;;;
f66ebd35c38f5c6f03ae4b372ca8b597;;;;;;
5d947f89acd3b208482d3c86843a5573;;;;;;
60d8d37f599fc81b64f9a901551e4f58;;;;;;
70326450d12ea4c72a4eb56fd9341ccc;;;;;;
ca182b27dc5be555104fd7fb9fe72c91;;;;;;
1f1d0d77a7b42449dbecfe4a74740a05;;;;;;
4bcdb0566ea6e7d76468c103f4796007;;;;;;
4ff5770f2ef8577b6cc9207492ca492b;;;;;;
74f778a461a75aae4d236954f7e1e48a;;;;;;
7a85705a5cb1bbb4e2b8904cc0b0cefd;;;;;;
504cdb26596ea4949c817f9075d8f62b;;;;;;
3623031cf29d6b3d26446b2012fb4195;;;;;;
414418cc6c78d8394b6fa1cdc0ce7ae7;;;;;;
2fe3604040cb09fda0fd65cc6057c79c;;;;;;
1296104d3188f80037e7ae52921c866f;;;;;;
eb18d616fcd45531fa7ff286fe5dd14e;;;;;;
81fed9fce5f409b48d4972c6da40b9ff;;;;;;
1c2d90c99244c305403f979023d5a491;;;;;;
9e306d8da5eada7c907329391d65601a;;;;;;
40dc2970c8aba55565595df7ae7346fb;;;;;;
4063a49d1f5c45159c706af992a4c5a2;;;;;;
67f155b7504fd9eef556333d2c22de0d;;;;;;
acd6749c7056213aa528fa2104b59fcb;;;;;;
6be6c1239fc6b6c8e8ec7f4eb4e27125;;;;;;
4270d48d842f776948e1778555347efd;;;;;;
4b36019bd67a84d89855fe5ded29c372;;;;;;
f8580a7caa500c3acaa628ce5217d09d;;;;;;
f799d8b0316235ec3c481db124de0b6a;;;;;;
c0e9383eb76ef7d5cdbdde9bb6bb1bb8;;;;;;
526d71c17e479c874c580ad35203386c;;;;;;
536a0d563c0b09f5920f9ad69ecd55fb;;;;;;
0b718bf9413ca3cf88196850a0a4ee2e;;;;;;
0d58490dbdfe27de0da66dec9f4ba3cf;;;;;;
a79953f707118a39f0f4ba50b3ddb0fa;;;;;;
139b4eb654cd8b7500c89fd0dfacad1f;;;;;;
0a532274a1a8cffbbb6eb828f1059067;;;;;;
c0b969d87ee759f147a960f640a5fd14;;;;;;
7efa0b49649a3e3b2704328082d739f2;;;;;;
af5ff773944f28593efcc5466b103efe;;;;;;
9cc8e71093cb758bbfd70fe7d4332dc9;;;;;;
4024a5cf53ea3aa2f6e8ac6db4625b8e;;;;;;
4a61582835b5ce8c6ffdb903be36e4a2;;;;;;
9987861be56993beb8bcfea14d26e78a;;;;;;
e511bf009e19b21e625c6f7c12196b93;;;;;;
769ae8540709dadeb899e0bc5b81b4a3;;;;;;
b222b9eb98641a7dee5b2e3d4fca7495;;;;;;
5dda3fb4cee2b1729499e44d07422b47;;;;;;
f8e15014ff0bbc8336502dc96163e35a;;;;;;
d6e45666b66cc7d2fb42feb42bfea41d;;;;;;
a6488066fd28655a86f27688d4593977;;;;;;
0368f66a0081ff22cef11a9a0c8ed31b;;;;;;
1fb13f1d25bbfa3f198ca647b976aa62;;;;;;
e27698fc28793f4bbf478d95f1f60123;;;;;;
72db1240b076d492975b9cadeee2c6fa;;;;;;
1a150974392f5f422d4acec688680dac;;;;;;
881793ed01101c753b550b8934182f6e;;;;;;
59435d14343577ce6571e54275621add;;;;;;
f77410cdeea509b931aa904ea926e690;;;;;;
cf91b12fe5baf633b5077b3ba10bd01a;;;;;;
11d5d707cbf48abddac43bde2af40eb2;;;;;;
f5b612768cdca35f153e335b9833a517;;;;;;
208660404d2b46ddbf2fdfeb03df73b4;;;;;;
5677b87228a30ccf6c4a9402dd3d4c1e;;;;;;
621e43ee7f142511aabbeffdc9257b86;;;;;;
5dd0237f07daabf42faeabbc560dc991;;;;;;
ac8a2b63488523072aeb39216ca08a36;;;;;;
ab744fa57f4e0d1597562c13519de2ca;;;;;;
41933e19c666d5cefa2734c3b43a9bfc;;;;;;
1d4ff0847312bde6b65d24ca7d536dc7;;;;;;
faa03564cefc9165120d2c2162870818;;;;;;
a8c342c1ca442151696d7a5bad3c6580;;;;;;
a3215a7099f8e43dc76e4461af0bd538;;;;;;
16a7ea153099ff8386a513678b523271;;;;;;
18ab7e2a9bea2ef3b499a6418a255217;;;;;;
221a0f6f26cafca513748cbf72ab0ba1;;;;;;
db7c6d9b76bb4f89e43ae886776278c7;;;;;;
8a7f25ea7be2c839db9651b8cef8dfa9;;;;;;
c1703310bef6264c169d2b8f2d825f5b;;;;;;
64adee3060ea77028f5e04e754e98711;;;;;;
68fdc93d40b12a54fe5503dea57ce2ce;;;;;;
a412cbbab1548b4e8dfed8345e309bec;;;;;;
f767318b43d60ef176b0640ab8ee1997;;;;;;
36faf08869e77e2e29f333c79bf14cd8;;;;;;
64fa98d117d4fa02d7867c918cdf6d8c;;;;;;
84fd4c5cc6905d02cac99830c758f7d7;;;;;;
85ae6d43f6badb01dff689cac5652167;;;;;;
2e19179abdef975720a059c9f31e1569;;;;;;
d9905b0360bcd27cf95579fa81e389e5;;;;;;
6dedd182d4760b771924a23580c3e4a8;;;;;;
382af11d393986ce1b83399e72ed78a8;;;;;;
0a6fd26d78cf21575aafb96e75e96044;;;;;;
3e850c5d8eea66f0db2328cb9fe9842f;;;;;;
d57e0e57ed15d4fa904e38dcb3cc43de;;;;;;
4e92181c803c46ae51ddcd90dcbce68f;;;;;;
c768da63b1e995b1c0f7c50701662ca6;;;;;;
bfe3fad2cb65c4f27fac0b3dff91eee9;;;;;;
d965dcb4b643309e7f11353135774fac;;;;;;
c6e5a15ea21d0b9c146fe0c1d4a8cbe1;;;;;;
b5b49128e75b42e3999783008a88ffe4;;;;;;
3e3de3a902d8984db16e21773803f9e0;;;;;;
870041c9ddf2052b6801e208a82415b8;;;;;;
ea91bb26ef5dbe4961e8815bdc0572e2;;;;;;
b06c6e85d550cad11f7f1073bb0e68bb;;;;;;
45d3389ae476b707e91955ab8fdcd8a5;;;;;;
104119b54c9d30cf063520b5f6009279;;;;;;
6a297d75c04512245fd00e9e216d7403;;;;;;
a128694ce50e3b383ba7750d7abac0f9;;;;;;
e6c78818ecbc08f4223892a611580717;;;;;;
57820091fe9de015bf0bfc062bf38987;;;;;;
5a15e92013b678d3160be30bb39e04bd;;;;;;
eb3597f8ba43e01160ac93e146589890;;;;;;
9b55072d1bd25e00b9d91ef1fd13e7ec;;;;;;
3d80aa0b0cdac561a9b5eebdf92483f3;;;;;;
205df668a1995e7c06700babf7a9c065;;;;;;
1a52604e7c759098d847e29e5defd6df;;;;;;
19276b646ec031e576eb3c5fe7b7982f;;;;;;
fdb75c8fa53814c8bc6485567aed16a7;;;;;;
705f7704afd6f6c153f11fcf981d09b7;;;;;;
8a8e9343226b796eeec3a01931bca207;;;;;;
df7ca6fdd42f6b329373310f508234c0;;;;;;
40f3a6f511150bb8adfc805324b65017;;;;;;
d3be1bb406e53ddb21e6d9ae1225738c;;;;;;
04ad1a6ccaf32f14b481a75b65d7b651;;;;;;
7b2eff417404c9a51c7a81612e96ba2a;;;;;;
0ccc67a8b1d276eb6cd9eb9d7d2c1b56;;;;;;
9c0469414e300704256f2378476a140d;;;;;;
71ae1b1e8ac721f6721559a832f9432f;;;;;;
1815b93f806e1fe8a6ce4949474be165;;;;;;
44d295e9741af48b41258a4a57198522;;;;;;
0b87f1297fe99bd7f19898d46dca844d;;;;;;
62740ad261b4573fee8b7cbb7034275f;;;;;;
bf98e7cc1c675ee6d56e82700da16f5c;;;;;;
703be31214dcc18ad247eb81778b9743;;;;;;
465e0ec7c99d7c65bb9dbc92fff6c71c;;;;;;
1d05223d682d3c5b5adee81840c5ed5e;;;;;;
89c9ee8d04d8f833c7e7c72ef5430111;;;;;;
8cdca5d1cdc2b2e72e6b758c54d36d91;;;;;;
5d5de1dd805b13ad1f3f7b4e42738fb2;;;;;;
920be46edea53c6114eec0d076cd7c8b;;;;;;
acc402f658a788c589d51d5a50879cdb;;;;;;
5110e8e96bffbba39267fcbb34b65fc3;;;;;;
d9a115532cd5d03a874f6d67e71128f7;;;;;;
60a7dfabeea8f5ee0bc303ecf216489e;;;;;;
9d3042d94430467f219e47aec70884bf;;;;;;
6e95f11bcd7bbb4f071c1bd0eb7cf353;;;;;;
48b28ab419aceee46bc4d627d60cd3df;;;;;;
b7559f62ed7be689e850b3e55e80a595;;;;;;
13e71f907a51caac70b4fa8c8bd3dd7f;;;;;;
a81c70c8688b08c6f0a5a752ca73e42c;;;;;;
c4dd6af0132b4cc7e262158051fe013c;;;;;;
1bb0e1cf742d73be18e6cf73b589702a;;;;;;
9b0033a3047adf67589efad95b6fbcd8;;;;;;
b7963ce26790c218ea9d3e852291f164;;;;;;
8bf58d6a97e14dc45c4d353b69fd7de0;;;;;;
f2c926b2213b02e36ba94c9f3ccc1ae9;;;;;;
83a4895fd7f81fb1110c4d6e0d299da5;;;;;;
6818db0f810321c1a8637507a8d7886d;;;;;;
c7d5ec317b9fe9fc2f5ba3fa12bbbeaf;;;;;;
f1f6e85eff5d6beeed4138a45acfac4e;;;;;;
5590c7d3f69759ae2100a87231c6c3a4;;;;;;
91912cd269e1e9b17388f26f2463629b;;;;;;
79085063d7583f337a79c03ad22131b1;;;;;;
bdc3fab7c7e71d3b11d61bf652adf0ef;;;;;;
